Year,Salary Cap,Salary Cap (2019 USD),Minimum Salary ,Team,Team ID,Tm,State/Province,Conference,Division,Wins,Losses,Win Percentage,PS/G,PA/G,SRS,Player Name,Pos,Age,Salary (USD),Adjusted Salary (2019 USD),G,GS,MP,FG,FGA,FG%,3P,3PA,3P%,2P,2PA,2P%,eFG%,FT,FTA,FT%,ORB,DRB,TRB,AST,STL,BLK,TOV,PF,PTS,MP,PER,TS%,3PAr,FTr,ORB%,DRB%,TRB%,AST%,STL%,BLK%,TOV%,USG%,OWS,DWS,WS,WS/48,OBPM,DBPM,BPM,VORP
2018/2019,101869000,101869000,838464,Oklahoma City Thunder,21,OKC,Oklahoma,West,Northwest,49,33,0.598,114.5,111.1,3.56,Alex Abrines,SG,25,3667645,3728105,31,2,19,1.8,5.1,0.357,1.3,4.1,0.323,0.5,1,0.5,0.487,0.4,0.4,0.923,0.2,1.4,1.5,0.6,0.5,0.2,0.5,1.7,5.3,588,6.3,0.507,0.809,0.083,0.9,7.8,4.2,4.3,1.3,0.9,7.9,12.2,0.1,0.6,0.6,0.053,-2.4,-0.9,-3.4,-0.2
2018/2019,101869000,101869000,838464,Phoenix Suns,24,PHO,Arizona,West,Pacific,19,63,0.232,107.5,116.8,-8.61,Quincy Acy,PF,28,213948,217474,10,0,12.3,0.4,1.8,0.222,0.2,1.5,0.133,0.2,0.3,0.667,0.278,0.7,1,0.7,0.3,2.2,2.5,0.8,0.1,0.4,0.4,2.4,1.7,123,2.9,0.379,0.833,0.556,2.7,20.1,11.3,8.2,0.4,2.7,15.2,9.2,-0.1,0,-0.1,-0.022,-5.7,-0.3,-5.9,-0.1
2018/2019,101869000,101869000,838464,Atlanta Hawks,1,ATL,Georgia,East,Southeast,29,53,0.354,113.3,119.4,-6.06,Jaylen Adams,PG,22,236854,240758,34,1,12.6,1.1,3.2,0.345,0.7,2.2,0.338,0.4,1.1,0.361,0.459,0.2,0.3,0.778,0.3,1.4,1.8,1.9,0.4,0.1,0.8,1.3,3.2,428,7.6,0.474,0.673,0.082,2.6,12.3,7.4,19.8,1.5,1,19.7,13.5,-0.1,0.2,0.1,0.011,-3.1,-1.3,-4.4,-0.3
2018/2019,101869000,101869000,838464,Oklahoma City Thunder,21,OKC,Oklahoma,West,Northwest,49,33,0.598,114.5,111.1,3.56,Steven Adams,C,25,24157304,24555533,80,80,33.4,6,10.1,0.595,0,0,0,6,10.1,0.596,0.595,1.8,3.7,0.5,4.9,4.6,9.5,1.6,1.5,1,1.7,2.6,13.9,2669,18.5,0.591,0.002,0.361,14.7,14.8,14.7,6.6,2,2.4,12.6,16.4,5.1,4,9.1,0.163,0.6,2.1,2.7,3.2
2018/2019,101869000,101869000,838464,Miami Heat,16,MIA,Florida,East,Southeast,39,43,0.476,105.7,105.9,-0.45,Bam Adebayo,C,21,2955840,3004566,82,28,23.3,3.4,5.9,0.576,0,0.2,0.2,3.4,5.7,0.588,0.579,2,2.8,0.735,2,5.3,7.3,2.2,0.9,0.8,1.5,2.5,8.9,1913,17.9,0.623,0.031,0.465,9.2,24,16.6,14.2,1.8,3,17.1,15.8,3.4,3.4,6.8,0.171,-0.6,3.6,3,2.4
2018/2019,101869000,101869000,838464,Cleveland Cavaliers,6,CLE,Ohio,East,Central,19,63,0.232,104.5,114.1,-9.39,Deng Adel,SF,21,77250,78523,19,3,10.2,0.6,1.9,0.306,0.3,1.2,0.261,0.3,0.7,0.385,0.389,0.2,0.2,1,0.2,0.8,1,0.3,0.1,0.2,0.3,0.7,1.7,194,2.7,0.424,0.639,0.111,1.6,9.6,5.4,3.4,0.3,1.8,13.7,9.9,-0.2,0,-0.2,-0.054,-5.3,-2,-7.3,-0.3
2018/2019,101869000,101869000,838464,Denver Nuggets,8,DEN,Colorado,West,Northwest,54,28,0.659,110.7,106.7,4.19,DeVaughn Akoon-Purcell,SG,25,77250,78523,7,0,3.1,0.4,1.4,0.3,0,0.6,0,0.4,0.9,0.5,0.3,0.1,0.3,0.5,0.1,0.4,0.6,0.9,0.3,0,0.3,0.6,1,22,8.2,0.322,0.4,0.2,4.9,14.8,9.8,37.1,4.5,0,15.5,25,-0.1,0,0,-0.051,-4.4,0.8,-3.6,0
2018/2019,101869000,101869000,838464,San Antonio Spurs,27,SAS,Texas,West,Southwest,48,34,0.585,111.7,110,1.8,LaMarcus Aldridge,C,33,22347015,22715402,81,81,33.2,8.4,16.3,0.519,0.1,0.5,0.238,8.3,15.8,0.528,0.522,4.3,5.1,0.847,3.1,6.1,9.2,2.4,0.5,1.3,1.8,2.2,21.3,2687,22.9,0.576,0.032,0.312,10.3,19.8,15.1,11.6,0.8,3.4,8.8,26.9,6.4,2.9,9.3,0.167,1.2,0.5,1.6,2.5
2018/2019,101869000,101869000,838464,Chicago Bulls,5,CHI,Illinois,East,Central,22,60,0.268,104.9,113.4,-8.32,Rawle Alkins,SG,21,77250,78523,10,1,12,1.3,3.9,0.333,0.3,1.2,0.25,1,2.7,0.37,0.372,0.8,1.2,0.667,1.1,1.5,2.6,1.3,0.1,0,0.8,0.7,3.7,120,8.1,0.418,0.308,0.308,9.9,13.7,11.8,15.2,0.4,0,15.3,19,-0.1,0,-0.1,-0.042,-4.1,-2.5,-6.5,-0.1
2018/2019,101869000,101869000,838464,Utah Jazz,29,UTA,Utah,West,Northwest,50,32,0.61,111.7,106.5,5.28,Grayson Allen,SG,23,2076960,2111198,38,2,10.9,1.8,4.7,0.376,0.8,2.6,0.323,0.9,2.1,0.443,0.466,1.2,1.6,0.75,0.1,0.5,0.6,0.7,0.2,0.2,0.9,1.2,5.6,416,7.5,0.516,0.556,0.337,0.8,5.1,3,8.9,0.7,1.1,13.9,24.4,-0.4,0.4,0,0.002,-3.7,-3.1,-6.8,-0.5
2018/2019,101869000,101869000,838464,Brooklyn Nets,3,BRK,New York,East,Atlantic,42,40,0.512,112.2,112.3,-0.4,Jarrett Allen,C,20,2034120,2067652,80,80,26.2,4.2,7.1,0.59,0.1,0.6,0.133,4.1,6.5,0.629,0.595,2.5,3.5,0.709,2.4,6,8.4,1.4,0.5,1.5,1.3,2.3,10.9,2096,18.5,0.632,0.079,0.489,9.6,24,16.8,7.9,1,4.5,13,15.9,4.4,3.3,7.6,0.175,-0.7,3.2,2.5,2.4
2018/2019,101869000,101869000,838464,New York Knicks,20,NYK,New York,East,Atlantic,17,65,0.207,104.6,113.8,-8.93,Kadeem Allen,SG,26,77250,78523,19,1,21.9,3.4,7.4,0.461,0.9,1.9,0.472,2.5,5.5,0.457,0.521,2.2,2.8,0.778,0.4,2.3,2.7,4,0.8,0.2,1.4,2.4,9.9,416,16.2,0.574,0.255,0.383,2,11.1,6.4,28.7,1.9,0.8,13.6,19.6,0.7,0.2,1,0.111,0.5,-1.6,-1.1,0.1
2018/2019,101869000,101869000,838464,Portland Trail Blazers,25,POR,Oregon,West,Northwest,53,29,0.646,114.7,110.5,4.43,Al-Farouq Aminu,PF,28,6957105,7071791,81,81,28.3,3.2,7.3,0.433,1.2,3.5,0.343,2,3.9,0.514,0.514,1.9,2.1,0.867,1.4,6.1,7.5,1.3,0.8,0.4,0.9,1.8,9.4,2292,13.2,0.568,0.472,0.292,5.3,22.6,14.2,6,1.4,1.2,9.7,13.7,3,2.8,5.8,0.121,0.1,0.8,0.9,1.7
2018/2019,101869000,101869000,838464,Atlanta Hawks,1,ATL,Georgia,East,Southeast,29,53,0.354,113.3,119.4,-6.06,Justin Anderson,SF,25,2516047,2557523,48,4,9.6,1.3,3.3,0.408,0.5,1.6,0.312,0.8,1.7,0.5,0.484,0.5,0.7,0.743,0.5,1.3,1.8,0.5,0.5,0.3,0.5,1,3.7,463,11.2,0.516,0.49,0.223,5.3,13.9,9.5,6.9,2.2,2.4,11.8,17.2,0.1,0.4,0.4,0.043,-2.6,-0.7,-3.2,-0.1
2018/2019,101869000,101869000,838464,Memphis Grizzlies,15,MEM,Tennessee,West,Southwest,33,49,0.402,103.5,106.1,-2.08,Kyle Anderson,SF,25,8641000,8783445,43,40,29.8,3.5,6.4,0.543,0.2,0.8,0.265,3.3,5.6,0.583,0.56,0.9,1.5,0.578,1.1,4.7,5.8,3,1.3,0.9,1.3,2.6,8,1281,12.8,0.569,0.123,0.232,4.1,18.1,11,15,2.1,2.7,16,12.6,0.8,1.8,2.7,0.1,-2.1,3.3,1.2,1
2018/2019,101869000,101869000,838464,#N/A,#N/A,TOT,#N/A,#N/A,#N/A,#N/A,#N/A,#N/A,#N/A,#N/A,#N/A,Ryan Anderson,PF,30,20421546,20758192,25,8,12.9,0.8,2.8,0.304,0.4,1.6,0.225,0.5,1.2,0.414,0.37,0.5,0.6,0.75,0.7,1.4,2.2,0.8,0.2,0,0.6,1,2.5,322,4.6,0.414,0.58,0.232,6.1,12.5,9.2,7.8,0.6,0.3,15.5,12,-0.3,0,-0.2,-0.035,-4.5,-2,-6.4,-0.4
2018/2019,101869000,101869000,838464,Phoenix Suns,24,PHO,Arizona,West,Pacific,19,63,0.232,107.5,116.8,-8.61,Ryan Anderson,PF,30,20421546,20758192,15,8,18.5,1.3,4,0.317,0.5,2.3,0.206,0.8,1.7,0.462,0.375,0.7,0.9,0.786,0.9,2.1,3,1.1,0.2,0.1,0.8,1.5,3.7,278,4.6,0.423,0.567,0.233,5.5,12.5,9,8.1,0.5,0.3,15.4,12.1,-0.2,0,-0.2,-0.039,-4.4,-2.1,-6.5,-0.3
2018/2019,101869000,101869000,838464,Miami Heat,16,MIA,Florida,East,Southeast,39,43,0.476,105.7,105.9,-0.45,Ryan Anderson,PF,30,20421546,20758192,10,0,4.4,0.2,0.9,0.222,0.2,0.6,0.333,0,0.3,0,0.333,0.1,0.2,0.5,0.4,0.5,0.9,0.2,0.1,0,0.2,0.2,0.7,44,4.5,0.354,0.667,0.222,9.7,12.1,10.9,5.8,1.1,0,16.8,11.6,0,0,0,-0.009,-4.9,-0.8,-5.8,0
2018/2019,101869000,101869000,838464,Indiana Pacers,12,IND,Indiana,East,Central,48,34,0.585,108,104.7,2.76,Ike Anigbogu,C,20,1349383,1371627,3,0,2,0,1,0,0,0,,0,1,0,0,0,0,,0.3,0.7,1,0.3,0,0.3,0.3,0,0,6,-6,0,0,0,18.9,36.2,27.7,19.4,0,14.8,25,29.1,-0.1,0,-0.1,-0.48,-22.5,8.5,-14,0
2018/2019,101869000,101869000,838464,Milwaukee Bucks,17,MIL,Wisconsin,East,Central,60,22,0.732,118.1,109.3,8.04,Giannis Antetokounmpo,PF,24,24157304,24555533,72,72,32.8,10,17.3,0.578,0.7,2.8,0.256,9.3,14.5,0.641,0.599,6.9,9.5,0.729,2.2,10.3,12.5,5.9,1.3,1.5,3.7,3.2,27.7,2358,30.9,0.644,0.163,0.55,7.3,30,19.3,30.3,1.8,3.9,14.8,32.3,8.9,5.5,14.4,0.292,5.7,5,10.8,7.6
2018/2019,101869000,101869000,838464,Dallas Mavericks,7,DAL,Texas,West,Southwest,33,49,0.402,108.9,110.1,-0.87,Kostas Antetokounmpo,PF,21,77250,78523,2,0,5.5,0,1.5,0,0,0,,0,1.5,0,0,1,2,0.5,0,0.5,0.5,0,1,0,0.5,0,1,11,-0.9,0.21,0,1.333,0,9.7,4.9,0,8.8,0,17.4,22.5,-0.1,0,-0.1,-0.247,-15.9,2.7,-13.3,0
2018/2019,101869000,101869000,838464,Houston Rockets,11,HOU,Texas,West,Southwest,53,29,0.646,113.9,109.1,4.96,Carmelo Anthony,PF,34,2393887,2433349,10,2,29.4,4.9,12.1,0.405,2.1,6.4,0.328,2.8,5.7,0.491,0.492,1.5,2.2,0.682,0.9,4.5,5.4,0.5,0.4,0.7,0.8,3.2,13.4,294,10.9,0.513,0.529,0.182,3.3,17.3,10.2,2.6,0.7,2,5.8,20.5,0.1,0.2,0.3,0.048,-3.1,-2.8,-5.9,-0.3
2018/2019,101869000,101869000,838464,Toronto Raptors,28,TOR,Ontario,East,Atlantic,58,24,0.707,114.4,108.4,5.49,OG Anunoby,SF,21,1952760,1984950,67,6,20.2,2.7,6,0.453,1,3,0.332,1.7,3,0.574,0.536,0.5,0.9,0.581,0.9,2.1,2.9,0.7,0.7,0.3,0.8,2.1,7,1352,9.8,0.544,0.5,0.153,4.8,10.8,7.9,4.7,1.6,1.3,11.3,15.5,0.3,1.7,2,0.07,-1.3,0.1,-1.2,0.3
2018/2019,101869000,101869000,838464,Chicago Bulls,5,CHI,Illinois,East,Central,22,60,0.268,104.9,113.4,-8.32,Ryan Arcidiacono,PG,24,1349383,1371627,81,32,24.2,2.3,5.2,0.447,1,2.7,0.373,1.3,2.5,0.527,0.544,1.1,1.3,0.873,0.3,2.4,2.7,3.3,0.8,0,0.8,2.1,6.7,1961,11.6,0.588,0.519,0.244,1.5,10.8,6.1,18.9,1.6,0.2,12,11.7,2.8,0.9,3.7,0.09,-0.1,-1,-1,0.5
2018/2019,101869000,101869000,838464,#N/A,#N/A,TOT,#N/A,#N/A,#N/A,#N/A,#N/A,#N/A,#N/A,#N/A,#N/A,Trevor Ariza,SF,33,15000000,15247272,69,69,34,4.3,10.7,0.399,2.1,6.3,0.334,2.2,4.4,0.493,0.498,1.9,2.4,0.793,0.7,4.7,5.4,3.7,1.3,0.3,1.5,1.9,12.5,2349,12,0.534,0.59,0.223,2.3,15.2,8.6,14.8,1.8,0.7,11.6,16.6,1.3,1.2,2.5,0.052,-0.1,-0.4,-0.5,0.9
2018/2019,101869000,101869000,838464,Phoenix Suns,24,PHO,Arizona,West,Pacific,19,63,0.232,107.5,116.8,-8.61,Trevor Ariza,SF,33,15000000,15247272,26,26,34,3.3,8.7,0.379,1.9,5.3,0.36,1.4,3.4,0.409,0.489,1.4,1.7,0.837,0.6,5,5.6,3.3,1.5,0.3,1.5,1.7,9.9,884,10.5,0.525,0.612,0.189,2,16.4,9.1,13.5,2.1,0.8,13.7,13.8,0.2,0.5,0.6,0.035,-1.2,0.2,-1,0.2
2018/2019,101869000,101869000,838464,Washington Wizards,30,WAS,Washington DC,East,Southeast,32,50,0.39,114,116.9,-3.3,Trevor Ariza,SF,33,15000000,15247272,43,43,34.1,4.8,11.8,0.409,2.2,6.9,0.322,2.6,5,0.528,0.502,2.2,2.8,0.777,0.8,4.5,5.3,3.8,1.2,0.3,1.6,2,14.1,1465,13,0.538,0.58,0.238,2.5,14.5,8.4,15.5,1.7,0.7,10.6,18.2,1.1,0.8,1.9,0.062,0.6,-0.8,-0.2,0.7
2018/2019,101869000,101869000,838464,Orlando Magic,22,ORL,Florida,East,Southeast,42,40,0.512,107.3,106.6,0.28,DJ Augustin,PG,31,7250000,7369515,81,81,28,3.9,8.4,0.47,1.6,3.8,0.421,2.3,4.5,0.511,0.566,2.2,2.6,0.866,0.5,2,2.5,5.3,0.6,0,1.6,1.4,11.7,2269,15.7,0.616,0.459,0.309,1.9,7.8,4.8,26.9,1.1,0.1,14.3,17.2,5,1.9,6.9,0.146,1.7,-2,-0.3,1
2018/2019,101869000,101869000,838464,Phoenix Suns,24,PHO,Arizona,West,Pacific,19,63,0.232,107.5,116.8,-8.61,Deandre Ayton,C,20,8175840,8310617,71,70,30.7,7.2,12.3,0.585,0,0.1,0,7.2,12.2,0.588,0.585,2,2.7,0.746,3.1,7.1,10.3,1.8,0.9,0.9,1.8,2.9,16.3,2183,20.5,0.608,0.005,0.217,11.1,26.1,18.5,9.6,1.3,2.6,11.7,21.2,4.1,1.7,5.8,0.128,-0.1,0.2,0.2,1.2
2018/2019,101869000,101869000,838464,Charlotte Hornets,4,CHO,North Carolina,East,Southeast,39,43,0.476,110.7,111.8,-1.32,Dwayne Bacon,SG,23,1378242,1400962,43,13,17.7,2.8,6,0.475,0.9,2,0.437,2,4,0.494,0.549,0.8,1.1,0.739,0.2,1.9,2.1,1.1,0.3,0.1,0.4,1.7,7.3,759,11.7,0.57,0.339,0.179,1.1,11.7,6.3,9.2,0.8,0.6,6.1,16.8,0.9,0.3,1.2,0.073,-1.2,-2.4,-3.5,-0.3
2018/2019,101869000,101869000,838464,Sacramento Kings,26,SAC,California,West,Pacific,39,43,0.476,114.2,115.3,-0.81,Marvin Bagley,PF,19,7314960,7435545,62,4,25.3,5.7,11.4,0.504,0.5,1.5,0.313,5.3,9.8,0.534,0.525,2.9,4.2,0.691,2.6,5,7.6,1,0.5,1,1.6,1.9,14.9,1567,18.9,0.562,0.136,0.371,10.4,20.8,15.5,5.9,1,3.2,10.7,24.2,2,1.6,3.6,0.11,-1.2,-0.7,-1.8,0.1
2018/2019,101869000,101869000,838464,#N/A,#N/A,TOT,#N/A,#N/A,#N/A,#N/A,#N/A,#N/A,#N/A,#N/A,#N/A,Ron Baker,SG,25,4697823,4775265,15,0,10.1,0.3,1.3,0.2,0.1,0.9,0.077,0.2,0.5,0.429,0.225,0.3,0.4,0.833,0.1,0.7,0.7,1,0.4,0.1,0.3,1.2,0.9,152,2.5,0.309,0.65,0.3,0.7,7.1,3.8,12.8,1.9,0.6,18.1,7.8,-0.2,0.1,-0.1,-0.034,-5.9,-0.7,-6.6,-0.2
2018/2019,101869000,101869000,838464,New York Knicks,20,NYK,New York,East,Atlantic,17,65,0.207,104.6,113.8,-8.93,Ron Baker,SG,25,4697823,4775265,11,0,9.7,0.4,1.5,0.25,0.1,0.8,0.111,0.3,0.6,0.429,0.281,0.5,0.5,0.833,0.1,0.5,0.6,1.2,0.5,0,0.3,1.5,1.3,107,4.4,0.376,0.563,0.375,1,6,3.4,16.1,2.3,0,13.9,8.6,0,0,0,0.002,-4.6,-1.4,-6,-0.1
2018/2019,101869000,101869000,838464,Washington Wizards,30,WAS,Washington DC,East,Southeast,32,50,0.39,114,116.9,-3.3,Ron Baker,SG,25,4697823,4775265,4,0,11.3,0,1,0,0,1,0,0,0,,0,0,0,,0,1,1,0.5,0.3,0.3,0.5,0.5,0,45,-2,0,1,0,0,9.8,4.8,5.1,1.1,1.9,33.3,5.7,-0.1,0,-0.1,-0.12,-8.8,0.8,-8.1,-0.1
2018/2019,101869000,101869000,838464,Portland Trail Blazers,25,POR,Oregon,West,Northwest,53,29,0.646,114.7,110.5,4.43,Wade Baldwin,PG,22,1544951,1570419,16,0,5.9,0.6,2.1,0.303,0.1,0.6,0.222,0.5,1.5,0.333,0.333,0.5,0.7,0.727,0.1,0.8,0.9,0.8,0.1,0.1,0.9,0.7,1.9,94,1.3,0.396,0.273,0.333,2.3,14.4,8.5,16.6,0.5,1.7,27,23.3,-0.4,0.1,-0.3,-0.153,-9.3,-1.4,-10.7,-0.2
2018/2019,101869000,101869000,838464,Los Angeles Lakers,14,LAL,California,West,Pacific,37,45,0.451,111.8,113.5,-1.33,Lonzo Ball,PG,21,7461960,7584969,47,45,30.3,3.9,9.7,0.406,1.6,4.9,0.329,2.3,4.9,0.482,0.488,0.4,1,0.417,1.1,4.2,5.3,5.4,1.5,0.4,2.2,2.4,9.9,1423,11.7,0.487,0.5,0.105,4,14,9.1,23.8,2.3,1.1,17.8,16.9,-0.2,1.7,1.6,0.052,-0.9,1.5,0.5,0.9
2018/2019,101869000,101869000,838464,Orlando Magic,22,ORL,Florida,East,Southeast,42,40,0.512,107.3,106.6,0.28,Mo Bamba,C,20,4871280,4951582,47,1,16.3,2.5,5.2,0.481,0.4,1.5,0.3,2,3.7,0.555,0.525,0.8,1.3,0.587,1.4,3.6,5,0.8,0.3,1.4,0.9,2.2,6.2,766,14.9,0.539,0.288,0.259,8.8,24,16.3,7.4,0.8,7,13.7,17.8,0.3,1.4,1.7,0.106,-3.3,3.1,-0.2,0.4
2018/2019,101869000,101869000,838464,Dallas Mavericks,7,DAL,Texas,West,Southwest,33,49,0.402,108.9,110.1,-0.87,Jose Juan Barea,PG,34,3710850,3772022,38,0,19.8,4.2,10.1,0.418,1,3.4,0.297,3.2,6.8,0.479,0.468,1.4,2.1,0.705,0.3,2.2,2.5,5.6,0.6,0,1.9,1.3,10.9,752,16.3,0.495,0.332,0.203,1.9,11.6,6.8,47.5,1.4,0.1,14.7,28.1,0.4,0.6,1,0.064,1.1,-2.2,-1.1,0.2
2018/2019,101869000,101869000,838464,#N/A,#N/A,TOT,#N/A,#N/A,#N/A,#N/A,#N/A,#N/A,#N/A,#N/A,#N/A,Harrison Barnes,PF-SF,26,24107258,24504662,77,77,32.9,5.6,13.3,0.42,2.3,5.7,0.395,3.3,7.6,0.439,0.504,3,3.6,0.824,0.7,3.9,4.7,1.5,0.6,0.2,1.3,1.6,16.4,2533,12.8,0.55,0.429,0.271,2.4,12.7,7.5,6.7,0.9,0.4,7.9,20.9,2,1.6,3.6,0.068,-0.6,-1.8,-2.3,-0.2
2018/2019,101869000,101869000,838464,Dallas Mavericks,7,DAL,Texas,West,Southwest,33,49,0.402,108.9,110.1,-0.87,Harrison Barnes,PF,26,24107258,24504662,49,49,32.3,5.9,14.6,0.404,2.5,6.3,0.389,3.4,8.3,0.416,0.489,3.4,4,0.833,0.7,3.5,4.2,1.3,0.7,0.2,1.4,1.6,17.7,1584,13.1,0.538,0.434,0.276,2.4,11.5,7,6.3,1,0.6,7.8,23.7,0.8,1.1,1.9,0.059,-0.9,-2.1,-3,-0.4
2018/2019,101869000,101869000,838464,Sacramento Kings,26,SAC,California,West,Pacific,39,43,0.476,114.2,115.3,-0.81,Harrison Barnes,SF,26,24107258,24504662,28,28,33.9,5,11.1,0.455,1.9,4.6,0.408,3.1,6.4,0.489,0.54,2.3,2.9,0.8,0.8,4.8,5.5,1.9,0.6,0.1,1.1,1.5,14.3,949,12.3,0.578,0.419,0.258,2.2,14.8,8.4,7.5,0.8,0.2,8,16.3,1.1,0.5,1.7,0.084,-0.1,-1.2,-1.2,0.2
2018/2019,101869000,101869000,838464,Denver Nuggets,8,DEN,Colorado,West,Northwest,54,28,0.659,110.7,106.7,4.19,Will Barton,SG,28,11830358,12025379,43,38,27.7,4.3,10.7,0.402,1.6,4.6,0.342,2.7,6.1,0.447,0.475,1.3,1.7,0.77,0.7,3.9,4.6,2.9,0.4,0.5,1.5,1.9,11.5,1189,11,0.501,0.426,0.161,2.9,15.3,9.1,14.6,0.7,1.6,11.7,20,0.1,1.1,1.2,0.049,-1.8,-0.5,-2.3,-0.1
2018/2019,101869000,101869000,838464,Minnesota Timberwolves,18,MIN,Minnesota,West,Northwest,36,46,0.439,112.5,114,-1.02,Keita Bates-Diop,SF,23,838464,852285,30,3,16.8,2,4.7,0.423,0.4,1.7,0.25,1.6,3,0.522,0.468,0.6,0.9,0.643,0.5,2.2,2.8,0.6,0.6,0.5,0.5,1,5,503,9.6,0.489,0.366,0.197,3.4,14.4,8.8,4.6,1.7,2.4,8.3,14.1,0,0.4,0.3,0.032,-3.2,0,-3.1,-0.1
2018/2019,101869000,101869000,838464,Charlotte Hornets,4,CHO,North Carolina,East,Southeast,39,43,0.476,110.7,111.8,-1.32,Nicolas Batum,SF,30,24000000,24395636,75,72,31.4,3.4,7.5,0.45,1.5,4,0.389,1.8,3.5,0.519,0.553,1,1.2,0.865,0.9,4.3,5.2,3.3,0.9,0.6,1.6,1.9,9.3,2354,11.9,0.581,0.53,0.158,3.2,14.9,8.9,14.5,1.5,1.6,16.3,13.2,2,1.7,3.7,0.076,-0.1,0.9,0.8,1.7
2018/2019,101869000,101869000,838464,Minnesota Timberwolves,18,MIN,Minnesota,West,Northwest,36,46,0.439,112.5,114,-1.02,Jerryd Bayless,PG,30,8575916,8717288,34,6,19.3,2.4,6.8,0.357,0.9,2.9,0.296,1.6,3.9,0.402,0.42,0.5,0.8,0.571,0.3,1.5,1.8,3.5,0.5,0.1,0.9,1.6,6.1,657,8.5,0.431,0.426,0.122,1.8,8.4,5,24.6,1.3,0.3,11.7,17.6,-0.2,0.2,0,-0.003,-2.4,-2.7,-5.1,-0.5
2018/2019,101869000,101869000,838464,Boston Celtics,2,BOS,Massachusetts,East,Atlantic,49,33,0.598,112.4,108,3.9,Aron Baynes,C,32,5193600,5279215,51,18,16.1,2.1,4.4,0.471,0.4,1.2,0.344,1.6,3.2,0.519,0.518,1,1.2,0.855,1.7,3,4.7,1.1,0.2,0.7,0.8,2.5,5.6,821,14,0.567,0.274,0.278,11.4,19.8,15.6,9.3,0.7,3.7,13.8,15.2,1.3,1.1,2.4,0.139,-1.2,1.4,0.2,0.5
2018/2019,101869000,101869000,838464,Atlanta Hawks,1,ATL,Georgia,East,Southeast,29,53,0.354,113.3,119.4,-6.06,Kent Bazemore,SG,29,18089888,18388097,67,35,24.5,4.1,10.3,0.402,1.4,4.5,0.32,2.7,5.8,0.465,0.472,1.9,2.6,0.726,0.6,3.3,3.9,2.3,1.3,0.6,1.8,2.5,11.6,1643,11.9,0.507,0.434,0.253,2.3,14.6,8.3,13.5,2.5,2.2,13.6,22,-0.7,1.4,0.7,0.021,-2.2,0,-2.2,-0.1
2018/2019,101869000,101869000,838464,Washington Wizards,30,WAS,Washington DC,East,Southeast,32,50,0.39,114,116.9,-3.3,Bradley Beal,SG,25,25434262,25853541,82,82,36.9,9.3,19.6,0.475,2.5,7.3,0.351,6.8,12.4,0.548,0.54,4.4,5.5,0.808,1.1,3.9,5,5.5,1.5,0.7,2.7,2.8,25.6,3028,20.8,0.581,0.37,0.278,3.1,11.7,7.4,24.1,1.9,1.6,11,28.4,5.9,1.7,7.6,0.12,3.9,-1.1,2.8,3.7
2018/2019,101869000,101869000,838464,Denver Nuggets,8,DEN,Colorado,West,Northwest,54,28,0.659,110.7,106.7,4.19,Malik Beasley,SG,22,1773840,1803081,81,18,23.2,4.3,9.1,0.474,2,5,0.402,2.3,4.1,0.56,0.584,0.7,0.8,0.848,0.4,2,2.5,1.2,0.7,0.1,0.7,1.4,11.3,1879,14.2,0.599,0.55,0.09,2,9.5,5.8,7.5,1.4,0.5,6.7,18.7,2.9,1.6,4.5,0.115,1.4,-1.9,-0.5,0.7
2018/2019,101869000,101869000,838464,Los Angeles Lakers,14,LAL,California,West,Pacific,37,45,0.451,111.8,113.5,-1.33,Michael Beasley,PF,30,3500000,3557696,26,2,10.7,2.9,5.9,0.49,0.1,0.7,0.176,2.8,5.2,0.529,0.5,1.1,1.5,0.718,0.5,1.8,2.3,1,0.3,0.4,1,1.6,7,277,15.9,0.532,0.111,0.255,4.9,17.2,11.2,14.8,1.5,3,13.7,29.5,-0.1,0.4,0.2,0.039,-3.7,-0.4,-4,-0.1
2018/2019,101869000,101869000,838464,San Antonio Spurs,27,SAS,Texas,West,Southwest,48,34,0.585,111.7,110,1.8,Marco Belinelli,SG,32,6153846,6255291,79,1,23,3.6,8.7,0.413,1.9,5,0.372,1.7,3.7,0.468,0.52,1.4,1.6,0.903,0.2,2.3,2.5,1.7,0.4,0.1,0.9,1.5,10.5,1815,11.9,0.557,0.572,0.18,1,10.8,5.9,10.1,0.9,0.4,8.8,19.8,1.4,1.1,2.5,0.065,0.3,-2.4,-2.1,0
2018/2019,101869000,101869000,838464,Golden State Warriors,10,GSW,California,West,Pacific,57,25,0.695,117.7,111.2,6.42,Jordan Bell,C,24,1378242,1400962,68,3,11.6,1.5,2.8,0.516,0,0,0,1.5,2.8,0.521,0.516,0.4,0.6,0.61,0.8,1.9,2.7,1.1,0.3,0.8,0.6,1.2,3.3,788,12.9,0.531,0.01,0.214,7.8,16.7,12.5,12.3,1.2,5.4,16.7,13.7,0.5,1.1,1.6,0.096,-3.1,2.8,-0.4,0.3
2018/2019,101869000,101869000,838464,Atlanta Hawks,1,ATL,Georgia,East,Southeast,29,53,0.354,113.3,119.4,-6.06,DeAndre Bembry,SG,24,1634640,1661586,82,15,23.5,3.4,7.5,0.446,0.6,2.1,0.289,2.7,5.4,0.508,0.487,1.1,1.7,0.64,0.7,3.7,4.4,2.5,1.3,0.5,1.7,2.3,8.4,1931,10.8,0.508,0.281,0.221,2.9,16.9,9.7,14.7,2.5,1.8,17.4,17.2,-0.9,1.7,0.9,0.022,-3.3,1.1,-2.2,-0.1
2018/2019,101869000,101869000,838464,Phoenix Suns,24,PHO,Arizona,West,Pacific,19,63,0.232,107.5,116.8,-8.61,Dragan Bender,PF,21,4661280,4738120,46,27,18,1.9,4.3,0.447,0.5,2.2,0.218,1.4,2.1,0.688,0.503,0.7,1.2,0.593,0.7,3.2,4,1.2,0.4,0.5,0.8,2,5,826,9.5,0.521,0.513,0.274,4.5,20.3,12.3,9.4,1,2.2,14.4,13.4,0,0.4,0.5,0.027,-3.1,-0.3,-3.4,-0.3
2018/2019,101869000,101869000,838464,New Orleans Pelicans,19,NOP,Louisiana,West,Southwest,33,49,0.402,115.4,116.8,-1.1,Dairis Bertans,SG,29,194220,197421,12,0,13.9,1,3.9,0.255,0.8,2.8,0.294,0.2,1.1,0.154,0.362,0,0,,0.2,0.6,0.8,0.8,0.1,0,0.2,0.6,2.8,167,2,0.362,0.723,0,1.3,4.3,2.8,7.2,0.3,0,4.1,12,-0.2,0,-0.2,-0.054,-4.2,-3.5,-7.7,-0.2
2018/2019,101869000,101869000,838464,San Antonio Spurs,27,SAS,Texas,West,Southwest,48,34,0.585,111.7,110,1.8,Davis Bertans,PF,26,7000000,7115393,76,12,21.5,2.7,6,0.45,1.9,4.4,0.429,0.8,1.5,0.513,0.61,0.7,0.8,0.883,0.3,3.2,3.5,1.3,0.5,0.4,0.6,1.8,8,1632,13,0.632,0.746,0.132,1.6,16,8.8,8.2,1,1.7,8.2,14.1,2.6,1.5,4,0.118,1.6,-0.4,1.2,1.3
2018/2019,101869000,101869000,838464,Los Angeles Clippers,13,LAC,California,West,Pacific,48,34,0.585,115.1,114.3,1.09,Patrick Beverley,PG,30,5027028,5109897,78,49,27.4,2.5,6.1,0.407,1.4,3.6,0.397,1.1,2.5,0.421,0.524,1.2,1.6,0.78,1,4,5,3.8,0.9,0.6,1.1,3.4,7.6,2137,11.8,0.561,0.591,0.258,3.9,15,9.6,18.4,1.5,1.6,13.8,12.2,2.8,2,4.8,0.108,1.2,1.2,2.3,2.3
2018/2019,101869000,101869000,838464,Orlando Magic,22,ORL,Florida,East,Southeast,42,40,0.512,107.3,106.6,0.28,Khem Birch,C,26,1378242,1400962,50,1,12.9,1.8,3,0.603,0,0,0,1.8,3,0.607,0.603,1.2,1.7,0.699,1.6,2.2,3.8,0.8,0.4,0.6,0.4,1.4,4.8,643,19.2,0.64,0.007,0.55,13,18.8,15.8,8.5,1.4,3.8,9.6,14.1,1.8,1,2.8,0.212,0.2,2.3,2.4,0.7
2018/2019,101869000,101869000,838464,Charlotte Hornets,4,CHO,North Carolina,East,Southeast,39,43,0.476,110.7,111.8,-1.32,Bismack Biyombo,C,26,17000000,17280242,54,32,14.5,1.6,2.9,0.571,0,0,,1.6,2.9,0.571,0.571,1.1,1.7,0.637,1.5,3.1,4.6,0.6,0.2,0.8,0.6,1.9,4.4,783,14.4,0.602,0,0.583,11,23.3,17,5.9,0.7,4.6,14.8,12.7,1.2,0.8,2,0.125,-2.5,1.5,-1.1,0.2
2018/2019,101869000,101869000,838464,Sacramento Kings,26,SAC,California,West,Pacific,39,43,0.476,114.2,115.3,-0.81,Nemanja Bjelica,PF,30,6500000,6607151,77,70,23.2,3.7,7.7,0.479,1.3,3.3,0.401,2.4,4.4,0.539,0.566,0.9,1.2,0.761,1.6,4.1,5.8,1.9,0.7,0.7,1.1,2.6,9.6,1788,15.4,0.585,0.433,0.155,7,18.8,12.8,11.1,1.4,2.7,11.5,16.5,2.7,1.9,4.5,0.122,0.8,1.2,2,1.8
2018/2019,101869000,101869000,838464,Chicago Bulls,5,CHI,Illinois,East,Central,22,60,0.268,104.9,113.4,-8.32,Antonio Blakeney,SG,22,1349383,1371627,57,3,14.5,2.9,6.9,0.419,0.6,1.6,0.396,2.3,5.4,0.426,0.465,0.9,1.3,0.658,0.1,1.7,1.9,0.7,0.2,0.2,0.6,0.7,7.3,829,10.6,0.487,0.23,0.192,0.9,13.1,6.9,8.2,0.7,0.9,7.5,24.5,-0.8,0.3,-0.5,-0.03,-4.7,-3.7,-8.4,-1.3
2018/2019,101869000,101869000,838464,Milwaukee Bucks,17,MIL,Wisconsin,East,Central,60,22,0.732,118.1,109.3,8.04,Eric Bledsoe,PG,29,15000000,15247272,78,78,29.1,6,12.4,0.484,1.6,4.8,0.329,4.4,7.6,0.582,0.548,2.3,3,0.75,1.1,3.6,4.6,5.5,1.5,0.4,2.1,2,15.9,2272,19.3,0.577,0.388,0.243,3.9,11.8,8.1,27.4,2.4,1.1,13.3,22.9,4.4,3.7,8.2,0.173,2.5,1,3.5,3.2
2018/2019,101869000,101869000,838464,Cleveland Cavaliers,6,CLE,Ohio,East,Central,19,63,0.232,104.5,114.1,-9.39,Jaron Blossomgame,SF,25,77250,78523,27,4,16.3,1.7,3.9,0.443,0.4,1.4,0.256,1.4,2.5,0.552,0.491,0.4,0.5,0.769,1,2.7,3.6,0.5,0.3,0.3,0.4,0.7,4.2,439,10.2,0.51,0.368,0.123,6.3,19.1,12.4,4.2,0.8,1.6,9,12.2,0.2,0.1,0.3,0.03,-3.1,-1.5,-4.5,-0.3
2018/2019,101869000,101869000,838464,Sacramento Kings,26,SAC,California,West,Pacific,39,43,0.476,114.2,115.3,-0.81,Bogdan Bogdanovic,SG,26,9000000,9148363,70,17,27.8,5.2,12.3,0.418,1.9,5.3,0.36,3.2,7,0.462,0.496,1.9,2.3,0.827,0.6,2.9,3.5,3.8,1,0.2,1.7,2,14.1,1947,14.1,0.53,0.431,0.188,2.1,11,6.4,19.3,1.7,0.7,11.1,22.3,1.3,1.4,2.7,0.067,0.5,-1.2,-0.7,0.6
2018/2019,101869000,101869000,838464,Indiana Pacers,12,IND,Indiana,East,Central,48,34,0.585,108,104.7,2.76,Bojan Bogdanovic,SF,29,10500000,10673090,81,81,31.8,6.4,13,0.497,2,4.8,0.425,4.4,8.2,0.538,0.575,3,3.8,0.807,0.4,3.7,4.1,2,0.9,0,1.7,1.7,18,2573,16.1,0.613,0.367,0.29,1.5,12.7,7.2,9.5,1.3,0,10.2,22.4,3.9,2.8,6.8,0.126,1.4,-1.4,0,1.3
2018/2019,101869000,101869000,838464,Golden State Warriors,10,GSW,California,West,Pacific,57,25,0.695,117.7,111.2,6.42,Andrew Bogut,C,34,486892,494918,11,5,12.2,1.6,3.3,0.5,0,0,,1.6,3.3,0.5,0.5,0.3,0.3,1,1.1,3.9,5,1,0.3,0.7,0.7,2,3.5,134,13.4,0.523,0,0.083,10,32.8,21.9,10.6,1.1,5,17.7,14.5,0.1,0.2,0.3,0.111,-4.3,3.1,-1.3,0
2018/2019,101869000,101869000,838464,Philadelphia 76ers,23,PHI,Pennsylvania,East,Atlantic,51,31,0.622,115.2,112.5,2.25,Jonah Bolden,PF,23,1690000,1717859,44,10,14.5,1.8,3.7,0.494,0.8,2.2,0.354,1,1.5,0.697,0.599,0.3,0.6,0.481,1.1,2.7,3.8,0.9,0.4,0.9,0.8,2.3,4.7,639,12.7,0.595,0.593,0.167,8,19,13.7,8.5,1.3,4.8,17.2,13.8,0.5,0.9,1.4,0.106,-0.8,2,1.2,0.5
2018/2019,101869000,101869000,838464,Los Angeles Lakers,14,LAL,California,West,Pacific,37,45,0.451,111.8,113.5,-1.33,Isaac Bonga,PG,19,1000000,1016484,22,0,5.5,0.2,1.5,0.152,0,0.4,0,0.2,1.1,0.2,0.152,0.4,0.7,0.6,0.4,0.7,1.1,0.7,0.4,0.2,0.3,0.4,0.9,120,6,0.24,0.242,0.455,7.9,13.5,10.8,14.9,3.5,2.7,13.2,15.7,-0.3,0.2,-0.1,-0.059,-7.3,3,-4.3,-0.1
2018/2019,101869000,101869000,838464,Phoenix Suns,24,PHO,Arizona,West,Pacific,19,63,0.232,107.5,116.8,-8.61,Devin Booker,SG,22,3314365,3369001,64,64,35,9.2,19.6,0.467,2.1,6.5,0.326,7,13.1,0.536,0.521,6.1,7.1,0.866,0.6,3.5,4.1,6.8,0.9,0.2,4.1,3.1,26.6,2242,20.2,0.584,0.33,0.362,1.9,11.3,6.5,34.1,1.2,0.5,15.4,32.9,3.3,0.3,3.5,0.076,3.8,-3,0.8,1.6
2018/2019,101869000,101869000,838464,Toronto Raptors,28,TOR,Ontario,East,Atlantic,58,24,0.707,114.4,108.4,5.49,Chris Boucher,PF,26,457418,464958,28,0,5.8,1.2,2.7,0.447,0.4,1.3,0.324,0.8,1.4,0.564,0.526,0.5,0.5,0.867,0.6,1.4,2,0.1,0.2,0.9,0.3,1.1,3.3,163,22.2,0.563,0.487,0.197,10.9,25.8,18.5,1.9,1.8,12.2,7.8,23.6,0.2,0.4,0.7,0.194,-1.7,2.8,1.1,0.1
2018/2019,101869000,101869000,838464,#N/A,#N/A,TOT,#N/A,#N/A,#N/A,#N/A,#N/A,#N/A,#N/A,#N/A,#N/A,Avery Bradley,SG,28,12000000,12197818,63,63,30.2,3.9,9.7,0.408,1.4,3.9,0.351,2.6,5.8,0.446,0.479,0.7,0.8,0.86,0.7,2.1,2.8,2.4,0.7,0.3,1.4,2.7,9.9,1905,7.6,0.496,0.403,0.082,2.5,7.3,4.9,11.8,1,0.7,12.4,16.2,-0.6,1,0.3,0.009,-1.7,-1,-2.8,-0.4
2018/2019,101869000,101869000,838464,Los Angeles Clippers,13,LAC,California,West,Pacific,48,34,0.585,115.1,114.3,1.09,Avery Bradley,SG,28,12000000,12197818,49,49,29.9,3.3,8.6,0.383,1.2,3.5,0.337,2.1,5.1,0.415,0.452,0.4,0.5,0.8,0.7,2,2.7,2,0.6,0.3,1.2,2.7,8.2,1463,5.5,0.464,0.41,0.06,2.6,6.7,4.7,8.8,0.9,0.9,12.4,14.2,-1,0.6,-0.3,-0.011,-2.4,-0.7,-3.1,-0.4
2018/2019,101869000,101869000,838464,Memphis Grizzlies,15,MEM,Tennessee,West,Southwest,33,49,0.402,103.5,106.1,-2.08,Avery Bradley,SG,28,12000000,12197818,14,14,31.6,6.2,13.4,0.463,2,5.2,0.384,4.2,8.2,0.513,0.537,1.6,1.8,0.92,0.6,2.6,3.1,4,1,0,2,2.4,16.1,442,14.5,0.565,0.388,0.133,2,9.3,5.6,21.6,1.6,0,12.3,22.9,0.3,0.4,0.7,0.074,0.6,-2.1,-1.5,0.1
2018/2019,101869000,101869000,838464,Utah Jazz,29,UTA,Utah,West,Northwest,50,32,0.61,111.7,106.5,5.28,Tony Bradley,C,21,1679520,1707206,3,0,12,2.7,5.3,0.5,0,0,,2.7,5.3,0.5,0.5,0.3,0.7,0.5,3,2,5,0.3,0.7,0.7,1,2,5.7,36,19.6,0.504,0,0.125,27.6,17.7,22.6,4.5,2.7,4.4,15.1,23.6,0,0.1,0.1,0.13,-2,1.3,-0.7,0
2018/2019,101869000,101869000,838464,#N/A,#N/A,TOT,#N/A,#N/A,#N/A,#N/A,#N/A,#N/A,#N/A,#N/A,#N/A,Corey Brewer,SF,32,2559925,2602124,31,3,15.9,1.7,4,0.431,0.5,1.4,0.318,1.3,2.5,0.494,0.488,1,1.4,0.721,0.8,1.6,2.5,1.3,1,0.2,0.6,2,4.9,492,11.6,0.532,0.358,0.35,5.4,10.7,8,10.2,3,1.2,11.8,13.6,0.4,0.6,1,0.095,-1.1,1,-0.1,0.2
2018/2019,101869000,101869000,838464,Philadelphia 76ers,23,PHI,Pennsylvania,East,Atlantic,51,31,0.622,115.2,112.5,2.25,Corey Brewer,SF,32,2559925,2602124,7,3,20,2.9,7,0.408,0.6,2,0.286,2.3,5,0.457,0.449,1.3,1.9,0.692,0.6,1.9,2.4,1.4,1.7,0.3,1.1,2.3,7.6,140,10.8,0.484,0.286,0.265,3.1,9.6,6.4,10,4,1.1,12.8,18.8,-0.1,0.2,0.1,0.044,-3.2,0.8,-2.4,0
2018/2019,101869000,101869000,838464,Sacramento Kings,26,SAC,California,West,Pacific,39,43,0.476,114.2,115.3,-0.81,Corey Brewer,SF,32,2559925,2602124,24,0,14.7,1.4,3.1,0.446,0.4,1.3,0.333,1,1.8,0.523,0.514,0.9,1.3,0.733,0.9,1.5,2.5,1.2,0.8,0.2,0.5,2,4.1,352,12,0.562,0.405,0.405,6.3,11.1,8.6,10.3,2.6,1.2,11.2,11.5,0.5,0.4,0.8,0.115,-0.3,1.1,0.9,0.3
2018/2019,101869000,101869000,838464,Phoenix Suns,24,PHO,Arizona,West,Pacific,19,63,0.232,107.5,116.8,-8.61,Mikal Bridges,SF,22,3557400,3616043,82,56,29.5,3,6.9,0.43,1.3,3.8,0.335,1.7,3,0.548,0.523,1.2,1.4,0.805,0.7,2.5,3.2,2.1,1.6,0.5,0.9,2.5,8.3,2417,10.8,0.556,0.556,0.21,2.5,9.7,6,9.8,2.5,1.3,10.2,12.2,1.7,1.2,2.9,0.058,-0.5,0.3,-0.2,1.1
2018/2019,101869000,101869000,838464,Charlotte Hornets,4,CHO,North Carolina,East,Southeast,39,43,0.476,110.7,111.8,-1.32,Miles Bridges,SF,20,3206640,3259500,80,25,21.2,3,6.4,0.464,0.8,2.5,0.325,2.2,3.9,0.553,0.527,0.7,1,0.753,0.8,3.2,4,1.2,0.7,0.6,0.6,1.4,7.5,1696,13.1,0.548,0.391,0.151,4.2,16.6,10.3,8.1,1.6,2.5,8.4,15.1,1.4,1.5,2.9,0.083,-1.2,0.5,-0.6,0.6
2018/2019,101869000,101869000,838464,Orlando Magic,22,ORL,Florida,East,Southeast,42,40,0.512,107.3,106.6,0.28,Isaiah Briscoe,PG,22,838464,852285,39,0,14.3,1.4,3.5,0.399,0.3,0.9,0.324,1.1,2.7,0.423,0.438,0.4,0.7,0.577,0.1,1.8,1.9,2.2,0.3,0.1,0.8,1.7,3.5,559,6.7,0.455,0.246,0.188,0.9,13.4,7.1,21,1,0.3,17.2,14.1,-0.3,0.5,0.3,0.023,-5,-0.6,-5.6,-0.5
2018/2019,101869000,101869000,838464,Dallas Mavericks,7,DAL,Texas,West,Southwest,33,49,0.402,108.9,110.1,-0.87,Ryan Broekhoff,SG,28,838464,852285,42,0,10.8,1.4,3,0.452,0.9,2.2,0.409,0.5,0.8,0.576,0.603,0.4,0.5,0.789,0.2,1.3,1.5,0.5,0.1,0.1,0.4,0.8,4,453,10.7,0.621,0.738,0.151,1.9,12.9,7.4,7.2,0.6,0.8,10.6,14.3,0.5,0.3,0.8,0.086,-0.7,-1.7,-2.3,0
2018/2019,101869000,101869000,838464,Milwaukee Bucks,17,MIL,Wisconsin,East,Central,60,22,0.732,118.1,109.3,8.04,Malcolm Brogdon,SG,26,1544951,1570419,64,64,28.6,5.9,11.7,0.505,1.6,3.8,0.426,4.3,7.9,0.544,0.575,2.2,2.4,0.928,1,3.5,4.5,3.2,0.7,0.2,1.4,1.6,15.6,1832,17.8,0.614,0.326,0.203,3.8,11.7,8,16.2,1.2,0.6,10,20.7,4.2,2.3,6.5,0.171,1.9,-0.3,1.5,1.6
2018/2019,101869000,101869000,838464,Memphis Grizzlies,15,MEM,Tennessee,West,Southwest,33,49,0.402,103.5,106.1,-2.08,Dillon Brooks,SF,23,1378242,1400962,18,0,18.3,2.7,6.8,0.402,0.8,2.2,0.375,1.9,4.6,0.415,0.463,1.2,1.7,0.733,0.5,1.2,1.7,0.9,0.6,0.2,1.1,2.8,7.5,330,7.6,0.499,0.328,0.246,3,7.6,5.3,7.6,1.5,1.1,12.3,20.9,-0.3,0.3,0,-0.004,-4.2,-1.9,-6.1,-0.3
2018/2019,101869000,101869000,838464,Memphis Grizzlies,15,MEM,Tennessee,West,Southwest,33,49,0.402,103.5,106.1,-2.08,MarShon Brooks,SG,30,1656092,1683392,29,0,13.3,2.6,5.8,0.45,0.5,1.9,0.278,2.1,4,0.53,0.494,0.8,1.1,0.697,0.4,1.1,1.6,0.9,0.3,0.1,0.7,1.1,6.6,387,11.6,0.518,0.32,0.195,3.4,9.7,6.5,11,1.2,1,10.3,23.6,-0.2,0.3,0.1,0.018,-2.9,-2.6,-5.6,-0.3
2018/2019,101869000,101869000,838464,Detroit Pistons,9,DET,Michigan,East,Central,41,41,0.5,107,107.3,-0.56,Bruce Brown,SG,22,838464,852285,74,56,19.6,1.7,4.2,0.398,0.3,1.3,0.258,1.4,3,0.457,0.436,0.6,0.8,0.75,0.6,1.9,2.5,1.2,0.5,0.5,0.6,2.4,4.3,1449,6.9,0.469,0.296,0.191,3.5,10.7,7,8.8,1.4,2.1,11.9,11.5,-0.1,1.6,1.5,0.048,-3.7,1.7,-2,0
2018/2019,101869000,101869000,838464,Boston Celtics,2,BOS,Massachusetts,East,Atlantic,49,33,0.598,112.4,108,3.9,Jaylen Brown,SG,22,5169960,5255185,74,25,25.9,5,10.7,0.465,1.3,3.7,0.344,3.7,7,0.529,0.525,1.8,2.7,0.658,0.9,3.4,4.2,1.4,0.9,0.4,1.3,2.5,13,1913,13.5,0.547,0.348,0.255,3.6,13.9,8.7,7.7,1.7,1.5,10.1,22.1,0.7,2.4,3,0.076,-1.5,-0.6,-2.1,0
2018/2019,101869000,101869000,838464,Toronto Raptors,28,TOR,Ontario,East,Atlantic,58,24,0.707,114.4,108.4,5.49,Lorenzo Brown,PG,28,800000,813187,26,0,8.2,0.9,2.7,0.324,0.2,1.1,0.214,0.7,1.7,0.395,0.366,0.1,0.1,1,0.2,1,1.2,1.1,0.5,0.2,0.6,0.8,2.1,212,6.3,0.38,0.394,0.042,2.6,12.9,7.9,17.3,2.7,2,18.1,17.9,-0.5,0.3,-0.1,-0.027,-5.8,1.5,-4.3,-0.1
2018/2019,101869000,101869000,838464,Milwaukee Bucks,17,MIL,Wisconsin,East,Central,60,22,0.732,118.1,109.3,8.04,Sterling Brown,SG,23,1378242,1400962,58,7,17.8,2.5,5.4,0.465,0.9,2.5,0.361,1.6,2.8,0.558,0.55,0.5,0.7,0.69,0.5,2.7,3.2,1.4,0.4,0.1,0.8,1.5,6.4,1034,10.9,0.563,0.471,0.135,3,14.4,9,10.7,1.1,0.7,12.2,15.2,0.7,1.4,2.1,0.098,-1.6,0,-1.6,0.1
2018/2019,101869000,101869000,838464,Washington Wizards,30,WAS,Washington DC,East,Southeast,32,50,0.39,114,116.9,-3.3,Troy Brown,SF,19,2752680,2798057,52,10,14,1.9,4.5,0.415,0.4,1.3,0.319,1.4,3.2,0.455,0.462,0.6,0.9,0.681,0.7,2.1,2.8,1.5,0.4,0.1,0.6,1.1,4.8,730,11.1,0.487,0.295,0.201,5.1,16.6,10.8,14.9,1.4,0.6,10.5,16.5,0.2,0.4,0.6,0.039,-2.6,-1.2,-3.7,-0.3
2018/2019,101869000,101869000,838464,Dallas Mavericks,7,DAL,Texas,West,Southwest,33,49,0.402,108.9,110.1,-0.87,Jalen Brunson,PG,22,1230000,1250276,73,38,21.8,3.6,7.7,0.467,0.9,2.5,0.348,2.8,5.3,0.523,0.523,1.2,1.6,0.725,0.3,2,2.3,3.2,0.5,0.1,1.2,1.7,9.3,1591,12.8,0.549,0.32,0.212,1.7,9.6,5.7,22.6,1.1,0.2,12.5,19.1,1.5,1,2.6,0.077,-0.8,-1.6,-2.5,-0.2
2018/2019,101869000,101869000,838464,Washington Wizards,30,WAS,Washington DC,East,Southeast,32,50,0.39,114,116.9,-3.3,Thomas Bryant,C,21,1378242,1400962,72,53,20.8,4.3,7,0.616,0.5,1.4,0.333,3.8,5.6,0.685,0.648,1.5,1.9,0.781,1.6,4.7,6.3,1.3,0.3,0.9,0.8,1.8,10.5,1496,21,0.674,0.197,0.273,8.1,25.1,16.5,9.3,0.8,3.8,9.6,17.6,4.3,1.3,5.6,0.178,1.2,0.4,1.6,1.3
2018/2019,101869000,101869000,838464,#N/A,#N/A,TOT,#N/A,#N/A,#N/A,#N/A,#N/A,#N/A,#N/A,#N/A,#N/A,Reggie Bullock,SG,27,2500000,2541212,63,60,29.8,3.9,9.4,0.412,2.3,6.2,0.377,1.5,3.2,0.483,0.537,1.2,1.3,0.859,0.3,2.4,2.7,2,0.6,0.2,1,1.7,11.3,1879,10.5,0.563,0.662,0.143,1.2,8.8,4.9,10.1,1,0.5,9.3,15.8,1.6,1.4,3.1,0.078,0.1,-1,-0.9,0.5
2018/2019,101869000,101869000,838464,Detroit Pistons,9,DET,Michigan,East,Central,41,41,0.5,107,107.3,-0.56,Reggie Bullock,SG,27,2500000,2541212,44,44,30.8,4.1,10,0.413,2.6,6.7,0.388,1.5,3.3,0.463,0.542,1.3,1.5,0.875,0.5,2.3,2.8,2.5,0.5,0.1,1.2,1.8,12.1,1355,11,0.569,0.667,0.145,1.6,8.6,5,12,0.9,0.3,10.3,16.7,1.4,1,2.4,0.084,0.7,-1.2,-0.5,0.5
2018/2019,101869000,101869000,838464,Los Angeles Lakers,14,LAL,California,West,Pacific,37,45,0.451,111.8,113.5,-1.33,Reggie Bullock,SG,27,2500000,2541212,19,16,27.6,3.3,8.1,0.412,1.8,5.2,0.343,1.5,2.8,0.537,0.523,0.9,1.1,0.81,0.1,2.5,2.6,1.1,0.8,0.4,0.6,1.6,9.3,524,9.1,0.545,0.647,0.137,0.4,9.3,4.9,5,1.4,1.1,6.3,13.7,0.2,0.4,0.7,0.061,-1.3,-0.5,-1.8,0
2018/2019,101869000,101869000,838464,#N/A,#N/A,TOT,#N/A,#N/A,#N/A,#N/A,#N/A,#N/A,#N/A,#N/A,#N/A,Trey Burke,PG,26,1795015,1824605,58,8,19.4,4.1,9.4,0.431,1,2.7,0.352,3.1,6.7,0.463,0.482,1.8,2.1,0.831,0.5,1.2,1.7,2.7,0.6,0.1,0.8,1,10.9,1125,16.5,0.524,0.29,0.226,2.6,6.7,4.6,24.1,1.4,0.5,7.5,24.8,1.4,0.5,1.9,0.081,0.7,-3.2,-2.5,-0.1
2018/2019,101869000,101869000,838464,New York Knicks,20,NYK,New York,East,Atlantic,17,65,0.207,104.6,113.8,-8.93,Trey Burke,PG,26,1795015,1824605,33,7,20.9,4.5,10.8,0.413,0.9,2.6,0.349,3.6,8.2,0.434,0.455,1.9,2.3,0.827,0.5,1.4,1.9,2.8,0.6,0.2,0.9,1,11.8,689,15.6,0.496,0.24,0.209,2.2,7.3,4.7,23.6,1.5,0.6,6.9,26.1,0.4,0.2,0.6,0.044,-0.2,-3.3,-3.5,-0.3
2018/2019,101869000,101869000,838464,Dallas Mavericks,7,DAL,Texas,West,Southwest,33,49,0.402,108.9,110.1,-0.87,Trey Burke,PG,26,1795015,1824605,25,1,17.4,3.5,7.6,0.463,1,2.9,0.356,2.5,4.7,0.53,0.532,1.6,2,0.837,0.5,1,1.5,2.6,0.5,0.1,0.8,1,9.7,436,17.9,0.574,0.384,0.258,3.2,5.9,4.5,24.7,1.3,0.4,8.6,22.8,1,0.3,1.3,0.14,2.1,-3,-0.9,0.1
2018/2019,101869000,101869000,838464,#N/A,#N/A,TOT,#N/A,#N/A,#N/A,#N/A,#N/A,#N/A,#N/A,#N/A,#N/A,Alec Burks,SG,27,11536515,11726692,64,24,21.5,3,7.4,0.405,1,2.6,0.363,2,4.8,0.428,0.469,1.8,2.2,0.823,0.5,3.2,3.7,2,0.6,0.3,1,1.4,8.8,1375,12.7,0.523,0.354,0.297,2.3,17,9.4,13.7,1.4,1.3,10.8,19,0.7,0.8,1.5,0.052,-1.5,-0.6,-2.2,-0.1
2018/2019,101869000,101869000,838464,Utah Jazz,29,UTA,Utah,West,Northwest,50,32,0.61,111.7,106.5,5.28,Alec Burks,SG,27,11536515,11726692,17,0,15.8,2.8,6.7,0.412,0.9,2.5,0.372,1.8,4.2,0.437,0.482,1.9,2.2,0.868,0.1,1.5,1.6,1.2,0.4,0.2,0.9,1.3,8.4,269,12.4,0.547,0.377,0.333,0.8,9.9,5.4,11.2,1.1,1.2,10.3,23.2,0.2,0.3,0.5,0.084,-2.2,-1.6,-3.7,-0.1
2018/2019,101869000,101869000,838464,Cleveland Cavaliers,6,CLE,Ohio,East,Central,19,63,0.232,104.5,114.1,-9.39,Alec Burks,SG,27,11536515,11726692,34,24,28.8,4,10,0.4,1.3,3.5,0.378,2.7,6.5,0.412,0.466,2.3,2.9,0.806,0.8,4.7,5.5,2.9,0.7,0.5,1.4,1.8,11.6,979,13.2,0.517,0.35,0.288,2.8,19,10.6,15,1.3,1.4,10.7,19.2,0.6,0.3,0.9,0.042,-1.1,-0.7,-1.8,0.1
2018/2019,101869000,101869000,838464,Sacramento Kings,26,SAC,California,West,Pacific,39,43,0.476,114.2,115.3,-0.81,Alec Burks,SG,27,11536515,11726692,13,0,9.8,0.7,1.5,0.45,0,0.5,0,0.7,1.1,0.643,0.45,0.3,0.4,0.8,0.2,1.5,1.7,0.8,0.6,0.1,0.3,0.5,1.7,127,9,0.495,0.3,0.25,1.6,16.6,8.9,9.5,2.9,0.7,15.3,8.5,0,0.2,0.2,0.062,-3.8,1.9,-1.9,0
2018/2019,101869000,101869000,838464,Oklahoma City Thunder,21,OKC,Oklahoma,West,Northwest,49,33,0.598,114.5,111.1,3.56,Deonte Burton,SG,25,500000,508242,32,0,7.5,1,2.6,0.402,0.3,0.8,0.296,0.8,1.7,0.455,0.451,0.3,0.4,0.667,0.1,0.8,0.9,0.3,0.2,0.3,0.3,1,2.6,240,7,0.47,0.329,0.146,1.7,10.7,6,5,1.2,2.8,9.3,16.3,-0.2,0.3,0.1,0.027,-5.6,-0.6,-6.3,-0.3
2018/2019,101869000,101869000,838464,#N/A,#N/A,TOT,#N/A,#N/A,#N/A,#N/A,#N/A,#N/A,#N/A,#N/A,#N/A,Jimmy Butler,SF-SG,29,19841627,20168713,65,65,33.6,6.4,13.9,0.462,1,3,0.347,5.4,10.9,0.494,0.499,4.8,5.6,0.855,1.9,3.4,5.3,4,1.9,0.6,1.5,1.7,18.7,2185,20.2,0.571,0.213,0.404,6,10.5,8.3,18,2.7,1.4,8.2,22.3,5.4,2.5,7.9,0.173,2.6,0.6,3.2,2.9
2018/2019,101869000,101869000,838464,Minnesota Timberwolves,18,MIN,Minnesota,West,Northwest,36,46,0.439,112.5,114,-1.02,Jimmy Butler,SG,29,19841627,20168713,10,10,36.1,7.4,15.7,0.471,1.7,4.5,0.378,5.7,11.2,0.509,0.525,4.8,6.1,0.787,1.6,3.6,5.2,4.3,2.4,1,1.4,1.8,21.3,361,22.3,0.579,0.287,0.389,4.7,10.8,7.7,18.2,3.2,2.4,7.1,23,1,0.4,1.3,0.176,3.7,0.9,4.6,0.6
2018/2019,101869000,101869000,838464,Philadelphia 76ers,23,PHI,Pennsylvania,East,Atlantic,51,31,0.622,115.2,112.5,2.25,Jimmy Butler,SF,29,19841627,20168713,55,55,33.2,6.3,13.6,0.461,0.9,2.7,0.338,5.3,10.9,0.491,0.494,4.8,5.5,0.868,1.9,3.4,5.3,4,1.8,0.5,1.5,1.7,18.2,1824,19.8,0.569,0.198,0.407,6.3,10.4,8.4,18,2.6,1.2,8.4,22.1,4.4,2.1,6.6,0.172,2.4,0.5,2.9,2.3
2018/2019,101869000,101869000,838464,Memphis Grizzlies,15,MEM,Tennessee,West,Southwest,33,49,0.402,103.5,106.1,-2.08,Bruno Caboclo,SF,23,705361,716988,34,19,23.5,2.8,6.6,0.427,1.4,3.8,0.369,1.4,2.8,0.505,0.533,1.2,1.5,0.84,1.2,3.4,4.6,1.5,0.4,1,1.1,2.4,8.3,800,12.4,0.571,0.578,0.222,5.8,16.5,11.1,9.4,0.9,3.9,13.3,15.9,0.6,0.9,1.5,0.09,-1,1.2,0.2,0.4
2018/2019,101869000,101869000,838464,Detroit Pistons,9,DET,Michigan,East,Central,41,41,0.5,107,107.3,-0.56,Jose Calderon,PG,37,2393887,2433349,49,0,12.9,0.9,2.4,0.375,0.3,1.2,0.246,0.6,1.3,0.492,0.433,0.2,0.2,0.818,0.2,1,1.2,2.3,0.3,0.1,0.7,1.3,2.3,632,7.1,0.453,0.475,0.092,1.8,8.8,5.2,24.9,1.2,0.4,21.9,10.9,0,0.5,0.6,0.043,-4,-1.2,-5.1,-0.5
2018/2019,101869000,101869000,838464,Los Angeles Lakers,14,LAL,California,West,Pacific,37,45,0.451,111.8,113.5,-1.33,Kentavious Caldwell-Pope,SG,25,12000000,12197818,82,23,24.8,4,9.2,0.43,1.8,5.3,0.347,2.1,3.9,0.542,0.53,1.7,1.9,0.867,0.6,2.3,2.9,1.3,0.9,0.2,0.8,1.7,11.4,2035,12.9,0.568,0.575,0.209,2.5,9.4,6,7.5,1.7,0.5,7.3,18.1,2.3,1.8,4,0.095,0.6,-1.2,-0.6,0.7
2018/2019,101869000,101869000,838464,#N/A,#N/A,TOT,#N/A,#N/A,#N/A,#N/A,#N/A,#N/A,#N/A,#N/A,#N/A,Isaiah Canaan,PG,27,744671,756945,30,16,21,2.1,5.5,0.39,1.1,3.2,0.354,1,2.3,0.441,0.494,0.6,0.8,0.792,0.2,1.7,1.9,2.8,0.5,0.1,1.2,1.7,6,629,8,0.518,0.585,0.146,1,9.2,5.1,18.2,1.1,0.3,16.7,14.2,0,0.1,0.1,0.008,-2.4,-2.7,-5.1,-0.5
2018/2019,101869000,101869000,838464,Phoenix Suns,24,PHO,Arizona,West,Pacific,19,63,0.232,107.5,116.8,-8.61,Isaiah Canaan,PG,27,744671,756945,19,15,26.5,2.7,6.8,0.395,1.3,3.8,0.347,1.4,3,0.456,0.492,0.8,1.1,0.75,0.3,2.3,2.6,3.3,0.6,0,1.5,2.4,7.5,503,7.3,0.515,0.558,0.155,1.1,9.8,5.4,17,1.1,0,17.4,14.2,-0.1,0,-0.1,-0.007,-2.7,-2.5,-5.2,-0.4
2018/2019,101869000,101869000,838464,Minnesota Timberwolves,18,MIN,Minnesota,West,Northwest,36,46,0.439,112.5,114,-1.02,Isaiah Canaan,PG,27,744671,756945,7,1,13.6,1.6,4.1,0.379,1,2.7,0.368,0.6,1.4,0.4,0.5,0.6,0.6,1,0,0.7,0.7,2.7,0.3,0.1,0.6,0.6,4.7,95,12.3,0.536,0.655,0.138,0,5.7,2.8,26.9,1,0.9,11.5,15.4,0.1,0,0.2,0.079,-0.4,-4.6,-5,-0.1
2018/2019,101869000,101869000,838464,Milwaukee Bucks,17,MIL,Wisconsin,East,Central,60,22,0.732,118.1,109.3,8.04,Isaiah Canaan,PG,27,744671,756945,4,0,7.8,0.5,1.5,0.333,0.5,1.3,0.4,0,0.3,0,0.5,0,0,,0.3,0.8,1,0.8,0,0.3,0.5,0.5,1.5,31,5.2,0.5,0.833,0,3.5,9.3,6.6,11.6,0,2.7,25,10.8,0,0,0,0.03,-4.2,-0.1,-4.3,0
2018/2019,101869000,101869000,838464,Houston Rockets,11,HOU,Texas,West,Southwest,53,29,0.646,113.9,109.1,4.96,Clint Capela,C,24,15793104,16053450,67,67,33.6,7.1,10.9,0.648,0,0,,7.1,10.9,0.648,0.648,2.5,3.9,0.636,4.4,8.2,12.7,1.4,0.7,1.5,1.4,2.5,16.6,2249,23.8,0.658,0,0.357,14.4,27.6,20.8,7.1,1,3.9,10,18.2,7.8,3,10.8,0.23,1.3,1.6,2.9,2.8
2018/2019,101869000,101869000,838464,Brooklyn Nets,3,BRK,New York,East,Atlantic,42,40,0.512,112.2,112.3,-0.4,DeMarre Carroll,PF,32,15400000,15653866,67,8,25.4,3.4,8.6,0.395,1.6,4.6,0.342,1.8,4,0.457,0.487,2.7,3.6,0.76,1,4.2,5.2,1.3,0.5,0.1,1.1,1.7,11.1,1703,12.1,0.546,0.539,0.421,4.2,17.3,10.8,7.2,0.9,0.5,9.7,18.6,1.5,1.6,3.1,0.088,-1,-0.7,-1.7,0.1
2018/2019,101869000,101869000,838464,Memphis Grizzlies,15,MEM,Tennessee,West,Southwest,33,49,0.402,103.5,106.1,-2.08,Jevon Carter,PG,23,838464,852285,39,3,14.8,1.4,4.7,0.303,0.9,2.6,0.333,0.6,2.1,0.265,0.395,0.7,0.8,0.813,0.4,1.3,1.7,1.8,0.7,0.3,0.8,1.4,4.4,577,7.8,0.432,0.551,0.173,2.7,10.3,6.4,17.4,2.2,1.8,14.2,18,-0.7,0.7,0,-0.003,-3.8,-0.1,-4,-0.3
2018/2019,101869000,101869000,838464,Atlanta Hawks,1,ATL,Georgia,East,Southeast,29,53,0.354,113.3,119.4,-6.06,Vince Carter,PF,42,2393887,2433349,76,9,17.5,2.6,6.2,0.419,1.6,4.2,0.389,1,2,0.48,0.55,0.6,0.9,0.712,0.4,2.1,2.6,1.1,0.6,0.4,0.6,1.9,7.4,1330,11.8,0.565,0.675,0.141,2.4,13.2,7.7,9.3,1.5,1.8,8.8,16.7,1.2,0.7,1.9,0.07,-0.2,-1.4,-1.6,0.1
2018/2019,101869000,101869000,838464,Chicago Bulls,5,CHI,Illinois,East,Central,22,60,0.268,104.9,113.4,-8.32,Wendell Carter,C,19,4446840,4520145,44,44,25.2,4.1,8.4,0.485,0.1,0.7,0.188,4,7.7,0.513,0.493,2,2.5,0.795,2,5,7,1.8,0.6,1.3,1.5,3.5,10.3,1110,15.2,0.541,0.086,0.302,8.4,21.8,15,10.7,1.1,4.5,13.4,19.1,0.7,1.2,1.9,0.08,-2.4,1.8,-0.5,0.4
2018/2019,101869000,101869000,838464,#N/A,#N/A,TOT,#N/A,#N/A,#N/A,#N/A,#N/A,#N/A,#N/A,#N/A,#N/A,Michael Carter-Williams,PG,27,1468082,1492281,28,1,13.3,1.6,4.4,0.374,0.4,1.4,0.263,1.3,3,0.424,0.415,1.1,1.9,0.604,0.7,1.8,2.5,2.5,0.7,0.5,0.7,1.7,4.8,372,14.7,0.458,0.309,0.431,5.4,15,10.1,26.5,2.6,3.4,12,19.4,0.2,0.6,0.8,0.099,-2,2,0,0.2
2018/2019,101869000,101869000,838464,Houston Rockets,11,HOU,Texas,West,Southwest,53,29,0.646,113.9,109.1,4.96,Michael Carter-Williams,PG,27,1468082,1492281,16,1,9.1,1.6,3.8,0.41,0.4,1.2,0.368,1.1,2.6,0.429,0.467,0.8,1.6,0.462,0.2,0.6,0.8,1.3,0.6,0.4,0.6,1.7,4.3,145,12.7,0.476,0.311,0.426,2.2,7.8,5,22.7,3,3.5,12.1,24.7,0,0.2,0.1,0.044,-3.3,-0.3,-3.7,-0.1
2018/2019,101869000,101869000,838464,Orlando Magic,22,ORL,Florida,East,Southeast,42,40,0.512,107.3,106.6,0.28,Michael Carter-Williams,PG,27,1468082,1492281,12,0,18.9,1.8,5.2,0.339,0.3,1.6,0.158,1.5,3.6,0.419,0.363,1.7,2.3,0.741,1.3,3.4,4.8,4.1,0.9,0.8,0.8,1.8,5.4,227,16.1,0.44,0.306,0.435,7.4,19.6,13.5,28.9,2.4,3.3,11.9,16.1,0.2,0.4,0.6,0.134,-1.1,3.5,2.4,0.3
2018/2019,101869000,101869000,838464,Los Angeles Lakers,14,LAL,California,West,Pacific,37,45,0.451,111.8,113.5,-1.33,Alex Caruso,PG,24,77250,78523,25,4,21.2,3.1,6.9,0.445,1,2,0.48,2.1,4.9,0.431,0.514,2,2.6,0.797,0.8,1.9,2.7,3.1,1,0.4,1.7,2.2,9.2,531,13.9,0.569,0.289,0.37,4,9,6.5,19.7,2.1,1.4,17.3,19,0.5,0.6,1,0.093,-0.9,0,-0.9,0.2
2018/2019,101869000,101869000,838464,Memphis Grizzlies,15,MEM,Tennessee,West,Southwest,33,49,0.402,103.5,106.1,-2.08,Omri Casspi,SF,30,2176260,2212135,36,0,14.4,2.4,4.5,0.534,0.4,1.2,0.349,2,3.3,0.602,0.581,1.1,1.6,0.672,0.5,2.7,3.2,0.7,0.6,0.3,0.6,1,6.3,520,15.7,0.606,0.267,0.36,3.6,21.5,12.4,8.1,1.9,1.6,11,18,0.6,0.7,1.3,0.119,-2,0.1,-1.8,0
2018/2019,101869000,101869000,838464,Sacramento Kings,26,SAC,California,West,Pacific,39,43,0.476,114.2,115.3,-0.81,Willie Cauley-Stein,C,25,4696874,4774301,81,81,27.3,5.1,9.1,0.556,0,0,0.5,5.1,9.1,0.556,0.557,1.7,3.1,0.551,2.2,6.1,8.4,2.4,1.2,0.6,1,2.8,11.9,2213,18,0.566,0.003,0.343,8.2,23.7,15.8,12.3,2,2,9,17.5,3.8,2.9,6.7,0.146,-0.2,2.2,2,2.3
2018/2019,101869000,101869000,838464,Orlando Magic,22,ORL,Florida,East,Southeast,42,40,0.512,107.3,106.6,0.28,Troy Caupain,PG,23,77250,78523,4,0,4,1,2,0.5,0.5,0.8,0.667,0.5,1.3,0.4,0.625,0,0,,0.3,0.5,0.8,1,0.3,0,0,0,2.5,16,30.7,0.625,0.375,0,6.6,13.6,10,42.5,3.1,0,0,21.8,0.1,0,0.1,0.347,9.4,-0.4,8.9,0
2018/2019,101869000,101869000,838464,Utah Jazz,29,UTA,Utah,West,Northwest,50,32,0.61,111.7,106.5,5.28,Tyler Cavanaugh,PF,24,77250,78523,11,0,3.5,0.3,0.9,0.3,0.1,0.5,0.2,0.2,0.5,0.4,0.35,0.2,0.2,1,0.3,0.5,0.7,0.1,0,0,0.1,0.3,0.8,39,5,0.414,0.5,0.2,8.5,13.6,11.1,3.4,0,0,8.4,13,0,0,0,0.026,-4.8,-2.1,-6.9,0
2018/2019,101869000,101869000,838464,#N/A,#N/A,TOT,#N/A,#N/A,#N/A,#N/A,#N/A,#N/A,#N/A,#N/A,#N/A,Tyson Chandler,C,36,13585000,13808945,55,6,15.9,1.1,1.8,0.616,0,0,0,1.1,1.8,0.622,0.616,0.9,1.6,0.586,1.7,3.9,5.6,0.7,0.4,0.4,0.8,2,3.1,875,11.2,0.63,0.01,0.879,11.1,25.3,18.3,5.3,1.1,2.2,23.4,8.5,0.9,1.2,2.1,0.114,-3.1,1.8,-1.3,0.2
2018/2019,101869000,101869000,838464,Phoenix Suns,24,PHO,Arizona,West,Pacific,19,63,0.232,107.5,116.8,-8.61,Tyson Chandler,C,36,13585000,13808945,7,0,12.7,1.1,1.7,0.667,0,0,,1.1,1.7,0.667,0.667,1.4,2.6,0.556,1,4.6,5.6,0.9,0.3,0.1,1,3,3.7,89,11.5,0.653,0,1.5,8.6,40.5,24.3,9.1,1.1,0.9,26,13,0.1,0.1,0.2,0.092,-5,0,-5,-0.1
2018/2019,101869000,101869000,838464,Los Angeles Lakers,14,LAL,California,West,Pacific,37,45,0.451,111.8,113.5,-1.33,Tyson Chandler,C,36,13585000,13808945,48,6,16.4,1.1,1.8,0.609,0,0,0,1.1,1.8,0.616,0.609,0.9,1.4,0.594,1.8,3.8,5.6,0.6,0.4,0.5,0.7,1.9,3.1,786,11.2,0.626,0.011,0.793,11.4,23.6,17.6,4.8,1.1,2.3,23,8,0.9,1.1,1.9,0.117,-2.9,2,-0.9,0.2
2018/2019,101869000,101869000,838464,#N/A,#N/A,TOT,#N/A,#N/A,#N/A,#N/A,#N/A,#N/A,#N/A,#N/A,#N/A,Wilson Chandler,PF-SF,31,12800562,13011577,51,33,23.1,2.2,5.4,0.418,1.2,3.1,0.373,1.1,2.3,0.478,0.526,0.4,0.5,0.72,0.9,3.3,4.2,1.6,0.5,0.4,0.9,2.4,6,1177,8.5,0.537,0.579,0.092,4.4,14.6,9.7,9.1,1,1.4,13.9,11.8,0.5,1,1.5,0.062,-1.3,0.3,-1,0.3
2018/2019,101869000,101869000,838464,Philadelphia 76ers,23,PHI,Pennsylvania,East,Atlantic,51,31,0.622,115.2,112.5,2.25,Wilson Chandler,PF,31,12800562,13011577,36,32,26.4,2.5,5.8,0.44,1.3,3.3,0.39,1.3,2.5,0.506,0.551,0.4,0.5,0.722,1.2,3.4,4.7,2,0.6,0.5,1.1,2.6,6.7,951,9.1,0.561,0.57,0.087,5,13.4,9.4,9.9,1.1,1.5,15.4,11.2,0.6,0.9,1.5,0.074,-0.8,0.6,-0.1,0.4
2018/2019,101869000,101869000,838464,Los Angeles Clippers,13,LAC,California,West,Pacific,48,34,0.585,115.1,114.3,1.09,Wilson Chandler,SF,31,12800562,13011577,15,1,15.1,1.5,4.4,0.348,0.9,2.7,0.325,0.7,1.7,0.385,0.447,0.3,0.5,0.714,0.3,2.9,3.1,0.7,0.2,0.2,0.5,1.9,4.3,226,5.8,0.463,0.606,0.106,1.9,19.5,11,5.9,0.6,1.1,9.2,14.2,-0.1,0.2,0,0.009,-3.5,-1.3,-4.8,-0.2
2018/2019,101869000,101869000,838464,Charlotte Hornets,4,CHO,North Carolina,East,Southeast,39,43,0.476,110.7,111.8,-1.32,Joe Chealey,PG,23,77250,78523,1,0,8,1,3,0.333,0,0,,1,3,0.333,0.333,0,0,,0,0,0,1,0,0,0,1,2,8,2,0.333,0,0,0,0,0,17.7,0,0,0,16.2,0,0,0,-0.08,-9,-8.2,-17.2,0
2018/2019,101869000,101869000,838464,Houston Rockets,11,HOU,Texas,West,Southwest,53,29,0.646,113.9,109.1,4.96,Chris Chiozza,PG,23,137374,139638,7,0,4.7,0.3,1.1,0.25,0.3,0.7,0.4,0,0.4,0,0.375,0,0,,0.1,0.4,0.6,0.6,0.1,0.1,0.1,0.3,0.9,33,7,0.375,0.625,0,3.3,10.3,6.7,16.1,1.5,2.6,11.1,11.8,0,0,0,0.023,-4.5,-0.2,-4.7,0
2018/2019,101869000,101869000,838464,#N/A,#N/A,TOT,#N/A,#N/A,#N/A,#N/A,#N/A,#N/A,#N/A,#N/A,#N/A,Marquese Chriss,PF,21,3206160,3259013,43,2,11.6,1.6,4.2,0.372,0.4,1.7,0.222,1.2,2.5,0.472,0.417,0.7,1,0.711,0.9,2.4,3.3,0.5,0.4,0.3,0.8,1.9,4.2,499,9.2,0.455,0.4,0.25,8.6,23.6,15.8,6.5,1.7,1.9,15.3,20.6,-0.6,0.4,-0.2,-0.023,-4.8,-1.4,-6.2,-0.5
2018/2019,101869000,101869000,838464,Houston Rockets,11,HOU,Texas,West,Southwest,53,29,0.646,113.9,109.1,4.96,Marquese Chriss,PF,21,3206160,3259013,16,0,6.5,0.7,2.1,0.324,0.1,0.9,0.067,0.6,1.2,0.526,0.338,0.4,0.4,0.857,0.4,1.3,1.8,0.4,0.1,0.3,0.8,1.1,1.8,104,3.4,0.391,0.441,0.206,7.3,22.8,14.9,8.2,0.9,3.3,24.4,20.5,-0.3,0.1,-0.2,-0.101,-9.2,-0.2,-9.4,-0.2
2018/2019,101869000,101869000,838464,Cleveland Cavaliers,6,CLE,Ohio,East,Central,19,63,0.232,104.5,114.1,-9.39,Marquese Chriss,PF,21,3206160,3259013,27,2,14.6,2.1,5.4,0.384,0.6,2.1,0.263,1.5,3.3,0.461,0.435,1,1.4,0.684,1.2,3,4.2,0.6,0.6,0.3,0.9,2.4,5.7,395,10.7,0.47,0.39,0.26,8.9,23.8,16,6.1,1.9,1.5,12.9,20.7,-0.3,0.2,0,-0.003,-3.7,-1.7,-5.4,-0.3
2018/2019,101869000,101869000,838464,Houston Rockets,11,HOU,Texas,West,Southwest,53,29,0.646,113.9,109.1,4.96,Gary Clark,PF,24,674122,685234,51,2,12.6,1,3,0.331,0.8,2.7,0.297,0.2,0.3,0.692,0.467,0.1,0.1,1,0.5,1.8,2.3,0.4,0.4,0.5,0.1,0.9,2.9,641,9.2,0.48,0.914,0.046,4.1,16.2,10,3.8,1.5,3.5,4.3,10.9,0.3,0.7,1,0.071,-2.4,0.6,-1.8,0
2018/2019,101869000,101869000,838464,New Orleans Pelicans,19,NOP,Louisiana,West,Southwest,33,49,0.402,115.4,116.8,-1.1,Ian Clark,SG,27,1757429,1786399,60,6,16.2,2.5,6.4,0.394,1.1,3.4,0.327,1.4,3,0.47,0.48,0.6,0.6,0.892,0.2,1.3,1.5,1.6,0.4,0.1,1,1.6,6.7,973,8.3,0.502,0.527,0.097,1.4,8,4.7,12.9,1.1,0.7,12.7,19.3,-0.4,0.3,-0.1,-0.003,-2.2,-2.9,-5.1,-0.8
2018/2019,101869000,101869000,838464,Cleveland Cavaliers,6,CLE,Ohio,East,Central,19,63,0.232,104.5,114.1,-9.39,Jordan Clarkson,SG,26,12500000,12706060,81,0,27.3,6.5,14.6,0.448,1.8,5.5,0.324,4.8,9.1,0.524,0.509,2,2.4,0.844,1,2.3,3.3,2.4,0.7,0.2,1.7,1.4,16.8,2214,16.8,0.539,0.377,0.163,3.9,9.9,6.8,15.6,1.3,0.5,9.6,27.6,1.9,-0.1,1.8,0.039,1.5,-3.5,-2,0
2018/2019,101869000,101869000,838464,Atlanta Hawks,1,ATL,Georgia,East,Southeast,29,53,0.354,113.3,119.4,-6.06,John Collins,PF,21,2299080,2336979,61,59,30,7.6,13.6,0.56,0.9,2.6,0.348,6.7,11,0.609,0.593,3.3,4.4,0.763,3.6,6.2,9.8,2,0.4,0.6,2,3.3,19.5,1829,21.8,0.627,0.19,0.32,12.3,22.1,17.1,11,0.6,1.8,11.2,23.7,5,1,6,0.158,2.6,-1.2,1.4,1.6
2018/2019,101869000,101869000,838464,Portland Trail Blazers,25,POR,Oregon,West,Northwest,53,29,0.646,114.7,110.5,4.43,Zach Collins,C,21,3628920,3688742,77,0,17.6,2.5,5.2,0.473,0.5,1.6,0.331,1.9,3.6,0.534,0.523,1.2,1.6,0.746,1.4,2.8,4.2,0.9,0.3,0.9,1,2.3,6.6,1356,13.5,0.562,0.303,0.315,8.8,16.5,12.7,7.1,0.9,3.9,14.5,16.6,1.4,1.5,2.9,0.104,-0.9,1,0.1,0.7
2018/2019,101869000,101869000,838464,Indiana Pacers,12,IND,Indiana,East,Central,48,34,0.585,108,104.7,2.76,Darren Collison,PG,31,10000000,10164848,76,76,28.2,4.1,8.7,0.467,1,2.6,0.407,3,6.1,0.492,0.527,2.1,2.5,0.832,0.5,2.6,3.1,6,1.4,0.1,1.6,1.8,11.2,2143,16.7,0.574,0.294,0.288,1.9,9.9,6,29.9,2.5,0.4,14.4,17.7,3.9,2.9,6.8,0.153,1.2,0,1.2,1.8
2018/2019,101869000,101869000,838464,Milwaukee Bucks,17,MIL,Wisconsin,East,Central,60,22,0.732,118.1,109.3,8.04,Bonzie Colson,SF,23,77250,78523,8,2,12.3,1.6,4.9,0.333,0.6,2.6,0.238,1,2.3,0.444,0.397,1,1.1,0.889,1,2.8,3.8,0.4,0.6,0.1,0.4,0.4,4.9,98,12.9,0.454,0.538,0.231,8.8,21.5,15.5,4,2.4,0.9,6.5,19.6,0,0.2,0.2,0.085,-3.3,-1,-4.3,-0.1
2018/2019,101869000,101869000,838464,Memphis Grizzlies,15,MEM,Tennessee,West,Southwest,33,49,0.402,103.5,106.1,-2.08,Mike Conley,PG,31,30521115,31024250,70,70,33.5,7,16,0.438,2.2,6.1,0.364,4.8,9.9,0.483,0.507,4.9,5.8,0.845,0.6,2.8,3.4,6.4,1.3,0.3,1.9,1.8,21.1,2342,21.4,0.569,0.38,0.363,1.9,9.7,5.7,33.4,2,0.9,9.1,27.3,5.7,2.3,8,0.164,4.8,-1.3,3.4,3.2
2018/2019,101869000,101869000,838464,Milwaukee Bucks,17,MIL,Wisconsin,East,Central,60,22,0.732,118.1,109.3,8.04,Pat Connaughton,SG,26,1641000,1668051,61,2,20.7,2.7,5.7,0.466,1.1,3.3,0.33,1.6,2.5,0.647,0.56,0.5,0.7,0.725,1,3.2,4.2,2,0.5,0.4,0.5,1.3,6.9,1261,13.6,0.573,0.571,0.114,5.2,15,10.4,12.6,1.2,1.7,8.2,13.3,2,1.9,3.9,0.149,0.4,1.2,1.6,1.2
2018/2019,101869000,101869000,838464,Golden State Warriors,10,GSW,California,West,Pacific,57,25,0.695,117.7,111.2,6.42,Quinn Cook,PG,25,1544951,1570419,74,10,14.3,2.8,5.9,0.465,1.1,2.7,0.405,1.7,3.2,0.515,0.557,0.3,0.4,0.769,0.3,1.8,2.1,1.6,0.3,0,0.7,1.2,6.9,1059,13.1,0.565,0.456,0.059,2.3,13,7.9,15.2,0.9,0.2,10,20.2,1,0.8,1.8,0.082,-0.2,-2.7,-2.9,-0.2
2018/2019,101869000,101869000,838464,Golden State Warriors,10,GSW,California,West,Pacific,57,25,0.695,117.7,111.2,6.42,DeMarcus Cousins,C,28,5337000,5424979,30,30,25.7,5.9,12.4,0.48,0.9,3.2,0.274,5.1,9.2,0.551,0.515,3.5,4.8,0.736,1.4,6.8,8.2,3.6,1.3,1.5,2.4,3.6,16.3,771,21.4,0.562,0.256,0.388,6.2,27,17.1,20.4,2.5,4.8,14.2,28.1,0.9,1.5,2.4,0.151,0.2,3.4,3.6,1.1
2018/2019,101869000,101869000,838464,#N/A,#N/A,TOT,#N/A,#N/A,#N/A,#N/A,#N/A,#N/A,#N/A,#N/A,#N/A,Robert Covington,SF,28,10464092,10636590,35,35,34.4,4.5,10.3,0.431,2.4,6.4,0.378,2,3.9,0.518,0.548,1.9,2.5,0.764,0.8,4.7,5.5,1.3,2.1,1.3,1.3,3.6,13.3,1203,13.3,0.58,0.622,0.246,2.5,14.6,8.5,5.2,2.9,3.2,10.5,15.6,0.9,1.6,2.5,0.1,0.4,1.9,2.4,1.3
2018/2019,101869000,101869000,838464,Philadelphia 76ers,23,PHI,Pennsylvania,East,Atlantic,51,31,0.622,115.2,112.5,2.25,Robert Covington,SF,28,10464092,10636590,13,13,33.8,3.8,9,0.427,2.3,5.9,0.39,1.5,3.1,0.5,0.556,1.3,1.8,0.739,0.5,4.6,5.2,1.1,1.8,1.8,1.7,3.5,11.3,440,11,0.578,0.658,0.197,1.7,14,8.1,4.3,2.6,4.1,14.8,14.2,0,0.7,0.7,0.077,-1.2,2.5,1.2,0.4
2018/2019,101869000,101869000,838464,Minnesota Timberwolves,18,MIN,Minnesota,West,Northwest,36,46,0.439,112.5,114,-1.02,Robert Covington,SF,28,10464092,10636590,22,22,34.7,4.8,11.1,0.433,2.5,6.7,0.372,2.3,4.4,0.526,0.545,2.3,3,0.773,1,4.8,5.7,1.5,2.3,1.1,1.1,3.7,14.5,763,14.7,0.58,0.604,0.269,2.9,14.9,8.8,5.8,3.1,2.7,8.4,16.5,0.9,0.9,1.8,0.114,1.4,1.6,3,1
2018/2019,101869000,101869000,838464,Brooklyn Nets,3,BRK,New York,East,Atlantic,42,40,0.512,112.2,112.3,-0.4,Allen Crabbe,SG,26,19332500,19651193,43,20,26.3,3.2,8.7,0.367,2.3,6,0.378,0.9,2.7,0.342,0.499,1,1.3,0.732,0.4,3.1,3.4,1.1,0.5,0.3,1.1,2.4,9.6,1133,7.7,0.519,0.694,0.15,1.5,12.2,6.9,5.8,1,0.9,10.4,16.4,-0.2,1,0.8,0.035,-1.9,-0.5,-2.5,-0.1
2018/2019,101869000,101869000,838464,Denver Nuggets,8,DEN,Colorado,West,Northwest,54,28,0.659,110.7,106.7,4.19,Torrey Craig,SF,28,2000000,2032969,75,37,20,2.1,4.8,0.442,0.8,2.5,0.324,1.3,2.3,0.569,0.526,0.7,0.9,0.7,1.2,2.3,3.5,1,0.5,0.6,0.6,2.3,5.7,1503,10.4,0.547,0.519,0.193,6.4,12.6,9.5,6.3,1.2,2.7,10.1,12.4,1.4,1.7,3,0.096,-1,0.9,-0.1,0.7
2018/2019,101869000,101869000,838464,Phoenix Suns,24,PHO,Arizona,West,Pacific,19,63,0.232,107.5,116.8,-8.61,Jamal Crawford,SG,38,4698113,4775559,64,0,18.9,2.7,6.8,0.397,1,3.2,0.332,1.7,3.7,0.453,0.474,1.5,1.7,0.845,0.1,1.2,1.3,3.6,0.5,0.2,1.5,1.2,7.9,1211,11.7,0.522,0.461,0.251,0.7,7.2,3.9,27.7,1.3,0.8,16.9,20.8,0.1,0,0.2,0.006,-2,-4.1,-6,-1.2
2018/2019,101869000,101869000,838464,#N/A,#N/A,TOT,#N/A,#N/A,#N/A,#N/A,#N/A,#N/A,#N/A,#N/A,#N/A,Mitch Creek,SF,26,56845,57782,5,0,9.6,1.6,3.2,0.5,0,0.4,0,1.6,2.8,0.571,0.5,1,1.4,0.714,1.2,1.2,2.4,1.2,0.4,0,0.2,0.6,4.2,48,20.2,0.55,0.125,0.438,13.2,13.1,13.2,18.6,2,0,5,17.6,0.1,0,0.2,0.196,1.9,-0.3,1.7,0
2018/2019,101869000,101869000,838464,Brooklyn Nets,3,BRK,New York,East,Atlantic,42,40,0.512,112.2,112.3,-0.4,Mitch Creek,SF,26,56845,57782,4,0,9,1.3,2.5,0.5,0,0.3,0,1.3,2.3,0.556,0.5,1.3,1.8,0.714,1.3,1.3,2.5,1.3,0.3,0,0,0.8,3.8,36,21.5,0.573,0.1,0.7,14.6,14.5,14.6,20.2,1.3,0,0,15.3,0.2,0,0.2,0.258,3.2,0,3.2,0
2018/2019,101869000,101869000,838464,Minnesota Timberwolves,18,MIN,Minnesota,West,Northwest,36,46,0.439,112.5,114,-1.02,Mitch Creek,SF,26,56845,57782,1,0,12,3,6,0.5,0,1,0,3,5,0.6,0.5,0,0,,1,1,2,1,1,0,1,0,6,12,16.3,0.5,0.167,0,8.8,9,8.9,13.6,4,0,14.3,24.5,0,0,0,0.011,-1.9,-0.9,-2.9,0
2018/2019,101869000,101869000,838464,Utah Jazz,29,UTA,Utah,West,Northwest,50,32,0.61,111.7,106.5,5.28,Jae Crowder,SF,28,7305825,7426260,80,11,27.1,4,10,0.399,2.2,6.5,0.331,1.8,3.4,0.527,0.508,1.8,2.5,0.721,0.8,4.1,4.8,1.7,0.8,0.4,1.1,2.1,11.9,2166,12.1,0.538,0.655,0.247,3.1,15.9,9.6,8.9,1.4,1.1,8.8,19.1,1.3,3.1,4.4,0.097,0,0.4,0.4,1.3
2018/2019,101869000,101869000,838464,San Antonio Spurs,27,SAS,Texas,West,Southwest,48,34,0.585,111.7,110,1.8,Dante Cunningham,PF,31,2487000,2527997,64,21,14.5,1.2,2.5,0.475,0.5,1,0.462,0.7,1.5,0.484,0.57,0.2,0.3,0.778,0.8,2.2,2.9,0.8,0.4,0.2,0.3,1.1,3,928,10.2,0.585,0.411,0.114,5.7,16.3,11,6.8,1.4,1.2,11.7,8.9,1,0.9,1.9,0.097,-1,0.8,-0.1,0.4
2018/2019,101869000,101869000,838464,Portland Trail Blazers,25,POR,Oregon,West,Northwest,53,29,0.646,114.7,110.5,4.43,Seth Curry,SG,28,2795000,2841075,74,2,18.9,2.9,6.3,0.456,1.5,3.4,0.45,1.3,2.9,0.463,0.577,0.6,0.7,0.846,0.4,1.3,1.6,0.9,0.5,0.2,0.8,1.3,7.9,1399,11.4,0.595,0.54,0.112,2.1,6.9,4.6,6.5,1.2,0.7,11.1,16.6,1.5,0.9,2.4,0.082,0.5,-1.8,-1.3,0.2
2018/2019,101869000,101869000,838464,Golden State Warriors,10,GSW,California,West,Pacific,57,25,0.695,117.7,111.2,6.42,Stephen Curry,PG,30,37457154,38074629,69,69,33.8,9.2,19.4,0.472,5.1,11.7,0.437,4,7.7,0.525,0.604,3.8,4.2,0.916,0.7,4.7,5.3,5.2,1.3,0.4,2.8,2.4,27.3,2331,24.4,0.641,0.604,0.214,2.2,14.2,8.4,24.2,1.9,0.9,11.6,30.4,7.2,2.5,9.7,0.199,7.7,-1.4,6.3,4.9
2018/2019,101869000,101869000,838464,Phoenix Suns,24,PHO,Arizona,West,Pacific,19,63,0.232,107.5,116.8,-8.61,Troy Daniels,SG,27,3258539,3312255,51,1,14.9,2.2,5.4,0.411,1.5,3.8,0.381,0.8,1.6,0.481,0.545,0.4,0.5,0.783,0.3,1.2,1.4,0.5,0.5,0.1,0.5,1.5,6.2,760,9.8,0.558,0.705,0.084,1.9,8.9,5.3,5,1.6,0.5,8.7,17.6,0.2,0.1,0.3,0.02,-1,-3.4,-4.4,-0.5
2018/2019,101869000,101869000,838464,New Orleans Pelicans,19,NOP,Louisiana,West,Southwest,33,49,0.402,115.4,116.8,-1.1,Anthony Davis,C,25,25434263,25853542,56,56,33,9.5,18.3,0.517,0.9,2.6,0.331,8.6,15.7,0.547,0.54,6.1,7.7,0.794,3.1,8.9,12,3.9,1.6,2.4,2,2.4,25.9,1850,30.3,0.597,0.141,0.422,9.9,27.5,18.8,19,2.2,6,8.4,29.5,6.4,3.1,9.5,0.247,4.7,3.9,8.5,4.9
2018/2019,101869000,101869000,838464,Atlanta Hawks,1,ATL,Georgia,East,Southeast,29,53,0.354,113.3,119.4,-6.06,Deyonta Davis,C,22,1741503,1770211,9,0,13.1,1.7,2.4,0.682,0,0.1,0,1.7,2.3,0.714,0.682,0.7,1.1,0.6,1.1,2.9,4,0.6,0.3,0.6,0.3,1.3,4,118,15.6,0.682,0.045,0.455,8.7,23.7,16,5.8,1.2,3.7,10.2,10.1,0.3,0.1,0.4,0.145,-1.7,1,-0.7,0
2018/2019,101869000,101869000,838464,Brooklyn Nets,3,BRK,New York,East,Atlantic,42,40,0.512,112.2,112.3,-0.4,Ed Davis,C,29,4449000,4522341,81,1,17.9,2.3,3.7,0.616,0,0,0,2.3,3.7,0.62,0.616,1.2,2,0.617,2.7,5.9,8.6,0.8,0.4,0.4,0.8,2.8,5.8,1446,17.3,0.632,0.007,0.536,15.8,34.6,25.2,6,1.2,1.8,14.6,12.7,3.3,2.5,5.7,0.191,-1.4,1.7,0.4,0.9
2018/2019,101869000,101869000,838464,Oklahoma City Thunder,21,OKC,Oklahoma,West,Northwest,49,33,0.598,114.5,111.1,3.56,Tyler Davis,C,21,77250,78523,1,0,1,0,1,0,0,0,,0,1,0,0,0,0,,1,0,1,0,0,0,0,0,0,1,0,0,0,0,100,0,51.6,0,0,0,0,40.7,0,0,0,-0.471,-15,-20.5,-35.5,0
2018/2019,101869000,101869000,838464,Atlanta Hawks,1,ATL,Georgia,East,Southeast,29,53,0.354,113.3,119.4,-6.06,Dewayne Dedmon,C,29,6300000,6403854,64,52,25.1,4,8.2,0.492,1.3,3.4,0.382,2.8,4.8,0.57,0.571,1.4,1.8,0.814,1.6,5.9,7.5,1.4,1.1,1.1,1.3,3.3,10.8,1609,16,0.602,0.413,0.215,6.7,25,15.7,8.1,2,3.8,12.7,16.7,2.1,1.9,4,0.119,-0.4,1.7,1.3,1.3
2018/2019,101869000,101869000,838464,#N/A,#N/A,TOT,#N/A,#N/A,#N/A,#N/A,#N/A,#N/A,#N/A,#N/A,#N/A,Sam Dekker,PF,24,2760094,2805593,47,5,16.8,2.6,5.4,0.469,0.4,1.3,0.306,2.1,4.1,0.521,0.506,0.6,1,0.609,1.1,2,3.1,1,0.8,0.1,0.5,1,6.1,788,13.3,0.519,0.242,0.18,7.2,13.5,10.2,8.3,2.3,0.7,8,16.2,0.6,0.5,1,0.064,-1.5,-0.8,-2.3,-0.1
2018/2019,101869000,101869000,838464,Cleveland Cavaliers,6,CLE,Ohio,East,Central,19,63,0.232,104.5,114.1,-9.39,Sam Dekker,PF,24,2760094,2805593,9,5,18.8,2.4,5.3,0.458,0.6,1.4,0.385,1.9,3.9,0.486,0.51,0.9,1.1,0.8,1,2.7,3.7,1,1.2,0,0.6,1.4,6.3,169,14,0.544,0.271,0.208,5.7,16.5,10.8,7.9,3.2,0,8.7,14.9,0.2,0.1,0.3,0.08,-1,-0.4,-1.4,0
2018/2019,101869000,101869000,838464,Washington Wizards,30,WAS,Washington DC,East,Southeast,32,50,0.39,114,116.9,-3.3,Sam Dekker,PF,24,2760094,2805593,38,0,16.3,2.6,5.5,0.471,0.4,1.3,0.286,2.2,4.2,0.528,0.505,0.5,0.9,0.556,1.2,1.9,3,1,0.7,0.2,0.5,0.9,6.1,619,13.2,0.514,0.236,0.173,7.6,12.6,10.1,8.4,2.1,1,7.8,16.6,0.4,0.4,0.8,0.059,-1.6,-0.9,-2.5,-0.1
2018/2019,101869000,101869000,838464,Los Angeles Clippers,13,LAC,California,West,Pacific,48,34,0.585,115.1,114.3,1.09,Angel Delgado,C,24,77250,78523,2,0,7.5,0.5,2.5,0.2,0,0,,0.5,2.5,0.2,0.2,0.5,1,0.5,1,1,2,0,0.5,0,0,1,1.5,15,4.3,0.255,0,0.4,14.6,13.7,14.1,0,3.1,0,0,16.5,0,0,0,-0.055,-8.7,-4,-12.7,0
2018/2019,101869000,101869000,838464,#N/A,#N/A,TOT,#N/A,#N/A,#N/A,#N/A,#N/A,#N/A,#N/A,#N/A,#N/A,Matthew Dellavedova,PG,28,9607500,9765878,48,0,16.9,2,5,0.405,0.9,2.7,0.338,1.1,2.3,0.482,0.496,0.9,1.1,0.808,0.1,1.5,1.6,3.8,0.3,0,1.4,1.6,5.9,812,11.1,0.532,0.537,0.215,0.8,9.9,5.2,31.9,0.8,0.2,20.4,17.9,0.5,0,0.5,0.028,-1.3,-4.1,-5.5,-0.7
2018/2019,101869000,101869000,838464,Milwaukee Bucks,17,MIL,Wisconsin,East,Central,60,22,0.732,118.1,109.3,8.04,Matthew Dellavedova,PG,28,9607500,9765878,12,0,8.1,0.5,1.6,0.316,0.3,0.9,0.364,0.2,0.7,0.25,0.421,0.3,0.3,1,0,0.8,0.8,2.4,0.2,0,0.9,0.8,1.7,97,7.5,0.482,0.579,0.211,0,9.9,5.2,35.7,1,0,34.6,13.7,0,0.1,0.1,0.043,-5.5,-3.1,-8.6,-0.2
2018/2019,101869000,101869000,838464,Cleveland Cavaliers,6,CLE,Ohio,East,Central,19,63,0.232,104.5,114.1,-9.39,Matthew Dellavedova,PG,28,9607500,9765878,36,0,19.9,2.6,6.2,0.413,1.1,3.3,0.336,1.4,2.9,0.5,0.502,1.1,1.3,0.792,0.2,1.7,1.9,4.2,0.3,0.1,1.6,1.8,7.3,715,11.5,0.537,0.534,0.215,0.9,9.9,5.2,31.3,0.8,0.2,18.9,18.4,0.5,-0.1,0.4,0.026,-0.8,-4.3,-5.1,-0.6
2018/2019,101869000,101869000,838464,Minnesota Timberwolves,18,MIN,Minnesota,West,Northwest,36,46,0.439,112.5,114,-1.02,Luol Deng,SF,33,16747954,17024040,22,2,17.8,2.7,5.4,0.5,0.6,2,0.318,2,3.4,0.608,0.559,1.1,1.6,0.714,0.9,2.4,3.3,0.8,0.7,0.4,0.6,1.1,7.1,392,14.6,0.588,0.373,0.297,5.4,14.6,10,6.5,1.8,1.7,9.5,15.8,0.5,0.3,0.8,0.101,-0.2,-0.5,-0.6,0.1
2018/2019,101869000,101869000,838464,San Antonio Spurs,27,SAS,Texas,West,Southwest,48,34,0.585,111.7,110,1.8,DeMar DeRozan,SG,29,27739975,28197264,77,77,34.9,8.2,17.1,0.481,0.1,0.6,0.156,8.1,16.5,0.492,0.483,4.8,5.7,0.83,0.7,5.3,6,6.2,1.1,0.5,2.6,2.3,21.2,2688,19.6,0.542,0.034,0.336,2.2,16.4,9.4,27.6,1.6,1.1,11.7,27.9,3.6,2.6,6.3,0.112,0.4,0.5,0.9,2
2018/2019,101869000,101869000,838464,Golden State Warriors,10,GSW,California,West,Pacific,57,25,0.695,117.7,111.2,6.42,Marcus Derrickson,PF,22,77250,78523,11,0,6.1,1.5,3,0.485,0.9,1.8,0.5,0.5,1.2,0.462,0.636,0.4,0.5,0.8,0.7,0.5,1.2,0.1,0,0.1,0.3,0.8,4.2,67,19.4,0.653,0.606,0.152,13.3,7.6,10.4,2.2,0,1.3,7.9,24.4,0.2,0,0.2,0.155,3.9,-6.6,-2.8,0
2018/2019,101869000,101869000,838464,New Orleans Pelicans,19,NOP,Louisiana,West,Southwest,33,49,0.402,115.4,116.8,-1.1,Cheick Diallo,PF,22,1544951,1570419,64,1,14,2.6,4.2,0.62,0,0.1,0.25,2.6,4.2,0.625,0.622,0.8,1,0.746,1.2,4,5.2,0.5,0.5,0.5,0.8,1.8,6,896,17.5,0.644,0.015,0.247,8.8,29.3,19.2,5.1,1.5,3,14,16,1.4,1.2,2.6,0.14,-2.1,0.5,-1.6,0.1
2018/2019,101869000,101869000,838464,Oklahoma City Thunder,21,OKC,Oklahoma,West,Northwest,49,33,0.598,114.5,111.1,3.56,Hamidou Diallo,SG,20,838464,852285,51,3,10.3,1.5,3.2,0.455,0.1,0.5,0.167,1.4,2.8,0.504,0.467,0.7,1.2,0.61,0.7,1.2,1.9,0.3,0.4,0.2,0.5,1.5,3.7,526,10.1,0.497,0.145,0.358,7.2,12,9.5,4.4,1.9,1.6,10.7,16.6,0.1,0.7,0.8,0.069,-4.3,-0.3,-4.7,-0.4
2018/2019,101869000,101869000,838464,Minnesota Timberwolves,18,MIN,Minnesota,West,Northwest,36,46,0.439,112.5,114,-1.02,Gorgui Dieng,C,29,15170787,15420875,76,2,13.6,2.5,5,0.501,0.3,0.7,0.339,2.2,4.2,0.53,0.527,1.2,1.4,0.83,1.1,3,4.1,0.9,0.6,0.5,0.8,1.8,6.4,1031,18.1,0.572,0.149,0.281,8.3,24.1,16.1,10.3,2.2,3.4,11.9,19.6,1.5,1.3,2.8,0.132,-0.9,1.4,0.5,0.7
2018/2019,101869000,101869000,838464,Brooklyn Nets,3,BRK,New York,East,Atlantic,42,40,0.512,112.2,112.3,-0.4,Spencer Dinwiddie,PG,25,1656092,1683392,68,4,28.1,5.4,12.2,0.442,1.8,5.4,0.335,3.6,6.7,0.528,0.517,4.2,5.2,0.806,0.4,2.1,2.4,4.6,0.6,0.3,2.2,2.8,16.8,1914,16.3,0.58,0.447,0.43,1.4,7.6,4.6,25.6,1,0.7,13.4,24.9,3.5,1.4,4.8,0.121,1.9,-2.1,-0.2,0.8
2018/2019,101869000,101869000,838464,Milwaukee Bucks,17,MIL,Wisconsin,East,Central,60,22,0.732,118.1,109.3,8.04,Donte DiVincenzo,SG,22,2484360,2525314,27,0,15.2,1.9,4.6,0.403,0.8,3.1,0.265,1,1.5,0.683,0.492,0.3,0.4,0.75,0.6,1.8,2.4,1.1,0.5,0.2,0.7,1.4,4.9,411,9.1,0.507,0.669,0.097,4.2,11.4,8,9.7,1.5,1.2,12.8,15.1,0,0.6,0.6,0.069,-1.9,0.1,-1.8,0
2018/2019,101869000,101869000,838464,Dallas Mavericks,7,DAL,Texas,West,Southwest,33,49,0.402,108.9,110.1,-0.87,Luka Doncic,SG,19,6569040,6677329,72,72,32.2,7,16.5,0.427,2.3,7.1,0.327,4.7,9.3,0.503,0.497,4.8,6.7,0.713,1.2,6.6,7.8,6,1.1,0.3,3.4,1.9,21.2,2318,19.6,0.545,0.433,0.409,4,21.9,13,31.6,1.6,0.9,15,30.5,2.1,2.8,4.9,0.101,2.9,1.2,4.1,3.6
2018/2019,101869000,101869000,838464,#N/A,#N/A,TOT,#N/A,#N/A,#N/A,#N/A,#N/A,#N/A,#N/A,#N/A,#N/A,Tyler Dorsey,SG,22,1378242,1400962,48,11,14.5,2.2,5.5,0.405,0.9,2.8,0.333,1.3,2.8,0.477,0.489,0.8,1.3,0.623,0.6,1.8,2.4,1.2,0.3,0,0.6,1.1,6.2,698,11.2,0.509,0.5,0.231,4.2,13.7,8.9,12.4,1,0.3,8.5,19.7,0.2,0.4,0.6,0.043,-1.4,-2.4,-3.8,-0.3
2018/2019,101869000,101869000,838464,Atlanta Hawks,1,ATL,Georgia,East,Southeast,29,53,0.354,113.3,119.4,-6.06,Tyler Dorsey,SG,22,1378242,1400962,27,0,9.3,1.2,3.3,0.36,0.4,1.4,0.256,0.8,1.9,0.44,0.416,0.6,1,0.615,0.3,1.3,1.6,0.6,0.3,0,0.4,0.7,3.3,251,7.8,0.448,0.438,0.292,3.7,14.6,9,9.3,1.3,0.3,9.1,17.9,-0.2,0.1,-0.1,-0.01,-4.3,-2.6,-6.9,-0.3
2018/2019,101869000,101869000,838464,Memphis Grizzlies,15,MEM,Tennessee,West,Southwest,33,49,0.402,103.5,106.1,-2.08,Tyler Dorsey,SG,22,1378242,1400962,21,11,21.3,3.6,8.3,0.429,1.6,4.4,0.366,2,3.9,0.5,0.526,1,1.7,0.629,0.9,2.5,3.3,1.9,0.3,0,0.8,1.6,9.8,447,13.1,0.541,0.531,0.2,4.4,13.3,8.8,14.2,0.8,0.2,8.2,20.7,0.4,0.3,0.7,0.073,0.2,-2.3,-2.1,0
2018/2019,101869000,101869000,838464,New York Knicks,20,NYK,New York,East,Atlantic,17,65,0.207,104.6,113.8,-8.93,Damyean Dotson,SG,24,1378242,1400962,73,40,27.5,4,9.6,0.415,1.7,4.7,0.368,2.2,4.9,0.461,0.506,1,1.3,0.745,0.5,3.1,3.6,1.8,0.8,0.1,1,1.8,10.7,2004,10.8,0.526,0.49,0.14,1.7,12.2,6.8,10.4,1.4,0.4,8.7,17.3,0.7,0.9,1.5,0.037,-0.9,-1.4,-2.3,-0.2
2018/2019,101869000,101869000,838464,Boston Celtics,2,BOS,Massachusetts,East,Atlantic,49,33,0.598,112.4,108,3.9,PJ Dozier,SG,22,77250,78523,6,0,8.5,1.3,3.5,0.381,0.3,1.3,0.25,1,2.2,0.462,0.429,0.2,0.3,0.5,1,1.8,2.8,0.8,0.3,0,0,0.3,3.2,51,16,0.434,0.381,0.095,12.5,23.1,17.8,13.7,1.9,0,0,18.5,0.1,0.1,0.1,0.125,-0.5,-0.5,-1.1,0
2018/2019,101869000,101869000,838464,Miami Heat,16,MIA,Florida,East,Southeast,39,43,0.476,105.7,105.9,-0.45,Goran Dragic,PG,32,18109175,18407701,36,22,27.5,5,12,0.413,1.6,4.6,0.348,3.4,7.5,0.454,0.479,2.2,2.8,0.782,0.6,2.5,3.1,4.8,0.8,0.1,2,2.3,13.7,991,13.9,0.517,0.379,0.233,2.1,9.8,6,27.3,1.5,0.5,12.9,23.7,0.6,1,1.6,0.079,0.1,-1.3,-1.2,0.2
2018/2019,101869000,101869000,838464,Detroit Pistons,9,DET,Michigan,East,Central,41,41,0.5,107,107.3,-0.56,Andre Drummond,C,25,25434262,25853541,79,79,33.5,7.1,13.3,0.533,0.1,0.5,0.132,7,12.8,0.548,0.536,3.1,5.2,0.59,5.4,10.2,15.6,1.4,1.7,1.7,2.2,3.4,17.3,2647,23.4,0.555,0.036,0.392,16.8,34.7,25.4,7.2,2.5,4.4,12.4,22.9,4.1,5.9,10,0.181,-0.7,3.6,2.9,3.3
2018/2019,101869000,101869000,838464,Brooklyn Nets,3,BRK,New York,East,Atlantic,42,40,0.512,112.2,112.3,-0.4,Jared Dudley,PF,33,9530000,9687100,59,25,20.7,1.7,4.1,0.423,0.9,2.6,0.351,0.8,1.5,0.545,0.533,0.5,0.8,0.696,0.6,2.1,2.6,1.4,0.6,0.3,0.7,2.2,4.9,1220,7.8,0.554,0.632,0.192,2.9,10.4,6.7,9.2,1.4,1,14.2,10.4,0.6,1.2,1.8,0.07,-1.7,1,-0.7,0.4
2018/2019,101869000,101869000,838464,Chicago Bulls,5,CHI,Illinois,East,Central,22,60,0.268,104.9,113.4,-8.32,Kris Dunn,PG,24,4221000,4290582,46,44,30.2,4.7,11,0.425,0.7,2.1,0.354,3.9,8.9,0.441,0.458,1.2,1.5,0.797,0.4,3.7,4.1,6,1.5,0.5,2.3,3.6,11.3,1389,12.4,0.484,0.19,0.136,1.5,13.3,7.3,30,2.4,1.3,16.2,20.1,-0.5,1.2,0.6,0.022,-2,0.3,-1.8,0.1
2018/2019,101869000,101869000,838464,Golden State Warriors,10,GSW,California,West,Pacific,57,25,0.695,117.7,111.2,6.42,Kevin Durant,SF,30,30000000,30494545,78,78,34.6,9.2,17.7,0.521,1.8,5,0.353,7.5,12.8,0.587,0.571,5.7,6.5,0.885,0.4,5.9,6.4,5.9,0.7,1.1,2.9,2,26,2702,24.2,0.631,0.281,0.366,1.4,17.5,9.8,26.2,1,2.6,12.3,29,8.6,2.9,11.5,0.204,4.2,0.1,4.3,4.3
2018/2019,101869000,101869000,838464,Milwaukee Bucks,17,MIL,Wisconsin,East,Central,60,22,0.732,118.1,109.3,8.04,Trevon Duval,PG,20,77250,78523,3,0,2,0.7,1,0.667,0.3,0.3,1,0.3,0.7,0.5,0.833,0,0,,0,0.3,0.3,0.7,0,0,0,0,1.7,6,38.3,0.833,0.333,0,0,16,8.5,59,0,0,0,20.9,0.1,0,0.1,0.537,13.8,-4.1,9.7,0
2018/2019,101869000,101869000,838464,Houston Rockets,11,HOU,Texas,West,Southwest,53,29,0.646,113.9,109.1,4.96,Vincent Edwards,SF,22,77250,78523,2,0,8,0.5,2,0.25,0.5,2,0.25,0,0,,0.375,0,0,,0.5,0.5,1,0,0,0,0,0,1.5,16,3.8,0.375,1,0,6.8,7.1,6.9,0,0,0,0,10.9,0,0,0,-0.014,-4.3,-5.5,-9.8,0
2018/2019,101869000,101869000,838464,#N/A,#N/A,TOT,#N/A,#N/A,#N/A,#N/A,#N/A,#N/A,#N/A,#N/A,#N/A,Henry Ellenson,PF,22,2199311,2235566,19,0,13.6,2.1,5,0.411,0.9,2,0.447,1.2,3,0.386,0.5,1,1.3,0.76,0.3,3.2,3.5,0.8,0.4,0.1,0.5,1.4,6,259,13.1,0.538,0.4,0.263,2,25.5,13.4,9.6,1.3,0.7,7.8,19,0.2,0.2,0.4,0.077,-2.5,-1.6,-4,-0.1
2018/2019,101869000,101869000,838464,Detroit Pistons,9,DET,Michigan,East,Central,41,41,0.5,107,107.3,-0.56,Henry Ellenson,PF,22,2199311,2235566,2,0,12.5,2,5,0.4,1,2,0.5,1,3,0.333,0.5,1,1,1,0,4.5,4.5,0.5,0,0,0,1,6,25,14.8,0.551,0.4,0.2,0,40.9,19.7,6.2,0,0,0,18.8,0,0,0.1,0.149,-3.7,-2.9,-6.6,0
2018/2019,101869000,101869000,838464,New York Knicks,20,NYK,New York,East,Atlantic,17,65,0.207,104.6,113.8,-8.93,Henry Ellenson,PF,22,2199311,2235566,17,0,13.8,2.1,5,0.412,0.9,2,0.441,1.2,3,0.392,0.5,1,1.4,0.739,0.3,3.1,3.4,0.9,0.4,0.1,0.5,1.5,6,234,12.9,0.536,0.4,0.271,2.2,23.8,12.7,10,1.4,0.7,8.6,19,0.1,0.2,0.3,0.07,-2.3,-1.4,-3.8,-0.1
2018/2019,101869000,101869000,838464,#N/A,#N/A,TOT,#N/A,#N/A,#N/A,#N/A,#N/A,#N/A,#N/A,#N/A,#N/A,Wayne Ellington,SG,31,8653076,8795719,53,38,24.5,3.5,8.6,0.403,2.6,7,0.371,0.9,1.6,0.541,0.554,0.7,0.9,0.796,0.3,1.8,2,1.4,1,0.1,0.8,1.7,10.3,1297,11.8,0.569,0.814,0.107,1.1,7.9,4.5,8.3,2,0.4,7.7,17.2,1.3,1.4,2.6,0.097,1.2,-1,0.2,0.7
2018/2019,101869000,101869000,838464,Miami Heat,16,MIA,Florida,East,Southeast,39,43,0.476,105.7,105.9,-0.45,Wayne Ellington,SG,31,8653076,8795719,25,12,21.3,2.8,7.4,0.375,2.3,6.2,0.368,0.5,1.2,0.414,0.53,0.6,0.6,0.875,0.2,1.6,1.9,1.2,1,0.1,0.6,1.6,8.4,533,10.8,0.547,0.842,0.087,1.2,8.2,4.7,7.8,2.2,0.5,6.8,16.5,0.4,0.6,1,0.091,0.5,-0.9,-0.4,0.2
2018/2019,101869000,101869000,838464,Detroit Pistons,9,DET,Michigan,East,Central,41,41,0.5,107,107.3,-0.56,Wayne Ellington,SG,31,8653076,8795719,28,26,27.3,4.1,9.8,0.421,2.9,7.8,0.373,1.2,2,0.607,0.57,0.9,1.2,0.758,0.3,1.9,2.1,1.5,1.1,0.1,0.9,1.9,12,764,12.5,0.584,0.795,0.121,1.1,7.7,4.3,8.6,1.9,0.3,8.3,17.7,0.9,0.7,1.6,0.102,1.7,-1.1,0.6,0.5
2018/2019,101869000,101869000,838464,Philadelphia 76ers,23,PHI,Pennsylvania,East,Atlantic,51,31,0.622,115.2,112.5,2.25,Joel Embiid,C,24,25467250,25887073,64,64,33.7,9.1,18.7,0.484,1.2,4.1,0.3,7.8,14.6,0.535,0.517,8.2,10.1,0.804,2.5,11.1,13.6,3.7,0.7,1.9,3.5,3.3,27.5,2154,26.1,0.593,0.219,0.541,8.1,34,21.4,18.4,1,4.4,13.2,33.3,4.9,3.8,8.7,0.194,2,2.1,4.1,3.3
2018/2019,101869000,101869000,838464,#N/A,#N/A,TOT,#N/A,#N/A,#N/A,#N/A,#N/A,#N/A,#N/A,#N/A,#N/A,James Ennis,SF,28,1621415,1648143,58,27,21.2,2.4,5.1,0.469,0.9,2.7,0.353,1.4,2.4,0.601,0.563,1,1.4,0.716,1,2.1,3.1,0.7,0.7,0.4,0.6,2.6,6.7,1230,11,0.59,0.531,0.276,5.3,10.9,8.1,4.7,1.6,1.6,9.3,12.7,1.6,1,2.6,0.103,-0.5,-0.2,-0.7,0.4
2018/2019,101869000,101869000,838464,Houston Rockets,11,HOU,Texas,West,Southwest,53,29,0.646,113.9,109.1,4.96,James Ennis,SF,28,1621415,1648143,40,25,23.7,2.6,5.3,0.493,1.1,3,0.367,1.5,2.3,0.659,0.597,1.1,1.5,0.724,0.9,2,2.9,0.7,1,0.4,0.6,2.8,7.4,949,11.3,0.622,0.569,0.275,4.2,9.5,6.8,4.1,2,1.4,8.9,11.9,1.4,0.8,2.2,0.112,-0.1,0.2,0.1,0.5
2018/2019,101869000,101869000,838464,Philadelphia 76ers,23,PHI,Pennsylvania,East,Atlantic,51,31,0.622,115.2,112.5,2.25,James Ennis,SF,28,1621415,1648143,18,2,15.6,1.9,4.6,0.41,0.6,2,0.306,1.3,2.6,0.489,0.476,0.9,1.3,0.696,1.3,2.3,3.6,0.8,0.2,0.4,0.6,2.2,5.3,281,9.9,0.51,0.434,0.277,8.9,15.4,12.2,6.7,0.5,2,10.6,15.5,0.2,0.2,0.4,0.071,-2,-1.2,-3.2,-0.1
2018/2019,101869000,101869000,838464,San Antonio Spurs,27,SAS,Texas,West,Southwest,48,34,0.585,111.7,110,1.8,Drew Eubanks,PF,21,77250,78523,23,0,4.9,0.7,1.1,0.577,0,0,,0.7,1.1,0.577,0.577,0.5,0.6,0.846,0.3,1.2,1.5,0.3,0.1,0.2,0.3,0.5,1.8,113,15.1,0.646,0,0.5,5.8,26.8,16.4,8.3,0.9,3.7,20.1,15.5,0.1,0.2,0.3,0.12,-3.6,1.3,-2.3,0
2018/2019,101869000,101869000,838464,Golden State Warriors,10,GSW,California,West,Pacific,57,25,0.695,117.7,111.2,6.42,Jacob Evans,SG,21,1646400,1673540,30,1,6.8,0.6,1.8,0.34,0.1,0.5,0.267,0.5,1.3,0.368,0.377,0,0,0,0.2,0.6,0.8,0.8,0.2,0.1,0.4,0.9,1.3,204,3.5,0.374,0.283,0.019,3.3,9.5,6.5,13.7,1.2,1.2,17.1,13.5,-0.3,0.2,-0.1,-0.03,-5.9,-0.9,-6.9,-0.3
2018/2019,101869000,101869000,838464,#N/A,#N/A,TOT,#N/A,#N/A,#N/A,#N/A,#N/A,#N/A,#N/A,#N/A,#N/A,Jawun Evans,PG,22,1455492,1479485,8,0,8.1,0.4,1.8,0.214,0,0.4,0,0.4,1.4,0.273,0.214,0,0,,0.1,1.4,1.5,1.3,0.4,0,0.8,1,0.8,65,0.1,0.214,0.214,0,1.7,19,10.2,19.7,2.2,0,30,13.2,-0.2,0,-0.2,-0.151,-10.4,-0.1,-10.5,-0.1
2018/2019,101869000,101869000,838464,Phoenix Suns,24,PHO,Arizona,West,Pacific,19,63,0.232,107.5,116.8,-8.61,Jawun Evans,PG,22,1455492,1479485,7,0,9.1,0.4,1.9,0.231,0,0.3,0,0.4,1.6,0.273,0.231,0,0,,0.1,1.6,1.7,1.4,0.4,0,0.9,1.1,0.9,64,0.7,0.231,0.154,0,1.7,19.3,10.4,20,2.2,0,31.6,12.7,-0.2,0,-0.2,-0.139,-10.1,0.1,-10,-0.1
2018/2019,101869000,101869000,838464,Oklahoma City Thunder,21,OKC,Oklahoma,West,Northwest,49,33,0.598,114.5,111.1,3.56,Jawun Evans,PG,22,1455492,1479485,1,0,1,0,1,0,0,1,0,0,0,,0,0,0,,0,0,0,0,0,0,0,0,0,1,-38.1,0,1,0,0,0,0,0,0,0,0,40.7,0,0,0,-0.946,-25.2,-13.6,-38.9,0
2018/2019,101869000,101869000,838464,Indiana Pacers,12,IND,Indiana,East,Central,48,34,0.585,108,104.7,2.76,Tyreke Evans,SG,29,12400000,12604412,69,18,20.3,3.7,9.6,0.389,1.1,3.1,0.356,2.6,6.4,0.405,0.448,1.7,2.3,0.719,0.5,2.4,2.9,2.4,0.8,0.3,1.7,1.7,10.2,1402,11.5,0.483,0.327,0.242,2.7,13,7.9,17.5,2,1.1,13.9,26.4,-1.7,2,0.3,0.01,-3.1,-0.5,-3.6,-0.6
2018/2019,101869000,101869000,838464,Utah Jazz,29,UTA,Utah,West,Northwest,50,32,0.61,111.7,106.5,5.28,Dante Exum,PG,23,10600000,10774739,42,1,15.8,2.4,5.7,0.419,0.4,1.5,0.29,2,4.3,0.464,0.456,1.6,2,0.791,0.4,1.2,1.6,2.6,0.3,0.1,1.2,1.6,6.9,664,11.2,0.516,0.257,0.357,2.7,8.3,5.5,24.1,1,0.6,15.7,21.3,0.2,0.7,1,0.069,-2.6,-1.4,-4,-0.3
2018/2019,101869000,101869000,838464,#N/A,#N/A,TOT,#N/A,#N/A,#N/A,#N/A,#N/A,#N/A,#N/A,#N/A,#N/A,Kenneth Faried,C,29,14242782,14477571,37,13,19.7,4.2,7.2,0.589,0.2,0.7,0.32,4,6.5,0.617,0.604,1.7,2.7,0.646,2.6,4.1,6.8,0.5,0.5,0.6,0.9,2.2,10.4,728,21.6,0.622,0.094,0.374,14.4,23.4,18.8,4.6,1.1,2.7,9.7,20.3,2.1,0.9,2.9,0.193,-0.2,-1,-1.2,0.2
2018/2019,101869000,101869000,838464,Brooklyn Nets,3,BRK,New York,East,Atlantic,42,40,0.512,112.2,112.3,-0.4,Kenneth Faried,C,29,14242782,14477571,12,0,9.8,2.1,3.5,0.595,0.1,0.4,0.2,2,3.1,0.649,0.607,0.8,1.3,0.625,1.3,2.4,3.7,0.2,0.2,0.3,0.5,0.7,5.1,118,20.5,0.622,0.119,0.381,13.4,25.7,19.6,2.8,0.8,2.7,10.9,19.6,0.2,0.2,0.4,0.168,-2,-1.5,-3.5,0
2018/2019,101869000,101869000,838464,Houston Rockets,11,HOU,Texas,West,Southwest,53,29,0.646,113.9,109.1,4.96,Kenneth Faried,C,29,14242782,14477571,25,13,24.4,5.2,8.9,0.587,0.3,0.8,0.35,5,8.1,0.611,0.603,2.2,3.3,0.651,3.3,5,8.2,0.7,0.6,0.8,1.1,3,12.9,610,21.8,0.622,0.09,0.372,14.6,23,18.7,4.9,1.2,2.6,9.4,20.4,1.8,0.7,2.5,0.198,0.1,-0.9,-0.7,0.2
2018/2019,101869000,101869000,838464,Utah Jazz,29,UTA,Utah,West,Northwest,50,32,0.61,111.7,106.5,5.28,Derrick Favors,C,27,16900000,17178593,76,70,23.2,4.8,8.1,0.586,0.2,1,0.218,4.6,7.1,0.64,0.6,2,3,0.675,2.7,4.6,7.4,1.2,0.7,1.4,1.1,2.1,11.8,1766,21.8,0.624,0.126,0.368,12.9,21.3,17.2,8,1.5,4.8,10.5,19.4,4.4,3.5,7.9,0.215,1.1,3.2,4.3,2.8
2018/2019,101869000,101869000,838464,Chicago Bulls,5,CHI,Illinois,East,Central,22,60,0.268,104.9,113.4,-8.32,Cristiano Felicio,C,26,8470980,8610622,60,0,12.4,1.6,3,0.531,0,0.1,0,1.6,2.9,0.543,0.531,0.8,1.2,0.685,1.3,2.3,3.6,0.6,0.2,0.1,0.6,1.2,4,746,13.4,0.568,0.022,0.408,11.4,20.5,15.9,7.2,0.7,0.8,13.5,14.3,0.9,0.4,1.4,0.088,-2.5,-1.1,-3.5,-0.3
2018/2019,101869000,101869000,838464,Oklahoma City Thunder,21,OKC,Oklahoma,West,Northwest,49,33,0.598,114.5,111.1,3.56,Raymond Felton,PG,34,2393887,2433349,33,0,11.5,1.7,4.1,0.407,0.6,1.8,0.328,1.1,2.2,0.473,0.481,0.4,0.4,0.923,0.1,0.9,1,1.6,0.3,0.2,0.4,0.9,4.3,379,11.2,0.505,0.452,0.096,1.1,8.4,4.6,18.7,1.2,1.3,9,16.6,0.3,0.4,0.7,0.087,-2.3,-1.9,-4.2,-0.2
2018/2019,101869000,101869000,838464,Oklahoma City Thunder,21,OKC,Oklahoma,West,Northwest,49,33,0.598,114.5,111.1,3.56,Terrance Ferguson,SG,20,2118840,2153768,74,74,26.1,2.5,5.8,0.429,1.4,3.9,0.366,1.1,1.9,0.56,0.552,0.5,0.7,0.725,0.4,1.5,1.9,1,0.5,0.2,0.6,3.1,6.9,1931,6.4,0.566,0.673,0.118,1.7,6,3.8,4.8,1,0.7,9.4,10.6,1.2,1.6,2.8,0.07,-1.5,-0.5,-1.9,0
2018/2019,101869000,101869000,838464,Sacramento Kings,26,SAC,California,West,Pacific,39,43,0.476,114.2,115.3,-0.81,Yogi Ferrell,PG,25,3000000,3049454,71,3,15,2.2,5,0.435,0.8,2.1,0.362,1.4,2.9,0.488,0.511,0.8,0.9,0.896,0.2,1.4,1.5,1.9,0.5,0.1,0.6,0.9,5.9,1067,12.7,0.55,0.423,0.19,1.2,9.5,5.3,17,1.6,0.3,9.5,16.3,1.3,0.6,1.9,0.087,-0.5,-1.8,-2.3,-0.1
2018/2019,101869000,101869000,838464,Dallas Mavericks,7,DAL,Texas,West,Southwest,33,49,0.402,108.9,110.1,-0.87,Dorian Finney-Smith,SF,25,1544951,1570419,81,26,24.5,2.8,6.5,0.432,1,3.1,0.311,1.8,3.4,0.544,0.507,0.9,1.3,0.709,1.7,3.1,4.8,1.2,0.9,0.4,0.9,2.3,7.5,1985,11,0.53,0.481,0.195,7.5,13.4,10.5,6.9,1.7,1.5,11.4,14,1.2,2,3.3,0.079,-1,1.1,0.2,1.1
2018/2019,101869000,101869000,838464,San Antonio Spurs,27,SAS,Texas,West,Southwest,48,34,0.585,111.7,110,1.8,Bryn Forbes,SG,25,3125000,3176515,82,81,28,4.4,9.6,0.456,2.1,5,0.426,2.3,4.6,0.489,0.568,0.8,1,0.885,0.2,2.7,2.9,2.1,0.5,0,1,1.9,11.8,2293,12,0.586,0.522,0.099,0.9,10.4,5.7,10.6,1,0.1,8.8,17.4,2.5,1.3,3.8,0.079,1,-1.7,-0.7,0.7
2018/2019,101869000,101869000,838464,Orlando Magic,22,ORL,Florida,East,Southeast,42,40,0.512,107.3,106.6,0.28,Evan Fournier,SG,26,17000000,17280242,81,81,31.5,5.8,13.2,0.438,1.9,5.6,0.34,3.9,7.6,0.509,0.509,1.7,2.1,0.806,0.5,2.7,3.2,3.6,0.9,0.1,1.9,2.8,15.1,2553,12.3,0.536,0.421,0.159,1.6,9.4,5.4,17.6,1.4,0.4,11.9,22.1,0.8,2.5,3.2,0.061,-0.4,-1.1,-1.5,0.3
2018/2019,101869000,101869000,838464,Sacramento Kings,26,SAC,California,West,Pacific,39,43,0.476,114.2,115.3,-0.81,De'Aaron Fox,PG,21,5470920,5561107,81,81,31.4,6.2,13.6,0.458,1.1,2.9,0.371,5.2,10.7,0.482,0.497,3.7,5.1,0.727,0.5,3.2,3.8,7.3,1.6,0.6,2.8,2.5,17.3,2546,18.1,0.544,0.211,0.378,1.7,10.8,6.2,33.2,2.4,1.5,15,24.5,3.2,2.5,5.6,0.106,1.1,0,1.1,2
2018/2019,101869000,101869000,838464,Orlando Magic,22,ORL,Florida,East,Southeast,42,40,0.512,107.3,106.6,0.28,Melvin Frazier,SG,22,1050000,1067309,10,0,4.4,0.7,2.1,0.333,0,0.6,0,0.7,1.5,0.467,0.333,0.1,0.4,0.25,0.3,0.2,0.5,0.1,0.1,0,0.1,0.6,1.5,44,1.2,0.33,0.286,0.19,7.2,4.9,6.1,3.3,1.1,0,4.2,23.5,-0.2,0,-0.1,-0.133,-8.4,-4.5,-12.9,-0.1
2018/2019,101869000,101869000,838464,#N/A,#N/A,TOT,#N/A,#N/A,#N/A,#N/A,#N/A,#N/A,#N/A,#N/A,#N/A,Tim Frazier,PG,28,1832107,1862308,59,19,19,2,4.4,0.444,0.6,1.7,0.366,1.3,2.7,0.494,0.515,0.7,0.9,0.759,0.7,2.2,2.8,4.2,0.5,0.1,1.3,1.9,5.3,1120,11.7,0.544,0.387,0.207,3.9,11.5,7.7,27.6,1.2,0.4,21.1,13.3,1.3,0.7,2,0.084,-1,-1.3,-2.3,-0.1
2018/2019,101869000,101869000,838464,New Orleans Pelicans,19,NOP,Louisiana,West,Southwest,33,49,0.402,115.4,116.8,-1.1,Tim Frazier,PG,28,1832107,1862308,47,17,19.3,1.9,4.1,0.451,0.6,1.6,0.351,1.3,2.5,0.517,0.521,0.7,0.9,0.78,0.7,2.2,2.9,4.4,0.5,0.1,1.3,2,5,909,11.6,0.552,0.395,0.21,3.7,11.8,7.8,28,1.3,0.4,22,12.3,1.1,0.4,1.5,0.081,-0.9,-1.3,-2.2,0
2018/2019,101869000,101869000,838464,Milwaukee Bucks,17,MIL,Wisconsin,East,Central,60,22,0.732,118.1,109.3,8.04,Tim Frazier,PG,28,1832107,1862308,12,2,17.6,2.3,5.5,0.424,0.8,2,0.417,1.5,3.5,0.429,0.5,0.8,1.1,0.692,0.8,1.8,2.6,3.5,0.4,0.1,1.3,1.6,6.3,211,11.8,0.523,0.364,0.197,4.6,10,7.5,26,1.1,0.4,18.2,17.4,0.2,0.3,0.4,0.097,-1.7,-1,-2.7,0
2018/2019,101869000,101869000,838464,Phoenix Suns,24,PHO,Arizona,West,Pacific,19,63,0.232,107.5,116.8,-8.61,Jimmer Fredette,SG,29,198579,201852,6,0,10.8,1.3,4.8,0.276,0,2.2,0,1.3,2.7,0.5,0.276,1,1,1,0.2,1,1.2,1.3,0.5,0,0.8,0.8,3.7,65,3.6,0.348,0.448,0.207,1.7,10.4,6,17.5,2.2,0,13.6,24.2,-0.2,0,-0.2,-0.166,-7.6,-3.5,-11.1,-0.1
2018/2019,101869000,101869000,838464,Cleveland Cavaliers,6,CLE,Ohio,East,Central,19,63,0.232,104.5,114.1,-9.39,Channing Frye,C,35,2393887,2433349,36,6,9.5,1.2,3.3,0.368,0.9,2.2,0.405,0.3,1.1,0.289,0.504,0.3,0.4,0.786,0.1,1.3,1.4,0.6,0.2,0.1,0.4,1.2,3.6,341,8.9,0.524,0.675,0.12,1.2,16.4,8.5,8.6,0.9,1.3,9.5,17.5,0.1,0,0.1,0.016,-1.9,-2.9,-4.8,-0.2
2018/2019,101869000,101869000,838464,Philadelphia 76ers,23,PHI,Pennsylvania,East,Atlantic,51,31,0.622,115.2,112.5,2.25,Markelle Fultz,SG,20,8339880,8477361,19,15,22.5,3.4,8.2,0.419,0.2,0.7,0.286,3.2,7.4,0.433,0.432,1.1,1.9,0.568,1.4,2.3,3.7,3.1,0.9,0.3,1.3,2.7,8.2,427,10.5,0.452,0.09,0.239,6.6,10.6,8.7,19.5,1.9,0.9,12.7,19.3,-0.1,0.4,0.3,0.035,-2.9,-0.1,-3.1,-0.1
2018/2019,101869000,101869000,838464,Los Angeles Clippers,13,LAC,California,West,Pacific,48,34,0.585,115.1,114.3,1.09,Danilo Gallinari,SF,30,21587579,21943446,68,68,30.3,6,13,0.463,2.4,5.5,0.433,3.6,7.5,0.484,0.554,5.4,6,0.904,0.8,5.3,6.1,2.6,0.7,0.3,1.5,1.9,19.8,2059,21,0.633,0.421,0.459,2.9,18.1,10.7,13.2,1.1,0.9,8.5,23.8,6.4,1.8,8.2,0.191,4.2,-1.2,2.9,2.6
2018/2019,101869000,101869000,838464,Detroit Pistons,9,DET,Michigan,East,Central,41,41,0.5,107,107.3,-0.56,Langston Galloway,SG,27,7000000,7115393,80,4,21.8,2.9,7.3,0.388,1.7,4.8,0.355,1.2,2.6,0.449,0.503,1,1.2,0.844,0.6,1.5,2.1,1.1,0.5,0.1,0.3,1.7,8.4,1745,10.7,0.534,0.647,0.164,3,7.9,5.4,7.3,1,0.4,3.7,16.1,2.1,1.3,3.4,0.094,0.2,-1.6,-1.3,0.3
2018/2019,101869000,101869000,838464,New York Knicks,20,NYK,New York,East,Atlantic,17,65,0.207,104.6,113.8,-8.93,Billy Garrett,SG,24,67370,68480,4,0,15.8,2.8,6.8,0.407,0,2,0,2.8,4.8,0.579,0.407,1,1,1,0,0.8,0.8,1.8,0.3,0.3,0.5,0.8,6.5,63,9.8,0.452,0.296,0.148,0,5.1,2.5,18,0.8,1.3,6.5,20.9,0,0,0,-0.019,-4,-4.4,-8.4,-0.1
2018/2019,101869000,101869000,838464,#N/A,#N/A,TOT,#N/A,#N/A,#N/A,#N/A,#N/A,#N/A,#N/A,#N/A,#N/A,Marc Gasol,C,34,24119025,24516623,79,72,30.8,4.9,11,0.448,1.3,3.5,0.363,3.7,7.6,0.487,0.505,2.4,3.2,0.759,1,6.9,7.9,4.4,1.1,1.1,2,2.7,13.6,2436,16.7,0.546,0.314,0.291,3.6,25.1,14.3,22.2,1.7,3.2,13.6,20.7,2,4,6,0.118,-0.3,3.1,2.8,3
2018/2019,101869000,101869000,838464,Memphis Grizzlies,15,MEM,Tennessee,West,Southwest,33,49,0.402,103.5,106.1,-2.08,Marc Gasol,C,34,24119025,24516623,53,53,33.7,5.7,12.9,0.444,1.4,4.2,0.344,4.3,8.7,0.491,0.499,2.9,3.8,0.756,1.1,7.5,8.6,4.7,1.1,1.2,2.2,2.8,15.7,1788,16.9,0.541,0.324,0.294,3.5,25.5,14.3,22.6,1.7,3.3,13.4,22.3,1,2.8,3.9,0.104,-0.3,3,2.7,2.1
2018/2019,101869000,101869000,838464,Toronto Raptors,28,TOR,Ontario,East,Atlantic,58,24,0.707,114.4,108.4,5.49,Marc Gasol,C,34,24119025,24516623,26,19,24.9,3.3,7.2,0.465,0.9,2,0.442,2.5,5.2,0.474,0.527,1.5,2,0.769,0.9,5.7,6.6,3.9,0.9,0.9,1.4,2.7,9.1,648,16,0.565,0.278,0.278,4.1,24,14.3,21.2,1.8,2.9,14.6,16.3,0.9,1.2,2.1,0.157,-0.3,3.5,3.2,0.9
2018/2019,101869000,101869000,838464,#N/A,#N/A,TOT,#N/A,#N/A,#N/A,#N/A,#N/A,#N/A,#N/A,#N/A,#N/A,Pau Gasol,C,38,17133285,17415724,30,6,12,1.4,3.1,0.447,0.2,0.4,0.462,1.2,2.7,0.444,0.479,0.9,1.3,0.7,0.7,3.8,4.6,1.7,0.2,0.5,0.5,1,3.9,360,16.7,0.529,0.138,0.426,6.7,34.2,20.6,19.1,0.7,3.5,12.5,15.6,0.5,0.5,1.1,0.142,-2.1,2.7,0.6,0.2
2018/2019,101869000,101869000,838464,San Antonio Spurs,27,SAS,Texas,West,Southwest,48,34,0.585,111.7,110,1.8,Pau Gasol,C,38,17133285,17415724,27,6,12.2,1.5,3.3,0.466,0.2,0.4,0.5,1.3,2.9,0.462,0.494,1,1.4,0.711,0.8,3.9,4.7,1.9,0.2,0.5,0.5,1,4.2,330,18,0.544,0.114,0.432,7.3,34.4,21,20.2,0.7,3.6,11.8,15.8,0.6,0.5,1.1,0.16,-1.4,2.8,1.5,0.3
2018/2019,101869000,101869000,838464,Milwaukee Bucks,17,MIL,Wisconsin,East,Central,60,22,0.732,118.1,109.3,8.04,Pau Gasol,C,38,17133285,17415724,3,0,10,0.3,2,0.167,0.3,1,0.333,0,1,0,0.25,0.3,0.7,0.5,0,3.3,3.3,0.7,0,0.3,0.7,0.3,1.3,30,1.7,0.291,0.5,0.333,0,31.9,16.9,7.7,0,2.8,22.5,12.4,-0.1,0.1,0,-0.063,-10.7,1.6,-9.1,-0.1
2018/2019,101869000,101869000,838464,San Antonio Spurs,27,SAS,Texas,West,Southwest,48,34,0.585,111.7,110,1.8,Rudy Gay,PF,32,10087200,10253485,69,51,26.7,5.4,10.8,0.504,1.1,2.7,0.402,4.4,8.1,0.537,0.554,1.7,2.1,0.816,0.9,5.9,6.8,2.6,0.8,0.5,1.7,2.3,13.7,1842,17.5,0.583,0.247,0.197,3.8,23.9,13.9,14.7,1.4,1.6,12.3,22.1,2.2,2.2,4.4,0.115,0.2,0.8,1,1.4
2018/2019,101869000,101869000,838464,Oklahoma City Thunder,21,OKC,Oklahoma,West,Northwest,49,33,0.598,114.5,111.1,3.56,Paul George,SF,28,30560700,31064488,77,77,36.9,9.2,21,0.438,3.8,9.8,0.386,5.4,11.1,0.484,0.529,5.9,7,0.839,1.4,6.8,8.2,4.1,2.2,0.4,2.7,2.8,28,2841,23.3,0.583,0.469,0.335,3.7,19.6,11.4,17.7,2.8,1,10,29.5,7,4.9,11.9,0.201,4.7,0.7,5.5,5.3
2018/2019,101869000,101869000,838464,Minnesota Timberwolves,18,MIN,Minnesota,West,Northwest,36,46,0.439,112.5,114,-1.02,Taj Gibson,PF,33,14000000,14230787,70,57,24.1,4.3,7.7,0.566,0.2,0.5,0.324,4.2,7.2,0.583,0.576,1.9,2.5,0.757,2.5,4.1,6.5,1.2,0.8,0.6,1,2.7,10.8,1686,17.8,0.612,0.063,0.33,10.8,18.3,14.5,7.3,1.5,2,10.6,17.2,3.7,1.4,5.1,0.144,0.8,0.2,1,1.3
2018/2019,101869000,101869000,838464,Sacramento Kings,26,SAC,California,West,Pacific,39,43,0.476,114.2,115.3,-0.81,Harry Giles,PF,20,2207040,2243422,58,0,14.1,3,6,0.503,0,0.1,0,3,5.9,0.512,0.503,1,1.6,0.637,1.1,2.7,3.8,1.5,0.5,0.4,1.3,2.6,7,820,14.4,0.526,0.017,0.261,8.1,20.1,14,15.2,1.8,2.3,15.8,23.2,0,1,1,0.056,-3,0.9,-2.1,0
2018/2019,101869000,101869000,838464,Los Angeles Clippers,13,LAC,California,West,Pacific,48,34,0.585,115.1,114.3,1.09,Shai Gilgeous-Alexander,PG,20,3375360,3431002,82,73,26.5,4.2,8.7,0.476,0.6,1.7,0.367,3.5,7,0.503,0.512,1.9,2.4,0.8,0.7,2.1,2.8,3.3,1.2,0.5,1.7,2.1,10.8,2174,13.4,0.554,0.194,0.272,2.9,8.3,5.7,17.8,2.1,1.6,15,18.3,1.5,1.9,3.3,0.074,-0.6,0.2,-0.3,0.9
2018/2019,101869000,101869000,838464,Utah Jazz,29,UTA,Utah,West,Northwest,50,32,0.61,111.7,106.5,5.28,Rudy Gobert,C,26,23491573,23878827,81,80,31.8,5.9,8.8,0.669,0,0,,5.9,8.8,0.669,0.669,4.1,6.4,0.636,3.8,9,12.9,2,0.8,2.3,1.6,2.9,15.9,2577,24.6,0.682,0,0.733,13.2,30.2,21.9,9.6,1.2,5.8,12.1,17.8,8.7,5.7,14.4,0.268,2,5.1,7,5.9
2018/2019,101869000,101869000,838464,Denver Nuggets,8,DEN,Colorado,West,Northwest,54,28,0.659,110.7,106.7,4.19,Brandon Goodwin,PG,23,56845,57782,16,0,3.6,0.4,1.4,0.261,0.1,0.4,0.333,0.3,1.1,0.235,0.304,0.6,0.7,0.818,0.1,0.1,0.2,0.9,0,0,0.2,0.4,1.4,57,8.3,0.413,0.261,0.478,1.9,3.8,2.8,32.1,0,0,9.7,23.1,0,0,0,0.021,-4.5,-6.4,-10.9,-0.1
2018/2019,101869000,101869000,838464,Orlando Magic,22,ORL,Florida,East,Southeast,42,40,0.512,107.3,106.6,0.28,Aaron Gordon,PF,23,21590909,21946831,78,78,33.8,6,13.4,0.449,1.6,4.4,0.349,4.5,9,0.499,0.507,2.4,3.2,0.731,1.7,5.7,7.4,3.7,0.7,0.7,2.1,2.2,16,2633,15.1,0.538,0.332,0.242,5.2,18.4,11.7,16.6,1.1,1.8,12.3,21.8,1.8,3.3,5.1,0.093,-0.2,1.2,1,2
2018/2019,101869000,101869000,838464,Houston Rockets,11,HOU,Texas,West,Southwest,53,29,0.646,113.9,109.1,4.96,Eric Gordon,SG,30,13500375,13722926,68,53,31.7,5.6,13.8,0.409,3.2,8.8,0.36,2.5,5,0.497,0.525,1.8,2.2,0.783,0.3,1.9,2.2,1.9,0.6,0.4,1.3,2.1,16.2,2158,12.2,0.549,0.64,0.162,0.9,6.9,3.8,9.4,0.9,1.1,8.2,22,1.7,1,2.6,0.059,0,-2.9,-2.9,-0.5
2018/2019,101869000,101869000,838464,Los Angeles Clippers,13,LAC,California,West,Pacific,48,34,0.585,115.1,114.3,1.09,Marcin Gortat,C,34,13565218,13788838,47,43,16,2.1,4,0.532,0,0,,2.1,4,0.532,0.532,0.7,1,0.729,1.4,4.1,5.6,1.4,0.1,0.5,1.1,2,5,751,12.8,0.562,0,0.258,9.8,26.5,18.4,12,0.4,2.5,19.4,14.4,0.6,0.8,1.4,0.089,-2.5,1.4,-1.1,0.2
2018/2019,101869000,101869000,838464,Charlotte Hornets,4,CHO,North Carolina,East,Southeast,39,43,0.476,110.7,111.8,-1.32,Devonte Graham,PG,23,988464,1004758,46,3,14.7,1.6,4.7,0.343,0.7,2.6,0.281,0.9,2.1,0.421,0.421,0.8,1,0.761,0.2,1.2,1.4,2.6,0.5,0,0.7,1,4.7,676,10.3,0.459,0.56,0.213,1.6,8.6,5,24.8,1.7,0.3,11.3,17,0.2,0.3,0.5,0.035,-1.6,-2.7,-4.3,-0.4
2018/2019,101869000,101869000,838464,Brooklyn Nets,3,BRK,New York,East,Atlantic,42,40,0.512,112.2,112.3,-0.4,Treveon Graham,SG,25,1512601,1537535,35,21,20.4,1.8,5.5,0.335,1.1,3.7,0.297,0.7,1.8,0.413,0.435,0.5,0.6,0.818,0.7,2.4,3.1,1,0.4,0.2,0.5,1.9,5.3,715,6.1,0.458,0.67,0.115,3.4,12.3,7.9,6.5,0.9,0.8,7.8,12.8,-0.1,0.6,0.5,0.033,-2.8,-0.1,-2.9,-0.2
2018/2019,101869000,101869000,838464,Oklahoma City Thunder,21,OKC,Oklahoma,West,Northwest,49,33,0.598,114.5,111.1,3.56,Jerami Grant,PF,24,8333333,8470706,80,77,32.7,5.1,10.3,0.497,1.4,3.7,0.392,3.7,6.6,0.555,0.567,2,2.8,0.71,1.2,4,5.2,1,0.8,1.3,0.8,2.7,13.6,2612,13.8,0.592,0.356,0.269,3.7,13.1,8.2,4.2,1.1,3.2,6.8,15.4,4,3.3,7.3,0.134,-0.6,0.9,0.3,1.5
2018/2019,101869000,101869000,838464,Orlando Magic,22,ORL,Florida,East,Southeast,42,40,0.512,107.3,106.6,0.28,Jerian Grant,PG,26,2639313,2682821,60,1,15.7,1.5,3.7,0.418,0.7,1.8,0.364,0.9,1.8,0.473,0.509,0.4,0.7,0.65,0.3,1.3,1.6,2.6,0.7,0.1,0.9,1.3,4.2,939,10.8,0.526,0.5,0.182,2.1,9.1,5.6,22.4,2.3,0.5,17.7,13.4,0.5,1.1,1.7,0.085,-1.9,-0.1,-2,0
2018/2019,101869000,101869000,838464,Oklahoma City Thunder,21,OKC,Oklahoma,West,Northwest,49,33,0.598,114.5,111.1,3.56,Donte Grantham,SF,23,77250,78523,3,0,0.7,0,0.7,0,0,0.7,0,0,0,,0,0,0,,0,0,0,0,0,0,0,0,0,2,-38.1,0,1,0,0,0,0,0,0,0,0,40.7,0,0,0,-0.946,-25.2,-13.6,-38.9,0
2018/2019,101869000,101869000,838464,Toronto Raptors,28,TOR,Ontario,East,Atlantic,58,24,0.707,114.4,108.4,5.49,Danny Green,SG,31,10000000,10164848,80,80,27.7,3.7,7.9,0.465,2.5,5.4,0.455,1.2,2.4,0.487,0.622,0.5,0.6,0.841,0.8,3.2,4,1.6,0.9,0.7,0.9,2.1,10.3,2216,13,0.632,0.69,0.07,3,12.2,7.7,7.7,1.6,2,10.4,14.1,3,2.9,5.9,0.128,1.7,1.2,2.9,2.7
2018/2019,101869000,101869000,838464,Golden State Warriors,10,GSW,California,West,Pacific,57,25,0.695,117.7,111.2,6.42,Draymond Green,PF,28,17469565,17757548,66,66,31.3,2.8,6.4,0.445,0.7,2.5,0.285,2.1,3.9,0.549,0.501,1,1.4,0.692,0.9,6.4,7.3,6.9,1.4,1.1,2.6,3,7.4,2065,12.9,0.526,0.391,0.216,3.2,20.8,12.4,26.8,2.2,2.8,26.8,13.1,1.1,3.2,4.3,0.1,-1.4,3.4,2,2.1
2018/2019,101869000,101869000,838464,Houston Rockets,11,HOU,Texas,West,Southwest,53,29,0.646,113.9,109.1,4.96,Gerald Green,SG,33,1512601,1537535,73,0,20.2,3.2,7.9,0.4,2.1,6,0.354,1,1.9,0.547,0.535,0.8,0.9,0.838,0.4,2.1,2.5,0.5,0.5,0.4,0.8,1.7,9.2,1473,11.4,0.555,0.763,0.118,2.2,11.7,6.8,4.1,1.1,1.6,8.3,19.5,0.9,1,1.9,0.061,-0.8,-2.6,-3.4,-0.5
2018/2019,101869000,101869000,838464,#N/A,#N/A,TOT,#N/A,#N/A,#N/A,#N/A,#N/A,#N/A,#N/A,#N/A,#N/A,JaMychal Green,PF,28,8066667,8199644,65,6,21.1,3.5,7.3,0.483,1.1,2.7,0.403,2.4,4.6,0.53,0.558,1.2,1.6,0.792,1.6,4.7,6.3,0.8,0.7,0.5,1.3,3,9.4,1371,14.7,0.587,0.37,0.212,8.3,24.3,16.4,5.8,1.6,2.3,14.3,19.4,0.9,1.9,2.9,0.101,-1.5,0,-1.5,0.2
2018/2019,101869000,101869000,838464,Memphis Grizzlies,15,MEM,Tennessee,West,Southwest,33,49,0.402,103.5,106.1,-2.08,JaMychal Green,PF,28,8066667,8199644,41,4,22,3.7,7.6,0.484,0.9,2.3,0.396,2.8,5.3,0.523,0.545,1.5,2,0.788,1.8,4.4,6.1,0.9,0.8,0.6,1.6,3,9.8,900,14.9,0.58,0.308,0.256,8.8,22.8,15.7,6.5,1.8,2.7,15.6,20.4,0.4,1.4,1.8,0.094,-2.1,0.6,-1.4,0.1
2018/2019,101869000,101869000,838464,Los Angeles Clippers,13,LAC,California,West,Pacific,48,34,0.585,115.1,114.3,1.09,JaMychal Green,PF,28,8066667,8199644,24,2,19.6,3.3,6.8,0.482,1.4,3.3,0.413,1.9,3.5,0.548,0.582,0.7,0.9,0.81,1.3,5.2,6.5,0.6,0.5,0.3,1,2.9,8.7,471,14.3,0.6,0.488,0.128,7.4,27.3,17.7,4.3,1.2,1.3,11.7,17.6,0.5,0.6,1.1,0.113,-0.4,-1.3,-1.7,0
2018/2019,101869000,101869000,838464,Washington Wizards,30,WAS,Washington DC,East,Southeast,32,50,0.39,114,116.9,-3.3,Jeff Green,PF,32,2393887,2433349,77,44,27.2,4.2,8.9,0.475,1.4,4.2,0.347,2.8,4.8,0.586,0.555,2.4,2.7,0.888,0.7,3.3,4,1.8,0.6,0.5,1.3,2.1,12.3,2097,13.6,0.608,0.466,0.3,2.9,13.3,8,9.2,1,1.6,11.5,17.8,2.8,0.8,3.6,0.083,0.2,-1.4,-1.2,0.4
2018/2019,101869000,101869000,838464,Detroit Pistons,9,DET,Michigan,East,Central,41,41,0.5,107,107.3,-0.56,Blake Griffin,PF,29,31873932,32399368,75,75,35,8.3,17.9,0.462,2.5,7,0.362,5.7,10.9,0.525,0.532,5.5,7.3,0.753,1.3,6.2,7.5,5.4,0.7,0.4,3.4,2.7,24.5,2622,21,0.581,0.389,0.41,4,20.1,11.8,27.1,1,0.9,13.8,30.2,5.1,2.9,8,0.147,4.2,0.4,4.6,4.4
2018/2019,101869000,101869000,838464,Atlanta Hawks,1,ATL,Georgia,East,Southeast,29,53,0.354,113.3,119.4,-6.06,Daniel Hamilton,SG,23,1349383,1371627,19,3,10.7,1.2,3.2,0.383,0.4,1.2,0.348,0.8,1.9,0.405,0.45,0.2,0.3,0.5,0.5,1.9,2.5,1.2,0.3,0.1,0.8,1,3,204,7.1,0.455,0.383,0.1,5,19.5,12.1,14.5,1.4,0.4,20.3,15.7,-0.2,0.1,-0.1,-0.024,-5,-0.9,-5.8,-0.2
2018/2019,101869000,101869000,838464,Memphis Grizzlies,15,MEM,Tennessee,West,Southwest,33,49,0.402,103.5,106.1,-2.08,Dusty Hannahs,SG,25,47370,48150,2,0,13,1.5,6,0.25,0,2.5,0,1.5,3.5,0.429,0.25,1,1,1,0,0.5,0.5,2.5,0.5,0,0.5,0.5,4,26,4.5,0.311,0.417,0.167,0,4.4,2.2,28.8,1.9,0,7.2,23.9,-0.1,0,-0.1,-0.125,-7.2,-5.1,-12.2,-0.1
2018/2019,101869000,101869000,838464,#N/A,#N/A,TOT,#N/A,#N/A,#N/A,#N/A,#N/A,#N/A,#N/A,#N/A,#N/A,Tim Hardaway Jr,SG,26,17325000,17610599,65,63,31.6,6,15.3,0.393,2.5,7.3,0.34,3.5,7.9,0.442,0.474,3.6,4.2,0.841,0.5,2.9,3.4,2.4,0.8,0.1,1.6,2.2,18.1,2057,13.6,0.527,0.48,0.278,1.7,9.8,5.7,12.8,1.3,0.3,8.6,25.4,1,0.9,1.8,0.043,0.5,-2.9,-2.4,-0.2
2018/2019,101869000,101869000,838464,New York Knicks,20,NYK,New York,East,Atlantic,17,65,0.207,104.6,113.8,-8.93,Tim Hardaway Jr,SG,26,17325000,17610599,46,46,32.6,6.1,15.8,0.388,2.5,7.3,0.347,3.6,8.5,0.424,0.469,4.3,5.1,0.854,0.6,2.9,3.5,2.7,0.9,0.1,1.8,2.3,19.1,1499,14.4,0.531,0.464,0.321,1.8,9.7,5.6,13.5,1.4,0.3,8.9,25.9,1,0.5,1.5,0.048,0.9,-3,-2,0
2018/2019,101869000,101869000,838464,Dallas Mavericks,7,DAL,Texas,West,Southwest,33,49,0.402,108.9,110.1,-0.87,Tim Hardaway Jr,SG,26,17325000,17610599,19,17,29.4,5.7,14.1,0.404,2.4,7.4,0.321,3.3,6.7,0.496,0.489,1.7,2.3,0.767,0.4,2.8,3.2,1.9,0.6,0.1,1.3,1.8,15.5,558,11.6,0.514,0.524,0.161,1.4,10.3,5.9,10.9,1,0.3,7.7,23.9,0,0.4,0.4,0.03,-0.8,-2.5,-3.3,-0.2
2018/2019,101869000,101869000,838464,Houston Rockets,11,HOU,Texas,West,Southwest,53,29,0.646,113.9,109.1,4.96,James Harden,PG,29,30570000,31073941,78,78,36.8,10.8,24.5,0.442,4.8,13.2,0.368,6,11.3,0.528,0.541,9.7,11,0.879,0.8,5.8,6.6,7.5,2,0.7,5,3.1,36.1,2867,30.6,0.616,0.539,0.449,2.5,17.8,10,39.5,2.7,1.7,14.5,40.5,11.4,3.8,15.2,0.254,10.5,1.1,11.7,9.9
2018/2019,101869000,101869000,838464,Portland Trail Blazers,25,POR,Oregon,West,Northwest,53,29,0.646,114.7,110.5,4.43,Moe Harkless,SF,25,10837079,11015726,60,53,23.6,3.2,6.5,0.487,0.6,2,0.275,2.6,4.5,0.582,0.53,0.8,1.2,0.671,1.3,3.2,4.5,1.2,1.1,0.9,0.8,2.7,7.7,1415,13.2,0.547,0.309,0.188,5.9,14.1,10.1,7.1,2.3,3,9.7,13.9,1.5,1.9,3.4,0.114,-0.1,2.3,2.2,1.5
2018/2019,101869000,101869000,838464,Los Angeles Clippers,13,LAC,California,West,Pacific,48,34,0.585,115.1,114.3,1.09,Montrezl Harrell,C,25,6000000,6098909,82,5,26.3,6.7,10.8,0.615,0,0.2,0.176,6.6,10.6,0.623,0.617,3.2,5,0.643,2.2,4.3,6.5,2,0.9,1.3,1.6,3.1,16.6,2158,23.4,0.636,0.019,0.466,9.3,16.7,13.1,12.5,1.6,4,11,23.5,6.1,2.6,8.7,0.193,2.6,1.6,4.2,3.4
2018/2019,101869000,101869000,838464,Dallas Mavericks,7,DAL,Texas,West,Southwest,33,49,0.402,108.9,110.1,-0.87,Devin Harris,PG,35,2393887,2433349,68,2,15.8,1.9,5.1,0.38,0.9,2.9,0.31,1,2.2,0.476,0.47,1.5,2,0.761,0.2,1.5,1.6,1.8,0.5,0.2,0.8,2,6.3,1071,10.7,0.527,0.576,0.386,1.2,9.9,5.6,16.7,1.6,1.3,12.1,18.5,0.6,0.9,1.5,0.068,-1.3,-0.9,-2.2,-0.1
2018/2019,101869000,101869000,838464,Denver Nuggets,8,DEN,Colorado,West,Northwest,54,28,0.659,110.7,106.7,4.19,Gary Harris,SG,24,16517857,16790151,57,48,28.8,4.7,11.2,0.424,1.4,4.2,0.339,3.3,6.9,0.476,0.488,2,2.5,0.799,0.7,2.1,2.8,2.2,1,0.3,1.2,2,12.9,1639,12.2,0.526,0.38,0.226,2.7,7.9,5.3,11,1.6,1,8.9,20,1.1,1.5,2.6,0.076,-0.7,-1,-1.8,0.1
2018/2019,101869000,101869000,838464,Brooklyn Nets,3,BRK,New York,East,Atlantic,42,40,0.512,112.2,112.3,-0.4,Joe Harris,SG,27,8333333,8470706,76,76,30.2,4.9,9.8,0.5,2.4,5.1,0.474,2.5,4.8,0.528,0.622,1.4,1.8,0.827,0.7,3.1,3.8,2.4,0.5,0.2,1.6,2.4,13.7,2293,13.5,0.645,0.516,0.178,2.4,10.9,6.7,11.9,0.8,0.6,13,17,3.8,1.7,5.5,0.116,1.4,-0.5,1,1.7
2018/2019,101869000,101869000,838464,#N/A,#N/A,TOT,#N/A,#N/A,#N/A,#N/A,#N/A,#N/A,#N/A,#N/A,#N/A,Tobias Harris,PF,26,14800000,15043975,82,82,34.7,7.5,15.3,0.487,1.9,4.8,0.397,5.5,10.5,0.528,0.549,3.2,3.7,0.866,0.8,7,7.9,2.8,0.6,0.5,1.8,2.2,20,2847,17.2,0.592,0.313,0.245,2.6,20.8,12,12.5,0.8,1,9.8,22.8,4.5,2.6,7.1,0.12,1.1,-0.6,0.5,1.8
2018/2019,101869000,101869000,838464,Los Angeles Clippers,13,LAC,California,West,Pacific,48,34,0.585,115.1,114.3,1.09,Tobias Harris,PF,26,14800000,15043975,55,55,34.6,7.7,15.5,0.496,2,4.7,0.434,5.7,10.9,0.523,0.561,3.5,4,0.877,0.7,7.2,7.9,2.7,0.7,0.4,2,2.2,20.9,1903,18.2,0.605,0.302,0.256,2.1,21.3,12,12.5,1,1,10.3,23.5,3.2,1.8,5,0.127,1.6,-0.5,1.1,1.5
2018/2019,101869000,101869000,838464,Philadelphia 76ers,23,PHI,Pennsylvania,East,Atlantic,51,31,0.622,115.2,112.5,2.25,Tobias Harris,PF,26,14800000,15043975,27,27,35,6.9,14.8,0.469,1.6,5,0.326,5.3,9.8,0.542,0.524,2.7,3.3,0.841,1.2,6.7,7.9,2.9,0.4,0.5,1.6,2.3,18.2,944,15.3,0.562,0.338,0.221,3.7,19.7,11.9,12.6,0.6,1.1,8.8,21.3,1.2,0.9,2.1,0.105,0.1,-0.8,-0.7,0.3
2018/2019,101869000,101869000,838464,#N/A,#N/A,TOT,#N/A,#N/A,#N/A,#N/A,#N/A,#N/A,#N/A,#N/A,#N/A,Andrew Harrison,PG,24,354500,360342,17,0,11,0.9,3.1,0.302,0.3,1.5,0.2,0.6,1.6,0.393,0.349,1,1.1,0.944,0.4,0.8,1.2,1.4,0.2,0.1,0.7,2,3.2,187,5.8,0.443,0.472,0.34,3.4,8.5,5.8,17.1,1.1,0.9,16.5,16.8,-0.1,0,-0.1,-0.027,-3.8,-2.7,-6.6,-0.2
2018/2019,101869000,101869000,838464,Memphis Grizzlies,15,MEM,Tennessee,West,Southwest,33,49,0.402,103.5,106.1,-2.08,Andrew Harrison,PG,24,354500,360342,1,0,5,1,2,0.5,0,1,0,1,1,1,0.5,0,0,,0,0,0,0,0,0,0,1,2,5,4.6,0.5,0.5,0,0,0,0,0,0,0,0,17.9,0,0,0,-0.013,-4.1,-6.2,-10.3,0
2018/2019,101869000,101869000,838464,Cleveland Cavaliers,6,CLE,Ohio,East,Central,19,63,0.232,104.5,114.1,-9.39,Andrew Harrison,PG,24,354500,360342,10,0,14.4,1.2,3.9,0.308,0.3,1.4,0.214,0.9,2.5,0.36,0.346,1.6,1.6,1,0.4,1.1,1.5,1.7,0.4,0.2,1,2.6,4.3,144,6.6,0.467,0.359,0.41,3,8.9,5.8,16.3,1.4,1.2,17.8,17,-0.1,0,-0.1,-0.022,-4,-2.2,-6.2,-0.2
2018/2019,101869000,101869000,838464,New Orleans Pelicans,19,NOP,Louisiana,West,Southwest,33,49,0.402,115.4,116.8,-1.1,Andrew Harrison,PG,24,354500,360342,6,0,6.3,0.5,2,0.25,0.3,1.7,0.2,0.2,0.3,0.5,0.333,0.2,0.3,0.5,0.3,0.5,0.8,1.2,0,0,0.3,1.2,1.5,38,3.1,0.349,0.833,0.167,5.5,8.1,6.8,22.3,0,0,13.4,16.1,0,0,0,-0.051,-3.1,-4.3,-7.4,-0.1
2018/2019,101869000,101869000,838464,Chicago Bulls,5,CHI,Illinois,East,Central,22,60,0.268,104.9,113.4,-8.32,Shaquille Harrison,PG,25,1325531,1347381,73,11,19.6,2.5,5.8,0.432,0.3,1.2,0.27,2.2,4.6,0.475,0.46,1.1,1.7,0.667,0.5,2.6,3,1.9,1.2,0.4,0.8,1.7,6.5,1430,12.4,0.494,0.209,0.289,2.5,14.5,8.4,14.1,3,1.8,11.1,16.5,-0.1,1.6,1.4,0.048,-2.7,1.4,-1.3,0.2
2018/2019,101869000,101869000,838464,Los Angeles Lakers,14,LAL,California,West,Pacific,37,45,0.451,111.8,113.5,-1.33,Josh Hart,SG,23,1655160,1682445,67,22,25.6,2.8,6.9,0.407,1.4,4.1,0.336,1.4,2.8,0.511,0.506,0.8,1.2,0.688,0.5,3.2,3.7,1.4,1,0.6,0.9,2.2,7.8,1715,9.3,0.526,0.591,0.172,2.2,12.6,7.5,7,1.7,1.9,10.4,13.5,0.2,1.9,2.1,0.059,-1.8,1.1,-0.7,0.6
2018/2019,101869000,101869000,838464,Houston Rockets,11,HOU,Texas,West,Southwest,53,29,0.646,113.9,109.1,4.96,Isaiah Hartenstein,PF,20,838464,852285,28,0,7.9,0.7,1.5,0.488,0.1,0.2,0.333,0.6,1.3,0.514,0.512,0.4,0.5,0.786,0.8,0.9,1.7,0.5,0.3,0.4,0.5,2,1.9,221,10,0.562,0.146,0.341,10.3,13.3,11.8,9.4,1.6,4.6,21.6,11.8,0.2,0.3,0.5,0.101,-3,2.4,-0.6,0.1
2018/2019,101869000,101869000,838464,Miami Heat,16,MIA,Florida,East,Southeast,39,43,0.476,105.7,105.9,-0.45,Udonis Haslem,C,38,2393887,2433349,10,1,7.4,1.1,3.3,0.333,0,1.2,0,1.1,2.1,0.524,0.333,0.3,0.4,0.75,0.3,2.4,2.7,0.2,0,0,0.3,0.9,2.5,74,3.6,0.36,0.364,0.121,4.3,34.5,19.4,4,0,0,7.9,21.9,-0.2,0.1,-0.1,-0.075,-10.2,-3.9,-14.1,-0.2
2018/2019,101869000,101869000,838464,Boston Celtics,2,BOS,Massachusetts,East,Atlantic,49,33,0.598,112.4,108,3.9,Gordon Hayward,PF,28,31214295,31728857,72,18,25.9,4.1,8.8,0.466,1.1,3.2,0.333,3,5.6,0.542,0.527,2.2,2.6,0.834,0.7,3.8,4.5,3.4,0.9,0.3,1.5,1.4,11.5,1863,15.6,0.575,0.364,0.294,2.9,15.5,9.2,18.4,1.6,1.1,12.8,19,2.6,2.3,4.9,0.126,0.1,0.4,0.5,1.2
2018/2019,101869000,101869000,838464,Milwaukee Bucks,17,MIL,Wisconsin,East,Central,60,22,0.732,118.1,109.3,8.04,John Henson,C,28,10577466,10751833,14,0,13.4,2.2,4.8,0.463,0.8,2.2,0.355,1.4,2.6,0.556,0.545,0.4,0.7,0.6,1.1,3.9,5.1,1,0.5,0.8,0.9,1.1,5.6,188,17.1,0.553,0.463,0.149,9.2,28,19.2,10.1,1.7,4.9,14.4,18.6,0.1,0.4,0.6,0.146,-1.8,3.1,1.3,0.2
2018/2019,101869000,101869000,838464,Denver Nuggets,8,DEN,Colorado,West,Northwest,54,28,0.659,110.7,106.7,4.19,Juan Hernangomez,PF,23,2166360,2202072,70,25,19.4,2,4.5,0.439,0.9,2.6,0.365,1,1.9,0.541,0.545,0.9,1.2,0.767,0.9,2.9,3.8,0.8,0.4,0.3,0.5,1.3,5.8,1358,11,0.58,0.576,0.274,5.1,16.1,10.6,5.3,1,1.6,9.5,12.2,1.6,1.4,3,0.105,-0.9,0,-0.9,0.4
2018/2019,101869000,101869000,838464,Charlotte Hornets,4,CHO,North Carolina,East,Southeast,39,43,0.476,110.7,111.8,-1.32,Willy Hernangomez,C,24,1496500,1521169,58,3,14,2.6,5.1,0.519,0.3,0.7,0.385,2.4,4.4,0.539,0.544,1.7,2.5,0.694,2,3.3,5.4,1,0.3,0.3,1,1.7,7.3,812,20.4,0.587,0.132,0.488,15.3,26.3,20.7,11.5,1,2.1,13.9,22.1,1.8,0.8,2.6,0.153,0.2,-0.4,-0.2,0.4
2018/2019,101869000,101869000,838464,New York Knicks,20,NYK,New York,East,Atlantic,17,65,0.207,104.6,113.8,-8.93,Mario Hezonja,SF,23,6500000,6607151,58,24,20.8,3.3,8,0.412,0.7,2.6,0.276,2.6,5.4,0.478,0.457,1.5,2,0.763,0.5,3.6,4.1,1.5,1,0.1,1.5,1.9,8.8,1206,10.8,0.497,0.328,0.246,2.4,18.7,10.4,11.5,2.3,0.6,14.6,21.3,-1.1,1.1,-0.1,-0.003,-3.6,-0.4,-4,-0.6
2018/2019,101869000,101869000,838464,New York Knicks,20,NYK,New York,East,Atlantic,17,65,0.207,104.6,113.8,-8.93,Isaiah Hicks,PF,24,77250,78523,3,0,10.7,1.3,2.7,0.5,0,0,,1.3,2.7,0.5,0.5,1.3,1.7,0.8,0.7,1.7,2.3,0.7,0.3,1,0.3,1.7,4,32,17.4,0.588,0,0.625,6.4,16.7,11.4,9.4,1.5,7.9,8.9,15,0.1,0,0.1,0.153,-2.6,3.2,0.6,0
2018/2019,101869000,101869000,838464,Sacramento Kings,26,SAC,California,West,Pacific,39,43,0.476,114.2,115.3,-0.81,Buddy Hield,SG,26,3833760,3896958,82,82,31.9,7.6,16.6,0.458,3.4,7.9,0.427,4.2,8.6,0.487,0.56,2.1,2.4,0.886,1.3,3.7,5,2.5,0.7,0.4,1.8,2.5,20.7,2615,17.5,0.587,0.479,0.142,4.1,12.4,8.1,11.9,1,1.1,9.2,25.1,4.3,1.6,5.9,0.108,3.1,-2,1.1,2.1
2018/2019,101869000,101869000,838464,Philadelphia 76ers,23,PHI,Pennsylvania,East,Atlantic,51,31,0.622,115.2,112.5,2.25,Haywood Highsmith,SF,22,77250,78523,5,0,8,0.8,2,0.4,0.2,1,0.2,0.6,1,0.6,0.45,0,0.4,0,0,1,1,0.4,0.2,0,0.2,0.2,1.8,40,4.5,0.414,0.5,0.2,0,12.9,6.6,6.6,1.2,0,8.4,12.4,0,0,0,-0.023,-5.5,-1.8,-7.3,-0.1
2018/2019,101869000,101869000,838464,Houston Rockets,11,HOU,Texas,West,Southwest,53,29,0.646,113.9,109.1,4.96,Nenê,C,36,3651480,3711674,42,2,13,1.4,2.8,0.517,0,0.1,0,1.4,2.7,0.531,0.517,0.7,1.1,0.66,0.8,2.1,2.9,0.6,0.4,0.4,0.3,2.1,3.6,546,11.9,0.552,0.026,0.405,6.7,18.4,12.5,6.8,1.6,2.3,7.4,11.7,0.8,0.6,1.4,0.123,-3,1.1,-2,0
2018/2019,101869000,101869000,838464,#N/A,#N/A,TOT,#N/A,#N/A,#N/A,#N/A,#N/A,#N/A,#N/A,#N/A,#N/A,George Hill,PG,32,19000000,19313212,60,13,21.7,2.8,6.3,0.452,0.8,2.6,0.314,2,3.7,0.547,0.516,1.2,1.4,0.824,0.7,1.8,2.5,2.3,0.9,0.1,0.9,1.7,7.6,1302,12.1,0.554,0.407,0.226,3.2,8.3,5.9,14,1.9,0.5,11,15.1,1.5,1.3,2.8,0.103,-0.6,-0.4,-1,0.3
2018/2019,101869000,101869000,838464,Cleveland Cavaliers,6,CLE,Ohio,East,Central,19,63,0.232,104.5,114.1,-9.39,George Hill,PG,32,19000000,19313212,13,13,26.5,4.2,8.2,0.514,1,2.2,0.464,3.2,6.1,0.532,0.575,1.3,1.5,0.85,0.9,1.2,2.1,2.8,0.9,0.1,1.5,2.7,10.8,344,13.5,0.604,0.262,0.187,3.7,5.1,4.4,16.2,1.7,0.3,14.7,17.3,0.5,0,0.5,0.066,0.3,-2.6,-2.3,0
2018/2019,101869000,101869000,838464,Milwaukee Bucks,17,MIL,Wisconsin,East,Central,60,22,0.732,118.1,109.3,8.04,George Hill,PG,32,19000000,19313212,47,0,20.4,2.4,5.7,0.428,0.7,2.7,0.28,1.7,3.1,0.556,0.493,1.1,1.4,0.815,0.6,2,2.6,2.1,0.9,0.1,0.7,1.4,6.8,958,11.6,0.534,0.465,0.242,3,9.4,6.4,13.3,1.9,0.6,9.4,14.4,1,1.4,2.3,0.117,-0.9,0.4,-0.5,0.4
2018/2019,101869000,101869000,838464,New Orleans Pelicans,19,NOP,Louisiana,West,Southwest,33,49,0.402,115.4,116.8,-1.1,Solomon Hill,SF,27,12763467,12973870,44,15,20,1.5,4,0.382,0.7,2.3,0.317,0.8,1.8,0.468,0.472,0.5,0.7,0.719,0.8,2.3,3,1.3,0.5,0.2,0.7,1.8,4.3,878,6.8,0.497,0.567,0.18,4.1,11.5,7.8,7.6,1.2,0.9,13.9,10.4,0.1,0.4,0.5,0.029,-2.1,-0.2,-2.3,-0.1
2018/2019,101869000,101869000,838464,Indiana Pacers,12,IND,Indiana,East,Central,48,34,0.585,108,104.7,2.76,Aaron Holiday,PG,22,1914480,1946039,50,0,12.9,2.1,5.2,0.401,0.9,2.5,0.339,1.2,2.7,0.459,0.483,0.8,1,0.82,0.1,1.2,1.3,1.7,0.4,0.3,0.8,1.4,5.9,646,11.9,0.518,0.485,0.191,0.9,10.4,5.8,19.3,1.6,1.8,12.3,21.9,0.1,0.8,0.9,0.065,-1.5,-1.1,-2.6,-0.1
2018/2019,101869000,101869000,838464,New Orleans Pelicans,19,NOP,Louisiana,West,Southwest,33,49,0.402,115.4,116.8,-1.1,Jrue Holiday,SG,28,26641111,27080285,67,67,35.9,8.2,17.3,0.472,1.8,5.4,0.325,6.4,11.9,0.539,0.523,3.1,4,0.768,1.1,3.9,5,7.7,1.6,0.8,3.1,2.2,21.2,2402,19.4,0.555,0.313,0.234,3.3,11,7.2,31.8,2.1,1.8,14.1,25.4,3.5,1.9,5.4,0.108,2.9,-0.1,2.8,2.9
2018/2019,101869000,101869000,838464,#N/A,#N/A,TOT,#N/A,#N/A,#N/A,#N/A,#N/A,#N/A,#N/A,#N/A,#N/A,Justin Holiday,SG,29,4500000,4574181,82,77,31.8,3.7,9.5,0.386,2,5.7,0.348,1.7,3.8,0.442,0.49,1.2,1.3,0.896,0.6,3.4,3.9,1.8,1.5,0.4,1.3,2,10.5,2607,10,0.52,0.598,0.136,1.9,11.9,6.8,8.1,2.3,1.2,11.2,15.7,-0.4,2.5,2.1,0.038,-1.3,0.6,-0.8,0.8
2018/2019,101869000,101869000,838464,Chicago Bulls,5,CHI,Illinois,East,Central,22,60,0.268,104.9,113.4,-8.32,Justin Holiday,SG,29,4500000,4574181,38,38,34.9,4,10.4,0.383,2.6,7.1,0.359,1.4,3.3,0.435,0.506,1.1,1.2,0.891,0.5,3.9,4.4,2.2,1.8,0.6,1.2,2.1,11.6,1325,11,0.531,0.685,0.117,1.5,12.4,6.9,9.1,2.5,1.4,10.2,15.2,0.2,1.1,1.3,0.047,-0.1,0.8,0.7,0.9
2018/2019,101869000,101869000,838464,Memphis Grizzlies,15,MEM,Tennessee,West,Southwest,33,49,0.402,103.5,106.1,-2.08,Justin Holiday,SG,29,4500000,4574181,44,39,29.1,3.4,8.7,0.389,1.5,4.4,0.333,1.9,4.3,0.447,0.474,1.2,1.4,0.9,0.6,2.9,3.5,1.4,1.2,0.3,1.3,1.9,9.5,1282,8.9,0.509,0.509,0.157,2.3,11.3,6.7,7.1,2.1,1.1,12.2,16.3,-0.6,1.4,0.8,0.029,-2.6,0.3,-2.2,-0.1
2018/2019,101869000,101869000,838464,Cleveland Cavaliers,6,CLE,Ohio,East,Central,19,63,0.232,104.5,114.1,-9.39,John Holland,SF,30,77250,78523,1,0,1,0,0,,0,0,,0,0,,,0,0,,0,0,0,0,0,0,0,0,0,1,0,,,,0,0,0,0,0,0,,0,0,0,0,-0.032,-6.3,-1,-7.3,0
2018/2019,101869000,101869000,838464,Brooklyn Nets,3,BRK,New York,East,Atlantic,42,40,0.512,112.2,112.3,-0.4,Rondae Hollis-Jefferson,SF,24,2470356,2511079,59,21,20.9,3.4,8.3,0.411,0.2,0.8,0.184,3.2,7.4,0.436,0.42,2,3.1,0.645,1.4,3.8,5.3,1.6,0.7,0.5,1.2,1.8,8.9,1234,12.5,0.464,0.101,0.376,7.1,19.2,13.2,11.7,1.7,1.7,10.7,21.6,-0.5,1.7,1.2,0.047,-4.3,1.2,-3,-0.3
2018/2019,101869000,101869000,838464,Phoenix Suns,24,PHO,Arizona,West,Pacific,19,63,0.232,107.5,116.8,-8.61,Richaun Holmes,C,25,1600520,1626904,70,4,16.9,3.2,5.2,0.608,0,0,,3.2,5.2,0.608,0.608,1.8,2.5,0.731,1.6,3.1,4.7,0.9,0.6,1.1,0.7,2.8,8.2,1184,20.7,0.647,0,0.479,10.6,20.5,15.5,7.9,1.7,5.6,10.5,17.9,3.1,1.1,4.3,0.173,-0.1,1.5,1.4,1
2018/2019,101869000,101869000,838464,#N/A,#N/A,TOT,#N/A,#N/A,#N/A,#N/A,#N/A,#N/A,#N/A,#N/A,#N/A,Rodney Hood,SG,26,3472887,3530137,72,49,26.3,4.1,9.3,0.435,1.2,3.3,0.356,2.9,6,0.478,0.498,1.9,2.2,0.884,0.3,1.8,2.2,1.8,0.8,0.2,0.8,2,11.2,1893,12.3,0.545,0.352,0.231,1.4,7.9,4.6,10,1.5,0.5,6.9,18.1,2.1,0.5,2.6,0.065,-0.2,-2.1,-2.4,-0.2
2018/2019,101869000,101869000,838464,Cleveland Cavaliers,6,CLE,Ohio,East,Central,19,63,0.232,104.5,114.1,-9.39,Rodney Hood,SG,26,3472887,3530137,45,45,27.4,4.3,10.1,0.427,1.2,3.4,0.362,3.1,6.7,0.46,0.488,2.3,2.5,0.912,0.4,2.1,2.5,2,0.8,0.1,0.8,2.2,12.2,1234,13,0.542,0.335,0.251,1.6,8.8,5,11.5,1.5,0.4,6.7,19.1,1.5,0,1.5,0.059,-0.1,-2.6,-2.7,-0.2
2018/2019,101869000,101869000,838464,Portland Trail Blazers,25,POR,Oregon,West,Northwest,53,29,0.646,114.7,110.5,4.43,Rodney Hood,SG,26,3472887,3530137,27,4,24.4,3.6,8,0.452,1.1,3.1,0.345,2.6,4.9,0.519,0.518,1.2,1.5,0.805,0.3,1.4,1.7,1.3,0.8,0.3,0.7,1.7,9.6,659,10.9,0.549,0.387,0.189,1.2,6,3.6,7.1,1.5,0.9,7.5,16.3,0.6,0.5,1.1,0.077,-0.5,-1.2,-1.7,0
2018/2019,101869000,101869000,838464,Boston Celtics,2,BOS,Massachusetts,East,Atlantic,49,33,0.598,112.4,108,3.9,Al Horford,C,32,28928710,29405595,68,68,29,5.7,10.6,0.535,1.1,3,0.36,4.6,7.6,0.604,0.586,1.1,1.4,0.821,1.8,5,6.7,4.2,0.9,1.3,1.5,1.9,13.6,1973,20.2,0.605,0.281,0.131,6.5,18.3,12.4,21.2,1.4,3.9,11.8,18.9,4.5,2.9,7.5,0.181,2.1,2.7,4.8,3.4
2018/2019,101869000,101869000,838464,Houston Rockets,11,HOU,Texas,West,Southwest,53,29,0.646,113.9,109.1,4.96,Danuel House,SF,25,247827,251912,39,13,25.1,3,6.5,0.468,1.9,4.6,0.416,1.1,1.9,0.595,0.615,1.4,1.8,0.789,0.6,2.9,3.6,1,0.5,0.3,0.9,2.1,9.4,979,12.2,0.646,0.706,0.282,2.8,13.3,7.9,5.9,1.1,1,11,14.1,1.6,0.7,2.3,0.113,0.4,-1.1,-0.6,0.3
2018/2019,101869000,101869000,838464,Washington Wizards,30,WAS,Washington DC,East,Southeast,32,50,0.39,114,116.9,-3.3,Dwight Howard,C,33,24256725,24656592,9,9,25.6,4.8,7.7,0.623,0,0,,4.8,7.7,0.623,0.623,3.2,5.3,0.604,2.7,6.6,9.2,0.4,0.8,0.4,1.8,3.8,12.8,230,17.4,0.638,0,0.696,11.1,28.3,19.6,2.6,1.4,1.5,15.1,19.6,0.4,0.2,0.6,0.124,-2.9,-2.3,-5.2,-0.2
2018/2019,101869000,101869000,838464,Atlanta Hawks,1,ATL,Georgia,East,Southeast,29,53,0.354,113.3,119.4,-6.06,Kevin Huerter,SG,20,2250960,2288066,75,59,27.3,3.7,8.8,0.419,1.8,4.7,0.385,1.9,4.1,0.457,0.522,0.5,0.7,0.732,0.8,2.5,3.3,2.9,0.9,0.3,1.5,2.1,9.7,2048,10.1,0.533,0.537,0.085,3,9.7,6.3,14.5,1.5,1.1,13.8,15.7,0.7,0.7,1.5,0.034,-0.9,-1,-1.9,0.1
2018/2019,101869000,101869000,838464,Atlanta Hawks,1,ATL,Georgia,East,Southeast,29,53,0.354,113.3,119.4,-6.06,Isaac Humphries,C,21,47370,48150,5,1,11.2,1.2,4.2,0.286,0.6,2.2,0.273,0.6,2,0.3,0.357,0,0,,0.8,1.4,2.2,0,0.2,0,0,1.4,3,56,3.4,0.357,0.524,0,7.4,13.4,10.3,0,0.8,0,0,15.2,-0.1,0,-0.1,-0.047,-6.5,-6.3,-12.8,-0.2
2018/2019,101869000,101869000,838464,Boston Celtics,2,BOS,Massachusetts,East,Atlantic,49,33,0.598,112.4,108,3.9,RJ Hunter,SG,25,77250,78523,1,0,26,6,13,0.462,4,10,0.4,2,3,0.667,0.615,1,2,0.5,1,2,3,3,1,0,0,3,17,26,21.5,0.612,0.769,0.154,4.1,8.2,6.2,18,1.9,0,0,23,0.1,0,0.1,0.226,7,-3.7,3.4,0
2018/2019,101869000,101869000,838464,Chicago Bulls,5,CHI,Illinois,East,Central,22,60,0.268,104.9,113.4,-8.32,Chandler Hutchison,SF,22,1991520,2024349,44,14,20.3,2.2,4.8,0.459,0.3,1.1,0.28,1.9,3.6,0.516,0.493,0.5,0.9,0.605,0.7,3.5,4.2,0.8,0.5,0.1,0.6,1.3,5.2,895,8.8,0.507,0.239,0.182,3.7,18.9,11.2,5.3,1.2,0.6,10,12.2,0,0.6,0.6,0.03,-3.9,-0.4,-4.3,-0.5
2018/2019,101869000,101869000,838464,Toronto Raptors,28,TOR,Ontario,East,Atlantic,58,24,0.707,114.4,108.4,5.49,Serge Ibaka,C,29,21666667,22023838,74,51,27.2,6.3,11.9,0.529,0.7,2.3,0.29,5.6,9.6,0.586,0.557,1.8,2.4,0.763,2.1,6,8.1,1.3,0.4,1.4,1.5,2.9,15,2010,18.7,0.582,0.193,0.202,8.6,23.2,16.1,7.7,0.7,4.3,10.7,22.9,2.8,3.3,6.1,0.146,-0.7,1.2,0.5,1.3
2018/2019,101869000,101869000,838464,Golden State Warriors,10,GSW,California,West,Pacific,57,25,0.695,117.7,111.2,6.42,Andre Iguodala,SF,35,16000000,16263757,68,13,23.2,2.2,4.4,0.5,0.7,2.1,0.333,1.5,2.3,0.652,0.579,0.6,1,0.582,0.7,3,3.7,3.2,0.9,0.8,0.8,1.4,5.7,1578,13.1,0.587,0.477,0.222,3.4,13.2,8.5,16.8,1.8,2.7,13.6,10.4,2.4,1.8,4.2,0.129,0.2,1.7,1.9,1.6
2018/2019,101869000,101869000,838464,Milwaukee Bucks,17,MIL,Wisconsin,East,Central,60,22,0.732,118.1,109.3,8.04,Ersan Ilyasova,PF,31,7000000,7115393,67,7,18.4,2.5,5.7,0.438,0.9,2.4,0.363,1.6,3.3,0.493,0.514,0.9,1.1,0.824,1.4,3.1,4.5,0.8,0.5,0.3,0.7,2.6,6.8,1231,11.6,0.548,0.42,0.194,8.2,16.2,12.5,5.5,1.2,1.4,10.4,15.7,1.2,1.9,3,0.119,-1.5,0.1,-1.3,0.2
2018/2019,101869000,101869000,838464,Utah Jazz,29,UTA,Utah,West,Northwest,50,32,0.61,111.7,106.5,5.28,Joe Ingles,PF,31,12545455,12752264,82,82,31.3,4.4,9.8,0.448,2.3,5.9,0.391,2.1,3.9,0.533,0.565,1.1,1.5,0.707,0.4,3.6,4,5.7,1.2,0.2,2.4,2.2,12.1,2568,13.4,0.581,0.602,0.153,1.5,12.2,7,26.1,1.8,0.6,18.4,17.5,2.5,3.6,6,0.113,1,0.8,1.8,2.5
2018/2019,101869000,101869000,838464,Los Angeles Lakers,14,LAL,California,West,Pacific,37,45,0.451,111.8,113.5,-1.33,Andre Ingram,SG,33,76236,77492,4,0,3.8,0,1.5,0,0,0.8,0,0,0.8,0,0,0,0,,0.3,0.3,0.5,0,0.3,0,0.3,0,0,15,-11.9,0,0.5,0,7,6.7,6.9,0,3.1,0,14.3,19.3,-0.1,0,-0.1,-0.408,-16.9,-3,-19.9,-0.1
2018/2019,101869000,101869000,838464,Los Angeles Lakers,14,LAL,California,West,Pacific,37,45,0.451,111.8,113.5,-1.33,Brandon Ingram,SF,21,5757120,5852025,52,52,33.8,7,14,0.497,0.6,1.8,0.33,6.4,12.2,0.521,0.518,3.8,5.6,0.675,0.8,4.3,5.1,3,0.5,0.6,2.5,2.9,18.3,1760,13.4,0.555,0.129,0.396,2.5,13,7.8,12.9,0.7,1.4,13.1,23.2,0.6,1.4,2,0.055,-2.2,-0.6,-2.8,-0.3
2018/2019,101869000,101869000,838464,Boston Celtics,2,BOS,Massachusetts,East,Atlantic,49,33,0.598,112.4,108,3.9,Kyrie Irving,PG,26,20099189,20430521,67,67,33,9,18.5,0.487,2.6,6.5,0.401,6.4,12,0.533,0.557,3.2,3.7,0.873,1.1,3.9,5,6.9,1.5,0.5,2.6,2.5,23.8,2214,24.3,0.592,0.35,0.197,3.4,12.7,8.1,35,2.2,1.4,11.3,29.6,6.2,2.9,9.1,0.197,6,0.4,6.4,4.7
2018/2019,101869000,101869000,838464,Orlando Magic,22,ORL,Florida,East,Southeast,42,40,0.512,107.3,106.6,0.28,Jonathan Isaac,PF,21,4969080,5050994,75,64,26.6,3.5,8.1,0.429,1.1,3.5,0.323,2.3,4.6,0.51,0.499,1.5,1.8,0.815,1.3,4.2,5.5,1.1,0.8,1.3,1,1.9,9.6,1996,13,0.537,0.435,0.221,5.2,17,11,5.7,1.4,4.1,10.1,16.3,0.9,3.1,4,0.096,-1.9,2,0.1,1.1
2018/2019,101869000,101869000,838464,Orlando Magic,22,ORL,Florida,East,Southeast,42,40,0.512,107.3,106.6,0.28,Wesley Iwundu,SF,24,1378242,1400962,68,13,18.1,1.7,4,0.412,0.4,1.2,0.367,1.2,2.9,0.431,0.465,1.2,1.5,0.816,0.5,2.2,2.7,1.1,0.4,0.3,0.6,1.8,5,1233,8.7,0.531,0.288,0.376,3.2,13,8,7.9,1.1,1.5,12.1,12.8,0.5,1.4,1.9,0.073,-3.4,0.7,-2.7,-0.2
2018/2019,101869000,101869000,838464,Philadelphia 76ers,23,PHI,Pennsylvania,East,Atlantic,51,31,0.622,115.2,112.5,2.25,Demetrius Jackson,PG,24,170107,172910,6,0,6.5,1.3,2.5,0.533,0.3,1,0.333,1,1.5,0.667,0.6,0.7,0.7,1,0.3,0.2,0.5,0.8,0.3,0,0.2,0.7,3.7,39,21,0.656,0.4,0.267,5.6,2.6,4.1,19.6,2.4,0,5.6,19.1,0.2,0,0.2,0.231,4.4,-3.4,1,0
2018/2019,101869000,101869000,838464,New Orleans Pelicans,19,NOP,Louisiana,West,Southwest,33,49,0.402,115.4,116.8,-1.1,Frank Jackson,PG,20,1378242,1400962,61,16,19.2,3.2,7.3,0.434,0.9,2.8,0.314,2.3,4.6,0.507,0.493,0.9,1.2,0.74,0.4,1.8,2.2,1.1,0.4,0,0.8,1.5,8.1,1169,9.4,0.517,0.378,0.163,2.2,9.5,5.9,8,1,0.1,9.1,18.5,0.1,0.4,0.4,0.018,-2.2,-2.8,-5,-0.9
2018/2019,101869000,101869000,838464,Memphis Grizzlies,15,MEM,Tennessee,West,Southwest,33,49,0.402,103.5,106.1,-2.08,Jaren Jackson,PF,19,5922720,6020355,58,56,26.1,5.1,10.2,0.506,0.9,2.4,0.359,4.3,7.7,0.553,0.549,2.6,3.4,0.766,1.3,3.4,4.7,1.1,0.9,1.4,1.7,3.8,13.8,1515,16.4,0.591,0.241,0.334,5.3,15,10.1,7.2,1.7,5.1,12.7,22.8,1.2,2.2,3.3,0.105,-1.4,1.4,0.1,0.8
2018/2019,101869000,101869000,838464,Phoenix Suns,24,PHO,Arizona,West,Pacific,19,63,0.232,107.5,116.8,-8.61,Josh Jackson,SG,21,6041520,6141113,79,29,25.2,4.4,10.6,0.413,0.9,2.8,0.324,3.5,7.8,0.445,0.456,1.8,2.7,0.671,0.8,3.6,4.4,2.3,0.9,0.7,2.2,2.6,11.5,1988,10.6,0.487,0.268,0.253,3.6,15.9,9.7,14.1,1.8,2.3,15.6,23.9,-2.8,1.1,-1.7,-0.04,-4.3,-0.5,-4.8,-1.4
2018/2019,101869000,101869000,838464,#N/A,#N/A,TOT,#N/A,#N/A,#N/A,#N/A,#N/A,#N/A,#N/A,#N/A,#N/A,Justin Jackson,SF,23,2807880,2854167,81,14,19.9,2.7,6,0.447,1.1,3,0.355,1.6,3,0.542,0.537,0.8,1,0.785,0.5,2.1,2.6,1.2,0.4,0.2,0.4,1.2,7.2,1614,11.3,0.561,0.505,0.163,2.8,11,6.9,8.1,0.9,0.7,5.3,14.3,2,0.9,2.9,0.086,-0.4,-1.2,-1.6,0.2
2018/2019,101869000,101869000,838464,Sacramento Kings,26,SAC,California,West,Pacific,39,43,0.476,114.2,115.3,-0.81,Justin Jackson,SF,23,2807880,2854167,52,3,20.8,2.4,5.7,0.424,1.1,3.1,0.346,1.3,2.6,0.515,0.517,0.8,1,0.82,0.5,2.3,2.8,1.3,0.4,0.3,0.4,1.3,6.7,1083,10.1,0.546,0.539,0.169,2.3,11.8,6.9,8,1,1,6.5,12.9,1,0.6,1.6,0.072,-0.9,-0.7,-1.6,0.1
2018/2019,101869000,101869000,838464,Dallas Mavericks,7,DAL,Texas,West,Southwest,33,49,0.402,108.9,110.1,-0.87,Justin Jackson,SF,23,2807880,2854167,29,11,18.3,3.2,6.6,0.484,1.1,3,0.372,2.1,3.6,0.577,0.568,0.7,1,0.724,0.7,1.6,2.3,1,0.3,0,0.2,1.1,8.2,531,13.9,0.584,0.453,0.153,3.9,9.4,6.7,8.4,0.8,0.2,3.3,17,1,0.3,1.3,0.114,0.7,-2.1,-1.4,0.1
2018/2019,101869000,101869000,838464,Detroit Pistons,9,DET,Michigan,East,Central,41,41,0.5,107,107.3,-0.56,Reggie Jackson,PG,28,17043478,17324437,82,82,27.9,5.4,12.8,0.421,2.1,5.7,0.369,3.3,7,0.464,0.504,2.5,2.9,0.864,0.5,2.1,2.6,4.2,0.7,0.1,1.8,2.5,15.4,2289,15.2,0.547,0.45,0.225,2.1,8.5,5.2,24.7,1.2,0.3,11.4,24.5,3.1,1.9,5,0.105,1.8,-2,-0.3,1
2018/2019,101869000,101869000,838464,Los Angeles Lakers,14,LAL,California,West,Pacific,37,45,0.451,111.8,113.5,-1.33,LeBron James,SF,34,35654150,36241903,55,55,35.2,10.1,19.9,0.51,2,5.9,0.339,8.1,14,0.582,0.56,5.1,7.6,0.665,1,7.4,8.5,8.3,1.3,0.6,3.6,1.7,27.4,1937,25.6,0.588,0.299,0.382,3.1,21.3,12.4,39.4,1.7,1.4,13.3,31.6,4.7,2.6,7.2,0.179,6.2,1.9,8.1,4.9
2018/2019,101869000,101869000,838464,Orlando Magic,22,ORL,Florida,East,Southeast,42,40,0.512,107.3,106.6,0.28,Amile Jefferson,PF,25,77250,78523,12,0,5.7,0.8,1.3,0.625,0,0,,0.8,1.3,0.625,0.625,0.6,0.7,0.875,0.5,1.3,1.8,0.3,0.3,0.3,0.1,0.7,2.3,68,21.1,0.692,0,0.5,9.3,24,16.5,6.4,2.2,3.7,4.9,13.1,0.2,0.1,0.4,0.258,-0.2,2.3,2.1,0.1
2018/2019,101869000,101869000,838464,#N/A,#N/A,TOT,#N/A,#N/A,#N/A,#N/A,#N/A,#N/A,#N/A,#N/A,#N/A,John Jenkins,SG,27,585809,595465,26,0,12.8,1.6,4,0.4,0.8,2.2,0.379,0.8,1.8,0.426,0.505,0.6,0.7,0.833,0.2,1.2,1.4,0.8,0,0.1,0.3,0.4,4.7,333,9.7,0.536,0.552,0.171,1.8,10,5.8,9.9,0,0.5,7.4,15.7,0.2,0,0.2,0.031,-1.7,-3.6,-5.2,-0.3
2018/2019,101869000,101869000,838464,Washington Wizards,30,WAS,Washington DC,East,Southeast,32,50,0.39,114,116.9,-3.3,John Jenkins,SG,27,585809,595465,4,0,3.5,0.5,0.5,1,0.5,0.5,1,0,0,,1.5,0,0,,0,0.3,0.3,0.3,0,0,0,0,1.5,14,20.5,1.5,1,0,0,7.9,3.9,9.9,0,0,0,6.1,0.1,0,0.1,0.202,7.4,-5.3,2.2,0
2018/2019,101869000,101869000,838464,New York Knicks,20,NYK,New York,East,Atlantic,17,65,0.207,104.6,113.8,-8.93,John Jenkins,SG,27,585809,595465,22,0,14.5,1.8,4.7,0.388,0.9,2.5,0.357,0.9,2.1,0.426,0.485,0.7,0.8,0.833,0.3,1.4,1.6,1,0,0.1,0.4,0.5,5.2,319,9.3,0.518,0.544,0.175,1.9,10.1,5.9,9.9,0,0.5,7.5,16.1,0.2,0,0.2,0.024,-2.1,-3.5,-5.6,-0.3
2018/2019,101869000,101869000,838464,Golden State Warriors,10,GSW,California,West,Pacific,57,25,0.695,117.7,111.2,6.42,Jonas Jerebko,PF,31,2165481,2201178,73,6,16.7,2.2,4.9,0.459,0.9,2.6,0.367,1.3,2.3,0.563,0.556,0.9,1.1,0.8,1,3,3.9,1.3,0.4,0.2,0.6,1.9,6.3,1218,13.5,0.588,0.53,0.225,6.6,18.1,12.6,10.1,1.1,1.2,9.9,15.2,2.1,1.2,3.3,0.13,0.6,-0.6,0,0.6
2018/2019,101869000,101869000,838464,Indiana Pacers,12,IND,Indiana,East,Central,48,34,0.585,108,104.7,2.76,Alize Johnson,PF,22,838464,852285,14,0,4.6,0.3,1.1,0.25,0.1,0.1,0.5,0.2,1,0.214,0.281,0.3,0.6,0.5,0.3,1.1,1.4,0.1,0.1,0.2,0,0.5,0.9,64,6.3,0.333,0.125,0.5,7.1,25.5,16.5,2,0.8,4.2,0,13.3,-0.1,0.1,0,0.027,-8.3,0.2,-8.1,-0.1
2018/2019,101869000,101869000,838464,Philadelphia 76ers,23,PHI,Pennsylvania,East,Atlantic,51,31,0.622,115.2,112.5,2.25,Amir Johnson,C,31,2393887,2433349,51,6,10.4,1.5,3.1,0.503,0.2,0.8,0.3,1.3,2.3,0.573,0.541,0.6,0.8,0.756,0.9,2,2.9,1.2,0.3,0.3,0.9,1.9,3.9,529,13.1,0.574,0.255,0.261,9.7,19.5,14.7,16,1.4,1.9,20.5,17.4,0.4,0.7,1.1,0.098,-1.4,0.6,-0.7,0.2
2018/2019,101869000,101869000,838464,#N/A,#N/A,TOT,#N/A,#N/A,#N/A,#N/A,#N/A,#N/A,#N/A,#N/A,#N/A,BJ Johnson,SF,23,142111,144452,7,0,7,1.3,2.6,0.5,0.4,1,0.429,0.9,1.6,0.545,0.583,0.3,0.3,1,0.3,0.9,1.1,0,0.3,0,0.3,0.6,3.3,49,12.8,0.609,0.389,0.111,4.2,13.2,8.6,0,1.9,0,9.6,17.4,0,0,0.1,0.066,-3.1,-5.4,-8.5,-0.1
2018/2019,101869000,101869000,838464,Atlanta Hawks,1,ATL,Georgia,East,Southeast,29,53,0.354,113.3,119.4,-6.06,BJ Johnson,SF,23,142111,144452,6,0,7.2,1.3,2.7,0.5,0.5,1,0.5,0.8,1.7,0.5,0.594,0.3,0.3,1,0.3,1,1.3,0,0.3,0,0.3,0.5,3.5,43,14,0.622,0.375,0.125,4.8,15,9.8,0,2.1,0,10.6,17.9,0,0,0.1,0.076,-3.1,-5.4,-8.5,-0.1
2018/2019,101869000,101869000,838464,Sacramento Kings,26,SAC,California,West,Pacific,39,43,0.476,114.2,115.3,-0.81,BJ Johnson,SF,23,142111,144452,1,0,6,1,2,0.5,0,1,0,1,1,1,0.5,0,0,,0,0,0,0,0,0,0,1,2,6,3.7,0.5,0.5,0,0,0,0,0,0,0,0,13.8,0,0,0,-0.008,-3.6,-5.1,-8.7,0
2018/2019,101869000,101869000,838464,Miami Heat,16,MIA,Florida,East,Southeast,39,43,0.476,105.7,105.9,-0.45,James Johnson,PF,31,14420700,14658423,55,33,21.2,3,6.9,0.433,0.9,2.7,0.336,2.1,4.2,0.496,0.499,0.9,1.3,0.714,0.4,2.8,3.2,2.5,0.6,0.5,1.3,2.1,7.8,1164,10.9,0.522,0.393,0.185,2,14.1,8,17,1.5,2.1,15.3,17.8,0,1.5,1.5,0.062,-2.5,0.9,-1.6,0.1
2018/2019,101869000,101869000,838464,#N/A,#N/A,TOT,#N/A,#N/A,#N/A,#N/A,#N/A,#N/A,#N/A,#N/A,#N/A,Stanley Johnson,SF,22,3940401,4005357,66,7,18.3,2.6,6.7,0.389,0.9,3.3,0.288,1.7,3.4,0.484,0.459,0.8,1,0.781,0.5,2.8,3.3,1.3,0.9,0.2,1.2,1.7,6.9,1208,9.6,0.485,0.489,0.145,3,16.9,9.7,10.6,2.4,1,14.7,19.4,-1.1,1.6,0.5,0.021,-3.2,0.6,-2.6,-0.2
2018/2019,101869000,101869000,838464,Detroit Pistons,9,DET,Michigan,East,Central,41,41,0.5,107,107.3,-0.56,Stanley Johnson,SF,22,3940401,4005357,48,7,20,2.8,7.3,0.381,1.1,3.8,0.282,1.7,3.5,0.488,0.454,0.9,1.1,0.804,0.5,3.1,3.6,1.3,1,0.3,1.1,1.9,7.5,961,9.8,0.482,0.519,0.146,2.7,17.7,9.9,9.4,2.5,1.1,12.9,19.1,-0.7,1.4,0.7,0.034,-3,0.9,-2.1,0
2018/2019,101869000,101869000,838464,New Orleans Pelicans,19,NOP,Louisiana,West,Southwest,33,49,0.402,115.4,116.8,-1.1,Stanley Johnson,SF,22,3940401,4005357,18,0,13.7,2.1,5.1,0.418,0.6,1.9,0.324,1.5,3.2,0.474,0.478,0.5,0.7,0.692,0.5,1.8,2.3,1.6,0.7,0.1,1.4,1.2,5.3,247,8.9,0.496,0.374,0.143,3.8,13.7,8.8,15.1,2.3,0.3,21.2,20.4,-0.3,0.2,-0.1,-0.028,-3.8,-0.9,-4.7,-0.2
2018/2019,101869000,101869000,838464,#N/A,#N/A,TOT,#N/A,#N/A,#N/A,#N/A,#N/A,#N/A,#N/A,#N/A,#N/A,Tyler Johnson,PG,26,19245370,19562626,57,22,26.8,3.8,9.2,0.413,1.6,4.6,0.346,2.2,4.7,0.477,0.498,1.7,2.2,0.748,0.6,2.4,3,2.9,0.9,0.5,1.4,1.7,10.9,1529,12.4,0.532,0.494,0.241,2.4,9.8,6.1,15.9,1.7,1.6,11.7,18.5,0.9,1.4,2.3,0.071,-0.6,-0.4,-1,0.4
2018/2019,101869000,101869000,838464,Miami Heat,16,MIA,Florida,East,Southeast,39,43,0.476,105.7,105.9,-0.45,Tyler Johnson,PG,26,19245370,19562626,44,10,25.5,3.9,9.1,0.426,1.6,4.6,0.353,2.3,4.5,0.503,0.516,1.4,2,0.693,0.4,2.3,2.8,2.5,0.9,0.5,1.4,1.6,10.8,1123,12.3,0.54,0.509,0.219,1.8,9.7,5.7,14.9,1.7,1.7,12.5,19.2,0.5,1.3,1.8,0.075,-0.7,0,-0.8,0.3
2018/2019,101869000,101869000,838464,Phoenix Suns,24,PHO,Arizona,West,Pacific,19,63,0.232,107.5,116.8,-8.61,Tyler Johnson,PG,26,19245370,19562626,13,12,31.2,3.5,9.6,0.368,1.4,4.3,0.321,2.2,5.3,0.406,0.44,2.6,3,0.872,1.2,2.8,4,4.2,1.1,0.5,1.1,1.9,11.1,406,12.8,0.506,0.448,0.312,4,10.3,7.1,18.6,1.6,1.2,9,16.5,0.4,0.1,0.5,0.06,-0.4,-1.3,-1.7,0
2018/2019,101869000,101869000,838464,#N/A,#N/A,TOT,#N/A,#N/A,#N/A,#N/A,#N/A,#N/A,#N/A,#N/A,#N/A,Wesley Johnson,SF,31,6134000,6235118,38,13,14.1,1.2,3.4,0.352,0.7,2,0.329,0.5,1.4,0.385,0.449,0.3,0.5,0.684,0.3,1.6,1.9,0.6,0.4,0.3,0.5,1.7,3.4,534,5.5,0.469,0.594,0.148,2.4,11.7,7.1,5.3,1.2,1.9,11.7,12,-0.3,0.3,0,0.001,-3.6,-0.7,-4.3,-0.3
2018/2019,101869000,101869000,838464,New Orleans Pelicans,19,NOP,Louisiana,West,Southwest,33,49,0.402,115.4,116.8,-1.1,Wesley Johnson,SF,31,6134000,6235118,26,13,14.5,1.3,3.4,0.398,0.7,1.9,0.38,0.6,1.5,0.421,0.506,0.2,0.3,0.667,0.4,1.7,2.1,0.6,0.5,0.3,0.5,1.7,3.7,377,6.9,0.517,0.568,0.102,2.8,11.9,7.4,5.2,1.5,1.5,11.5,11.3,0,0.2,0.3,0.032,-2.5,-0.4,-2.9,-0.1
2018/2019,101869000,101869000,838464,Washington Wizards,30,WAS,Washington DC,East,Southeast,32,50,0.39,114,116.9,-3.3,Wesley Johnson,SF,31,6134000,6235118,12,0,13.1,0.8,3.3,0.25,0.5,2.2,0.231,0.3,1.2,0.286,0.325,0.6,0.8,0.7,0.2,1.3,1.5,0.6,0.2,0.4,0.5,1.5,2.8,157,2,0.372,0.65,0.25,1.4,11.2,6.2,5.6,0.6,2.7,11.9,13.6,-0.3,0,-0.2,-0.075,-6.3,-1.5,-7.7,-0.2
2018/2019,101869000,101869000,838464,Denver Nuggets,8,DEN,Colorado,West,Northwest,54,28,0.659,110.7,106.7,4.19,Nikola Jokic,C,23,25467250,25887073,80,80,31.3,7.7,15.1,0.511,1,3.4,0.307,6.7,11.7,0.569,0.545,3.6,4.4,0.821,2.9,8,10.8,7.3,1.4,0.7,3.1,2.9,20.1,2504,26.3,0.589,0.224,0.292,9.8,27.6,18.7,37,2.1,1.9,15.4,27.4,7.5,4.3,11.8,0.226,5.7,3.8,9.5,7.3
2018/2019,101869000,101869000,838464,Golden State Warriors,10,GSW,California,West,Pacific,57,25,0.695,117.7,111.2,6.42,Damian Jones,C,23,1544951,1570419,24,22,17.1,2.2,3.1,0.716,0,0,,2.2,3.1,0.716,0.716,1,1.5,0.649,1.3,1.8,3.1,1.2,0.5,1,0.7,2.6,5.4,410,15.3,0.72,0,0.5,8.4,11,9.8,8.7,1.4,5.1,15.1,11.1,1,0.5,1.5,0.173,0.5,2.5,3,0.5
2018/2019,101869000,101869000,838464,Miami Heat,16,MIA,Florida,East,Southeast,39,43,0.476,105.7,105.9,-0.45,Derrick Jones,SF,21,1512601,1537535,60,14,19.2,2.7,5.4,0.494,0.5,1.5,0.308,2.2,3.9,0.567,0.537,1.2,2,0.607,1.6,2.4,4,0.6,0.8,0.7,0.7,2.1,7,1153,14,0.559,0.281,0.377,8.8,13.3,11.1,4.7,1.9,3.3,10.2,15.6,1.2,1.7,2.9,0.121,-1.3,1.5,0.2,0.6
2018/2019,101869000,101869000,838464,Cleveland Cavaliers,6,CLE,Ohio,East,Central,19,63,0.232,104.5,114.1,-9.39,Jalen Jones,SF,25,77250,78523,16,0,13.4,1.6,3.9,0.419,0.6,1.8,0.357,1,2.1,0.471,0.5,1.2,1.7,0.704,0.7,1.4,2.1,0.4,0.6,0.1,0.5,1.7,5.1,214,11.7,0.548,0.452,0.435,5.5,12.5,8.8,4.8,2.1,0.8,9.8,16.7,0.2,0.1,0.3,0.056,-1.2,-2.2,-3.4,-0.1
2018/2019,101869000,101869000,838464,Los Angeles Lakers,14,LAL,California,West,Pacific,37,45,0.451,111.8,113.5,-1.33,Jemerrio Jones,SF,23,52170,53030,6,2,23.8,2,5.5,0.364,0.3,1.7,0.2,1.7,3.8,0.435,0.394,0.2,0.3,0.5,2.7,5.5,8.2,2.2,1.2,0.8,0.8,1.7,4.5,143,12.1,0.398,0.303,0.061,11.8,23.4,17.7,11.4,2.3,2.9,12.9,11.3,0,0.2,0.2,0.084,-2.9,3.7,0.8,0.1
2018/2019,101869000,101869000,838464,Houston Rockets,11,HOU,Texas,West,Southwest,53,29,0.646,113.9,109.1,4.96,Terrence Jones,PF,27,198579,201852,2,0,2.5,0.5,2,0.25,0,1,0,0.5,1,0.5,0.25,0,0.5,0,0,2,2,0,0,0,0.5,0.5,1,5,-15.8,0.225,0.5,0.25,0,90.3,44.2,0,0,0,18.4,47.2,-0.1,0,-0.1,-0.661,-36.1,-16.2,-52.3,-0.1
2018/2019,101869000,101869000,838464,Minnesota Timberwolves,18,MIN,Minnesota,West,Northwest,36,46,0.439,112.5,114,-1.02,Tyus Jones,PG,22,2444052,2484341,68,23,22.9,2.7,6.6,0.415,0.6,1.9,0.317,2.1,4.7,0.453,0.46,0.9,1,0.841,0.3,1.6,2,4.8,1.2,0.1,0.7,1.1,6.9,1560,13.7,0.491,0.283,0.155,1.6,7.7,4.6,28.3,2.5,0.3,9,14.1,2.1,0.9,3,0.091,-0.3,-1.5,-1.8,0.1
2018/2019,101869000,101869000,838464,#N/A,#N/A,TOT,#N/A,#N/A,#N/A,#N/A,#N/A,#N/A,#N/A,#N/A,#N/A,DeAndre Jordan,C,30,22897200,23274656,69,69,29.7,4.1,6.5,0.641,0,0,,4.1,6.5,0.641,0.641,2.7,3.8,0.705,3.3,9.8,13.1,2.3,0.6,1.1,2.2,2.4,11,2047,19,0.674,0,0.592,11.7,35.2,23.5,11.6,1,3,21.4,15,4,3.1,7.1,0.167,-0.9,3.3,2.4,2.3
2018/2019,101869000,101869000,838464,Dallas Mavericks,7,DAL,Texas,West,Southwest,33,49,0.402,108.9,110.1,-0.87,DeAndre Jordan,C,30,22897200,23274656,50,50,31.1,4.2,6.5,0.644,0,0,,4.2,6.5,0.644,0.644,2.7,4,0.682,3.2,10.5,13.7,2,0.7,1.1,2.2,2.5,11,1554,18,0.672,0,0.613,11.2,35.9,23.6,9.5,1,2.9,21.3,14.4,2.7,2.5,5.3,0.162,-1.4,3.4,2,1.6
2018/2019,101869000,101869000,838464,New York Knicks,20,NYK,New York,East,Atlantic,17,65,0.207,104.6,113.8,-8.93,DeAndre Jordan,C,30,22897200,23274656,19,19,25.9,4.1,6.5,0.634,0,0,,4.1,6.5,0.634,0.634,2.7,3.5,0.773,3.4,8,11.4,3,0.5,1.1,2.2,2.2,10.9,493,22.1,0.681,0,0.537,13.3,33,22.9,18.2,0.9,3.4,21.6,16.8,1.3,0.6,1.9,0.181,0.6,2.9,3.6,0.7
2018/2019,101869000,101869000,838464,Indiana Pacers,12,IND,Indiana,East,Central,48,34,0.585,108,104.7,2.76,Cory Joseph,PG,27,7945000,8075972,82,9,25.2,2.8,6.7,0.412,0.7,2.1,0.322,2.1,4.6,0.454,0.463,0.4,0.5,0.698,0.5,2.9,3.4,3.9,1.1,0.3,1,1.6,6.5,2063,11,0.474,0.312,0.078,2.1,12.6,7.5,20.7,2.2,0.9,12.4,13.7,0.5,2.9,3.5,0.081,-2,1.4,-0.5,0.8
2018/2019,101869000,101869000,838464,Charlotte Hornets,4,CHO,North Carolina,East,Southeast,39,43,0.476,110.7,111.8,-1.32,Frank Kaminsky,C,25,3627842,3687646,47,0,16.1,2.9,6.3,0.463,1.1,3,0.36,1.9,3.4,0.553,0.547,1.7,2.3,0.738,0.8,2.6,3.5,1.3,0.3,0.3,0.9,1.4,8.6,755,16.8,0.587,0.466,0.359,5.5,18.1,11.7,12.9,0.8,1.4,10.6,22.1,1.3,0.5,1.8,0.114,1.1,-1.9,-0.9,0.2
2018/2019,101869000,101869000,838464,#N/A,#N/A,TOT,#N/A,#N/A,#N/A,#N/A,#N/A,#N/A,#N/A,#N/A,#N/A,Enes Kanter,C,26,19264603,19582176,67,31,24.5,5.6,10.2,0.549,0.1,0.5,0.294,5.4,9.7,0.562,0.556,2.3,2.9,0.787,3.8,6,9.8,1.7,0.5,0.4,1.8,2.5,13.7,1640,22.3,0.594,0.05,0.288,16.4,26.1,21.1,12.1,0.9,1.3,13.3,23.1,3.9,1.6,5.4,0.159,1.5,-0.2,1.3,1.4
2018/2019,101869000,101869000,838464,New York Knicks,20,NYK,New York,East,Atlantic,17,65,0.207,104.6,113.8,-8.93,Enes Kanter,C,26,19264603,19582176,44,23,25.6,5.7,10.6,0.536,0.2,0.5,0.318,5.5,10.1,0.547,0.544,2.4,2.9,0.814,3.9,6.6,10.5,1.9,0.4,0.4,1.8,2.4,14,1128,21.8,0.585,0.047,0.276,15.5,27.5,21.4,13.1,0.8,1.3,13.1,22.9,2.4,0.9,3.4,0.143,1,-0.2,0.8,0.8
2018/2019,101869000,101869000,838464,Portland Trail Blazers,25,POR,Oregon,West,Northwest,53,29,0.646,114.7,110.5,4.43,Enes Kanter,C,26,19264603,19582176,23,8,22.3,5.4,9.3,0.577,0.1,0.5,0.25,5.3,8.8,0.596,0.584,2.2,3,0.735,3.7,4.9,8.6,1.4,0.6,0.4,1.7,2.7,13.1,512,23.5,0.614,0.056,0.316,18.3,22.8,20.6,9.9,1.3,1.4,13.7,23.4,1.5,0.6,2.1,0.196,2.5,-0.3,2.3,0.6
2018/2019,101869000,101869000,838464,Detroit Pistons,9,DET,Michigan,East,Central,41,41,0.5,107,107.3,-0.56,Luke Kennard,SG,22,3275280,3329272,63,10,22.8,3.6,8.3,0.438,1.7,4.3,0.394,1.9,4,0.486,0.54,0.8,1,0.836,0.2,2.7,2.9,1.8,0.4,0.2,0.9,1.5,9.7,1437,11.9,0.56,0.517,0.117,0.9,13.5,7,12.3,0.9,0.6,9.4,18.1,1.3,1.3,2.5,0.085,-0.5,-1,-1.5,0.2
2018/2019,101869000,101869000,838464,Charlotte Hornets,4,CHO,North Carolina,East,Southeast,39,43,0.476,110.7,111.8,-1.32,Michael Kidd-Gilchrist,PF,25,13000000,13214303,64,3,18.4,2.5,5.2,0.476,0.3,0.7,0.34,2.2,4.5,0.498,0.5,1.5,1.9,0.772,1.4,2.5,3.8,1,0.5,0.6,0.7,2.4,6.7,1179,13.3,0.553,0.142,0.37,7.9,14.8,11.3,7.4,1.3,2.9,10,15.7,1.5,1,2.5,0.1,-1.7,0.4,-1.3,0.2
2018/2019,101869000,101869000,838464,Phoenix Suns,24,PHO,Arizona,West,Pacific,19,63,0.232,107.5,116.8,-8.61,George King,SF,25,77250,78523,1,0,6,0,0,,0,0,,0,0,,,0,0,,0,1,1,0,0,0,0,0,0,6,1.9,,,,0,18.8,9.2,0,0,0,,0,0,0,0,-0.001,-8.8,-1.8,-10.6,0
2018/2019,101869000,101869000,838464,Dallas Mavericks,7,DAL,Texas,West,Southwest,33,49,0.402,108.9,110.1,-0.87,Maxi Kleber,PF,27,1378242,1400962,71,18,21.2,2.5,5.4,0.453,1.1,3.1,0.353,1.4,2.4,0.583,0.553,0.8,1,0.784,1.3,3.4,4.6,1,0.5,1.1,0.8,2,6.8,1502,13.1,0.579,0.565,0.192,6.5,16.9,11.7,6.8,1.2,4.4,11.4,13.5,1.6,1.8,3.5,0.111,-0.8,2.3,1.5,1.3
2018/2019,101869000,101869000,838464,#N/A,#N/A,TOT,#N/A,#N/A,#N/A,#N/A,#N/A,#N/A,#N/A,#N/A,#N/A,Brandon Knight,PG,27,14631250,14872443,39,26,18.9,2.5,6.7,0.381,1.1,3.3,0.318,1.5,3.4,0.443,0.46,0.7,0.9,0.794,0.3,1.3,1.5,1.8,0.5,0.1,0.8,1.6,6.8,736,8.9,0.484,0.496,0.131,1.4,7.7,4.4,14.4,1.4,0.2,9.8,18.1,-0.1,0,0,-0.002,-1.9,-3.1,-5,-0.6
2018/2019,101869000,101869000,838464,Houston Rockets,11,HOU,Texas,West,Southwest,53,29,0.646,113.9,109.1,4.96,Brandon Knight,PG,27,14631250,14872443,12,0,9.8,0.9,3.9,0.234,0.4,2.7,0.156,0.5,1.3,0.4,0.287,0.8,0.9,0.818,0.1,0.7,0.8,0.8,0.2,0,0.4,1.2,3,118,0.8,0.347,0.681,0.234,0.9,7.7,4.2,10.6,0.8,0,8.8,20.9,-0.3,0,-0.3,-0.113,-6.9,-4.4,-11.3,-0.3
2018/2019,101869000,101869000,838464,Cleveland Cavaliers,6,CLE,Ohio,East,Central,19,63,0.232,104.5,114.1,-9.39,Brandon Knight,PG,27,14631250,14872443,27,26,22.9,3.3,7.9,0.413,1.3,3.6,0.371,1.9,4.3,0.448,0.498,0.7,0.9,0.783,0.3,1.5,1.9,2.3,0.7,0.1,0.9,1.8,8.5,618,10.5,0.515,0.455,0.108,1.5,7.7,4.5,15.1,1.5,0.3,10.1,17.6,0.3,0,0.2,0.019,-1,-2.9,-3.8,-0.3
2018/2019,101869000,101869000,838464,New York Knicks,20,NYK,New York,East,Atlantic,17,65,0.207,104.6,113.8,-8.93,Kevin Knox,PF,19,3744840,3806573,75,57,28.8,4.5,12.2,0.37,1.7,4.9,0.343,2.8,7.3,0.387,0.438,2.2,3,0.717,0.8,3.7,4.5,1.1,0.6,0.3,1.5,2.3,12.8,2158,8.7,0.475,0.398,0.247,2.9,13.6,8.1,6,1,0.9,10.1,22.3,-2.2,0.9,-1.3,-0.03,-3.6,-2.4,-6,-2.2
2018/2019,101869000,101869000,838464,Philadelphia 76ers,23,PHI,Pennsylvania,East,Atlantic,51,31,0.622,115.2,112.5,2.25,Furkan Korkmaz,SG,21,1740000,1768683,48,7,14.1,2,5.1,0.4,1,3,0.326,1.1,2.1,0.505,0.496,0.8,0.9,0.818,0.3,1.9,2.2,1.1,0.6,0,0.5,1.3,5.8,679,11.5,0.528,0.588,0.18,2.6,13.8,8.3,10.7,2,0.2,8.6,17.9,0.4,0.7,1.1,0.079,-0.8,-1.5,-2.2,0
2018/2019,101869000,101869000,838464,New York Knicks,20,NYK,New York,East,Atlantic,17,65,0.207,104.6,113.8,-8.93,Luke Kornet,PF,23,1619260,1645953,46,18,17,2.3,6.2,0.378,1.5,4.2,0.363,0.8,2,0.411,0.502,0.8,1,0.826,0.6,2.3,2.9,1.2,0.6,0.9,0.5,0.9,7,784,14.8,0.531,0.682,0.163,3.6,14.6,9,10.5,1.7,4.5,7.6,17.9,0.6,0.7,1.4,0.083,0.1,0.6,0.7,0.5
2018/2019,101869000,101869000,838464,#N/A,#N/A,TOT,#N/A,#N/A,#N/A,#N/A,#N/A,#N/A,#N/A,#N/A,#N/A,Kyle Korver,SG-PF,37,7560000,7684625,70,0,19.1,2.9,6.9,0.416,2,5,0.397,0.9,1.9,0.467,0.559,0.9,1,0.822,0.1,2.2,2.3,1.2,0.4,0.2,0.8,1.5,8.6,1334,11.2,0.582,0.72,0.151,0.7,12.4,6.6,8.9,0.9,0.7,10.3,18.5,1,1.3,2.3,0.082,0,-1.5,-1.5,0.2
2018/2019,101869000,101869000,838464,Cleveland Cavaliers,6,CLE,Ohio,East,Central,19,63,0.232,104.5,114.1,-9.39,Kyle Korver,PF,37,7560000,7684625,16,0,15.7,2.2,4.8,0.461,1.6,3.4,0.463,0.6,1.4,0.455,0.625,0.8,1,0.813,0,1.8,1.8,1.1,0.2,0.1,1.1,1.4,6.8,251,11.3,0.65,0.711,0.211,0,13.4,6.4,10.1,0.6,0.7,17,17.4,0.2,0,0.2,0.043,-0.3,-3.4,-3.7,-0.1
2018/2019,101869000,101869000,838464,Utah Jazz,29,UTA,Utah,West,Northwest,50,32,0.61,111.7,106.5,5.28,Kyle Korver,SG,37,7560000,7684625,54,0,20.1,3.1,7.5,0.408,2.1,5.4,0.384,1,2.1,0.469,0.547,0.9,1.1,0.825,0.2,2.3,2.5,1.2,0.4,0.2,0.8,1.6,9.1,1083,11.2,0.569,0.722,0.14,0.9,12.2,6.7,8.6,1,0.7,8.9,18.7,0.8,1.3,2,0.091,0.1,-1,-1,0.3
2018/2019,101869000,101869000,838464,Sacramento Kings,26,SAC,California,West,Pacific,39,43,0.476,114.2,115.3,-0.81,Kosta Koufos,C,29,8739500,8883569,42,1,12,1.7,3.6,0.477,0,0,,1.7,3.6,0.477,0.477,0.2,0.6,0.417,1.2,3,4.2,0.9,0.4,0.4,0.6,1.6,3.7,502,12.3,0.477,0,0.157,10.4,26.3,18.2,9.5,1.4,3.1,14.2,15.7,0,0.7,0.7,0.063,-4.3,1.8,-2.5,-0.1
2018/2019,101869000,101869000,838464,Brooklyn Nets,3,BRK,New York,East,Atlantic,42,40,0.512,112.2,112.3,-0.4,Rodions Kurucs,SF,20,1690000,1717859,63,46,20.5,3.2,7.1,0.45,0.9,2.9,0.315,2.3,4.2,0.543,0.514,1.1,1.5,0.783,0.9,3,3.9,0.8,0.7,0.4,1.2,2.3,8.5,1294,11,0.545,0.41,0.205,4.6,15.4,10,6,1.5,1.5,13.6,18.4,0.1,1.5,1.6,0.059,-2.6,0.2,-2.4,-0.1
2018/2019,101869000,101869000,838464,Los Angeles Lakers,14,LAL,California,West,Pacific,37,45,0.451,111.8,113.5,-1.33,Kyle Kuzma,PF,23,1689840,1717696,70,68,33.1,7.1,15.5,0.456,1.8,6,0.303,5.3,9.5,0.553,0.515,2.7,3.6,0.752,0.9,4.6,5.5,2.5,0.6,0.4,1.9,2.4,18.7,2314,14,0.546,0.388,0.23,2.7,14.1,8.5,11.5,0.8,0.9,10,23.8,1.2,1.9,3.1,0.065,-0.3,-1.3,-1.7,0.2
2018/2019,101869000,101869000,838464,#N/A,#N/A,TOT,#N/A,#N/A,#N/A,#N/A,#N/A,#N/A,#N/A,#N/A,#N/A,Skal Labissiere,PF,22,1544951,1570419,22,1,8,1.2,2.2,0.531,0.3,0.6,0.462,0.9,1.6,0.556,0.592,0.4,0.8,0.529,0.4,1.5,2,0.5,0.2,0.3,0.5,1.3,3,176,12.6,0.593,0.265,0.347,5.4,20.3,12.8,8.6,1.4,2.8,16.3,16,0.1,0.2,0.3,0.089,-2.4,0.6,-1.8,0
2018/2019,101869000,101869000,838464,Sacramento Kings,26,SAC,California,West,Pacific,39,43,0.476,114.2,115.3,-0.81,Skal Labissiere,PF,22,1544951,1570419,13,0,8.7,1,2.3,0.433,0.3,0.8,0.364,0.7,1.5,0.474,0.5,0.5,0.8,0.545,0.3,1.5,1.8,0.5,0.2,0.2,0.5,1.6,2.8,113,7,0.517,0.367,0.367,3.6,18.7,10.9,6.8,0.8,2.3,16.7,15.3,-0.1,0.1,0,0.018,-4.7,-0.5,-5.2,-0.1
2018/2019,101869000,101869000,838464,Portland Trail Blazers,25,POR,Oregon,West,Northwest,53,29,0.646,114.7,110.5,4.43,Skal Labissiere,PF,22,1544951,1570419,9,1,7,1.4,2.1,0.684,0.2,0.2,1,1.2,1.9,0.647,0.737,0.3,0.7,0.5,0.6,1.6,2.1,0.6,0.3,0.3,0.4,0.9,3.4,63,22.6,0.716,0.105,0.316,8.7,23.2,16.1,11.9,2.3,3.8,15.6,17.2,0.2,0.1,0.3,0.216,1.7,2.4,4.2,0.1
2018/2019,101869000,101869000,838464,Charlotte Hornets,4,CHO,North Carolina,East,Southeast,39,43,0.476,110.7,111.8,-1.32,Jeremy Lamb,SG,26,7000000,7115393,79,55,28.5,5.5,12.4,0.44,1.5,4.2,0.348,4,8.2,0.487,0.499,2.9,3.3,0.888,0.8,4.7,5.5,2.2,1.1,0.4,1,1.8,15.3,2250,17.3,0.552,0.337,0.266,3.1,18.1,10.4,11.9,1.9,1.2,6.8,22.5,3.3,2,5.3,0.113,0.6,-0.6,0.1,1.2
2018/2019,101869000,101869000,838464,Chicago Bulls,5,CHI,Illinois,East,Central,22,60,0.268,104.9,113.4,-8.32,Zach LaVine,SG,23,19500000,19821454,63,62,34.5,8.4,18,0.467,1.9,5.1,0.374,6.5,12.9,0.504,0.52,5,6,0.832,0.6,4,4.7,4.5,1,0.4,3.4,2.2,23.7,2171,18.7,0.574,0.283,0.33,2,12.9,7.4,22.6,1.3,1,14.2,30.5,1.7,1.1,2.8,0.062,1.8,-1.7,0,1.1
2018/2019,101869000,101869000,838464,Portland Trail Blazers,25,POR,Oregon,West,Northwest,53,29,0.646,114.7,110.5,4.43,Jake Layman,SF,24,1544951,1570419,71,33,18.7,3,6,0.509,0.8,2.5,0.326,2.2,3.4,0.646,0.579,0.7,1,0.704,0.8,2.3,3.1,0.7,0.4,0.4,0.6,1.6,7.6,1327,13.5,0.594,0.427,0.167,4.6,12.6,8.7,5.6,1.1,1.8,9.2,15.9,1.9,1.2,3.1,0.111,0.4,-0.6,-0.3,0.6
2018/2019,101869000,101869000,838464,Indiana Pacers,12,IND,Indiana,East,Central,48,34,0.585,108,104.7,2.76,TJ Leaf,PF,21,2407560,2447248,58,1,9,1.7,3.2,0.541,0.1,0.5,0.258,1.6,2.6,0.599,0.563,0.3,0.5,0.613,0.7,1.4,2.2,0.4,0.2,0.3,0.2,0.6,3.9,522,16.9,0.572,0.169,0.169,9.3,17.1,13.3,6.9,0.8,3.2,5.8,17.5,0.9,0.7,1.6,0.148,-1,0,-1,0.1
2018/2019,101869000,101869000,838464,#N/A,#N/A,TOT,#N/A,#N/A,#N/A,#N/A,#N/A,#N/A,#N/A,#N/A,#N/A,Courtney Lee,SG,33,12253780,12455781,34,6,12.6,1.6,3.8,0.411,0.5,1.6,0.291,1.1,2.2,0.5,0.473,0.4,0.6,0.667,0.3,1.3,1.6,1.1,0.6,0.1,0.4,0.9,4,428,10.3,0.492,0.426,0.163,2.2,11.2,6.7,12.8,2.4,0.6,9.2,15.3,0.1,0.4,0.4,0.05,-2.5,-0.2,-2.8,-0.1
2018/2019,101869000,101869000,838464,New York Knicks,20,NYK,New York,East,Atlantic,17,65,0.207,104.6,113.8,-8.93,Courtney Lee,SG,33,12253780,12455781,12,2,13.3,1.8,3.9,0.447,0.4,1.3,0.313,1.3,2.6,0.516,0.5,0.8,1.2,0.643,0.5,1.8,2.3,1.3,0.7,0.2,0.4,1.1,4.7,160,13.7,0.527,0.34,0.298,3.8,14.1,8.8,15.1,2.4,1.1,8.6,15.5,0.2,0.1,0.3,0.087,-1.2,-0.1,-1.3,0
2018/2019,101869000,101869000,838464,Dallas Mavericks,7,DAL,Texas,West,Southwest,33,49,0.402,108.9,110.1,-0.87,Courtney Lee,SG,33,12253780,12455781,22,4,12.2,1.5,3.7,0.39,0.5,1.8,0.282,1,2,0.488,0.457,0.2,0.3,0.714,0.1,1.1,1.2,1,0.6,0,0.4,0.9,3.6,268,8.3,0.47,0.476,0.085,1.2,9.5,5.4,11.4,2.4,0.3,9.6,15.1,-0.1,0.3,0.2,0.028,-3.3,-0.3,-3.6,-0.1
2018/2019,101869000,101869000,838464,Golden State Warriors,10,GSW,California,West,Pacific,57,25,0.695,117.7,111.2,6.42,Damion Lee,SG,26,77250,78523,32,0,11.7,1.8,4,0.441,0.8,2.1,0.397,0.9,1.8,0.492,0.547,0.6,0.7,0.864,0.3,1.8,2,0.4,0.4,0,0.3,0.9,4.9,375,11.9,0.578,0.535,0.173,2.4,15.3,9.1,4.5,1.6,0,7.4,16.8,0.3,0.4,0.7,0.09,-1.1,-2.5,-3.6,-0.2
2018/2019,101869000,101869000,838464,Chicago Bulls,5,CHI,Illinois,East,Central,22,60,0.268,104.9,113.4,-8.32,Walter Lemon Jr,PG,26,176250,179154,6,3,27.8,6.3,14.5,0.437,0.3,0.8,0.4,6,13.7,0.439,0.448,1.3,1.8,0.727,0.7,3.8,4.5,5,1.8,0.2,1.7,2.3,14.3,167,16.3,0.468,0.057,0.126,2.6,15.1,8.8,30.3,3.2,0.5,9.8,26.6,-0.1,0.2,0.1,0.026,-1.5,0.1,-1.4,0
2018/2019,101869000,101869000,838464,Atlanta Hawks,1,ATL,Georgia,East,Southeast,29,53,0.354,113.3,119.4,-6.06,Alex Len,C,25,4350000,4421709,77,31,20.1,4.2,8.4,0.494,1,2.6,0.363,3.2,5.8,0.554,0.551,1.8,2.8,0.648,2.1,3.5,5.5,1.1,0.4,0.9,1.3,2.6,11.1,1544,17.2,0.575,0.315,0.333,10.5,18.5,14.4,8.6,0.8,3.9,11.5,22.1,2.2,1,3.2,0.1,-0.1,-0.8,-0.9,0.4
2018/2019,101869000,101869000,838464,Toronto Raptors,28,TOR,Ontario,East,Atlantic,58,24,0.707,114.4,108.4,5.49,Kawhi Leonard,SF,27,23114066,23495097,60,60,34,9.3,18.8,0.496,1.9,5,0.371,7.5,13.8,0.542,0.546,6.1,7.1,0.854,1.3,6,7.3,3.3,1.8,0.4,2,1.5,26.6,2040,25.8,0.606,0.267,0.377,4.2,18.6,11.6,16.4,2.5,1,8.4,30.3,6.1,3.4,9.5,0.224,4.3,0.7,5,3.6
2018/2019,101869000,101869000,838464,Portland Trail Blazers,25,POR,Oregon,West,Northwest,53,29,0.646,114.7,110.5,4.43,Meyers Leonard,C,26,10595506,10770171,61,2,14.4,2.2,4,0.545,0.8,1.8,0.45,1.3,2.1,0.626,0.649,0.7,0.8,0.843,0.8,3,3.8,1.2,0.2,0.1,0.7,1.7,5.9,878,15.8,0.675,0.459,0.211,6.1,21.8,14.2,11.8,0.7,0.8,14,14.8,2.1,0.9,3,0.164,1.8,-0.4,1.4,0.8
2018/2019,101869000,101869000,838464,Detroit Pistons,9,DET,Michigan,East,Central,41,41,0.5,107,107.3,-0.56,Jon Leuer,PF,29,10002681,10167573,41,1,9.8,1.6,2.8,0.584,0,0.3,0.091,1.6,2.5,0.637,0.588,0.6,0.8,0.742,0.7,1.7,2.4,0.3,0.3,0.1,0.6,1.5,3.8,402,13.2,0.616,0.097,0.274,7.1,19.8,13.2,5.5,1.5,0.8,15.4,16.1,0.4,0.5,0.9,0.11,-2.9,-0.1,-3,-0.1
2018/2019,101869000,101869000,838464,Brooklyn Nets,3,BRK,New York,East,Atlantic,42,40,0.512,112.2,112.3,-0.4,Caris LeVert,SF,24,1702800,1730870,40,25,26.6,5.2,12.1,0.429,1.2,3.9,0.312,4,8.2,0.483,0.478,2.1,3.1,0.691,0.9,2.9,3.8,3.9,1.1,0.4,1.7,1.9,13.7,1063,14.9,0.509,0.319,0.255,3.5,11.4,7.5,23.2,1.9,1,11.4,24,0.5,1.2,1.7,0.077,-0.3,0.1,-0.2,0.5
2018/2019,101869000,101869000,838464,Portland Trail Blazers,25,POR,Oregon,West,Northwest,53,29,0.646,114.7,110.5,4.43,Damian Lillard,PG,28,27977689,28438896,80,80,35.5,8.5,19.2,0.444,3,8,0.369,5.6,11.1,0.499,0.522,5.9,6.4,0.912,0.9,3.8,4.6,6.9,1.1,0.4,2.7,1.9,25.8,2838,23.7,0.588,0.419,0.335,2.6,11.1,7,30.6,1.5,1,10.8,29.3,9.7,2.4,12.1,0.205,6.6,-1.1,5.5,5.4
2018/2019,101869000,101869000,838464,#N/A,#N/A,TOT,#N/A,#N/A,#N/A,#N/A,#N/A,#N/A,#N/A,#N/A,#N/A,Jeremy Lin,PG,30,12516746,12723081,74,4,19.4,3.2,7.3,0.44,0.7,2.5,0.294,2.5,4.8,0.517,0.491,2.4,2.8,0.838,0.3,2.1,2.4,3.1,0.6,0.2,1.7,1.9,9.6,1436,13.5,0.558,0.346,0.388,1.6,11.7,6.6,23.4,1.5,0.8,16.4,21.8,1.2,0.9,2.1,0.07,-1.1,-1.8,-2.9,-0.3
2018/2019,101869000,101869000,838464,Atlanta Hawks,1,ATL,Georgia,East,Southeast,29,53,0.354,113.3,119.4,-6.06,Jeremy Lin,PG,30,12516746,12723081,51,1,19.7,3.5,7.6,0.466,0.9,2.6,0.333,2.7,5,0.535,0.523,2.8,3.3,0.845,0.3,2,2.3,3.5,0.7,0.1,1.9,1.9,10.7,1003,15.9,0.594,0.342,0.435,1.6,11,6.2,26.7,1.8,0.6,17.6,22.6,1.5,0.4,1.9,0.092,0.1,-2.4,-2.3,-0.1
2018/2019,101869000,101869000,838464,Toronto Raptors,28,TOR,Ontario,East,Atlantic,58,24,0.707,114.4,108.4,5.49,Jeremy Lin,PG,30,12516746,12723081,23,3,18.8,2.5,6.7,0.374,0.5,2.4,0.2,2,4.3,0.47,0.41,1.5,1.8,0.81,0.3,2.3,2.6,2.2,0.4,0.3,1.1,2.1,7,433,8.2,0.464,0.355,0.271,1.5,13.1,7.5,15.7,1,1.1,13,19.8,-0.3,0.5,0.2,0.02,-3.9,-0.6,-4.5,-0.3
2018/2019,101869000,101869000,838464,Golden State Warriors,10,GSW,California,West,Pacific,57,25,0.695,117.7,111.2,6.42,Shaun Livingston,PG,33,8307692,8444643,64,0,15.1,1.7,3.3,0.519,0,0,0,1.7,3.3,0.524,0.519,0.6,0.8,0.784,0.7,1.2,1.8,1.8,0.5,0.4,0.6,1.2,4,967,11.7,0.555,0.01,0.243,4.9,7.9,6.5,14.8,1.5,2.3,14.1,12,1.2,0.9,2,0.101,-1.9,0.5,-1.5,0.1
2018/2019,101869000,101869000,838464,Detroit Pistons,9,DET,Michigan,East,Central,41,41,0.5,107,107.3,-0.56,Zach Lofton,SG,26,77250,78523,1,0,4,0,1,0,0,1,0,0,0,,0,0,0,,0,0,0,0,1,0,1,0,0,4,-10,0,1,0,0,0,0,0,12.3,0,50,21.6,-0.1,0,0,-0.447,-17,8.1,-8.9,0
2018/2019,101869000,101869000,838464,Golden State Warriors,10,GSW,California,West,Pacific,57,25,0.695,117.7,111.2,6.42,Kevon Looney,C,22,1567007,1592838,80,24,18.5,2.7,4.3,0.625,0,0.1,0.1,2.7,4.2,0.641,0.627,0.8,1.3,0.619,2.4,2.8,5.2,1.5,0.6,0.7,0.6,2.6,6.3,1481,17.3,0.636,0.029,0.303,14.6,15.4,15,10.9,1.5,3,11.5,12.8,4.2,1.8,6,0.194,1.9,1.8,3.7,2.1
2018/2019,101869000,101869000,838464,Milwaukee Bucks,17,MIL,Wisconsin,East,Central,60,22,0.732,118.1,109.3,8.04,Brook Lopez,C,30,3382000,3437751,81,81,28.7,4.4,9.7,0.452,2.3,6.3,0.365,2.1,3.4,0.613,0.571,1.4,1.6,0.842,0.4,4.5,4.9,1.2,0.6,2.2,1,2.3,12.5,2322,14.6,0.597,0.651,0.169,1.5,15,8.7,5.7,1,6.5,8.9,16.7,2.3,4.3,6.7,0.138,-0.2,2.9,2.7,2.8
2018/2019,101869000,101869000,838464,Chicago Bulls,5,CHI,Illinois,East,Central,22,60,0.268,104.9,113.4,-8.32,Robin Lopez,C,30,14357750,14594435,74,36,21.7,4.1,7.2,0.568,0.1,0.4,0.226,4,6.8,0.589,0.575,1.2,1.7,0.724,1.9,2,3.9,1.2,0.1,1.1,1.3,1.7,9.5,1606,15.9,0.598,0.058,0.23,9.4,10,9.7,8.8,0.3,4.2,14,18.6,2,0.7,2.7,0.081,-1,-0.1,-1.1,0.4
2018/2019,101869000,101869000,838464,Cleveland Cavaliers,6,CLE,Ohio,East,Central,19,63,0.232,104.5,114.1,-9.39,Kevin Love,PF,30,24119025,24516623,22,21,27.2,5,12.9,0.385,2.4,6.7,0.361,2.5,6.2,0.412,0.479,4.7,5.2,0.904,1.5,9.4,10.9,2.2,0.3,0.2,1.9,2.5,17,598,19.5,0.561,0.519,0.403,5.9,40,22.2,12.8,0.5,0.7,11.2,27.4,1,0.4,1.3,0.106,0.8,-2.4,-1.7,0
2018/2019,101869000,101869000,838464,Toronto Raptors,28,TOR,Ontario,East,Atlantic,58,24,0.707,114.4,108.4,5.49,Kyle Lowry,PG,32,32700000,33239054,65,65,34,4.7,11.4,0.411,2.4,7,0.347,2.3,4.4,0.514,0.518,2.5,3,0.83,0.6,4.2,4.8,8.7,1.4,0.5,2.8,2.6,14.2,2213,16.5,0.562,0.613,0.263,2.1,12.9,7.6,34.8,2,1.2,18.1,19.6,3.6,3,6.6,0.144,2.5,0.6,3.1,2.8
2018/2019,101869000,101869000,838464,Toronto Raptors,28,TOR,Ontario,East,Atlantic,58,24,0.707,114.4,108.4,5.49,Jordan Loyd,PG,25,77250,78523,12,0,4.6,0.7,1.5,0.444,0.3,0.7,0.5,0.3,0.8,0.4,0.556,0.8,0.9,0.818,0.1,0.7,0.8,0.5,0,0,0.2,0.4,2.4,55,16.3,0.635,0.444,0.611,2,15.3,8.8,15.1,0,0,8.1,19.4,0.2,0,0.2,0.19,1,-3,-2,0
2018/2019,101869000,101869000,838464,Detroit Pistons,9,DET,Michigan,East,Central,41,41,0.5,107,107.3,-0.56,Kalin Lucas,PG,29,648008,658690,1,0,6,0,1,0,0,1,0,0,0,,0,2,2,1,0,3,3,1,0,0,0,1,2,6,16.6,0.532,1,2,0,56.7,27.3,20.8,0,0,0,13.5,0,0,0,0.238,-1,0.5,-0.6,0
2018/2019,101869000,101869000,838464,#N/A,#N/A,TOT,#N/A,#N/A,#N/A,#N/A,#N/A,#N/A,#N/A,#N/A,#N/A,Timothe Luwawu,SF,23,1880268,1911263,50,7,13.4,1.6,4.4,0.376,0.7,2.3,0.31,0.9,2,0.451,0.459,0.6,0.8,0.756,0.2,1.7,1.9,0.5,0.4,0.2,0.4,1.5,4.6,669,8,0.489,0.532,0.188,1.7,14.1,7.8,5.5,1.4,1,8.2,16.6,-0.3,0.5,0.2,0.015,-3.3,-1.7,-5,-0.5
2018/2019,101869000,101869000,838464,Oklahoma City Thunder,21,OKC,Oklahoma,West,Northwest,49,33,0.598,114.5,111.1,3.56,Timothe Luwawu,SF,23,1880268,1911263,21,1,5.9,0.6,2,0.302,0.2,1,0.227,0.4,1,0.381,0.36,0.2,0.3,0.667,0.2,0.7,0.9,0.2,0.2,0,0.2,0.7,1.7,123,3.4,0.383,0.512,0.14,3.3,12.1,7.6,4.2,1.5,0.7,9.9,16.8,-0.2,0.1,-0.1,-0.033,-6.7,-1.8,-8.5,-0.2
2018/2019,101869000,101869000,838464,Chicago Bulls,5,CHI,Illinois,East,Central,22,60,0.268,104.9,113.4,-8.32,Timothe Luwawu,SF,23,1880268,1911263,29,6,18.8,2.4,6,0.394,1.1,3.2,0.33,1.3,2.8,0.469,0.483,0.9,1.2,0.771,0.2,2.5,2.7,0.8,0.5,0.2,0.6,2,6.8,546,9,0.515,0.537,0.2,1.4,14.5,7.9,5.8,1.3,1.1,7.8,16.5,0,0.3,0.3,0.026,-2.6,-1.6,-4.2,-0.3
2018/2019,101869000,101869000,838464,Denver Nuggets,8,DEN,Colorado,West,Northwest,54,28,0.659,110.7,106.7,4.19,Tyler Lydon,PF,22,1874640,1905543,25,0,3.8,0.4,0.7,0.5,0.2,0.4,0.4,0.2,0.3,0.625,0.611,0,0.1,0.333,0.3,0.4,0.7,0.2,0.1,0,0.2,0.4,0.9,94,9.3,0.595,0.556,0.167,8,12.7,10.4,8.2,1,0,17.2,10.6,0.1,0.1,0.2,0.086,-1.4,-1.2,-2.5,0
2018/2019,101869000,101869000,838464,Denver Nuggets,8,DEN,Colorado,West,Northwest,54,28,0.659,110.7,106.7,4.19,Trey Lyles,PF,23,3364249,3419708,64,2,17.5,3.2,7.7,0.418,0.8,3.1,0.255,2.4,4.6,0.529,0.47,1.3,1.8,0.698,0.7,3.2,3.8,1.4,0.5,0.4,1.1,1.5,8.5,1120,12.7,0.5,0.404,0.234,4.2,19.6,11.9,11.3,1.3,1.8,11.1,23.4,-0.2,1.4,1.2,0.05,-2.6,-0.7,-3.3,-0.4
2018/2019,101869000,101869000,838464,Los Angeles Lakers,14,LAL,California,West,Pacific,37,45,0.451,111.8,113.5,-1.33,Scott Machado,PG,28,76236,77492,4,0,4.8,1,1.5,0.667,0.3,0.3,1,0.8,1.3,0.6,0.75,0.3,0.3,1,0,0,0,0.8,0.3,0,0,0.5,2.5,19,22.2,0.776,0.167,0.167,0,0,0,23.5,2.4,0,0,14,0.1,0,0.1,0.281,2.4,-6.8,-4.4,0
2018/2019,101869000,101869000,838464,#N/A,#N/A,TOT,#N/A,#N/A,#N/A,#N/A,#N/A,#N/A,#N/A,#N/A,#N/A,Shelvin Mack,PG,28,2512601,2554019,57,3,21.9,2.9,7.1,0.404,0.8,2.3,0.354,2.1,4.8,0.429,0.462,1,1.5,0.69,0.3,1.5,1.8,3.2,0.8,0.1,1.2,1.5,7.5,1246,10.4,0.489,0.323,0.208,1.6,7.9,4.7,22.6,1.9,0.3,13,18.1,-0.2,1.1,0.9,0.034,-2.6,-1.5,-4.1,-0.7
2018/2019,101869000,101869000,838464,Memphis Grizzlies,15,MEM,Tennessee,West,Southwest,33,49,0.402,103.5,106.1,-2.08,Shelvin Mack,PG,28,2512601,2554019,53,3,22.7,3,7.3,0.414,0.9,2.4,0.359,2.2,4.9,0.441,0.473,1,1.4,0.707,0.3,1.6,1.9,3.4,0.8,0.1,1.2,1.5,7.9,1204,11,0.499,0.329,0.193,1.6,8,4.8,23.3,1.9,0.3,12.8,18,0.1,1,1.1,0.045,-2.2,-1.5,-3.7,-0.5
2018/2019,101869000,101869000,838464,Charlotte Hornets,4,CHO,North Carolina,East,Southeast,39,43,0.476,110.7,111.8,-1.32,Shelvin Mack,PG,28,2512601,2554019,4,0,10.5,0.5,3.5,0.143,0,0.5,0,0.5,3,0.167,0.143,1.3,2.3,0.556,0,0.5,0.5,0.3,0.5,0,1,0.8,2.3,42,-6.6,0.251,0.143,0.643,0,5.2,2.6,3,2.3,0,18.2,22.5,-0.3,0,-0.3,-0.304,-14.5,-3,-17.5,-0.2
2018/2019,101869000,101869000,838464,Dallas Mavericks,7,DAL,Texas,West,Southwest,33,49,0.402,108.9,110.1,-0.87,Daryl Macon,SG,23,77250,78523,8,0,11.3,1.3,3.4,0.37,0.6,1.4,0.455,0.6,2,0.313,0.463,0.5,0.9,0.571,0.3,1.3,1.5,0.9,0.1,0,0.8,1,3.6,90,5.5,0.482,0.407,0.259,2.4,11.8,7.1,11.2,0.5,0,16.6,17.2,-0.1,0,0,-0.022,-5.1,-2.1,-7.2,-0.1
2018/2019,101869000,101869000,838464,Charlotte Hornets,4,CHO,North Carolina,East,Southeast,39,43,0.476,110.7,111.8,-1.32,JP Macura,SG,23,77250,78523,2,0,8.5,1.5,4.5,0.333,0,2,0,1.5,2.5,0.6,0.333,0,0,,0,1.5,1.5,1,0,0,0,0,3,17,5.7,0.333,0.444,0,0,19.4,9.5,18,0,0,0,22.8,0,0,0,-0.11,-6.2,-4.3,-10.5,0
2018/2019,101869000,101869000,838464,Washington Wizards,30,WAS,Washington DC,East,Southeast,32,50,0.39,114,116.9,-3.3,Ian Mahinmi,C,32,16000000,16263757,34,6,14.6,1.4,3.1,0.452,0.1,0.5,0.188,1.3,2.6,0.5,0.466,1.2,1.8,0.689,1.4,2.4,3.8,0.7,0.7,0.5,0.6,2.5,4.1,498,12,0.531,0.154,0.587,10.3,17.7,13.9,6.5,2.4,2.7,13.8,12.9,0.5,0.5,1,0.092,-2.3,1.3,-1,0.1
2018/2019,101869000,101869000,838464,#N/A,#N/A,TOT,#N/A,#N/A,#N/A,#N/A,#N/A,#N/A,#N/A,#N/A,#N/A,Thon Maker,C-PF,21,2799720,2845872,64,5,15.2,1.7,4.2,0.407,0.8,2.4,0.32,0.9,1.8,0.522,0.498,0.9,1.3,0.667,0.6,2.5,3.2,0.7,0.3,0.8,0.5,1.6,5,972,11.3,0.53,0.571,0.313,4.5,17.4,11,6.3,1,4.4,9.8,14.8,0.5,1.5,2,0.099,-2.4,1.7,-0.7,0.3
2018/2019,101869000,101869000,838464,Milwaukee Bucks,17,MIL,Wisconsin,East,Central,60,22,0.732,118.1,109.3,8.04,Thon Maker,C,21,2799720,2845872,35,0,11.7,1.7,3.8,0.44,0.7,2.2,0.333,0.9,1.6,0.589,0.537,0.6,1.1,0.541,0.5,2.3,2.7,0.5,0.3,0.5,0.3,1.6,4.7,409,12.9,0.546,0.582,0.276,4.5,18.5,11.9,5.8,1.1,3.7,5.7,16.3,0.4,0.7,1.1,0.132,-1.6,0.7,-0.9,0.1
2018/2019,101869000,101869000,838464,Detroit Pistons,9,DET,Michigan,East,Central,41,41,0.5,107,107.3,-0.56,Thon Maker,PF,21,2799720,2845872,29,5,19.4,1.7,4.6,0.373,0.8,2.6,0.307,0.9,2,0.458,0.459,1.2,1.6,0.766,0.8,2.8,3.7,0.9,0.4,1.1,0.8,1.7,5.5,563,10.2,0.514,0.56,0.351,4.5,16.5,10.3,6.7,1,5,13.4,13.7,0.1,0.8,0.9,0.075,-3,2.5,-0.5,0.2
2018/2019,101869000,101869000,838464,#N/A,#N/A,TOT,#N/A,#N/A,#N/A,#N/A,#N/A,#N/A,#N/A,#N/A,#N/A,Boban Marjanovic,C,30,9490740,9647193,58,12,11.7,2.8,4.5,0.615,0.1,0.2,0.4,2.7,4.3,0.624,0.623,1.7,2.3,0.748,1.5,3.1,4.6,0.9,0.3,0.5,1,1.6,7.3,681,24.2,0.664,0.038,0.504,14,26.9,20.6,12.8,1.1,3.1,15.7,23.3,2.1,0.9,3,0.212,1.4,0.5,1.9,0.7
2018/2019,101869000,101869000,838464,Los Angeles Clippers,13,LAC,California,West,Pacific,48,34,0.585,115.1,114.3,1.09,Boban Marjanovic,C,30,9490740,9647193,36,9,10.4,2.4,3.9,0.607,0,0.1,0,2.4,3.8,0.616,0.607,2,2.6,0.758,1.5,2.7,4.2,0.6,0.3,0.5,1,1.6,6.7,376,24.9,0.666,0.014,0.679,16,26.5,21.4,9.3,1.4,3.6,16.9,24.6,1.2,0.5,1.7,0.217,1.1,0.3,1.4,0.3
2018/2019,101869000,101869000,838464,Philadelphia 76ers,23,PHI,Pennsylvania,East,Atlantic,51,31,0.622,115.2,112.5,2.25,Boban Marjanovic,C,30,9490740,9647193,22,3,13.9,3.4,5.5,0.625,0.2,0.4,0.5,3.2,5.1,0.634,0.642,1.2,1.6,0.722,1.5,3.7,5.1,1.5,0.2,0.5,1,1.5,8.2,305,23.3,0.663,0.067,0.3,11.4,27.3,19.6,17.1,0.8,2.6,13.9,21.7,0.9,0.4,1.3,0.204,1.7,0.7,2.5,0.3
2018/2019,101869000,101869000,838464,Chicago Bulls,5,CHI,Illinois,East,Central,22,60,0.268,104.9,113.4,-8.32,Lauri Markkanen,PF,21,4536120,4610897,52,51,32.3,6.6,15.3,0.43,2.3,6.4,0.361,4.3,8.9,0.479,0.506,3.3,3.8,0.872,1.4,7.6,9,1.4,0.7,0.6,1.6,2.3,18.7,1682,17.1,0.553,0.418,0.245,4.7,25.9,15.2,7.2,1.1,1.7,8.8,25.1,1.3,1.5,2.7,0.078,-0.3,-1.6,-1.9,0
2018/2019,101869000,101869000,838464,Orlando Magic,22,ORL,Florida,East,Southeast,42,40,0.512,107.3,106.6,0.28,Jarell Martin,PF,24,2416221,2456052,42,1,7.8,1,2.5,0.413,0.5,1.4,0.351,0.5,1.1,0.489,0.51,0.2,0.3,0.818,0.3,1.5,1.7,0.4,0.1,0.2,0.3,1.2,2.7,328,9.4,0.528,0.548,0.106,3.5,20.5,11.9,7.8,0.4,2,9.2,15.9,0.1,0.4,0.5,0.073,-3.1,-0.8,-3.9,-0.2
2018/2019,101869000,101869000,838464,Sacramento Kings,26,SAC,California,West,Pacific,39,43,0.476,114.2,115.3,-0.81,Frank Mason,PG,24,1378242,1400962,38,0,11.4,1.9,4.4,0.42,0.4,1.7,0.219,1.5,2.8,0.543,0.462,1,1.5,0.684,0.2,1,1.1,2.2,0.4,0.1,0.9,0.9,5.1,435,12.4,0.502,0.379,0.337,1.4,9,5.1,26.3,1.7,0.8,15.6,21.8,0,0.3,0.3,0.033,-2,-2.5,-4.5,-0.3
2018/2019,101869000,101869000,838464,Miami Heat,16,MIA,Florida,East,Southeast,39,43,0.476,105.7,105.9,-0.45,Yante Maten,PF,22,385000,391346,2,0,6.5,0.5,2,0.25,0,0.5,0,0.5,1.5,0.333,0.25,0,0,,0.5,1,1.5,0,0.5,0,0,0,1,13,5.7,0.25,0.25,0,8.2,16.4,12.3,0,3.8,0,0,13.2,0,0,0,-0.026,-8.9,-1.7,-10.6,0
2018/2019,101869000,101869000,838464,#N/A,#N/A,TOT,#N/A,#N/A,#N/A,#N/A,#N/A,#N/A,#N/A,#N/A,#N/A,Wesley Matthews,SF-SG,32,19360228,19679378,69,68,30.3,4,10.1,0.4,2.2,5.8,0.372,1.9,4.3,0.437,0.507,1.9,2.4,0.81,0.5,2,2.5,2.3,0.8,0.2,1.3,2.3,12.2,2091,10.3,0.546,0.577,0.234,1.7,7.1,4.4,11.1,1.3,0.7,10.6,17.8,1.1,1.5,2.7,0.062,-0.3,-1.2,-1.5,0.3
2018/2019,101869000,101869000,838464,Dallas Mavericks,7,DAL,Texas,West,Southwest,33,49,0.402,108.9,110.1,-0.87,Wesley Matthews,SF,32,19360228,19679378,44,44,29.8,4.4,10.7,0.414,2.3,6,0.38,2.1,4.7,0.456,0.52,2,2.5,0.791,0.5,1.9,2.3,2.3,0.8,0.3,1.3,2.3,13.1,1312,11.3,0.556,0.561,0.235,1.6,6.6,4.2,11.6,1.2,0.8,10.1,18.9,1,0.8,1.8,0.066,0.1,-1.4,-1.3,0.2
2018/2019,101869000,101869000,838464,New York Knicks,20,NYK,New York,East,Atlantic,17,65,0.207,104.6,113.8,-8.93,Wesley Matthews,SG,32,19360228,19679378,2,1,27,2,9.5,0.211,1,5,0.2,1,4.5,0.222,0.263,2,2.5,0.8,0.5,1,1.5,2.5,0.5,0.5,1,1,7,54,2.9,0.33,0.526,0.263,1.9,4,2.9,12.9,0.9,1.6,8.6,18.4,-0.1,0,-0.1,-0.115,-6.3,-3.4,-9.7,-0.1
2018/2019,101869000,101869000,838464,Indiana Pacers,12,IND,Indiana,East,Central,48,34,0.585,108,104.7,2.76,Wesley Matthews,SG,32,19360228,19679378,23,23,31.5,3.5,9.1,0.386,2.1,5.7,0.369,1.4,3.5,0.413,0.5,1.8,2.1,0.854,0.5,2.3,2.8,2.4,0.9,0.2,1.3,2.4,10.9,725,9.2,0.543,0.619,0.229,1.7,8.1,5,10.1,1.3,0.5,11.8,15.8,0.3,0.7,1,0.067,-0.5,-0.6,-1.2,0.2
2018/2019,101869000,101869000,838464,Los Angeles Clippers,13,LAC,California,West,Pacific,48,34,0.585,115.1,114.3,1.09,Luc Mbah a Moute,PF,32,4320500,4391722,4,0,15.3,2,4.5,0.444,0.5,1.5,0.333,1.5,3,0.5,0.5,0.5,1.3,0.4,0.5,1.3,1.8,0.5,0.3,0.3,0.5,2,5,61,6.7,0.495,0.333,0.278,3.6,8.4,6.1,4.5,0.8,1.3,9,15.4,0,0,0,0.009,-3.3,-2.1,-5.4,-0.1
2018/2019,101869000,101869000,838464,Brooklyn Nets,3,BRK,New York,East,Atlantic,42,40,0.512,112.2,112.3,-0.4,Tahjere McCall,SG,24,47370,48150,1,0,8,2,3,0.667,0,1,0,2,2,1,0.667,0,1,0,0,1,1,0,0,0,0,2,4,8,9.6,0.581,0.333,0.333,0,13.1,6.6,0,0,0,0,18.1,0,0,0,0.055,-3.8,-5.9,-9.8,0
2018/2019,101869000,101869000,838464,#N/A,#N/A,TOT,#N/A,#N/A,#N/A,#N/A,#N/A,#N/A,#N/A,#N/A,#N/A,Patrick McCaw,SG,23,964104,979996,29,1,13.7,0.9,2.2,0.413,0.3,1,0.321,0.6,1.2,0.486,0.484,0.4,0.5,0.867,0.2,1.4,1.7,1,0.8,0.1,0.6,1.3,2.6,397,7.5,0.532,0.444,0.238,2,10.9,6.5,9.2,2.8,0.4,19.6,9.4,0,0.5,0.5,0.065,-2.8,1.6,-1.2,0.1
2018/2019,101869000,101869000,838464,Cleveland Cavaliers,6,CLE,Ohio,East,Central,19,63,0.232,104.5,114.1,-9.39,Patrick McCaw,SG,23,964104,979996,3,0,17.7,0.7,3,0.222,0.3,1.3,0.25,0.3,1.7,0.2,0.278,0,0,,0,1,1,0.7,0.7,0,1,0.3,1.7,53,-0.7,0.278,0.444,0,0,6.6,3.1,4.9,1.9,0,25,9.9,-0.2,0,-0.2,-0.137,-8.1,-1.2,-9.3,-0.1
2018/2019,101869000,101869000,838464,Toronto Raptors,28,TOR,Ontario,East,Atlantic,58,24,0.707,114.4,108.4,5.49,Patrick McCaw,SG,23,964104,979996,26,1,13.2,0.9,2.1,0.444,0.3,0.9,0.333,0.6,1.2,0.533,0.519,0.5,0.6,0.867,0.3,1.5,1.7,1,0.8,0.1,0.5,1.4,2.7,344,8.7,0.569,0.444,0.278,2.3,11.6,7.1,9.8,2.9,0.5,18.8,9.3,0.2,0.5,0.7,0.096,-2,2.1,0.1,0.2
2018/2019,101869000,101869000,838464,Portland Trail Blazers,25,POR,Oregon,West,Northwest,53,29,0.646,114.7,110.5,4.43,CJ McCollum,SG,27,25759766,26184411,70,70,33.9,8.2,17.8,0.459,2.4,6.4,0.375,5.8,11.4,0.506,0.527,2.3,2.7,0.828,0.9,3.1,4,3,0.8,0.4,1.5,2.5,21,2375,17,0.553,0.358,0.154,2.9,9.7,6.3,13.8,1.1,0.9,7.4,25.5,4,1.7,5.6,0.114,2.2,-1.9,0.3,1.3
2018/2019,101869000,101869000,838464,Philadelphia 76ers,23,PHI,Pennsylvania,East,Atlantic,51,31,0.622,115.2,112.5,2.25,TJ McConnell,PG,26,1600520,1626904,76,3,19.3,2.9,5.5,0.525,0.2,0.6,0.333,2.7,5,0.546,0.542,0.4,0.5,0.784,0.4,1.9,2.3,3.4,1,0.2,1.2,1.4,6.4,1470,13.4,0.555,0.1,0.088,2.1,10.2,6.3,24.7,2.5,0.9,17.3,15,1.2,1.7,2.9,0.094,-1.7,0,-1.6,0.1
2018/2019,101869000,101869000,838464,Indiana Pacers,12,IND,Indiana,East,Central,48,34,0.585,108,104.7,2.76,Doug McDermott,SF,27,7333334,7454222,77,1,17.4,2.7,5.5,0.491,1.1,2.7,0.408,1.6,2.8,0.569,0.59,0.9,1,0.835,0.2,1.2,1.4,0.9,0.2,0.1,0.5,1.4,7.3,1340,11.6,0.617,0.488,0.187,1.4,7.5,4.5,7.1,0.7,0.5,8.4,16.3,1.8,1.1,2.9,0.103,0,-2.1,-2.1,0
2018/2019,101869000,101869000,838464,Los Angeles Lakers,14,LAL,California,West,Pacific,37,45,0.451,111.8,113.5,-1.33,JaVale McGee,C,31,2393887,2433349,75,62,22.3,5.3,8.5,0.624,0,0.2,0.083,5.3,8.4,0.634,0.625,1.3,2,0.632,2.6,4.9,7.5,0.7,0.6,2,1.4,2.8,12,1671,21.8,0.634,0.019,0.237,12.3,22.5,17.5,4.8,1.3,7.3,13.2,20.2,3,2.9,5.9,0.171,-0.9,2.8,1.9,1.7
2018/2019,101869000,101869000,838464,Miami Heat,16,MIA,Florida,East,Southeast,39,43,0.476,105.7,105.9,-0.45,Rodney McGruder,SG,27,1544951,1570419,66,45,23.5,2.8,7,0.403,1.2,3.4,0.351,1.6,3.6,0.453,0.489,0.8,1.1,0.722,0.9,2.7,3.6,1.7,0.5,0.2,1,1.7,7.6,1550,9.4,0.51,0.488,0.156,4.1,12.2,8.2,10.3,1.1,0.7,11.5,15.4,0.4,1.6,1.9,0.059,-1.9,-0.1,-2,0
2018/2019,101869000,101869000,838464,Golden State Warriors,10,GSW,California,West,Pacific,57,25,0.695,117.7,111.2,6.42,Alfonzo McKinnie,SF,26,1349383,1371627,72,5,13.9,1.9,3.8,0.487,0.6,1.6,0.356,1.3,2.2,0.586,0.564,0.4,0.7,0.563,1.1,2.3,3.4,0.4,0.3,0.2,0.4,1.9,4.7,1003,11.2,0.569,0.429,0.175,9,16.9,13.1,4,0.9,1.3,9.2,13.9,1.2,0.9,2.1,0.1,-0.9,-1.5,-2.5,-0.1
2018/2019,101869000,101869000,838464,Sacramento Kings,26,SAC,California,West,Pacific,39,43,0.476,114.2,115.3,-0.81,Ben McLemore,SG,25,5460000,5550007,19,0,8.3,1.3,3.4,0.391,0.9,2.2,0.415,0.4,1.2,0.348,0.523,0.4,0.6,0.667,0.2,0.7,0.9,0.2,0.3,0.2,0.3,1.2,3.9,158,10.5,0.541,0.641,0.188,1.9,9.4,5.5,3.4,1.8,1.6,6.7,19.4,0.1,0.1,0.2,0.055,-1.1,-2.6,-3.7,-0.1
2018/2019,101869000,101869000,838464,Washington Wizards,30,WAS,Washington DC,East,Southeast,32,50,0.39,114,116.9,-3.3,Jordan McRae,SG,27,77250,78523,27,0,12.3,2.3,4.8,0.469,0.4,1.3,0.286,1.9,3.5,0.537,0.508,1,1.3,0.8,0.2,1.3,1.5,1.1,0.5,0.3,0.6,1,5.9,333,14.3,0.55,0.269,0.269,1.9,11.3,6.5,13.2,1.8,1.8,9.4,20.4,0.3,0.2,0.5,0.066,-1.9,-1.8,-3.7,-0.1
2018/2019,101869000,101869000,838464,Toronto Raptors,28,TOR,Ontario,East,Atlantic,58,24,0.707,114.4,108.4,5.49,Jodie Meeks,SG,31,3774176,3836391,8,0,13,2.6,4.9,0.538,1,2.3,0.444,1.6,2.6,0.619,0.641,0.1,0.1,1,0.1,1.4,1.5,1,0.1,0.1,0.3,0.6,6.4,104,16,0.647,0.462,0.026,1.1,11.1,6.2,11.5,0.5,0.8,4.8,17.1,0.2,0.1,0.3,0.153,1.4,-2.2,-0.8,0
2018/2019,101869000,101869000,838464,Dallas Mavericks,7,DAL,Texas,West,Southwest,33,49,0.402,108.9,110.1,-0.87,Salah Mejri,C,32,2098196,2132784,36,4,11.1,1.5,3.1,0.491,0.3,0.9,0.324,1.2,2.2,0.564,0.54,0.6,0.9,0.625,1,2.6,3.6,1,0.3,0.7,0.6,1.5,3.9,399,16.1,0.559,0.304,0.286,9.7,25.3,17.6,13.2,1.2,5.5,14.3,15.8,0.5,0.6,1.1,0.136,-1.6,3.5,1.9,0.4
2018/2019,101869000,101869000,838464,Phoenix Suns,24,PHO,Arizona,West,Pacific,19,63,0.232,107.5,116.8,-8.61,De'Anthony Melton,PG,20,949000,964644,50,31,19.7,2,5.1,0.391,0.6,1.9,0.305,1.4,3.2,0.441,0.447,0.4,0.6,0.75,0.5,2.2,2.7,3.2,1.4,0.5,1.5,2.3,5,984,9.9,0.466,0.371,0.109,2.8,12.5,7.5,22.3,3.3,1.9,21.8,15,-0.8,0.8,0,0.002,-3.5,1,-2.6,-0.1
2018/2019,101869000,101869000,838464,San Antonio Spurs,27,SAS,Texas,West,Southwest,48,34,0.585,111.7,110,1.8,Chimezie Metu,PF,21,838464,852285,29,0,5,0.7,2,0.328,0,0.1,0,0.7,1.9,0.339,0.328,0.4,0.6,0.765,0.3,0.9,1.2,0.4,0.2,0.1,0.5,0.5,1.8,145,6.4,0.389,0.034,0.293,6.8,20.1,13.5,12,2,1.2,18.6,24.4,-0.5,0.2,-0.3,-0.099,-9,-0.2,-9.2,-0.3
2018/2019,101869000,101869000,838464,Milwaukee Bucks,17,MIL,Wisconsin,East,Central,60,22,0.732,118.1,109.3,8.04,Khris Middleton,SF,27,13000000,13214303,77,77,31.1,6.6,14.9,0.441,2.3,6.2,0.378,4.2,8.8,0.485,0.519,2.8,3.4,0.837,0.6,5.3,6,4.3,1,0.1,2.3,2.2,18.3,2393,16.5,0.558,0.413,0.225,2.3,16.5,9.8,20.1,1.6,0.2,12.1,25.1,2.5,3.6,6.1,0.123,0.7,0.1,0.8,1.7
2018/2019,101869000,101869000,838464,#N/A,#N/A,TOT,#N/A,#N/A,#N/A,#N/A,#N/A,#N/A,#N/A,#N/A,#N/A,CJ Miles,SF,31,8333333,8470706,53,1,16.2,2.1,5.9,0.36,1.3,3.8,0.33,0.8,2,0.417,0.468,0.9,1.1,0.828,0.2,1.5,1.8,0.7,0.5,0.3,0.6,1.5,6.4,856,9,0.504,0.653,0.186,1.7,10.3,6.1,6,1.5,1.5,8.2,18.6,-0.2,0.9,0.7,0.041,-2.1,-1.4,-3.4,-0.3
2018/2019,101869000,101869000,838464,Toronto Raptors,28,TOR,Ontario,East,Atlantic,58,24,0.707,114.4,108.4,5.49,CJ Miles,SF,31,8333333,8470706,40,1,14.1,1.8,5.2,0.34,1.1,3.4,0.314,0.7,1.7,0.391,0.444,0.9,1.1,0.795,0.3,1.4,1.7,0.6,0.5,0.3,0.5,1.6,5.5,562,8,0.484,0.665,0.214,2.4,10.5,6.5,5.2,1.5,1.5,8.5,18.8,-0.3,0.7,0.4,0.035,-2.4,-1.3,-3.7,-0.2
2018/2019,101869000,101869000,838464,Memphis Grizzlies,15,MEM,Tennessee,West,Southwest,33,49,0.402,103.5,106.1,-2.08,CJ Miles,SF,31,8333333,8470706,13,0,22.6,3.2,8.1,0.4,1.8,5.1,0.364,1.4,3,0.462,0.514,1,1.1,0.929,0.1,2,2.1,1.1,0.6,0.4,0.7,1.3,9.3,294,10.8,0.544,0.629,0.133,0.4,10.1,5.2,7.4,1.4,1.6,7.5,18.3,0.1,0.3,0.3,0.054,-1.4,-1.5,-2.9,-0.1
2018/2019,101869000,101869000,838464,New Orleans Pelicans,19,NOP,Louisiana,West,Southwest,33,49,0.402,115.4,116.8,-1.1,Darius Miller,SF,28,2205000,2241349,69,15,25.5,2.7,7,0.39,1.9,5.3,0.365,0.8,1.7,0.467,0.528,0.8,1,0.789,0.2,1.7,1.9,2.1,0.6,0.3,0.9,2.4,8.2,1757,8.4,0.55,0.752,0.147,0.8,6.6,3.8,10.4,1.1,1.1,10.3,13.4,1.1,0.6,1.6,0.045,-0.1,-1.5,-1.7,0.1
2018/2019,101869000,101869000,838464,Toronto Raptors,28,TOR,Ontario,East,Atlantic,58,24,0.707,114.4,108.4,5.49,Malcolm Miller,SF,25,457418,464958,10,0,6.7,1.1,2.6,0.423,1,2.1,0.476,0.1,0.5,0.2,0.615,0.3,0.4,0.75,0.1,0.4,0.5,0.1,0.1,0.1,0.1,0.5,3.5,67,13.7,0.63,0.808,0.154,1.7,6.3,4,2.1,0.7,1.2,3.5,18.5,0.1,0.1,0.2,0.13,1.8,-3.8,-2,0
2018/2019,101869000,101869000,838464,San Antonio Spurs,27,SAS,Texas,West,Southwest,48,34,0.585,111.7,110,1.8,Patrick Mills,PG,30,11571429,11762182,82,1,23.3,3.4,8.1,0.425,1.9,4.9,0.394,1.5,3.2,0.475,0.545,1.1,1.3,0.854,0.3,1.9,2.2,3,0.6,0.1,1.1,1.6,9.9,1908,13.2,0.572,0.609,0.155,1.4,8.9,5.2,17.6,1.3,0.4,11.6,18.5,2.2,1.2,3.5,0.087,1.5,-2,-0.5,0.7
2018/2019,101869000,101869000,838464,Denver Nuggets,8,DEN,Colorado,West,Northwest,54,28,0.659,110.7,106.7,4.19,Paul Millsap,PF,33,29230769,29712633,70,65,27.1,4.6,9.5,0.484,0.8,2.3,0.365,3.8,7.2,0.522,0.528,2.6,3.6,0.727,2.2,5,7.2,2,1.2,0.8,1.4,2.6,12.6,1895,17.9,0.57,0.239,0.374,8.7,20.2,14.4,10.6,2.2,2.5,10.9,19.6,3.2,2.9,6.1,0.155,0.5,1.9,2.4,2.1
2018/2019,101869000,101869000,838464,Philadelphia 76ers,23,PHI,Pennsylvania,East,Atlantic,51,31,0.622,115.2,112.5,2.25,Shake Milton,SG,22,77250,78523,20,0,13.4,1.7,4.4,0.391,0.7,2.2,0.318,1,2.2,0.465,0.471,0.3,0.4,0.714,0.5,1.3,1.8,0.9,0.4,0.4,0.3,1.5,4.4,268,9.3,0.483,0.506,0.08,3.7,10,6.9,9.2,1.4,2.3,6.2,15,0.1,0.3,0.3,0.059,-2.1,-0.6,-2.7,0
2018/2019,101869000,101869000,838464,#N/A,#N/A,TOT,#N/A,#N/A,#N/A,#N/A,#N/A,#N/A,#N/A,#N/A,#N/A,Nikola Mirotic,PF,27,12500000,12706060,46,25,27.1,5.2,11.8,0.439,2.5,6.9,0.365,2.7,4.9,0.545,0.546,2.3,2.7,0.847,1.3,6.1,7.4,1.2,0.7,0.7,1,2.3,15.2,1245,17.2,0.584,0.587,0.229,5.1,22.6,14,6.2,1.2,2.2,7.4,21.4,2,1.4,3.5,0.133,1.2,-1.2,0,0.6
2018/2019,101869000,101869000,838464,New Orleans Pelicans,19,NOP,Louisiana,West,Southwest,33,49,0.402,115.4,116.8,-1.1,Nikola Mirotic,PF,27,12500000,12706060,32,22,28.9,5.7,12.7,0.447,2.7,7.2,0.368,3,5.5,0.551,0.552,2.7,3.2,0.842,1.4,6.8,8.3,1.1,0.7,0.8,1.2,2.7,16.7,925,17.5,0.591,0.568,0.248,5.2,24.1,14.8,5.3,1.1,2.2,7.6,21.7,1.6,0.9,2.5,0.129,1.3,-1.6,-0.3,0.4
2018/2019,101869000,101869000,838464,Milwaukee Bucks,17,MIL,Wisconsin,East,Central,60,22,0.732,118.1,109.3,8.04,Nikola Mirotic,PF,27,12500000,12706060,14,3,22.9,4,9.6,0.415,2.2,6.2,0.356,1.8,3.4,0.521,0.53,1.4,1.6,0.87,1,4.4,5.4,1.4,0.7,0.6,0.8,1.5,11.6,320,16.2,0.562,0.644,0.17,4.7,18.3,11.9,8.6,1.5,2.4,7,20.4,0.4,0.6,1,0.147,0.7,0.2,0.9,0.2
2018/2019,101869000,101869000,838464,Utah Jazz,29,UTA,Utah,West,Northwest,50,32,0.61,111.7,106.5,5.28,Donovan Mitchell,SG,22,3111480,3162772,77,77,33.7,8.6,19.9,0.432,2.4,6.7,0.362,6.1,13.1,0.468,0.493,4.1,5.1,0.806,0.8,3.3,4.1,4.2,1.4,0.4,2.8,2.7,23.8,2598,17.2,0.537,0.339,0.259,2.5,10.5,6.6,21.2,2,0.9,11.3,31.6,1.3,3.7,5,0.092,0.8,-0.2,0.6,1.7
2018/2019,101869000,101869000,838464,Utah Jazz,29,UTA,Utah,West,Northwest,50,32,0.61,111.7,106.5,5.28,Naz Long,SG,25,77250,78523,14,0,6,0.4,1.4,0.3,0.1,0.8,0.182,0.3,0.6,0.444,0.35,0.1,0.1,1,0.1,0.4,0.4,1.1,0.1,0.1,0.6,0.7,1.1,84,2.2,0.383,0.55,0.1,1.3,6.3,3.9,23.3,0.6,0.9,27.7,14.7,-0.2,0.1,-0.1,-0.046,-7,-1.9,-8.9,-0.1
2018/2019,101869000,101869000,838464,Charlotte Hornets,4,CHO,North Carolina,East,Southeast,39,43,0.476,110.7,111.8,-1.32,Malik Monk,SG,20,3447480,3504311,73,0,17.2,3.1,8,0.387,1.5,4.5,0.33,1.6,3.5,0.461,0.48,1.2,1.4,0.882,0.2,1.7,1.9,1.6,0.5,0.3,1.2,1.5,8.9,1258,11.8,0.518,0.563,0.174,1.3,10.6,5.9,14.3,1.4,1.3,12,24.6,-0.4,0.7,0.3,0.012,-1.1,-2.7,-3.9,-0.6
2018/2019,101869000,101869000,838464,#N/A,#N/A,TOT,#N/A,#N/A,#N/A,#N/A,#N/A,#N/A,#N/A,#N/A,#N/A,Greg Monroe,C,28,2410167,2449896,43,2,11.2,2.1,4.4,0.487,0,0.1,0.2,2.1,4.3,0.495,0.489,1,1.7,0.625,1.6,2.4,4,0.6,0.3,0.2,0.7,1.5,5.3,480,16,0.521,0.026,0.381,15.4,22.9,19.3,8.1,1.4,1.4,12.7,22.6,0.4,0.7,1.1,0.108,-2.9,-0.7,-3.6,-0.2
2018/2019,101869000,101869000,838464,Toronto Raptors,28,TOR,Ontario,East,Atlantic,58,24,0.707,114.4,108.4,5.49,Greg Monroe,C,28,2410167,2449896,38,2,11.1,1.9,4.2,0.46,0,0.1,0,1.9,4.1,0.471,0.46,0.9,1.6,0.574,1.6,2.5,4.1,0.4,0.3,0.2,0.8,1.6,4.8,423,13.5,0.487,0.025,0.379,15.7,23.8,19.9,5.4,1.5,1.6,14.2,22.2,-0.1,0.7,0.6,0.071,-4.7,-0.6,-5.3,-0.4
2018/2019,101869000,101869000,838464,Boston Celtics,2,BOS,Massachusetts,East,Atlantic,49,33,0.598,112.4,108,3.9,Greg Monroe,C,28,2410167,2449896,2,0,2.5,1.5,2.5,0.6,0,0,,1.5,2.5,0.6,0.6,0,0,,1.5,0,1.5,0.5,0,0,0,0,3,5,60.2,0.6,0,0,63.9,0,32,73.4,0,0,0,43.1,0.1,0,0.1,0.534,38.2,6.8,44.9,0.1
2018/2019,101869000,101869000,838464,Philadelphia 76ers,23,PHI,Pennsylvania,East,Atlantic,51,31,0.622,115.2,112.5,2.25,Greg Monroe,C,28,2410167,2449896,3,0,17.3,5,7.7,0.652,0.3,0.3,1,4.7,7.3,0.636,0.674,3.3,3.7,0.909,1.3,3,4.3,2.3,0.3,0,0.3,1.7,13.7,52,31.7,0.736,0.043,0.478,8.4,17.8,13.2,23.5,0.9,0,3.5,23.2,0.4,0,0.4,0.37,7.7,-2,5.7,0.1
2018/2019,101869000,101869000,838464,New Orleans Pelicans,19,NOP,Louisiana,West,Southwest,33,49,0.402,115.4,116.8,-1.1,E'Twaun Moore,SG,29,8808685,8953894,53,36,27.6,4.8,10,0.481,1.4,3.3,0.432,3.4,6.7,0.506,0.553,0.8,1.1,0.763,0.7,1.7,2.4,1.9,0.8,0.2,1.1,2.1,11.9,1463,11.5,0.567,0.331,0.111,2.5,6.4,4.5,9.5,1.3,0.4,9.6,17.3,1.2,0.5,1.7,0.055,-0.2,-1.9,-2.2,-0.1
2018/2019,101869000,101869000,838464,#N/A,#N/A,TOT,#N/A,#N/A,#N/A,#N/A,#N/A,#N/A,#N/A,#N/A,#N/A,Eric Moreland,PF,27,309859,314966,5,0,8.6,0.6,1.4,0.429,0.2,0.2,1,0.4,1.2,0.333,0.5,0,0,,0.8,3.2,4,0.8,0.2,0.2,1,1.8,1.4,43,6.7,0.5,0.143,0,10.3,39.6,25.2,11.8,1.1,1.9,41.7,12,-0.1,0.1,0,0.032,-7.4,2.6,-4.8,0
2018/2019,101869000,101869000,838464,Phoenix Suns,24,PHO,Arizona,West,Pacific,19,63,0.232,107.5,116.8,-8.61,Eric Moreland,PF,27,309859,314966,1,0,5,0,0,,0,0,,0,0,,,0,0,,0,3,3,0,0,0,0,1,0,5,3.9,,,,0,67.5,33.2,0,0,0,,0,0,0,0,0.077,-14,-3.9,-18,0
2018/2019,101869000,101869000,838464,Toronto Raptors,28,TOR,Ontario,East,Atlantic,58,24,0.707,114.4,108.4,5.49,Eric Moreland,PF,27,309859,314966,4,0,9.5,0.8,1.8,0.429,0.3,0.3,1,0.5,1.5,0.333,0.5,0,0,,1,3.3,4.3,1,0.3,0.3,1.3,2,1.8,38,7.1,0.5,0.143,0,11.7,35.9,24.1,13.3,1.3,2.2,41.7,13.6,-0.1,0.1,0,0.026,-6.6,3.5,-3.1,0
2018/2019,101869000,101869000,838464,Milwaukee Bucks,17,MIL,Wisconsin,East,Central,60,22,0.732,118.1,109.3,8.04,Jaylen Morris,SG,23,77250,78523,4,0,7.3,1,2.5,0.4,0.3,0.8,0.333,0.8,1.8,0.429,0.45,0.3,0.5,0.5,0,1.3,1.3,1,0.5,0,0.3,0.3,2.5,29,12.2,0.46,0.3,0.2,0,16.5,8.8,18.1,3.2,0,8.4,17.2,0,0.1,0.1,0.084,-3.8,0.9,-3,0
2018/2019,101869000,101869000,838464,Boston Celtics,2,BOS,Massachusetts,East,Atlantic,49,33,0.598,112.4,108,3.9,Marcus Morris,PF,29,5375000,5463606,75,53,27.9,5,11.3,0.447,1.9,5.2,0.375,3.1,6.1,0.508,0.533,1.9,2.3,0.844,1,5.1,6.1,1.5,0.6,0.3,1.2,2.4,13.9,2091,14.2,0.568,0.461,0.205,3.9,19.5,11.7,7.5,1,1.1,9.1,20.9,2.1,2.5,4.5,0.104,-0.4,-1,-1.4,0.3
2018/2019,101869000,101869000,838464,#N/A,#N/A,TOT,#N/A,#N/A,#N/A,#N/A,#N/A,#N/A,#N/A,#N/A,#N/A,Markieff Morris,PF,29,9173294,9324513,58,16,21.9,3.5,8.3,0.421,1.2,3.5,0.335,2.3,4.8,0.484,0.492,1.2,1.6,0.772,1.1,3.5,4.6,1.4,0.6,0.4,0.9,3,9.4,1270,11.7,0.521,0.419,0.19,5,17.5,11.1,8.8,1.3,1.5,9.3,19.1,0.6,1.1,1.6,0.061,-1.7,-1.1,-2.8,-0.3
2018/2019,101869000,101869000,838464,Washington Wizards,30,WAS,Washington DC,East,Southeast,32,50,0.39,114,116.9,-3.3,Markieff Morris,PF,29,9173294,9324513,34,15,26,4.2,9.6,0.436,1.4,4.2,0.333,2.8,5.4,0.516,0.509,1.7,2.1,0.781,1.2,3.9,5.1,1.8,0.7,0.6,1.4,3.4,11.5,883,12.3,0.543,0.439,0.223,5,16.6,10.7,9.6,1.3,1.9,11.5,19.5,0.4,0.5,0.9,0.051,-1.1,-1,-2,0
2018/2019,101869000,101869000,838464,Oklahoma City Thunder,21,OKC,Oklahoma,West,Northwest,49,33,0.598,114.5,111.1,3.56,Markieff Morris,PF,29,9173294,9324513,24,1,16.1,2.5,6.5,0.391,0.8,2.5,0.339,1.7,4,0.423,0.455,0.6,0.8,0.737,0.8,3,3.8,0.8,0.5,0.1,0.3,2.4,6.5,387,10.4,0.475,0.378,0.122,5.2,19.6,12.1,6.8,1.3,0.4,4.1,18,0.2,0.5,0.7,0.083,-3.1,-1.4,-4.5,-0.2
2018/2019,101869000,101869000,838464,Denver Nuggets,8,DEN,Colorado,West,Northwest,54,28,0.659,110.7,106.7,4.19,Monte Morris,PG,23,1349383,1371627,82,6,24,4.2,8.6,0.493,1.1,2.8,0.414,3.1,5.8,0.531,0.56,0.8,1,0.802,0.4,1.9,2.4,3.6,0.9,0,0.6,1.2,10.4,1970,16.2,0.577,0.323,0.115,1.9,8.8,5.3,21.7,1.8,0.2,6.6,17.1,4.4,1.8,6.2,0.151,1.5,-1.3,0.2,1.1
2018/2019,101869000,101869000,838464,San Antonio Spurs,27,SAS,Texas,West,Southwest,48,34,0.585,111.7,110,1.8,Donatas Motiejunas,PF,28,99289,100925,3,0,4.3,1,2,0.5,0,0,,1,2,0.5,0.5,0,0.7,0,0.7,0.3,1,0.3,0,0.3,1,2,2,13,-0.5,0.436,0,0.333,16.9,8.3,12.6,11.9,0,6.5,30.4,33.5,-0.1,0,-0.1,-0.246,-11.2,-0.3,-11.5,0
2018/2019,101869000,101869000,838464,Los Angeles Clippers,13,LAC,California,West,Pacific,48,34,0.585,115.1,114.3,1.09,Johnathan Motley,PF,23,77250,78523,22,0,7.1,1.8,3.3,0.534,0,0.1,0,1.8,3.2,0.557,0.534,1.1,1.8,0.6,0.8,1.5,2.3,0.5,0.2,0.1,0.7,1.2,4.6,156,18.9,0.563,0.041,0.548,12.6,21.7,17.3,11.7,1.5,1.5,15,28.8,0.1,0.2,0.3,0.092,-1.8,-1.4,-3.2,0
2018/2019,101869000,101869000,838464,New York Knicks,20,NYK,New York,East,Atlantic,17,65,0.207,104.6,113.8,-8.93,Emmanuel Mudiay,PG,22,4294479,4365272,59,42,27.2,5.6,12.5,0.446,1.2,3.6,0.329,4.4,9,0.492,0.493,2.4,3.2,0.774,0.6,2.8,3.3,3.9,0.7,0.3,2.4,1.7,14.8,1607,14.6,0.531,0.284,0.251,2.1,10.9,6.4,24.2,1.3,1,14.6,25.6,0.1,0.7,0.8,0.023,-0.5,-1.9,-2.4,-0.2
2018/2019,101869000,101869000,838464,Denver Nuggets,8,DEN,Colorado,West,Northwest,54,28,0.659,110.7,106.7,4.19,Jamal Murray,PG,21,3499800,3557493,75,74,32.6,6.8,15.6,0.437,2,5.5,0.367,4.8,10.1,0.476,0.502,2.5,3,0.848,0.9,3.4,4.2,4.8,0.9,0.4,2.1,2,18.2,2447,16,0.538,0.353,0.19,2.9,11.2,7,22.4,1.3,1,11.1,24.9,2.8,2.3,5.1,0.1,1.1,-1,0.1,1.3
2018/2019,101869000,101869000,838464,Brooklyn Nets,3,BRK,New York,East,Atlantic,42,40,0.512,112.2,112.3,-0.4,Dzanan Musa,SG,19,1634400,1661342,9,0,4.3,1,2.4,0.409,0.1,1.1,0.1,0.9,1.3,0.667,0.432,0,0.2,0,0.1,0.4,0.6,0.2,0.2,0,0.4,0.1,2.1,39,5.8,0.415,0.455,0.091,2.7,10.7,6.7,8.6,2.4,0,14.9,29,-0.2,0,-0.1,-0.152,-7.6,-2.8,-10.4,-0.1
2018/2019,101869000,101869000,838464,#N/A,#N/A,TOT,#N/A,#N/A,#N/A,#N/A,#N/A,#N/A,#N/A,#N/A,#N/A,Mike Muscala,PF,27,5000000,5082424,64,10,20.4,2.3,5.6,0.402,1.4,4,0.348,0.9,1.6,0.533,0.525,1.1,1.3,0.824,0.9,2.9,3.8,1.2,0.3,0.6,0.8,2,7,1306,10.8,0.564,0.709,0.235,4.7,14.7,9.8,7.7,0.8,2.3,10.8,14.3,1.2,1.2,2.5,0.091,-0.3,-0.3,-0.7,0.4
2018/2019,101869000,101869000,838464,Philadelphia 76ers,23,PHI,Pennsylvania,East,Atlantic,51,31,0.622,115.2,112.5,2.25,Mike Muscala,PF,27,5000000,5082424,47,6,22.1,2.3,5.9,0.392,1.4,4.2,0.342,0.9,1.7,0.519,0.514,1.3,1.6,0.818,1.1,3.2,4.3,1.3,0.4,0.6,0.9,2.4,7.4,1041,10.4,0.56,0.716,0.277,5.3,14.7,10.2,7.9,0.8,2,12.1,14.3,0.9,1,1.9,0.087,-0.3,-0.4,-0.7,0.4
2018/2019,101869000,101869000,838464,Los Angeles Lakers,14,LAL,California,West,Pacific,37,45,0.451,111.8,113.5,-1.33,Mike Muscala,PF,27,5000000,5082424,17,4,15.6,2.1,4.9,0.434,1.2,3.4,0.368,0.9,1.5,0.577,0.56,0.4,0.5,0.875,0.4,2.2,2.6,0.8,0.2,0.6,0.3,1.1,5.9,265,12.5,0.578,0.687,0.096,2.4,14.5,8.6,7.1,0.7,3.4,5.5,14.3,0.3,0.3,0.6,0.107,-0.6,0,-0.6,0.1
2018/2019,101869000,101869000,838464,#N/A,#N/A,TOT,#N/A,#N/A,#N/A,#N/A,#N/A,#N/A,#N/A,#N/A,#N/A,Sviatoslav Mykhailiuk,SF,21,1487694,1512218,42,0,10.5,1.1,3.3,0.329,0.7,2.1,0.326,0.4,1.2,0.333,0.432,0.3,0.5,0.6,0.2,0.6,0.9,0.9,0.3,0,0.5,0.6,3.2,440,6,0.447,0.636,0.143,2.2,6.2,4.2,10.9,1.5,0.2,12.4,16,-0.4,0.3,-0.1,-0.012,-3.6,-2.1,-5.7,-0.4
2018/2019,101869000,101869000,838464,Los Angeles Lakers,14,LAL,California,West,Pacific,37,45,0.451,111.8,113.5,-1.33,Sviatoslav Mykhailiuk,SF,21,1487694,1512218,39,0,10.8,1.1,3.4,0.333,0.7,2.2,0.318,0.4,1.2,0.362,0.436,0.3,0.5,0.6,0.2,0.7,0.9,0.8,0.3,0,0.5,0.6,3.3,420,5.8,0.451,0.644,0.152,2,6.3,4.2,10.1,1.4,0.2,12.4,15.9,-0.4,0.3,-0.1,-0.013,-3.7,-2.1,-5.7,-0.4
2018/2019,101869000,101869000,838464,Detroit Pistons,9,DET,Michigan,East,Central,41,41,0.5,107,107.3,-0.56,Sviatoslav Mykhailiuk,SF,21,1487694,1512218,3,0,6.7,0.7,2.7,0.25,0.7,1.3,0.5,0,1.3,0,0.375,0,0,,0.3,0.3,0.7,1.3,0.3,0,0.3,0,2,20,9.8,0.375,0.5,0,5.3,5.7,5.5,28.5,2.5,0,11.1,19.4,0,0,0,0.016,-2.7,-2,-4.7,0
2018/2019,101869000,101869000,838464,Oklahoma City Thunder,21,OKC,Oklahoma,West,Northwest,49,33,0.598,114.5,111.1,3.56,Abdel Nader,SF,25,1378242,1400962,61,1,11.4,1.5,3.5,0.423,0.5,1.6,0.32,1,1.9,0.513,0.498,0.4,0.6,0.75,0.2,1.7,1.9,0.3,0.3,0.2,0.4,1.1,4,694,8.8,0.522,0.465,0.167,2,15.7,8.6,3.8,1.3,1.5,10.1,15.1,0,0.9,0.9,0.062,-4.2,-0.9,-5.1,-0.5
2018/2019,101869000,101869000,838464,Cleveland Cavaliers,6,CLE,Ohio,East,Central,19,63,0.232,104.5,114.1,-9.39,Larry Nance Jr,C,26,2272390,2309850,67,30,26.8,3.7,7.1,0.52,0.5,1.5,0.337,3.2,5.7,0.567,0.554,1.4,2,0.716,2.5,5.7,8.2,3.2,1.5,0.6,1.4,2.9,9.4,1795,18.6,0.583,0.205,0.28,10,24.9,17.1,17.8,2.8,1.9,15.3,15.5,3.3,1.6,4.9,0.131,1.4,2.6,4,2.7
2018/2019,101869000,101869000,838464,Brooklyn Nets,3,BRK,New York,East,Atlantic,42,40,0.512,112.2,112.3,-0.4,Shabazz Napier,PG,27,1942422,1974442,56,2,17.6,3,7.8,0.389,1.4,4.1,0.333,1.7,3.7,0.449,0.476,2.1,2.5,0.833,0.3,1.5,1.8,2.6,0.7,0.3,1.2,1.2,9.4,983,15.3,0.534,0.524,0.317,1.9,8.7,5.3,22.2,2,1.3,11.7,24,1,1,2,0.098,0.5,-1.1,-0.7,0.3
2018/2019,101869000,101869000,838464,Utah Jazz,29,UTA,Utah,West,Northwest,50,32,0.61,111.7,106.5,5.28,Raul Neto,PG,26,2100000,2134618,37,1,12.8,2,4.4,0.46,0.5,1.6,0.333,1.5,2.7,0.535,0.522,0.8,0.9,0.848,0.2,1.5,1.7,2.5,0.4,0.1,0.9,1.3,5.3,474,13.5,0.558,0.373,0.205,1.4,12.6,7.1,28.7,1.4,0.7,16.6,19,0.5,0.6,1.1,0.116,-1,-0.6,-1.6,0
2018/2019,101869000,101869000,838464,Utah Jazz,29,UTA,Utah,West,Northwest,50,32,0.61,111.7,106.5,5.28,Georges Niang,PF,25,1512601,1537535,59,0,8.7,1.5,3.1,0.475,0.7,1.8,0.41,0.7,1.3,0.566,0.594,0.3,0.4,0.833,0.2,1.3,1.5,0.6,0.2,0.1,0.4,1,4,516,13,0.613,0.58,0.133,2.4,15.7,9.1,10.1,0.9,0.9,10.7,17.8,0.7,0.7,1.3,0.123,-0.2,-0.8,-1.1,0.1
2018/2019,101869000,101869000,838464,Memphis Grizzlies,15,MEM,Tennessee,West,Southwest,33,49,0.402,103.5,106.1,-2.08,Joakim Noah,C,33,20261172,20595174,42,1,16.5,2.6,5.1,0.516,0,0,0,2.6,5,0.519,0.516,1.9,2.6,0.716,1.4,4.3,5.7,2.1,0.5,0.7,1.2,2.3,7.1,693,18.6,0.571,0.005,0.512,9.2,29.6,19.3,20.6,1.4,4.2,16.1,20,1,1.2,2.2,0.15,-1.9,3.5,1.6,0.6
2018/2019,101869000,101869000,838464,Oklahoma City Thunder,21,OKC,Oklahoma,West,Northwest,49,33,0.598,114.5,111.1,3.56,Nerlens Noel,C,24,1757429,1786399,77,2,13.7,2.1,3.6,0.587,0,0,,2.1,3.6,0.587,0.587,0.7,1,0.684,1.6,2.6,4.2,0.6,0.9,1.2,0.6,2.2,4.9,1055,19.3,0.608,0,0.286,12.1,20,15.9,5.9,2.9,7.7,13.4,13.8,1.9,2.5,4.3,0.198,-1.6,5.5,3.9,1.6
2018/2019,101869000,101869000,838464,Dallas Mavericks,7,DAL,Texas,West,Southwest,33,49,0.402,108.9,110.1,-0.87,Dirk Nowitzki,PF,40,5000000,5082424,51,20,15.6,2.6,7.4,0.359,1.3,4,0.312,1.4,3.4,0.415,0.444,0.8,1,0.78,0.1,3,3.1,0.7,0.2,0.4,0.4,1.5,7.3,795,9.6,0.469,0.545,0.133,0.7,20.5,10.6,6.9,0.5,1.9,4.3,22.5,-0.5,0.8,0.3,0.016,-3.8,-2.1,-5.9,-0.8
2018/2019,101869000,101869000,838464,New York Knicks,20,NYK,New York,East,Atlantic,17,65,0.207,104.6,113.8,-8.93,Frank Ntilikina,PG,20,4155720,4224226,43,16,21,2.2,6.6,0.337,0.8,2.7,0.287,1.4,3.9,0.371,0.395,0.5,0.7,0.767,0.3,1.7,2,2.8,0.7,0.3,1.3,2.4,5.7,904,6,0.417,0.408,0.106,1.4,8.9,5,19.5,1.6,1.3,15.9,16.6,-1.3,0.4,-0.8,-0.045,-4.5,-1.2,-5.7,-0.8
2018/2019,101869000,101869000,838464,#N/A,#N/A,TOT,#N/A,#N/A,#N/A,#N/A,#N/A,#N/A,#N/A,#N/A,#N/A,James Nunnally,SF,28,663255,674187,15,0,6.8,0.8,2.3,0.353,0.5,1.7,0.32,0.3,0.6,0.444,0.471,0.3,0.3,1,0,0.3,0.3,0.5,0.1,0,0.1,0.7,2.4,102,7.3,0.503,0.735,0.118,0,5.3,2.6,9.5,0.5,0,2.7,15.3,0.1,0,0.1,0.035,-1.6,-4.8,-6.4,-0.1
2018/2019,101869000,101869000,838464,Minnesota Timberwolves,18,MIN,Minnesota,West,Northwest,36,46,0.439,112.5,114,-1.02,James Nunnally,SF,28,663255,674187,13,0,4.9,0.7,1.6,0.429,0.4,1,0.385,0.3,0.6,0.5,0.548,0.3,0.3,1,0,0.3,0.3,0.4,0.1,0,0.1,0.3,2.1,64,12.1,0.593,0.619,0.19,0,6.8,3.3,10.9,0.7,0,4.2,15.6,0.1,0,0.1,0.097,0.3,-4.5,-4.2,0
2018/2019,101869000,101869000,838464,Houston Rockets,11,HOU,Texas,West,Southwest,53,29,0.646,113.9,109.1,4.96,James Nunnally,SF,28,663255,674187,2,0,19,1.5,6.5,0.231,1.5,6,0.25,0,0.5,0,0.346,0,0,,0,0.5,0.5,1,0,0,0,3,4.5,38,-0.8,0.346,0.923,0,0,3,1.5,7.2,0,0,0,14.8,-0.1,0,-0.1,-0.068,-4.9,-5.3,-10.2,-0.1
2018/2019,101869000,101869000,838464,Portland Trail Blazers,25,POR,Oregon,West,Northwest,53,29,0.646,114.7,110.5,4.43,Jusuf Nurkic,C,24,11111111,11294275,72,72,27.4,5.8,11.5,0.508,0,0.4,0.103,5.8,11.1,0.523,0.51,3.9,5.1,0.773,3.4,7,10.4,3.2,1,1.4,2.3,3.5,15.6,1974,23.4,0.57,0.035,0.442,13.4,26.7,20.2,17.9,1.7,4.2,14.6,24.7,4.4,3.3,7.8,0.189,1.6,3.6,5.1,3.5
2018/2019,101869000,101869000,838464,Cleveland Cavaliers,6,CLE,Ohio,East,Central,19,63,0.232,104.5,114.1,-9.39,David Nwaba,SG,26,1512601,1537535,51,14,19.3,2.5,5.1,0.481,0.5,1.5,0.32,2,3.7,0.545,0.527,1.1,1.7,0.682,0.8,2.4,3.2,1.1,0.7,0.3,0.6,2.1,6.5,984,12.5,0.558,0.286,0.324,4.4,14.4,9.2,8.1,1.8,1.5,8.8,14.6,1.1,0.3,1.4,0.069,-1.1,-0.6,-1.7,0.1
2018/2019,101869000,101869000,838464,Utah Jazz,29,UTA,Utah,West,Northwest,50,32,0.61,111.7,106.5,5.28,Royce O'Neale,SF,25,1378242,1400962,82,16,20.4,2,4.2,0.475,0.8,2.1,0.386,1.2,2,0.569,0.574,0.4,0.5,0.762,0.3,3.2,3.5,1.5,0.7,0.3,0.9,2.1,5.2,1671,9,0.589,0.513,0.122,1.5,16.7,9.2,10,1.5,1.1,16.2,11,0.7,2.5,3.3,0.094,-2,2.1,0.1,0.9
2018/2019,101869000,101869000,838464,Indiana Pacers,12,IND,Indiana,East,Central,48,34,0.585,108,104.7,2.76,Kyle O'Quinn,C,28,4449000,4522341,45,3,8.2,1.5,3,0.507,0,0.3,0.083,1.5,2.8,0.548,0.511,0.4,0.5,0.81,0.6,2,2.6,1.2,0.2,0.6,0.7,1.5,3.5,371,16.8,0.537,0.088,0.154,8.9,26.4,17.8,22.4,1.2,6,17.6,20.8,0.2,0.8,1,0.125,-2.4,4.1,1.8,0.4
2018/2019,101869000,101869000,838464,Boston Celtics,2,BOS,Massachusetts,East,Atlantic,49,33,0.598,112.4,108,3.9,Semi Ojeleye,PF,24,1378242,1400962,56,3,10.6,1.2,2.8,0.424,0.5,1.6,0.315,0.7,1.2,0.565,0.513,0.4,0.7,0.615,0.4,1.1,1.5,0.4,0.2,0.1,0.3,0.8,3.3,594,8.5,0.531,0.563,0.247,4.3,11.2,7.7,5.1,0.8,0.6,9.8,14.1,0.2,0.5,0.7,0.057,-2.5,-1.7,-4.3,-0.3
2018/2019,101869000,101869000,838464,New Orleans Pelicans,19,NOP,Louisiana,West,Southwest,33,49,0.402,115.4,116.8,-1.1,Jahlil Okafor,C,23,1567007,1592838,59,24,15.8,3.6,6.1,0.586,0,0.1,0.2,3.6,6.1,0.591,0.587,1,1.5,0.663,1.4,3.3,4.7,0.7,0.3,0.7,0.9,1.6,8.2,935,17.9,0.603,0.014,0.246,9.2,21.4,15.4,6.3,0.7,3.5,11.5,19.9,1.4,0.8,2.2,0.115,-1.7,-0.5,-2.3,-0.1
2018/2019,101869000,101869000,838464,Phoenix Suns,24,PHO,Arizona,West,Pacific,19,63,0.232,107.5,116.8,-8.61,Elie Okobo,PG,21,1238464,1258879,53,16,18.1,2.2,5.5,0.393,0.7,2.5,0.295,1.4,3,0.475,0.46,0.7,0.9,0.787,0.2,1.6,1.8,2.4,0.6,0.1,1.3,2.1,5.7,958,7.6,0.489,0.455,0.162,1.4,10.1,5.7,18.7,1.6,0.6,18.2,17,-0.7,0.2,-0.5,-0.027,-3.7,-2.2,-5.9,-0.9
2018/2019,101869000,101869000,838464,Minnesota Timberwolves,18,MIN,Minnesota,West,Northwest,36,46,0.439,112.5,114,-1.02,Josh Okogie,SG,20,2163600,2199266,74,52,23.7,2.6,6.9,0.386,0.8,2.9,0.279,1.8,4,0.464,0.445,1.6,2.2,0.728,0.6,2.4,2.9,1.2,1.2,0.4,0.9,2.2,7.7,1757,9.4,0.492,0.423,0.319,2.5,10.9,6.6,6.9,2.4,1.6,9.8,15.4,-0.1,1.4,1.2,0.034,-2,0.4,-1.7,0.1
2018/2019,101869000,101869000,838464,Indiana Pacers,12,IND,Indiana,East,Central,48,34,0.585,108,104.7,2.76,Victor Oladipo,SG,26,21000000,21346181,36,36,31.9,6.9,16.3,0.423,2.1,6,0.343,4.9,10.3,0.47,0.486,2.9,3.9,0.73,0.6,5,5.6,5.2,1.7,0.3,2.3,2,18.8,1147,17.6,0.519,0.367,0.24,2.1,17.1,9.8,25.2,2.6,0.9,11.2,27.9,0.4,1.9,2.3,0.097,1.3,1,2.3,1.3
2018/2019,101869000,101869000,838464,Miami Heat,16,MIA,Florida,East,Southeast,39,43,0.476,105.7,105.9,-0.45,Kelly Olynyk,PF,27,13537527,13760691,79,36,22.9,3.3,7.1,0.463,1.4,4,0.354,1.9,3.1,0.604,0.563,1.9,2.3,0.822,0.9,3.8,4.7,1.8,0.7,0.5,1.4,2.3,10,1812,14.4,0.61,0.566,0.328,4.2,17.8,11,11.4,1.4,1.8,15,18,2.3,2.5,4.7,0.126,0.3,0.8,1.1,1.4
2018/2019,101869000,101869000,838464,Cleveland Cavaliers,6,CLE,Ohio,East,Central,19,63,0.232,104.5,114.1,-9.39,Cedi Osman,SF,23,2775000,2820745,76,75,32.2,4.7,11.1,0.427,1.7,4.9,0.348,3,6.2,0.489,0.504,1.9,2.4,0.779,0.6,4.1,4.7,2.6,0.8,0.1,1.5,2.6,13,2444,11.5,0.536,0.443,0.214,2,14.8,8.1,12.1,1.2,0.4,11,18.6,1.2,0.2,1.5,0.029,-0.4,-1.7,-2.1,-0.1
2018/2019,101869000,101869000,838464,#N/A,#N/A,TOT,#N/A,#N/A,#N/A,#N/A,#N/A,#N/A,#N/A,#N/A,#N/A,Kelly Oubre,SF,23,3208630,3261523,69,19,28,5.4,12.2,0.445,1.6,4.9,0.32,3.9,7.3,0.53,0.51,2.7,3.5,0.775,1,3.7,4.7,1.2,1.2,0.9,1.5,2.6,15.2,1935,15.2,0.551,0.401,0.29,4,14.6,9.2,6.8,2.1,2.5,9.8,23.2,0.9,1.3,2.2,0.054,-0.9,-1.2,-2.2,-0.1
2018/2019,101869000,101869000,838464,Washington Wizards,30,WAS,Washington DC,East,Southeast,32,50,0.39,114,116.9,-3.3,Kelly Oubre,SF,23,3208630,3261523,29,7,26,4.6,10.5,0.433,1.4,4.6,0.311,3.1,6,0.526,0.5,2.3,2.9,0.8,0.8,3.6,4.4,0.7,0.9,0.7,1,2.4,12.9,755,13.3,0.545,0.433,0.279,3.4,15.3,9.3,3.8,1.7,2.2,8.1,20.9,0.3,0.5,0.8,0.053,-1.7,-1.9,-3.6,-0.3
2018/2019,101869000,101869000,838464,Phoenix Suns,24,PHO,Arizona,West,Pacific,19,63,0.232,107.5,116.8,-8.61,Kelly Oubre,SF,23,3208630,3261523,40,12,29.5,6.1,13.4,0.453,1.7,5.2,0.325,4.4,8.3,0.532,0.515,3,4,0.761,1.2,3.7,4.9,1.6,1.4,1,1.8,2.8,16.9,1180,16.4,0.555,0.384,0.296,4.3,14.2,9.2,8.7,2.3,2.8,10.7,24.7,0.5,0.8,1.3,0.054,-0.4,-0.8,-1.2,0.2
2018/2019,101869000,101869000,838464,Detroit Pistons,9,DET,Michigan,East,Central,41,41,0.5,107,107.3,-0.56,Zaza Pachulia,C,34,2393887,2433349,68,3,12.9,1.3,2.8,0.44,0,0.1,0,1.3,2.8,0.45,0.44,1.4,1.8,0.782,1.5,2.4,3.9,1.3,0.5,0.3,0.8,2.2,3.9,878,13.7,0.539,0.021,0.642,11.9,21.5,16.5,14.7,1.7,1.6,18.7,15,1.1,1.3,2.3,0.128,-2.1,2.4,0.2,0.5
2018/2019,101869000,101869000,838464,#N/A,#N/A,TOT,#N/A,#N/A,#N/A,#N/A,#N/A,#N/A,#N/A,#N/A,#N/A,Jabari Parker,PF,23,20000000,20329696,64,17,26.9,5.8,11.7,0.493,1,3,0.313,4.8,8.7,0.556,0.533,2,2.9,0.712,1.2,5.3,6.6,2.4,0.7,0.5,2.4,2.3,14.5,1724,15.5,0.56,0.26,0.246,4.9,21.8,13.3,14.1,1.3,1.5,15.4,24.6,0.1,1.3,1.4,0.039,-1.5,-0.5,-2.1,0
2018/2019,101869000,101869000,838464,Chicago Bulls,5,CHI,Illinois,East,Central,22,60,0.268,104.9,113.4,-8.32,Jabari Parker,PF,23,20000000,20329696,39,17,26.7,5.6,11.9,0.474,0.9,2.9,0.325,4.7,9,0.523,0.514,2,2.8,0.731,1.1,5.1,6.2,2.2,0.6,0.4,2.2,2.2,14.3,1042,14.6,0.543,0.246,0.233,4.2,21.1,12.6,13.2,1.1,1.2,14.1,25,-0.2,0.7,0.5,0.024,-2,-1,-3,-0.3
2018/2019,101869000,101869000,838464,Washington Wizards,30,WAS,Washington DC,East,Southeast,32,50,0.39,114,116.9,-3.3,Jabari Parker,PF,23,20000000,20329696,25,0,27.3,6,11.4,0.523,1,3.2,0.296,5,8.2,0.613,0.565,2.1,3,0.684,1.5,5.7,7.2,2.7,0.9,0.6,2.7,2.3,15,682,17,0.587,0.284,0.267,5.9,23,14.3,15.4,1.6,2,17.4,24,0.3,0.6,0.9,0.063,-0.8,0.1,-0.7,0.2
2018/2019,101869000,101869000,838464,Charlotte Hornets,4,CHO,North Carolina,East,Southeast,39,43,0.476,110.7,111.8,-1.32,Tony Parker,PG,36,5000000,5082424,56,0,17.9,3.8,8.3,0.46,0.2,0.9,0.255,3.6,7.4,0.485,0.474,1.6,2.2,0.734,0.3,1.2,1.5,3.7,0.4,0.1,1.3,0.9,9.5,1003,15.3,0.512,0.11,0.268,1.5,7.6,4.5,33.3,1,0.6,12.7,25.5,0.6,0.3,0.9,0.044,-1.5,-3.7,-5.3,-0.8
2018/2019,101869000,101869000,838464,Memphis Grizzlies,15,MEM,Tennessee,West,Southwest,33,49,0.402,103.5,106.1,-2.08,Chandler Parsons,SF,30,24107258,24504662,25,3,19.8,2.7,7.3,0.374,1.2,3.8,0.309,1.6,3.5,0.443,0.453,0.9,1,0.88,0.2,2.6,2.8,1.7,0.8,0.2,1.3,1.8,7.5,496,8.5,0.484,0.516,0.137,0.9,15.2,7.9,13.4,1.9,1,14.2,20.3,-0.6,0.6,0,-0.004,-3.7,-0.6,-4.3,-0.3
2018/2019,101869000,101869000,838464,Oklahoma City Thunder,21,OKC,Oklahoma,West,Northwest,49,33,0.598,114.5,111.1,3.56,Patrick Patterson,PF,29,5451600,5541468,63,5,13.7,1.3,3.5,0.374,0.7,2.2,0.336,0.6,1.3,0.439,0.479,0.3,0.5,0.633,0.7,1.7,2.3,0.5,0.3,0.2,0.3,0.7,3.6,861,8.1,0.493,0.626,0.137,4.9,13,8.8,4.6,0.9,1.3,8.7,12,0.2,0.9,1.1,0.064,-3,-0.6,-3.7,-0.4
2018/2019,101869000,101869000,838464,Philadelphia 76ers,23,PHI,Pennsylvania,East,Atlantic,51,31,0.622,115.2,112.5,2.25,Justin Patton,C,21,2667600,2711574,3,0,7,0.7,2.3,0.286,0,0.7,0,0.7,1.7,0.4,0.286,0.3,0.7,0.5,0.7,1.3,2,1,0.7,0,0,1.7,1.7,21,10.5,0.317,0.286,0.286,10.4,19.6,15.1,18.7,4.5,0,0,15.7,0,0,0,0.079,-2.3,2.1,-0.2,0
2018/2019,101869000,101869000,838464,Houston Rockets,11,HOU,Texas,West,Southwest,53,29,0.646,113.9,109.1,4.96,Chris Paul,PG,33,35654150,36241903,58,58,32,5.2,12.4,0.419,2.2,6.1,0.358,3,6.3,0.479,0.508,3,3.5,0.862,0.6,3.9,4.6,8.2,2,0.3,2.6,2.5,15.6,1857,19.7,0.56,0.493,0.282,2.1,13.9,7.9,39.3,3,0.8,15.8,22.5,4.4,2.2,6.6,0.172,2.9,0.2,3,2.4
2018/2019,101869000,101869000,838464,#N/A,#N/A,TOT,#N/A,#N/A,#N/A,#N/A,#N/A,#N/A,#N/A,#N/A,#N/A,Cameron Payne,PG,24,3440356,3497068,40,13,17.8,2.4,5.6,0.43,0.6,2.1,0.298,1.8,3.5,0.511,0.487,0.8,1,0.805,0.3,1.5,1.8,2.7,0.7,0.2,1.1,1.6,6.3,712,11.5,0.519,0.377,0.184,2,9.2,5.5,21.8,1.9,1.1,15.7,17.6,0.1,0.3,0.5,0.031,-1.9,-1.6,-3.5,-0.3
2018/2019,101869000,101869000,838464,Chicago Bulls,5,CHI,Illinois,East,Central,22,60,0.268,104.9,113.4,-8.32,Cameron Payne,PG,24,3440356,3497068,31,12,17.3,2.2,5.4,0.411,0.5,1.9,0.271,1.7,3.5,0.486,0.458,0.7,0.8,0.88,0.3,1.4,1.7,2.7,0.6,0.2,1.1,1.6,5.7,536,10.3,0.492,0.351,0.149,2,8.8,5.4,22.4,1.8,1,16,17.4,-0.1,0.3,0.2,0.014,-2.7,-1.6,-4.3,-0.3
2018/2019,101869000,101869000,838464,Cleveland Cavaliers,6,CLE,Ohio,East,Central,19,63,0.232,104.5,114.1,-9.39,Cameron Payne,PG,24,3440356,3497068,9,1,19.6,3,6.1,0.491,1,2.8,0.36,2,3.3,0.6,0.573,1.2,1.8,0.688,0.3,1.8,2.1,2.6,0.9,0.3,1.2,1.7,8.2,176,15.3,0.596,0.455,0.291,1.8,10.6,6,20,2.3,1.5,15.1,18.1,0.2,0.1,0.3,0.082,0.4,-1.5,-1.1,0
2018/2019,101869000,101869000,838464,New Orleans Pelicans,19,NOP,Louisiana,West,Southwest,33,49,0.402,115.4,116.8,-1.1,Elfrid Payton,PG,24,3000000,3049454,42,42,29.8,4.3,9.8,0.434,0.8,2.5,0.314,3.5,7.3,0.476,0.475,1.3,1.8,0.743,1.2,4.1,5.2,7.6,1,0.4,2.7,1.9,10.6,1250,14,0.502,0.255,0.18,4.1,14,9.1,33.5,1.6,1.1,20.1,18.3,0.6,0.9,1.5,0.058,-0.7,-0.1,-0.9,0.4
2018/2019,101869000,101869000,838464,Washington Wizards,30,WAS,Washington DC,East,Southeast,32,50,0.39,114,116.9,-3.3,Gary Payton II,PG,26,85457,86865,3,0,5.3,1.7,2.7,0.625,0.3,0.7,0.5,1.3,2,0.667,0.688,0,0,,0.3,0.3,0.7,1.3,1,0.3,0.3,0.7,3.7,16,36.9,0.688,0.25,0,6.7,6.9,6.8,45.1,8.9,5.3,11.1,23.8,0.1,0,0.1,0.358,9.8,5.2,14.9,0.1
2018/2019,101869000,101869000,838464,Brooklyn Nets,3,BRK,New York,East,Atlantic,42,40,0.512,112.2,112.3,-0.4,Theo Pinson,SG,23,77250,78523,18,0,11.7,1.4,4.1,0.342,0.7,2.6,0.261,0.7,1.5,0.481,0.425,1.1,1.2,0.864,0.2,1.8,2,1.2,0.3,0,1,0.8,4.5,211,8.1,0.49,0.63,0.301,2,15.9,9,14.1,1.4,0,17.9,20,-0.2,0.2,0,0.004,-3.7,-1,-4.8,-0.1
2018/2019,101869000,101869000,838464,Denver Nuggets,8,DEN,Colorado,West,Northwest,54,28,0.659,110.7,106.7,4.19,Mason Plumlee,C,28,12917808,13130756,82,17,21.1,3.2,5.4,0.593,0,0.1,0.2,3.2,5.3,0.602,0.595,1.4,2.4,0.561,2,4.4,6.4,3,0.8,0.9,1.5,3.1,7.8,1731,17.8,0.602,0.023,0.448,10.3,22.5,16.4,19.5,1.9,3.9,19.2,16.2,2.9,2.9,5.8,0.16,-0.1,3.9,3.8,2.6
2018/2019,101869000,101869000,838464,Atlanta Hawks,1,ATL,Georgia,East,Southeast,29,53,0.354,113.3,119.4,-6.06,Miles Plumlee,C,30,12400000,12604412,18,0,9.6,1.8,2.7,0.667,0,0,,1.8,2.7,0.667,0.667,0.9,1.7,0.533,0.9,1.3,2.2,0.9,0.3,0.2,0.6,0.8,4.4,173,18.9,0.654,0,0.625,9.5,14.3,11.8,14.7,1.6,2,14,16.7,0.4,0.1,0.5,0.145,0.2,-0.3,-0.1,0.1
2018/2019,101869000,101869000,838464,San Antonio Spurs,27,SAS,Texas,West,Southwest,48,34,0.585,111.7,110,1.8,Jakob Poeltl,C,23,2947320,2995906,77,24,16.5,2.4,3.8,0.645,0,0,,2.4,3.8,0.645,0.645,0.6,1.2,0.533,2.3,3,5.3,1.2,0.4,0.9,0.6,1.6,5.5,1273,19.4,0.64,0,0.317,15.4,19.7,17.6,10,1.1,4.5,12.7,13.1,3.5,1.6,5.1,0.193,1.5,2.7,4.2,2
2018/2019,101869000,101869000,838464,San Antonio Spurs,27,SAS,Texas,West,Southwest,48,34,0.585,111.7,110,1.8,Quincy Pondexter,SF,30,2165481,2201178,53,0,5.5,0.5,1.1,0.5,0.1,0.3,0.333,0.4,0.8,0.575,0.552,0.6,0.8,0.81,0.2,0.7,0.9,0.5,0.2,0,0.2,0.5,1.8,292,13.2,0.641,0.31,0.724,3,14.1,8.6,10.6,1.8,0.3,14.5,13.5,0.5,0.3,0.8,0.128,-0.8,-0.6,-1.4,0
2018/2019,101869000,101869000,838464,#N/A,#N/A,TOT,#N/A,#N/A,#N/A,#N/A,#N/A,#N/A,#N/A,#N/A,#N/A,Otto Porter,SF,25,26011913,26440715,56,43,30.1,5.3,11.5,0.465,1.9,4.6,0.406,3.5,6.9,0.504,0.546,1.4,1.7,0.813,1,4.6,5.6,2.1,1.5,0.6,1.2,1.9,13.9,1683,15.9,0.569,0.398,0.149,3.4,17,10.1,10.6,2.3,1.6,8.7,19.1,1.8,1.5,3.2,0.093,0.4,0.1,0.5,1
2018/2019,101869000,101869000,838464,Washington Wizards,30,WAS,Washington DC,East,Southeast,32,50,0.39,114,116.9,-3.3,Otto Porter,SF,25,26011913,26440715,41,28,29,4.9,10.8,0.457,1.6,4.3,0.369,3.3,6.5,0.515,0.531,1.2,1.6,0.766,1,4.7,5.6,2,1.6,0.5,1,1.9,12.6,1191,15,0.551,0.398,0.145,3.6,17.7,10.5,9.6,2.5,1.6,7.8,18.2,1,1.1,2.1,0.085,-0.2,0.3,0.1,0.6
2018/2019,101869000,101869000,838464,Chicago Bulls,5,CHI,Illinois,East,Central,22,60,0.268,104.9,113.4,-8.32,Otto Porter,SF,25,26011913,26440715,15,15,32.8,6.5,13.4,0.483,2.6,5.3,0.488,3.9,8.1,0.479,0.58,1.9,2.1,0.906,0.9,4.6,5.5,2.7,1.2,0.6,1.7,1.9,17.5,492,18,0.609,0.398,0.159,3.1,15.4,9.2,13,1.8,1.6,10.4,21.3,0.8,0.4,1.1,0.112,1.7,-0.4,1.3,0.4
2018/2019,101869000,101869000,838464,#N/A,#N/A,TOT,#N/A,#N/A,#N/A,#N/A,#N/A,#N/A,#N/A,#N/A,#N/A,Bobby Portis,PF,23,2494346,2535464,50,28,26,5.6,12.6,0.444,1.5,3.8,0.393,4.1,8.7,0.467,0.504,1.5,1.9,0.794,2.2,5.9,8.1,1.4,0.7,0.4,1.5,2.9,14.2,1299,16.1,0.529,0.304,0.154,9,24.9,16.8,8.8,1.3,1.3,9.9,24.6,0.5,1.1,1.6,0.06,-1.2,-1.7,-2.9,-0.3
2018/2019,101869000,101869000,838464,Chicago Bulls,5,CHI,Illinois,East,Central,22,60,0.268,104.9,113.4,-8.32,Bobby Portis,PF,23,2494346,2535464,22,6,24.1,5.5,12.3,0.45,1.2,3.3,0.375,4.3,9,0.477,0.5,1.8,2.3,0.78,2.1,5.2,7.3,1.3,0.5,0.4,1.3,2.8,14.1,531,17.2,0.529,0.266,0.185,9.3,23.8,16.5,9.2,1,1.3,9,26.5,0.3,0.4,0.7,0.062,-0.9,-2.2,-3.1,-0.1
2018/2019,101869000,101869000,838464,Washington Wizards,30,WAS,Washington DC,East,Southeast,32,50,0.39,114,116.9,-3.3,Bobby Portis,PF,23,2494346,2535464,28,22,27.4,5.6,12.8,0.44,1.7,4.3,0.403,3.9,8.5,0.458,0.507,1.4,1.7,0.809,2.3,6.4,8.6,1.5,0.9,0.4,1.6,3,14.3,768,15.3,0.53,0.333,0.132,8.8,25.7,17.1,8.4,1.5,1.3,10.6,23.3,0.2,0.7,0.9,0.058,-1.4,-1.4,-2.8,-0.2
2018/2019,101869000,101869000,838464,Dallas Mavericks,7,DAL,Texas,West,Southwest,33,49,0.402,108.9,110.1,-0.87,Dwight Powell,C,27,9631250,9790019,77,22,21.6,3.8,6.3,0.597,0.5,1.6,0.307,3.3,4.7,0.699,0.637,2.5,3.3,0.772,1.8,3.5,5.3,1.5,0.6,0.6,0.9,2.6,10.6,1662,20.4,0.682,0.261,0.523,9.1,17.3,13.2,10.7,1.3,2.6,10.1,17.2,5.6,1.9,7.5,0.215,2.8,1.2,4,2.5
2018/2019,101869000,101869000,838464,Toronto Raptors,28,TOR,Ontario,East,Atlantic,58,24,0.707,114.4,108.4,5.49,Norman Powell,SG,25,9367200,9521616,60,3,18.8,3.2,6.7,0.483,1.1,2.8,0.4,2.1,3.8,0.543,0.568,1,1.3,0.827,0.3,2.1,2.3,1.5,0.7,0.2,1.1,1.6,8.6,1126,13.3,0.596,0.425,0.188,1.6,11.5,6.7,11.6,1.7,1,13.1,19,1,1.4,2.4,0.102,-0.4,-0.3,-0.7,0.4
2018/2019,101869000,101869000,838464,Atlanta Hawks,1,ATL,Georgia,East,Southeast,29,53,0.354,113.3,119.4,-6.06,Alex Poythress,PF,25,77250,78523,21,1,14.5,1.9,3.9,0.494,0.4,1.1,0.391,1.5,2.8,0.534,0.549,0.9,1.4,0.621,1.4,2.2,3.6,0.8,0.2,0.5,0.6,2.2,5.1,305,12.2,0.571,0.284,0.358,9.8,16.6,13.1,7.7,0.6,2.8,12.2,14.2,0.4,0.2,0.5,0.086,-1.6,-0.7,-2.2,0
2018/2019,101869000,101869000,838464,Houston Rockets,11,HOU,Texas,West,Southwest,53,29,0.646,113.9,109.1,4.96,Zhou Qi,PF,23,1378242,1400962,1,0,1,1,1,1,0,0,,1,1,1,1,0,0,,0,0,0,0,0,0,0,0,2,1,80.4,1,0,0,0,0,0,0,0,0,0,43.4,0,0,0,1.261,22.1,-12.6,9.5,0
2018/2019,101869000,101869000,838464,Memphis Grizzlies,15,MEM,Tennessee,West,Southwest,33,49,0.402,103.5,106.1,-2.08,Ivan Rabb,PF,21,1378242,1400962,49,13,14.7,2.4,4.3,0.547,0.1,0.3,0.2,2.3,4,0.574,0.554,1,1.4,0.71,1.4,2.8,4.2,1.1,0.3,0.3,0.7,1.8,5.8,721,16.1,0.586,0.071,0.325,10.7,21.5,16,12,1.2,1.8,12.6,17.2,1.2,0.9,2.1,0.137,-1.3,0.7,-0.6,0.2
2018/2019,101869000,101869000,838464,Washington Wizards,30,WAS,Washington DC,East,Southeast,32,50,0.39,114,116.9,-3.3,Chasson Randle,PG,25,975824,991910,49,2,15.2,1.9,4.4,0.419,0.9,2.3,0.4,0.9,2.1,0.441,0.525,0.9,1.3,0.694,0.2,0.9,1.1,2,0.5,0.1,0.9,1.9,5.5,743,9.9,0.555,0.53,0.286,1.4,6.8,4.1,17.5,1.6,0.3,15,16.4,0.4,0.2,0.6,0.041,-1.4,-3,-4.4,-0.4
2018/2019,101869000,101869000,838464,New Orleans Pelicans,19,NOP,Louisiana,West,Southwest,33,49,0.402,115.4,116.8,-1.1,Julius Randle,PF,24,8641000,8783445,73,49,30.6,7.8,14.9,0.524,0.9,2.7,0.344,6.9,12.2,0.564,0.555,4.9,6.7,0.731,2.2,6.5,8.7,3.1,0.7,0.6,2.8,3.4,21.4,2232,21,0.6,0.179,0.447,7.6,21.6,14.7,15.8,1.1,1.6,13.8,27.8,4.2,1.9,6.1,0.131,1.8,-0.4,1.4,1.9
2018/2019,101869000,101869000,838464,Philadelphia 76ers,23,PHI,Pennsylvania,East,Atlantic,51,31,0.622,115.2,112.5,2.25,JJ Redick,SG,34,12250000,12451939,76,63,31.3,5.9,13.5,0.44,3.2,8,0.397,2.8,5.6,0.502,0.557,3,3.4,0.894,0.3,2.2,2.4,2.7,0.4,0.2,1.3,1.7,18.1,2379,15.1,0.602,0.589,0.248,0.9,7.2,4.1,12.9,0.6,0.6,8.1,21.9,4.6,1.2,5.9,0.118,2.7,-3.3,-0.7,0.8
2018/2019,101869000,101869000,838464,Indiana Pacers,12,IND,Indiana,East,Central,48,34,0.585,108,104.7,2.76,Davon Reed,SG,23,752250,764650,10,0,4.7,0.5,1.2,0.417,0.2,0.4,0.5,0.3,0.8,0.375,0.5,0,0,,0.2,0.4,0.6,0.3,0.1,0,0.1,0.3,1.2,47,8.1,0.5,0.333,0,4.8,9.2,7.1,8.5,1,0,7.7,12.1,0,0,0.1,0.064,-2.9,-1.3,-4.2,0
2018/2019,101869000,101869000,838464,Minnesota Timberwolves,18,MIN,Minnesota,West,Northwest,36,46,0.439,112.5,114,-1.02,Cam Reynolds,SG,23,108953,110749,19,0,13.6,1.7,4.1,0.423,1.1,2.7,0.412,0.6,1.4,0.444,0.558,0.4,0.5,0.889,0.2,1.4,1.6,0.7,0.3,0.1,0.3,1.4,5,259,10.4,0.58,0.654,0.115,1.6,11.3,6.4,6.8,1.1,0.7,5.7,14.1,0.3,0.1,0.4,0.078,-0.1,-2.2,-2.3,0
2018/2019,101869000,101869000,838464,Miami Heat,16,MIA,Florida,East,Southeast,39,43,0.476,105.7,105.9,-0.45,Josh Richardson,SG,25,9367200,9521616,73,73,34.8,5.8,14.1,0.412,2.2,6.3,0.357,3.5,7.8,0.458,0.492,2.7,3.2,0.861,0.7,2.9,3.6,4.1,1.1,0.5,1.5,2.7,16.6,2539,14,0.536,0.448,0.225,2.3,8.8,5.5,17.9,1.5,1.2,9.1,20.9,3,2.6,5.6,0.106,1,-0.4,0.6,1.7
2018/2019,101869000,101869000,838464,Toronto Raptors,28,TOR,Ontario,East,Atlantic,58,24,0.707,114.4,108.4,5.49,Malachi Richardson,SG,23,1569360,1595230,22,0,4.7,0.4,1.3,0.31,0.4,1.1,0.32,0,0.2,0.25,0.448,0.2,0.2,0.8,0.1,0.5,0.6,0,0,0,0.4,0.6,1.4,103,0.9,0.481,0.862,0.172,2.2,11.2,6.8,0,0.5,0,20.4,16.4,-0.2,0.1,-0.1,-0.06,-6.3,-4.5,-10.8,-0.2
2018/2019,101869000,101869000,838464,#N/A,#N/A,TOT,#N/A,#N/A,#N/A,#N/A,#N/A,#N/A,#N/A,#N/A,#N/A,Austin Rivers,SG,26,13155324,13372187,76,15,26.7,3.1,7.5,0.406,1.4,4.3,0.318,1.7,3.2,0.522,0.497,0.7,1.3,0.526,0.3,1.8,2.1,2.2,0.6,0.3,0.9,2.7,8.1,2028,7.7,0.503,0.572,0.166,1.3,7.5,4.4,11.5,1.1,1,10,14.5,0.4,0.8,1.2,0.028,-2,-1.5,-3.5,-0.7
2018/2019,101869000,101869000,838464,Washington Wizards,30,WAS,Washington DC,East,Southeast,32,50,0.39,114,116.9,-3.3,Austin Rivers,SG,26,13155324,13372187,29,2,23.6,2.6,6.7,0.392,1.1,3.7,0.311,1.5,3,0.489,0.477,0.9,1.6,0.543,0.3,2.1,2.4,2,0.6,0.3,1.2,2.5,7.2,683,6.8,0.49,0.546,0.237,1.6,9.8,5.6,11.2,1.2,1.2,14.4,15.5,-0.4,0.2,-0.2,-0.014,-3,-1.5,-4.6,-0.4
2018/2019,101869000,101869000,838464,Houston Rockets,11,HOU,Texas,West,Southwest,53,29,0.646,113.9,109.1,4.96,Austin Rivers,SG,26,13155324,13372187,47,13,28.6,3.3,8,0.413,1.5,4.7,0.321,1.8,3.3,0.541,0.507,0.5,1,0.51,0.3,1.6,1.9,2.3,0.6,0.3,0.7,2.9,8.7,1345,8.2,0.511,0.585,0.13,1.2,6.4,3.7,11.7,1.1,0.8,7.4,13.9,0.8,0.6,1.4,0.05,-1.4,-1.5,-2.9,-0.3
2018/2019,101869000,101869000,838464,Washington Wizards,30,WAS,Washington DC,East,Southeast,32,50,0.39,114,116.9,-3.3,Devin Robinson,SF,23,77250,78523,7,0,13.6,2.7,4.6,0.594,0,0.3,0,2.7,4.3,0.633,0.594,1.3,2,0.643,0.9,2,2.9,0.9,0.6,0.9,0.3,1.6,6.7,95,20.6,0.616,0.063,0.438,6.7,16.2,11.4,9.5,2,5.3,5,17.9,0.2,0.1,0.3,0.175,-0.2,1.2,1,0.1
2018/2019,101869000,101869000,838464,Miami Heat,16,MIA,Florida,East,Southeast,39,43,0.476,105.7,105.9,-0.45,Duncan Robinson,PF,24,77250,78523,15,1,10.7,1.2,3.1,0.391,0.7,2.3,0.286,0.5,0.7,0.727,0.5,0.3,0.4,0.667,0.1,1.1,1.3,0.3,0.3,0,0.3,0.7,3.3,161,7.6,0.514,0.761,0.13,1.3,11.2,6.3,4.4,1.5,0,7.6,14,0,0.2,0.2,0.051,-2.6,-1.6,-4.2,-0.1
2018/2019,101869000,101869000,838464,Detroit Pistons,9,DET,Michigan,East,Central,41,41,0.5,107,107.3,-0.56,Glenn Robinson III,SF,25,4075000,4142175,47,18,13,1.6,3.7,0.42,0.4,1.3,0.29,1.2,2.4,0.491,0.472,0.7,0.9,0.8,0.4,1.1,1.5,0.4,0.3,0.2,0.4,1,4.2,610,8.7,0.511,0.352,0.227,2.9,10,6.4,5.1,1.1,1.1,8.5,15,0.1,0.6,0.7,0.054,-3.5,-0.8,-4.2,-0.3
2018/2019,101869000,101869000,838464,Los Angeles Clippers,13,LAC,California,West,Pacific,48,34,0.585,115.1,114.3,1.09,Jerome Robinson,SG,21,3050160,3100441,33,0,9.7,1.3,3.3,0.4,0.5,1.7,0.316,0.8,1.6,0.491,0.482,0.2,0.3,0.667,0.1,1.2,1.2,0.6,0.3,0.1,0.4,1.4,3.4,320,7.2,0.491,0.518,0.082,1,12.2,6.8,8.3,1.6,0.7,10.2,16.7,-0.2,0.3,0.1,0.012,-2.8,-1.5,-4.3,-0.2
2018/2019,101869000,101869000,838464,New York Knicks,20,NYK,New York,East,Atlantic,17,65,0.207,104.6,113.8,-8.93,Mitchell Robinson,C,20,1485440,1509927,66,19,20.6,3.1,4.4,0.694,0,0,,3.1,4.4,0.694,0.694,1.2,2,0.6,2.7,3.7,6.4,0.6,0.8,2.4,0.5,3.3,7.3,1360,22,0.692,0,0.464,13.3,19.4,16.3,4.2,1.8,10,9.1,12.1,4,2.2,6.1,0.217,0.5,5.2,5.7,2.7
2018/2019,101869000,101869000,838464,Los Angeles Lakers,14,LAL,California,West,Pacific,37,45,0.451,111.8,113.5,-1.33,Rajon Rondo,PG,32,9000000,9148363,46,29,29.8,3.8,9.4,0.405,1.1,3.1,0.359,2.7,6.3,0.428,0.464,0.5,0.8,0.639,0.7,4.5,5.3,8,1.2,0.2,2.8,2.2,9.2,1369,12.1,0.473,0.329,0.083,2.6,15.5,9.2,35.5,1.9,0.4,22.1,17.4,-0.2,1.5,1.3,0.047,-2,0.5,-1.6,0.1
2018/2019,101869000,101869000,838464,Minnesota Timberwolves,18,MIN,Minnesota,West,Northwest,36,46,0.439,112.5,114,-1.02,Derrick Rose,PG,30,2176260,2212135,51,13,27.3,7.1,14.8,0.482,1.1,2.9,0.37,6.1,11.9,0.509,0.518,2.7,3.1,0.856,0.6,2.1,2.7,4.3,0.6,0.2,1.6,1.1,18,1392,19.5,0.557,0.194,0.212,2.5,8.3,5.4,26.4,1.1,0.7,9.1,27.3,2.6,0.3,3,0.102,2.3,-2.9,-0.6,0.5
2018/2019,101869000,101869000,838464,Orlando Magic,22,ORL,Florida,East,Southeast,42,40,0.512,107.3,106.6,0.28,Terrence Ross,SG,27,10500000,10673090,81,0,26.5,5.4,12.7,0.428,2.7,7,0.383,2.8,5.7,0.484,0.534,1.6,1.8,0.875,0.3,3.1,3.5,1.7,0.9,0.4,1.1,1.5,15.1,2150,15.4,0.561,0.551,0.14,1.3,12.8,7,9.9,1.6,1.1,7.6,23.9,1.7,2.6,4.3,0.095,1,-1.3,-0.3,0.9
2018/2019,101869000,101869000,838464,Boston Celtics,2,BOS,Massachusetts,East,Atlantic,49,33,0.598,112.4,108,3.9,Terry Rozier,PG,24,3050389,3100674,79,14,22.7,3.3,8.4,0.387,1.5,4.3,0.353,1.8,4.2,0.422,0.477,0.9,1.2,0.785,0.4,3.5,3.9,2.9,0.9,0.3,0.9,1.3,9,1791,12.9,0.501,0.506,0.14,1.9,16.4,9.1,17.7,1.8,1,8.8,18.6,0.9,2.3,3.2,0.086,-1,0.2,-0.7,0.6
2018/2019,101869000,101869000,838464,Utah Jazz,29,UTA,Utah,West,Northwest,50,32,0.61,111.7,106.5,5.28,Ricky Rubio,PG,28,14800000,15043975,68,67,27.9,4.3,10.7,0.404,1.2,3.7,0.311,3.2,7,0.454,0.458,2.9,3.4,0.855,0.5,3.1,3.6,6.1,1.3,0.1,2.6,2.6,12.7,1899,14,0.52,0.348,0.312,1.9,11.8,6.9,32.1,2.3,0.4,17.8,22.7,0.9,2.8,3.7,0.095,-0.6,0.6,0,0.9
2018/2019,101869000,101869000,838464,Brooklyn Nets,3,BRK,New York,East,Atlantic,42,40,0.512,112.2,112.3,-0.4,D'Angelo Russell,PG,22,7019698,7135416,81,81,30.2,8.1,18.7,0.434,2.9,7.8,0.369,5.2,10.9,0.482,0.512,2,2.5,0.78,0.7,3.2,3.9,7,1.2,0.2,3.1,1.7,21.1,2448,19.4,0.533,0.419,0.135,2.3,11.2,6.8,41.3,1.9,0.6,13.6,31.9,2.4,2.6,5,0.097,3.9,-0.5,3.4,3.3
2018/2019,101869000,101869000,838464,Indiana Pacers,12,IND,Indiana,East,Central,48,34,0.585,108,104.7,2.76,Domantas Sabonis,C,22,2659800,2703646,74,5,24.8,5.6,9.5,0.59,0.1,0.2,0.529,5.5,9.2,0.592,0.596,2.8,3.9,0.715,2.5,6.8,9.3,2.9,0.6,0.4,2.2,3.2,14.1,1838,21.9,0.63,0.024,0.416,11.5,29.8,20.8,18.2,1.3,1.5,16.2,23.5,4.3,3.3,7.6,0.197,1.5,2.2,3.7,2.6
2018/2019,101869000,101869000,838464,Chicago Bulls,5,CHI,Illinois,East,Central,22,60,0.268,104.9,113.4,-8.32,Brandon Sampson,SG,21,77250,78523,14,2,15.3,2,4.3,0.467,0.8,2.1,0.379,1.2,2.2,0.548,0.558,0.3,0.4,0.667,0.2,0.9,1.1,0.7,0.6,0.2,0.9,1.4,5.1,214,8.5,0.567,0.483,0.1,1.5,6.7,4.1,6.8,1.8,1.2,16.1,15.2,-0.1,0.1,0,0.01,-2.8,-1.4,-4.2,-0.1
2018/2019,101869000,101869000,838464,Chicago Bulls,5,CHI,Illinois,East,Central,22,60,0.268,104.9,113.4,-8.32,JaKarr Sampson,SF,25,85457,86865,4,0,31.8,7.3,13.5,0.537,1.3,3.5,0.357,6,10,0.6,0.583,4.3,5.3,0.81,1.3,6.8,8,1,1,0.8,1,2,20,127,22.5,0.633,0.259,0.389,4.2,23.4,13.7,5.3,1.5,2,5.9,23.1,0.3,0.1,0.5,0.173,0.6,-2,-1.5,0
2018/2019,101869000,101869000,838464,#N/A,#N/A,TOT,#N/A,#N/A,#N/A,#N/A,#N/A,#N/A,#N/A,#N/A,#N/A,Dario Saric,PF,24,2526840,2568494,81,41,25,3.8,8.6,0.437,1.5,4,0.365,2.3,4.6,0.499,0.522,1.6,1.9,0.88,1.6,4.1,5.6,1.6,0.6,0.1,1.2,2.2,10.6,2023,13.1,0.563,0.464,0.216,6.6,17.5,12.1,8.8,1.1,0.4,11.3,17.8,2.3,1.2,3.5,0.084,0.3,-1.4,-1.1,0.5
2018/2019,101869000,101869000,838464,Philadelphia 76ers,23,PHI,Pennsylvania,East,Atlantic,51,31,0.622,115.2,112.5,2.25,Dario Saric,PF,24,2526840,2568494,13,13,30.5,3.7,10.2,0.364,1.6,5.4,0.3,2.1,4.8,0.435,0.443,2.1,2.3,0.9,1.6,5,6.6,2,0.3,0.2,1.9,3,11.1,396,8.1,0.496,0.53,0.227,5.8,16.9,11.5,8.9,0.5,0.6,14.7,18,-0.1,0.3,0.2,0.023,-2.4,-1.4,-3.9,-0.2
2018/2019,101869000,101869000,838464,Minnesota Timberwolves,18,MIN,Minnesota,West,Northwest,36,46,0.439,112.5,114,-1.02,Dario Saric,PF,24,2526840,2568494,68,28,23.9,3.8,8.3,0.454,1.4,3.7,0.383,2.3,4.6,0.511,0.54,1.5,1.8,0.875,1.5,3.9,5.5,1.5,0.6,0.1,1.1,2.1,10.5,1627,14.3,0.579,0.449,0.213,6.8,17.7,12.2,8.8,1.2,0.3,10.5,17.8,2.4,0.9,3.3,0.099,1,-1.4,-0.4,0.7
2018/2019,101869000,101869000,838464,Washington Wizards,30,WAS,Washington DC,East,Southeast,32,50,0.39,114,116.9,-3.3,Tomas Satoransky,PG,27,3129187,3180771,80,54,27.1,3.2,6.6,0.485,0.8,2,0.395,2.4,4.6,0.524,0.545,1.6,2,0.819,1,2.5,3.5,5,1,0.2,1.5,2.2,8.9,2164,14.1,0.59,0.306,0.302,4,10,7,24.6,1.8,0.5,16.7,14.1,3.8,0.9,4.7,0.104,0.4,-1,-0.6,0.8
2018/2019,101869000,101869000,838464,Oklahoma City Thunder,21,OKC,Oklahoma,West,Northwest,49,33,0.598,114.5,111.1,3.56,Dennis Schroeder,PG,25,15500000,15755515,79,14,29.3,5.8,14,0.414,1.6,4.6,0.341,4.2,9.4,0.45,0.47,2.4,2.9,0.819,0.5,3.1,3.6,4.1,0.8,0.2,2.2,2.4,15.5,2314,12.7,0.508,0.33,0.206,1.6,11.3,6.3,20.4,1.3,0.4,12.5,24.2,0.4,2.4,2.9,0.06,-1.6,-1.5,-3.1,-0.6
2018/2019,101869000,101869000,838464,#N/A,#N/A,TOT,#N/A,#N/A,#N/A,#N/A,#N/A,#N/A,#N/A,#N/A,#N/A,Mike Scott,PF,30,4320500,4391722,79,3,17.7,2.1,5.3,0.4,1.3,3.2,0.401,0.8,2.1,0.399,0.52,0.3,0.4,0.667,0.5,2.9,3.5,0.8,0.3,0.2,0.6,2,5.8,1395,8.6,0.528,0.6,0.079,3.4,17.2,10.5,6.4,0.9,0.7,9.2,14.4,0.4,1.2,1.6,0.053,-1.5,-1.2,-2.7,-0.2
2018/2019,101869000,101869000,838464,Los Angeles Clippers,13,LAC,California,West,Pacific,48,34,0.585,115.1,114.3,1.09,Mike Scott,PF,30,4320500,4391722,52,0,14.4,1.8,4.4,0.4,1,2.6,0.391,0.8,1.9,0.412,0.513,0.2,0.3,0.667,0.5,2.9,3.3,0.8,0.3,0.2,0.5,1.7,4.8,748,9.4,0.521,0.578,0.078,3.5,20.6,12.3,8.1,1.1,0.8,10.2,14.9,0.1,0.7,0.9,0.055,-1.6,-0.7,-2.3,-0.1
2018/2019,101869000,101869000,838464,Philadelphia 76ers,23,PHI,Pennsylvania,East,Atlantic,51,31,0.622,115.2,112.5,2.25,Mike Scott,PF,30,4320500,4391722,27,3,24,2.8,7,0.4,1.8,4.4,0.412,1,2.6,0.38,0.529,0.4,0.6,0.667,0.7,3.1,3.8,0.8,0.3,0.2,0.6,2.5,7.8,647,7.7,0.537,0.626,0.079,3.2,13.2,8.3,4.6,0.7,0.6,8,13.8,0.2,0.5,0.7,0.052,-1.4,-1.7,-3.1,-0.2
2018/2019,101869000,101869000,838464,Utah Jazz,29,UTA,Utah,West,Northwest,50,32,0.61,111.7,106.5,5.28,Thabo Sefolosha,SF,34,5250000,5336545,50,2,12.2,1.4,3,0.477,0.7,1.6,0.436,0.7,1.4,0.521,0.591,0.3,0.4,0.636,0.2,2.3,2.5,0.5,0.9,0.1,0.5,0.8,3.8,609,12.1,0.599,0.523,0.148,1.4,20.1,10.9,6.1,3.4,0.7,13.6,12.9,0.2,1.2,1.5,0.115,-2,2.6,0.6,0.4
2018/2019,101869000,101869000,838464,#N/A,#N/A,TOT,#N/A,#N/A,#N/A,#N/A,#N/A,#N/A,#N/A,#N/A,#N/A,Wayne Selden,SG,24,1544951,1570419,75,13,19.2,2.6,6.4,0.406,0.7,2.3,0.316,1.9,4.1,0.456,0.463,0.9,1.2,0.728,0.5,1.9,2.4,1.5,0.4,0.2,1.1,1.7,6.9,1439,8.3,0.491,0.36,0.19,2.8,11,6.9,11.3,1.1,0.8,13.1,18.4,-1,0.8,-0.3,-0.009,-3.5,-1.6,-5.1,-1.1
2018/2019,101869000,101869000,838464,Memphis Grizzlies,15,MEM,Tennessee,West,Southwest,33,49,0.402,103.5,106.1,-2.08,Wayne Selden,SG,24,1544951,1570419,32,0,14.2,2,5,0.404,0.6,2,0.317,1.4,3.1,0.459,0.466,0.7,0.9,0.759,0.5,0.9,1.4,1.1,0.3,0.2,0.7,1.5,5.4,455,8.8,0.495,0.391,0.18,3.9,7,5.4,12.4,1.1,1.2,11.7,19.3,-0.2,0.3,0.1,0.014,-3.2,-2,-5.2,-0.4
2018/2019,101869000,101869000,838464,Chicago Bulls,5,CHI,Illinois,East,Central,22,60,0.268,104.9,113.4,-8.32,Wayne Selden,SG,24,1544951,1570419,43,13,22.9,3,7.5,0.407,0.8,2.6,0.315,2.2,4.9,0.455,0.461,1,1.5,0.714,0.5,2.7,3.2,1.7,0.5,0.2,1.3,1.9,8,984,8.1,0.489,0.345,0.196,2.3,12.8,7.5,10.8,1.1,0.6,13.8,18,-0.8,0.4,-0.4,-0.019,-3.7,-1.4,-5.1,-0.8
2018/2019,101869000,101869000,838464,Cleveland Cavaliers,6,CLE,Ohio,East,Central,19,63,0.232,104.5,114.1,-9.39,Collin Sexton,PG,20,4073760,4140915,82,72,31.8,6.3,14.7,0.43,1.5,3.6,0.402,4.9,11.1,0.44,0.48,2.6,3.1,0.839,0.7,2.2,2.9,3,0.5,0.1,2.3,2.3,16.7,2605,12,0.52,0.245,0.211,2.3,8,5,15.3,0.8,0.2,12.3,25.2,-0.1,-0.5,-0.6,-0.011,-1.5,-3.7,-5.2,-2.1
2018/2019,101869000,101869000,838464,#N/A,#N/A,TOT,#N/A,#N/A,#N/A,#N/A,#N/A,#N/A,#N/A,#N/A,#N/A,Landry Shamet,SG,21,1705920,1734041,79,27,22.8,3,7.1,0.431,2.1,5,0.422,0.9,2,0.453,0.581,0.9,1.2,0.806,0.3,1.4,1.7,1.5,0.5,0.1,0.6,2,9.1,1802,11,0.604,0.711,0.167,1.3,6.4,3.9,9,1,0.4,7,15,2.7,0.9,3.6,0.095,1.4,-2.4,-1,0.5
2018/2019,101869000,101869000,838464,Philadelphia 76ers,23,PHI,Pennsylvania,East,Atlantic,51,31,0.622,115.2,112.5,2.25,Landry Shamet,SG,21,1705920,1734041,54,4,20.5,2.8,6.4,0.441,1.8,4.5,0.404,1,1.9,0.529,0.584,0.8,1,0.815,0.3,1.2,1.4,1.1,0.4,0.1,0.5,2,8.3,1108,10.7,0.606,0.706,0.156,1.4,5.9,3.7,7.4,1,0.6,6.6,15,1.6,0.6,2.2,0.096,1,-2.5,-1.5,0.1
2018/2019,101869000,101869000,838464,Los Angeles Clippers,13,LAC,California,West,Pacific,48,34,0.585,115.1,114.3,1.09,Landry Shamet,SG,21,1705920,1734041,25,23,27.8,3.5,8.4,0.414,2.7,6,0.45,0.8,2.4,0.322,0.576,1.2,1.6,0.795,0.3,2,2.2,2.3,0.5,0.1,0.8,2,10.9,694,11.3,0.601,0.719,0.186,1.1,7.3,4.3,11.5,0.9,0.2,7.7,15,1.1,0.3,1.4,0.094,2.1,-2.3,-0.2,0.3
2018/2019,101869000,101869000,838464,#N/A,#N/A,TOT,#N/A,#N/A,#N/A,#N/A,#N/A,#N/A,#N/A,#N/A,#N/A,Iman Shumpert,SG,28,11011234,11192752,62,41,23.9,2.7,7.2,0.374,1.5,4.4,0.348,1.2,2.8,0.416,0.481,0.6,0.7,0.8,0.4,2.5,3,1.8,1,0.4,0.8,2,7.5,1481,9.1,0.499,0.612,0.101,1.9,11.4,6.5,9.9,1.9,1.4,9.7,14.5,0.1,1.2,1.4,0.045,-1.5,0.1,-1.4,0.2
2018/2019,101869000,101869000,838464,Sacramento Kings,26,SAC,California,West,Pacific,39,43,0.476,114.2,115.3,-0.81,Iman Shumpert,SG,28,11011234,11192752,42,40,26.2,3.2,8.3,0.382,1.8,4.8,0.366,1.4,3.5,0.404,0.489,0.8,1,0.829,0.5,2.6,3.1,2.2,1.1,0.5,0.9,2.2,8.9,1099,10.1,0.511,0.58,0.118,1.7,10.6,6,10.7,2,1.6,9.4,15.2,0.3,0.9,1.2,0.054,-0.8,0.3,-0.5,0.4
2018/2019,101869000,101869000,838464,Houston Rockets,11,HOU,Texas,West,Southwest,53,29,0.646,113.9,109.1,4.96,Iman Shumpert,SG,28,11011234,11192752,20,1,19.1,1.7,4.9,0.347,1.1,3.6,0.296,0.7,1.4,0.481,0.454,0.1,0.2,0.5,0.4,2.3,2.7,1.1,0.6,0.2,0.6,1.8,4.6,382,6.3,0.456,0.724,0.041,2.3,13.6,7.8,7.6,1.5,0.9,10.7,12.7,-0.2,0.3,0.2,0.019,-3.4,-0.5,-3.8,-0.2
2018/2019,101869000,101869000,838464,Toronto Raptors,28,TOR,Ontario,East,Atlantic,58,24,0.707,114.4,108.4,5.49,Pascal Siakam,PF,24,1544951,1570419,80,79,31.9,6.5,11.8,0.549,1,2.7,0.369,5.5,9.1,0.602,0.591,3,3.8,0.785,1.6,5.3,6.9,3.1,0.9,0.7,1.9,3,16.9,2548,18.7,0.628,0.226,0.32,5.4,17.5,11.6,14.6,1.4,1.7,12.5,20.8,5.7,3.6,9.3,0.175,2,1.4,3.4,3.5
2018/2019,101869000,101869000,838464,Atlanta Hawks,1,ATL,Georgia,East,Southeast,29,53,0.354,113.3,119.4,-6.06,Jordan Sibert,SG,26,47370,48150,1,0,4,1,1,1,1,1,1,0,0,,1.5,0,0,,0,0,0,0,0,0,0,0,3,4,29.7,1.5,1,0,0,0,0,0,0,0,0,10.2,0,0,0,0.183,13,-6.7,6.3,0
2018/2019,101869000,101869000,838464,Philadelphia 76ers,23,PHI,Pennsylvania,East,Atlantic,51,31,0.622,115.2,112.5,2.25,Ben Simmons,PG,22,6434520,6540592,79,79,34.2,6.8,12.2,0.563,0,0.1,0,6.8,12.1,0.566,0.563,3.3,5.4,0.6,2.2,6.6,8.8,7.7,1.4,0.8,3.5,2.6,16.9,2700,20,0.582,0.006,0.446,6.9,20,13.7,34.2,2,1.8,19.3,22.1,4.6,3.6,8.2,0.146,1.4,2.6,4.1,4.1
2018/2019,101869000,101869000,838464,#N/A,#N/A,TOT,#N/A,#N/A,#N/A,#N/A,#N/A,#N/A,#N/A,#N/A,#N/A,Jonathon Simmons,SG-SF,29,6000000,6098909,56,9,19,2.4,6.3,0.38,0.5,1.9,0.269,1.9,4.4,0.427,0.42,1.3,1.7,0.742,0.5,1.8,2.3,2.3,0.5,0.3,1.2,1.6,6.5,1064,8.5,0.466,0.297,0.277,2.7,10,6.3,16.7,1.3,1.2,14.8,18.7,-0.8,1.1,0.3,0.013,-4.1,-0.6,-4.8,-0.7
2018/2019,101869000,101869000,838464,Orlando Magic,22,ORL,Florida,East,Southeast,42,40,0.512,107.3,106.6,0.28,Jonathon Simmons,SG,29,6000000,6098909,41,9,20.6,2.5,7,0.364,0.5,2,0.229,2.1,5,0.419,0.397,1.4,1.8,0.778,0.6,1.9,2.4,2.3,0.4,0.3,1.4,1.7,6.9,845,7.4,0.445,0.29,0.252,2.9,9.9,6.3,15.7,1,1.4,15,19.3,-1,0.8,-0.2,-0.01,-4.9,-0.6,-5.4,-0.7
2018/2019,101869000,101869000,838464,Philadelphia 76ers,23,PHI,Pennsylvania,East,Atlantic,51,31,0.622,115.2,112.5,2.25,Jonathon Simmons,SF,29,6000000,6098909,15,0,14.6,1.9,4.3,0.453,0.6,1.4,0.429,1.3,2.9,0.465,0.523,1.1,1.7,0.64,0.3,1.5,1.7,2.2,0.7,0.1,0.8,1.4,5.5,219,12.9,0.553,0.328,0.391,2,10.3,6.3,20.7,2.4,0.4,13.8,16.7,0.2,0.2,0.5,0.101,-1.1,-1,-2.1,0
2018/2019,101869000,101869000,838464,Cleveland Cavaliers,6,CLE,Ohio,East,Central,19,63,0.232,104.5,114.1,-9.39,Kobi Simmons,PG,21,76236,77492,1,0,2,0,0,,0,0,,0,0,,,0,0,,0,0,0,0,0,0,0,0,0,2,0,,,,0,0,0,0,0,0,,0,0,0,0,-0.033,-6.3,-0.9,-7.3,0
2018/2019,101869000,101869000,838464,Portland Trail Blazers,25,POR,Oregon,West,Northwest,53,29,0.646,114.7,110.5,4.43,Anfernee Simons,SG,19,1837800,1868095,20,1,7.1,1.4,3.2,0.444,0.5,1.5,0.345,0.9,1.7,0.529,0.524,0.5,0.8,0.563,0.2,0.5,0.7,0.7,0.1,0,0.6,0.5,3.8,141,11.1,0.535,0.46,0.254,2.3,7.4,4.9,13.7,0.3,0,13.6,24.3,0,0,0.1,0.02,-1.6,-4.7,-6.3,-0.2
2018/2019,101869000,101869000,838464,Boston Celtics,2,BOS,Massachusetts,East,Atlantic,49,33,0.598,112.4,108,3.9,Marcus Smart,SG,24,11160716,11344698,80,60,27.5,3,7.1,0.422,1.6,4.3,0.364,1.4,2.8,0.511,0.533,1.3,1.6,0.806,0.7,2.2,2.9,4,1.8,0.4,1.5,2.5,8.9,2200,13.1,0.568,0.61,0.228,2.8,8.6,5.7,19.1,3.1,1.1,16.5,14.6,2.2,3.1,5.3,0.116,0.6,1.3,1.8,2.1
2018/2019,101869000,101869000,838464,#N/A,#N/A,TOT,#N/A,#N/A,#N/A,#N/A,#N/A,#N/A,#N/A,#N/A,#N/A,Dennis Smith,PG,21,3819960,3882931,53,50,28.5,5.2,12.3,0.428,1.3,3.9,0.322,4,8.3,0.477,0.479,1.9,2.9,0.635,0.6,2.3,2.9,4.8,1.3,0.4,2.9,2.4,13.6,1508,12.3,0.502,0.32,0.24,2.2,8.7,5.5,27.3,2.1,1.1,17.6,24.8,-1.2,1.2,0,0.001,-1.7,-0.9,-2.5,-0.2
2018/2019,101869000,101869000,838464,Dallas Mavericks,7,DAL,Texas,West,Southwest,33,49,0.402,108.9,110.1,-0.87,Dennis Smith,PG,21,3819960,3882931,32,32,28.4,4.9,11.2,0.44,1.3,3.9,0.344,3.6,7.3,0.491,0.5,1.8,2.6,0.695,0.6,2.5,3,4.3,1.3,0.3,3.1,2.6,12.9,908,11.5,0.527,0.35,0.23,2.1,9.3,5.7,24.1,2.1,1,20.3,23.3,-0.7,0.9,0.2,0.01,-2.2,-0.3,-2.4,-0.1
2018/2019,101869000,101869000,838464,New York Knicks,20,NYK,New York,East,Atlantic,17,65,0.207,104.6,113.8,-8.93,Dennis Smith,PG,21,3819960,3882931,21,18,28.6,5.8,14,0.413,1.1,4,0.289,4.6,10,0.462,0.454,2,3.5,0.568,0.7,2.1,2.8,5.4,1.3,0.4,2.6,2.2,14.7,600,13.5,0.473,0.283,0.253,2.4,7.9,5.1,32.2,2.2,1.3,14.2,27,-0.5,0.3,-0.2,-0.014,-0.9,-1.8,-2.7,-0.1
2018/2019,101869000,101869000,838464,Detroit Pistons,9,DET,Michigan,East,Central,41,41,0.5,107,107.3,-0.56,Ishmael Smith,PG,30,6000000,6098909,56,0,22.3,3.7,8.7,0.419,0.8,2.4,0.326,2.9,6.3,0.455,0.464,0.8,1.1,0.758,0.4,2.2,2.6,3.6,0.5,0.2,1.1,1.9,8.9,1251,11.8,0.485,0.276,0.127,1.9,11.1,6.3,25.4,1.1,0.7,10.6,19.9,0.5,1.1,1.7,0.064,-1.7,-1.1,-2.8,-0.2
2018/2019,101869000,101869000,838464,Cleveland Cavaliers,6,CLE,Ohio,East,Central,19,63,0.232,104.5,114.1,-9.39,JR Smith,SG,33,14720000,14962656,11,4,20.2,2.5,7.2,0.342,1.1,3.5,0.308,1.4,3.6,0.375,0.418,0.7,0.9,0.8,0,1.6,1.6,1.9,1,0.3,1,1.7,6.7,222,7.8,0.444,0.494,0.127,0,9.4,4.5,13.8,2.5,1.2,11.7,18.6,-0.3,0.1,-0.2,-0.038,-3.5,-1.7,-5.2,-0.2
2018/2019,101869000,101869000,838464,#N/A,#N/A,TOT,#N/A,#N/A,#N/A,#N/A,#N/A,#N/A,#N/A,#N/A,#N/A,Jason Smith,PF-C,32,5450000,5539842,20,1,9.5,1.1,3,0.356,0.5,1.3,0.346,0.6,1.7,0.364,0.432,0.7,0.8,0.875,0.8,1.8,2.6,0.7,0.2,0.4,0.7,1.5,3.3,190,9.8,0.492,0.441,0.271,9,20.2,14.6,9.7,0.7,3.1,16.4,17.5,0,0.2,0.2,0.038,-3.7,-0.6,-4.3,-0.1
2018/2019,101869000,101869000,838464,Washington Wizards,30,WAS,Washington DC,East,Southeast,32,50,0.39,114,116.9,-3.3,Jason Smith,C,32,5450000,5539842,12,1,10.8,1.3,3.1,0.405,0.3,0.8,0.4,0.9,2.3,0.407,0.459,0.8,1,0.833,0.9,2.2,3.1,1,0.1,0.4,0.6,1.8,3.7,130,11.7,0.52,0.27,0.324,9,22.1,15.4,12.3,0.4,3.2,14.2,16.1,0.1,0.1,0.2,0.07,-2.9,-0.3,-3.2,0
2018/2019,101869000,101869000,838464,Milwaukee Bucks,17,MIL,Wisconsin,East,Central,60,22,0.732,118.1,109.3,8.04,Jason Smith,PF,32,5450000,5539842,6,0,6.7,0.7,2.2,0.308,0.5,1.5,0.333,0.2,0.7,0.25,0.423,0.3,0.3,1,0.5,1.3,1.8,0.2,0.3,0.3,0.8,1,2.2,40,6.3,0.468,0.692,0.154,8.1,19.2,14,3.1,2.3,4.2,26.5,19.8,-0.1,0.1,0,-0.02,-6.9,1.2,-5.7,0
2018/2019,101869000,101869000,838464,New Orleans Pelicans,19,NOP,Louisiana,West,Southwest,33,49,0.402,115.4,116.8,-1.1,Jason Smith,C,32,5450000,5539842,2,0,10,1,4.5,0.222,1,3.5,0.286,0,1,0,0.333,1,1,1,1,1,2,0.5,0,0,0.5,1.5,4,20,4.6,0.405,0.778,0.222,10.5,10.2,10.4,6.2,0,0,9.2,22.3,0,0,0,-0.049,-2.6,-5.8,-8.4,0
2018/2019,101869000,101869000,838464,Philadelphia 76ers,23,PHI,Pennsylvania,East,Atlantic,51,31,0.622,115.2,112.5,2.25,Zhaire Smith,SG,19,2615160,2658270,6,2,18.5,2.3,5.7,0.412,1,2.7,0.375,1.3,3,0.444,0.5,1,1.3,0.75,0.5,1.7,2.2,1.7,0.3,0.3,1,1.3,6.7,111,9.5,0.533,0.471,0.235,2.9,9.3,6.2,12.3,0.9,1.4,13.8,16.4,0,0.1,0.1,0.048,-2.3,-1.7,-4,-0.1
2018/2019,101869000,101869000,838464,Milwaukee Bucks,17,MIL,Wisconsin,East,Central,60,22,0.732,118.1,109.3,8.04,Tony Snell,SF,27,10607143,10782000,74,12,17.6,2.2,4.9,0.452,1.1,2.8,0.397,1.1,2.1,0.522,0.564,0.5,0.6,0.881,0.4,1.7,2.1,0.9,0.4,0.2,0.3,1.2,6,1304,10.7,0.585,0.565,0.116,2.4,9.4,6.1,6.7,0.9,1.2,5.7,12.9,1.6,1.6,3.2,0.117,-0.7,-0.4,-1,0.3
2018/2019,101869000,101869000,838464,#N/A,#N/A,TOT,#N/A,#N/A,#N/A,#N/A,#N/A,#N/A,#N/A,#N/A,#N/A,Raymond Spalding,PF,21,1023210,1040076,14,3,10.6,1.8,3.4,0.532,0,0.2,0,1.8,3.1,0.568,0.532,0.3,0.9,0.333,1.1,2.4,3.4,0.4,0.6,0.6,0.6,1.6,3.9,148,14.6,0.516,0.064,0.255,11.1,25.1,18,5.1,2.9,4.5,14.7,17.8,0,0.2,0.2,0.051,-4.7,1.4,-3.4,-0.1
2018/2019,101869000,101869000,838464,Dallas Mavericks,7,DAL,Texas,West,Southwest,33,49,0.402,108.9,110.1,-0.87,Raymond Spalding,PF,21,1023210,1040076,1,0,1,0,0,,0,0,,0,0,,,0,0,,0,0,0,0,0,0,0,0,0,1,0,,,,0,0,0,0,0,0,,0,0,0,0,0,-6.6,0.5,-6.1,0
2018/2019,101869000,101869000,838464,Phoenix Suns,24,PHO,Arizona,West,Pacific,19,63,0.232,107.5,116.8,-8.61,Raymond Spalding,PF,21,1023210,1040076,13,3,11.3,1.9,3.6,0.532,0,0.2,0,1.9,3.4,0.568,0.532,0.3,0.9,0.333,1.2,2.5,3.7,0.4,0.7,0.6,0.7,1.8,4.2,147,14.7,0.516,0.064,0.255,11.1,25.3,18.1,5.2,2.9,4.5,14.7,17.9,0,0.2,0.2,0.051,-4.7,1.4,-3.4,-0.1
2018/2019,101869000,101869000,838464,Atlanta Hawks,1,ATL,Georgia,East,Southeast,29,53,0.354,113.3,119.4,-6.06,Omari Spellman,PF,21,1622520,1649266,46,11,17.5,2.1,5.3,0.402,1,2.8,0.344,1.2,2.5,0.466,0.492,0.7,1,0.711,1.6,2.7,4.2,1,0.6,0.5,0.7,1.5,5.9,805,12.4,0.516,0.525,0.184,9.2,16.3,12.7,8,1.5,2.7,10.5,14.9,0.6,0.5,1.2,0.07,-1,0,-1,0.2
2018/2019,101869000,101869000,838464,#N/A,#N/A,TOT,#N/A,#N/A,#N/A,#N/A,#N/A,#N/A,#N/A,#N/A,#N/A,Nik Stauskas,SG,25,2161886,2197523,68,0,14.9,2,5,0.402,1,2.8,0.372,1,2.2,0.44,0.506,0.8,0.9,0.891,0.3,1.6,1.9,1.2,0.3,0.1,0.8,0.7,5.9,1015,10.9,0.545,0.556,0.189,1.9,11.7,6.8,11.1,1,0.6,12.2,17.6,0.6,0.5,1.1,0.052,-0.9,-2.2,-3.2,-0.3
2018/2019,101869000,101869000,838464,Portland Trail Blazers,25,POR,Oregon,West,Northwest,53,29,0.646,114.7,110.5,4.43,Nik Stauskas,SG,25,2161886,2197523,44,0,15.3,2.2,5.2,0.419,1,2.8,0.344,1.2,2.4,0.51,0.513,0.7,0.8,0.889,0.2,1.6,1.8,1.4,0.3,0.1,0.9,0.7,6.1,673,10.8,0.545,0.546,0.157,1.6,10.8,6.3,12.6,1,0.5,14,17.9,0.3,0.4,0.8,0.055,-0.9,-1.9,-2.8,-0.1
2018/2019,101869000,101869000,838464,Cleveland Cavaliers,6,CLE,Ohio,East,Central,19,63,0.232,104.5,114.1,-9.39,Nik Stauskas,SG,25,2161886,2197523,24,0,14.3,1.7,4.5,0.367,1.1,2.6,0.429,0.5,1.9,0.283,0.491,1,1.2,0.893,0.3,1.6,2,0.8,0.3,0.1,0.5,0.8,5.5,342,11.3,0.544,0.578,0.257,2.5,13.2,7.6,8,1,0.8,8.3,16.9,0.3,0,0.3,0.046,-1,-3,-4,-0.2
2018/2019,101869000,101869000,838464,Memphis Grizzlies,15,MEM,Tennessee,West,Southwest,33,49,0.402,103.5,106.1,-2.08,DJ Stephens,SG,28,77250,78523,1,0,7,1,2,0.5,0,0,,1,2,0.5,0.5,0,0,,0,0,0,0,1,0,1,0,2,7,5.5,0.5,0,0,0,0,0,0,7.1,0,33.3,19.1,0,0,0,-0.119,-9.9,2.3,-7.6,0
2018/2019,101869000,101869000,838464,Los Angeles Lakers,14,LAL,California,West,Pacific,37,45,0.451,111.8,113.5,-1.33,Lance Stephenson,SG,28,4449000,4522341,68,3,16.5,2.7,6.4,0.426,1.1,2.9,0.371,1.6,3.5,0.472,0.51,0.7,1.1,0.685,0.5,2.7,3.2,2.1,0.6,0.1,1.3,1.6,7.2,1123,11.8,0.529,0.456,0.169,3,16.5,9.9,17.3,1.7,0.5,15.6,20.3,-0.1,1.2,1.1,0.049,-1.7,-0.4,-2.1,0
2018/2019,101869000,101869000,838464,Indiana Pacers,12,IND,Indiana,East,Central,48,34,0.585,108,104.7,2.76,Edmond Sumner,PG,23,449794,457208,23,2,9.1,1,2.8,0.344,0.3,1.2,0.259,0.7,1.6,0.405,0.398,0.7,1,0.625,0.4,0.7,1,0.4,0.5,0.2,0.4,1.1,2.9,210,7.6,0.443,0.422,0.375,4.9,7.8,6.3,6.3,2.8,2.1,11.8,17.6,-0.2,0.3,0.1,0.02,-4.1,0.5,-3.6,-0.1
2018/2019,101869000,101869000,838464,#N/A,#N/A,TOT,#N/A,#N/A,#N/A,#N/A,#N/A,#N/A,#N/A,#N/A,#N/A,Caleb Swanigan,PF,21,1740000,1768683,21,0,8.5,0.9,2.5,0.34,0,0.3,0.143,0.8,2.2,0.37,0.349,0.3,0.4,0.667,0.8,2.2,3,0.5,0.3,0,0.9,1.3,2,178,4.7,0.377,0.132,0.17,10.2,27.6,19.1,8,1.6,0.5,24,17.7,-0.5,0.2,-0.2,-0.06,-7.8,0,-7.8,-0.3
2018/2019,101869000,101869000,838464,Portland Trail Blazers,25,POR,Oregon,West,Northwest,53,29,0.646,114.7,110.5,4.43,Caleb Swanigan,PF,21,1740000,1768683,18,0,8.1,0.8,2.4,0.318,0.1,0.3,0.2,0.7,2.2,0.333,0.33,0.3,0.4,0.857,0.7,2.2,2.9,0.4,0.2,0,0.9,1.2,1.9,145,3.1,0.372,0.114,0.159,9.8,28,19.1,6.2,1.3,0,25.4,18.4,-0.4,0.2,-0.3,-0.086,-8.8,-0.7,-9.5,-0.3
2018/2019,101869000,101869000,838464,Sacramento Kings,26,SAC,California,West,Pacific,39,43,0.476,114.2,115.3,-0.81,Caleb Swanigan,PF,21,1740000,1768683,3,0,11,1.3,3,0.444,0,0.7,0,1.3,2.3,0.571,0.444,0,0.7,0,1.3,2.7,4,1.3,0.7,0.3,0.7,2,2.7,33,11.7,0.405,0.222,0.222,12.2,25.6,18.7,15.6,2.8,2.6,16.8,14.9,0,0.1,0,0.053,-3.4,3.1,-0.2,0
2018/2019,101869000,101869000,838464,Boston Celtics,2,BOS,Massachusetts,East,Atlantic,49,33,0.598,112.4,108,3.9,Jayson Tatum,SF,20,6700800,6811261,79,79,31.1,5.9,13.1,0.45,1.5,3.9,0.373,4.4,9.2,0.483,0.506,2.5,2.9,0.855,0.9,5.2,6,2.1,1.1,0.7,1.5,2.1,15.7,2455,15.1,0.547,0.3,0.22,3,17.7,10.4,10,1.6,2.1,9.7,22.1,1.6,3.4,5,0.097,-1.4,0.6,-0.8,0.8
2018/2019,101869000,101869000,838464,Minnesota Timberwolves,18,MIN,Minnesota,West,Northwest,36,46,0.439,112.5,114,-1.02,Jeff Teague,PG,30,19000000,19313212,42,41,30.1,4.2,9.9,0.423,0.8,2.5,0.333,3.4,7.4,0.453,0.465,2.9,3.6,0.804,0.4,2.1,2.5,8.2,1,0.4,2.3,2.1,12.1,1264,15.4,0.528,0.252,0.368,1.3,7.7,4.5,37.6,1.6,1.2,16.7,19.3,1.7,0.5,2.2,0.085,0,-2.4,-2.4,-0.1
2018/2019,101869000,101869000,838464,#N/A,#N/A,TOT,#N/A,#N/A,#N/A,#N/A,#N/A,#N/A,#N/A,#N/A,#N/A,Garrett Temple,SG,32,8000000,8131878,75,55,27.2,2.8,6.6,0.422,1.2,3.5,0.341,1.6,3.1,0.515,0.513,1.1,1.4,0.748,0.4,2.5,2.9,1.4,1,0.4,0.9,2.7,7.8,2040,8.5,0.543,0.535,0.217,1.5,10.2,5.8,7.4,1.8,1.4,11.5,13.2,0.3,2,2.2,0.052,-1.7,0.6,-1.2,0.4
2018/2019,101869000,101869000,838464,Memphis Grizzlies,15,MEM,Tennessee,West,Southwest,33,49,0.402,103.5,106.1,-2.08,Garrett Temple,SG,32,8000000,8131878,49,49,31.2,3.4,7.9,0.429,1.5,4.3,0.352,1.9,3.6,0.52,0.525,1.2,1.6,0.75,0.4,2.7,3.1,1.4,1,0.5,1.1,2.7,9.4,1530,8.6,0.551,0.543,0.196,1.3,10,5.6,6.7,1.6,1.5,11.4,13.9,0.1,1.5,1.6,0.05,-1.9,0.5,-1.4,0.2
2018/2019,101869000,101869000,838464,Los Angeles Clippers,13,LAC,California,West,Pacific,48,34,0.585,115.1,114.3,1.09,Garrett Temple,SG,32,8000000,8131878,26,6,19.6,1.6,4.1,0.396,0.6,2.1,0.296,1,2,0.5,0.472,0.9,1.2,0.742,0.4,2.1,2.5,1.4,1,0.2,0.6,2.7,4.7,510,8,0.514,0.509,0.292,2.1,10.9,6.7,9.4,2.4,0.8,11.8,11.2,0.2,0.5,0.6,0.061,-1.3,0.8,-0.4,0.2
2018/2019,101869000,101869000,838464,Los Angeles Clippers,13,LAC,California,West,Pacific,48,34,0.585,115.1,114.3,1.09,Milos Teodosic,PG,31,6300000,6403854,15,0,10,1.1,2.7,0.425,0.7,1.8,0.37,0.5,0.9,0.538,0.55,0.3,0.5,0.571,0.2,0.9,1.1,2.1,0.2,0.1,1.4,1.8,3.2,150,6.5,0.557,0.675,0.175,2.2,8.9,5.7,28.8,0.9,0.5,32.8,18,-0.1,0.1,-0.1,-0.019,-2.9,-3.2,-6.1,-0.2
2018/2019,101869000,101869000,838464,Minnesota Timberwolves,18,MIN,Minnesota,West,Northwest,36,46,0.439,112.5,114,-1.02,Jared Terrell,SG,23,77250,78523,14,0,7.9,0.9,2.8,0.308,0.3,1.2,0.235,0.6,1.6,0.364,0.359,0.2,0.4,0.5,0.1,0.4,0.4,0.9,0.2,0.1,0.7,1.1,2.2,111,0.7,0.372,0.436,0.154,1,4.9,2.9,14.4,1.3,1.5,19.4,19.6,-0.4,0,-0.3,-0.14,-7.5,-2.9,-10.4,-0.2
2018/2019,101869000,101869000,838464,#N/A,#N/A,TOT,#N/A,#N/A,#N/A,#N/A,#N/A,#N/A,#N/A,#N/A,#N/A,Emanuel Terry,PF,22,94740,96300,3,0,7.7,1.3,2.3,0.571,0,0,,1.3,2.3,0.571,0.571,0.7,1.3,0.5,1,1.3,2.3,0.7,1,0,0.7,1.3,3.3,23,19.7,0.571,0,0.571,14.1,19.6,16.8,12.2,6.2,0,18.6,20.1,0,0,0.1,0.117,-0.7,2.3,1.6,0
2018/2019,101869000,101869000,838464,Phoenix Suns,24,PHO,Arizona,West,Pacific,19,63,0.232,107.5,116.8,-8.61,Emanuel Terry,PF,22,94740,96300,2,0,10,2,3,0.667,0,0,,2,3,0.667,0.667,0.5,1,0.5,1,2,3,0.5,1.5,0,1,2,4.5,20,19.9,0.654,0,0.333,10.9,22.5,16.6,8,7.2,0,22.5,19.1,0,0,0.1,0.127,-1.3,2.9,1.6,0
2018/2019,101869000,101869000,838464,Miami Heat,16,MIA,Florida,East,Southeast,39,43,0.476,105.7,105.9,-0.45,Emanuel Terry,PF,22,94740,96300,1,0,3,0,1,0,0,0,,0,1,0,0,1,2,0.5,1,0,1,1,0,0,0,0,1,3,18.4,0.266,0,2,35.4,0,17.7,40.5,0,0,0,26.8,0,0,0,0.045,2.8,-1.3,1.5,0
2018/2019,101869000,101869000,838464,Boston Celtics,2,BOS,Massachusetts,East,Atlantic,49,33,0.598,112.4,108,3.9,Daniel Theis,C,26,1378242,1400962,66,2,13.8,2.2,4,0.549,0.4,1,0.388,1.8,3,0.603,0.598,0.8,1.2,0.737,1.3,2.1,3.4,1,0.3,0.6,0.5,2.4,5.7,908,17,0.624,0.252,0.286,10.2,16.2,13.2,10.5,1.1,4.1,9.9,15.8,2.3,1.3,3.5,0.188,0.8,1.5,2.3,1
2018/2019,101869000,101869000,838464,Denver Nuggets,8,DEN,Colorado,West,Northwest,54,28,0.659,110.7,106.7,4.19,Isaiah Thomas,SG,29,2029463,2062918,12,0,15.1,2.8,8.3,0.343,1,3.6,0.279,1.8,4.7,0.393,0.404,1.4,2.3,0.63,0.4,0.7,1.1,1.9,0.4,0.1,1.5,1.4,8.1,181,7,0.437,0.434,0.273,3,4.8,3.9,18.6,1.4,0.5,14,30.4,-0.4,0.1,-0.3,-0.077,-4.5,-4.2,-8.7,-0.3
2018/2019,101869000,101869000,838464,Detroit Pistons,9,DET,Michigan,East,Central,41,41,0.5,107,107.3,-0.56,Khyri Thomas,SG,22,838464,852285,26,0,7.5,0.8,2.7,0.319,0.4,1.3,0.286,0.5,1.3,0.353,0.391,0.3,0.4,0.636,0.2,0.6,0.8,0.3,0.3,0.2,0.2,0.8,2.3,195,6.2,0.413,0.507,0.159,2.2,9.3,5.6,6,1.8,2.2,5.1,17.2,-0.2,0.2,0,0.005,-4.7,-0.5,-5.2,-0.2
2018/2019,101869000,101869000,838464,New York Knicks,20,NYK,New York,East,Atlantic,17,65,0.207,104.6,113.8,-8.93,Lance Thomas,PF,30,7119650,7237016,46,17,17,1.7,4.3,0.396,0.5,1.7,0.278,1.2,2.6,0.475,0.452,0.6,0.8,0.75,0.5,2.1,2.5,0.6,0.4,0.2,0.5,1.8,4.5,783,6.4,0.482,0.401,0.183,2.7,13.1,7.8,5,1,0.8,10.1,12.9,-0.3,0.3,0.1,0.004,-4.1,-1.2,-5.3,-0.7
2018/2019,101869000,101869000,838464,Golden State Warriors,10,GSW,California,West,Pacific,57,25,0.695,117.7,111.2,6.42,Klay Thompson,SG,28,18988725,19301751,78,78,34,8.4,18,0.467,3.1,7.7,0.402,5.3,10.3,0.516,0.553,1.7,2,0.816,0.5,3.4,3.8,2.4,1.1,0.6,1.5,2,21.5,2652,16.6,0.571,0.427,0.113,1.6,10.1,6,10.5,1.5,1.5,7.2,25.6,2.9,2.3,5.3,0.095,1.2,-2,-0.8,0.8
2018/2019,101869000,101869000,838464,Cleveland Cavaliers,6,CLE,Ohio,East,Central,19,63,0.232,104.5,114.1,-9.39,Tristan Thompson,C,27,17469565,17757548,43,40,27.9,4.7,8.8,0.529,0,0,,4.7,8.8,0.529,0.529,1.6,2.5,0.642,4,6.2,10.2,2,0.7,0.4,1.4,2.1,10.9,1198,18.4,0.551,0,0.279,15.4,25.7,20.3,11.2,1.2,1.2,12.1,17.7,2.1,0.5,2.6,0.105,0.2,0.1,0.3,0.7
2018/2019,101869000,101869000,838464,Los Angeles Clippers,13,LAC,California,West,Pacific,48,34,0.585,115.1,114.3,1.09,Sindarius Thornwell,SG,24,1378242,1400962,64,1,4.9,0.3,0.8,0.347,0,0.2,0.2,0.2,0.5,0.412,0.378,0.4,0.5,0.735,0.1,0.6,0.7,0.3,0.2,0.1,0.3,0.6,1,313,5.2,0.485,0.306,0.694,1.7,12.8,7.5,7.2,2.1,1.8,23.8,11.3,-0.3,0.3,0,0.004,-5.1,1.1,-4,-0.2
2018/2019,101869000,101869000,838464,Minnesota Timberwolves,18,MIN,Minnesota,West,Northwest,36,46,0.439,112.5,114,-1.02,Anthony Tolliver,PF,33,5750000,5844787,65,0,16.6,1.5,4,0.382,1.2,3.3,0.377,0.3,0.7,0.409,0.539,0.7,0.9,0.783,0.2,2.5,2.7,0.7,0.3,0.3,0.6,1.4,5,1079,8.6,0.571,0.83,0.232,1.5,16.2,8.8,5.5,0.8,1.7,11.2,12.5,0.6,0.5,1.2,0.052,-1.2,-1,-2.2,-0.1
2018/2019,101869000,101869000,838464,Minnesota Timberwolves,18,MIN,Minnesota,West,Northwest,36,46,0.439,112.5,114,-1.02,Karl-Anthony Towns,C,23,7839435,7968666,77,77,33.1,8.8,17.1,0.518,1.8,4.6,0.4,7,12.5,0.562,0.572,4.9,5.8,0.836,3.4,9,12.4,3.4,0.9,1.6,3.1,3.8,24.4,2545,26.3,0.622,0.27,0.342,10.9,29.3,20,17.2,1.3,4.2,13.7,28.9,7.2,3.2,10.4,0.197,4.8,2,6.8,5.7
2018/2019,101869000,101869000,838464,Portland Trail Blazers,25,POR,Oregon,West,Northwest,53,29,0.646,114.7,110.5,4.43,Gary Trent Jr,SG,20,838464,852285,15,1,7.4,1.1,3.3,0.32,0.3,1.4,0.238,0.7,1.9,0.379,0.37,0.2,0.5,0.429,0.1,0.7,0.7,0.3,0.1,0.1,0.3,0.3,2.7,111,3.6,0.377,0.42,0.14,1,9.4,5.3,6.2,0.4,1.4,7,21.7,-0.3,0.1,-0.2,-0.092,-6.7,-3.6,-10.3,-0.2
2018/2019,101869000,101869000,838464,New York Knicks,20,NYK,New York,East,Atlantic,17,65,0.207,104.6,113.8,-8.93,Allonzo Trier,SG,23,3382000,3437751,64,3,22.8,3.6,8.1,0.448,0.8,2.1,0.394,2.8,6,0.466,0.498,2.8,3.5,0.803,0.5,2.6,3.1,1.9,0.4,0.2,1.8,1.8,10.9,1459,12.2,0.564,0.255,0.431,2.2,12.2,7.1,12.9,0.9,0.8,15.8,21.5,0.4,0.5,0.9,0.03,-2.2,-2,-4.2,-0.8
2018/2019,101869000,101869000,838464,Houston Rockets,11,HOU,Texas,West,Southwest,53,29,0.646,113.9,109.1,4.96,PJ Tucker,PF,33,7959537,8090748,82,82,34.2,2.5,6.4,0.396,1.8,4.7,0.377,0.7,1.7,0.449,0.535,0.5,0.7,0.695,1.5,4.4,5.8,1.2,1.6,0.5,0.8,3.1,7.3,2802,9.2,0.547,0.74,0.113,4.7,14.4,9.5,4.6,2.3,1.2,10.3,9.5,2,3,5,0.086,-0.5,1.8,1.3,2.3
2018/2019,101869000,101869000,838464,Portland Trail Blazers,25,POR,Oregon,West,Northwest,53,29,0.646,114.7,110.5,4.43,Evan Turner,PG,30,17868853,18163418,73,2,22,2.8,6.1,0.46,0.2,0.7,0.212,2.6,5.4,0.494,0.473,1,1.5,0.708,0.5,4,4.5,3.9,0.5,0.2,1.6,1.5,6.8,1605,11.6,0.504,0.117,0.239,2.5,18.9,10.9,23.6,1,0.9,18.9,15.9,0.5,1.5,2,0.06,-2.5,0.7,-1.8,0.1
2018/2019,101869000,101869000,838464,Indiana Pacers,12,IND,Indiana,East,Central,48,34,0.585,108,104.7,2.76,Myles Turner,C,22,3294994,3349311,74,74,28.6,5.1,10.5,0.487,1,2.6,0.388,4.1,7.9,0.521,0.536,2,2.7,0.736,1.4,5.8,7.2,1.6,0.8,2.7,1.4,2.6,13.3,2119,18,0.567,0.251,0.258,5.4,22,13.9,8,1.4,8.4,10.3,20,1.9,4.4,6.3,0.144,-1.4,4.7,3.3,2.8
2018/2019,101869000,101869000,838464,Utah Jazz,29,UTA,Utah,West,Northwest,50,32,0.61,111.7,106.5,5.28,Ekpe Udoh,C,31,3360000,3415389,51,1,6.3,1,1.4,0.694,0,0,,1,1.4,0.694,0.694,0.4,0.6,0.633,0.5,1.2,1.8,0.5,0.2,0.6,0.3,0.7,2.3,320,20.9,0.698,0,0.417,9.3,20.9,15.2,12.8,1.5,7.7,13.2,13.1,0.9,0.7,1.6,0.238,-0.1,5.7,5.6,0.6
2018/2019,101869000,101869000,838464,Chicago Bulls,5,CHI,Illinois,East,Central,22,60,0.268,104.9,113.4,-8.32,Tyler Ulis,PG,23,77250,78523,1,0,1,0,0,,0,0,,0,0,,,0,0,,0,0,0,0,0,0,0,0,0,1,0,,,,0,0,0,0,0,0,,0,0,0,0,-0.015,-6.7,-0.4,-7.1,0
2018/2019,101869000,101869000,838464,#N/A,#N/A,TOT,#N/A,#N/A,#N/A,#N/A,#N/A,#N/A,#N/A,#N/A,#N/A,Jonas Valanciunas,C,26,16539326,16811974,49,27,22.3,6.1,11,0.559,0.3,1,0.292,5.9,10,0.586,0.572,3,3.8,0.795,2.2,6.4,8.6,1.4,0.4,1.1,1.8,3,15.6,1091,24.4,0.616,0.089,0.344,10.7,31.4,21.1,12,0.8,4.4,12.7,28.5,2.2,1.9,4.2,0.183,0.1,1.2,1.2,0.9
2018/2019,101869000,101869000,838464,Toronto Raptors,28,TOR,Ontario,East,Atlantic,58,24,0.707,114.4,108.4,5.49,Jonas Valanciunas,C,26,16539326,16811974,30,10,18.8,5,8.6,0.575,0.3,1,0.3,4.7,7.6,0.611,0.593,2.6,3.1,0.819,1.8,5.4,7.2,1,0.4,0.8,1.3,2.7,12.8,564,24.4,0.639,0.116,0.363,10.6,30.2,20.6,8.5,1.1,3.4,11.5,25.9,1.6,1.1,2.6,0.224,0.5,0.5,0.9,0.4
2018/2019,101869000,101869000,838464,Memphis Grizzlies,15,MEM,Tennessee,West,Southwest,33,49,0.402,103.5,106.1,-2.08,Jonas Valanciunas,C,26,16539326,16811974,19,17,27.7,8,14.7,0.545,0.3,0.9,0.278,7.7,13.7,0.563,0.554,3.7,4.8,0.769,2.7,7.9,10.7,2.2,0.3,1.6,2.7,3.4,19.9,527,24.4,0.594,0.065,0.326,10.9,32.7,21.6,15.7,0.6,5.4,13.8,31.4,0.7,0.9,1.5,0.14,-0.4,2,1.6,0.5
2018/2019,101869000,101869000,838464,Denver Nuggets,8,DEN,Colorado,West,Northwest,54,28,0.659,110.7,106.7,4.19,Jarred Vanderbilt,PF,19,838464,852285,17,0,4.1,0.5,1.1,0.474,0,0.1,0,0.5,1.1,0.5,0.474,0.4,0.6,0.6,0.4,0.9,1.4,0.2,0.4,0.1,0.5,0.5,1.4,69,12.4,0.513,0.053,0.526,10.9,25.2,18,5.9,4.3,1.3,25.5,19.4,-0.1,0.1,0.1,0.037,-6.1,2.1,-4,0
2018/2019,101869000,101869000,838464,Toronto Raptors,28,TOR,Ontario,East,Atlantic,58,24,0.707,114.4,108.4,5.49,Fred VanVleet,PG,24,8653847,8796504,64,28,27.5,3.8,9.4,0.41,1.8,4.6,0.378,2.1,4.8,0.441,0.503,1.5,1.8,0.843,0.3,2.3,2.6,4.8,0.9,0.3,1.3,1.7,11,1760,13.7,0.539,0.493,0.192,1.3,8.7,5.1,23.9,1.6,0.9,11.2,17.9,2.4,1.9,4.3,0.117,0.7,-0.7,0,0.9
2018/2019,101869000,101869000,838464,New York Knicks,20,NYK,New York,East,Atlantic,17,65,0.207,104.6,113.8,-8.93,Noah Vonleh,PF,23,1621415,1648143,68,57,25.3,3,6.5,0.47,0.7,2,0.336,2.4,4.5,0.531,0.523,1.6,2.3,0.712,1.7,6.1,7.8,1.9,0.7,0.8,1.3,2.6,8.4,1722,13.9,0.561,0.311,0.355,6.7,25.8,16,11.1,1.3,2.5,14.7,14.8,1.5,1.7,3.2,0.09,-1.6,1.6,0,0.9
2018/2019,101869000,101869000,838464,Orlando Magic,22,ORL,Florida,East,Southeast,42,40,0.512,107.3,106.6,0.28,Nikola Vucevic,C,28,12750000,12960181,80,80,31.4,8.8,16.9,0.518,1.1,2.9,0.364,7.7,14,0.549,0.549,2.2,2.8,0.789,2.8,9.2,12,3.8,1,1.1,2,2,20.8,2510,25.5,0.573,0.171,0.168,9.4,31.9,20.5,21.9,1.6,3,9.9,28,5.4,4.7,10.1,0.193,3,3.4,6.4,5.3
2018/2019,101869000,101869000,838464,Miami Heat,16,MIA,Florida,East,Southeast,39,43,0.476,105.7,105.9,-0.45,Dwyane Wade,SG,37,2393887,2433349,72,2,26.2,5.8,13.3,0.433,1.2,3.6,0.33,4.6,9.7,0.472,0.478,2.3,3.2,0.708,1,3,4,4.2,0.8,0.5,2.3,1.6,15,1885,15.8,0.51,0.272,0.243,3.9,12.2,8,26.5,1.5,1.8,13.5,27.9,0.1,2.3,2.4,0.061,-0.4,0,-0.5,0.7
2018/2019,101869000,101869000,838464,Los Angeles Lakers,14,LAL,California,West,Pacific,37,45,0.451,111.8,113.5,-1.33,Moritz Wagner,C,21,1764240,1793323,43,5,10.4,1.7,4,0.415,0.5,1.8,0.286,1.1,2.2,0.521,0.48,1,1.2,0.811,0.4,1.6,2,0.6,0.3,0.3,0.9,1.3,4.8,446,10.1,0.533,0.45,0.31,4,15.4,9.8,7.4,1.1,2.4,16.7,21.7,-0.3,0.5,0.2,0.02,-4,-1.1,-5.1,-0.3
2018/2019,101869000,101869000,838464,Miami Heat,16,MIA,Florida,East,Southeast,39,43,0.476,105.7,105.9,-0.45,Dion Waiters,SG,27,12705000,12914439,44,28,25.9,4.5,10.9,0.414,2.5,6.6,0.377,2,4.3,0.471,0.528,0.5,1,0.5,0.2,2.5,2.6,2.8,0.7,0.2,1.5,1.6,12,1138,11.4,0.53,0.605,0.092,0.7,10.2,5.4,16.4,1.2,0.7,11.4,21.1,0.1,1.1,1.2,0.052,-0.3,-1.6,-1.9,0
2018/2019,101869000,101869000,838464,Charlotte Hornets,4,CHO,North Carolina,East,Southeast,39,43,0.476,110.7,111.8,-1.32,Kemba Walker,PG,28,12000000,12197818,82,82,34.9,8.9,20.5,0.434,3.2,8.9,0.356,5.7,11.6,0.494,0.511,4.6,5.5,0.844,0.6,3.8,4.4,5.9,1.2,0.4,2.6,1.6,25.6,2863,21.7,0.558,0.434,0.267,1.9,11.9,6.8,29.4,1.7,1,10.1,31.5,5.5,1.9,7.4,0.123,5.1,-1.7,3.3,3.9
2018/2019,101869000,101869000,838464,San Antonio Spurs,27,SAS,Texas,West,Southwest,48,34,0.585,111.7,110,1.8,Lonnie Walker,SG,20,2360160,2399066,17,0,6.9,0.9,2.7,0.348,0.3,0.8,0.385,0.6,1.9,0.333,0.402,0.5,0.6,0.8,0,1,1,0.5,0.4,0.2,0.2,0.4,2.6,118,10.8,0.446,0.283,0.217,0,15.6,7.9,10.3,2.9,2.2,7.4,20.3,-0.1,0.2,0,0.019,-4.7,0.3,-4.4,-0.1
2018/2019,101869000,101869000,838464,Washington Wizards,30,WAS,Washington DC,East,Southeast,32,50,0.39,114,116.9,-3.3,John Wall,PG,28,19169800,19485811,32,32,34.5,7.7,17.3,0.444,1.6,5.3,0.302,6.1,12,0.507,0.49,3.8,5.5,0.697,0.5,3.2,3.6,8.7,1.5,0.9,3.8,2.2,20.7,1104,18,0.527,0.306,0.317,1.5,10.1,5.7,39.2,2.1,2.2,16.1,28.8,0.5,0.7,1.2,0.051,1.1,-1.2,-0.2,0.5
2018/2019,101869000,101869000,838464,Los Angeles Clippers,13,LAC,California,West,Pacific,48,34,0.585,115.1,114.3,1.09,Tyrone Wallace,PG,24,1349383,1371627,62,0,10.1,1.5,3.5,0.424,0.1,0.3,0.211,1.4,3.2,0.444,0.433,0.5,0.9,0.526,0.3,1.3,1.6,0.7,0.3,0.1,0.6,1.3,3.5,628,7,0.45,0.088,0.263,3.5,13.2,8.5,9.5,1.6,0.9,12.9,18.7,-0.8,0.5,-0.3,-0.023,-5.5,-0.9,-6.3,-0.7
2018/2019,101869000,101869000,838464,Atlanta Hawks,1,ATL,Georgia,East,Southeast,29,53,0.354,113.3,119.4,-6.06,Taurean Prince,SF,24,2526840,2568494,55,47,28.2,4.8,10.8,0.441,2.2,5.7,0.39,2.5,5.1,0.498,0.545,1.7,2.1,0.819,0.4,3.2,3.6,2.1,1,0.3,1.8,2.6,13.5,1552,11.9,0.575,0.53,0.195,1.5,12.3,6.7,11.1,1.6,1.1,13.4,19.5,0.8,0.7,1.5,0.047,-0.4,-1.5,-1.9,0
2018/2019,101869000,101869000,838464,Boston Celtics,2,BOS,Massachusetts,East,Atlantic,49,33,0.598,112.4,108,3.9,Brad Wanamaker,PG,29,838464,852285,36,0,9.5,1.4,2.9,0.476,0.4,1.1,0.41,0.9,1.8,0.515,0.552,0.7,0.8,0.857,0.1,1.1,1.1,1.6,0.3,0.1,0.5,0.9,3.9,343,14.3,0.597,0.371,0.267,0.9,11.8,6.4,22.5,1.7,0.5,13.9,17.1,0.6,0.4,1,0.134,-0.8,-1.4,-2.2,0
2018/2019,101869000,101869000,838464,Phoenix Suns,24,PHO,Arizona,West,Pacific,19,63,0.232,107.5,116.8,-8.61,TJ Warren,SF,25,11750000,11943696,43,36,31.6,6.9,14.2,0.486,1.8,4.2,0.428,5.1,10,0.51,0.549,2.3,2.9,0.815,0.7,3.3,4,1.5,1.2,0.7,1.2,2.8,18,1360,16.3,0.58,0.295,0.203,2.5,11.8,7.1,7.7,1.8,1.8,7.2,22.7,1.6,0.5,2.1,0.074,0.1,-1.8,-1.7,0.1
2018/2019,101869000,101869000,838464,Memphis Grizzlies,15,MEM,Tennessee,West,Southwest,33,49,0.402,103.5,106.1,-2.08,Julian Washburn,SF,27,77250,78523,18,3,14.1,0.9,2.7,0.333,0.3,1.3,0.208,0.6,1.3,0.458,0.385,0.2,0.2,0.75,0.4,1.8,2.3,0.8,0.7,0.1,0.4,0.9,2.2,254,6.5,0.402,0.5,0.083,3.5,14.8,9.1,7.7,2.5,0.7,12.3,10,-0.2,0.3,0.1,0.023,-4.8,1.4,-3.4,-0.1
2018/2019,101869000,101869000,838464,Memphis Grizzlies,15,MEM,Tennessee,West,Southwest,33,49,0.402,103.5,106.1,-2.08,Yuta Watanabe,SF,24,77250,78523,15,0,11.6,1,3.4,0.294,0.1,1.1,0.125,0.9,2.3,0.371,0.314,0.5,0.7,0.7,0.3,1.8,2.1,0.5,0.3,0.1,0.4,0.7,2.6,174,3.3,0.352,0.314,0.196,2.5,17.7,10,6.6,1.1,0.5,9.8,15.8,-0.4,0.2,-0.2,-0.065,-8.2,-1.2,-9.3,-0.3
2018/2019,101869000,101869000,838464,Denver Nuggets,8,DEN,Colorado,West,Northwest,54,28,0.659,110.7,106.7,4.19,Thomas Welsh,C,22,77250,78523,11,0,3.3,0.6,1.2,0.538,0.3,0.6,0.429,0.4,0.5,0.667,0.654,0.1,0.2,0.5,0,0.4,0.4,0.5,0,0,0.1,0.3,1.6,36,16.1,0.648,0.538,0.154,0,12.1,6,20.5,0,0,6.7,17.7,0.1,0,0.1,0.162,1.7,-4.3,-2.6,0
2018/2019,101869000,101869000,838464,Oklahoma City Thunder,21,OKC,Oklahoma,West,Northwest,49,33,0.598,114.5,111.1,3.56,Russell Westbrook,PG,30,35665000,36252932,73,73,36,8.6,20.2,0.428,1.6,5.6,0.29,7,14.5,0.481,0.468,4.1,6.2,0.656,1.5,9.6,11.1,10.7,1.9,0.5,4.5,3.4,22.9,2630,21.1,0.501,0.279,0.306,4.1,28.3,15.8,46.5,2.5,1.1,16.3,30.9,1.8,5,6.8,0.124,2.5,3.9,6.5,5.6
2018/2019,101869000,101869000,838464,San Antonio Spurs,27,SAS,Texas,West,Southwest,48,34,0.585,111.7,110,1.8,Derrick White,PG,24,1667160,1694642,67,55,25.8,3.9,8.1,0.479,0.7,2.1,0.338,3.2,6,0.529,0.523,1.4,1.8,0.772,0.5,3.2,3.7,3.9,1,0.7,1.4,2.2,9.9,1728,14.8,0.555,0.262,0.227,2.2,13.3,7.8,21,1.9,2.3,14,17.7,1.7,1.9,3.6,0.101,-0.2,1.1,0.9,1.3
2018/2019,101869000,101869000,838464,Washington Wizards,30,WAS,Washington DC,East,Southeast,32,50,0.39,114,116.9,-3.3,Okaro White,PF,26,247827,251912,3,0,2,0,0.7,0,0,0.7,0,0,0,,0,0,0,,0.3,0.3,0.7,0,0,0,0,0,0,6,-4.5,0,1,0,17.8,18.4,18.1,0,0,0,0,14.1,0,0,0,-0.251,-11,-8.2,-19.2,0
2018/2019,101869000,101869000,838464,Miami Heat,16,MIA,Florida,East,Southeast,39,43,0.476,105.7,105.9,-0.45,Hassan Whiteside,C,29,24434262,24837057,72,53,23.3,5.4,9.4,0.571,0,0.2,0.125,5.4,9.2,0.581,0.572,1.5,3.4,0.449,3.6,7.8,11.3,0.8,0.6,1.9,1.3,2.7,12.3,1674,23.5,0.564,0.024,0.357,16.3,35.6,25.9,5.6,1.3,7.3,11,22.6,2.3,4,6.3,0.18,-2.2,3,0.8,1.2
2018/2019,101869000,101869000,838464,Minnesota Timberwolves,18,MIN,Minnesota,West,Northwest,36,46,0.439,112.5,114,-1.02,Andrew Wiggins,SF,23,25467250,25887073,73,73,34.8,6.8,16.6,0.412,1.6,4.8,0.339,5.2,11.8,0.441,0.461,2.8,4.1,0.699,1.1,3.7,4.8,2.5,1,0.7,1.9,2.1,18.1,2543,12.4,0.493,0.288,0.245,3.5,11.4,7.4,10.9,1.3,1.6,9.3,24.4,-0.6,1.3,0.6,0.012,-1.7,-1.3,-2.9,-0.6
2018/2019,101869000,101869000,838464,Brooklyn Nets,3,BRK,New York,East,Atlantic,42,40,0.512,112.2,112.3,-0.4,Alan Williams,PF,26,77250,78523,5,0,5.2,1.6,2.6,0.615,0,0.2,0,1.6,2.4,0.667,0.615,0.4,0.8,0.5,0.8,3,3.8,0.6,0.2,0,0.2,0.4,3.6,26,32.9,0.61,0.077,0.308,16.2,60.3,38.4,22.3,1.8,0,6.3,25.5,0.1,0.1,0.2,0.312,3.1,2.7,5.8,0.1
2018/2019,101869000,101869000,838464,Minnesota Timberwolves,18,MIN,Minnesota,West,Northwest,36,46,0.439,112.5,114,-1.02,CJ Williams,SG,28,77250,78523,15,0,8.5,1.1,2.3,0.486,0.3,1.1,0.313,0.8,1.3,0.632,0.557,0,0.1,0,0.1,0.5,0.5,0.8,0.4,0,0.3,1.1,2.6,128,8.8,0.55,0.457,0.029,0.8,5.9,3.3,12.9,2.2,0,12.4,13.3,0.1,0.1,0.1,0.042,-1.8,-2.2,-4,-0.1
2018/2019,101869000,101869000,838464,Los Angeles Lakers,14,LAL,California,West,Pacific,37,45,0.451,111.8,113.5,-1.33,Johnathan Williams,C,23,127250,129347,24,0,15.5,2.7,4.6,0.591,0,0.1,0,2.7,4.5,0.602,0.591,1.1,2,0.563,2,2.1,4.1,0.5,0.3,0.3,0.7,2.6,6.5,372,15.1,0.599,0.018,0.436,13.6,13.9,13.7,4.9,1,1.5,10.9,16.4,0.7,0.3,1,0.135,-0.9,-0.8,-1.7,0
2018/2019,101869000,101869000,838464,New Orleans Pelicans,19,NOP,Louisiana,West,Southwest,33,49,0.402,115.4,116.8,-1.1,Kenrich Williams,SF,24,838464,852285,46,29,23.5,2.3,6.1,0.384,1.1,3.4,0.333,1.2,2.7,0.447,0.477,0.3,0.4,0.684,1.2,3.6,4.8,1.8,1,0.4,0.8,2.1,6.1,1079,9.7,0.485,0.559,0.068,5.4,15.5,10.5,9.5,1.9,1.4,11.1,12.3,0.3,0.9,1.2,0.053,-1.2,0.9,-0.3,0.5
2018/2019,101869000,101869000,838464,Los Angeles Clippers,13,LAC,California,West,Pacific,48,34,0.585,115.1,114.3,1.09,Louis Williams,SG,32,8000000,8131878,75,1,26.6,6.5,15.2,0.425,1.4,3.9,0.361,5.1,11.3,0.447,0.471,5.7,6.5,0.876,0.5,2.4,3,5.4,0.8,0.1,2.4,1.1,20,1993,21.2,0.554,0.256,0.426,2.2,9.4,5.9,33,1.3,0.4,11.8,32.4,3.9,1.2,5.1,0.123,3.1,-2.6,0.4,1.2
2018/2019,101869000,101869000,838464,Charlotte Hornets,4,CHO,North Carolina,East,Southeast,39,43,0.476,110.7,111.8,-1.32,Marvin Williams,PF,32,14087500,14319730,75,75,28.4,3.7,8.7,0.422,1.9,5.1,0.366,1.8,3.6,0.5,0.529,0.9,1.1,0.767,1,4.4,5.4,1.2,0.9,0.8,0.6,2.1,10.1,2133,12.6,0.548,0.586,0.132,3.8,17.1,10.3,6.1,1.6,2.5,6.4,14.9,1.9,1.9,3.8,0.086,-0.2,0.5,0.3,1.3
2018/2019,101869000,101869000,838464,Boston Celtics,2,BOS,Massachusetts,East,Atlantic,49,33,0.598,112.4,108,3.9,Robert Williams,C,21,1656600,1683908,32,2,8.8,1.1,1.6,0.706,0,0,,1.1,1.6,0.706,0.706,0.3,0.5,0.6,0.8,1.7,2.5,0.2,0.3,1.3,0.3,1.1,2.5,283,18.8,0.703,0,0.294,10.2,20.4,15.3,3.3,1.5,12.5,14.8,10.3,0.5,0.6,1.2,0.201,-2.4,6.7,4.4,0.5
2018/2019,101869000,101869000,838464,Sacramento Kings,26,SAC,California,West,Pacific,39,43,0.476,114.2,115.3,-0.81,Troy Williams,SF,24,77250,78523,21,0,14.9,2.1,4.7,0.449,0.7,2.1,0.318,1.4,2.6,0.556,0.52,0.4,0.7,0.6,0.6,2.2,2.8,0.5,0.5,0.4,0.4,1.8,5.3,312,10.5,0.531,0.449,0.153,3.9,15.9,9.7,4.7,1.5,2.2,7.9,15,0.1,0.3,0.4,0.064,-2.3,-0.3,-2.6,0
2018/2019,101869000,101869000,838464,Milwaukee Bucks,17,MIL,Wisconsin,East,Central,60,22,0.732,118.1,109.3,8.04,DJ Wilson,PF,22,2534280,2576057,48,3,18.4,2.2,5.2,0.414,1,2.6,0.362,1.2,2.6,0.468,0.506,0.5,1,0.553,0.9,3.7,4.6,1.1,0.4,0.4,0.7,1.8,5.8,882,10.3,0.515,0.506,0.187,5.5,19.2,12.8,7.6,0.9,1.9,10.5,14.4,0.3,1.4,1.7,0.093,-2.4,0.9,-1.6,0.1
2018/2019,101869000,101869000,838464,Miami Heat,16,MIA,Florida,East,Southeast,39,43,0.476,105.7,105.9,-0.45,Justise Winslow,SF,22,3448926,3505781,66,52,29.7,4.9,11.3,0.433,1.5,3.9,0.375,3.5,7.5,0.462,0.497,1.3,2.1,0.628,1,4.4,5.4,4.3,1.1,0.3,2.2,2.7,12.6,1959,12.8,0.513,0.342,0.183,3.4,15.9,9.6,21.9,1.8,0.9,14.9,20.8,0.2,2.6,2.8,0.067,-1.1,1,-0.1,1
2018/2019,101869000,101869000,838464,#N/A,#N/A,TOT,#N/A,#N/A,#N/A,#N/A,#N/A,#N/A,#N/A,#N/A,#N/A,Christian Wood,PF,23,1512601,1537535,21,2,12,2.9,5.6,0.521,0.4,1.2,0.346,2.5,4.3,0.571,0.56,2,2.7,0.732,0.8,3.1,4,0.4,0.3,0.5,0.8,0.8,8.2,251,21.9,0.607,0.222,0.479,7.2,26.5,17,4.8,1.3,3.2,10.7,26.1,0.4,0.3,0.8,0.151,-1.5,-1.8,-3.3,-0.1
2018/2019,101869000,101869000,838464,Milwaukee Bucks,17,MIL,Wisconsin,East,Central,60,22,0.732,118.1,109.3,8.04,Christian Wood,PF,23,1512601,1537535,13,0,4.8,0.9,1.9,0.48,0.2,0.4,0.6,0.7,1.5,0.45,0.54,0.8,1.2,0.667,0.3,1.2,1.5,0.2,0,0,0.2,0.2,2.8,62,17.1,0.585,0.2,0.6,7,24.7,16.4,4.6,0,0,8.7,23.4,0.1,0.1,0.2,0.146,-3.4,-4.1,-7.5,-0.1
2018/2019,101869000,101869000,838464,New Orleans Pelicans,19,NOP,Louisiana,West,Southwest,33,49,0.402,115.4,116.8,-1.1,Christian Wood,PF,23,1512601,1537535,8,2,23.6,6.1,11.5,0.533,0.8,2.6,0.286,5.4,8.9,0.606,0.565,3.9,5.1,0.756,1.6,6.3,7.9,0.8,0.9,1.3,1.8,1.8,16.9,189,23.4,0.613,0.228,0.446,7.2,27,17.3,4.9,1.7,4.3,11.3,26.9,0.3,0.3,0.6,0.152,-0.9,-1,-1.9,0
2018/2019,101869000,101869000,838464,#N/A,#N/A,TOT,#N/A,#N/A,#N/A,#N/A,#N/A,#N/A,#N/A,#N/A,#N/A,Delon Wright,PG,26,2536898,2578718,75,13,22.7,3.2,7.4,0.434,0.7,2.2,0.298,2.6,5.2,0.492,0.478,1.6,2,0.793,0.9,2.6,3.5,3.3,1.2,0.4,1,1.4,8.7,1699,15.5,0.523,0.301,0.269,4.4,12.8,8.6,21.6,2.5,1.6,11,18.1,1.9,2.4,4.3,0.121,0,1.5,1.5,1.5
2018/2019,101869000,101869000,838464,Toronto Raptors,28,TOR,Ontario,East,Atlantic,58,24,0.707,114.4,108.4,5.49,Delon Wright,PG,26,2536898,2578718,49,2,18.3,2.6,6,0.433,0.6,1.8,0.333,2,4.1,0.478,0.485,1.1,1.2,0.869,0.8,1.8,2.6,2.2,0.9,0.3,0.8,1.1,6.9,897,14.5,0.527,0.307,0.208,4.8,10.1,7.5,16.8,2.5,1.4,10.4,17.1,1,1.3,2.3,0.123,-0.3,1.1,0.8,0.6
2018/2019,101869000,101869000,838464,Memphis Grizzlies,15,MEM,Tennessee,West,Southwest,33,49,0.402,103.5,106.1,-2.08,Delon Wright,PG,26,2536898,2578718,26,11,30.8,4.4,10.2,0.434,0.8,3,0.256,3.7,7.2,0.508,0.472,2.5,3.4,0.742,1.1,4.3,5.4,5.3,1.6,0.6,1.5,1.9,12.2,802,16.6,0.519,0.294,0.336,4,15.9,9.9,26.9,2.6,1.8,11.6,19.2,0.9,1.1,2,0.119,0.3,1.9,2.2,0.8
2018/2019,101869000,101869000,838464,Boston Celtics,2,BOS,Massachusetts,East,Atlantic,49,33,0.598,112.4,108,3.9,Guerschon Yabusele,PF,23,2667600,2711574,41,1,6.1,0.9,1.9,0.455,0.2,0.7,0.321,0.6,1.2,0.531,0.513,0.4,0.5,0.682,0.6,0.7,1.3,0.4,0.2,0.2,0.4,0.8,2.3,251,12.4,0.542,0.364,0.286,9.8,12.8,11.3,8.2,1.5,2.5,14.8,17.5,0.2,0.3,0.5,0.09,-2.1,-0.1,-2.1,0
2018/2019,101869000,101869000,838464,Denver Nuggets,8,DEN,Colorado,West,Northwest,54,28,0.659,110.7,106.7,4.19,Nick Young,SG,33,284020,288702,4,0,9.3,0.8,2.3,0.333,0.8,2,0.375,0,0.3,0,0.5,0,0,,0,0.3,0.3,0.5,0,0.3,0.5,1,2.3,37,2.3,0.5,0.889,0,0,2.9,1.5,6.8,0,2.4,18.2,12.7,0,0,0,-0.021,-4.4,-2.6,-7,0
2018/2019,101869000,101869000,838464,Indiana Pacers,12,IND,Indiana,East,Central,48,34,0.585,108,104.7,2.76,Thaddeus Young,PF,30,13764045,13990943,81,81,30.7,5.5,10.4,0.527,0.6,1.8,0.349,4.8,8.6,0.564,0.557,1.1,1.7,0.644,2.4,4.1,6.5,2.5,1.5,0.4,1.5,2.4,12.6,2489,16.2,0.569,0.174,0.161,8.7,14.4,11.7,12,2.4,1.3,12,18,3,3.9,6.9,0.133,0.8,2.1,2.9,3.1
2018/2019,101869000,101869000,838464,Atlanta Hawks,1,ATL,Georgia,East,Southeast,29,53,0.354,113.3,119.4,-6.06,Trae Young,PG,20,5363280,5451692,81,81,30.9,6.5,15.5,0.418,1.9,6,0.324,4.6,9.6,0.477,0.48,4.2,5.1,0.829,0.8,2.9,3.7,8.1,0.9,0.2,3.8,1.7,19.1,2503,17,0.539,0.384,0.33,2.6,10.2,6.3,40.5,1.3,0.5,17.6,28.4,2.5,0.7,3.3,0.062,1.8,-2.8,-1.1,0.6
2018/2019,101869000,101869000,838464,Charlotte Hornets,4,CHO,North Carolina,East,Southeast,39,43,0.476,110.7,111.8,-1.32,Cody Zeller,C,26,13528090,13751098,49,47,25.4,3.9,7,0.551,0.1,0.4,0.273,3.8,6.6,0.57,0.559,2.3,2.9,0.787,2.2,4.6,6.8,2.1,0.8,0.8,1.3,3.3,10.1,1243,17.2,0.611,0.064,0.409,9.4,19.7,14.5,12.1,1.5,2.9,13.2,16.3,2.6,1.2,3.9,0.15,0.2,1.7,2,1.2
2018/2019,101869000,101869000,838464,#N/A,#N/A,TOT,#N/A,#N/A,#N/A,#N/A,#N/A,#N/A,#N/A,#N/A,#N/A,Tyler Zeller,C,29,213948,217474,6,1,15.5,2.7,5,0.533,0,0.2,0,2.7,4.8,0.552,0.533,2.3,3,0.778,1.8,2.2,4,0.7,0.2,0.5,0.7,3.3,7.7,93,17.3,0.607,0.033,0.6,12.9,15.7,14.2,6.7,0.5,3.1,9.5,20.1,0.2,0.1,0.3,0.167,-1,-1.2,-2.2,0
2018/2019,101869000,101869000,838464,Atlanta Hawks,1,ATL,Georgia,East,Southeast,29,53,0.354,113.3,119.4,-6.06,Tyler Zeller,C,29,213948,217474,2,0,5.5,0,1,0,0,0.5,0,0,0.5,0,0,0,0,,1,2,3,0.5,0,0,0,2,0,11,1.5,0,0.5,0,18.7,39.1,28.7,10.6,0,0,0,7.4,0,0,0,-0.013,-6.8,-0.4,-7.2,0
2018/2019,101869000,101869000,838464,Memphis Grizzlies,15,MEM,Tennessee,West,Southwest,33,49,0.402,103.5,106.1,-2.08,Tyler Zeller,C,29,213948,217474,4,1,20.5,4,7,0.571,0,0,,4,7,0.571,0.571,3.5,4.5,0.778,2.3,2.3,4.5,0.8,0.3,0.8,1,4,11.5,82,19.4,0.64,0,0.643,12.1,12.5,12.3,6.2,0.6,3.5,10,21.8,0.2,0.1,0.3,0.191,-0.3,-1.3,-1.5,0
2018/2019,101869000,101869000,838464,Cleveland Cavaliers,6,CLE,Ohio,East,Central,19,63,0.232,104.5,114.1,-9.39,Ante Zizic,C,22,1952760,1984950,59,25,18.3,3.1,5.6,0.553,0,0,,3.1,5.6,0.553,0.553,1.6,2.2,0.705,1.8,3.6,5.4,0.9,0.2,0.4,1,1.9,7.8,1082,16.2,0.59,0,0.399,10.6,22.8,16.4,7.7,0.6,1.8,13.6,18.2,1.7,0.3,2,0.087,-1.7,-1.4,-3.1,-0.3
2018/2019,101869000,101869000,838464,#N/A,#N/A,TOT,#N/A,#N/A,#N/A,#N/A,#N/A,#N/A,#N/A,#N/A,#N/A,Ivica Zubac,C,21,1544951,1570419,59,37,17.6,3.6,6.4,0.559,0,0,,3.6,6.4,0.559,0.559,1.7,2.1,0.802,1.9,4.2,6.1,1.1,0.2,0.9,1.2,2.3,8.9,1040,18.9,0.604,0,0.332,11.9,24.2,18.2,9.1,0.6,4,13.9,20.3,1.9,1.3,3.2,0.148,-1.2,1,-0.3,0.5
2018/2019,101869000,101869000,838464,Los Angeles Lakers,14,LAL,California,West,Pacific,37,45,0.451,111.8,113.5,-1.33,Ivica Zubac,C,21,1544951,1570419,33,12,15.6,3.4,5.8,0.58,0,0,,3.4,5.8,0.58,0.58,1.7,2,0.864,1.6,3.3,4.9,0.8,0.1,0.8,1,2.2,8.5,516,19.5,0.633,0,0.342,11,21.2,16.2,7.3,0.4,4.3,12.9,20.5,1.1,0.6,1.8,0.165,-1.3,0.4,-0.9,0.1
2018/2019,101869000,101869000,838464,Los Angeles Clippers,13,LAC,California,West,Pacific,48,34,0.585,115.1,114.3,1.09,Ivica Zubac,C,21,1544951,1570419,26,25,20.2,3.8,7.2,0.538,0,0,,3.8,7.2,0.538,0.538,1.7,2.3,0.733,2.3,5.3,7.7,1.5,0.4,0.9,1.4,2.5,9.4,524,18.3,0.574,0,0.323,12.7,27.2,20.2,10.9,0.9,3.6,14.8,20.1,0.7,0.7,1.4,0.132,-1.2,1.5,0.3,0.3
2017/2018,99093000,100892064.5,815615,Oklahoma City Thunder,21,OKC,Oklahoma,West,Northwest,48,34,0.585,107.9,104.4,3.42,Alex Abrines,SG,24,5725000,5986481,75,8,15.1,1.5,3.9,0.395,1.1,2.9,0.38,0.4,0.9,0.443,0.54,0.5,0.6,0.848,0.3,1.2,1.5,0.4,0.5,0.1,0.3,1.7,4.7,1134,9,0.567,0.759,0.158,2.5,8.9,5.6,3.4,1.7,0.6,7.4,12.7,1.3,1,2.2,0.094,-0.5,-1.7,-2.2,-0.1
2017/2018,99093000,100892064.5,815615,Brooklyn Nets,3,BRK,New York,East,Atlantic,28,54,0.341,106.6,110.3,-3.67,Quincy Acy,PF,27,1709538,1787618,70,8,19.4,1.9,5.2,0.356,1.5,4.2,0.349,0.4,1,0.384,0.496,0.7,0.9,0.817,0.6,3.1,3.7,0.8,0.5,0.4,0.9,2.1,5.9,1359,8.2,0.525,0.8,0.164,3.1,17.1,10,6,1.2,1.6,13.3,14.4,-0.1,1.1,1,0.036,-2,-0.2,-2.2,-0.1
2017/2018,99093000,100892064.5,815615,Oklahoma City Thunder,21,OKC,Oklahoma,West,Northwest,48,34,0.585,107.9,104.4,3.42,Steven Adams,C,24,22471911,23498286,76,76,32.7,5.9,9.4,0.629,0,0,0,5.9,9.3,0.631,0.629,2.1,3.8,0.559,5.1,4,9,1.2,1.2,1,1.7,2.8,13.9,2487,20.6,0.63,0.003,0.402,16.6,13.9,15.3,5.5,1.8,2.8,13.3,16.7,6.7,3,9.7,0.187,2.2,1.1,3.3,3.3
2017/2018,99093000,100892064.5,815615,Miami Heat,16,MIA,Florida,East,Southeast,44,38,0.537,103.4,102.9,0.15,Bam Adebayo,C,20,2490360,2604103,69,19,19.8,2.5,4.9,0.512,0,0.1,0,2.5,4.8,0.523,0.512,1.9,2.6,0.721,1.7,3.8,5.5,1.5,0.5,0.6,1,2,6.9,1368,15.7,0.57,0.021,0.526,9.7,21.6,15.6,11,1.2,2.5,13.6,15.9,2.3,1.9,4.2,0.148,-1.6,1.8,0.2,0.8
2017/2018,99093000,100892064.5,815615,Orlando Magic,22,ORL,Florida,East,Southeast,25,57,0.305,103.4,108.2,-4.92,Arron Afflalo,SG,32,5328652,5572030,53,3,12.9,1.2,3.1,0.401,0.5,1.3,0.386,0.7,1.7,0.413,0.485,0.4,0.5,0.846,0.1,1.2,1.2,0.6,0.1,0.2,0.4,1.1,3.4,682,5.8,0.516,0.432,0.16,0.6,10.1,5.3,6.2,0.3,1.1,10.8,12.5,-0.1,0.2,0.1,0.009,-4.1,-1.8,-5.8,-0.7
2017/2018,99093000,100892064.5,815615,Minnesota Timberwolves,18,MIN,Minnesota,West,Northwest,47,35,0.573,109.5,107.3,2.35,Cole Aldrich,C,29,7300000,7633417,21,0,2.3,0.2,0.7,0.333,0,0,,0.2,0.7,0.333,0.333,0.1,0.3,0.333,0.1,0.6,0.7,0.1,0.1,0,0,0.5,0.6,49,6,0.34,0,0.4,7,28.6,17.6,8.2,2,1.8,5.4,16.8,-0.1,0.1,0,-0.013,-7,0,-7,-0.1
2017/2018,99093000,100892064.5,815615,San Antonio Spurs,27,SAS,Texas,West,Southwest,47,35,0.573,102.7,99.8,2.89,LaMarcus Aldridge,C,32,21461010,22441213,75,75,33.5,9.2,18,0.51,0.4,1.2,0.293,8.8,16.7,0.526,0.52,4.5,5.3,0.837,3.3,5.2,8.5,2,0.6,1.2,1.5,2.1,23.1,2509,25,0.57,0.068,0.296,10.8,17.3,14,11.3,0.9,3,6.8,29.1,7.4,3.5,10.9,0.209,3,0.3,3.3,3.3
2017/2018,99093000,100892064.5,815615,Brooklyn Nets,3,BRK,New York,East,Atlantic,28,54,0.341,106.6,110.3,-3.67,Jarrett Allen,C,19,1713720,1791991,72,31,20,3.3,5.5,0.589,0.1,0.2,0.333,3.2,5.3,0.599,0.596,1.6,2,0.776,2,3.4,5.4,0.7,0.4,1.2,1.1,2,8.2,1441,17.5,0.636,0.038,0.37,10.5,18.1,14.3,5.4,0.9,4.6,15.1,16.3,2.7,1.5,4.2,0.141,-1.3,1.4,0.2,0.8
2017/2018,99093000,100892064.5,815615,Boston Celtics,2,BOS,Massachusetts,East,Atlantic,55,27,0.671,104,100.4,3.23,Kadeem Allen,PG,25,77250,80778,18,1,5.9,0.3,1.2,0.273,0,0.6,0,0.3,0.6,0.545,0.273,0.4,0.5,0.778,0.2,0.4,0.6,0.7,0.2,0.1,0.5,0.8,1.1,107,2.6,0.366,0.5,0.409,4.1,7.1,5.6,15.2,1.4,1.6,25.7,14.6,-0.2,0.1,-0.1,-0.038,-6.7,0.3,-6.4,-0.1
2017/2018,99093000,100892064.5,815615,New Orleans Pelicans,19,NOP,Louisiana,West,Southwest,48,34,0.585,111.7,110.4,1.48,Tony Allen,SF,36,1471382,1538585,22,0,12.4,2,4.1,0.484,0.2,0.5,0.333,1.8,3.6,0.506,0.505,0.5,1,0.524,0.9,1.2,2.1,0.4,0.5,0.1,0.9,2.2,4.7,273,8.7,0.514,0.132,0.231,8.2,10.4,9.3,4.6,1.9,0.9,15.9,18.9,-0.2,0.2,0.1,0.017,-4,-1.3,-5.2,-0.2
2017/2018,99093000,100892064.5,815615,Portland Trail Blazers,25,POR,Oregon,West,Northwest,49,33,0.598,105.6,103,2.6,Al-Farouq Aminu,PF,27,7319035,7653322,69,67,30,3.3,8.4,0.395,1.8,4.9,0.369,1.5,3.5,0.432,0.503,0.9,1.2,0.738,1.4,6.2,7.6,1.2,1.1,0.6,1.1,2,9.3,2072,12,0.522,0.582,0.137,5.2,22.3,13.8,5.8,1.9,1.6,11.3,14.8,0.9,3.2,4.2,0.097,-0.8,1.9,1.1,1.6
2017/2018,99093000,100892064.5,815615,Philadelphia 76ers,23,PHI,Pennsylvania,East,Atlantic,52,30,0.634,109.8,105.3,4.3,Justin Anderson,SF,24,1579440,1651578,38,0,13.7,2.3,5.3,0.431,0.9,2.7,0.33,1.4,2.6,0.535,0.515,0.7,1,0.737,0.7,1.8,2.4,0.7,0.4,0.2,0.4,1.4,6.2,519,13,0.54,0.51,0.188,5.4,13.6,9.6,7.1,1.4,1.1,6.8,19.3,0.6,0.7,1.2,0.115,-0.5,-1.5,-2,0
2017/2018,99093000,100892064.5,815615,San Antonio Spurs,27,SAS,Texas,West,Southwest,47,35,0.573,102.7,99.8,2.89,Kyle Anderson,SF,24,2151704,2249980,74,67,26.7,3.1,5.9,0.527,0.3,0.8,0.333,2.9,5.1,0.556,0.549,1.4,2,0.712,1.1,4.2,5.4,2.7,1.6,0.8,1.3,1.5,7.9,1978,15.9,0.582,0.13,0.333,4.7,17.6,11.1,14.7,2.9,2.5,15.8,13.5,2.4,3.8,6.2,0.151,-0.3,4.3,4.1,3
2017/2018,99093000,100892064.5,815615,Houston Rockets,11,HOU,Texas,West,Southwest,65,17,0.793,112.4,103.9,8.21,Ryan Anderson,PF,29,19578455,20472675,66,50,26.1,3.1,7.3,0.431,2,5.1,0.386,1.2,2.1,0.539,0.568,1.1,1.4,0.774,1.4,3.6,5,0.9,0.4,0.3,0.6,1.9,9.3,1725,12.6,0.592,0.706,0.194,6.2,15.4,10.8,5.1,0.7,1,7.5,14.4,3.1,1.7,4.8,0.132,1,-0.8,0.2,1
2017/2018,99093000,100892064.5,815615,Indiana Pacers,12,IND,Indiana,East,Central,48,34,0.585,105.6,104.2,1.18,Ike Anigbogu,C,19,950000,993390,11,0,2.7,0.4,0.8,0.444,0,0,,0.4,0.8,0.444,0.444,0.5,0.5,0.833,0.5,0.4,0.8,0,0.1,0.3,0.2,0.1,1.2,30,21.6,0.558,0,0.667,19,15,16.9,0,1.7,8.9,14.7,20.3,0.1,0,0.1,0.165,-4.1,-1.2,-5.4,0
2017/2018,99093000,100892064.5,815615,Milwaukee Bucks,17,MIL,Wisconsin,East,Central,44,38,0.537,106.5,106.8,-0.45,Giannis Antetokounmpo,PF,23,22471911,23498286,75,75,36.7,9.9,18.7,0.529,0.6,1.9,0.307,9.3,16.8,0.554,0.545,6.5,8.5,0.76,2.1,8,10,4.8,1.5,1.4,3,3.1,26.9,2756,27.3,0.598,0.1,0.457,6.7,25.3,16,23.7,2,3.3,11.7,31.2,8.3,3.6,11.9,0.207,3.9,1.9,5.8,5.4
2017/2018,99093000,100892064.5,815615,Oklahoma City Thunder,21,OKC,Oklahoma,West,Northwest,48,34,0.585,107.9,104.4,3.42,Carmelo Anthony,PF,33,26243760,27442409,78,78,32.1,6.1,15,0.404,2.2,6.1,0.357,3.9,8.9,0.437,0.476,1.9,2.5,0.767,0.9,4.9,5.8,1.3,0.6,0.6,1.3,2.5,16.2,2501,12.7,0.503,0.406,0.165,2.9,17.7,10,6.5,0.9,1.8,7.3,23.2,1.2,2.5,3.7,0.071,-1.9,-1.9,-3.8,-1.1
2017/2018,99093000,100892064.5,815615,Toronto Raptors,28,TOR,Ontario,East,Atlantic,59,23,0.72,111.7,103.9,7.29,OG Anunoby,SF,20,1645200,1720342,74,62,20,2.2,4.7,0.471,1,2.7,0.371,1.2,2,0.604,0.577,0.5,0.8,0.629,0.6,1.9,2.5,0.7,0.7,0.2,0.6,1.8,5.9,1481,10,0.587,0.569,0.179,3.4,10.4,7,5,1.7,0.8,10.8,12.4,1.4,1.6,3,0.098,0.2,0.4,0.6,1
2017/2018,99093000,100892064.5,815615,Chicago Bulls,5,CHI,Illinois,East,Central,27,55,0.329,102.9,110,-6.84,Ryan Arcidiacono,PG,23,77250,80778,24,0,12.7,0.7,1.7,0.415,0.4,1.3,0.29,0.3,0.4,0.8,0.524,0.2,0.3,0.833,0,1,1,1.5,0.5,0,0.5,0.8,2,304,7.3,0.55,0.756,0.146,0.3,8.8,4.4,15.5,2.1,0,23,8.1,0.1,0.2,0.3,0.04,-3.3,-0.7,-4.1,-0.2
2017/2018,99093000,100892064.5,815615,Houston Rockets,11,HOU,Texas,West,Southwest,65,17,0.793,112.4,103.9,8.21,Trevor Ariza,SF,32,7400000,7737985,67,67,33.9,4,9.7,0.412,2.5,6.9,0.368,1.5,2.8,0.519,0.542,1.1,1.3,0.854,0.5,3.9,4.4,1.6,1.5,0.2,0.8,2,11.7,2269,11.8,0.567,0.71,0.137,1.7,12.9,7.3,6.8,2.1,0.5,7,14.4,2.6,2.8,5.3,0.113,0.8,0.7,1.5,2
2017/2018,99093000,100892064.5,815615,Denver Nuggets,8,DEN,Colorado,West,Northwest,46,36,0.561,110,108.5,1.57,Darrell Arthur,PF,29,7464912,7805862,19,1,7.4,1.2,2.5,0.468,0.4,1.2,0.348,0.7,1.3,0.583,0.553,0.1,0.2,0.667,0.2,0.6,0.8,0.5,0.4,0.2,0.8,1.2,2.8,141,8.4,0.559,0.489,0.064,2.4,9.5,6,9.3,2.8,1.8,23.7,19.5,-0.2,0.1,0,-0.011,-3.5,-1,-4.5,-0.1
2017/2018,99093000,100892064.5,815615,Orlando Magic,22,ORL,Florida,East,Southeast,25,57,0.305,103.4,108.2,-4.92,Jamel Artis,SG,25,77250,80778,15,1,18.6,2.1,5.3,0.392,0.5,1.9,0.276,1.5,3.3,0.46,0.443,0.5,0.8,0.583,0.3,2.3,2.5,1.2,0.1,0.2,0.5,0.7,5.1,279,6.9,0.457,0.367,0.152,1.6,13.5,7.5,9.3,0.4,0.9,8.7,14.5,-0.1,0.1,0,-0.006,-4.3,-1.5,-5.9,-0.3
2017/2018,99093000,100892064.5,815615,#N/A,#N/A,TOT,#N/A,#N/A,#N/A,#N/A,#N/A,#N/A,#N/A,#N/A,#N/A,Omer Asik,C,31,10595505,11079440,18,0,10.1,0.5,1.2,0.409,0,0,,0.5,1.2,0.409,0.409,0.2,0.7,0.308,0.5,2.1,2.6,0.2,0.1,0.2,0.5,1.1,1.2,182,3.1,0.397,0,0.591,5.5,22.2,14,2.1,0.5,1.9,24.5,8.7,-0.2,0.2,-0.1,-0.021,-8.1,0,-8.1,-0.3
2017/2018,99093000,100892064.5,815615,New Orleans Pelicans,19,NOP,Louisiana,West,Southwest,48,34,0.585,111.7,110.4,1.48,Omer Asik,C,31,10595505,11079440,14,0,8.6,0.5,1.1,0.438,0,0,,0.5,1.1,0.438,0.438,0.3,0.9,0.333,0.5,2.1,2.6,0.1,0.1,0.1,0.4,1,1.3,121,4.5,0.423,0,0.75,6.5,26,16.6,2,0.4,1.3,19,9.4,-0.1,0.1,0,0.008,-7.4,-0.7,-8.1,-0.2
2017/2018,99093000,100892064.5,815615,Chicago Bulls,5,CHI,Illinois,East,Central,27,55,0.329,102.9,110,-6.84,Omer Asik,C,31,10595505,11079440,4,0,15.3,0.5,1.5,0.333,0,0,,0.5,1.5,0.333,0.333,0,0.3,0,0.5,2,2.5,0.3,0.3,0.5,1,1.5,1,61,0.2,0.311,0,0.167,3.4,14.6,8.8,2.1,0.8,2.9,38.3,7.4,-0.1,0,-0.1,-0.078,-9.6,1.6,-8,-0.1
2017/2018,99093000,100892064.5,815615,Orlando Magic,22,ORL,Florida,East,Southeast,25,57,0.305,103.4,108.2,-4.92,DJ Augustin,PG,30,7250000,7581134,75,36,23.5,3.3,7.2,0.452,1.5,3.6,0.419,1.7,3.6,0.485,0.557,2.2,2.5,0.868,0.4,1.7,2.1,3.8,0.7,0,1.6,1.3,10.2,1760,15.4,0.615,0.504,0.35,1.9,8.2,5,24.4,1.5,0,16.5,18.6,3.3,0.8,4.1,0.11,1.5,-2.5,-0.9,0.5
2017/2018,99093000,100892064.5,815615,#N/A,#N/A,TOT,#N/A,#N/A,#N/A,#N/A,#N/A,#N/A,#N/A,#N/A,#N/A,Luke Babbitt,SF,28,1974159,2064326,50,14,14.3,1.8,4.3,0.423,1.2,3.1,0.385,0.6,1.2,0.525,0.563,0.3,0.4,0.773,0.1,1.8,1.9,0.6,0.2,0.1,0.4,1.1,5.2,715,9.8,0.576,0.726,0.102,1.1,13.9,7.5,6.5,0.5,0.8,7.8,15,0.5,0.4,0.9,0.06,-1,-2.2,-3.2,-0.2
2017/2018,99093000,100892064.5,815615,Atlanta Hawks,1,ATL,Georgia,East,Southeast,24,58,0.293,103.4,108.8,-5.3,Luke Babbitt,SF,28,1974159,2064326,37,9,15.4,2.2,4.5,0.476,1.3,3,0.441,0.8,1.5,0.544,0.622,0.5,0.6,0.773,0.1,2.1,2.2,0.7,0.2,0.1,0.4,1.3,6.1,570,12,0.636,0.661,0.131,1,14.9,7.9,7,0.6,0.8,7.8,14.8,0.9,0.3,1.1,0.094,0.1,-2.1,-2,0
2017/2018,99093000,100892064.5,815615,Miami Heat,16,MIA,Florida,East,Southeast,44,38,0.537,103.4,102.9,0.15,Luke Babbitt,SF,28,1974159,2064326,13,5,11.2,0.8,3.6,0.234,0.8,3.5,0.244,0,0.2,0,0.351,0,0,,0.2,1,1.2,0.4,0.1,0.2,0.3,0.5,2.5,145,1.3,0.351,0.957,0,1.5,10.1,5.8,4.8,0.3,1.2,7.8,15.8,-0.3,0.1,-0.2,-0.073,-5.2,-2.7,-7.9,-0.2
2017/2018,99093000,100892064.5,815615,Charlotte Hornets,4,CHO,North Carolina,East,Southeast,36,46,0.439,108.2,108,0.07,Dwayne Bacon,SG,22,815615,852867,53,6,13.5,1.4,3.6,0.375,0.2,0.8,0.256,1.2,2.8,0.409,0.404,0.4,0.5,0.8,0.1,2.3,2.3,0.7,0.3,0,0.4,0.9,3.3,713,5.8,0.431,0.224,0.13,0.6,18.5,9.4,7.5,1.1,0.2,10.2,13.7,-0.7,0.6,-0.1,-0.007,-5.4,-0.3,-5.7,-0.7
2017/2018,99093000,100892064.5,815615,New York Knicks,20,NYK,New York,East,Atlantic,29,53,0.354,104.5,108,-3.53,Ron Baker,SG,24,4328000,4525675,29,1,13.3,0.7,2,0.339,0.4,1.1,0.333,0.3,0.9,0.346,0.432,0.7,0.9,0.769,0.2,0.9,1,1.6,0.9,0.2,0.6,1.1,2.4,385,9.3,0.504,0.559,0.441,1.4,7.2,4.3,15.5,3.3,1.3,20.4,10,0.1,0.4,0.5,0.059,-1.9,0.9,-1,0.1
2017/2018,99093000,100892064.5,815615,Portland Trail Blazers,25,POR,Oregon,West,Northwest,49,33,0.598,105.6,103,2.6,Wade Baldwin,PG,21,2254292,2357253,7,0,11.4,2,3,0.667,0.6,0.7,0.8,1.4,2.3,0.625,0.762,0.9,1.4,0.6,0.1,1,1.1,0.7,0.3,0.1,0.6,1.7,5.4,80,16.6,0.748,0.238,0.476,1.4,9.5,5.5,9.8,1.2,1,13.6,16.1,0.2,0.1,0.3,0.187,1.1,-1.1,0,0
2017/2018,99093000,100892064.5,815615,Los Angeles Lakers,14,LAL,California,West,Pacific,35,47,0.427,108.1,109.6,-1.44,Lonzo Ball,PG,20,6286560,6573690,52,50,34.2,3.9,10.8,0.36,1.7,5.7,0.305,2.2,5.2,0.42,0.44,0.6,1.4,0.451,1.3,5.6,6.9,7.2,1.7,0.8,2.6,2.3,10.2,1780,12.5,0.444,0.523,0.126,4.2,17.3,10.8,29.2,2.4,2,18.6,17.4,-0.5,2.5,2,0.053,-0.8,2.5,1.7,1.7
2017/2018,99093000,100892064.5,815615,Dallas Mavericks,7,DAL,Texas,West,Southwest,24,58,0.293,102.3,105.4,-2.7,Jose Juan Barea,PG,33,3903900,4082205,69,10,23.2,4.4,10,0.439,1.7,4.5,0.367,2.7,5.5,0.499,0.522,1.2,1.5,0.784,0.2,2.7,2.9,6.3,0.5,0,2.1,1.2,11.6,1603,17.8,0.545,0.454,0.148,1,13.4,7,45.1,1.1,0.2,16.3,24.9,2.3,1,3.3,0.098,2.4,-2.3,0.1,0.8
2017/2018,99093000,100892064.5,815615,Dallas Mavericks,7,DAL,Texas,West,Southwest,24,58,0.293,102.3,105.4,-2.7,Harrison Barnes,PF,25,23112004,24167614,77,77,34.2,7,15.7,0.445,1.5,4.3,0.357,5.4,11.4,0.478,0.494,3.4,4.1,0.827,1,5.1,6.1,2,0.6,0.2,1.5,1.2,18.9,2634,15.8,0.539,0.276,0.259,3.1,17.1,9.9,9.9,0.9,0.5,8.1,25.2,2,1.9,3.8,0.07,-0.7,-1.4,-2.1,-0.1
2017/2018,99093000,100892064.5,815615,Denver Nuggets,8,DEN,Colorado,West,Northwest,46,36,0.561,110,108.5,1.57,Will Barton,SG,27,3533333,3694713,81,40,33.1,5.7,12.7,0.452,1.9,5.2,0.37,3.8,7.5,0.51,0.528,2.2,2.8,0.805,0.9,4.2,5,4.1,1,0.6,1.8,2.1,15.7,2683,16.2,0.562,0.411,0.22,3,14.2,8.6,18.5,1.5,1.6,11.7,20.7,4.4,1.8,6.2,0.111,1.6,-0.6,0.9,2
2017/2018,99093000,100892064.5,815615,Charlotte Hornets,4,CHO,North Carolina,East,Southeast,36,46,0.439,108.2,108,0.07,Nicolas Batum,SG,29,22434783,23459462,64,64,31,4.2,10.2,0.415,1.4,4.3,0.336,2.8,5.9,0.473,0.486,1.7,2,0.831,0.9,3.9,4.8,5.5,1,0.4,2,1.1,11.6,1981,14.4,0.523,0.422,0.2,3.1,13.8,8.4,26.2,1.6,1,15.6,18.3,1.7,1.8,3.5,0.084,0.9,0.5,1.4,1.7
2017/2018,99093000,100892064.5,815615,Philadelphia 76ers,23,PHI,Pennsylvania,East,Atlantic,52,30,0.634,109.8,105.3,4.3,Jerryd Bayless,SG,29,9000000,9411063,39,11,23.7,2.8,6.7,0.416,1.4,3.7,0.37,1.4,3,0.474,0.519,0.9,1.1,0.795,0.4,1.7,2.1,1.4,0.6,0.2,1.2,2.3,7.9,925,7.5,0.546,0.557,0.168,1.8,7.3,4.7,8,1.2,0.5,14.1,15.1,0.2,0.9,1.1,0.055,-1.8,-1,-2.7,-0.2
2017/2018,99093000,100892064.5,815615,Boston Celtics,2,BOS,Massachusetts,East,Atlantic,55,27,0.671,104,100.4,3.23,Aron Baynes,C,31,4300000,4496396,81,67,18.3,2.6,5.5,0.471,0,0.3,0.143,2.6,5.2,0.487,0.474,0.7,1,0.756,1.6,3.8,5.4,1.1,0.3,0.6,1,2.5,6,1485,12,0.502,0.047,0.175,9.7,22.1,16,9.6,0.7,2.9,14.3,16.8,0.5,2.5,3,0.097,-3.8,2.1,-1.7,0.1
2017/2018,99093000,100892064.5,815615,Atlanta Hawks,1,ATL,Georgia,East,Southeast,24,58,0.293,103.4,108.8,-5.3,Kent Bazemore,SG,28,16910112,17682459,65,65,27.5,4.4,10.4,0.42,1.7,4.2,0.394,2.7,6.2,0.438,0.5,2.5,3.1,0.796,0.4,3.4,3.8,3.5,1.5,0.7,2.4,2.3,12.9,1789,14.5,0.547,0.405,0.297,1.6,13.9,7.7,20.1,2.7,2.2,17,22.5,0.2,2,2.2,0.059,-0.6,1.1,0.5,1.1
2017/2018,99093000,100892064.5,815615,Washington Wizards,30,WAS,Washington DC,East,Southeast,43,39,0.524,106.6,106,0.53,Bradley Beal,SG,24,23775506,24861421,82,82,36.3,8.3,18.1,0.46,2.4,6.5,0.375,5.9,11.6,0.507,0.527,3.6,4.5,0.791,0.7,3.7,4.4,4.5,1.2,0.4,2.6,2,22.6,2977,18.4,0.564,0.357,0.249,2.3,11.5,6.9,21,1.6,1.1,11.5,27.6,4.4,2.5,6.9,0.111,2.7,-1,1.7,2.7
2017/2018,99093000,100892064.5,815615,Denver Nuggets,8,DEN,Colorado,West,Northwest,46,36,0.561,110,108.5,1.57,Malik Beasley,SG,21,1700640,1778314,62,0,9.4,1.2,2.9,0.41,0.5,1.3,0.341,0.7,1.5,0.469,0.489,0.4,0.5,0.667,0.2,0.9,1.1,0.5,0.2,0.1,0.4,0.6,3.2,583,9,0.509,0.461,0.185,2.7,11,6.9,7.4,1.3,1,11.1,16.2,0.1,0.3,0.3,0.028,-2.8,-2.4,-5.1,-0.5
2017/2018,99093000,100892064.5,815615,New York Knicks,20,NYK,New York,East,Atlantic,29,53,0.354,104.5,108,-3.53,Michael Beasley,PF,29,2116955,2213644,74,30,22.3,5.5,10.9,0.507,0.5,1.2,0.395,5.1,9.7,0.52,0.528,1.7,2.1,0.78,1.3,4.3,5.6,1.7,0.5,0.6,1.9,2,13.2,1653,17.8,0.556,0.107,0.197,6.5,21.2,13.9,12.5,1.1,2.3,14,26.9,0.9,1.5,2.4,0.069,-1,-0.4,-1.5,0.2
2017/2018,99093000,100892064.5,815615,#N/A,#N/A,TOT,#N/A,#N/A,#N/A,#N/A,#N/A,#N/A,#N/A,#N/A,#N/A,Marco Belinelli,SG,31,7082277,7405750,80,2,24.3,4.2,9.6,0.441,1.9,4.9,0.377,2.4,4.6,0.509,0.539,1.9,2,0.908,0.3,1.6,1.9,1.9,0.8,0.2,1.2,1.1,12.1,1947,14.1,0.581,0.517,0.213,1.1,7.3,4.3,11.9,1.6,0.5,10.1,20.7,2.4,1.3,3.7,0.092,0.8,-2.1,-1.3,0.3
2017/2018,99093000,100892064.5,815615,Atlanta Hawks,1,ATL,Georgia,East,Southeast,24,58,0.293,103.4,108.8,-5.3,Marco Belinelli,SG,31,7082277,7405750,52,1,23.3,3.8,9.3,0.41,1.8,4.8,0.372,2.1,4.6,0.45,0.505,1.9,2.1,0.927,0.3,1.7,1.9,2,0.9,0.1,1,0.8,11.4,1210,14.1,0.554,0.509,0.225,1.3,7.9,4.6,13.5,1.9,0.2,9.2,21.2,1.3,0.6,1.9,0.075,0.6,-2.3,-1.7,0.1
2017/2018,99093000,100892064.5,815615,Philadelphia 76ers,23,PHI,Pennsylvania,East,Atlantic,52,30,0.634,109.8,105.3,4.3,Marco Belinelli,SG,31,7082277,7405750,28,1,26.3,4.9,10,0.495,2,5.3,0.385,2.9,4.7,0.618,0.597,1.7,1.9,0.87,0.2,1.6,1.8,1.6,0.7,0.3,1.4,1.8,13.6,737,14.2,0.628,0.53,0.194,0.9,6.3,3.7,9.3,1.3,1,11.7,19.8,1.1,0.7,1.8,0.119,1.1,-1.8,-0.8,0.2
2017/2018,99093000,100892064.5,815615,Golden State Warriors,10,GSW,California,West,Pacific,58,24,0.707,113.5,107.5,5.79,Jordan Bell,C,23,815615,852867,57,13,14.2,2,3.2,0.627,0,0.1,0,2,3.2,0.641,0.627,0.5,0.8,0.682,1.1,2.6,3.6,1.8,0.6,1,0.9,1.6,4.6,809,18,0.641,0.022,0.238,8.9,19,14.3,16.9,2.1,5.5,20,13.9,1.6,1.4,2.9,0.174,0,3.7,3.7,1.2
2017/2018,99093000,100892064.5,815615,Atlanta Hawks,1,ATL,Georgia,East,Southeast,24,58,0.293,103.4,108.8,-5.3,DeAndre Bembry,SF,23,1567200,1638779,26,3,17.5,2,4.9,0.414,0.4,1.2,0.367,1.6,3.8,0.429,0.457,0.7,1.3,0.576,0.3,2.5,2.8,1.9,0.8,0.5,1.8,1.5,5.2,455,7.6,0.477,0.234,0.258,2,15.7,8.8,15.9,2.3,2.3,24.8,18.2,-0.9,0.5,-0.4,-0.04,-5.9,1.5,-4.4,-0.3
2017/2018,99093000,100892064.5,815615,Phoenix Suns,24,PHO,Arizona,West,Pacific,21,61,0.256,103.9,113.3,-8.8,Dragan Bender,PF,20,4468800,4672906,82,37,25.2,2.3,5.9,0.386,1.4,3.9,0.366,0.8,2,0.426,0.508,0.5,0.6,0.765,0.5,3.9,4.4,1.6,0.3,0.6,1.4,2,6.5,2069,7.1,0.524,0.665,0.105,2,16.8,9.3,8.9,0.5,2.1,18.1,12.7,-0.7,0.8,0.1,0.001,-2.7,0,-2.7,-0.4
2017/2018,99093000,100892064.5,815615,San Antonio Spurs,27,SAS,Texas,West,Southwest,47,35,0.573,102.7,99.8,2.89,Davis Bertans,PF,25,1312611,1372562,77,10,14.1,2.1,4.8,0.44,1.2,3.3,0.373,0.9,1.5,0.588,0.568,0.5,0.6,0.816,0.2,1.8,2,1,0.3,0.4,0.5,1.2,5.9,1086,14.1,0.588,0.689,0.134,1.8,13.9,7.8,10.3,1.2,2.1,8.5,17.4,1.6,1.4,3.1,0.135,1.2,-0.3,1,0.8
2017/2018,99093000,100892064.5,815615,Los Angeles Clippers,13,LAC,California,West,Pacific,42,40,0.512,109,109,0.15,Patrick Beverley,SG,29,5513514,5765336,11,11,30.4,4.4,10.8,0.403,2.2,5.5,0.4,2.2,5.4,0.407,0.504,1.3,1.5,0.824,1.5,2.6,4.1,2.9,1.7,0.5,2.3,3.1,12.2,334,12.4,0.53,0.504,0.143,5.3,9.4,7.4,13.8,2.8,1.3,16.5,19.6,0.1,0.3,0.4,0.056,0.5,0.4,0.9,0.2
2017/2018,99093000,100892064.5,815615,Orlando Magic,22,ORL,Florida,East,Southeast,25,57,0.305,103.4,108.2,-4.92,Khem Birch,C,25,815615,852867,42,0,13.8,1.6,3,0.54,0,0,,1.6,3,0.54,0.54,1,1.5,0.689,1.7,2.6,4.3,0.8,0.4,0.5,0.5,1.3,4.2,578,16.4,0.582,0,0.484,13.2,21.1,17.1,8.5,1.3,2.9,12.1,13.2,1.2,0.6,1.8,0.15,-1.1,1.4,0.3,0.3
2017/2018,99093000,100892064.5,815615,Boston Celtics,2,BOS,Massachusetts,East,Atlantic,55,27,0.671,104,100.4,3.23,Jabari Bird,SG,23,77250,80778,13,1,8.8,1.2,2,0.577,0.2,0.5,0.429,0.9,1.5,0.632,0.635,0.5,1,0.462,0.5,1,1.5,0.6,0.2,0.1,0.6,0.5,3,115,12.1,0.615,0.269,0.5,5.8,12.2,9,10.5,1.3,0.7,20.1,15.4,0.1,0.2,0.2,0.098,-2.3,0.1,-2.1,0
2017/2018,99093000,100892064.5,815615,Orlando Magic,22,ORL,Florida,East,Southeast,25,57,0.305,103.4,108.2,-4.92,Bismack Biyombo,C,25,17000000,17776452,82,25,18.2,2.2,4.3,0.52,0,0,0,2.2,4.3,0.521,0.52,1.2,1.9,0.65,1.8,4,5.7,0.8,0.3,1.2,1,1.9,5.7,1495,14.1,0.556,0.003,0.446,10.5,24,17.2,6.5,0.7,5.1,16.6,14.9,1.1,1.8,2.9,0.094,-3.7,2.1,-1.6,0.2
2017/2018,99093000,100892064.5,815615,Minnesota Timberwolves,18,MIN,Minnesota,West,Northwest,47,35,0.573,109.5,107.3,2.35,Nemanja Bjelica,PF,29,3950000,4130411,67,21,20.5,2.6,5.5,0.461,1.1,2.7,0.415,1.4,2.8,0.505,0.563,0.5,0.7,0.8,0.8,3.3,4.1,1.3,0.7,0.2,0.8,2.1,6.8,1371,12.6,0.581,0.493,0.121,4.4,18.8,11.5,8.7,1.8,1,11.7,14.3,1.7,1.1,2.8,0.097,0.6,-0.1,0.5,0.9
2017/2018,99093000,100892064.5,815615,Houston Rockets,11,HOU,Texas,West,Southwest,65,17,0.793,112.4,103.9,8.21,Tarik Black,C,26,3290000,3440266,51,2,10.5,1.5,2.5,0.591,0,0.2,0.091,1.5,2.3,0.638,0.594,0.6,1.2,0.46,1.2,2,3.2,0.3,0.4,0.6,0.7,2.1,3.5,536,14.3,0.582,0.087,0.496,13.4,20.9,17.1,3.7,1.9,4.8,18.4,15.6,0.5,1,1.5,0.136,-3,2.1,-1,0.1
2017/2018,99093000,100892064.5,815615,Chicago Bulls,5,CHI,Illinois,East,Central,27,55,0.329,102.9,110,-6.84,Antonio Blakeney,SG,21,77250,80778,19,0,16.5,2.8,7.5,0.371,0.8,2.7,0.288,2,4.8,0.418,0.423,1.6,2.1,0.769,0.2,1.5,1.7,1.1,0.4,0.1,0.6,1,7.9,314,10.1,0.471,0.364,0.273,1.3,10.3,5.6,10.1,1.1,0.3,6.4,23.7,-0.2,0.1,0,-0.006,-3.2,-3.6,-6.8,-0.4
2017/2018,99093000,100892064.5,815615,#N/A,#N/A,TOT,#N/A,#N/A,#N/A,#N/A,#N/A,#N/A,#N/A,#N/A,#N/A,Eric Bledsoe,PG,28,14500000,15162268,74,74,31.4,6.3,13.4,0.473,1.7,4.9,0.347,4.6,8.5,0.545,0.536,3.4,4.3,0.795,0.7,3.1,3.8,5,2,0.6,2.9,2.5,17.7,2322,19.7,0.582,0.364,0.321,2.6,11.7,7.1,25.7,3.2,1.5,16.1,26.1,3.1,2.5,5.6,0.116,2.5,-0.3,2.1,2.4
2017/2018,99093000,100892064.5,815615,Phoenix Suns,24,PHO,Arizona,West,Pacific,21,61,0.256,103.9,113.3,-8.8,Eric Bledsoe,PG,28,14500000,15162268,3,3,27.7,5.3,13.3,0.4,1.3,4.3,0.308,4,9,0.444,0.45,3.7,4.7,0.786,1,1.3,2.3,3,1.3,0.7,3.3,2,15.7,83,13,0.509,0.325,0.35,3.8,5.2,4.5,17.9,2.3,1.9,17.8,28.7,-0.1,0,0,-0.028,-2.5,-2.4,-4.9,-0.1
2017/2018,99093000,100892064.5,815615,Milwaukee Bucks,17,MIL,Wisconsin,East,Central,44,38,0.537,106.5,106.8,-0.45,Eric Bledsoe,PG,28,14500000,15162268,71,71,31.5,6.4,13.4,0.476,1.7,4.9,0.349,4.7,8.5,0.55,0.54,3.4,4.3,0.795,0.7,3.2,3.9,5.1,2,0.6,2.9,2.5,17.8,2239,20,0.585,0.366,0.319,2.5,11.9,7.2,26,3.2,1.5,16,26,3.2,2.4,5.7,0.121,2.6,-0.2,2.4,2.5
2017/2018,99093000,100892064.5,815615,Los Angeles Lakers,14,LAL,California,West,Pacific,35,47,0.427,108.1,109.6,-1.44,Vander Blue,SG,25,77250,80778,5,0,9,0.2,1,0.2,0,0.4,0,0.2,0.6,0.333,0.2,0.2,0.4,0.5,0,0.2,0.2,0.6,0.2,0,0.6,0.4,0.6,45,-1.8,0.255,0.4,0.4,0,2.3,1.2,8.2,1.1,0,33.8,8.4,-0.1,0,-0.1,-0.103,-8.7,-1.3,-10,-0.1
2017/2018,99093000,100892064.5,815615,Sacramento Kings,26,SAC,California,West,Pacific,27,55,0.329,98.8,105.8,-6.6,Bogdan Bogdanovic,SG,25,9470614,9903171,78,53,27.9,4.4,9.9,0.446,1.7,4.2,0.392,2.8,5.7,0.485,0.529,1.3,1.5,0.84,0.4,2.5,2.9,3.3,0.9,0.2,1.6,2.2,11.8,2175,13.5,0.556,0.426,0.154,1.6,10.5,5.8,18.3,1.7,0.7,13.2,19.6,1.8,1.1,2.9,0.064,0.5,-1.5,-1,0.6
2017/2018,99093000,100892064.5,815615,Indiana Pacers,12,IND,Indiana,East,Central,48,34,0.585,105.6,104.2,1.18,Bojan Bogdanovic,SF,28,10500000,10979573,80,80,30.8,5.1,10.7,0.474,1.9,4.8,0.402,3.1,5.8,0.534,0.565,2.2,2.6,0.868,0.4,3,3.4,1.5,0.7,0.1,1.3,1.6,14.3,2464,13.9,0.605,0.453,0.241,1.4,10.9,6.2,7.1,1.1,0.3,10.1,19,3.8,1.6,5.4,0.105,1.1,-1.9,-0.7,0.8
2017/2018,99093000,100892064.5,815615,Los Angeles Lakers,14,LAL,California,West,Pacific,35,47,0.427,108.1,109.6,-1.44,Andrew Bogut,C,33,1078810,1128083,24,5,9,0.7,1,0.68,0,0,,0.7,1,0.68,0.68,0.1,0.1,1,1.1,2.2,3.3,0.6,0.2,0.5,0.8,1.7,1.5,216,10.9,0.696,0,0.08,12.9,25.4,19.2,9.1,0.9,4.9,42.3,8.8,0.1,0.3,0.4,0.094,-3.6,3.6,0,0.1
2017/2018,99093000,100892064.5,815615,Milwaukee Bucks,17,MIL,Wisconsin,East,Central,44,38,0.537,106.5,106.8,-0.45,Joel Bolomboy,PF,24,708200,740546,6,0,6.3,0.5,1,0.5,0,0.2,0,0.5,0.8,0.6,0.5,0.5,1,0.5,1,0.7,1.7,0,0.3,0,0.3,0.5,1.5,38,11.7,0.521,0.167,1,18.6,12.3,15.4,0,2.6,0,18.8,12.6,0,0,0.1,0.079,-3.1,-4.6,-7.7,-0.1
2017/2018,99093000,100892064.5,815615,Phoenix Suns,24,PHO,Arizona,West,Pacific,21,61,0.256,103.9,113.3,-8.8,Devin Booker,SG,21,2319360,2425293,54,54,34.5,8.4,19.5,0.432,2.7,7.1,0.383,5.7,12.4,0.46,0.501,5.4,6.1,0.878,0.5,4,4.5,4.7,0.9,0.3,3.6,3.1,24.9,1865,18.1,0.561,0.364,0.312,1.5,12.7,7,24.4,1.2,0.6,13.9,31.7,1.9,0.6,2.4,0.063,2.9,-2.4,0.4,1.2
2017/2018,99093000,100892064.5,815615,#N/A,#N/A,TOT,#N/A,#N/A,#N/A,#N/A,#N/A,#N/A,#N/A,#N/A,#N/A,Trevor Booker,PF,30,9571137,10008285,68,7,17,2.6,5,0.516,0.1,0.5,0.242,2.5,4.6,0.545,0.528,1,1.4,0.71,1.7,3,4.7,1.2,0.4,0.3,0.9,1.8,6.3,1158,14.9,0.557,0.096,0.271,11.1,18.6,14.9,10.8,1.2,1.5,13.3,16.6,1.6,1.3,2.9,0.121,-1,0.5,-0.5,0.4
2017/2018,99093000,100892064.5,815615,Brooklyn Nets,3,BRK,New York,East,Atlantic,28,54,0.341,106.6,110.3,-3.67,Trevor Booker,PF,30,9571137,10008285,18,6,21.9,4.3,8.3,0.513,0.2,0.7,0.25,4.1,7.7,0.536,0.523,1.3,2.4,0.558,2.1,4.5,6.6,2.1,0.4,0.3,1.7,2.4,10.1,395,15.4,0.536,0.08,0.287,10.1,22,16,16.2,1,0.9,15.1,21.8,0.3,0.3,0.6,0.072,-1.6,0.2,-1.5,0.1
2017/2018,99093000,100892064.5,815615,Philadelphia 76ers,23,PHI,Pennsylvania,East,Atlantic,52,30,0.634,109.8,105.3,4.3,Trevor Booker,PF,30,9571137,10008285,33,0,15,1.8,3.3,0.56,0.1,0.2,0.286,1.8,3.1,0.578,0.569,1,1.2,0.821,1.4,2.3,3.7,0.8,0.5,0.3,0.6,1.5,4.7,494,14.5,0.618,0.064,0.358,10.7,15.7,13.3,7.6,1.6,1.9,13.7,12.6,1,0.7,1.7,0.163,-0.7,1.4,0.7,0.3
2017/2018,99093000,100892064.5,815615,Indiana Pacers,12,IND,Indiana,East,Central,48,34,0.585,105.6,104.2,1.18,Trevor Booker,PF,30,9571137,10008285,17,1,15.8,2.3,4.9,0.464,0.2,0.8,0.214,2.1,4.1,0.514,0.482,0.6,0.6,0.909,1.9,2.6,4.5,1,0.2,0.3,0.5,1.5,5.4,269,14.7,0.512,0.167,0.131,13.5,18.8,16.2,9,0.7,1.6,9.2,16.2,0.4,0.2,0.7,0.118,-0.7,-0.6,-1.3,0
2017/2018,99093000,100892064.5,815615,Golden State Warriors,10,GSW,California,West,Pacific,58,24,0.707,113.5,107.5,5.79,Chris Boucher,PF,25,77250,80778,1,0,1,0,1,0,0,1,0,0,0,,0,0,0,,0,1,1,0,0,0,0,0,0,1,-28.5,0,1,0,0,100,55.9,0,0,0,0,43.9,0,0,0,-0.899,-38.9,-20.1,-59,0
2017/2018,99093000,100892064.5,815615,#N/A,#N/A,TOT,#N/A,#N/A,#N/A,#N/A,#N/A,#N/A,#N/A,#N/A,#N/A,Avery Bradley,SG,27,8808989,9211328,46,46,31.2,5.6,13.6,0.414,1.6,4.4,0.369,4,9.2,0.436,0.474,1.4,1.8,0.768,0.5,2,2.5,2,1.1,0.2,2.2,2,14.3,1433,9.6,0.496,0.325,0.131,1.7,7.3,4.5,10.4,1.8,0.5,13.3,23.5,-1.4,1.2,-0.2,-0.007,-2.8,-1.4,-4.2,-0.8
2017/2018,99093000,100892064.5,815615,Detroit Pistons,9,DET,Michigan,East,Central,39,43,0.476,103.8,103.9,-0.26,Avery Bradley,SG,27,8808989,9211328,40,40,31.7,5.8,14.3,0.409,1.9,4.9,0.381,4,9.4,0.423,0.474,1.5,2,0.763,0.5,1.9,2.4,2.1,1.2,0.2,2.3,2,15,1268,9.7,0.497,0.34,0.14,1.6,6.7,4.1,10.5,1.8,0.5,13.3,24.4,-1.4,1.1,-0.2,-0.009,-2.7,-1.5,-4.2,-0.7
2017/2018,99093000,100892064.5,815615,Los Angeles Clippers,13,LAC,California,West,Pacific,42,40,0.512,109,109,0.15,Avery Bradley,SG,27,8808989,9211328,6,6,27.5,4.3,9.2,0.473,0.2,1.5,0.111,4.2,7.7,0.543,0.482,0.3,0.3,1,0.5,3.2,3.7,1.8,0.8,0.2,1.3,2,9.2,165,9,0.492,0.164,0.036,2,12.5,7.3,9.8,1.5,0.5,12.5,16.7,-0.1,0.1,0,0.009,-3.4,-0.8,-4.2,-0.1
2017/2018,99093000,100892064.5,815615,Utah Jazz,29,UTA,Utah,West,Northwest,48,34,0.585,104.1,99.8,4.47,Tony Bradley,C,20,1414920,1479544,9,0,3.2,0.3,1.2,0.273,0,0.1,0,0.3,1.1,0.3,0.273,0.2,0.2,1,0.4,0.8,1.2,0.1,0,0,0,0.1,0.9,29,9.5,0.337,0.091,0.182,15.8,27.1,21.5,5,0,0,0,18.4,0,0,0,0.033,-6.6,-3,-9.6,-0.1
2017/2018,99093000,100892064.5,815615,#N/A,#N/A,TOT,#N/A,#N/A,#N/A,#N/A,#N/A,#N/A,#N/A,#N/A,#N/A,Corey Brewer,SF-SG,31,8105615,8475827,72,18,16.8,2,4.4,0.449,0.4,1.5,0.282,1.5,2.9,0.539,0.498,0.9,1.3,0.722,0.6,1.5,2.1,0.9,1.1,0.2,0.7,1.9,5.3,1208,11.2,0.534,0.348,0.285,3.8,10,6.9,7.5,3.2,1,12.1,14.3,0.7,1.6,2.3,0.091,-1.6,1,-0.6,0.4
2017/2018,99093000,100892064.5,815615,Los Angeles Lakers,14,LAL,California,West,Pacific,35,47,0.427,108.1,109.6,-1.44,Corey Brewer,SF,31,8105615,8475827,54,2,12.9,1.4,3.2,0.453,0.1,0.8,0.186,1.3,2.4,0.543,0.477,0.6,0.9,0.667,0.4,1.3,1.7,0.8,0.8,0.1,0.7,1.5,3.7,694,8.9,0.509,0.25,0.297,3.6,10.7,7.1,8.1,2.8,0.9,16.3,14.2,-0.2,0.9,0.7,0.048,-3.6,0.9,-2.7,-0.1
2017/2018,99093000,100892064.5,815615,Oklahoma City Thunder,21,OKC,Oklahoma,West,Northwest,48,34,0.585,107.9,104.4,3.42,Corey Brewer,SG,31,8105615,8475827,18,16,28.6,3.6,8,0.444,1.3,3.7,0.343,2.3,4.3,0.532,0.524,1.7,2.2,0.795,1.1,2.3,3.4,1.3,2.1,0.3,0.6,3.1,10.1,514,14.2,0.565,0.465,0.271,4.2,9.2,6.6,6.7,3.7,1.1,6.4,14.4,0.9,0.7,1.6,0.15,1.1,1.1,2.1,0.5
2017/2018,99093000,100892064.5,815615,Milwaukee Bucks,17,MIL,Wisconsin,East,Central,44,38,0.537,106.5,106.8,-0.45,Malcolm Brogdon,PG,25,1312611,1372562,48,20,29.9,5.1,10.5,0.485,1.3,3.4,0.385,3.8,7.1,0.532,0.547,1.6,1.8,0.882,0.5,2.8,3.3,3.2,0.9,0.3,1.4,2.7,13,1436,14.3,0.578,0.32,0.169,1.9,10.8,6.4,16.3,1.4,0.8,10.9,19.1,2,0.7,2.7,0.091,0.6,-1.9,-1.3,0.2
2017/2018,99093000,100892064.5,815615,Minnesota Timberwolves,18,MIN,Minnesota,West,Northwest,47,35,0.573,109.5,107.3,2.35,Aaron Brooks,PG,33,2116955,2213644,32,1,5.9,0.9,2.2,0.406,0.3,1,0.355,0.5,1.2,0.447,0.486,0.3,0.3,0.727,0.2,0.3,0.5,0.6,0.2,0,0.3,0.9,2.3,189,9.8,0.508,0.449,0.159,4.2,6.2,5.2,15.1,1.6,0,13,19.9,0.1,0.1,0.1,0.033,-0.8,-3.6,-4.3,-0.1
2017/2018,99093000,100892064.5,815615,Memphis Grizzlies,15,MEM,Tennessee,West,Southwest,22,60,0.268,99.3,105.5,-5.81,Dillon Brooks,SF,22,815615,852867,82,74,28.7,4.1,9.4,0.44,1.1,3.2,0.356,3,6.2,0.484,0.501,1.5,2,0.747,0.6,2.5,3.1,1.6,0.9,0.2,1.5,2.8,11,2350,9.8,0.531,0.342,0.215,2.4,10.5,6.3,9.3,1.6,0.7,12.8,18.5,0.1,1.1,1.2,0.024,-1.8,-1.3,-3.1,-0.7
2017/2018,99093000,100892064.5,815615,Memphis Grizzlies,15,MEM,Tennessee,West,Southwest,22,60,0.268,99.3,105.5,-5.81,MarShon Brooks,SG,29,86118,90051,7,1,27.6,7.3,14.6,0.5,2.7,4.6,0.594,4.6,10,0.457,0.593,2.9,3.3,0.87,1.1,1.9,3,3.6,1.6,0.4,2.3,0.9,20.1,193,26.1,0.629,0.314,0.225,4.7,8,6.3,25.9,2.9,1.5,12.5,29.8,0.6,0.2,0.7,0.179,5.7,-1.7,4.1,0.3
2017/2018,99093000,100892064.5,815615,Minnesota Timberwolves,18,MIN,Minnesota,West,Northwest,47,35,0.573,109.5,107.3,2.35,Anthony Brown,SF,25,77250,80778,1,0,4,1,1,1,1,1,1,0,0,,1.5,0,0,,0,0,0,1,0,0,0,0,3,4,41.9,1.5,1,0,0,0,0,41.7,0,0,0,11.1,0,0,0,0.571,17.1,-15,2.1,0
2017/2018,99093000,100892064.5,815615,Houston Rockets,11,HOU,Texas,West,Southwest,65,17,0.793,112.4,103.9,8.21,Bobby Brown,PG,33,1231500,1287747,20,0,5.8,1,2.9,0.328,0.6,2,0.275,0.4,0.9,0.444,0.422,0.1,0.1,0.5,0,0.4,0.4,0.6,0.2,0,0.5,0.3,2.5,115,5.5,0.425,0.69,0.034,0,6.8,3.4,15,1.7,0,13.3,26.1,-0.3,0.1,-0.2,-0.08,-5,-4.2,-9.3,-0.2
2017/2018,99093000,100892064.5,815615,Boston Celtics,2,BOS,Massachusetts,East,Atlantic,55,27,0.671,104,100.4,3.23,Jaylen Brown,SG,21,4956480,5182860,70,70,30.7,5.3,11.5,0.465,1.7,4.4,0.395,3.6,7.1,0.507,0.54,2.1,3.3,0.644,0.9,4,4.9,1.6,1,0.4,1.8,2.6,14.5,2152,13.6,0.562,0.381,0.29,3.4,14,8.8,8.5,1.6,1,12,21.4,1.2,3.2,4.5,0.1,-0.6,0.4,-0.2,1
2017/2018,99093000,100892064.5,815615,Toronto Raptors,28,TOR,Ontario,East,Atlantic,59,23,0.72,111.7,103.9,7.29,Lorenzo Brown,PG,27,77250,80778,14,0,9.9,1,2.4,0.412,0.1,0.9,0.167,0.9,1.6,0.545,0.441,0.1,0.1,1,0.1,1,1.1,0.9,0.4,0,0.2,0.5,2.3,139,8.2,0.459,0.353,0.059,0.8,11.1,6,12.4,1.8,0,7.9,11.9,0,0.1,0.2,0.06,-2.8,-0.2,-3,0
2017/2018,99093000,100892064.5,815615,Houston Rockets,11,HOU,Texas,West,Southwest,65,17,0.793,112.4,103.9,8.21,Markel Brown,SG,26,77250,80778,4,0,7.8,0.5,1.8,0.286,0.3,1.3,0.2,0.3,0.5,0.5,0.357,0,0,,0.3,1,1.3,0.5,0,0,0.5,1.5,1.3,31,-1.2,0.357,0.714,0,3.7,14.4,9.1,8.7,0,0,22.2,12.8,-0.1,0,0,-0.063,-6.7,-1.7,-8.4,-0.1
2017/2018,99093000,100892064.5,815615,Milwaukee Bucks,17,MIL,Wisconsin,East,Central,44,38,0.537,106.5,106.8,-0.45,Sterling Brown,SG,22,815615,852867,54,4,14.4,1.5,3.8,0.4,0.6,1.7,0.352,0.9,2.1,0.439,0.478,0.4,0.4,0.875,0.5,2.1,2.6,0.5,0.6,0.2,0.5,1.5,4,776,9.1,0.503,0.444,0.117,4.1,17.5,10.8,4.5,2,1.4,10.4,14,0,0.7,0.7,0.043,-3.1,-1,-4,-0.4
2017/2018,99093000,100892064.5,815615,Atlanta Hawks,1,ATL,Georgia,East,Southeast,24,58,0.293,103.4,108.8,-5.3,Nicolas Brussino,SF,24,393041,410992,4,0,2.5,0,0.5,0,0,0.5,0,0,0,,0,0,0,,0,0.8,0.8,0,0,0,0,0,0,10,-4.6,0,1,0,0,33.5,16.7,0,0,0,0,8.7,0,0,0,-0.18,-13.8,-4.7,-18.5,0
2017/2018,99093000,100892064.5,815615,Los Angeles Lakers,14,LAL,California,West,Pacific,35,47,0.427,108.1,109.6,-1.44,Thomas Bryant,C,20,815615,852867,15,0,4.8,0.5,1.4,0.381,0.1,0.7,0.1,0.5,0.7,0.636,0.405,0.3,0.6,0.556,0.2,0.9,1.1,0.4,0.1,0.1,0.1,0.4,1.5,72,9.9,0.441,0.476,0.429,4.5,20.5,12.6,11.5,0.7,2.3,7.4,15.9,0,0.1,0.1,0.05,-3.8,-0.4,-4.2,0
2017/2018,99093000,100892064.5,815615,Detroit Pistons,9,DET,Michigan,East,Central,39,43,0.476,103.8,103.9,-0.26,Reggie Bullock,SF,26,2500000,2614184,62,52,27.9,4.3,8.8,0.489,2,4.5,0.445,2.3,4.3,0.536,0.603,0.6,0.8,0.796,0.4,2,2.5,1.5,0.8,0.2,0.8,1.1,11.3,1732,13.6,0.615,0.515,0.09,1.7,8.3,4.9,8.4,1.4,0.7,7.6,15.7,2.8,1.4,4.2,0.117,1.3,-0.7,0.7,1.2
2017/2018,99093000,100892064.5,815615,New York Knicks,20,NYK,New York,East,Atlantic,29,53,0.354,104.5,108,-3.53,Trey Burke,PG,25,784160,819975,36,9,21.8,5.4,10.7,0.503,1.1,2.9,0.362,4.3,7.8,0.556,0.552,1,1.6,0.649,0.4,1.6,2,4.7,0.7,0.1,1.2,1.2,12.8,785,21,0.563,0.273,0.148,1.8,8.2,5,36.4,1.5,0.4,9.5,25.1,2,0.3,2.4,0.145,4.2,-3.2,1,0.6
2017/2018,99093000,100892064.5,815615,Utah Jazz,29,UTA,Utah,West,Northwest,48,34,0.585,104.1,99.8,4.47,Alec Burks,SG,26,10845506,11340860,64,1,16.5,2.7,6.5,0.411,0.7,2.2,0.331,1.9,4.3,0.452,0.467,1.7,1.9,0.863,0.3,2.7,3,1,0.6,0.1,0.9,1.2,7.7,1059,13.1,0.527,0.343,0.3,2.1,18.4,10.3,10,1.8,0.6,11.4,22.5,0.2,1.6,1.9,0.084,-2.5,-0.3,-2.8,-0.2
2017/2018,99093000,100892064.5,815615,Minnesota Timberwolves,18,MIN,Minnesota,West,Northwest,47,35,0.573,109.5,107.3,2.35,Jimmy Butler,SG,28,18696918,19550875,59,59,36.7,7.4,15.6,0.474,1.2,3.4,0.35,6.2,12.2,0.509,0.512,6.2,7.2,0.854,1.3,4,5.3,4.9,2,0.4,1.8,1.3,22.2,2164,23.7,0.59,0.217,0.461,4.2,12.7,8.4,20.6,2.7,1,8.9,24.9,7.1,1.8,8.9,0.198,4.9,0.1,5,3.8
2017/2018,99093000,100892064.5,815615,Detroit Pistons,9,DET,Michigan,East,Central,39,43,0.476,103.8,103.9,-0.26,Dwight Buycks,PG,28,748160,782331,29,0,14.7,2.8,6.8,0.414,0.5,1.6,0.333,2.3,5.3,0.438,0.452,1.2,1.4,0.878,0.4,1,1.4,2,0.7,0.1,1.3,1.3,7.4,427,12.8,0.498,0.227,0.207,3,7.7,5.3,22.4,2.2,0.4,15.3,26.4,-0.2,0.4,0.2,0.027,-2.5,-1.8,-4.3,-0.2
2017/2018,99093000,100892064.5,815615,#N/A,#N/A,TOT,#N/A,#N/A,#N/A,#N/A,#N/A,#N/A,#N/A,#N/A,#N/A,Bruno Caboclo,SF,22,2451224,2563180,12,0,8.9,0.8,2.6,0.29,0.3,1.4,0.176,0.5,1.2,0.429,0.339,0.4,0.5,0.833,0.6,1.3,1.8,0.3,0.3,0.3,0.3,0.7,2.2,107,7.4,0.386,0.548,0.194,7.1,16.6,11.7,5,1.4,3.5,10.6,15.8,-0.1,0.1,0,-0.021,-5,-0.5,-5.4,-0.1
2017/2018,99093000,100892064.5,815615,Toronto Raptors,28,TOR,Ontario,East,Atlantic,59,23,0.72,111.7,103.9,7.29,Bruno Caboclo,SF,22,2451224,2563180,2,0,3.5,0,1,0,0,1,0,0,0,,0,0,0,,0,0.5,0.5,0.5,0.5,0,0,0.5,0,7,-0.1,0,1,0,0,15.7,8,16.7,7,0,0,12.5,0,0,0,-0.113,-6.8,4.4,-2.4,0
2017/2018,99093000,100892064.5,815615,Sacramento Kings,26,SAC,California,West,Pacific,27,55,0.329,98.8,105.8,-6.6,Bruno Caboclo,SF,22,2451224,2563180,10,0,10,0.9,2.9,0.31,0.3,1.5,0.2,0.6,1.4,0.429,0.362,0.5,0.6,0.833,0.7,1.4,2.1,0.3,0.2,0.4,0.4,0.7,2.6,100,7.9,0.411,0.517,0.207,7.6,16.6,12,4.2,1,3.8,11.2,16,-0.1,0.1,0,-0.015,-4.8,-0.8,-5.6,-0.1
2017/2018,99093000,100892064.5,815615,Cleveland Cavaliers,6,CLE,Ohio,East,Central,50,32,0.61,110.9,109.9,0.59,Jose Calderon,PG,36,2328652,2435010,57,32,16,1.6,3.2,0.503,0.8,1.7,0.464,0.8,1.5,0.545,0.624,0.4,0.5,0.8,0.2,1.2,1.5,2.1,0.5,0,0.7,1.4,4.5,914,11.3,0.643,0.524,0.162,1.7,8.5,5.2,17.4,1.4,0.2,17.1,11.6,1.5,0.3,1.8,0.095,0.1,-2,-1.9,0
2017/2018,99093000,100892064.5,815615,Los Angeles Lakers,14,LAL,California,West,Pacific,35,47,0.427,108.1,109.6,-1.44,Kentavious Caldwell-Pope,SG,24,17745894,18556414,74,74,33.2,4.6,10.8,0.426,2.1,5.6,0.383,2.4,5.2,0.473,0.526,2.1,2.6,0.789,0.8,4.4,5.2,2.2,1.4,0.2,1.3,2,13.4,2458,13.2,0.561,0.52,0.243,2.6,14.1,8.4,9.4,2.1,0.5,9.9,16.9,2.6,2.7,5.3,0.103,0.6,0.4,1,1.9
2017/2018,99093000,100892064.5,815615,#N/A,#N/A,TOT,#N/A,#N/A,#N/A,#N/A,#N/A,#N/A,#N/A,#N/A,#N/A,Isaiah Canaan,PG-SG,26,1113863,1164736,20,1,21.1,2.6,6.9,0.38,1.1,3.3,0.333,1.5,3.6,0.423,0.46,2.3,2.6,0.902,0.3,2,2.3,3.8,0.8,0.1,1.5,1.8,8.6,422,13.5,0.539,0.482,0.372,1.5,10,5.7,26.7,1.8,0.2,15.4,18.9,0.5,0.1,0.6,0.072,0.1,-2.5,-2.4,0
2017/2018,99093000,100892064.5,815615,Houston Rockets,11,HOU,Texas,West,Southwest,65,17,0.793,112.4,103.9,8.21,Isaiah Canaan,SG,26,1113863,1164736,1,0,4,0,1,0,0,0,,0,1,0,0,0,0,,0,1,1,0,0,0,0,0,0,4,-7.3,0,0,0,0,27.9,14.1,0,0,0,0,11,0,0,0,-0.224,-17.3,-3.9,-21.2,0
2017/2018,99093000,100892064.5,815615,Phoenix Suns,24,PHO,Arizona,West,Pacific,21,61,0.256,103.9,113.3,-8.8,Isaiah Canaan,PG,26,1113863,1164736,19,1,22,2.7,7.2,0.382,1.2,3.5,0.333,1.6,3.7,0.429,0.463,2.4,2.7,0.902,0.3,2,2.3,4,0.8,0.1,1.5,1.9,9.1,418,13.7,0.543,0.485,0.375,1.5,9.9,5.6,26.9,1.8,0.2,15.5,19,0.5,0.1,0.7,0.075,0.3,-2.5,-2.2,0
2017/2018,99093000,100892064.5,815615,Houston Rockets,11,HOU,Texas,West,Southwest,65,17,0.793,112.4,103.9,8.21,Clint Capela,C,23,2334528,2441154,74,74,27.5,6,9.1,0.652,0,0,0,6,9.1,0.653,0.652,1.9,3.5,0.56,3.3,7.6,10.8,0.9,0.8,1.9,1.4,2.5,13.9,2034,24.5,0.65,0.001,0.38,13.5,30.8,22.2,5.7,1.4,5.7,11.5,19.4,6.2,4.1,10.2,0.242,0.1,2.9,3,2.6
2017/2018,99093000,100892064.5,815615,Brooklyn Nets,3,BRK,New York,East,Atlantic,28,54,0.341,106.6,110.3,-3.67,DeMarre Carroll,PF,31,14800000,15475970,73,73,29.9,4.5,10.8,0.414,2,5.4,0.371,2.5,5.4,0.457,0.506,2.6,3.4,0.764,1.4,5.1,6.6,2,0.8,0.4,1.4,2.3,13.5,2180,14.3,0.55,0.498,0.313,5.1,18.4,11.7,10.5,1.3,1,10.3,19.8,2.3,1.8,4.1,0.091,0.4,-0.3,0.2,1.2
2017/2018,99093000,100892064.5,815615,Sacramento Kings,26,SAC,California,West,Pacific,27,55,0.329,98.8,105.8,-6.6,Vince Carter,SF,41,8000000,8365389,58,5,17.7,2,4.9,0.403,1,2.8,0.345,1,2,0.483,0.504,0.5,0.6,0.757,0.3,2.2,2.6,1.2,0.7,0.4,0.6,1.7,5.4,1026,10.8,0.523,0.583,0.131,1.9,15.1,8.2,9.7,2.1,2.4,10.7,14.7,0.3,0.9,1.2,0.056,-1.5,0.4,-1.1,0.2
2017/2018,99093000,100892064.5,815615,Charlotte Hornets,4,CHO,North Carolina,East,Southeast,36,46,0.439,108.2,108,0.07,Michael Carter-Williams,PG,26,2700000,2823318,52,2,16.1,1.5,4.4,0.332,0.3,1.1,0.237,1.2,3.3,0.365,0.362,1.4,1.7,0.82,0.7,1.9,2.7,2.2,0.8,0.4,1,1.9,4.6,835,10.8,0.446,0.258,0.389,4.7,13.3,8.9,19.4,2.6,2.3,16.2,16.6,-0.2,1.1,0.9,0.05,-2.6,2,-0.6,0.3
2017/2018,99093000,100892064.5,815615,Los Angeles Lakers,14,LAL,California,West,Pacific,35,47,0.427,108.1,109.6,-1.44,Alex Caruso,PG,23,77250,80778,37,7,15.2,1.4,3.1,0.431,0.4,1.2,0.302,1,2,0.507,0.487,0.6,0.8,0.7,0.4,1.4,1.8,2,0.6,0.3,1.1,1.4,3.6,562,8.7,0.519,0.371,0.259,2.9,9.4,6.2,17.8,2,1.4,24.5,12.9,-0.1,0.6,0.5,0.041,-3.4,0.5,-2.9,-0.1
2017/2018,99093000,100892064.5,815615,Golden State Warriors,10,GSW,California,West,Pacific,58,24,0.707,113.5,107.5,5.79,Omri Casspi,SF,29,2106470,2202680,53,7,14,2.3,3.9,0.58,0.2,0.4,0.455,2.1,3.5,0.595,0.604,0.9,1.3,0.725,0.6,3.2,3.8,1,0.3,0.4,0.7,1.3,5.7,740,15.5,0.632,0.106,0.333,4.9,24,15.1,9.5,1.2,2,13.5,16.3,1.2,1,2.2,0.141,-1.5,0,-1.4,0.1
2017/2018,99093000,100892064.5,815615,Sacramento Kings,26,SAC,California,West,Pacific,27,55,0.329,98.8,105.8,-6.6,Willie Cauley-Stein,C,24,3704160,3873342,73,58,28,5.3,10.6,0.502,0,0.2,0.25,5.3,10.4,0.506,0.504,2.1,3.4,0.619,1.8,5.2,7,2.4,1.1,0.9,1.5,2.5,12.8,2044,17.6,0.529,0.016,0.32,7,22,14.2,13.7,1.9,3.1,11,21.8,1.7,2.2,3.9,0.092,-1.3,1.7,0.4,1.2
2017/2018,99093000,100892064.5,815615,Atlanta Hawks,1,ATL,Georgia,East,Southeast,24,58,0.293,103.4,108.8,-5.3,Tyler Cavanaugh,PF,23,77250,80778,39,1,13.3,1.7,3.9,0.441,0.8,2.3,0.36,0.9,1.6,0.556,0.546,0.4,0.5,0.81,1.2,2.1,3.3,0.7,0.2,0.1,0.4,1.6,4.7,518,13,0.567,0.586,0.138,9.7,17.7,13.7,7.8,0.8,0.7,8,14.8,0.9,0.3,1.2,0.109,0.5,-1.5,-1,0.1
2017/2018,99093000,100892064.5,815615,Memphis Grizzlies,15,MEM,Tennessee,West,Southwest,22,60,0.268,99.3,105.5,-5.81,Mario Chalmers,PG,31,2106407,2202614,66,10,21.5,2.5,6.7,0.379,0.8,2.9,0.277,1.7,3.8,0.456,0.439,1.8,2.1,0.855,0.2,2.2,2.4,3,1.2,0.2,1.8,2.7,7.7,1421,10.4,0.503,0.431,0.312,1,12,6.4,21.5,2.8,0.9,18.8,19.6,-0.6,1.3,0.6,0.021,-2.2,-0.5,-2.7,-0.3
2017/2018,99093000,100892064.5,815615,Phoenix Suns,24,PHO,Arizona,West,Pacific,21,61,0.256,103.9,113.3,-8.8,Tyson Chandler,C,35,13000000,13593758,46,46,25,2.6,4.1,0.647,0,0,,2.6,4.1,0.647,0.647,1.3,2,0.624,2.9,6.2,9.1,1.2,0.3,0.6,1.3,2.3,6.5,1151,14.2,0.658,0,0.497,12.2,26.8,19.4,6.6,0.7,1.9,20.6,10.6,1.9,0.8,2.7,0.111,-1.3,1,-0.3,0.5
2017/2018,99093000,100892064.5,815615,Denver Nuggets,8,DEN,Colorado,West,Northwest,46,36,0.561,110,108.5,1.57,Wilson Chandler,SF,30,12016854,12565708,74,71,31.7,3.8,8.5,0.445,1.2,3.3,0.358,2.6,5.2,0.501,0.515,1.2,1.5,0.772,1.4,4,5.4,2.1,0.6,0.5,1.2,2.1,10,2346,10.9,0.542,0.39,0.181,4.9,14.1,9.6,9.4,0.9,1.4,11.9,14.3,2.1,1.2,3.3,0.067,-0.5,-0.4,-0.9,0.6
2017/2018,99093000,100892064.5,815615,Phoenix Suns,24,PHO,Arizona,West,Pacific,21,61,0.256,103.9,113.3,-8.8,Marquese Chriss,PF,20,3073800,3214191,72,49,21.2,2.8,6.6,0.423,0.8,2.6,0.295,2,4,0.509,0.482,1.3,2.2,0.608,1.1,4.4,5.5,1.2,0.7,1,1.5,2.8,7.7,1527,11.1,0.509,0.398,0.331,5.2,22.7,13.8,8.1,1.6,3.7,16.4,18.1,-0.8,1.5,0.7,0.023,-3.3,1.3,-2,0
2017/2018,99093000,100892064.5,815615,New Orleans Pelicans,19,NOP,Louisiana,West,Southwest,48,34,0.585,111.7,110.4,1.48,Ian Clark,SG,26,1577230,1649267,74,2,19.7,3,6.7,0.448,0.8,2.6,0.318,2.2,4.1,0.533,0.511,0.6,0.8,0.763,0.1,1.6,1.7,1.5,0.4,0.1,0.8,1.6,7.4,1455,9.4,0.529,0.394,0.119,0.8,8.4,4.7,10.4,1.1,0.5,9.9,17.2,0.3,0.8,1.1,0.037,-2,-2,-3.9,-0.7
2017/2018,99093000,100892064.5,815615,#N/A,#N/A,TOT,#N/A,#N/A,#N/A,#N/A,#N/A,#N/A,#N/A,#N/A,#N/A,Jordan Clarkson,SG,25,11562500,12090602,81,2,23.3,5.3,11.8,0.451,1.4,3.9,0.352,3.9,7.9,0.5,0.509,1.9,2.3,0.8,0.7,2,2.7,2.7,0.7,0.1,1.6,1.3,13.9,1888,16.4,0.542,0.333,0.199,3.3,9.1,6.2,19.3,1.5,0.3,10.9,26.5,1.9,1.2,3,0.077,0.8,-2.7,-1.9,0.1
2017/2018,99093000,100892064.5,815615,Los Angeles Lakers,14,LAL,California,West,Pacific,35,47,0.427,108.1,109.6,-1.44,Jordan Clarkson,SG,25,11562500,12090602,53,2,23.7,5.6,12.6,0.448,1.3,4,0.324,4.4,8.6,0.505,0.499,2,2.5,0.795,0.8,2.2,3,3.3,0.7,0.1,1.8,1.2,14.5,1256,16.9,0.532,0.315,0.198,3.8,9.7,6.7,22.9,1.5,0.2,11.6,27.7,1.1,1,2.1,0.08,1,-2.3,-1.3,0.2
2017/2018,99093000,100892064.5,815615,Cleveland Cavaliers,6,CLE,Ohio,East,Central,50,32,0.61,110.9,109.9,0.59,Jordan Clarkson,SG,25,11562500,12090602,28,0,22.6,4.7,10.3,0.456,1.6,3.9,0.407,3.1,6.4,0.486,0.533,1.7,2.1,0.81,0.5,1.6,2.1,1.7,0.7,0.1,1.1,1.6,12.6,632,15.4,0.565,0.376,0.202,2.3,7.9,5.1,12,1.5,0.4,9.3,24.1,0.8,0.2,1,0.073,0.4,-3.5,-3.1,-0.2
2017/2018,99093000,100892064.5,815615,Dallas Mavericks,7,DAL,Texas,West,Southwest,24,58,0.293,102.3,105.4,-2.7,Gian Clavell,SG,24,77250,80778,7,0,9.1,0.9,2.6,0.333,0.9,2.1,0.4,0,0.4,0,0.5,0.3,0.3,1,0.1,0.9,1,0.4,0.3,0,0.3,1.1,2.9,64,7.4,0.53,0.833,0.111,1.7,10.8,6.1,6.7,1.6,0,9.6,14.8,0,0,0.1,0.042,-1.7,-1.9,-3.6,0
2017/2018,99093000,100892064.5,815615,#N/A,#N/A,TOT,#N/A,#N/A,#N/A,#N/A,#N/A,#N/A,#N/A,#N/A,#N/A,Antonius Cleveland,SG,23,384116,401659,17,0,7.2,0.5,1.2,0.381,0.2,0.2,0.75,0.3,1,0.294,0.452,0.2,0.4,0.667,0.2,0.6,0.8,0.1,0.4,0.3,0.4,1.4,1.4,123,4.5,0.486,0.19,0.286,2.7,10.2,6.3,2.2,2.8,3.6,22.8,11.1,-0.2,0.2,0,-0.006,-6.7,2.2,-4.5,-0.1
2017/2018,99093000,100892064.5,815615,Dallas Mavericks,7,DAL,Texas,West,Southwest,24,58,0.293,102.3,105.4,-2.7,Antonius Cleveland,SG,23,384116,401659,13,0,6.2,0.3,1.1,0.286,0,0.1,0,0.3,1,0.308,0.286,0.2,0.3,0.5,0.2,0.6,0.8,0.2,0.5,0.3,0.2,0.8,0.8,81,5.1,0.317,0.071,0.286,2.6,11.4,6.9,3.3,3.7,4.4,11.3,10,-0.1,0.1,0,-0.005,-7.6,4.5,-3.1,0
2017/2018,99093000,100892064.5,815615,Atlanta Hawks,1,ATL,Georgia,East,Southeast,24,58,0.293,103.4,108.8,-5.3,Antonius Cleveland,SG,23,384116,401659,4,0,10.5,1,1.8,0.571,0.8,0.8,1,0.3,1,0.25,0.786,0.5,0.5,1,0.3,0.8,1,0,0.3,0.3,1.3,3,3.3,42,3.5,0.825,0.429,0.286,2.7,8,5.3,0,1.2,2,38.8,13.4,0,0,0,-0.009,-5,-2,-7,-0.1
2017/2018,99093000,100892064.5,815615,Atlanta Hawks,1,ATL,Georgia,East,Southeast,24,58,0.293,103.4,108.8,-5.3,John Collins,PF,20,1936920,2025386,74,26,24.1,4.2,7.4,0.576,0.2,0.6,0.34,4,6.7,0.598,0.591,1.8,2.5,0.715,2.4,4.9,7.3,1.3,0.6,1.1,1.4,2.9,10.5,1785,18.3,0.62,0.086,0.341,11,22.8,16.9,8.9,1.3,3.8,14.3,17.9,3.4,2,5.4,0.145,-0.2,1.9,1.7,1.7
2017/2018,99093000,100892064.5,815615,Portland Trail Blazers,25,POR,Oregon,West,Northwest,49,33,0.598,105.6,103,2.6,Zach Collins,C,20,3057240,3196875,66,1,15.8,1.7,4.4,0.398,0.5,1.7,0.31,1.2,2.7,0.455,0.458,0.4,0.6,0.643,0.7,2.7,3.3,0.8,0.3,0.5,0.9,2,4.4,1045,7.5,0.475,0.391,0.145,4.7,18.2,11.5,7.1,0.8,2.4,15.9,15.4,-0.7,1.3,0.6,0.03,-4.1,0.9,-3.2,-0.3
2017/2018,99093000,100892064.5,815615,Dallas Mavericks,7,DAL,Texas,West,Southwest,24,58,0.293,102.3,105.4,-2.7,Kyle Collinsworth,SF,26,595702,622909,32,2,15,1.2,3.1,0.384,0.1,0.5,0.235,1.1,2.6,0.415,0.404,0.7,1.3,0.525,1,2.3,3.3,1.8,0.5,0.3,0.8,1.4,3.2,480,10,0.433,0.172,0.404,7.2,18,12.4,16.4,1.8,1.7,17.1,13.3,-0.1,0.5,0.5,0.046,-4,2.2,-1.8,0
2017/2018,99093000,100892064.5,815615,Indiana Pacers,12,IND,Indiana,East,Central,48,34,0.585,105.6,104.2,1.18,Darren Collison,PG,30,10000000,10456736,69,64,29.2,4.6,9.2,0.495,1.4,3,0.468,3.2,6.3,0.508,0.571,1.8,2.1,0.882,0.5,2,2.6,5.3,1.3,0.2,1.2,1.8,12.4,2018,18.8,0.61,0.321,0.226,2.1,7.8,5,26.4,2.3,0.7,10.9,17.4,5.8,1.8,7.6,0.181,3.1,-1,2.2,2.1
2017/2018,99093000,100892064.5,815615,Oklahoma City Thunder,21,OKC,Oklahoma,West,Northwest,48,34,0.585,107.9,104.4,3.42,Nick Collison,PF,37,2328652,2435010,15,0,5,0.9,1.3,0.684,0,0,,0.9,1.3,0.684,0.684,0.3,0.9,0.385,0.5,0.9,1.3,0.3,0,0,0.5,0.5,2.1,75,13.2,0.627,0,0.684,10,19.9,14.8,8.2,0,0,22.1,18.2,0.1,0,0.1,0.064,-3.5,-2.9,-6.5,-0.1
2017/2018,99093000,100892064.5,815615,Memphis Grizzlies,15,MEM,Tennessee,West,Southwest,22,60,0.268,99.3,105.5,-5.81,Mike Conley,PG,30,28530608,29833706,12,12,31.1,5.3,14,0.381,2,6.4,0.312,3.3,7.6,0.44,0.452,4.4,5.5,0.803,0,2.3,2.3,4.1,1,0.3,1.5,2,17.1,373,15.4,0.52,0.458,0.393,0,8.6,4.2,22.2,1.6,0.8,8.4,25.9,0.4,0.2,0.6,0.077,1.2,-3.5,-2.3,0
2017/2018,99093000,100892064.5,815615,Portland Trail Blazers,25,POR,Oregon,West,Northwest,49,33,0.598,105.6,103,2.6,Pat Connaughton,SG,25,1471382,1538585,82,5,18.1,2,4.8,0.423,0.9,2.6,0.352,1.1,2.2,0.506,0.518,0.5,0.5,0.841,0.4,1.5,2,1.1,0.3,0.3,0.5,1.5,5.4,1488,9.3,0.539,0.538,0.113,2.7,9.1,5.9,8.7,0.8,1.2,9.5,13.4,1.2,1.3,2.5,0.08,-0.9,-0.4,-1.3,0.3
2017/2018,99093000,100892064.5,815615,Golden State Warriors,10,GSW,California,West,Pacific,58,24,0.707,113.5,107.5,5.79,Quinn Cook,PG,24,189832,198501,33,18,22.4,3.7,7.6,0.484,1.4,3.2,0.442,2.3,4.5,0.514,0.575,0.7,0.8,0.88,0.3,2.2,2.5,2.7,0.4,0,1,1.8,9.5,740,12.8,0.593,0.413,0.099,1.6,10.2,6.2,16.6,0.8,0.1,10.8,17.5,1.1,0.4,1.6,0.101,0.6,-2.8,-2.2,0
2017/2018,99093000,100892064.5,815615,New Orleans Pelicans,19,NOP,Louisiana,West,Southwest,48,34,0.585,111.7,110.4,1.48,Charles Cooke,SG,23,77250,80778,13,0,2.9,0.2,1.1,0.143,0.1,0.6,0.125,0.1,0.5,0.167,0.179,0.1,0.2,0.5,0,0.2,0.2,0.1,0.1,0,0.1,0,0.5,38,-5.1,0.202,0.571,0.143,0,5.5,2.9,3.2,1.3,0,6.3,18.1,-0.2,0,-0.2,-0.239,-10.8,-3.8,-14.6,-0.1
2017/2018,99093000,100892064.5,815615,Sacramento Kings,26,SAC,California,West,Pacific,27,55,0.329,98.8,105.8,-6.6,Jack Cooley,PF,26,77250,80778,7,0,12.4,1.9,3.9,0.481,0,0,,1.9,3.9,0.481,0.481,2,2.7,0.737,2,2.3,4.3,0.9,0.1,0,0.4,1.9,5.7,87,19.7,0.566,0,0.704,17.6,21.9,19.6,10.5,0.6,0,7.8,19.8,0.3,0,0.3,0.182,0.9,-2.5,-1.6,0
2017/2018,99093000,100892064.5,815615,San Antonio Spurs,27,SAS,Texas,West,Southwest,47,35,0.573,102.7,99.8,2.89,Matt Costello,C,24,77250,80778,4,0,8,0.5,1,0.5,0,0,,0.5,1,0.5,0.5,0,0,,0.3,2,2.3,0.5,0.5,0.5,0.3,1.8,1,32,9.7,0.5,0,0,3.4,27.9,15.6,8.3,3.2,5.2,20,7,0,0.1,0.1,0.127,-5,6.6,1.6,0
2017/2018,99093000,100892064.5,815615,New Orleans Pelicans,19,NOP,Louisiana,West,Southwest,48,34,0.585,111.7,110.4,1.48,DeMarcus Cousins,C,27,18063850,18888892,48,48,36.2,8.5,18,0.47,2.2,6.1,0.354,6.3,11.9,0.53,0.53,6.1,8.2,0.746,2.2,10.7,12.9,5.4,1.6,1.6,5,3.8,25.2,1737,22.6,0.583,0.34,0.456,6.8,30.9,19.2,23,2.2,3.5,18.9,31.9,1.5,3.2,4.7,0.13,1.9,3.6,5.5,3.3
2017/2018,99093000,100892064.5,815615,Philadelphia 76ers,23,PHI,Pennsylvania,East,Atlantic,52,30,0.634,109.8,105.3,4.3,Robert Covington,SF,27,16698103,17460767,80,80,31.7,4.3,10.5,0.413,2.5,6.9,0.369,1.8,3.6,0.497,0.534,1.5,1.7,0.853,0.7,4.7,5.4,2,1.7,0.9,1.6,3,12.6,2532,12.9,0.563,0.658,0.163,2.4,15.5,9.2,8.7,2.6,2.4,12.3,17.2,1.6,4.5,6.1,0.116,0.4,2.1,2.5,2.9
2017/2018,99093000,100892064.5,815615,Brooklyn Nets,3,BRK,New York,East,Atlantic,28,54,0.341,106.6,110.3,-3.67,Allen Crabbe,SG,25,18500000,19344963,75,68,29.3,4.5,11,0.407,2.7,7.1,0.378,1.8,3.9,0.461,0.529,1.5,1.8,0.852,0.4,3.9,4.3,1.6,0.6,0.5,1,2.2,13.2,2197,12.3,0.558,0.643,0.163,1.3,14.4,7.8,8.4,1,1.2,8.1,19,1.8,1.4,3.2,0.07,0.4,-1.2,-0.8,0.7
2017/2018,99093000,100892064.5,815615,Denver Nuggets,8,DEN,Colorado,West,Northwest,46,36,0.561,110,108.5,1.57,Torrey Craig,SF,27,77250,80778,39,5,16.1,1.6,3.5,0.453,0.4,1.5,0.293,1.2,2,0.57,0.515,0.6,0.9,0.629,1,2.2,3.3,0.6,0.3,0.4,0.5,1.6,4.2,629,9.8,0.535,0.423,0.255,7.2,15.5,11.4,5.4,0.9,2,11.6,11.9,0.5,0.4,0.9,0.069,-1.7,-0.8,-2.5,-0.1
2017/2018,99093000,100892064.5,815615,Minnesota Timberwolves,18,MIN,Minnesota,West,Northwest,47,35,0.573,109.5,107.3,2.35,Jamal Crawford,SG,37,15270762,15968233,80,0,20.7,3.9,9.3,0.415,1.3,3.9,0.331,2.6,5.4,0.477,0.485,1.3,1.4,0.903,0.3,1,1.2,2.3,0.5,0.1,1.2,1.1,10.3,1653,13,0.519,0.423,0.152,1.4,5.5,3.5,16.9,1.2,0.5,10.7,23.7,0.9,0.3,1.3,0.037,0,-4,-3.9,-0.8
2017/2018,99093000,100892064.5,815615,New Orleans Pelicans,19,NOP,Louisiana,West,Southwest,48,34,0.585,111.7,110.4,1.48,Jordan Crawford,SG,29,1709538,1787618,5,0,10.6,2.4,5.4,0.444,1.6,2.8,0.571,0.8,2.6,0.308,0.593,0.2,0.2,1,0.4,0.4,0.8,2.6,0.2,0.2,1,1.4,6.6,53,19.1,0.601,0.519,0.037,4.2,4,4.1,37.7,0.9,1.5,15.4,26.5,0.1,0,0.2,0.15,3.9,-4.8,-0.9,0
2017/2018,99093000,100892064.5,815615,#N/A,#N/A,TOT,#N/A,#N/A,#N/A,#N/A,#N/A,#N/A,#N/A,#N/A,#N/A,Jae Crowder,SF,27,6796117,7106520,80,47,26.1,3.4,8.4,0.404,1.4,4.3,0.323,2,4.1,0.488,0.486,1.5,1.9,0.818,0.7,2.7,3.4,1.2,0.8,0.3,0.9,2.3,9.7,2090,10.4,0.525,0.508,0.221,3.2,11.5,7.4,6.9,1.5,0.9,9.1,17.3,1,1.6,2.6,0.06,-0.8,-0.9,-1.7,0.1
2017/2018,99093000,100892064.5,815615,Cleveland Cavaliers,6,CLE,Ohio,East,Central,50,32,0.61,110.9,109.9,0.59,Jae Crowder,SF,27,6796117,7106520,53,47,25.4,3,7.1,0.418,1.2,3.6,0.328,1.8,3.5,0.508,0.5,1.5,1.7,0.848,0.8,2.5,3.3,1.1,0.8,0.2,0.8,2.3,8.6,1346,10.2,0.545,0.503,0.245,3.5,10.8,7.2,6,1.5,0.8,9.2,15.1,1.1,0.6,1.7,0.059,-0.6,-1.2,-1.8,0.1
2017/2018,99093000,100892064.5,815615,Utah Jazz,29,UTA,Utah,West,Northwest,48,34,0.585,104.1,99.8,4.47,Jae Crowder,SF,27,6796117,7106520,27,0,27.6,4.2,10.9,0.386,1.8,5.6,0.316,2.4,5.3,0.462,0.468,1.6,2.1,0.768,0.7,3.1,3.8,1.5,0.9,0.3,1.2,2.3,11.8,744,10.8,0.499,0.515,0.19,2.8,12.7,7.8,8.6,1.6,1,9.1,21.3,-0.1,1,0.9,0.06,-1.3,-0.4,-1.6,0.1
2017/2018,99093000,100892064.5,815615,#N/A,#N/A,TOT,#N/A,#N/A,#N/A,#N/A,#N/A,#N/A,#N/A,#N/A,#N/A,Dante Cunningham,SF,30,2300000,2405049,73,25,21.4,2.2,5,0.451,0.8,2.3,0.345,1.5,2.7,0.541,0.53,0.4,0.7,0.596,1.1,3,4.1,0.7,0.5,0.4,0.5,1.5,5.7,1562,10,0.539,0.462,0.143,5.5,14.9,10.3,4.3,1.2,1.5,7.9,11.6,1.1,1.3,2.4,0.074,-1.4,0.1,-1.4,0.2
2017/2018,99093000,100892064.5,815615,New Orleans Pelicans,19,NOP,Louisiana,West,Southwest,48,34,0.585,111.7,110.4,1.48,Dante Cunningham,SF,30,2300000,2405049,51,24,21.9,1.9,4.4,0.44,0.7,2.1,0.324,1.3,2.3,0.547,0.518,0.4,0.7,0.556,1,2.8,3.8,0.5,0.5,0.3,0.3,1.5,5,1115,8.4,0.525,0.48,0.16,5,13.4,9.4,3,1.2,1.1,6.2,10,0.7,0.9,1.6,0.067,-1.6,-0.1,-1.7,0.1
2017/2018,99093000,100892064.5,815615,Brooklyn Nets,3,BRK,New York,East,Atlantic,28,54,0.341,106.6,110.3,-3.67,Dante Cunningham,SF,30,2300000,2405049,22,1,20.3,3,6.3,0.468,1,2.7,0.383,1.9,3.6,0.532,0.55,0.5,0.7,0.688,1.3,3.5,4.8,1,0.5,0.6,0.8,1.6,7.5,447,13.8,0.561,0.432,0.115,6.6,18.5,12.5,7.6,1.3,2.3,10.4,15.8,0.4,0.4,0.9,0.092,-1,0.4,-0.6,0.2
2017/2018,99093000,100892064.5,815615,Golden State Warriors,10,GSW,California,West,Pacific,58,24,0.707,113.5,107.5,5.79,Stephen Curry,PG,29,34682550,36266630,51,51,32,8.4,16.9,0.495,4.2,9.8,0.423,4.2,7.1,0.595,0.618,5.5,5.9,0.921,0.7,4.4,5.1,6.1,1.6,0.2,3,2.2,26.4,1631,28.2,0.675,0.58,0.35,2.7,14.4,9,30.3,2.4,0.4,13.3,31,7.2,1.9,9.1,0.267,9.9,-1.3,8.6,4.4
2017/2018,99093000,100892064.5,815615,Phoenix Suns,24,PHO,Arizona,West,Pacific,21,61,0.256,103.9,113.3,-8.8,Troy Daniels,SG,26,3408520,3564199,79,15,20.5,2.9,7.3,0.403,2.3,5.8,0.4,0.6,1.5,0.419,0.563,0.7,0.8,0.875,0.2,1.5,1.6,0.6,0.3,0.1,0.7,1.7,8.9,1622,9.8,0.583,0.797,0.111,0.8,7.7,4.2,4.5,0.8,0.2,8.5,17.2,1.4,0,1.4,0.042,0.7,-3.6,-2.9,-0.4
2017/2018,99093000,100892064.5,815615,New Orleans Pelicans,19,NOP,Louisiana,West,Southwest,48,34,0.585,111.7,110.4,1.48,Anthony Davis,PF,24,23775506,24861421,75,75,36.4,10.4,19.5,0.534,0.7,2.2,0.34,9.7,17.3,0.558,0.552,6.6,8,0.828,2.5,8.6,11.1,2.3,1.5,2.6,2.2,2.1,28.1,2727,28.9,0.612,0.111,0.409,7.7,24.8,16.5,10.8,2,5.6,8.6,30,8.8,4.9,13.7,0.241,2.8,2.3,5.2,4.9
2017/2018,99093000,100892064.5,815615,Memphis Grizzlies,15,MEM,Tennessee,West,Southwest,22,60,0.268,99.3,105.5,-5.81,Deyonta Davis,C,21,1312611,1372562,62,6,15.2,2.6,4.3,0.608,0,0,,2.6,4.3,0.608,0.608,0.6,0.9,0.667,1.2,2.8,4,0.6,0.2,0.6,0.5,2,5.8,943,16.6,0.621,0,0.215,9,22,15.3,7.1,0.8,3.9,9.9,15.3,1.9,0.8,2.7,0.138,-1.3,0.4,-0.9,0.3
2017/2018,99093000,100892064.5,815615,Portland Trail Blazers,25,POR,Oregon,West,Northwest,49,33,0.598,105.6,103,2.6,Ed Davis,C,28,6352531,6642674,78,0,18.9,2.2,3.7,0.582,0,0,0,2.2,3.7,0.584,0.582,0.9,1.4,0.667,2.3,5,7.4,0.5,0.4,0.7,0.8,2.4,5.3,1471,15.5,0.607,0.003,0.38,13.7,28.8,21.3,3.9,1.1,2.9,16.2,12.1,2.5,2.5,5,0.164,-1.8,1.8,0,0.7
2017/2018,99093000,100892064.5,815615,Atlanta Hawks,1,ATL,Georgia,East,Southeast,24,58,0.293,103.4,108.8,-5.3,Dewayne Dedmon,C,28,6900000,7215148,62,46,24.9,4,7.7,0.524,0.8,2.3,0.355,3.2,5.4,0.595,0.577,1.1,1.4,0.779,1.6,6.3,7.9,1.5,0.6,0.8,1.4,2.6,10,1542,15.8,0.599,0.296,0.18,7.2,28.1,17.7,9.2,1.3,2.8,14.3,17,1.8,1.9,3.7,0.114,-1,1.6,0.5,1
2017/2018,99093000,100892064.5,815615,Los Angeles Clippers,13,LAC,California,West,Pacific,42,40,0.512,109,109,0.15,Sam Dekker,PF,23,1794600,1876566,73,1,12.1,1.8,3.5,0.494,0.1,0.8,0.167,1.6,2.7,0.593,0.514,0.5,0.8,0.661,0.6,1.8,2.4,0.5,0.3,0.1,0.5,1,4.2,883,11.5,0.534,0.232,0.216,5.6,16,10.8,6.2,1.3,0.9,10.4,15.5,0.6,0.6,1.2,0.066,-2.1,-1,-3.1,-0.2
2017/2018,99093000,100892064.5,815615,Atlanta Hawks,1,ATL,Georgia,East,Southeast,24,58,0.293,103.4,108.8,-5.3,Malcolm Delaney,PG,28,2500000,2614184,54,3,18.8,2,5.3,0.382,0.9,2.3,0.371,1.2,3,0.391,0.463,1.4,1.7,0.804,0.2,1.7,1.9,3,0.6,0.1,1.2,1.5,6.3,1014,10.6,0.519,0.435,0.323,1,10,5.5,23.4,1.7,0.5,16.9,16.9,0.4,0.6,1,0.047,-2,-1.5,-3.6,-0.4
2017/2018,99093000,100892064.5,815615,Milwaukee Bucks,17,MIL,Wisconsin,East,Central,44,38,0.537,106.5,106.8,-0.45,Matthew Dellavedova,PG,27,9607500,10046310,38,3,18.7,1.4,4,0.362,0.8,2.1,0.372,0.7,1.9,0.351,0.457,0.7,0.7,0.926,0.4,1.3,1.7,3.8,0.4,0,1.3,1.8,4.3,712,8.6,0.5,0.513,0.178,2.3,8.2,5.3,27.4,1,0,23,13.5,0.3,0.2,0.5,0.032,-2.3,-3.6,-5.9,-0.7
2017/2018,99093000,100892064.5,815615,Los Angeles Lakers,14,LAL,California,West,Pacific,35,47,0.427,108.1,109.6,-1.44,Luol Deng,SF,32,17190000,17975130,1,1,13,1,2,0.5,0,0,,1,2,0.5,0.5,0,0,,0,0,0,1,1,0,1,0,2,13,5.5,0.5,0,0,0,0,0,10.1,3.7,0,33.3,9.8,0,0,0,-0.018,-7.2,-1.3,-8.5,0
2017/2018,99093000,100892064.5,815615,Toronto Raptors,28,TOR,Ontario,East,Atlantic,59,23,0.72,111.7,103.9,7.29,DeMar DeRozan,SG,28,27739975,29006962,80,80,33.9,8.1,17.7,0.456,1.1,3.6,0.31,7,14.1,0.494,0.488,5.8,7,0.825,0.7,3.2,3.9,5.2,1.1,0.3,2.2,1.9,23,2711,21,0.555,0.203,0.396,2.5,10.4,6.5,25,1.5,0.6,9.5,29.6,6.8,2.8,9.6,0.17,2.7,-0.9,1.8,2.6
2017/2018,99093000,100892064.5,815615,New Orleans Pelicans,19,NOP,Louisiana,West,Southwest,48,34,0.585,111.7,110.4,1.48,Cheick Diallo,PF,21,1312611,1372562,52,0,11.2,2,3.4,0.58,0,0,,2,3.4,0.58,0.58,1,1.3,0.758,0.9,3.2,4.1,0.4,0.2,0.4,0.5,1.6,4.9,581,17,0.619,0,0.375,9.1,29.6,19.7,4.7,0.9,2.9,12,17.4,1.1,0.8,1.9,0.157,-2.8,-0.3,-3.1,-0.2
2017/2018,99093000,100892064.5,815615,Minnesota Timberwolves,18,MIN,Minnesota,West,Northwest,47,35,0.573,109.5,107.3,2.35,Gorgui Dieng,C,28,14112360,14756923,79,0,16.9,2.4,4.9,0.479,0.2,0.8,0.311,2.1,4.1,0.511,0.504,1,1.3,0.775,1.3,3.2,4.6,0.9,0.6,0.5,0.7,1.9,5.9,1333,14.7,0.543,0.157,0.263,9.1,22.2,15.6,7.5,1.7,2.6,12,16.3,1.6,1.4,2.9,0.105,-1,0.6,-0.4,0.5
2017/2018,99093000,100892064.5,815615,Brooklyn Nets,3,BRK,New York,East,Atlantic,28,54,0.341,106.6,110.3,-3.67,Spencer Dinwiddie,PG,24,1524305,1593925,80,58,28.8,4.1,10.5,0.387,1.8,5.4,0.326,2.3,5.1,0.452,0.471,2.7,3.4,0.813,0.5,2.7,3.2,6.6,0.9,0.3,1.6,2.3,12.6,2306,15.9,0.527,0.517,0.32,1.8,10.2,6,35,1.4,0.7,11.8,20.3,4.3,1.4,5.7,0.118,2.1,-1.8,0.2,1.3
2017/2018,99093000,100892064.5,815615,Atlanta Hawks,1,ATL,Georgia,East,Southeast,24,58,0.293,103.4,108.8,-5.3,Tyler Dorsey,SG,21,815615,852867,56,5,17.4,2.6,6.8,0.377,1.3,3.6,0.362,1.3,3.3,0.393,0.471,0.8,1.1,0.714,0.3,2,2.3,1.4,0.3,0.1,0.7,1.1,7.2,974,10,0.494,0.521,0.165,1.9,12.9,7.4,12.5,0.9,0.4,8.3,20,0,0.4,0.4,0.02,-1.8,-2.4,-4.2,-0.6
2017/2018,99093000,100892064.5,815615,New York Knicks,20,NYK,New York,East,Atlantic,29,53,0.354,104.5,108,-3.53,Damyean Dotson,SG,23,1100000,1150241,44,2,10.8,1.6,3.7,0.447,0.5,1.5,0.324,1.1,2.1,0.538,0.516,0.4,0.5,0.696,0.2,1.7,1.9,0.7,0.3,0,0.4,0.8,4.1,474,11.6,0.532,0.422,0.143,2.1,17.5,9.8,9.5,1.3,0.4,9,17.3,0.3,0.3,0.6,0.06,-1.4,-1.7,-3.1,-0.1
2017/2018,99093000,100892064.5,815615,Brooklyn Nets,3,BRK,New York,East,Atlantic,28,54,0.341,106.6,110.3,-3.67,Milton Doyle,SG,24,127250,133061,10,0,12.5,1.3,4.7,0.277,0.4,2.3,0.174,0.9,2.4,0.375,0.319,0.4,0.8,0.5,0.3,1.5,1.8,1,0.6,0.2,0.2,1.3,3.4,125,5.2,0.337,0.489,0.17,2.5,12.9,7.6,11.7,2.3,1.2,3.8,18.2,-0.3,0.1,-0.1,-0.052,-5.2,-0.6,-5.8,-0.1
2017/2018,99093000,100892064.5,815615,Oklahoma City Thunder,21,OKC,Oklahoma,West,Northwest,48,34,0.585,107.9,104.4,3.42,PJ Dozier,PG,21,77250,80778,2,0,1.5,0.5,1,0.5,0,0,,0.5,1,0.5,0.5,0,0,,0,0.5,0.5,0,0,0,0.5,0.5,1,3,-5,0.5,0,0,0,38.3,18.5,0,0,0,33.3,42.9,0,0,0,-0.404,-23.5,-10.5,-34,0
2017/2018,99093000,100892064.5,815615,Miami Heat,16,MIA,Florida,East,Southeast,44,38,0.537,103.4,102.9,0.15,Goran Dragic,PG,31,17000450,17776923,75,75,31.7,6.5,14.3,0.45,1.5,4,0.37,5,10.3,0.481,0.502,2.9,3.6,0.801,0.7,3.4,4.1,4.8,0.8,0.2,2.2,2.4,17.3,2378,16.6,0.543,0.279,0.252,2.5,12,7.2,25.4,1.3,0.4,12.2,25.7,2.9,2.3,5.3,0.106,1,-1.1,-0.1,1.2
2017/2018,99093000,100892064.5,815615,#N/A,#N/A,TOT,#N/A,#N/A,#N/A,#N/A,#N/A,#N/A,#N/A,#N/A,#N/A,Larry Drew II,PG,27,222474,232635,10,0,7,0.7,2.4,0.292,0.3,0.9,0.333,0.4,1.5,0.267,0.354,0,0,,0.3,0,0.3,1,0,0,0.3,0.6,1.7,70,2.9,0.354,0.375,0,4.8,0,2.3,18.5,0,0,11.1,16.6,-0.1,0,-0.1,-0.061,-5.4,-5.3,-10.7,-0.2
2017/2018,99093000,100892064.5,815615,Philadelphia 76ers,23,PHI,Pennsylvania,East,Atlantic,52,30,0.634,109.8,105.3,4.3,Larry Drew II,PG,27,222474,232635,3,0,5,0.3,2.3,0.143,0,1,0,0.3,1.3,0.25,0.143,0,0,,0.3,0,0.3,0.7,0,0,0.3,0.7,0.7,15,-9.4,0.143,0.429,0,7.5,0,3.6,17.1,0,0,12.5,22.8,-0.1,0,-0.1,-0.299,-12.2,-5.2,-17.4,-0.1
2017/2018,99093000,100892064.5,815615,New Orleans Pelicans,19,NOP,Louisiana,West,Southwest,48,34,0.585,111.7,110.4,1.48,Larry Drew II,PG,27,222474,232635,7,0,7.9,0.9,2.4,0.353,0.4,0.9,0.5,0.4,1.6,0.273,0.441,0,0,,0.3,0,0.3,1.1,0,0,0.3,0.6,2.1,55,6.3,0.441,0.353,0,4.1,0,2,18.9,0,0,10.5,15,0,0,0,0.003,-3.5,-5.4,-8.9,-0.1
2017/2018,99093000,100892064.5,815615,Detroit Pistons,9,DET,Michigan,East,Central,39,43,0.476,103.8,103.9,-0.26,Andre Drummond,C,24,23775506,24861421,78,78,33.7,6,11.3,0.529,0,0.1,0,6,11.2,0.536,0.529,3.1,5.1,0.605,5.1,10.9,16,3,1.5,1.6,2.6,3.2,15,2625,22.9,0.555,0.012,0.448,16.4,36.4,26.2,14.3,2.2,4.3,15.9,21.2,4.6,5.7,10.3,0.189,0.2,5.3,5.5,5
2017/2018,99093000,100892064.5,815615,Phoenix Suns,24,PHO,Arizona,West,Pacific,21,61,0.256,103.9,113.3,-8.8,Jared Dudley,PF,32,10000000,10456736,48,0,14.3,1,2.5,0.393,0.6,1.7,0.363,0.4,0.9,0.452,0.512,0.6,0.7,0.771,0.2,1.8,2,1.6,0.5,0.2,0.6,1.8,3.2,686,8.8,0.553,0.656,0.287,1.2,13.6,7.3,15.6,1.7,1.3,16.9,10.2,0.5,0.4,0.8,0.058,-1.9,0,-1.9,0
2017/2018,99093000,100892064.5,815615,Chicago Bulls,5,CHI,Illinois,East,Central,27,55,0.329,102.9,110,-6.84,Kris Dunn,PG,23,4046760,4231590,52,43,29.3,5.5,12.8,0.429,0.8,2.6,0.321,4.7,10.2,0.457,0.462,1.6,2.2,0.737,0.5,3.8,4.3,6,2,0.5,2.9,3.3,13.4,1525,14.5,0.488,0.201,0.171,1.6,14.4,7.8,33.3,3.3,1.6,17.3,24.7,-1,1.9,0.9,0.027,-1.4,1.4,-0.1,0.7
2017/2018,99093000,100892064.5,815615,Golden State Warriors,10,GSW,California,West,Pacific,58,24,0.707,113.5,107.5,5.79,Kevin Durant,SF,29,25000000,26141842,68,68,34.2,9.3,18,0.516,2.5,6.1,0.419,6.7,11.9,0.565,0.586,5.3,5.9,0.889,0.5,6.4,6.8,5.4,0.7,1.8,3,2,26.4,2325,26,0.64,0.338,0.331,1.6,19.5,11.2,25.5,1,4,12.9,30.4,7.5,2.9,10.4,0.215,5,0.7,5.6,4.5
2017/2018,99093000,100892064.5,815615,#N/A,#N/A,TOT,#N/A,#N/A,#N/A,#N/A,#N/A,#N/A,#N/A,#N/A,#N/A,Jarell Eddie,SF,26,166256,173848,3,0,3,0,0.7,0,0,0.7,0,0,0,,0,0,0,,0,0.3,0.3,0,0.3,0,0,0,0,9,-1.9,0,1,0,0,12,6.1,0,5.6,0,0,9.8,0,0,0,-0.142,-10,1.6,-8.4,0
2017/2018,99093000,100892064.5,815615,Boston Celtics,2,BOS,Massachusetts,East,Atlantic,55,27,0.671,104,100.4,3.23,Jarell Eddie,SF,26,166256,173848,2,0,3,0,0.5,0,0,0.5,0,0,0,,0,0,0,,0,0.5,0.5,0,0.5,0,0,0,0,6,4,0,1,0,0,18,9.1,0,8.3,0,0,7.4,0,0,0,-0.026,-8.6,5.1,-3.5,0
2017/2018,99093000,100892064.5,815615,Chicago Bulls,5,CHI,Illinois,East,Central,27,55,0.329,102.9,110,-6.84,Jarell Eddie,SF,26,166256,173848,1,0,3,0,1,0,0,1,0,0,0,,0,0,0,,0,0,0,0,0,0,0,0,0,3,-13.5,0,1,0,0,0,0,0,0,0,0,14.5,0,0,0,-0.373,-13,-5.3,-18.3,0
2017/2018,99093000,100892064.5,815615,Detroit Pistons,9,DET,Michigan,East,Central,39,43,0.476,103.8,103.9,-0.26,Henry Ellenson,PF,21,1780800,1862135,38,0,8.7,1.4,3.8,0.363,0.5,1.6,0.333,0.9,2.3,0.384,0.432,0.7,0.8,0.862,0.3,1.9,2.1,0.5,0.1,0,0.5,0.6,4,329,10.5,0.476,0.411,0.199,3.3,24.3,13.6,9.4,0.8,0,10.2,23.8,-0.2,0.4,0.1,0.02,-4.3,-2.6,-6.8,-0.4
2017/2018,99093000,100892064.5,815615,Miami Heat,16,MIA,Florida,East,Southeast,44,38,0.537,103.4,102.9,0.15,Wayne Ellington,SG,30,6270000,6556374,77,2,26.5,3.7,9.1,0.407,2.9,7.5,0.392,0.8,1.6,0.479,0.569,0.9,1,0.859,0.3,2.5,2.8,1,0.7,0.1,0.7,1.2,11.2,2041,12.5,0.588,0.827,0.111,1.3,10.7,6,5.9,1.3,0.3,6.6,17.3,2.6,1.9,4.5,0.105,1.8,-1.8,0,1
2017/2018,99093000,100892064.5,815615,Philadelphia 76ers,23,PHI,Pennsylvania,East,Atlantic,52,30,0.634,109.8,105.3,4.3,Joel Embiid,C,23,6100266,6378887,63,63,30.3,8.1,16.8,0.483,1,3.4,0.308,7,13.4,0.527,0.514,5.7,7.4,0.769,2.3,8.7,11,3.2,0.6,1.8,3.7,3.3,22.9,1912,22.9,0.573,0.203,0.442,8.4,29.7,19.4,18,1,4.8,15.6,33.4,2.3,3.8,6.2,0.155,0.1,2.5,2.6,2.2
2017/2018,99093000,100892064.5,815615,#N/A,#N/A,TOT,#N/A,#N/A,#N/A,#N/A,#N/A,#N/A,#N/A,#N/A,#N/A,James Ennis,SF,27,3028410,3166728,72,22,22.3,2.5,5.3,0.474,0.7,2.1,0.333,1.8,3.2,0.567,0.54,1.3,1.6,0.836,1,2.1,3.1,1,0.7,0.3,0.8,1.9,7.1,1604,11.6,0.588,0.398,0.302,5.1,11,8,6.6,1.5,1,11.4,13.7,2,1.1,3.1,0.092,-0.6,-0.5,-1.1,0.4
2017/2018,99093000,100892064.5,815615,Memphis Grizzlies,15,MEM,Tennessee,West,Southwest,22,60,0.268,99.3,105.5,-5.81,James Ennis,SF,27,3028410,3166728,45,14,23.4,2.4,4.9,0.486,0.7,1.9,0.357,1.7,3.1,0.565,0.554,1.4,1.6,0.877,1.2,2.3,3.5,1.1,0.7,0.3,0.8,1.8,6.9,1053,11.9,0.61,0.378,0.329,5.7,11.7,8.6,7,1.5,1.1,13,12.5,1.5,0.6,2,0.093,-0.3,-0.4,-0.7,0.3
2017/2018,99093000,100892064.5,815615,Detroit Pistons,9,DET,Michigan,East,Central,39,43,0.476,103.8,103.9,-0.26,James Ennis,SF,27,3028410,3166728,27,8,20.4,2.7,6,0.457,0.8,2.6,0.304,2,3.4,0.57,0.522,1.2,1.6,0.767,0.7,1.7,2.5,0.8,0.6,0.2,0.7,2,7.5,551,11.2,0.558,0.426,0.265,3.9,9.6,6.7,5.9,1.4,1,9,16,0.5,0.5,1,0.09,-1,-0.7,-1.7,0
2017/2018,99093000,100892064.5,815615,Los Angeles Lakers,14,LAL,California,West,Pacific,35,47,0.427,108.1,109.6,-1.44,Tyler Ennis,PG,23,1524305,1593925,54,11,12.6,1.7,4.1,0.42,0.3,1,0.25,1.5,3.1,0.476,0.451,0.4,0.5,0.759,0.4,1.4,1.8,1.9,0.6,0.2,0.7,1.4,4.1,683,11.1,0.473,0.25,0.129,3,11.8,7.4,21.9,2.1,1.2,13.8,17.1,0.1,0.7,0.8,0.058,-2.8,-0.1,-2.9,-0.1
2017/2018,99093000,100892064.5,815615,Los Angeles Clippers,13,LAC,California,West,Pacific,42,40,0.512,109,109,0.15,Jawun Evans,PG,21,815615,852867,48,4,16.2,1.9,5.3,0.352,0.3,1.1,0.278,1.5,4.1,0.372,0.381,0.8,1,0.776,0.2,1.6,1.8,2.1,0.8,0.1,0.9,2,4.8,778,7.2,0.421,0.213,0.194,1.3,10.4,5.9,17.8,2.3,0.6,13.8,17.7,-0.8,0.6,-0.2,-0.011,-4.2,-0.5,-4.7,-0.5
2017/2018,99093000,100892064.5,815615,Atlanta Hawks,1,ATL,Georgia,East,Southeast,24,58,0.293,103.4,108.8,-5.3,Jeremy Evans,SF,30,154059,161095,1,0,5,1,1,1,0,0,,1,1,1,1,0,0,,1,0,1,0,0,0,1,1,2,5,10.4,1,0,0,22.3,0,11.2,0,0,0,50,17.5,0,0,0,-0.028,-2.3,-6,-8.3,0
2017/2018,99093000,100892064.5,815615,Memphis Grizzlies,15,MEM,Tennessee,West,Southwest,22,60,0.268,99.3,105.5,-5.81,Tyreke Evans,PG,28,3290000,3440266,52,32,30.9,7,15.6,0.452,2.2,5.5,0.399,4.8,10.1,0.482,0.523,3.2,4,0.785,0.8,4.3,5.1,5.2,1.1,0.3,2.3,1.8,19.4,1607,21.1,0.561,0.354,0.258,3.1,16.3,9.5,31.2,1.8,1,11.5,28.4,3.1,1.2,4.2,0.126,4.4,-0.8,3.6,2.3
2017/2018,99093000,100892064.5,815615,Utah Jazz,29,UTA,Utah,West,Northwest,48,34,0.585,104.1,99.8,4.47,Dante Exum,PG,22,4992385,5220405,14,0,16.8,3,6.2,0.483,0.4,1.3,0.278,2.6,4.9,0.536,0.511,1.8,2.2,0.806,0.3,1.6,1.9,3.1,0.6,0.2,1.4,1.4,8.1,235,16.7,0.566,0.207,0.356,2,10.5,6.3,29.7,1.7,1.1,16.6,23.1,0.3,0.3,0.7,0.133,-0.5,-0.7,-1.2,0
2017/2018,99093000,100892064.5,815615,Denver Nuggets,8,DEN,Colorado,West,Northwest,46,36,0.561,110,108.5,1.57,Kenneth Faried,PF,28,12921348,13511513,32,7,14.4,2.4,4.6,0.514,0,0,0,2.4,4.6,0.517,0.514,1.1,1.6,0.706,2.1,2.7,4.8,0.6,0.4,0.4,0.7,1.6,5.9,461,17.4,0.552,0.007,0.345,16.7,20.7,18.7,5.8,1.3,2.4,11.9,18.3,0.9,0.4,1.3,0.132,-1.1,-1.1,-2.3,0
2017/2018,99093000,100892064.5,815615,Utah Jazz,29,UTA,Utah,West,Northwest,48,34,0.585,104.1,99.8,4.47,Derrick Favors,C,26,12000000,12548084,77,77,28,5.1,9.1,0.563,0.2,0.8,0.222,4.9,8.3,0.596,0.573,1.8,2.8,0.651,2.6,4.6,7.2,1.3,0.7,1.1,1.1,2.1,12.3,2153,18.8,0.593,0.09,0.306,10.6,18.5,14.6,7.8,1.3,3.2,9.9,18.5,4.5,3.5,8,0.179,0.5,2.2,2.7,2.5
2017/2018,99093000,100892064.5,815615,#N/A,#N/A,TOT,#N/A,#N/A,#N/A,#N/A,#N/A,#N/A,#N/A,#N/A,#N/A,Kay Felder,PG,22,551866,577071,16,0,8.8,1.3,4.4,0.3,0.3,1.2,0.211,1.1,3.2,0.333,0.329,0.7,0.8,0.917,0.2,0.9,1.1,1.3,0.2,0.1,1,0.7,3.6,140,3.6,0.379,0.271,0.171,2.3,12,6.9,22,1,0.6,17.5,28.4,-0.6,0.1,-0.5,-0.175,-8.6,-3.8,-12.4,-0.4
2017/2018,99093000,100892064.5,815615,Chicago Bulls,5,CHI,Illinois,East,Central,27,55,0.329,102.9,110,-6.84,Kay Felder,PG,22,551866,577071,14,0,9.6,1.4,4.7,0.303,0.3,1.3,0.222,1.1,3.4,0.333,0.333,0.8,0.9,0.917,0.1,0.9,1,1.4,0.2,0.1,1.1,0.8,3.9,134,3.6,0.386,0.273,0.182,0.8,10.8,5.6,23,1.1,0.7,17.4,28,-0.5,0.1,-0.5,-0.168,-8.2,-3.3,-11.5,-0.3
2017/2018,99093000,100892064.5,815615,Detroit Pistons,9,DET,Michigan,East,Central,39,43,0.476,103.8,103.9,-0.26,Kay Felder,PG,22,551866,577071,2,0,3,0.5,2,0.25,0,0.5,0,0.5,1.5,0.333,0.25,0,0,,1,1,2,0,0,0,0.5,0,1,6,2,0.25,0.25,0,36,37.6,36.8,0,0,0,20,36.9,0,0,0,-0.336,-18.1,-13.4,-31.4,0
2017/2018,99093000,100892064.5,815615,Chicago Bulls,5,CHI,Illinois,East,Central,27,55,0.329,102.9,110,-6.84,Cristiano Felicio,C,25,7843500,8201741,55,16,17.8,2.3,3.9,0.591,0,0,0,2.3,3.9,0.596,0.591,1,1.5,0.667,1.5,2.7,4.2,1,0.3,0.2,1,1.9,5.6,977,12.5,0.614,0.009,0.377,8.8,17.1,12.8,8.4,0.8,1,17.7,13.6,1.2,0.5,1.7,0.086,-2.3,-0.1,-2.4,-0.1
2017/2018,99093000,100892064.5,815615,Oklahoma City Thunder,21,OKC,Oklahoma,West,Northwest,48,34,0.585,107.9,104.4,3.42,Raymond Felton,PG,33,2328652,2435010,82,2,16.6,2.7,6.7,0.406,1,2.8,0.352,1.7,3.9,0.444,0.479,0.4,0.5,0.818,0.3,1.6,1.9,2.5,0.6,0.2,0.9,1.1,6.9,1365,13,0.494,0.417,0.08,2,11,6.3,22.5,1.8,1.1,11.7,20.4,0.9,1.3,2.2,0.078,-1.1,-1.7,-2.8,-0.3
2017/2018,99093000,100892064.5,815615,Oklahoma City Thunder,21,OKC,Oklahoma,West,Northwest,48,34,0.585,107.9,104.4,3.42,Terrance Ferguson,SG,19,1785000,1866527,61,12,12.5,1.1,2.8,0.414,0.7,2,0.333,0.5,0.8,0.612,0.533,0.1,0.2,0.9,0.3,0.5,0.8,0.3,0.4,0.2,0.2,1.4,3.1,763,7.4,0.545,0.71,0.059,2.7,4.2,3.4,3.4,1.6,1.2,6,10.4,0.7,0.5,1.2,0.077,-1.2,-1.3,-2.5,-0.1
2017/2018,99093000,100892064.5,815615,Dallas Mavericks,7,DAL,Texas,West,Southwest,24,58,0.293,102.3,105.4,-2.7,Yogi Ferrell,SG,24,1312611,1372562,82,21,27.8,3.8,8.9,0.426,1.6,4.4,0.373,2.2,4.5,0.477,0.518,1,1.3,0.796,0.3,2.7,3,2.5,0.8,0.1,1,1.9,10.2,2282,11.4,0.54,0.492,0.141,1.2,11.2,6.1,13.5,1.4,0.4,9.1,17,1.5,1.5,3,0.064,-0.4,-0.6,-1,0.6
2017/2018,99093000,100892064.5,815615,Dallas Mavericks,7,DAL,Texas,West,Southwest,24,58,0.293,102.3,105.4,-2.7,Dorian Finney-Smith,PF,24,1312611,1372562,21,13,21.3,2.2,5.8,0.38,1,3.2,0.299,1.2,2.6,0.481,0.463,0.5,0.7,0.733,1,2.5,3.6,1.2,0.5,0.2,1,2,5.9,448,7.6,0.482,0.554,0.124,5.3,13.6,9.3,8.4,1.1,0.8,14.1,15.1,-0.2,0.3,0.1,0.015,-2.8,-0.3,-3.1,-0.1
2017/2018,99093000,100892064.5,815615,San Antonio Spurs,27,SAS,Texas,West,Southwest,47,35,0.573,102.7,99.8,2.89,Bryn Forbes,SG,24,1312611,1372562,80,12,19,2.6,6.2,0.421,1.1,2.9,0.39,1.5,3.4,0.446,0.51,0.6,0.9,0.667,0.2,1.2,1.4,1,0.4,0,0.5,1.4,6.9,1517,9.1,0.525,0.459,0.145,0.9,7.2,4,7.8,0.9,0.1,6.5,16.7,0.8,1.3,2.1,0.067,-1.2,-1.9,-3.1,-0.4
2017/2018,99093000,100892064.5,815615,Orlando Magic,22,ORL,Florida,East,Southeast,25,57,0.305,103.4,108.2,-4.92,Evan Fournier,SF,25,17000000,17776452,57,57,32.2,6.5,14.1,0.459,2.2,5.9,0.379,4.2,8.2,0.516,0.538,2.6,3,0.867,0.4,2.8,3.2,2.9,0.8,0.3,1.7,2.4,17.8,1837,15.5,0.577,0.418,0.216,1.4,9.5,5.4,14.8,1.3,0.7,9.8,23.3,2.4,0.9,3.3,0.087,1.6,-2.1,-0.4,0.7
2017/2018,99093000,100892064.5,815615,Sacramento Kings,26,SAC,California,West,Pacific,27,55,0.329,98.8,105.8,-6.6,De'Aaron Fox,PG,20,4609200,4819719,73,60,27.8,4.5,10.9,0.412,0.6,2.1,0.307,3.8,8.8,0.436,0.441,1.9,2.7,0.723,0.5,2.3,2.8,4.4,1,0.3,2.4,2.2,11.6,2026,11.2,0.478,0.192,0.245,1.8,10,5.7,24.6,1.7,0.9,16.4,23.4,-1.7,1.1,-0.6,-0.014,-2.8,-1.5,-4.4,-1.2
2017/2018,99093000,100892064.5,815615,Washington Wizards,30,WAS,Washington DC,East,Southeast,43,39,0.524,106.6,106,0.53,Tim Frazier,PG,27,2000000,2091347,59,11,14.2,1.2,2.9,0.395,0.3,0.9,0.304,0.9,2,0.44,0.445,0.4,0.5,0.767,0.3,1.6,1.9,3.3,0.8,0.1,1,1.6,3,838,11.3,0.475,0.326,0.174,2.4,13.1,7.8,31.1,2.8,0.7,23.5,12.8,0.4,1,1.4,0.08,-2.4,0.3,-2.1,0
2017/2018,99093000,100892064.5,815615,#N/A,#N/A,TOT,#N/A,#N/A,#N/A,#N/A,#N/A,#N/A,#N/A,#N/A,#N/A,Channing Frye,C,34,7420912,7759852,53,1,13.1,2,4,0.491,0.7,2.2,0.339,1.2,1.8,0.67,0.583,0.3,0.4,0.895,0.2,2.3,2.5,0.7,0.3,0.2,0.4,1.3,5,695,13.1,0.599,0.542,0.09,1.9,19.4,10.8,7.9,1.3,1.6,8.7,15.2,0.9,0.6,1.5,0.101,-0.7,-1,-1.7,0.1
2017/2018,99093000,100892064.5,815615,Cleveland Cavaliers,6,CLE,Ohio,East,Central,50,32,0.61,110.9,109.9,0.59,Channing Frye,C,34,7420912,7759852,44,1,12.4,1.9,3.8,0.497,0.7,2,0.333,1.2,1.8,0.684,0.586,0.3,0.3,0.933,0.2,2.3,2.5,0.6,0.4,0.3,0.4,1.2,4.8,545,13.9,0.604,0.533,0.089,2.1,20.3,11.3,7.5,1.5,1.9,8.8,15.6,0.7,0.5,1.2,0.104,-0.5,-0.8,-1.3,0.1
2017/2018,99093000,100892064.5,815615,Los Angeles Lakers,14,LAL,California,West,Pacific,35,47,0.427,108.1,109.6,-1.44,Channing Frye,C,34,7420912,7759852,9,0,16.7,2.2,4.8,0.465,1,2.8,0.36,1.2,2,0.611,0.57,0.3,0.4,0.75,0.2,2.6,2.8,1.1,0.1,0.1,0.4,1.7,5.8,150,10.2,0.581,0.581,0.093,1.4,16.2,8.9,9.5,0.3,0.5,8.2,13.8,0.2,0.1,0.3,0.091,-1.3,-1.8,-3,0
2017/2018,99093000,100892064.5,815615,Philadelphia 76ers,23,PHI,Pennsylvania,East,Atlantic,52,30,0.634,109.8,105.3,4.3,Markelle Fultz,SG,19,7026240,7347154,14,0,18.1,3.2,7.9,0.405,0,0.1,0,3.2,7.9,0.409,0.405,0.7,1.5,0.476,0.8,2.3,3.1,3.8,0.9,0.3,1.2,1.6,7.1,253,12.4,0.416,0.009,0.189,4.9,13.1,9.2,31.3,2.3,1.3,12.4,23.1,-0.2,0.4,0.2,0.043,-3.8,0.8,-3,-0.1
2017/2018,99093000,100892064.5,815615,Los Angeles Clippers,13,LAC,California,West,Pacific,42,40,0.512,109,109,0.15,Danilo Gallinari,SF,29,20559599,21498631,21,21,32,4.9,12.2,0.398,1.7,5.3,0.324,3.1,6.9,0.455,0.469,3.9,4.1,0.931,0.4,4.4,4.8,2,0.6,0.5,1.2,1.4,15.3,671,13.8,0.545,0.434,0.34,1.5,14.9,8.3,8.9,0.9,1.2,8.1,20.6,0.8,0.4,1.2,0.088,0,-1.5,-1.4,0.1
2017/2018,99093000,100892064.5,815615,Detroit Pistons,9,DET,Michigan,East,Central,39,43,0.476,103.8,103.9,-0.26,Langston Galloway,SG,26,6666667,6971158,58,2,14.9,2.2,5.9,0.371,1.3,3.8,0.344,0.9,2.1,0.418,0.481,0.6,0.7,0.805,0.2,1.4,1.6,1,0.6,0.1,0.3,0.7,6.2,863,12.2,0.503,0.641,0.121,1.6,10.3,5.9,10.1,2,0.5,4.8,19.3,0.5,0.9,1.4,0.08,-0.2,-1.6,-1.7,0.1
2017/2018,99093000,100892064.5,815615,Memphis Grizzlies,15,MEM,Tennessee,West,Southwest,22,60,0.268,99.3,105.5,-5.81,Marc Gasol,C,33,22642350,23676509,73,73,33,5.9,14.2,0.42,1.5,4.4,0.341,4.5,9.8,0.456,0.473,3.8,4.6,0.834,1.1,7,8.1,4.2,0.7,1.4,2.7,2.5,17.2,2408,17.4,0.532,0.31,0.326,3.7,25.3,14.2,21.7,1.1,3.9,14.1,25.6,1.5,2.6,4,0.08,-0.1,1.6,1.5,2.1
2017/2018,99093000,100892064.5,815615,San Antonio Spurs,27,SAS,Texas,West,Southwest,47,35,0.573,102.7,99.8,2.89,Pau Gasol,C,37,16000000,16730779,77,63,23.5,3.7,8.1,0.458,0.6,1.6,0.358,3.2,6.6,0.481,0.492,2.1,2.7,0.756,1.7,6.4,8,3.1,0.3,1,1.4,1.6,10.1,1812,18.9,0.539,0.191,0.333,7.8,30.2,19,20.1,0.7,3.6,13.1,20.4,2.7,3.3,6,0.159,-0.1,3.3,3.2,2.4
2017/2018,99093000,100892064.5,815615,San Antonio Spurs,27,SAS,Texas,West,Southwest,47,35,0.573,102.7,99.8,2.89,Rudy Gay,PF,31,8406000,8789933,57,6,21.6,4.4,9.4,0.471,0.6,2.1,0.314,3.8,7.4,0.516,0.506,2,2.5,0.772,1.3,3.8,5.1,1.3,0.8,0.7,1.4,1.7,11.5,1231,18,0.545,0.22,0.27,6.8,19.5,13.1,9.8,1.9,2.6,11.5,24.6,1,2.1,3.1,0.122,-0.7,1,0.3,0.7
2017/2018,99093000,100892064.5,815615,Oklahoma City Thunder,21,OKC,Oklahoma,West,Northwest,48,34,0.585,107.9,104.4,3.42,Paul George,SF,27,19300000,20181502,79,79,36.6,7.3,17,0.43,3.1,7.7,0.401,4.2,9.3,0.454,0.521,4.3,5.2,0.822,0.9,4.7,5.7,3.3,2,0.5,2.7,2.9,21.9,2891,18.7,0.57,0.454,0.307,2.7,14.9,8.6,14.5,2.8,1.2,12.2,25.7,5,3.9,8.9,0.147,2.5,0,2.5,3.3
2017/2018,99093000,100892064.5,815615,Minnesota Timberwolves,18,MIN,Minnesota,West,Northwest,47,35,0.573,109.5,107.3,2.35,Marcus Georges-Hunt,SG,23,1312611,1372562,42,0,5.3,0.5,1.1,0.438,0.1,0.4,0.267,0.4,0.8,0.515,0.479,0.3,0.5,0.619,0.2,0.2,0.4,0.2,0.1,0,0.1,0.8,1.4,224,6.9,0.515,0.313,0.438,3.6,4.7,4.1,4.1,1.3,0,5,11.9,0.2,0,0.2,0.049,-1.7,-2.7,-4.4,-0.1
2017/2018,99093000,100892064.5,815615,Boston Celtics,2,BOS,Massachusetts,East,Atlantic,55,27,0.671,104,100.4,3.23,Jonathan Gibson,PG,30,74158,77545,4,0,10,3.5,5.8,0.609,1.5,3,0.5,2,2.8,0.727,0.739,0,0,,0,0.8,0.8,1,0,0,0.8,1.3,8.5,40,25.4,0.739,0.522,0,0,8.1,4.1,22.6,0,0,11.5,29,0.1,0,0.2,0.195,7.2,-5.3,1.9,0
2017/2018,99093000,100892064.5,815615,Minnesota Timberwolves,18,MIN,Minnesota,West,Northwest,47,35,0.573,109.5,107.3,2.35,Taj Gibson,PF,32,14000000,14639431,82,82,33.2,5.2,9,0.577,0.1,0.4,0.2,5.1,8.6,0.595,0.581,1.7,2.3,0.768,2.4,4.8,7.1,1.2,0.8,0.7,1.1,2.7,12.2,2726,15.4,0.61,0.047,0.251,8.1,16.7,12.4,5.2,1.1,1.9,9.8,14.7,5.4,1.7,7.2,0.126,0.9,0.2,1.1,2.1
2017/2018,99093000,100892064.5,815615,San Antonio Spurs,27,SAS,Texas,West,Southwest,47,35,0.573,102.7,99.8,2.89,Manu Ginobili,SG,40,2500000,2614184,65,0,20,3.1,7.1,0.434,1,3,0.333,2.1,4.2,0.506,0.503,1.7,2,0.84,0.3,1.9,2.2,2.5,0.7,0.2,1.6,1.9,8.9,1299,12.9,0.553,0.415,0.283,1.6,10.6,6.1,19.1,1.7,1,16.8,21.5,0.6,1.6,2.2,0.082,-0.5,-0.5,-1,0.3
2017/2018,99093000,100892064.5,815615,Utah Jazz,29,UTA,Utah,West,Northwest,48,34,0.585,104.1,99.8,4.47,Rudy Gobert,C,25,21224719,22194130,56,56,32.4,4.9,7.9,0.622,0,0,,4.9,7.9,0.622,0.622,3.6,5.3,0.682,2.9,7.8,10.7,1.4,0.8,2.3,1.9,2.7,13.5,1816,20.7,0.657,0,0.673,10.4,27,18.8,6.9,1.2,6,15.7,16.9,4.2,3.9,8.1,0.214,-0.3,4.6,4.3,2.9
2017/2018,99093000,100892064.5,815615,Orlando Magic,22,ORL,Florida,East,Southeast,25,57,0.305,103.4,108.2,-4.92,Aaron Gordon,PF,22,5504419,5755826,58,57,32.9,6.5,14.9,0.434,2,5.9,0.336,4.5,9,0.497,0.5,2.7,3.9,0.698,1.5,6.4,7.9,2.3,1,0.8,1.8,1.9,17.6,1909,16.5,0.53,0.395,0.26,5,21.5,13.2,11.7,1.5,1.9,10,24.7,0.9,2,2.9,0.072,0,0,0,1
2017/2018,99093000,100892064.5,815615,Houston Rockets,11,HOU,Texas,West,Southwest,65,17,0.793,112.4,103.9,8.21,Eric Gordon,SG,29,12943020,13534175,69,30,31.2,6,14.1,0.428,3.2,8.8,0.359,2.9,5.2,0.544,0.54,2.8,3.5,0.809,0.4,2.1,2.5,2.2,0.6,0.4,1.9,1.7,18,2154,15.2,0.578,0.627,0.248,1.3,7.5,4.4,11.7,1,1.1,10.8,24.7,2.9,1.8,4.7,0.105,1.4,-2.4,-1,0.5
2017/2018,99093000,100892064.5,815615,Washington Wizards,30,WAS,Washington DC,East,Southeast,43,39,0.524,106.6,106,0.53,Marcin Gortat,C,33,12782609,13366437,82,82,25.3,3.5,6.8,0.518,0,0,,3.5,6.8,0.518,0.518,1.3,2,0.675,2.2,5.4,7.6,1.8,0.5,0.7,1.2,2.1,8.4,2075,14.7,0.546,0,0.291,9.9,24,17,10.6,1,2.6,13.5,15.5,2.4,2.4,4.9,0.113,-1.6,1.9,0.3,1.2
2017/2018,99093000,100892064.5,815615,Charlotte Hornets,4,CHO,North Carolina,East,Southeast,36,46,0.439,108.2,108,0.07,Treveon Graham,SG,24,1312611,1372562,63,2,16.7,1.5,3.5,0.434,0.6,1.5,0.412,0.9,2,0.452,0.525,0.7,0.9,0.695,0.7,1.3,1.9,0.9,0.5,0,0.4,1.7,4.3,1050,9,0.553,0.439,0.267,4.3,8.3,6.2,7.8,1.5,0.2,9.9,11.3,1.1,0.7,1.8,0.08,-0.6,-0.3,-0.9,0.3
2017/2018,99093000,100892064.5,815615,Oklahoma City Thunder,21,OKC,Oklahoma,West,Northwest,48,34,0.585,107.9,104.4,3.42,Jerami Grant,PF,23,1524305,1593925,81,1,20.3,3,5.6,0.535,0.4,1.4,0.291,2.6,4.3,0.613,0.57,2,3,0.675,1.1,2.9,3.9,0.7,0.4,1,0.7,1.9,8.4,1647,16.2,0.607,0.241,0.526,5.6,16.3,10.7,5.1,0.9,4.2,8.8,16,3.5,1.9,5.4,0.156,-0.8,0.2,-0.6,0.6
2017/2018,99093000,100892064.5,815615,Chicago Bulls,5,CHI,Illinois,East,Central,27,55,0.329,102.9,110,-6.84,Jerian Grant,PG,25,1713840,1792117,74,26,22.8,2.8,6.8,0.416,0.8,2.5,0.326,2,4.3,0.468,0.476,1.9,2.5,0.745,0.4,1.9,2.3,4.6,0.9,0.1,1.2,1.8,8.4,1686,14.3,0.528,0.372,0.374,1.9,9.3,5.5,30.1,1.8,0.4,13.2,17.4,2.3,1,3.3,0.094,-0.1,-1.8,-2,0
2017/2018,99093000,100892064.5,815615,Phoenix Suns,24,PHO,Arizona,West,Pacific,21,61,0.256,103.9,113.3,-8.8,Josh Gray,PG,24,92159,96368,5,0,17.2,2.2,8.2,0.268,0.6,2.6,0.231,1.6,5.6,0.286,0.305,1.4,2.2,0.636,0.4,1.6,2,2.4,1.6,0.4,1.4,1.6,6.4,86,7.2,0.349,0.317,0.268,2.4,10.1,6.2,20.8,4.5,1.9,13.2,26.1,-0.3,0.1,-0.2,-0.118,-5.9,0.4,-5.5,-0.1
2017/2018,99093000,100892064.5,815615,San Antonio Spurs,27,SAS,Texas,West,Southwest,47,35,0.573,102.7,99.8,2.89,Danny Green,SG,30,10000000,10456736,70,60,25.6,3.1,8,0.387,1.7,4.6,0.363,1.4,3.4,0.419,0.49,0.7,0.9,0.769,0.6,3,3.6,1.6,0.9,1.1,1.1,1.7,8.6,1791,11.4,0.509,0.57,0.116,2.5,13,7.7,8.9,1.8,3.7,11.2,16.6,0.1,2.9,2.9,0.078,-1.1,2.2,1.2,1.4
2017/2018,99093000,100892064.5,815615,Golden State Warriors,10,GSW,California,West,Pacific,58,24,0.707,113.5,107.5,5.79,Draymond Green,PF,27,16400000,17149048,70,70,32.7,4,8.8,0.454,1.1,3.7,0.301,2.9,5.2,0.562,0.516,1.9,2.5,0.775,1.1,6.6,7.6,7.3,1.4,1.3,2.9,2.6,11,2287,16.1,0.556,0.414,0.279,3.9,21.1,13.1,29,2,3.1,22.5,17.2,2.6,3.4,6.1,0.127,0.4,2.7,3.2,3
2017/2018,99093000,100892064.5,815615,Houston Rockets,11,HOU,Texas,West,Southwest,65,17,0.793,112.4,103.9,8.21,Gerald Green,SG,32,1381403,1444496,41,2,22.7,4.1,10.1,0.407,2.7,7.3,0.369,1.4,2.8,0.504,0.54,1.2,1.5,0.85,0.4,2.9,3.2,0.6,0.6,0.4,0.8,2.1,12.1,929,14.1,0.566,0.722,0.145,1.8,14.2,8.1,4.3,1.3,1.4,6.6,22.4,1,1,2.1,0.107,0.5,-2.4,-1.9,0
2017/2018,99093000,100892064.5,815615,Memphis Grizzlies,15,MEM,Tennessee,West,Southwest,22,60,0.268,99.3,105.5,-5.81,JaMychal Green,PF,27,8533333,8923081,55,54,28,4.1,8.9,0.457,0.8,2.3,0.339,3.3,6.6,0.499,0.501,1.5,2,0.721,2.7,5.8,8.4,1.4,0.6,0.5,1.4,2.8,10.3,1542,14,0.53,0.26,0.227,10.8,24.4,17.4,8.3,1,1.5,12.4,17.8,1.3,1.3,2.6,0.079,-1.2,-0.4,-1.5,0.2
2017/2018,99093000,100892064.5,815615,Cleveland Cavaliers,6,CLE,Ohio,East,Central,50,32,0.61,110.9,109.9,0.59,Jeff Green,PF,31,2116955,2213644,78,13,23.4,3.8,7.9,0.477,0.7,2.2,0.312,3.1,5.7,0.54,0.52,2.6,3,0.868,0.8,2.4,3.2,1.3,0.5,0.4,1,1.9,10.8,1828,14.8,0.587,0.275,0.379,3.7,11.2,7.6,8,1.1,1.6,9.4,19.3,3.1,0.8,3.9,0.103,-0.2,-1.7,-1.9,0.1
2017/2018,99093000,100892064.5,815615,#N/A,#N/A,TOT,#N/A,#N/A,#N/A,#N/A,#N/A,#N/A,#N/A,#N/A,#N/A,Blake Griffin,PF,28,29512900,30860863,58,58,34,7.5,17.2,0.438,1.9,5.6,0.345,5.6,11.6,0.482,0.493,4.5,5.7,0.785,1.3,6.1,7.4,5.8,0.7,0.3,2.8,2.4,21.4,1970,19.6,0.544,0.323,0.331,4.1,19.8,12,28.1,1,0.8,12.6,28.9,3.2,1.8,4.9,0.12,2.9,-0.1,2.8,2.4
2017/2018,99093000,100892064.5,815615,Los Angeles Clippers,13,LAC,California,West,Pacific,42,40,0.512,109,109,0.15,Blake Griffin,PF,28,29512900,30860863,33,33,34.5,7.7,17.5,0.441,1.9,5.7,0.342,5.8,11.8,0.488,0.497,5.2,6.6,0.785,1.4,6.5,7.9,5.4,0.9,0.3,3,2.4,22.6,1139,20.4,0.553,0.324,0.379,4.5,20.5,12.6,25.6,1.3,0.7,12.8,29.3,2,1,3,0.126,3.2,-0.1,3.1,1.5
2017/2018,99093000,100892064.5,815615,Detroit Pistons,9,DET,Michigan,East,Central,39,43,0.476,103.8,103.9,-0.26,Blake Griffin,PF,28,29512900,30860863,25,25,33.2,7.2,16.7,0.433,1.9,5.4,0.348,5.4,11.3,0.473,0.489,3.5,4.4,0.784,1.1,5.6,6.6,6.2,0.4,0.4,2.6,2.4,19.8,831,18.5,0.531,0.323,0.266,3.5,18.9,11,31.5,0.7,1,12.4,28.4,1.1,0.8,1.9,0.113,2.4,-0.1,2.3,0.9
2017/2018,99093000,100892064.5,815615,Oklahoma City Thunder,21,OKC,Oklahoma,West,Northwest,48,34,0.585,107.9,104.4,3.42,Daniel Hamilton,SG,22,77250,80778,6,0,4.7,0.8,1.8,0.455,0.3,0.8,0.4,0.5,1,0.5,0.545,0,0,,0,0.8,0.8,1.3,0.2,0,0.3,0.3,2,28,18.2,0.545,0.455,0,0,20.5,9.9,44.2,1.8,0,15.4,19.9,0.1,0,0.1,0.169,0.8,-2.4,-1.6,0
2017/2018,99093000,100892064.5,815615,New York Knicks,20,NYK,New York,East,Atlantic,29,53,0.354,104.5,108,-3.53,Tim Hardaway Jr,SG,25,16500000,17253615,57,54,33.1,6.3,15,0.421,2.3,7.2,0.317,4,7.8,0.516,0.496,2.6,3.1,0.816,0.6,3.4,3.9,2.7,1.1,0.2,1.6,2.2,17.5,1885,14.4,0.533,0.479,0.209,1.9,11.3,6.6,12.7,1.6,0.5,9,23.8,1.6,1.1,2.6,0.067,1.7,-1.8,-0.1,0.9
2017/2018,99093000,100892064.5,815615,Houston Rockets,11,HOU,Texas,West,Southwest,65,17,0.793,112.4,103.9,8.21,James Harden,SG,28,28299399,29591937,72,72,35.4,9,20.1,0.449,3.7,10,0.367,5.4,10.1,0.531,0.541,8.7,10.1,0.858,0.6,4.8,5.4,8.8,1.8,0.7,4.4,2.3,30.4,2551,29.8,0.619,0.498,0.502,1.8,15.2,8.6,45.1,2.4,1.7,15.1,36.1,11.6,3.8,15.4,0.289,9.6,1.3,10.9,8.3
2017/2018,99093000,100892064.5,815615,Portland Trail Blazers,25,POR,Oregon,West,Northwest,49,33,0.598,105.6,103,2.6,Moe Harkless,SF,24,10662922,11149937,59,36,21.4,2.5,5,0.495,0.8,2,0.415,1.7,3,0.547,0.577,0.7,1,0.712,0.8,2,2.7,0.9,0.8,0.7,0.7,1.7,6.5,1264,12.6,0.596,0.397,0.199,4,9.9,7,6,1.9,2.8,11,12.6,1.6,1.7,3.2,0.123,-0.2,2,1.8,1.2
2017/2018,99093000,100892064.5,815615,Los Angeles Clippers,13,LAC,California,West,Pacific,42,40,0.512,109,109,0.15,Montrezl Harrell,C,24,1471382,1538585,76,3,17,4.6,7.2,0.635,0,0.1,0.143,4.6,7.1,0.641,0.636,1.8,2.9,0.626,1.4,2.7,4,1,0.5,0.7,0.9,1.9,11,1293,24.7,0.647,0.013,0.405,8.9,17,13,10.1,1.4,3.4,9.5,23.8,4.3,1.3,5.5,0.205,2.4,0,2.4,1.5
2017/2018,99093000,100892064.5,815615,#N/A,#N/A,TOT,#N/A,#N/A,#N/A,#N/A,#N/A,#N/A,#N/A,#N/A,#N/A,Devin Harris,PG,34,4402546,4603626,71,1,18.9,2.6,6.4,0.412,1.1,3.2,0.348,1.5,3.2,0.476,0.499,2,2.4,0.835,0.2,1.6,1.8,2.1,0.7,0.2,1.1,2.2,8.4,1340,13,0.563,0.5,0.374,1,9.8,5.3,16.9,1.8,0.8,12.6,20.2,1.6,0.9,2.5,0.089,-0.1,-1.9,-2,0
2017/2018,99093000,100892064.5,815615,Dallas Mavericks,7,DAL,Texas,West,Southwest,24,58,0.293,102.3,105.4,-2.7,Devin Harris,PG,34,4402546,4603626,44,1,18.3,2.7,6.5,0.415,1,2.8,0.352,1.7,3.6,0.465,0.493,2.1,2.5,0.83,0.2,1.7,1.9,1.9,0.8,0.2,1.1,2.3,8.5,807,13.5,0.56,0.44,0.394,1.2,10.8,5.8,16.4,2.1,0.9,12.8,21.5,0.7,0.7,1.4,0.085,-0.5,-0.9,-1.4,0.1
2017/2018,99093000,100892064.5,815615,Denver Nuggets,8,DEN,Colorado,West,Northwest,46,36,0.561,110,108.5,1.57,Devin Harris,PG,34,4402546,4603626,27,0,19.7,2.6,6.3,0.406,1.3,3.8,0.343,1.3,2.5,0.5,0.509,1.8,2.1,0.845,0.1,1.4,1.6,2.5,0.5,0.1,1,2,8.2,533,12.4,0.568,0.6,0.341,0.6,8.2,4.4,17.7,1.3,0.6,12.1,18.2,0.9,0.2,1.1,0.096,0.5,-3.3,-2.8,-0.1
2017/2018,99093000,100892064.5,815615,Denver Nuggets,8,DEN,Colorado,West,Northwest,46,36,0.561,110,108.5,1.57,Gary Harris,SG,23,2550055,2666525,67,65,34.4,6.6,13.6,0.485,2.3,5.9,0.396,4.2,7.7,0.553,0.57,2,2.4,0.827,0.6,2.1,2.6,2.9,1.8,0.2,1.8,1.8,17.5,2304,16.5,0.597,0.434,0.178,1.8,6.8,4.3,13,2.6,0.5,10.8,20.7,3.9,1.5,5.5,0.114,2.4,-1.5,0.9,1.7
2017/2018,99093000,100892064.5,815615,Brooklyn Nets,3,BRK,New York,East,Atlantic,28,54,0.341,106.6,110.3,-3.67,Joe Harris,SG,26,1524305,1593925,78,14,25.3,3.9,8,0.491,1.9,4.6,0.419,2,3.4,0.589,0.612,1.1,1.3,0.827,0.7,2.7,3.3,1.6,0.4,0.3,1.2,2,10.8,1975,13.3,0.634,0.576,0.167,2.7,11.3,7,10.2,0.9,0.8,12,16.6,3,0.9,4,0.097,1.3,-1.2,0.1,1.1
2017/2018,99093000,100892064.5,815615,#N/A,#N/A,TOT,#N/A,#N/A,#N/A,#N/A,#N/A,#N/A,#N/A,#N/A,#N/A,Tobias Harris,PF,25,16000000,16730779,80,80,33.4,7,15.3,0.46,2.3,5.6,0.411,4.7,9.7,0.488,0.535,2.2,2.7,0.829,0.7,4.7,5.5,2.4,0.9,0.4,1.3,2.1,18.6,2668,17.1,0.565,0.364,0.177,2.4,15.7,9,11.8,1.3,1.1,7.4,23.3,4.2,2.5,6.7,0.12,1.5,-0.8,0.7,1.8
2017/2018,99093000,100892064.5,815615,Detroit Pistons,9,DET,Michigan,East,Central,39,43,0.476,103.8,103.9,-0.26,Tobias Harris,PF,25,16000000,16730779,48,48,32.6,6.7,14.8,0.451,2.4,5.8,0.409,4.3,9,0.478,0.531,2.4,2.8,0.846,0.8,4.3,5.1,2,0.7,0.3,1.1,1.9,18.1,1563,16.7,0.564,0.389,0.192,2.5,15,8.6,9.9,1.1,0.9,6.2,23.2,2.6,1.5,4.1,0.125,1.4,-1.2,0.2,0.9
2017/2018,99093000,100892064.5,815615,Los Angeles Clippers,13,LAC,California,West,Pacific,42,40,0.512,109,109,0.15,Tobias Harris,PF,25,16000000,16730779,32,32,34.5,7.6,16,0.473,2.2,5.3,0.414,5.4,10.7,0.501,0.541,2,2.5,0.8,0.7,5.3,6,3.1,1.2,0.6,1.7,2.3,19.3,1105,17.7,0.565,0.33,0.156,2.2,16.8,9.6,14.3,1.6,1.5,9,23.5,1.6,1,2.6,0.112,1.7,-0.2,1.5,1
2017/2018,99093000,100892064.5,815615,Dallas Mavericks,7,DAL,Texas,West,Southwest,24,58,0.293,102.3,105.4,-2.7,Aaron Harrison,SG,23,174570,182543,9,3,25.9,2.1,7.7,0.275,1,4.8,0.209,1.1,2.9,0.385,0.341,1.4,1.9,0.765,0.4,2.2,2.7,1.2,1,0.2,0.3,3,6.7,233,5.1,0.392,0.623,0.246,1.8,9.9,5.7,6.7,1.9,0.8,3.8,15.5,-0.3,0.2,-0.1,-0.014,-3.6,-0.5,-4.1,-0.1
2017/2018,99093000,100892064.5,815615,Memphis Grizzlies,15,MEM,Tennessee,West,Southwest,22,60,0.268,99.3,105.5,-5.81,Andrew Harrison,PG,23,1312611,1372562,56,46,23.7,3.2,7.7,0.422,0.8,2.5,0.331,2.4,5.1,0.467,0.477,2.2,2.8,0.78,0.4,1.9,2.3,3.2,0.7,0.5,1.4,2.5,9.5,1326,12.7,0.534,0.331,0.371,2,9.7,5.7,21.3,1.4,1.8,14,19.6,1,0.7,1.7,0.062,-0.9,-1.5,-2.5,-0.2
2017/2018,99093000,100892064.5,815615,Phoenix Suns,24,PHO,Arizona,West,Pacific,21,61,0.256,103.9,113.3,-8.8,Shaquille Harrison,PG,24,230399,240922,23,2,16.7,2.6,5.4,0.476,0.3,1.1,0.231,2.3,4.3,0.541,0.5,1.2,1.7,0.737,0.4,2.3,2.7,2.4,1.1,0.3,1,1.8,6.6,384,15.6,0.54,0.21,0.306,2.5,14.7,8.5,22.2,3.2,1.5,13.5,18,0.4,0.4,0.8,0.094,-0.7,0.9,0.2,0.2
2017/2018,99093000,100892064.5,815615,Los Angeles Lakers,14,LAL,California,West,Pacific,35,47,0.427,108.1,109.6,-1.44,Josh Hart,SG,22,1394520,1458212,63,23,23.2,2.8,6,0.469,1.2,3.1,0.396,1.6,2.8,0.551,0.573,1,1.5,0.702,0.7,3.5,4.2,1.3,0.7,0.3,0.7,1.7,7.9,1461,12.2,0.596,0.525,0.251,3.1,16,9.6,7.6,1.5,0.9,10.1,13.5,1.9,1.5,3.4,0.111,-0.3,0.2,-0.1,0.7
2017/2018,99093000,100892064.5,815615,Miami Heat,16,MIA,Florida,East,Southeast,44,38,0.537,103.4,102.9,0.15,Udonis Haslem,C,37,2328652,2435010,14,0,5.1,0.2,1.1,0.2,0.1,0.6,0.125,0.1,0.5,0.286,0.233,0.1,0.1,0.5,0.2,0.5,0.7,0.4,0,0.1,0.1,0.2,0.6,72,1.8,0.252,0.533,0.133,4.7,10.9,7.8,9.2,0,2.4,11.2,11.1,-0.1,0.1,-0.1,-0.059,-7.1,-0.4,-7.5,-0.1
2017/2018,99093000,100892064.5,815615,#N/A,#N/A,TOT,#N/A,#N/A,#N/A,#N/A,#N/A,#N/A,#N/A,#N/A,#N/A,Nigel Hayes,SF,23,193532,202370,9,0,13.6,1.2,3.7,0.333,0.4,1.8,0.25,0.8,1.9,0.412,0.394,0.1,0.3,0.333,0.4,2,2.4,0.7,0.2,0.3,0.2,0.9,3,122,6.4,0.393,0.485,0.091,3.6,17.5,10.3,6.7,0.8,2.3,5.5,13.3,-0.2,0.1,-0.1,-0.034,-5.1,-1.3,-6.4,-0.1
2017/2018,99093000,100892064.5,815615,Los Angeles Lakers,14,LAL,California,West,Pacific,35,47,0.427,108.1,109.6,-1.44,Nigel Hayes,SF,23,193532,202370,2,0,5.5,0.5,1.5,0.333,0,1,0,0.5,0.5,1,0.333,0.5,0.5,1,0,0,0,1,0,0,0,0,1.5,11,9.8,0.436,0.667,0.333,0,0,0,24.3,0,0,0,13.3,0,0,0,0.069,-3.5,-9.3,-12.8,0
2017/2018,99093000,100892064.5,815615,Toronto Raptors,28,TOR,Ontario,East,Atlantic,59,23,0.72,111.7,103.9,7.29,Nigel Hayes,SF,23,193532,202370,2,0,3,1,1,1,1,1,1,0,0,,1.5,0,0,,0,0,0,0,0,0,0.5,0,3,6,34.9,1.5,1,0,0,0,0,0,0,0,33.3,21.9,0,0,0,0.018,14.4,-6.4,8,0
2017/2018,99093000,100892064.5,815615,Sacramento Kings,26,SAC,California,West,Pacific,27,55,0.329,98.8,105.8,-6.6,Nigel Hayes,SF,23,193532,202370,5,0,21,1.6,5.6,0.286,0.4,2.4,0.167,1.2,3.2,0.375,0.321,0,0.4,0,0.8,3.6,4.4,0.8,0.4,0.6,0.2,1.6,3.6,105,4.4,0.312,0.429,0.071,4.2,20.4,11.9,5.2,1,2.7,3.3,12.8,-0.2,0.1,-0.1,-0.048,-6.4,-0.2,-6.5,-0.1
2017/2018,99093000,100892064.5,815615,Boston Celtics,2,BOS,Massachusetts,East,Atlantic,55,27,0.671,104,100.4,3.23,Gordon Hayward,SF,27,29727900,31085683,1,1,5,1,2,0.5,0,1,0,1,1,1,0.5,0,0,,0,1,1,0,0,0,0,1,2,5,7.3,0.5,0.5,0,0,21.6,10.9,0,0,0,0,17.9,0,0,0,0.056,-5.9,-6.1,-12,0
2017/2018,99093000,100892064.5,815615,Detroit Pistons,9,DET,Michigan,East,Central,39,43,0.476,103.8,103.9,-0.26,Reggie Hearn,SG,26,77250,80778,3,0,2.3,0.3,0.7,0.5,0.3,0.7,0.5,0,0,,0.75,0,0,,0,0,0,0,0,0,0,0,1,7,13.1,0.75,1,0,0,0,0,0,0,0,0,12.7,0,0,0,0.132,2.8,-5.1,-2.3,0
2017/2018,99093000,100892064.5,815615,Memphis Grizzlies,15,MEM,Tennessee,West,Southwest,22,60,0.268,99.3,105.5,-5.81,Myke Henry,SF,25,77250,80778,20,0,18.9,2.1,5.5,0.376,1,2.9,0.328,1.1,2.6,0.431,0.463,0.3,0.5,0.6,0.5,1.4,1.9,1.1,1.6,0.3,1,1.4,5.4,378,9.7,0.472,0.532,0.092,3,8.8,5.8,8.9,4.1,1.5,14.4,15.7,-0.3,0.4,0.1,0.017,-2.3,1.1,-1.3,0.1
2017/2018,99093000,100892064.5,815615,Milwaukee Bucks,17,MIL,Wisconsin,East,Central,44,38,0.537,106.5,106.8,-0.45,John Henson,C,27,11422536,11944245,76,69,25.9,3.8,6.6,0.572,0,0.1,0.143,3.8,6.5,0.578,0.573,1.2,2.1,0.57,2,4.8,6.8,1.5,0.6,1.4,1.1,2.7,8.8,1970,15.7,0.582,0.014,0.315,9,21.5,15.3,8.6,1.1,4.7,12.8,15,2.8,2.2,4.9,0.12,-1.4,1.8,0.4,1.2
2017/2018,99093000,100892064.5,815615,Denver Nuggets,8,DEN,Colorado,West,Northwest,46,36,0.561,110,108.5,1.57,Juan Hernangomez,PF,22,2076840,2171696,25,3,11.1,1.2,3,0.387,0.6,2,0.28,0.6,1,0.6,0.48,0.4,0.5,0.833,0.7,1.4,2.2,0.5,0.2,0.1,0.4,1,3.3,277,9.7,0.511,0.667,0.16,7.4,14.6,11,5.9,1.1,0.9,10.1,14,0.2,0.1,0.4,0.061,-1.1,-2.2,-3.3,-0.1
2017/2018,99093000,100892064.5,815615,#N/A,#N/A,TOT,#N/A,#N/A,#N/A,#N/A,#N/A,#N/A,#N/A,#N/A,#N/A,Willy Hernangomez,C,23,1435750,1501326,48,1,10.3,1.9,3.4,0.555,0.1,0.3,0.417,1.8,3.2,0.566,0.57,1.2,1.9,0.656,1.3,2.5,3.8,0.7,0.4,0.3,0.7,1.3,5.1,495,21.2,0.604,0.073,0.549,13.3,27.2,20.2,10.5,1.8,2.7,14.7,21,1.1,0.7,1.8,0.174,0.1,0.8,0.9,0.4
2017/2018,99093000,100892064.5,815615,New York Knicks,20,NYK,New York,East,Atlantic,29,53,0.354,104.5,108,-3.53,Willy Hernangomez,C,23,1435750,1501326,26,0,9,1.9,3.1,0.605,0,0.2,0.2,1.8,2.9,0.632,0.611,0.5,1.1,0.429,0.8,1.7,2.6,0.8,0.3,0.3,1,1.2,4.3,233,16.9,0.595,0.062,0.346,10.5,21.3,15.9,14.3,1.7,2.6,21.8,22.4,0.1,0.3,0.3,0.069,-1.5,0.8,-0.6,0.1
2017/2018,99093000,100892064.5,815615,Charlotte Hornets,4,CHO,North Carolina,East,Southeast,36,46,0.439,108.2,108,0.07,Willy Hernangomez,C,23,1435750,1501326,22,1,11.9,1.9,3.8,0.506,0.2,0.3,0.571,1.7,3.5,0.5,0.53,2.1,2.8,0.758,1.8,3.5,5.3,0.5,0.5,0.4,0.4,1.5,6.1,262,25,0.612,0.084,0.747,15.8,32.4,24,7.1,1.9,2.9,7.5,19.7,1,0.4,1.5,0.266,1.4,0.8,2.2,0.3
2017/2018,99093000,100892064.5,815615,Orlando Magic,22,ORL,Florida,East,Southeast,25,57,0.305,103.4,108.2,-4.92,Mario Hezonja,SF,22,4078320,4264591,75,30,22.1,3.6,8.2,0.442,1.2,3.6,0.337,2.4,4.7,0.523,0.515,1.1,1.4,0.819,0.5,3.2,3.7,1.4,1.1,0.4,1.1,1.8,9.6,1657,13.7,0.544,0.433,0.17,2.7,16.1,9.3,10,2.4,1.5,11.5,19.9,0.5,1.8,2.3,0.066,-1,0.2,-0.8,0.5
2017/2018,99093000,100892064.5,815615,New York Knicks,20,NYK,New York,East,Atlantic,29,53,0.354,104.5,108,-3.53,Isaiah Hicks,PF,23,77250,80778,18,0,13.3,1.8,4,0.458,0.1,0.5,0.222,1.7,3.5,0.492,0.472,0.7,1,0.667,0.6,1.7,2.3,0.9,0.1,0.2,0.9,2.5,4.4,240,6.8,0.501,0.125,0.25,4.6,14.3,9.5,9.5,0.4,1.4,16.7,17.4,-0.1,0.1,0,-0.003,-4.3,-1.4,-5.6,-0.2
2017/2018,99093000,100892064.5,815615,Sacramento Kings,26,SAC,California,West,Pacific,27,55,0.329,98.8,105.8,-6.6,Buddy Hield,SG,25,3675480,3843352,80,12,25.3,5.2,11.7,0.446,2.2,5.1,0.431,3,6.6,0.457,0.54,0.9,1,0.877,0.7,3.2,3.8,1.9,1.1,0.3,1.6,1.9,13.5,2024,16.1,0.557,0.437,0.087,3,14.8,8.6,12.8,2.1,1,11.3,24.3,1.3,1.5,2.8,0.067,1.2,-1.4,-0.2,0.9
2017/2018,99093000,100892064.5,815615,Houston Rockets,11,HOU,Texas,West,Southwest,65,17,0.793,112.4,103.9,8.21,Nenê,C,35,3477600,3636434,52,4,14.6,2.6,4.6,0.569,0,0,0,2.6,4.6,0.574,0.569,1.3,2.1,0.636,1,2.3,3.4,0.9,0.5,0.3,0.7,2.4,6.5,758,16.4,0.594,0.008,0.448,8.1,18,13.1,9.5,1.8,1.6,11.7,18.9,1.5,1.1,2.6,0.163,-1.5,0.7,-0.8,0.2
2017/2018,99093000,100892064.5,815615,#N/A,#N/A,TOT,#N/A,#N/A,#N/A,#N/A,#N/A,#N/A,#N/A,#N/A,#N/A,George Hill,PG,31,20000000,20913473,67,60,27,3.5,7.7,0.46,1.3,3.1,0.415,2.3,4.6,0.49,0.543,1.6,2.1,0.786,0.6,2.1,2.7,2.8,0.9,0.4,1.3,1.9,10,1812,13.3,0.58,0.4,0.273,2.6,8.9,5.7,15,1.7,1.3,13.3,16.3,2.3,0.9,3.2,0.085,0.3,-0.9,-0.6,0.6
2017/2018,99093000,100892064.5,815615,Sacramento Kings,26,SAC,California,West,Pacific,27,55,0.329,98.8,105.8,-6.6,George Hill,PG,31,20000000,20913473,43,36,26.6,3.6,7.6,0.469,1.3,3,0.453,2.2,4.6,0.48,0.558,1.8,2.3,0.778,0.5,2.2,2.7,2.8,0.9,0.3,1.4,1.7,10.3,1143,14,0.597,0.393,0.304,2.1,9.9,5.8,15.5,1.7,1,14,16.9,1.6,0.6,2.1,0.09,0.4,-1,-0.6,0.4
2017/2018,99093000,100892064.5,815615,Cleveland Cavaliers,6,CLE,Ohio,East,Central,50,32,0.61,110.9,109.9,0.59,George Hill,PG,31,20000000,20913473,24,24,27.9,3.5,7.8,0.444,1.1,3.2,0.351,2.3,4.6,0.509,0.516,1.4,1.7,0.805,0.8,1.8,2.7,2.8,0.9,0.6,1.2,2.2,9.4,669,12.2,0.551,0.412,0.219,3.4,7.3,5.4,14,1.6,1.9,12,15.4,0.8,0.3,1.1,0.077,0,-0.6,-0.6,0.2
2017/2018,99093000,100892064.5,815615,New Orleans Pelicans,19,NOP,Louisiana,West,Southwest,48,34,0.585,111.7,110.4,1.48,Solomon Hill,SF,26,12236535,12795422,12,1,15.6,0.9,3.4,0.268,0.3,1.8,0.19,0.6,1.7,0.35,0.317,0.3,0.5,0.5,0.8,2.3,3,1.8,0.6,0.1,0.8,1.8,2.4,187,4.8,0.332,0.512,0.146,5.4,15.1,10.4,14.4,1.8,0.4,17.1,12.2,-0.2,0.2,-0.1,-0.014,-4.4,0.6,-3.8,-0.1
2017/2018,99093000,100892064.5,815615,San Antonio Spurs,27,SAS,Texas,West,Southwest,47,35,0.573,102.7,99.8,2.89,Darrun Hilliard,SG,24,77250,80778,14,0,6.8,0.4,1.4,0.263,0,0.4,0,0.4,0.9,0.385,0.263,0.4,0.5,0.857,0,0.5,0.5,0.8,0.1,0,0.3,0.5,1.1,95,3.4,0.362,0.316,0.368,0,8.2,4.1,15.3,1.1,0,15.3,12.3,-0.1,0.1,0,-0.015,-6.2,-1.3,-7.5,-0.1
2017/2018,99093000,100892064.5,815615,New Orleans Pelicans,19,NOP,Louisiana,West,Southwest,48,34,0.585,111.7,110.4,1.48,Jrue Holiday,SG,27,25686667,26859871,81,81,36.1,7.6,15.4,0.494,1.5,4.4,0.337,6.1,11,0.557,0.543,2.3,2.9,0.786,0.8,3.7,4.5,6,1.5,0.8,2.6,2.5,19,2927,17.8,0.57,0.286,0.191,2.4,10.8,6.8,24.9,2,1.7,13.6,23.1,4.2,2.9,7.1,0.116,1.8,0.3,2.1,3
2017/2018,99093000,100892064.5,815615,Chicago Bulls,5,CHI,Illinois,East,Central,27,55,0.329,102.9,110,-6.84,Justin Holiday,SG,28,4500000,4705531,72,72,31.5,4,10.9,0.371,2.2,6.2,0.359,1.8,4.6,0.387,0.474,1.9,2.3,0.823,0.4,3.6,4,2.1,1.1,0.4,1.3,1.9,12.2,2265,10.8,0.513,0.574,0.21,1.4,12.8,6.9,10.1,1.7,1.2,9.8,18.2,0.1,1.6,1.7,0.036,-1,-0.3,-1.3,0.4
2017/2018,99093000,100892064.5,815615,Cleveland Cavaliers,6,CLE,Ohio,East,Central,50,32,0.61,110.9,109.9,0.59,John Holland,SF,29,77250,80778,24,0,7.3,0.7,2.5,0.288,0.5,1.5,0.306,0.3,1,0.261,0.381,0.4,0.5,0.692,0.3,0.8,1,0.2,0.3,0.1,0.3,0.4,2.3,174,5.9,0.417,0.61,0.22,3.9,11.4,7.7,3.9,2,1,11,18.5,-0.3,0.1,-0.2,-0.05,-4.7,-2.6,-7.3,-0.2
2017/2018,99093000,100892064.5,815615,Brooklyn Nets,3,BRK,New York,East,Atlantic,28,54,0.341,106.6,110.3,-3.67,Rondae Hollis-Jefferson,SF,23,1455720,1522208,68,59,28.2,5,10.6,0.472,0.2,0.8,0.241,4.8,9.9,0.491,0.481,3.7,4.6,0.788,1.5,5.3,6.8,2.5,1,0.7,1.8,2.1,13.9,1920,16.9,0.548,0.075,0.436,5.5,20,12.7,14.2,1.6,1.9,12.3,22.2,2.1,2,4.1,0.103,-1.5,1.1,-0.4,0.8
2017/2018,99093000,100892064.5,815615,Philadelphia 76ers,23,PHI,Pennsylvania,East,Atlantic,52,30,0.634,109.8,105.3,4.3,Richaun Holmes,C,24,1471382,1538585,48,2,15.5,2.8,5,0.56,0.1,0.6,0.129,2.7,4.4,0.624,0.568,0.8,1.2,0.661,1.2,3.2,4.4,1.3,0.4,0.6,0.5,2,6.5,746,17.4,0.585,0.129,0.232,8.6,21.4,15.2,12.3,1.3,3.2,8.6,16.6,1.6,1.3,2.8,0.183,-0.2,1.9,1.7,0.7
2017/2018,99093000,100892064.5,815615,#N/A,#N/A,TOT,#N/A,#N/A,#N/A,#N/A,#N/A,#N/A,#N/A,#N/A,#N/A,Rodney Hood,SG,25,2386864,2495880,60,23,26.9,5.4,12.5,0.429,2.1,5.6,0.381,3.3,7,0.467,0.513,1.9,2.2,0.86,0.4,2.4,2.8,1.6,0.8,0.2,1.2,1.8,14.7,1616,14.3,0.546,0.443,0.172,1.6,9.9,5.8,9.7,1.4,0.6,8,24.3,1.2,1.5,2.7,0.081,0.2,-2.2,-2,0
2017/2018,99093000,100892064.5,815615,Utah Jazz,29,UTA,Utah,West,Northwest,48,34,0.585,104.1,99.8,4.47,Rodney Hood,SG,25,2386864,2495880,39,12,27.8,6,14.2,0.424,2.6,6.7,0.389,3.4,7.4,0.455,0.516,2.2,2.5,0.876,0.4,2.5,2.8,1.7,0.8,0.2,1.6,1.6,16.8,1084,15.1,0.551,0.475,0.176,1.5,10.1,5.8,10.4,1.4,0.5,9.6,27.3,0.6,1.3,1.9,0.085,0.5,-2.1,-1.6,0.1
2017/2018,99093000,100892064.5,815615,Cleveland Cavaliers,6,CLE,Ohio,East,Central,50,32,0.61,110.9,109.9,0.59,Rodney Hood,SG,25,2386864,2495880,21,11,25.3,4.2,9.5,0.442,1.2,3.4,0.352,3,6.1,0.492,0.505,1.2,1.5,0.813,0.4,2.2,2.6,1.4,0.7,0.2,0.3,2,10.8,532,12.7,0.533,0.357,0.161,1.7,9.5,5.7,8.4,1.4,0.8,3.2,18.3,0.6,0.2,0.8,0.074,-0.4,-2.3,-2.7,-0.1
2017/2018,99093000,100892064.5,815615,Dallas Mavericks,7,DAL,Texas,West,Southwest,24,58,0.293,102.3,105.4,-2.7,Scotty Hopson,SG,28,74158,77545,1,0,8,0,1,0,0,0,,0,1,0,0,1,2,0.5,0,0,0,1,0,0,1,0,1,8,-4.6,0.266,0,2,0,0,0,15.8,0,0,34.7,16.3,0,0,0,-0.238,-14.7,-6,-20.7,0
2017/2018,99093000,100892064.5,815615,Boston Celtics,2,BOS,Massachusetts,East,Atlantic,55,27,0.671,104,100.4,3.23,Al Horford,C,31,27734405,29001137,72,72,31.6,5.1,10.5,0.489,1.3,3.1,0.429,3.8,7.3,0.514,0.553,1.3,1.7,0.783,1.4,5.9,7.4,4.7,0.6,1.1,1.8,1.9,12.9,2277,17.6,0.575,0.3,0.159,5,20.2,12.7,23.6,0.9,2.9,14.1,18.4,4,3.8,7.8,0.165,1.1,2.9,4,3.5
2017/2018,99093000,100892064.5,815615,Phoenix Suns,24,PHO,Arizona,West,Pacific,21,61,0.256,103.9,113.3,-8.8,Danuel House,SG,24,77250,80778,23,3,17.5,2.4,5.6,0.434,0.7,2.5,0.259,1.8,3.1,0.577,0.492,1.1,1.3,0.806,0.6,2.7,3.3,1.1,0.3,0.3,0.5,1,6.6,403,12.4,0.533,0.45,0.24,3.4,17,10.1,9.4,0.8,1.2,7.2,16.2,0.4,0.1,0.6,0.066,-1.2,-1.5,-2.7,-0.1
2017/2018,99093000,100892064.5,815615,Charlotte Hornets,4,CHO,North Carolina,East,Southeast,36,46,0.439,108.2,108,0.07,Dwight Howard,C,32,23500000,24573331,81,81,30.4,6.2,11.2,0.555,0,0.1,0.143,6.2,11.2,0.559,0.556,4.1,7.2,0.574,3.1,9.3,12.5,1.3,0.6,1.6,2.6,3.1,16.6,2463,20.5,0.577,0.008,0.639,11,33.8,22.2,7.1,1,4.4,15.1,24.2,2.9,3.9,6.8,0.132,-2,1.7,-0.3,1.1
2017/2018,99093000,100892064.5,815615,Oklahoma City Thunder,21,OKC,Oklahoma,West,Northwest,48,34,0.585,107.9,104.4,3.42,Josh Huestis,PF,26,1471382,1538585,69,10,14.2,0.9,2.6,0.33,0.5,1.7,0.287,0.4,1,0.403,0.42,0.1,0.3,0.3,0.6,1.7,2.3,0.3,0.2,0.6,0.4,1.2,2.3,982,5.4,0.417,0.632,0.11,4.6,13.9,9.1,2.7,0.8,4,12,9.5,-0.5,1,0.5,0.024,-4.6,0.7,-3.9,-0.5
2017/2018,99093000,100892064.5,815615,Houston Rockets,11,HOU,Texas,West,Southwest,65,17,0.793,112.4,103.9,8.21,RJ Hunter,SG,24,77250,80778,5,1,9,1.4,4,0.35,0.6,2.8,0.214,0.8,1.2,0.667,0.425,0.4,0.4,1,0,1,1,0.6,0.6,0,0.4,1.4,3.8,45,8.5,0.455,0.7,0.1,0,12.4,6.3,10.3,3.3,0,8.7,22.5,0,0.1,0,0.022,-3,-1.6,-4.5,0
2017/2018,99093000,100892064.5,815615,Memphis Grizzlies,15,MEM,Tennessee,West,Southwest,22,60,0.268,99.3,105.5,-5.81,Vince Hunter,PF,23,77250,80778,4,0,1.8,0.8,1.3,0.6,0,0,,0.8,1.3,0.6,0.6,0,0,,0.5,0.3,0.8,0,0,0.3,0.3,0,1.5,7,35.8,0.6,0,0,32.3,16.9,24.8,0,0,13.4,16.7,38.5,0,0,0,0.097,-3.1,-5.9,-9,0
2017/2018,99093000,100892064.5,815615,Toronto Raptors,28,TOR,Ontario,East,Atlantic,59,23,0.72,111.7,103.9,7.29,Serge Ibaka,PF,28,20061729,20978022,76,76,27.5,5,10.3,0.483,1.4,3.9,0.36,3.6,6.4,0.559,0.552,1.2,1.6,0.797,1,5.3,6.3,0.8,0.4,1.3,1.2,2.8,12.6,2093,14.7,0.574,0.379,0.151,4.3,21,12.8,4.4,0.7,3.8,9.7,19.4,2.1,3,5.1,0.117,-0.8,0.6,-0.2,0.9
2017/2018,99093000,100892064.5,815615,Golden State Warriors,10,GSW,California,West,Pacific,58,24,0.707,113.5,107.5,5.79,Andre Iguodala,SF,34,14814815,15491462,64,7,25.3,2.3,5,0.463,0.5,1.8,0.282,1.8,3.2,0.567,0.514,0.9,1.4,0.632,0.8,3.1,3.8,3.3,0.8,0.6,1,1.5,6,1622,11.2,0.536,0.366,0.272,3.7,12.6,8.5,16.2,1.6,1.9,15.8,11.5,1.6,1.6,3.2,0.094,-0.7,0.9,0.2,0.9
2017/2018,99093000,100892064.5,815615,#N/A,#N/A,TOT,#N/A,#N/A,#N/A,#N/A,#N/A,#N/A,#N/A,#N/A,#N/A,Ersan Ilyasova,PF,30,6514288,6811819,69,43,25.1,4,8.9,0.452,1.3,3.7,0.36,2.7,5.2,0.517,0.526,1.5,2,0.778,1.7,4.2,5.9,1.3,0.9,0.4,1,2.3,10.9,1729,14.9,0.558,0.413,0.22,7.6,18,12.9,7.9,1.7,1.3,9.7,18.7,2.2,1.9,4,0.112,0.2,-0.1,0.1,0.9
2017/2018,99093000,100892064.5,815615,Atlanta Hawks,1,ATL,Georgia,East,Southeast,24,58,0.293,103.4,108.8,-5.3,Ersan Ilyasova,PF,30,6514288,6811819,46,40,25.5,4,8.7,0.459,1.3,3.7,0.359,2.7,5,0.532,0.535,1.6,2,0.8,1.6,3.8,5.5,1.1,1,0.4,0.9,2,10.9,1175,15.1,0.569,0.424,0.224,7,16.8,11.9,6.8,1.8,1.2,8.9,18,1.6,1,2.6,0.106,0.4,-0.3,0,0.6
2017/2018,99093000,100892064.5,815615,Philadelphia 76ers,23,PHI,Pennsylvania,East,Atlantic,52,30,0.634,109.8,105.3,4.3,Ersan Ilyasova,PF,30,6514288,6811819,23,3,24.1,4,9.2,0.439,1.3,3.6,0.361,2.7,5.6,0.488,0.509,1.4,2,0.733,1.9,4.8,6.7,1.7,0.7,0.4,1.3,2.8,10.8,554,14.6,0.537,0.392,0.212,8.9,20.6,15,10.4,1.5,1.4,11.1,20.1,0.6,0.9,1.4,0.125,-0.2,0.3,0.1,0.3
2017/2018,99093000,100892064.5,815615,Utah Jazz,29,UTA,Utah,West,Northwest,48,34,0.585,104.1,99.8,4.47,Joe Ingles,SF,30,13636364,14259187,82,81,31.4,4.1,8.8,0.467,2.5,5.7,0.44,1.6,3.1,0.516,0.609,0.8,1,0.795,0.3,3.9,4.2,4.8,1.1,0.2,1.9,2.2,11.5,2578,14.4,0.623,0.646,0.116,1.1,13.9,7.6,22.9,1.8,0.7,17.4,15.9,4,3.6,7.6,0.141,2.1,1,3.1,3.3
2017/2018,99093000,100892064.5,815615,Los Angeles Lakers,14,LAL,California,West,Pacific,35,47,0.427,108.1,109.6,-1.44,Andre Ingram,SG,32,46079,48183,2,0,32,4,8.5,0.471,2.5,4.5,0.556,1.5,4,0.375,0.618,1.5,1.5,1,0.5,2.5,3,3.5,1.5,1.5,1.5,1.5,12,64,16.3,0.655,0.529,0.176,1.7,8.3,5,15.3,2.2,3.8,14.1,14.1,0.1,0.1,0.2,0.157,0.4,0.9,1.3,0.1
2017/2018,99093000,100892064.5,815615,Los Angeles Lakers,14,LAL,California,West,Pacific,35,47,0.427,108.1,109.6,-1.44,Brandon Ingram,SF,20,5519400,5771491,59,59,33.5,6.1,12.9,0.47,0.7,1.8,0.39,5.4,11.1,0.483,0.497,3.3,4.8,0.681,1,4.4,5.3,3.9,0.8,0.7,2.5,2.8,16.1,1975,13.8,0.536,0.138,0.371,3.1,13.8,8.5,17.7,1.1,1.8,14.4,22.2,1,1.8,2.8,0.068,-1.6,0.3,-1.3,0.4
2017/2018,99093000,100892064.5,815615,Boston Celtics,2,BOS,Massachusetts,East,Atlantic,55,27,0.671,104,100.4,3.23,Kyrie Irving,PG,25,18868626,19730425,60,60,32.2,8.9,18.1,0.491,2.8,6.8,0.408,6.1,11.3,0.541,0.568,3.9,4.4,0.889,0.6,3.2,3.8,5.1,1.1,0.3,2.3,2,24.4,1931,25,0.61,0.374,0.24,1.9,10.8,6.4,30.7,1.7,0.7,10.4,31,6.3,2.7,8.9,0.222,6.9,-0.7,6.2,4
2017/2018,99093000,100892064.5,815615,Orlando Magic,22,ORL,Florida,East,Southeast,25,57,0.305,103.4,108.2,-4.92,Jonathan Isaac,PF,20,4186320,4377524,27,10,19.9,2,5.4,0.379,0.6,1.7,0.348,1.4,3.7,0.394,0.434,0.7,0.9,0.76,0.6,3.1,3.7,0.7,1.2,1.1,1,1.8,5.4,536,9.8,0.465,0.317,0.172,3.3,17.2,10.2,4.8,3,4.5,14.8,15,-0.6,0.8,0.2,0.021,-4.9,3.1,-1.8,0
2017/2018,99093000,100892064.5,815615,Orlando Magic,22,ORL,Florida,East,Southeast,25,57,0.305,103.4,108.2,-4.92,Wesley Iwundu,SF,23,1050000,1097957,62,12,16.5,1.5,3.5,0.427,0.1,0.7,0.196,1.4,2.8,0.488,0.447,0.5,0.8,0.723,0.6,1.6,2.2,0.9,0.5,0.2,0.5,1.3,3.7,1020,7.8,0.48,0.211,0.216,3.9,11,7.4,7.8,1.6,0.9,11.2,11.6,0,0.7,0.7,0.032,-3.7,0.2,-3.5,-0.4
2017/2018,99093000,100892064.5,815615,New York Knicks,20,NYK,New York,East,Atlantic,29,53,0.354,104.5,108,-3.53,Jarrett Jack,PG,34,2328652,2435010,62,56,25,3,7.1,0.427,0.4,1.4,0.291,2.6,5.8,0.459,0.455,1,1.2,0.84,0.4,2.7,3.1,5.6,0.6,0.1,1.9,1.6,7.5,1548,11.5,0.489,0.194,0.169,1.6,12.1,6.8,31.3,1.1,0.2,19.5,16.7,0.5,0.7,1.2,0.036,-1.9,-1.7,-3.5,-0.6
2017/2018,99093000,100892064.5,815615,Houston Rockets,11,HOU,Texas,West,Southwest,65,17,0.793,112.4,103.9,8.21,Aaron Jackson,PG,31,46079,48183,1,0,35,3,9,0.333,1,4,0.25,2,5,0.4,0.389,1,2,0.5,2,1,3,1,0,0,1,4,8,35,2.4,0.405,0.444,0.222,6.5,3.2,4.8,4,0,0,9.2,13.7,0,0,0,-0.017,-4.6,-3,-7.7,-0.1
2017/2018,99093000,100892064.5,815615,#N/A,#N/A,TOT,#N/A,#N/A,#N/A,#N/A,#N/A,#N/A,#N/A,#N/A,#N/A,Demetrius Jackson,PG,23,319266,333847,15,0,5.3,0.5,1.2,0.389,0.1,0.5,0.143,0.4,0.7,0.545,0.417,0.1,0.1,0.5,0.3,0.5,0.8,0.6,0.3,0.1,0.7,0.5,1.1,80,5.4,0.424,0.389,0.111,7.1,9.8,8.4,15.9,3.1,1.1,34.6,15.8,-0.2,0.1,-0.1,-0.047,-6.4,1,-5.5,-0.1
2017/2018,99093000,100892064.5,815615,Houston Rockets,11,HOU,Texas,West,Southwest,65,17,0.793,112.4,103.9,8.21,Demetrius Jackson,PG,23,319266,333847,12,0,5.3,0.3,1.2,0.286,0,0.5,0,0.3,0.7,0.5,0.286,0,0,,0.3,0.6,0.9,0.4,0.3,0.1,0.8,0.5,0.7,63,0.2,0.286,0.429,0,7.2,12.4,9.8,10.7,3.1,1.3,39.1,16.1,-0.3,0.1,-0.2,-0.14,-9.5,2.3,-7.2,-0.1
2017/2018,99093000,100892064.5,815615,Philadelphia 76ers,23,PHI,Pennsylvania,East,Atlantic,52,30,0.634,109.8,105.3,4.3,Demetrius Jackson,PG,23,319266,333847,3,0,5.7,1,1.3,0.75,0.3,0.3,1,0.7,1,0.667,0.875,0.3,0.7,0.5,0.3,0,0.3,1.3,0.3,0,0.3,0.3,2.7,17,24.5,0.82,0.25,0.5,6.6,0,3.2,35.1,2.8,0,17,14.8,0.1,0,0.1,0.298,5,-4,1,0
2017/2018,99093000,100892064.5,815615,Phoenix Suns,24,PHO,Arizona,West,Pacific,21,61,0.256,103.9,113.3,-8.8,Josh Jackson,SF,20,5090040,5322520,77,35,25.4,5.1,12.1,0.417,0.7,2.8,0.263,4.3,9.3,0.464,0.448,2.3,3.6,0.634,1.2,3.3,4.6,1.5,1,0.5,1.9,2.8,13.1,1959,11.8,0.48,0.233,0.299,5.1,14.2,9.6,10.1,2,1.4,12.2,26,-2,1.2,-0.7,-0.018,-3.1,-1.2,-4.3,-1.1
2017/2018,99093000,100892064.5,815615,Sacramento Kings,26,SAC,California,West,Pacific,27,55,0.329,98.8,105.8,-6.6,Justin Jackson,SF,22,2365560,2473603,68,41,22.1,2.7,6.2,0.442,0.8,2.7,0.308,1.9,3.4,0.547,0.51,0.4,0.5,0.722,0.4,2.4,2.8,1.1,0.4,0.2,0.6,1.2,6.7,1506,9.2,0.521,0.442,0.086,2,12.6,7.1,7.2,0.9,0.8,8.4,14.2,0.4,0.5,1,0.031,-2,-1.5,-3.5,-0.6
2017/2018,99093000,100892064.5,815615,Detroit Pistons,9,DET,Michigan,East,Central,39,43,0.476,103.8,103.9,-0.26,Reggie Jackson,PG,27,16000000,16730779,45,45,26.7,5.5,12.8,0.426,1.2,3.8,0.308,4.3,9.1,0.475,0.471,2.5,3,0.836,0.6,2.1,2.8,5.3,0.6,0.1,2.2,1.9,14.6,1201,15.9,0.516,0.293,0.232,2.6,9,5.7,32.8,1.1,0.3,13.5,27.1,1.1,0.9,2,0.078,0.8,-2.3,-1.5,0.2
2017/2018,99093000,100892064.5,815615,Cleveland Cavaliers,6,CLE,Ohio,East,Central,50,32,0.61,110.9,109.9,0.59,LeBron James,PF,33,33285709,34805990,82,82,36.9,10.5,19.3,0.542,1.8,5,0.367,8.6,14.3,0.603,0.59,4.7,6.5,0.731,1.2,7.5,8.6,9.1,1.4,0.9,4.2,1.7,27.5,3026,28.6,0.621,0.257,0.336,3.7,22.3,13.1,44.4,1.9,2,16.1,31.6,11,3,14,0.221,7.6,2,9.6,8.9
2017/2018,99093000,100892064.5,815615,#N/A,#N/A,TOT,#N/A,#N/A,#N/A,#N/A,#N/A,#N/A,#N/A,#N/A,#N/A,Mike James,PG,27,164802,172328,36,10,19.1,3.4,8.9,0.383,0.7,2.7,0.265,2.7,6.2,0.435,0.424,1.8,2.3,0.762,0.4,2.1,2.5,3.5,0.8,0.2,1.4,1.3,9.3,687,13.9,0.469,0.305,0.262,2,12.2,7,29.4,2,0.8,12,25.1,-0.1,0.3,0.2,0.017,-0.9,-1.8,-2.6,-0.1
2017/2018,99093000,100892064.5,815615,Phoenix Suns,24,PHO,Arizona,West,Pacific,21,61,0.256,103.9,113.3,-8.8,Mike James,PG,27,164802,172328,32,10,20.9,3.8,9.8,0.388,0.8,3,0.268,3,6.7,0.442,0.429,2,2.6,0.762,0.4,2.4,2.8,3.8,0.8,0.2,1.5,1.4,10.4,669,14.2,0.476,0.311,0.269,1.9,12.5,7.1,29,1.9,0.8,12.1,25.2,0,0.3,0.3,0.021,-0.7,-1.7,-2.4,-0.1
2017/2018,99093000,100892064.5,815615,New Orleans Pelicans,19,NOP,Louisiana,West,Southwest,48,34,0.585,111.7,110.4,1.48,Mike James,PG,27,164802,172328,4,0,4.5,0.5,2.3,0.222,0,0.3,0,0.5,2,0.25,0.222,0,0,,0.3,0,0.3,1.5,0.3,0,0.3,0.8,1,18,3.5,0.222,0.111,0,6.2,0,3,43.5,2.7,0,10,24.1,-0.1,0,-0.1,-0.146,-7.7,-4.6,-12.4,0
2017/2018,99093000,100892064.5,815615,Indiana Pacers,12,IND,Indiana,East,Central,48,34,0.585,105.6,104.2,1.18,Al Jefferson,C,33,9769821,10216044,36,1,13.4,3.1,5.8,0.534,0,0.1,0,3.1,5.7,0.541,0.534,0.8,1,0.833,0.8,3.1,4,0.8,0.4,0.6,0.6,1.8,7,484,20.2,0.563,0.014,0.173,7,26.2,16.7,10,1.7,4.2,8.6,22.5,0.8,0.8,1.6,0.158,-1.7,1.3,-0.5,0.2
2017/2018,99093000,100892064.5,815615,Denver Nuggets,8,DEN,Colorado,West,Northwest,46,36,0.561,110,108.5,1.57,Richard Jefferson,SF,37,4828652,5049194,20,0,8.2,0.6,1.4,0.444,0.1,0.4,0.286,0.5,1,0.5,0.481,0.2,0.4,0.571,0.1,0.8,0.9,0.8,0.1,0.1,0.3,0.6,1.5,163,6.4,0.499,0.259,0.259,1.4,10.3,5.9,12,0.6,0.5,14.3,9.4,0.1,0,0.1,0.029,-3.8,-2,-5.9,-0.2
2017/2018,99093000,100892064.5,815615,Milwaukee Bucks,17,MIL,Wisconsin,East,Central,44,38,0.537,106.5,106.8,-0.45,Brandon Jennings,PG,28,380830,398223,14,0,14.6,1.9,5.1,0.375,0.6,2.4,0.273,1.3,2.8,0.462,0.438,0.7,0.7,1,0.4,1.9,2.2,3.1,0.4,0.3,1.3,0.8,5.2,205,12.7,0.478,0.458,0.139,2.9,14.8,8.9,31.1,1.5,1.7,19.1,20.8,0,0.1,0.1,0.026,-2,-1.7,-3.8,-0.1
2017/2018,99093000,100892064.5,815615,Utah Jazz,29,UTA,Utah,West,Northwest,48,34,0.585,104.1,99.8,4.47,Jonas Jerebko,PF,30,4000000,4182694,74,19,15.3,2.1,4.6,0.466,0.9,2.1,0.414,1.3,2.5,0.511,0.562,0.6,0.8,0.807,0.7,2.6,3.3,0.6,0.3,0.2,0.4,1.7,5.8,1134,13.2,0.586,0.46,0.167,5.4,19.1,12.3,5.7,1.1,0.9,6.9,15.6,1.8,1.6,3.4,0.144,-0.3,-0.3,-0.6,0.4
2017/2018,99093000,100892064.5,815615,Philadelphia 76ers,23,PHI,Pennsylvania,East,Atlantic,52,30,0.634,109.8,105.3,4.3,Amir Johnson,C,30,11000000,11502410,74,18,15.8,1.9,3.5,0.538,0.1,0.4,0.313,1.8,3.1,0.57,0.558,0.7,1.1,0.612,1.7,2.8,4.5,1.6,0.6,0.6,0.7,2.6,4.6,1171,14.9,0.575,0.123,0.327,11.8,18.3,15.2,13.9,1.8,3.1,15.6,12.8,2.1,2,4.1,0.169,-0.2,3.1,2.9,1.5
2017/2018,99093000,100892064.5,815615,#N/A,#N/A,TOT,#N/A,#N/A,#N/A,#N/A,#N/A,#N/A,#N/A,#N/A,#N/A,Brice Johnson,PF,23,1331160,1391958,18,0,5.4,1.1,2.3,0.476,0,0.1,0,1.1,2.3,0.488,0.476,0.2,0.3,0.6,0.5,1.2,1.7,0.1,0.5,0.3,0.3,0.7,2.4,98,18.2,0.486,0.024,0.119,10.4,25.5,17.9,3.4,4.5,5.5,10.2,22.3,0,0.2,0.2,0.082,-4.9,2,-2.8,0
2017/2018,99093000,100892064.5,815615,Los Angeles Clippers,13,LAC,California,West,Pacific,42,40,0.512,109,109,0.15,Brice Johnson,PF,23,1331160,1391958,9,0,4.2,0.8,1.2,0.636,0,0.1,0,0.8,1.1,0.7,0.636,0.2,0.2,1,0.2,1.2,1.4,0.1,0.7,0.2,0.4,0.8,1.8,38,21.3,0.673,0.091,0.182,5.9,31.4,18.8,4,7.7,4.4,25.2,18,0,0.1,0.1,0.168,-2.6,6.4,3.8,0.1
2017/2018,99093000,100892064.5,815615,Memphis Grizzlies,15,MEM,Tennessee,West,Southwest,22,60,0.268,99.3,105.5,-5.81,Brice Johnson,PF,23,1331160,1391958,9,0,6.7,1.4,3.4,0.419,0,0,,1.4,3.4,0.419,0.419,0.1,0.3,0.333,0.8,1.2,2,0.1,0.3,0.4,0.1,0.7,3,60,16.2,0.418,0,0.097,13.2,21.7,17.4,3,2.5,6.2,3,24.9,-0.1,0.1,0,0.028,-6.3,-0.8,-7,-0.1
2017/2018,99093000,100892064.5,815615,Oklahoma City Thunder,21,OKC,Oklahoma,West,Northwest,48,34,0.585,107.9,104.4,3.42,Dakari Johnson,C,22,815615,852867,31,6,5.2,0.7,1.3,0.564,0,0,,0.7,1.3,0.564,0.564,0.4,0.6,0.55,0.5,0.6,1.1,0.3,0.2,0.3,0.1,0.9,1.8,161,16.4,0.575,0,0.513,10.7,12.8,11.7,7.2,1.8,4.5,5.9,13.5,0.4,0.2,0.6,0.178,-0.9,1.2,0.3,0.1
2017/2018,99093000,100892064.5,815615,Miami Heat,16,MIA,Florida,East,Southeast,44,38,0.537,103.4,102.9,0.15,James Johnson,PF,30,13734000,14361282,73,41,26.6,4.2,8.4,0.503,0.8,2.5,0.308,3.5,5.9,0.587,0.55,1.5,2.2,0.698,0.8,4.1,4.9,3.8,1,0.7,1.9,2.6,10.8,1943,15.8,0.575,0.301,0.264,3.5,17.2,10.3,22.5,1.8,2.2,17.1,19.1,2.2,2.8,5,0.123,0,1.7,1.7,1.8
2017/2018,99093000,100892064.5,815615,#N/A,#N/A,TOT,#N/A,#N/A,#N/A,#N/A,#N/A,#N/A,#N/A,#N/A,#N/A,Joe Johnson,SF,36,10254904,10723282,55,4,21.9,2.7,6.5,0.406,0.7,2.6,0.276,1.9,3.9,0.493,0.461,0.7,0.8,0.889,0.3,2.9,3.1,1.5,0.3,0.1,0.9,1.2,6.8,1205,8.1,0.49,0.403,0.125,1.3,14.7,8.1,10.2,0.7,0.5,11.4,15.9,-0.3,1.3,1,0.04,-3.4,-0.4,-3.8,-0.5
2017/2018,99093000,100892064.5,815615,Utah Jazz,29,UTA,Utah,West,Northwest,48,34,0.585,104.1,99.8,4.47,Joe Johnson,SF,36,10254904,10723282,32,3,21.9,3,7.1,0.42,0.7,2.6,0.274,2.3,4.4,0.507,0.471,0.6,0.8,0.833,0.4,3,3.3,1.4,0.4,0.2,1,1,7.3,700,9,0.492,0.372,0.106,2,15.2,8.7,9.8,0.9,0.7,11.6,17.2,-0.2,0.8,0.6,0.041,-3.3,0,-3.3,-0.2
2017/2018,99093000,100892064.5,815615,Houston Rockets,11,HOU,Texas,West,Southwest,65,17,0.793,112.4,103.9,8.21,Joe Johnson,SF,36,10254904,10723282,23,1,22,2.2,5.8,0.381,0.7,2.7,0.279,1.5,3.2,0.466,0.444,0.9,0.9,0.952,0.1,2.7,2.8,1.7,0.3,0,0.8,1.5,6,505,6.8,0.485,0.455,0.157,0.5,13.9,7.3,10.7,0.6,0.2,11.2,14.1,0,0.4,0.4,0.038,-3.6,-0.9,-4.4,-0.3
2017/2018,99093000,100892064.5,815615,Memphis Grizzlies,15,MEM,Tennessee,West,Southwest,22,60,0.268,99.3,105.5,-5.81,Omari Johnson,PF,28,170495,178282,4,0,18.8,2.3,5.3,0.429,1,3,0.333,1.3,2.3,0.556,0.524,0,0,,1,1.8,2.8,1.8,0.5,0,0.8,1.5,5.5,75,10.5,0.524,0.571,0,6,11.1,8.5,14.5,1.3,0,12.5,14.4,0.1,0,0.1,0.053,-0.6,-2.2,-2.8,0
2017/2018,99093000,100892064.5,815615,Detroit Pistons,9,DET,Michigan,East,Central,39,43,0.476,103.8,103.9,-0.26,Stanley Johnson,SF,21,3097800,3239287,69,50,27.4,3,8.1,0.375,1,3.4,0.286,2.1,4.7,0.439,0.435,1.6,2.1,0.772,0.5,3.2,3.7,1.6,1.4,0.2,1.1,2.4,8.7,1894,9,0.48,0.418,0.259,1.9,13,7.3,8.5,2.5,0.7,11,16.4,-0.6,2.4,1.8,0.046,-2.6,1.1,-1.5,0.2
2017/2018,99093000,100892064.5,815615,Miami Heat,16,MIA,Florida,East,Southeast,44,38,0.537,103.4,102.9,0.15,Tyler Johnson,PG,25,5821260,6087138,72,39,28.5,4.3,9.9,0.435,1.7,4.5,0.367,2.6,5.4,0.491,0.518,1.5,1.8,0.822,0.5,3,3.4,2.3,0.8,0.5,1.1,2.1,11.7,2052,13,0.549,0.456,0.181,1.9,11.7,6.8,12.4,1.5,1.4,9.5,18.6,1.9,2.3,4.2,0.097,-0.1,-0.1,-0.2,0.9
2017/2018,99093000,100892064.5,815615,Los Angeles Clippers,13,LAC,California,West,Pacific,42,40,0.512,109,109,0.15,Wesley Johnson,SF,30,5881260,6149878,74,40,20.1,2,5,0.408,0.8,2.4,0.339,1.2,2.6,0.471,0.489,0.6,0.8,0.741,0.4,2.5,2.9,0.8,1,0.8,0.7,2,5.4,1486,9.8,0.512,0.481,0.158,2.2,13.6,8,5.6,2.5,3.5,12.3,13,-0.1,1.7,1.7,0.055,-2,2.3,0.3,0.9
2017/2018,99093000,100892064.5,815615,Denver Nuggets,8,DEN,Colorado,West,Northwest,46,36,0.561,110,108.5,1.57,Nikola Jokic,C,22,1471382,1538585,75,73,32.6,6.7,13.5,0.499,1.5,3.7,0.396,5.2,9.7,0.538,0.554,3.5,4.2,0.85,2.6,8.1,10.7,6.1,1.2,0.8,2.8,2.8,18.5,2443,24.4,0.603,0.277,0.31,9,27.9,18.5,29.6,1.8,2.1,15.5,24.2,7.8,2.9,10.7,0.211,4.8,2.3,7.1,5.6
2017/2018,99093000,100892064.5,815615,Golden State Warriors,10,GSW,California,West,Pacific,58,24,0.707,113.5,107.5,5.79,Damian Jones,C,22,1312611,1372562,15,0,5.9,0.7,1.5,0.5,0,0,,0.7,1.5,0.5,0.5,0.2,0.3,0.6,0.3,0.6,0.9,0.1,0.1,0.2,0.3,0.9,1.7,89,6.8,0.517,0,0.227,6.8,10.6,8.8,2.9,0.5,2.7,14.2,13.9,0,0.1,0.1,0.031,-4.9,-1.7,-6.6,-0.1
2017/2018,99093000,100892064.5,815615,#N/A,#N/A,TOT,#N/A,#N/A,#N/A,#N/A,#N/A,#N/A,#N/A,#N/A,#N/A,Derrick Jones,SF,20,462875,484015,20,8,12.3,1.1,2.7,0.396,0.2,0.9,0.167,0.9,1.8,0.514,0.425,0.8,1.2,0.667,1.1,0.9,1.9,0.5,0.2,0.7,0.4,1.2,3.1,245,10.1,0.48,0.34,0.453,9.6,7.8,8.7,5.1,0.8,4.4,9.9,12.8,0.1,0.2,0.4,0.075,-2.7,0.7,-2,0
2017/2018,99093000,100892064.5,815615,Phoenix Suns,24,PHO,Arizona,West,Pacific,21,61,0.256,103.9,113.3,-8.8,Derrick Jones,SF,20,462875,484015,6,0,5.5,0.3,0.7,0.5,0,0.3,0,0.3,0.3,1,0.5,0.8,1,0.833,0.3,0.3,0.7,0.5,0.2,0.7,0.2,0.3,1.5,33,18.4,0.678,0.5,1.5,6.4,6.6,6.5,12.3,1.5,9.8,13.1,9.8,0.1,0,0.1,0.177,0.1,3.8,3.9,0
2017/2018,99093000,100892064.5,815615,Miami Heat,16,MIA,Florida,East,Southeast,44,38,0.537,103.4,102.9,0.15,Derrick Jones,SF,20,462875,484015,14,8,15.1,1.4,3.5,0.388,0.2,1.1,0.188,1.1,2.4,0.485,0.418,0.8,1.3,0.611,1.4,1.1,2.4,0.4,0.2,0.6,0.4,1.6,3.7,212,8.8,0.457,0.327,0.367,10.1,8,9,4,0.7,3.6,9.5,13.3,0,0.2,0.3,0.059,-3.1,0.2,-2.9,0
2017/2018,99093000,100892064.5,815615,#N/A,#N/A,TOT,#N/A,#N/A,#N/A,#N/A,#N/A,#N/A,#N/A,#N/A,#N/A,Jalen Jones,SF,24,77250,80778,16,0,11.3,1.6,4.3,0.382,0.6,1.6,0.385,1,2.6,0.381,0.456,0.8,1.2,0.632,0.8,1.6,2.4,0.3,0.3,0.1,0.4,1.4,4.6,181,10.3,0.485,0.382,0.279,7.7,15.7,11.6,3.5,1.4,0.5,8.4,20.9,0,0.2,0.1,0.027,-3.5,-2.9,-6.4,-0.2
2017/2018,99093000,100892064.5,815615,New Orleans Pelicans,19,NOP,Louisiana,West,Southwest,48,34,0.585,111.7,110.4,1.48,Jalen Jones,SF,24,77250,80778,4,0,4.8,0.3,1,0.25,0.3,0.3,1,0,0.8,0,0.375,0.5,0.5,1,0,0.8,0.8,0,0,0,0,0.5,1.3,19,5,0.512,0.25,0.5,0,16.5,8.6,0,0,0,0,11.1,0,0,0,0.055,-6.1,-4.8,-10.8,0
2017/2018,99093000,100892064.5,815615,Dallas Mavericks,7,DAL,Texas,West,Southwest,24,58,0.293,102.3,105.4,-2.7,Jalen Jones,SF,24,77250,80778,12,0,13.5,2.1,5.3,0.391,0.8,2.1,0.36,1.3,3.3,0.41,0.461,0.8,1.4,0.588,1.1,1.8,2.9,0.3,0.4,0.1,0.6,1.7,5.8,162,10.9,0.483,0.391,0.266,8.6,15.6,12,3.9,1.5,0.5,8.9,22,-0.1,0.1,0.1,0.024,-3.2,-2.7,-5.9,-0.2
2017/2018,99093000,100892064.5,815615,Minnesota Timberwolves,18,MIN,Minnesota,West,Northwest,47,35,0.573,109.5,107.3,2.35,Tyus Jones,PG,21,1471382,1538585,82,11,17.9,1.8,4,0.457,0.5,1.6,0.349,1.3,2.4,0.528,0.526,0.9,1,0.877,0.2,1.4,1.6,2.8,1.2,0.1,0.7,1.3,5.1,1467,14.1,0.572,0.393,0.247,1.2,9.2,5.2,21.2,3.2,0.4,14,12.7,2.3,1.2,3.6,0.117,0.8,-0.3,0.5,0.9
2017/2018,99093000,100892064.5,815615,Los Angeles Clippers,13,LAC,California,West,Pacific,42,40,0.512,109,109,0.15,DeAndre Jordan,C,29,22642350,23676509,77,77,31.5,4.8,7.5,0.645,0,0,,4.8,7.5,0.645,0.645,2.4,4.1,0.58,4.3,10.9,15.2,1.5,0.5,0.9,1.8,2.6,12,2424,20.2,0.648,0,0.54,15.1,37.6,26.5,7.1,0.8,2.4,16.1,15.2,6,3.4,9.4,0.186,0.5,1.6,2.1,2.5
2017/2018,99093000,100892064.5,815615,Indiana Pacers,12,IND,Indiana,East,Central,48,34,0.585,105.6,104.2,1.18,Cory Joseph,PG,26,7630000,7978490,82,17,27,3.1,7.4,0.424,0.8,2.3,0.353,2.3,5,0.457,0.479,0.9,1.1,0.745,0.5,2.7,3.2,3.2,1,0.2,1.1,1.7,7.9,2210,11,0.503,0.315,0.156,2,11.4,6.7,16.1,1.8,0.7,11.9,14.8,1.2,2,3.1,0.068,-1.3,0.1,-1.2,0.5
2017/2018,99093000,100892064.5,815615,Charlotte Hornets,4,CHO,North Carolina,East,Southeast,36,46,0.439,108.2,108,0.07,Frank Kaminsky,PF,24,2847600,2977660,79,4,23.2,3.9,9.1,0.429,1.3,3.5,0.38,2.6,5.6,0.459,0.501,2,2.5,0.799,0.6,3.1,3.6,1.6,0.5,0.2,0.8,1.2,11.1,1835,14.4,0.545,0.383,0.271,2.7,14.5,8.5,11,1,0.9,7.6,20.5,2.3,1.3,3.6,0.094,0.3,-1.2,-0.9,0.5
2017/2018,99093000,100892064.5,815615,New York Knicks,20,NYK,New York,East,Atlantic,29,53,0.354,104.5,108,-3.53,Enes Kanter,C,25,17884176,18701012,71,71,25.8,5.9,10,0.592,0,0,0,5.9,10,0.594,0.592,2.2,2.6,0.848,3.8,7.1,11,1.5,0.5,0.5,1.7,2.6,14.1,1830,24,0.63,0.003,0.258,16.6,30.6,23.6,9.4,1,1.7,13.3,21.8,5.5,2.1,7.6,0.198,2.4,0.1,2.5,2.1
2017/2018,99093000,100892064.5,815615,Detroit Pistons,9,DET,Michigan,East,Central,39,43,0.476,103.8,103.9,-0.26,Luke Kennard,SG,21,2759280,2885306,73,9,20,2.8,6.4,0.443,1.1,2.7,0.415,1.7,3.7,0.463,0.53,0.9,1,0.855,0.3,2.1,2.4,1.7,0.6,0.2,0.9,1.2,7.6,1463,12.1,0.56,0.419,0.163,1.6,11.9,6.6,12.7,1.5,0.8,12.2,17.2,1.1,1.4,2.6,0.085,-1.1,-0.4,-1.5,0.2
2017/2018,99093000,100892064.5,815615,Charlotte Hornets,4,CHO,North Carolina,East,Southeast,36,46,0.439,108.2,108,0.07,Michael Kidd-Gilchrist,SF,24,13000000,13593758,74,74,25,3.8,7.6,0.504,0,0,0,3.8,7.5,0.505,0.504,1.6,2.3,0.684,1.1,2.9,4.1,1,0.7,0.4,0.7,1.9,9.2,1850,12.5,0.536,0.004,0.305,4.8,13,8.8,5.9,1.3,1.4,7.7,16.1,1.7,1.6,3.3,0.084,-2,0.3,-1.7,0.1
2017/2018,99093000,100892064.5,815615,#N/A,#N/A,TOT,#N/A,#N/A,#N/A,#N/A,#N/A,#N/A,#N/A,#N/A,#N/A,Sean Kilpatrick,SG,28,4774445,4992509,52,1,12.3,2.1,5.7,0.374,0.9,2.8,0.319,1.2,2.9,0.427,0.452,1.2,1.4,0.889,0.1,1.6,1.7,0.9,0.3,0.1,0.7,0.6,6.3,640,11.6,0.507,0.49,0.245,0.8,14.2,7.5,11.3,1,0.7,10.4,24.9,-0.2,0.3,0.1,0.008,-2.5,-3.6,-6.1,-0.7
2017/2018,99093000,100892064.5,815615,Brooklyn Nets,3,BRK,New York,East,Atlantic,28,54,0.341,106.6,110.3,-3.67,Sean Kilpatrick,SG,28,4774445,4992509,16,0,11.4,1.6,5.4,0.287,0.7,2.7,0.256,0.9,2.8,0.318,0.351,1.1,1.2,0.947,0.1,2.1,2.2,0.9,0.1,0.1,1,0.5,4.9,183,4.9,0.414,0.494,0.218,0.6,19.9,10.2,12.6,0.5,0.4,14.4,26.3,-0.6,0.1,-0.4,-0.116,-7.1,-3.1,-10.2,-0.4
2017/2018,99093000,100892064.5,815615,Milwaukee Bucks,17,MIL,Wisconsin,East,Central,44,38,0.537,106.5,106.8,-0.45,Sean Kilpatrick,SG,28,4774445,4992509,23,0,8.9,1.3,3.6,0.378,0.6,2,0.283,0.8,1.6,0.5,0.457,0.8,0.8,0.947,0,1,1.1,0.7,0.2,0,0.4,0.7,4,205,11.3,0.515,0.561,0.232,0.6,13.7,7.1,10.9,1.2,0.4,9.1,21.9,0,0.1,0.1,0.035,-2,-4.2,-6.1,-0.2
2017/2018,99093000,100892064.5,815615,Los Angeles Clippers,13,LAC,California,West,Pacific,42,40,0.512,109,109,0.15,Sean Kilpatrick,SG,28,4774445,4992509,4,0,9.5,1.8,4.5,0.389,0.8,1.8,0.429,1,2.8,0.364,0.472,0.5,0.5,1,0,0.5,0.5,0.8,0,0,0.3,0.5,4.8,38,10.5,0.503,0.389,0.111,0,5.7,2.9,12.1,0,0,5,22.6,0,0,0,0.029,-2,-5.9,-7.9,-0.1
2017/2018,99093000,100892064.5,815615,Chicago Bulls,5,CHI,Illinois,East,Central,27,55,0.329,102.9,110,-6.84,Sean Kilpatrick,SG,28,4774445,4992509,9,1,23.8,5.2,11.9,0.439,2.1,5.3,0.396,3.1,6.6,0.475,0.528,2.9,3.6,0.813,0.3,2.4,2.8,1.4,0.7,0.3,1.3,0.9,15.4,214,17.7,0.574,0.449,0.299,1.4,11.5,6.3,10.5,1.4,1.3,9,27.1,0.2,0.1,0.4,0.083,0.8,-3.1,-2.3,0
2017/2018,99093000,100892064.5,815615,Dallas Mavericks,7,DAL,Texas,West,Southwest,24,58,0.293,102.3,105.4,-2.7,Maxi Kleber,PF,26,815615,852867,72,36,16.8,2.1,4.3,0.489,0.6,1.8,0.313,1.5,2.5,0.613,0.553,0.6,0.8,0.746,1,2.3,3.3,0.7,0.4,0.7,0.4,1.6,5.4,1206,13.4,0.576,0.414,0.191,6.3,15.6,10.8,6.4,1.1,3.5,8.2,13.7,1.6,1.2,2.8,0.113,-1,1.2,0.2,0.7
2017/2018,99093000,100892064.5,815615,Philadelphia 76ers,23,PHI,Pennsylvania,East,Atlantic,52,30,0.634,109.8,105.3,4.3,Furkan Korkmaz,SG,20,1465920,1532873,14,0,5.7,0.6,2,0.286,0.4,1.2,0.294,0.2,0.8,0.273,0.375,0.1,0.3,0.5,0.1,0.6,0.8,0.3,0.1,0.1,0.1,0.9,1.6,80,3.4,0.386,0.607,0.143,2.8,11.7,7.4,6.7,1.2,1,6.3,16.9,-0.1,0.1,0,-0.006,-5,-1.8,-6.9,-0.1
2017/2018,99093000,100892064.5,815615,New York Knicks,20,NYK,New York,East,Atlantic,29,53,0.354,104.5,108,-3.53,Luke Kornet,PF,22,77250,80778,20,1,16.3,2.5,6.3,0.392,1.4,4,0.354,1.1,2.3,0.457,0.504,0.4,0.6,0.727,0.6,2.7,3.2,1.3,0.3,0.8,0.6,1.4,6.7,326,13.6,0.516,0.632,0.088,3.8,18,10.9,11.6,0.9,4.2,8.5,19,0.2,0.3,0.5,0.077,0.1,0.1,0.2,0.2
2017/2018,99093000,100892064.5,815615,Cleveland Cavaliers,6,CLE,Ohio,East,Central,50,32,0.61,110.9,109.9,0.59,Kyle Korver,SG,36,7000000,7319715,73,4,21.6,3,6.6,0.459,2.2,5.2,0.436,0.8,1.5,0.537,0.628,0.9,1,0.889,0.1,2.1,2.3,1.2,0.4,0.4,0.8,1.8,9.2,1574,13.4,0.652,0.777,0.149,0.7,10.9,5.9,8,1,1.5,9.6,16,2.8,0.6,3.4,0.104,2.2,-2,0.1,0.9
2017/2018,99093000,100892064.5,815615,Sacramento Kings,26,SAC,California,West,Pacific,27,55,0.329,98.8,105.8,-6.6,Kosta Koufos,C,28,8393000,8776339,71,13,19.6,3.1,5.5,0.571,0,0,,3.1,5.5,0.571,0.571,0.5,1,0.446,2.1,4.5,6.6,1.2,0.7,0.5,0.7,2.1,6.7,1391,17.5,0.566,0,0.19,11.7,27.6,19.3,9.7,1.7,2.2,10.4,15.2,2.3,1.5,3.9,0.134,-0.8,1.4,0.5,0.9
2017/2018,99093000,100892064.5,815615,Los Angeles Lakers,14,LAL,California,West,Pacific,35,47,0.427,108.1,109.6,-1.44,Kyle Kuzma,PF,22,1423560,1488579,77,37,31.2,6.1,13.5,0.45,2.1,5.6,0.366,4,7.9,0.511,0.527,1.9,2.7,0.707,1.1,5.1,6.3,1.8,0.6,0.4,1.8,2.1,16.1,2401,14.2,0.549,0.418,0.2,3.9,17.4,10.7,9.1,1,1.1,11,22.5,1.5,2.3,3.8,0.077,-0.3,-1,-1.3,0.4
2017/2018,99093000,100892064.5,815615,New York Knicks,20,NYK,New York,East,Atlantic,29,53,0.354,104.5,108,-3.53,Mindaugas Kuzminskas,SF,28,3028410,3166728,1,0,2,0,2,0,0,0,,0,2,0,0,0,0,,0,0,0,0,0,0,0,0,0,2,-41.1,0,0,0,0,0,0,0,0,0,0,43.7,0,0,0,-1.065,-36.7,-12.7,-49.4,0
2017/2018,99093000,100892064.5,815615,Sacramento Kings,26,SAC,California,West,Pacific,27,55,0.329,98.8,105.8,-6.6,Skal Labissiere,PF,21,1312611,1372562,60,28,20.7,3.4,7.6,0.448,0.3,0.9,0.353,3.1,6.8,0.459,0.467,1.6,2,0.805,1.7,3.2,4.8,1.2,0.4,0.8,1.2,2.2,8.7,1240,14.3,0.513,0.111,0.258,8.7,18.1,13.2,9.1,1,3.7,12.5,21.1,0.4,1,1.4,0.054,-2.7,0.1,-2.6,-0.2
2017/2018,99093000,100892064.5,815615,Charlotte Hornets,4,CHO,North Carolina,East,Southeast,36,46,0.439,108.2,108,0.07,Jeremy Lamb,SG,25,7000000,7319715,80,18,24.6,4.8,10.4,0.457,1.2,3.2,0.37,3.6,7.2,0.495,0.513,2.2,2.6,0.861,0.6,3.4,4.1,2.3,0.8,0.4,1.2,1.7,12.9,1967,17,0.559,0.305,0.25,2.7,15.4,8.9,15.4,1.5,1.4,9.1,22.4,3,1.9,4.9,0.12,1.2,-0.2,0.9,1.5
2017/2018,99093000,100892064.5,815615,Boston Celtics,2,BOS,Massachusetts,East,Atlantic,55,27,0.671,104,100.4,3.23,Shane Larkin,PG,25,1524305,1593925,54,2,14.4,1.6,4.1,0.384,0.6,1.6,0.36,1,2.5,0.398,0.454,0.6,0.7,0.865,0.3,1.4,1.7,1.8,0.5,0,0.6,1.1,4.3,775,10.3,0.491,0.393,0.169,2.1,10.7,6.5,18.5,1.9,0.2,12.3,15.5,0.3,1.1,1.4,0.087,-2.3,0.1,-2.2,0
2017/2018,99093000,100892064.5,815615,San Antonio Spurs,27,SAS,Texas,West,Southwest,47,35,0.573,102.7,99.8,2.89,Joffrey Lauvergne,C,26,1524305,1593925,55,1,9.7,1.8,3.5,0.516,0,0.1,0,1.8,3.4,0.53,0.516,0.5,0.9,0.638,1.1,2,3.1,0.7,0.2,0.1,0.6,0.8,4.1,534,16.5,0.536,0.026,0.247,13,22.6,17.8,12.2,0.9,0.5,13.5,20.4,0.6,0.7,1.3,0.12,-1.4,-0.1,-1.6,0.1
2017/2018,99093000,100892064.5,815615,Chicago Bulls,5,CHI,Illinois,East,Central,27,55,0.329,102.9,110,-6.84,Zach LaVine,SG,22,3202217,3348474,24,24,27.3,5.7,14.8,0.383,1.8,5.1,0.341,3.9,9.7,0.405,0.442,3.6,4.5,0.813,0.4,3.5,3.9,3,1,0.2,1.8,2.3,16.7,656,14.6,0.499,0.346,0.301,1.4,14.4,7.7,18.6,1.8,0.5,9.7,29.5,-0.1,0.5,0.3,0.025,-0.6,-2,-2.7,-0.1
2017/2018,99093000,100892064.5,815615,Portland Trail Blazers,25,POR,Oregon,West,Northwest,49,33,0.598,105.6,103,2.6,Jake Layman,SF,23,1312611,1372562,35,1,4.6,0.4,1.3,0.298,0.1,0.6,0.2,0.3,0.8,0.37,0.34,0.1,0.1,0.667,0.1,0.3,0.5,0.3,0.2,0.1,0.1,0.4,1,160,4.9,0.352,0.426,0.064,2.8,8.1,5.5,9.4,1.9,2,9.4,14.6,-0.3,0.2,-0.1,-0.021,-5.3,0.4,-5,-0.1
2017/2018,99093000,100892064.5,815615,Indiana Pacers,12,IND,Indiana,East,Central,48,34,0.585,105.6,104.2,1.18,TJ Leaf,PF,20,2028360,2121002,53,0,8.7,1.2,2.6,0.471,0.3,0.8,0.429,0.9,1.8,0.489,0.537,0.2,0.3,0.625,0.5,1,1.5,0.2,0.1,0.1,0.2,0.8,2.9,459,10.7,0.545,0.309,0.118,7.2,13,10.1,2.8,0.5,0.8,6.5,14.9,0.5,0.3,0.8,0.082,-1.9,-2.9,-4.8,-0.3
2017/2018,99093000,100892064.5,815615,New York Knicks,20,NYK,New York,East,Atlantic,29,53,0.354,104.5,108,-3.53,Courtney Lee,SG,32,11747890,12284459,76,69,30.4,4.5,9.9,0.454,1.5,3.7,0.406,3,6.3,0.482,0.529,1.5,1.6,0.919,0.4,2.6,2.9,2.4,1.1,0.2,1.1,1.4,12,2310,13,0.564,0.368,0.164,1.4,9.3,5.4,11.3,1.7,0.6,9.4,16.9,2.7,1.2,3.9,0.082,0.8,-0.7,0,1.2
2017/2018,99093000,100892064.5,815615,Atlanta Hawks,1,ATL,Georgia,East,Southeast,24,58,0.293,103.4,108.8,-5.3,Damion Lee,SG,25,138239,144552,15,11,26.9,4.1,10.1,0.408,1,4,0.25,3.1,6.1,0.511,0.457,1.5,1.9,0.759,0.7,4,4.7,1.9,1.3,0.1,0.9,1.7,10.7,404,12,0.489,0.395,0.191,3,16.6,9.8,11.2,2.3,0.2,7.8,19.3,0,0.4,0.4,0.046,-1.7,-0.4,-2.1,0
2017/2018,99093000,100892064.5,815615,New Orleans Pelicans,19,NOP,Louisiana,West,Southwest,48,34,0.585,111.7,110.4,1.48,Walter Lemon Jr,PG,25,92159,96368,5,0,7,1.4,3.2,0.438,0.2,0.2,1,1.2,3,0.4,0.469,0.4,0.6,0.667,0,0.4,0.4,1,0,0.2,0.8,1,3.4,35,6.9,0.491,0.063,0.188,0,6,3.1,21.1,0,2.3,18.8,26.4,-0.1,0,-0.1,-0.071,-7.5,-4.2,-11.7,-0.1
2017/2018,99093000,100892064.5,815615,Phoenix Suns,24,PHO,Arizona,West,Pacific,21,61,0.256,103.9,113.3,-8.8,Alex Len,C,24,4187599,4378862,69,13,20.2,3.1,5.5,0.566,0,0,0.333,3.1,5.4,0.568,0.567,2.3,3.3,0.684,2.5,5,7.5,1.2,0.4,0.9,1.1,2.3,8.5,1395,19.4,0.612,0.008,0.611,13.2,26.7,19.8,9.1,0.9,3.5,14,17,3.2,1.3,4.5,0.154,-0.3,1.1,0.8,1
2017/2018,99093000,100892064.5,815615,San Antonio Spurs,27,SAS,Texas,West,Southwest,47,35,0.573,102.7,99.8,2.89,Kawhi Leonard,SF,26,18868625,19730424,9,9,23.3,5.8,12.3,0.468,1.2,3.9,0.314,4.6,8.4,0.539,0.518,3.4,4.2,0.816,0.7,4,4.7,2.3,2,1,1.8,1,16.2,210,26,0.572,0.315,0.342,3.1,19.1,11.1,17.7,4.3,3.6,11.1,30.6,0.3,0.5,0.9,0.196,2.7,3.2,5.9,0.4
2017/2018,99093000,100892064.5,815615,Portland Trail Blazers,25,POR,Oregon,West,Northwest,49,33,0.598,105.6,103,2.6,Meyers Leonard,C,25,9904495,10356869,33,2,7.7,1.4,2.4,0.59,0.3,0.8,0.423,1.1,1.6,0.673,0.66,0.3,0.3,0.818,0.4,1.8,2.1,0.5,0.2,0,0.3,1.1,3.4,254,17.8,0.676,0.333,0.141,5.2,24.7,15,10.6,1.4,0,10.8,16.1,0.7,0.3,1.1,0.2,1.2,-0.2,0.9,0.2
2017/2018,99093000,100892064.5,815615,Detroit Pistons,9,DET,Michigan,East,Central,39,43,0.476,103.8,103.9,-0.26,Jon Leuer,PF,28,10497319,10976770,8,0,17,1.9,4.5,0.417,0,0.4,0,1.9,4.1,0.455,0.417,1.6,1.9,0.867,0.9,3.1,4,0.6,0.1,0.4,0.9,2,5.4,136,8.9,0.505,0.083,0.417,5.6,20.7,13,5.3,0.4,2,14.1,16.1,0,0.1,0.1,0.05,-5.6,-0.4,-5.9,-0.1
2017/2018,99093000,100892064.5,815615,Brooklyn Nets,3,BRK,New York,East,Atlantic,28,54,0.341,106.6,110.3,-3.67,Caris LeVert,SF,23,1632480,1707041,71,10,26.3,4.5,10.4,0.435,1.2,3.5,0.347,3.3,6.9,0.48,0.493,1.9,2.6,0.711,0.7,2.9,3.7,4.2,1.2,0.3,2.2,2.2,12.1,1864,14.2,0.525,0.333,0.254,3,11.9,7.4,26,2.1,0.9,15.8,22.5,0.7,1.6,2.3,0.058,-0.3,-0.2,-0.5,0.7
2017/2018,99093000,100892064.5,815615,#N/A,#N/A,TOT,#N/A,#N/A,#N/A,#N/A,#N/A,#N/A,#N/A,#N/A,#N/A,DeAndre Liggins,SG,29,1505942,1574723,58,4,12.5,0.7,1.8,0.377,0.3,0.9,0.358,0.4,0.9,0.396,0.467,0,0.1,0.4,0.1,1.2,1.3,0.8,0.6,0.2,0.3,1.4,1.7,724,6,0.467,0.5,0.047,1.1,10.6,5.9,8.4,2.5,1.6,15.6,7.9,-0.2,0.7,0.5,0.034,-3.4,1.2,-2.2,0
2017/2018,99093000,100892064.5,815615,Milwaukee Bucks,17,MIL,Wisconsin,East,Central,44,38,0.537,106.5,106.8,-0.45,DeAndre Liggins,SG,29,1505942,1574723,31,1,15.5,0.7,2.1,0.338,0.4,1.2,0.306,0.4,0.9,0.379,0.423,0.1,0.2,0.4,0.2,1.4,1.6,0.9,0.9,0.3,0.4,2,1.8,480,5,0.424,0.554,0.077,1.2,10.7,6,7.3,2.8,1.8,16.2,7.5,-0.3,0.5,0.2,0.02,-3.7,1.4,-2.2,0
2017/2018,99093000,100892064.5,815615,New Orleans Pelicans,19,NOP,Louisiana,West,Southwest,48,34,0.585,111.7,110.4,1.48,DeAndre Liggins,SG,29,1505942,1574723,27,3,9,0.7,1.5,0.439,0.3,0.6,0.471,0.4,0.9,0.417,0.537,0,0,,0.1,0.9,1,0.8,0.4,0.1,0.3,0.7,1.6,244,7.8,0.537,0.415,0,0.9,10.3,5.8,10.7,2,1.3,14.6,8.5,0.1,0.2,0.3,0.062,-2.9,0.7,-2.2,0
2017/2018,99093000,100892064.5,815615,Portland Trail Blazers,25,POR,Oregon,West,Northwest,49,33,0.598,105.6,103,2.6,Damian Lillard,PG,27,26153057,27347563,73,73,36.6,8.5,19.4,0.439,3.1,8.6,0.361,5.4,10.8,0.501,0.519,6.8,7.4,0.916,0.8,3.6,4.5,6.6,1.1,0.4,2.8,1.6,26.9,2670,25.2,0.594,0.445,0.38,2.6,10.6,6.6,30.9,1.4,0.8,11.1,30.6,9.9,2.7,12.6,0.227,7.7,-1,6.7,5.9
2017/2018,99093000,100892064.5,815615,Brooklyn Nets,3,BRK,New York,East,Atlantic,28,54,0.341,106.6,110.3,-3.67,Jeremy Lin,PG,29,12000000,12548084,1,1,25,5,12,0.417,1,2,0.5,4,10,0.4,0.458,7,7,1,0,0,0,4,0,0,3,3,18,25,15.9,0.597,0.167,0.583,0,0,0,27.1,0,0,16.6,31.3,0,0,0,0.087,-3.1,-10.4,-13.5,-0.1
2017/2018,99093000,100892064.5,815615,Golden State Warriors,10,GSW,California,West,Pacific,58,24,0.707,113.5,107.5,5.79,Shaun Livingston,PG,32,7692308,8043644,71,7,15.9,2.4,4.8,0.501,0,0.1,0,2.4,4.8,0.509,0.501,0.7,0.9,0.82,0.5,1.4,1.8,2,0.5,0.3,0.8,1.6,5.5,1129,11.6,0.533,0.015,0.178,3.4,9.2,6.5,16.8,1.5,1.5,13.6,16.6,0.9,0.9,1.8,0.077,-2.6,-0.9,-3.5,-0.4
2017/2018,99093000,100892064.5,815615,Golden State Warriors,10,GSW,California,West,Pacific,58,24,0.707,113.5,107.5,5.79,Kevon Looney,C,21,1471382,1538585,66,4,13.8,1.7,2.9,0.58,0,0.1,0.2,1.7,2.8,0.59,0.583,0.6,1.2,0.545,1.3,2,3.3,0.6,0.5,0.8,0.5,1.6,4,910,14.8,0.588,0.026,0.399,11,15.2,13.2,6,1.8,4.9,12,12.4,1.5,1.3,2.8,0.145,-0.9,2.1,1.2,0.7
2017/2018,99093000,100892064.5,815615,Los Angeles Lakers,14,LAL,California,West,Pacific,35,47,0.427,108.1,109.6,-1.44,Brook Lopez,C,29,22642350,23676509,74,72,23.4,5,10.7,0.465,1.5,4.4,0.345,3.5,6.3,0.549,0.536,1.5,2.1,0.703,1,3,4,1.7,0.4,1.3,1.3,2.6,13,1735,16.5,0.557,0.41,0.199,4.6,13.4,9,11.6,0.8,4.6,10.2,23.5,1.9,1.9,3.8,0.105,0.3,0.2,0.5,1.1
2017/2018,99093000,100892064.5,815615,Chicago Bulls,5,CHI,Illinois,East,Central,27,55,0.329,102.9,110,-6.84,Robin Lopez,C,29,13788500,14418271,64,64,26.4,5.3,10.1,0.53,0.1,0.2,0.286,5.3,9.9,0.536,0.533,1.1,1.4,0.756,2.1,2.4,4.5,1.9,0.2,0.8,1.7,1.7,11.8,1690,14.7,0.552,0.022,0.14,8.2,10.3,9.2,12.3,0.4,2.8,13.5,20.4,1.2,0.7,1.9,0.055,-1.7,-0.3,-1.9,0
2017/2018,99093000,100892064.5,815615,Cleveland Cavaliers,6,CLE,Ohio,East,Central,50,32,0.61,110.9,109.9,0.59,Kevin Love,C,29,22642350,23676509,59,59,28,5.7,12.4,0.458,2.3,5.6,0.415,3.3,6.8,0.494,0.552,4,4.5,0.88,1.7,7.5,9.3,1.7,0.7,0.4,1.5,2,17.6,1651,22.4,0.614,0.453,0.365,7,29.8,18.6,9.8,1.3,1.2,9.6,25.1,4.7,1.6,6.4,0.185,2.7,-1.5,1.3,1.4
2017/2018,99093000,100892064.5,815615,Toronto Raptors,28,TOR,Ontario,East,Atlantic,59,23,0.72,111.7,103.9,7.29,Kyle Lowry,PG,31,28903704,30223842,78,78,32.2,5.2,12.1,0.427,3.1,7.6,0.399,2.1,4.5,0.474,0.553,2.9,3.3,0.854,0.8,4.7,5.6,6.9,1.1,0.2,2.3,2.5,16.2,2510,19.5,0.598,0.631,0.276,3,16.1,9.7,30.9,1.7,0.6,14.7,21.7,7,3.1,10.2,0.194,5.4,0.5,5.9,5
2017/2018,99093000,100892064.5,815615,Philadelphia 76ers,23,PHI,Pennsylvania,East,Atlantic,52,30,0.634,109.8,105.3,4.3,Timothe Luwawu,SF,22,1594590,1667420,52,7,15.5,1.9,5.1,0.375,1,3,0.335,0.9,2.1,0.431,0.474,0.9,1.1,0.793,0.3,1.1,1.4,1,0.2,0.1,0.7,1.9,5.8,807,7,0.511,0.592,0.217,1.9,7.5,4.8,9.3,0.7,0.5,11.5,17.5,0.1,0.7,0.8,0.046,-2.3,-2.4,-4.7,-0.5
2017/2018,99093000,100892064.5,815615,Denver Nuggets,8,DEN,Colorado,West,Northwest,46,36,0.561,110,108.5,1.57,Tyler Lydon,PF,21,1579440,1651578,1,0,2,0,0,,0,0,,0,0,,,0,0,,0,0,0,0,0,0,0,0,0,2,0,,,,0,0,0,0,0,0,,0,0,0,0,-0.014,-5.7,-0.8,-6.5,0
2017/2018,99093000,100892064.5,815615,Denver Nuggets,8,DEN,Colorado,West,Northwest,46,36,0.561,110,108.5,1.57,Trey Lyles,PF,22,2441400,2552907,73,2,19.1,3.7,7.5,0.491,1.1,3,0.381,2.6,4.5,0.563,0.566,1.4,2,0.706,0.8,4,4.8,1.2,0.4,0.5,0.8,1.5,9.9,1391,17.9,0.591,0.396,0.26,4.5,23.5,14,10.1,1.1,2,9.1,21.1,2.7,1.2,3.9,0.135,0.6,-1.4,-0.8,0.4
2017/2018,99093000,100892064.5,815615,Orlando Magic,22,ORL,Florida,East,Southeast,25,57,0.305,103.4,108.2,-4.92,Shelvin Mack,PG,27,6000000,6274042,69,3,19.8,2.6,6,0.43,0.7,2,0.345,1.9,4,0.473,0.488,1,1.4,0.711,0.3,2.1,2.4,3.9,0.8,0.1,1.3,1.3,6.9,1365,13.3,0.518,0.336,0.234,1.8,11.6,6.7,29.5,1.9,0.5,16.3,17.6,1,1,1.9,0.069,-1.2,-1.2,-2.4,-0.1
2017/2018,99093000,100892064.5,815615,Atlanta Hawks,1,ATL,Georgia,East,Southeast,24,58,0.293,103.4,108.8,-5.3,Josh Magette,PG,28,77250,80778,18,0,12,0.8,2.6,0.326,0.4,1.2,0.364,0.4,1.3,0.292,0.413,0.4,0.4,1,0.1,0.9,1.1,3.2,0.4,0.1,0.5,0.9,2.6,216,11.9,0.464,0.478,0.174,1,8.8,4.9,36.4,1.8,0.4,15.4,11.8,0.3,0.1,0.4,0.092,-2.3,-3.1,-5.4,-0.2
2017/2018,99093000,100892064.5,815615,Washington Wizards,30,WAS,Washington DC,East,Southeast,43,39,0.524,106.6,106,0.53,Ian Mahinmi,C,31,16000000,16730779,77,0,14.9,1.8,3.2,0.556,0,0,0,1.8,3.2,0.561,0.556,1.2,1.7,0.703,1.8,2.3,4.1,0.7,0.5,0.5,1.3,3,4.8,1145,12.2,0.601,0.008,0.516,13.4,17.4,15.4,6.6,1.6,3.2,24.7,15.6,0.8,1.4,2.2,0.093,-2.3,1.6,-0.7,0.4
2017/2018,99093000,100892064.5,815615,Milwaukee Bucks,17,MIL,Wisconsin,East,Central,44,38,0.537,106.5,106.8,-0.45,Thon Maker,C,20,3086784,3227768,74,12,16.7,1.8,4.3,0.411,0.4,1.4,0.298,1.3,2.9,0.467,0.46,0.9,1.3,0.699,1,2,3,0.6,0.5,0.7,0.6,2.2,4.8,1238,10.2,0.499,0.329,0.294,7.1,14.2,10.6,5.2,1.5,3.7,11,14.6,0.3,1.1,1.5,0.056,-2.7,0,-2.7,-0.2
2017/2018,99093000,100892064.5,815615,#N/A,#N/A,TOT,#N/A,#N/A,#N/A,#N/A,#N/A,#N/A,#N/A,#N/A,#N/A,Boban Marjanovic,C,29,5881260,6149878,39,1,8.6,2,3.8,0.534,0,0,,2,3.8,0.534,0.534,2,2.5,0.794,1.2,2.5,3.7,0.6,0.3,0.3,0.9,1.3,6,337,26,0.616,0,0.655,15.7,31.4,23.5,11.2,1.5,2.8,15.9,29.4,1,0.5,1.5,0.215,-0.3,-0.3,-0.6,0.1
2017/2018,99093000,100892064.5,815615,Detroit Pistons,9,DET,Michigan,East,Central,39,43,0.476,103.8,103.9,-0.26,Boban Marjanovic,C,29,5881260,6149878,19,1,9,2.2,4.2,0.519,0,0,,2.2,4.2,0.519,0.519,1.9,2.4,0.8,0.8,2.2,3,0.7,0.2,0.3,1.2,1.5,6.2,171,21.6,0.597,0,0.57,9.5,27.7,18.4,14.4,1.2,3.1,18.2,31.3,0.2,0.3,0.5,0.138,-2.5,0.4,-2.1,0
2017/2018,99093000,100892064.5,815615,Los Angeles Clippers,13,LAC,California,West,Pacific,42,40,0.512,109,109,0.15,Boban Marjanovic,C,29,5881260,6149878,20,0,8.3,1.9,3.5,0.551,0,0,,1.9,3.5,0.551,0.551,2.1,2.6,0.788,1.7,2.7,4.4,0.4,0.3,0.3,0.7,1.2,5.9,166,30.6,0.637,0,0.754,22.1,35.2,28.8,7.9,1.8,2.5,13.2,27.5,0.7,0.3,1,0.293,2,-1.1,1,0.1
2017/2018,99093000,100892064.5,815615,Chicago Bulls,5,CHI,Illinois,East,Central,27,55,0.329,102.9,110,-6.84,Lauri Markkanen,PF,20,3821640,3996188,68,68,29.7,5.5,12.7,0.434,2.1,5.9,0.362,3.4,6.8,0.497,0.518,2.1,2.4,0.843,1.2,6.3,7.5,1.2,0.6,0.6,1.2,1.5,15.2,2020,15.6,0.552,0.465,0.193,4,23.7,13.5,6.4,0.9,1.8,8.2,21.9,1.7,1.6,3.3,0.079,-0.6,-1.3,-1.9,0.1
2017/2018,99093000,100892064.5,815615,Memphis Grizzlies,15,MEM,Tennessee,West,Southwest,22,60,0.268,99.3,105.5,-5.81,Jarell Martin,PF,23,1471382,1538585,73,36,22.8,3,6.8,0.446,0.5,1.3,0.347,2.6,5.5,0.47,0.48,1.2,1.6,0.767,1.3,3,4.4,1,0.5,0.7,1.2,2.9,7.7,1661,10.5,0.516,0.198,0.234,6.6,15.8,11.1,7,1.2,2.8,13.6,17.1,0.1,1.2,1.3,0.038,-3,0,-3,-0.4
2017/2018,99093000,100892064.5,815615,Sacramento Kings,26,SAC,California,West,Pacific,27,55,0.329,98.8,105.8,-6.6,Frank Mason,PG,23,1184385,1238480,52,2,18.9,2.8,7.3,0.379,0.6,1.7,0.36,2.2,5.7,0.384,0.42,1.8,2.2,0.817,0.6,1.9,2.5,2.8,0.7,0.2,1.3,1.4,7.9,984,13,0.48,0.226,0.303,3.3,12.1,7.5,22.7,1.7,1,13.1,22.6,0,0.6,0.5,0.027,-2,-1.4,-3.4,-0.4
2017/2018,99093000,100892064.5,815615,Charlotte Hornets,4,CHO,North Carolina,East,Southeast,36,46,0.439,108.2,108,0.07,Mangok Mathiang,C,25,77250,80778,4,0,5,1,1.8,0.571,0,0,,1,1.8,0.571,0.571,0,0.3,0,0.8,1.8,2.5,0,0.3,0,0,1.3,2,20,18,0.538,0,0.143,16,38.5,27.1,0,2.4,0,0,16.1,0,0,0.1,0.183,-4.1,-5.8,-9.8,0
2017/2018,99093000,100892064.5,815615,Dallas Mavericks,7,DAL,Texas,West,Southwest,24,58,0.293,102.3,105.4,-2.7,Wesley Matthews,SF,31,17884175,18701011,63,62,33.8,4.5,11.1,0.406,2.4,6.4,0.381,2.1,4.7,0.441,0.516,1.3,1.6,0.822,0.4,2.7,3.1,2.7,1.2,0.3,1.3,2.2,12.7,2131,11.4,0.541,0.577,0.145,1.4,9.2,5.2,12.3,1.8,0.7,10.1,17.6,1,1.6,2.6,0.059,0.2,-0.2,0.1,1.1
2017/2018,99093000,100892064.5,815615,Houston Rockets,11,HOU,Texas,West,Southwest,65,17,0.793,112.4,103.9,8.21,Luc Mbah a Moute,PF,31,2116955,2213644,61,15,25.6,2.7,5.7,0.481,1,2.8,0.364,1.7,2.8,0.599,0.572,1.1,1.6,0.684,0.4,2.7,3,0.9,1.2,0.4,1.1,1.6,7.5,1564,10.3,0.595,0.501,0.275,1.6,11.7,6.7,5,2.3,1.4,15,12.8,0.8,2.1,2.8,0.087,-1.5,1.5,0,0.8
2017/2018,99093000,100892064.5,815615,Philadelphia 76ers,23,PHI,Pennsylvania,East,Atlantic,52,30,0.634,109.8,105.3,4.3,James Michael McAdoo,PF,25,77250,80778,3,0,6,0.7,2.3,0.286,0.7,2.3,0.286,0,0,,0.429,0.7,0.7,1,0,0.7,0.7,0,0,0.3,0.3,0.3,2.7,18,7.4,0.508,1,0.286,0,11.5,6,0,0,4.6,11.3,21,0,0,0,0.023,-4.3,-4.4,-8.7,0
2017/2018,99093000,100892064.5,815615,Golden State Warriors,10,GSW,California,West,Pacific,58,24,0.707,113.5,107.5,5.79,Patrick McCaw,SG,22,1312611,1372562,57,10,16.9,1.6,3.9,0.409,0.3,1.4,0.238,1.3,2.5,0.503,0.451,0.5,0.6,0.765,0.3,1.2,1.4,1.4,0.8,0.2,0.7,1.2,4,961,7.4,0.477,0.356,0.151,2,7.2,4.8,10.6,2.2,0.8,14.6,12.8,-0.3,0.8,0.6,0.029,-2.9,-0.5,-3.4,-0.3
2017/2018,99093000,100892064.5,815615,Portland Trail Blazers,25,POR,Oregon,West,Northwest,49,33,0.598,105.6,103,2.6,CJ McCollum,SG,26,23962573,25057032,81,81,36.1,8.2,18.6,0.443,2.3,5.9,0.397,5.9,12.7,0.465,0.506,2.6,3.1,0.836,0.7,3.3,4,3.4,1,0.4,1.9,2.1,21.4,2923,17,0.536,0.316,0.166,2,9.9,6,15.8,1.3,1,8.6,26.5,3.7,2.9,6.6,0.108,1.4,-1,0.4,1.8
2017/2018,99093000,100892064.5,815615,Philadelphia 76ers,23,PHI,Pennsylvania,East,Atlantic,52,30,0.634,109.8,105.3,4.3,TJ McConnell,PG,25,1471382,1538585,76,1,22.4,2.8,5.5,0.499,0.4,0.8,0.435,2.4,4.7,0.51,0.531,0.4,0.5,0.795,0.5,2.5,3,4,1.2,0.2,1.5,1.6,6.3,1706,12.5,0.545,0.147,0.093,2.4,11.5,7.1,24.5,2.6,0.6,20.4,13.8,1.3,2.5,3.8,0.108,-1.8,1.1,-0.7,0.5
2017/2018,99093000,100892064.5,815615,Utah Jazz,29,UTA,Utah,West,Northwest,48,34,0.585,104.1,99.8,4.47,Erik McCree,SF,24,77250,80778,4,0,2,0,0.5,0,0,0.3,0,0,0.3,0,0,0,0,,0,0.3,0.3,0,0.3,0,0.3,0,0,8,-8.9,0,0.5,0,0,14,7.1,0,6.3,0,33.3,16.9,-0.1,0,-0.1,-0.334,-17.2,2.5,-14.7,0
2017/2018,99093000,100892064.5,815615,Washington Wizards,30,WAS,Washington DC,East,Southeast,43,39,0.524,106.6,106,0.53,Chris McCullough,PF,22,1471382,1538585,19,0,4.7,0.9,2.2,0.429,0.1,0.4,0.125,0.9,1.8,0.5,0.44,0.5,0.7,0.643,0.4,0.9,1.3,0.2,0,0.3,0.1,0.4,2.4,90,15.8,0.478,0.19,0.333,8.8,22.6,15.7,7.1,0,4.9,4,24.6,0.1,0.1,0.2,0.081,-3.8,-1.9,-5.7,-0.1
2017/2018,99093000,100892064.5,815615,#N/A,#N/A,TOT,#N/A,#N/A,#N/A,#N/A,#N/A,#N/A,#N/A,#N/A,#N/A,Doug McDermott,SF,26,3294994,3445488,81,4,21.8,2.9,6.3,0.467,1.1,2.7,0.426,1.8,3.6,0.497,0.557,0.8,1,0.79,0.5,2,2.5,1,0.2,0.2,0.7,1.5,7.8,1768,10.4,0.579,0.425,0.159,2.5,10.2,6.3,6.5,0.5,0.8,9.3,15,1.7,0.6,2.3,0.063,-0.7,-1.7,-2.4,-0.2
2017/2018,99093000,100892064.5,815615,New York Knicks,20,NYK,New York,East,Atlantic,29,53,0.354,104.5,108,-3.53,Doug McDermott,SF,26,3294994,3445488,55,1,21.3,2.7,6,0.46,1,2.5,0.387,1.8,3.5,0.513,0.541,0.7,1,0.755,0.6,1.8,2.4,0.9,0.2,0.2,0.6,1.3,7.2,1172,9.9,0.562,0.418,0.162,3.1,9.5,6.3,6,0.4,0.9,8.8,14.4,1.1,0.3,1.3,0.055,-0.6,-1.9,-2.5,-0.1
2017/2018,99093000,100892064.5,815615,Dallas Mavericks,7,DAL,Texas,West,Southwest,24,58,0.293,102.3,105.4,-2.7,Doug McDermott,SF,26,3294994,3445488,26,3,22.9,3.3,6.9,0.478,1.5,3,0.494,1.8,3.9,0.465,0.586,0.9,1.1,0.857,0.3,2.3,2.5,1.1,0.3,0.2,0.8,1.9,9,596,11.5,0.611,0.439,0.156,1.3,11.4,6.1,7.5,0.8,0.6,10.3,16.3,0.6,0.3,1,0.077,-0.8,-1.4,-2.2,0
2017/2018,99093000,100892064.5,815615,Golden State Warriors,10,GSW,California,West,Pacific,58,24,0.707,113.5,107.5,5.79,JaVale McGee,C,30,2116955,2213644,65,17,9.5,2.1,3.4,0.621,0,0.1,0,2.1,3.3,0.638,0.621,0.6,0.8,0.731,0.9,1.7,2.6,0.5,0.3,0.9,0.4,1.4,4.8,615,22.3,0.641,0.027,0.237,11.5,18.7,15.4,8,1.6,7.3,10,19.2,1.7,1.1,2.7,0.212,0.4,2.1,2.6,0.7
2017/2018,99093000,100892064.5,815615,Miami Heat,16,MIA,Florida,East,Southeast,44,38,0.537,103.4,102.9,0.15,Rodney McGruder,SG,26,1312611,1372562,18,2,16.6,2,4.1,0.493,0.8,1.9,0.429,1.2,2.1,0.553,0.596,0.2,0.4,0.5,0.6,1.2,1.8,0.9,0.4,0.2,0.2,1.2,5.1,299,12,0.595,0.479,0.11,4.1,7.9,6,8.4,1.3,0.9,5,12.1,0.5,0.3,0.8,0.125,0.1,-0.7,-0.6,0.1
2017/2018,99093000,100892064.5,815615,Indiana Pacers,12,IND,Indiana,East,Central,48,34,0.585,105.6,104.2,1.18,Trey McKinney-Jones,SG,27,46079,48183,1,0,1,0,0,,0,0,,0,0,,,0,0,,0,0,0,0,0,0,0,0,0,1,0,,,,0,0,0,0,0,0,,0,0,0,0,-0.001,-5.8,-0.1,-5.9,0
2017/2018,99093000,100892064.5,815615,Toronto Raptors,28,TOR,Ontario,East,Atlantic,59,23,0.72,111.7,103.9,7.29,Alfonzo McKinnie,SF,25,815615,852867,14,0,3.8,0.6,1.1,0.533,0.2,0.6,0.333,0.4,0.4,0.833,0.633,0.1,0.2,0.667,0.1,0.4,0.5,0.1,0.1,0.1,0.2,0.6,1.5,53,10.1,0.643,0.6,0.2,2.2,12.4,7.4,2.7,0.9,1.5,15.5,16,0,0.1,0.1,0.084,-1.3,-1.8,-3.1,0
2017/2018,99093000,100892064.5,815615,Memphis Grizzlies,15,MEM,Tennessee,West,Southwest,22,60,0.268,99.3,105.5,-5.81,Ben McLemore,SG,24,5200000,5437503,56,17,19.5,2.8,6.7,0.421,1,2.8,0.346,1.8,3.8,0.477,0.495,0.9,1.1,0.828,0.6,1.9,2.5,0.9,0.7,0.3,1.1,2.5,7.5,1091,9.7,0.526,0.426,0.172,3.5,11.4,7.4,7.5,1.8,1.3,13.2,19,-0.2,0.7,0.5,0.023,-2.1,-1.4,-3.6,-0.4
2017/2018,99093000,100892064.5,815615,Dallas Mavericks,7,DAL,Texas,West,Southwest,24,58,0.293,102.3,105.4,-2.7,Josh McRoberts,PF,30,6021175,6296184,2,0,3,0,0.5,0,0,0.5,0,0,0,,0,0,0,,0,0,0,0,0,0,0,1,0,6,-12.5,0,1,0,0,0,0,0,0,0,0,7.6,0,0,0,-0.19,-9.8,-2.4,-12.2,0
2017/2018,99093000,100892064.5,815615,Washington Wizards,30,WAS,Washington DC,East,Southeast,43,39,0.524,106.6,106,0.53,Jodie Meeks,SG,30,3290000,3440266,77,0,14.5,2,5.1,0.399,0.9,2.7,0.343,1.1,2.4,0.464,0.491,1.3,1.5,0.863,0.2,1.4,1.6,0.9,0.4,0.1,0.5,0.7,6.3,1119,12.4,0.548,0.534,0.298,1.5,11.2,6.4,9.1,1.3,0.3,7.7,19,1.3,0.8,2,0.087,-0.4,-2.5,-2.8,-0.2
2017/2018,99093000,100892064.5,815615,Dallas Mavericks,7,DAL,Texas,West,Southwest,24,58,0.293,102.3,105.4,-2.7,Salah Mejri,C,31,1471382,1538585,61,1,12,1.4,2.2,0.642,0,0,0,1.4,2.2,0.657,0.642,0.6,1.1,0.576,1.4,2.6,4,0.6,0.4,1.1,0.6,2,3.5,729,17.8,0.644,0.022,0.482,12.5,25.4,18.7,7.2,1.5,8.2,19,12.8,1.3,1.3,2.7,0.175,-2.2,5.3,3.1,0.9
2017/2018,99093000,100892064.5,815615,Miami Heat,16,MIA,Florida,East,Southeast,44,38,0.537,103.4,102.9,0.15,Jordan Mickey,PF,23,1471382,1538585,23,3,12.3,1.7,3.6,0.476,0.1,0.7,0.125,1.6,2.9,0.561,0.488,0.6,0.8,0.684,0.8,2.7,3.5,0.4,0.3,0.4,0.8,1.6,4,284,10.6,0.515,0.195,0.232,7.1,24.9,16,4.8,1.1,3,16.6,17.1,-0.1,0.4,0.3,0.054,-5.5,0.4,-5.1,-0.2
2017/2018,99093000,100892064.5,815615,Milwaukee Bucks,17,MIL,Wisconsin,East,Central,44,38,0.537,106.5,106.8,-0.45,Khris Middleton,SF,26,14100000,14743999,82,82,36.4,7.2,15.5,0.466,1.8,5,0.359,5.5,10.5,0.517,0.524,3.9,4.4,0.884,0.5,4.7,5.2,4,1.5,0.3,2.3,3.3,20.1,2982,17.4,0.577,0.32,0.285,1.8,15,8.4,17.7,2,0.6,11.8,24.6,4.6,2.3,6.9,0.111,1.6,-1.2,0.4,1.8
2017/2018,99093000,100892064.5,815615,Toronto Raptors,28,TOR,Ontario,East,Atlantic,59,23,0.72,111.7,103.9,7.29,CJ Miles,SF,30,7936509,8298998,70,3,19.1,3.2,8.6,0.379,2.3,6.5,0.361,0.9,2.1,0.434,0.516,1.2,1.4,0.835,0.3,1.9,2.2,0.8,0.5,0.3,0.6,1.9,10,1337,13,0.545,0.758,0.162,1.5,11,6.4,6,1.4,1.3,5.7,22.3,1.4,1.5,2.9,0.103,1.7,-2.2,-0.5,0.5
2017/2018,99093000,100892064.5,815615,New Orleans Pelicans,19,NOP,Louisiana,West,Southwest,48,34,0.585,111.7,110.4,1.48,Darius Miller,SF,27,2100000,2195914,82,3,23.7,2.6,5.9,0.444,1.8,4.4,0.411,0.8,1.6,0.535,0.594,0.7,0.8,0.866,0.2,1.8,2,1.4,0.3,0.2,0.7,2,7.8,1944,9.3,0.617,0.735,0.138,1,7.9,4.6,7.5,0.7,0.7,10.1,12.8,2.1,0.9,3,0.075,0.5,-1.6,-1,0.5
2017/2018,99093000,100892064.5,815615,Toronto Raptors,28,TOR,Ontario,East,Atlantic,59,23,0.72,111.7,103.9,7.29,Malcolm Miller,SF,24,77250,80778,15,4,8.4,0.9,1.9,0.464,0.5,1.4,0.381,0.3,0.5,0.714,0.607,0.3,0.3,1,0.3,0.7,1,0.2,0.1,0.1,0.3,0.7,2.5,126,8.9,0.638,0.75,0.143,3.6,9.6,6.7,3.2,0.4,1.3,14.4,12.1,0.1,0.1,0.2,0.087,-0.5,-1.5,-2,0
2017/2018,99093000,100892064.5,815615,San Antonio Spurs,27,SAS,Texas,West,Southwest,47,35,0.573,102.7,99.8,2.89,Patrick Mills,PG,29,10714286,11203647,82,36,25.7,3.4,8.3,0.411,1.9,5,0.372,1.5,3.3,0.47,0.523,1.3,1.4,0.89,0.3,1.6,1.9,2.8,0.7,0.1,1.3,1.6,10,2107,11.8,0.558,0.607,0.173,1.4,6.8,4.1,16,1.3,0.4,12.6,17.8,2,2.1,4.1,0.093,0.9,-1.3,-0.4,0.9
2017/2018,99093000,100892064.5,815615,Denver Nuggets,8,DEN,Colorado,West,Northwest,46,36,0.561,110,108.5,1.57,Paul Millsap,PF,32,30769231,32174575,38,37,30.1,5.3,11.4,0.464,1,3,0.345,4.3,8.5,0.506,0.509,2.9,4.2,0.696,1.7,4.7,6.4,2.8,1,1.2,1.9,2.6,14.6,1143,17,0.549,0.26,0.37,6.4,17.6,12.1,13.9,1.7,3.2,12.6,22,1.4,1.1,2.5,0.107,0.1,0.7,0.8,0.8
2017/2018,99093000,100892064.5,815615,#N/A,#N/A,TOT,#N/A,#N/A,#N/A,#N/A,#N/A,#N/A,#N/A,#N/A,#N/A,Nikola Mirotic,PF,26,12500000,13070921,55,14,27.2,5.6,12.4,0.447,2.5,6.5,0.377,3.1,5.9,0.525,0.546,2,2.5,0.818,1.1,6.3,7.4,1.5,0.8,0.7,1.1,2,15.6,1494,18.7,0.577,0.523,0.2,4.3,24.9,14.6,8.6,1.4,2.2,7.7,23.4,2.2,1.8,4,0.128,1.4,-0.7,0.6,1
2017/2018,99093000,100892064.5,815615,Chicago Bulls,5,CHI,Illinois,East,Central,27,55,0.329,102.9,110,-6.84,Nikola Mirotic,PF,26,12500000,13070921,25,3,24.9,5.7,12.1,0.474,2.8,6.4,0.429,3,5.6,0.525,0.588,2.6,3.2,0.823,0.7,5.6,6.4,1.6,0.6,0.5,1.2,1.8,16.8,622,22,0.624,0.533,0.262,3,25.3,13.7,11,1.2,1.9,8.4,25.7,1.5,0.6,2,0.158,3.2,-1.4,1.8,0.6
2017/2018,99093000,100892064.5,815615,New Orleans Pelicans,19,NOP,Louisiana,West,Southwest,48,34,0.585,111.7,110.4,1.48,Nikola Mirotic,PF,26,12500000,13070921,30,11,29.1,5.4,12.7,0.427,2.2,6.6,0.335,3.2,6.2,0.524,0.513,1.6,1.9,0.81,1.4,6.8,8.2,1.4,1,0.9,1,2.1,14.6,872,16.3,0.539,0.516,0.152,5.3,24.6,15.3,6.8,1.6,2.4,7.1,21.8,0.7,1.2,1.9,0.106,0,-0.2,-0.2,0.4
2017/2018,99093000,100892064.5,815615,Utah Jazz,29,UTA,Utah,West,Northwest,48,34,0.585,104.1,99.8,4.47,Donovan Mitchell,SG,21,2621280,2741003,79,71,33.4,7.5,17.2,0.437,2.4,7,0.34,5.2,10.3,0.502,0.506,3,3.8,0.805,0.7,3.1,3.7,3.7,1.5,0.3,2.7,2.7,20.5,2638,16.7,0.541,0.404,0.218,2.3,10.4,6.4,19.4,2.2,0.9,12.6,29.1,1.4,3.8,5.2,0.095,1.3,-0.2,1.1,2.1
2017/2018,99093000,100892064.5,815615,Utah Jazz,29,UTA,Utah,West,Northwest,48,34,0.585,104.1,99.8,4.47,Naz Long,SG,24,167158,174792,1,0,1,1,1,1,1,1,1,0,0,,1.5,0,0,,0,0,0,0,0,0,0,0,3,1,133.8,1.5,1,0,0,0,0,0,0,0,0,45,0.1,0,0.1,2.712,68.6,-14.2,54.4,0
2017/2018,99093000,100892064.5,815615,Charlotte Hornets,4,CHO,North Carolina,East,Southeast,36,46,0.439,108.2,108,0.07,Malik Monk,SG,19,2904480,3037138,63,0,13.6,2.4,6.7,0.36,1.3,3.9,0.342,1.1,2.9,0.385,0.458,0.5,0.6,0.842,0.1,0.9,1,1.4,0.3,0.1,0.8,1,6.7,854,10.3,0.477,0.572,0.089,1,7.5,4.2,16.9,1.1,0.9,10,24.9,-0.5,0.5,0,0,-1,-3.4,-4.5,-0.5
2017/2018,99093000,100892064.5,815615,#N/A,#N/A,TOT,#N/A,#N/A,#N/A,#N/A,#N/A,#N/A,#N/A,#N/A,#N/A,Greg Monroe,C,27,21384175,22360868,51,14,20.4,4.3,7.6,0.565,0,0,,4.3,7.6,0.565,0.565,1.7,2.3,0.739,2.1,4.7,6.9,2.2,0.9,0.5,1.8,1.9,10.3,1040,21.2,0.598,0,0.308,11.4,25.2,18.3,18.7,2.1,1.8,17.7,22.4,1.8,1.6,3.4,0.155,0.1,2.3,2.4,1.2
2017/2018,99093000,100892064.5,815615,Milwaukee Bucks,17,MIL,Wisconsin,East,Central,44,38,0.537,106.5,106.8,-0.45,Greg Monroe,C,27,21384175,22360868,5,0,15.8,3.2,6.6,0.485,0,0,,3.2,6.6,0.485,0.485,0.4,0.8,0.5,1.2,3.8,5,1,0,0,1.2,1.4,6.8,79,11.1,0.489,0,0.121,8.9,28.1,18.5,10.2,0,0,14.7,23.3,-0.1,0,0,-0.013,-6.1,-3.5,-9.7,-0.2
2017/2018,99093000,100892064.5,815615,Phoenix Suns,24,PHO,Arizona,West,Pacific,21,61,0.256,103.9,113.3,-8.8,Greg Monroe,C,27,21384175,22360868,20,14,23.3,4.9,7.8,0.626,0,0,,4.9,7.8,0.626,0.626,1.6,2.3,0.674,2.5,5.5,8,2.5,0.8,0.3,2,2,11.3,465,21,0.642,0,0.297,11.3,25.7,18.4,18.2,1.6,1,18.6,19.6,1,0.4,1.4,0.142,1.1,1.1,2.3,0.5
2017/2018,99093000,100892064.5,815615,Boston Celtics,2,BOS,Massachusetts,East,Atlantic,55,27,0.671,104,100.4,3.23,Greg Monroe,C,27,21384175,22360868,26,0,19.1,4,7.6,0.53,0,0,,4,7.6,0.53,0.53,2.1,2.7,0.797,2,4.3,6.3,2.3,1.1,0.7,1.8,1.8,10.2,496,23,0.58,0,0.348,11.9,24.4,18.2,20.5,2.8,2.9,17.4,24.9,0.8,1.1,2,0.193,0.2,4.3,4.5,0.8
2017/2018,99093000,100892064.5,815615,Detroit Pistons,9,DET,Michigan,East,Central,39,43,0.476,103.8,103.9,-0.26,Luis Montero,SG,24,77250,80778,2,0,4,0,0.5,0,0,0,,0,0.5,0,0,0,0,,0,1,1,0,0,0,1,0,0,8,-15.5,0,0,0,0,28.2,13.8,0,0,0,66.7,16.6,-0.1,0,-0.1,-0.445,-23.7,-2.1,-25.9,0
2017/2018,99093000,100892064.5,815615,Indiana Pacers,12,IND,Indiana,East,Central,48,34,0.585,105.6,104.2,1.18,Ben Moore,PF,22,77250,80778,2,0,4.5,0,0,,0,0,,0,0,,,0,0,,0,0.5,0.5,0.5,0,0,0,2,0,9,-2.3,,,,0,12.5,6.3,13.1,0,0,,0,0,0,0,0.072,-5.3,0.3,-5,0
2017/2018,99093000,100892064.5,815615,New Orleans Pelicans,19,NOP,Louisiana,West,Southwest,48,34,0.585,111.7,110.4,1.48,E'Twaun Moore,SG,28,8445024,8830739,82,80,31.5,5.2,10.1,0.508,1.6,3.7,0.425,3.6,6.5,0.556,0.585,0.6,0.8,0.706,0.7,2.2,2.9,2.3,1,0.1,1.2,2.2,12.5,2586,12.1,0.593,0.362,0.082,2.5,7.3,5,10.1,1.5,0.4,10.6,16.1,2.8,1.6,4.4,0.081,0.6,-0.8,-0.2,1.2
2017/2018,99093000,100892064.5,815615,Detroit Pistons,9,DET,Michigan,East,Central,39,43,0.476,103.8,103.9,-0.26,Eric Moreland,PF,26,1740000,1819472,67,3,12,1,1.8,0.541,0,0,,1,1.8,0.541,0.541,0.2,0.4,0.379,1.2,2.9,4.1,1.2,0.5,0.8,0.6,1.7,2.1,805,13.9,0.531,0,0.238,10.9,27.6,19.1,13.3,1.9,5.6,23.8,9.7,0.7,1.6,2.3,0.135,-3.1,5.8,2.6,0.9
2017/2018,99093000,100892064.5,815615,Atlanta Hawks,1,ATL,Georgia,East,Southeast,24,58,0.293,103.4,108.8,-5.3,Jaylen Morris,SG,22,198143,207192,6,0,16.3,2.2,5.3,0.406,0.3,1.7,0.2,1.8,3.7,0.5,0.438,0,0,,0.3,2.3,2.7,1.2,0.3,0.2,1,0.3,4.7,98,6.5,0.438,0.313,0,2.3,15.9,9.1,10.8,1,0.9,15.8,16.9,-0.2,0.1,-0.1,-0.053,-6.1,-1,-7.1,-0.1
2017/2018,99093000,100892064.5,815615,Boston Celtics,2,BOS,Massachusetts,East,Atlantic,55,27,0.671,104,100.4,3.23,Marcus Morris,PF,28,5000000,5228368,54,21,26.8,4.9,11.3,0.429,1.6,4.3,0.368,3.3,7,0.467,0.499,2.3,2.9,0.805,0.8,4.6,5.4,1.3,0.6,0.2,1.2,1.9,13.6,1447,14.5,0.541,0.383,0.252,3.3,18.4,10.9,8.1,1.2,0.7,8.7,23,1.1,2.2,3.2,0.108,-1.1,-0.6,-1.7,0.1
2017/2018,99093000,100892064.5,815615,Washington Wizards,30,WAS,Washington DC,East,Southeast,43,39,0.524,106.6,106,0.53,Markieff Morris,PF,28,8000000,8365389,73,73,27,4.5,9.4,0.48,1,2.8,0.367,3.5,6.6,0.529,0.536,1.4,1.8,0.82,1,4.6,5.6,1.9,0.8,0.5,1.7,3,11.5,1968,13.2,0.566,0.301,0.186,4.3,19.2,11.8,11,1.4,1.7,14.6,19.5,1.2,2.1,3.3,0.08,-1,0.5,-0.5,0.7
2017/2018,99093000,100892064.5,815615,Denver Nuggets,8,DEN,Colorado,West,Northwest,46,36,0.561,110,108.5,1.57,Monte Morris,PG,22,77250,80778,3,0,8.3,1.3,2,0.667,0,0.3,0,1.3,1.7,0.8,0.667,0.7,0.7,1,0,0.7,0.7,2.3,1,0,0.3,0.3,3.3,25,27.1,0.727,0.167,0.333,0,9,4.5,41.2,5.9,0,12.7,13.7,0.1,0,0.2,0.312,3.6,-1.6,2,0
2017/2018,99093000,100892064.5,815615,Dallas Mavericks,7,DAL,Texas,West,Southwest,24,58,0.293,102.3,105.4,-2.7,Johnathan Motley,PF,22,77250,80778,11,4,16,3.6,6.8,0.533,0.1,0.5,0.167,3.5,6.3,0.565,0.54,1.4,2.5,0.536,1.3,3.2,4.5,0.6,0.3,0.2,0.8,1.6,8.7,176,17.2,0.55,0.08,0.373,8.5,22.9,15.5,7.1,0.9,1,9.3,24.9,0.1,0.2,0.3,0.084,-2.8,-2.1,-4.9,-0.1
2017/2018,99093000,100892064.5,815615,Brooklyn Nets,3,BRK,New York,East,Atlantic,28,54,0.341,106.6,110.3,-3.67,Timofey Mozgov,C,31,15280000,15977894,31,13,11.6,1.7,3,0.559,0.1,0.6,0.222,1.5,2.4,0.64,0.581,0.7,1,0.767,1,2.1,3.2,0.4,0.2,0.4,1.1,1.3,4.2,359,12.3,0.617,0.194,0.323,9.4,19.7,14.5,4.8,0.7,2.7,23.7,16.8,0.1,0.3,0.4,0.055,-3.8,-0.3,-4.1,-0.2
2017/2018,99093000,100892064.5,815615,#N/A,#N/A,TOT,#N/A,#N/A,#N/A,#N/A,#N/A,#N/A,#N/A,#N/A,#N/A,Emmanuel Mudiay,PG,21,3381480,3535924,64,14,19.5,3.2,8.2,0.388,0.7,2.3,0.318,2.5,5.9,0.415,0.433,1.5,2,0.76,0.4,2,2.4,3.2,0.6,0.2,1.8,1.3,8.6,1245,11.5,0.474,0.281,0.245,2.3,11.3,6.8,24.5,1.6,0.8,16.2,24.4,-0.8,0.7,0,-0.002,-2.6,-2.1,-4.7,-0.9
2017/2018,99093000,100892064.5,815615,Denver Nuggets,8,DEN,Colorado,West,Northwest,46,36,0.561,110,108.5,1.57,Emmanuel Mudiay,PG,21,3381480,3535924,42,0,17.9,3.1,7.7,0.401,0.9,2.4,0.373,2.2,5.2,0.414,0.46,1.5,1.9,0.808,0.4,1.9,2.2,2.9,0.5,0.1,1.7,1.1,8.5,752,12.3,0.504,0.317,0.242,2.4,11.6,7,24.1,1.4,0.4,16.8,24.8,0,0.3,0.3,0.019,-2.2,-2.9,-5,-0.6
2017/2018,99093000,100892064.5,815615,New York Knicks,20,NYK,New York,East,Atlantic,29,53,0.354,104.5,108,-3.53,Emmanuel Mudiay,PG,21,3381480,3535924,22,14,22.4,3.4,9.3,0.368,0.4,2.1,0.196,3,7.2,0.418,0.39,1.6,2.3,0.686,0.5,2.2,2.6,3.9,0.9,0.3,1.9,1.5,8.8,493,10.2,0.428,0.225,0.25,2.3,10.8,6.5,25,2,1.2,15.3,23.7,-0.7,0.4,-0.3,-0.034,-3.3,-0.9,-4.3,-0.3
2017/2018,99093000,100892064.5,815615,#N/A,#N/A,TOT,#N/A,#N/A,#N/A,#N/A,#N/A,#N/A,#N/A,#N/A,#N/A,Shabazz Muhammad,SF-SG,25,1924755,2012664,43,2,9.7,2,4.4,0.447,0.2,0.6,0.259,1.8,3.7,0.478,0.465,0.9,1.2,0.78,0.5,1.2,1.8,0.3,0.2,0.1,0.1,0.7,5,418,15.4,0.51,0.144,0.266,6.3,14.8,10.6,5.7,1.1,0.6,2.8,23,0.5,0.2,0.7,0.081,-1.8,-4.1,-5.9,-0.4
2017/2018,99093000,100892064.5,815615,Minnesota Timberwolves,18,MIN,Minnesota,West,Northwest,47,35,0.573,109.5,107.3,2.35,Shabazz Muhammad,SF,25,1924755,2012664,32,2,9.4,1.5,3.8,0.388,0.1,0.6,0.211,1.3,3.2,0.422,0.405,0.7,1,0.71,0.5,0.9,1.4,0.2,0.2,0.1,0.2,0.7,3.8,301,9.3,0.446,0.157,0.256,5.7,11.6,8.6,3.4,0.8,0.6,3.6,20.5,0,0.1,0,0.008,-4.2,-4.2,-8.4,-0.5
2017/2018,99093000,100892064.5,815615,Milwaukee Bucks,17,MIL,Wisconsin,East,Central,44,38,0.537,106.5,106.8,-0.45,Shabazz Muhammad,SG,25,1924755,2012664,11,0,10.6,3.4,6.1,0.552,0.3,0.7,0.375,3.1,5.4,0.576,0.575,1.5,1.7,0.895,0.7,2.1,2.8,0.6,0.4,0.1,0.1,0.6,8.5,117,31,0.624,0.119,0.284,8,23,15.5,11.8,1.7,0.7,1.3,29.5,0.6,0.1,0.7,0.271,4.2,-3.7,0.5,0.1
2017/2018,99093000,100892064.5,815615,Milwaukee Bucks,17,MIL,Wisconsin,East,Central,44,38,0.537,106.5,106.8,-0.45,Xavier Munford,SG,25,77250,80778,6,0,3.5,0.2,1,0.167,0,0.3,0,0.2,0.7,0.25,0.167,0.2,0.3,0.5,0.2,0,0.2,0.7,0.2,0,0.3,0.7,0.5,21,-2.1,0.218,0.333,0.333,5.6,0,2.8,24.6,2.4,0,22.5,19.1,-0.1,0,-0.1,-0.197,-9.4,-4.4,-13.7,-0.1
2017/2018,99093000,100892064.5,815615,San Antonio Spurs,27,SAS,Texas,West,Southwest,47,35,0.573,102.7,99.8,2.89,Dejounte Murray,PG,21,1312611,1372562,81,48,21.5,3.3,7.5,0.443,0.1,0.4,0.265,3.2,7.1,0.454,0.451,1.3,1.8,0.709,1.4,4.3,5.7,2.9,1.2,0.4,1.7,1.9,8.1,1743,15.1,0.485,0.056,0.243,7,22.4,14.6,20.2,2.8,1.5,16.6,20.7,-0.2,3.4,3.2,0.087,-2.2,3.4,1.2,1.4
2017/2018,99093000,100892064.5,815615,Denver Nuggets,8,DEN,Colorado,West,Northwest,46,36,0.561,110,108.5,1.57,Jamal Murray,PG,20,3355320,3508569,81,80,31.7,5.9,13.1,0.451,2,5.4,0.378,3.9,7.7,0.502,0.529,2.8,3.1,0.905,1,2.7,3.7,3.4,1,0.3,2.1,2.1,16.7,2565,16.1,0.576,0.411,0.238,3.6,9.4,6.5,16.4,1.5,0.9,12.8,22.8,4.3,1.2,5.5,0.103,1.8,-2,-0.2,1.2
2017/2018,99093000,100892064.5,815615,Atlanta Hawks,1,ATL,Georgia,East,Southeast,24,58,0.293,103.4,108.8,-5.3,Mike Muscala,C,26,5000000,5228368,53,7,20,2.7,5.9,0.458,1.2,3.2,0.371,1.5,2.7,0.559,0.558,1.1,1.2,0.919,1.1,3.3,4.3,1,0.6,0.5,0.8,1.5,7.6,1060,14.4,0.597,0.535,0.199,5.9,18.3,12.1,7.3,1.4,2.2,11,15.7,1.5,0.9,2.4,0.109,0,0.2,0.2,0.6
2017/2018,99093000,100892064.5,815615,Boston Celtics,2,BOS,Massachusetts,East,Atlantic,55,27,0.671,104,100.4,3.23,Abdel Nader,SF,24,1167333,1220649,48,1,10.9,1,3.1,0.336,0.5,1.4,0.354,0.6,1.8,0.321,0.413,0.5,0.8,0.59,0.3,1.2,1.5,0.5,0.3,0.2,0.7,0.9,3,522,5.1,0.439,0.436,0.262,2.8,12,7.4,7.1,1.4,1.6,17,17.1,-0.9,0.8,-0.1,-0.014,-5.9,0.3,-5.6,-0.5
2017/2018,99093000,100892064.5,815615,#N/A,#N/A,TOT,#N/A,#N/A,#N/A,#N/A,#N/A,#N/A,#N/A,#N/A,#N/A,Larry Nance Jr,C,25,1471382,1538585,66,27,21.5,3.6,6.3,0.581,0,0.2,0.167,3.6,6.1,0.594,0.584,1.4,2.1,0.664,2.4,4.4,6.8,1.2,1.3,0.6,0.8,2.6,8.7,1421,20.2,0.605,0.029,0.332,12.4,22,17.3,8.6,3,2.2,9.7,15.9,3.5,2.3,5.8,0.196,0.9,2.4,3.3,1.9
2017/2018,99093000,100892064.5,815615,Los Angeles Lakers,14,LAL,California,West,Pacific,35,47,0.427,108.1,109.6,-1.44,Larry Nance Jr,C,25,1471382,1538585,42,17,22,3.6,6,0.601,0,0.1,0.25,3.6,5.9,0.606,0.603,1.3,2.1,0.632,2.6,4.2,6.8,1.4,1.4,0.5,1,2.7,8.6,922,19.4,0.618,0.016,0.344,12.6,20.2,16.4,9.2,3.1,1.8,12.3,15.3,2.1,1.5,3.7,0.191,1,2.7,3.8,1.3
2017/2018,99093000,100892064.5,815615,Cleveland Cavaliers,6,CLE,Ohio,East,Central,50,32,0.61,110.9,109.9,0.59,Larry Nance Jr,C,25,1471382,1538585,24,10,20.8,3.7,6.7,0.55,0,0.3,0.125,3.6,6.3,0.572,0.553,1.5,2.1,0.72,2.2,4.8,7,1,1.2,0.8,0.4,2.5,8.9,499,21.5,0.585,0.05,0.313,12.1,25.5,18.9,7.6,2.8,3.1,5.2,17,1.4,0.7,2.1,0.206,0.8,1.7,2.6,0.6
2017/2018,99093000,100892064.5,815615,Portland Trail Blazers,25,POR,Oregon,West,Northwest,49,33,0.598,105.6,103,2.6,Shabazz Napier,PG,26,2361359,2469210,74,10,20.7,3,7.2,0.42,1.1,2.9,0.376,1.9,4.2,0.45,0.497,1.6,1.9,0.841,0.4,1.9,2.3,2,1.1,0.2,1.2,1.1,8.7,1535,14.2,0.544,0.411,0.26,1.9,10.1,6,14.6,2.6,0.7,13.2,19.5,1.2,2,3.2,0.101,-0.2,0.3,0.2,0.8
2017/2018,99093000,100892064.5,815615,#N/A,#N/A,TOT,#N/A,#N/A,#N/A,#N/A,#N/A,#N/A,#N/A,#N/A,#N/A,Jameer Nelson,PG,35,6998920,7318585,50,0,20.3,1.9,4.9,0.389,0.8,2.5,0.331,1.1,2.4,0.45,0.473,0.3,0.4,0.8,0.3,1.8,2.1,3.6,0.5,0.1,1.3,1.6,4.9,1013,8.1,0.489,0.508,0.082,1.4,9.5,5.6,22.8,1.3,0.3,21,13.7,-0.1,0.7,0.6,0.028,-2.6,-1.5,-4,-0.5
2017/2018,99093000,100892064.5,815615,New Orleans Pelicans,19,NOP,Louisiana,West,Southwest,48,34,0.585,111.7,110.4,1.48,Jameer Nelson,PG,35,6998920,7318585,43,0,20.9,2,4.8,0.41,0.9,2.6,0.364,1,2.2,0.463,0.507,0.3,0.4,0.765,0.3,2,2.2,3.6,0.5,0.1,1.3,1.6,5.1,897,8.9,0.52,0.537,0.083,1.4,9.9,5.8,22.2,1.2,0.3,20.9,13,0.3,0.6,0.8,0.045,-1.9,-1.4,-3.3,-0.3
2017/2018,99093000,100892064.5,815615,Detroit Pistons,9,DET,Michigan,East,Central,39,43,0.476,103.8,103.9,-0.26,Jameer Nelson,PG,35,6998920,7318585,7,0,16.6,1.6,5.6,0.282,0.1,2,0.071,1.4,3.6,0.4,0.295,0.4,0.4,1,0.3,0.9,1.1,3.3,0.6,0.1,1.6,2,3.7,116,2.6,0.322,0.359,0.077,1.9,5.8,3.8,27.7,1.7,0.8,21.4,19.6,-0.4,0.1,-0.3,-0.107,-7.5,-2.2,-9.7,-0.2
2017/2018,99093000,100892064.5,815615,Utah Jazz,29,UTA,Utah,West,Northwest,48,34,0.585,104.1,99.8,4.47,Raul Neto,PG,25,1471382,1538585,41,0,12.1,1.7,3.7,0.457,0.5,1.1,0.404,1.2,2.5,0.481,0.52,0.6,0.9,0.743,0.2,1,1.2,1.8,0.3,0.1,0.9,0.9,4.5,498,11.9,0.55,0.311,0.232,1.6,9.5,5.6,23,1.3,0.7,17.8,18.3,0.3,0.6,0.9,0.086,-2.1,-1.1,-3.2,-0.1
2017/2018,99093000,100892064.5,815615,Utah Jazz,29,UTA,Utah,West,Northwest,48,34,0.585,104.1,99.8,4.47,Georges Niang,PF,24,177250,185345,9,0,3.6,0.4,1.2,0.364,0,0.4,0,0.4,0.8,0.571,0.364,0.1,0.2,0.5,0.3,0.7,1,0.3,0.2,0,0.3,0.1,1,32,9.2,0.379,0.364,0.182,10.8,21.1,16,14,3.1,0,20.2,20.9,-0.1,0.1,0,-0.029,-5.5,1.4,-4,0
2017/2018,99093000,100892064.5,815615,New York Knicks,20,NYK,New York,East,Atlantic,29,53,0.354,104.5,108,-3.53,Joakim Noah,C,32,17765000,18576393,7,0,5.7,0.7,1.4,0.5,0,0,,0.7,1.4,0.5,0.5,0.3,0.6,0.5,0.9,1.1,2,0.6,0.3,0.3,0.6,0.7,1.7,40,15.6,0.51,0,0.4,16.7,22.1,19.4,14,2.5,4.3,25.4,17.2,0,0.1,0.1,0.072,-2.4,3.4,1,0
2017/2018,99093000,100892064.5,815615,Dallas Mavericks,7,DAL,Texas,West,Southwest,24,58,0.293,102.3,105.4,-2.7,Nerlens Noel,C,23,4187599,4378862,30,6,15.7,1.8,3.5,0.524,0,0,0,1.8,3.5,0.529,0.524,0.7,0.9,0.75,1.6,4,5.6,0.7,1,0.7,0.9,2,4.4,472,16.2,0.558,0.01,0.267,10.9,29.3,19.8,6.3,3.3,4.1,18.1,13.8,0.4,1,1.3,0.135,-3.5,4.5,1,0.4
2017/2018,99093000,100892064.5,815615,Toronto Raptors,28,TOR,Ontario,East,Atlantic,59,23,0.72,111.7,103.9,7.29,Lucas Nogueira,C,25,2947304,3081918,49,3,8.5,1,1.6,0.613,0.1,0.4,0.263,0.9,1.2,0.721,0.644,0.4,0.6,0.679,0.4,1.4,1.8,0.4,0.5,0.9,0.3,1,2.5,418,17.3,0.661,0.238,0.35,4.9,18.1,11.7,7.2,2.7,8.2,14.8,11.4,0.7,1,1.6,0.188,-0.7,6.2,5.4,0.8
2017/2018,99093000,100892064.5,815615,Dallas Mavericks,7,DAL,Texas,West,Southwest,24,58,0.293,102.3,105.4,-2.7,Dirk Nowitzki,C,39,5000000,5228368,77,77,24.7,4.5,9.8,0.456,1.8,4.4,0.409,2.7,5.5,0.494,0.547,1.3,1.4,0.898,0.3,5.4,5.7,1.6,0.6,0.6,0.7,1.9,12,1900,16.7,0.575,0.445,0.142,1.2,25.2,12.8,10.4,1.1,2.1,6,20.5,2.6,2.2,4.8,0.121,0.1,0.3,0.3,1.1
2017/2018,99093000,100892064.5,815615,New York Knicks,20,NYK,New York,East,Atlantic,29,53,0.354,104.5,108,-3.53,Frank Ntilikina,PG,19,3501120,3661029,78,9,21.9,2.3,6.4,0.364,0.6,2,0.318,1.7,4.4,0.385,0.414,0.6,0.9,0.721,0.5,1.8,2.3,3.2,0.8,0.2,1.7,2.3,5.9,1706,7,0.437,0.314,0.136,2.4,9.1,5.8,20,1.9,0.9,19.8,16.9,-2,1.1,-0.9,-0.026,-3.5,-0.5,-3.9,-0.8
2017/2018,99093000,100892064.5,815615,Portland Trail Blazers,25,POR,Oregon,West,Northwest,49,33,0.598,105.6,103,2.6,Jusuf Nurkic,C,23,2947304,3081918,79,79,26.4,6.1,12,0.505,0,0.1,0,6.1,11.9,0.508,0.505,2.2,3.5,0.63,2.4,6.6,9,1.8,0.8,1.4,2.3,3.1,14.3,2088,19.2,0.528,0.007,0.287,10,26.9,18.5,11.7,1.5,4.3,14.6,26.4,0.8,3.9,4.7,0.108,-2.6,2.8,0.3,1.2
2017/2018,99093000,100892064.5,815615,Chicago Bulls,5,CHI,Illinois,East,Central,27,55,0.329,102.9,110,-6.84,David Nwaba,SG,25,1312611,1372562,70,21,23.5,2.9,6,0.478,0.3,0.7,0.346,2.6,5.3,0.496,0.499,1.9,2.9,0.655,1.3,3.4,4.7,1.5,0.8,0.4,1.1,2.3,7.9,1646,12.2,0.542,0.123,0.48,5.6,16,10.6,9.4,1.7,1.6,13.1,15.6,1.1,1.4,2.4,0.071,-2.5,0.9,-1.7,0.1
2017/2018,99093000,100892064.5,815615,Charlotte Hornets,4,CHO,North Carolina,East,Southeast,36,46,0.439,108.2,108,0.07,Johnny O'Bryant,PF,24,1524305,1593925,36,0,10.5,1.9,4.8,0.398,0.4,1.2,0.326,1.5,3.6,0.422,0.439,0.6,0.7,0.84,0.8,1.8,2.6,0.4,0.3,0.2,0.4,1.3,4.8,379,11.9,0.47,0.251,0.146,8.1,18.6,13.3,5.9,1.2,1.3,7.6,22.5,-0.1,0.4,0.3,0.038,-3.2,-2,-5.3,-0.3
2017/2018,99093000,100892064.5,815615,Utah Jazz,29,UTA,Utah,West,Northwest,48,34,0.585,104.1,99.8,4.47,Royce O'Neale,SF,24,815615,852867,69,4,16.7,1.7,4.1,0.423,0.6,1.7,0.356,1.1,2.4,0.47,0.496,0.9,1.1,0.803,0.4,3.1,3.4,1.4,0.5,0.2,0.8,1.5,5,1150,10.8,0.54,0.415,0.268,2.5,20.6,11.7,12,1.6,1.2,14.8,14.6,0.5,1.8,2.4,0.099,-2.4,1.7,-0.6,0.4
2017/2018,99093000,100892064.5,815615,New York Knicks,20,NYK,New York,East,Atlantic,29,53,0.354,104.5,108,-3.53,Kyle O'Quinn,C,27,4087500,4274191,77,10,18,2.9,5,0.583,0.1,0.2,0.235,2.9,4.8,0.599,0.589,1.3,1.6,0.772,1.6,4.5,6.1,2.1,0.5,1.3,1.3,2.5,7.1,1387,20,0.625,0.044,0.331,9.7,27.8,18.8,16.8,1.3,6.1,18.5,17,2.7,2.1,4.8,0.166,0.3,4.3,4.5,2.3
2017/2018,99093000,100892064.5,815615,Boston Celtics,2,BOS,Massachusetts,East,Atlantic,55,27,0.671,104,100.4,3.23,Semi Ojeleye,PF,23,1291892,1350897,73,0,15.8,0.9,2.6,0.346,0.5,1.7,0.32,0.3,0.9,0.397,0.452,0.3,0.6,0.61,0.5,1.7,2.2,0.3,0.3,0.1,0.3,1.2,2.7,1150,4.6,0.473,0.665,0.218,3.6,11.6,7.7,2.4,0.9,0.3,10.8,9,-0.2,1.3,1.2,0.048,-3.6,0.1,-3.5,-0.4
2017/2018,99093000,100892064.5,815615,New Orleans Pelicans,19,NOP,Louisiana,West,Southwest,48,34,0.585,111.7,110.4,1.48,Emeka Okafor,C,35,813293,850439,26,19,13.6,1.8,3.7,0.505,0,0,,1.8,3.7,0.505,0.505,0.7,0.8,0.818,1.8,2.8,4.6,0.3,0.3,1,0.5,1.2,4.4,353,16.4,0.545,0,0.232,14.9,21.7,18.4,3.1,1.1,5.6,11,14.4,0.5,0.5,1,0.14,-2.6,1.3,-1.3,0.1
2017/2018,99093000,100892064.5,815615,#N/A,#N/A,TOT,#N/A,#N/A,#N/A,#N/A,#N/A,#N/A,#N/A,#N/A,#N/A,Jahlil Okafor,C,22,4995120,5223265,28,0,12.6,2.8,4.9,0.558,0,0.1,0.25,2.7,4.8,0.567,0.562,0.8,1,0.724,0.8,2.3,3,0.4,0.1,0.6,0.8,1.8,6.3,353,15.3,0.584,0.029,0.21,6.3,19.4,12.8,5.9,0.4,3.9,12.2,21,0.3,0.3,0.6,0.083,-3.7,-0.8,-4.5,-0.2
2017/2018,99093000,100892064.5,815615,Philadelphia 76ers,23,PHI,Pennsylvania,East,Atlantic,52,30,0.634,109.8,105.3,4.3,Jahlil Okafor,C,22,4995120,5223265,2,0,12.5,2,4.5,0.444,0,0,,2,4.5,0.444,0.444,1,2,0.5,2,2.5,4.5,0.5,0,1,1.5,3.5,5,25,8.8,0.465,0,0.444,17.9,20.7,19.4,5.8,0,6.7,21.8,23.5,0,0,0,0.005,-7.5,0.5,-7,0
2017/2018,99093000,100892064.5,815615,Brooklyn Nets,3,BRK,New York,East,Atlantic,28,54,0.341,106.6,110.3,-3.67,Jahlil Okafor,C,22,4995120,5223265,26,0,12.6,2.8,5,0.566,0,0.2,0.25,2.8,4.8,0.576,0.57,0.7,1,0.76,0.7,2.3,2.9,0.4,0.1,0.6,0.7,1.7,6.4,328,15.8,0.593,0.031,0.194,5.5,19.3,12.3,5.9,0.4,3.6,11.4,20.9,0.3,0.3,0.6,0.089,-3.4,-0.8,-4.3,-0.2
2017/2018,99093000,100892064.5,815615,Indiana Pacers,12,IND,Indiana,East,Central,48,34,0.585,105.6,104.2,1.18,Victor Oladipo,SG,25,21000000,21959147,75,75,34,8.5,17.9,0.477,2.1,5.8,0.371,6.4,12.1,0.528,0.537,3.9,4.9,0.799,0.6,4.6,5.2,4.3,2.4,0.8,2.9,2.3,23.1,2552,23.1,0.577,0.323,0.274,2.1,15.1,8.6,21.2,3.5,2,12.7,30.1,4.3,4,8.2,0.155,3.6,1.3,4.9,4.5
2017/2018,99093000,100892064.5,815615,Miami Heat,16,MIA,Florida,East,Southeast,44,38,0.537,103.4,102.9,0.15,Kelly Olynyk,PF,26,12007169,12555580,76,22,23.4,4.2,8.4,0.497,1.4,3.7,0.379,2.8,4.7,0.59,0.58,1.8,2.3,0.77,1.2,4.5,5.7,2.7,0.8,0.5,1.9,2.9,11.5,1779,17.8,0.612,0.44,0.274,5.6,21.6,13.6,18.7,1.7,1.7,17.1,21.7,2.8,2.7,5.5,0.148,1.6,1.3,2.9,2.2
2017/2018,99093000,100892064.5,815615,Houston Rockets,11,HOU,Texas,West,Southwest,65,17,0.793,112.4,103.9,8.21,Chinanu Onuaku,C,21,1312611,1372562,1,0,22,2,5,0.4,0,0,,2,5,0.4,0.4,0,0,,1,3,4,1,0,0,3,4,4,22,-3.2,0.4,0,0,5.2,15.2,10.2,6.4,0,0,37.5,16.1,-0.1,0,-0.1,-0.147,-11.1,-1.2,-12.3,-0.1
2017/2018,99093000,100892064.5,815615,Cleveland Cavaliers,6,CLE,Ohio,East,Central,50,32,0.61,110.9,109.9,0.59,Cedi Osman,SF,22,2642857,2763566,61,12,11,1.5,3,0.484,0.5,1.4,0.368,1,1.6,0.586,0.57,0.4,0.8,0.565,0.3,1.7,2,0.7,0.4,0,0.5,1.3,3.9,672,11,0.577,0.468,0.247,3.2,16.6,10,8.7,1.6,0.4,13.4,15.7,0.5,0.4,0.9,0.064,-1.4,-1.5,-2.9,-0.2
2017/2018,99093000,100892064.5,815615,Washington Wizards,30,WAS,Washington DC,East,Southeast,43,39,0.524,106.6,106,0.53,Kelly Oubre,SF,22,2093040,2188636,81,11,27.5,3.9,9.8,0.403,1.6,4.6,0.341,2.4,5.2,0.456,0.482,2.4,2.9,0.82,0.7,3.8,4.5,1.2,1,0.4,1.1,2.9,11.8,2231,11.9,0.534,0.467,0.295,3,15.4,9.2,6.4,1.8,1.4,9.2,19.4,1.4,2.3,3.7,0.08,-0.8,-0.4,-1.2,0.4
2017/2018,99093000,100892064.5,815615,Golden State Warriors,10,GSW,California,West,Pacific,58,24,0.707,113.5,107.5,5.79,Zaza Pachulia,C,33,3477600,3636434,69,57,14.1,2.2,3.8,0.564,0,0,0,2.2,3.8,0.567,0.564,1.1,1.3,0.806,1.3,3.4,4.7,1.6,0.6,0.2,1,1.8,5.4,972,17,0.612,0.004,0.352,11,25,18.5,15.2,1.9,1.4,19.1,17,1.8,1.4,3.3,0.161,-0.5,1.3,0.8,0.7
2017/2018,99093000,100892064.5,815615,Charlotte Hornets,4,CHO,North Carolina,East,Southeast,36,46,0.439,108.2,108,0.07,Marcus Paige,PG,24,77250,80778,5,0,5.6,0.8,2.8,0.286,0.4,1.6,0.25,0.4,1.2,0.333,0.357,0.4,0.4,1,0,0.8,0.8,0.6,0,0,0,0,2.4,28,9.1,0.403,0.571,0.143,0,15.7,7.7,16.1,0,0,0,23,0,0,0,-0.006,-2.4,-4.4,-6.9,0
2017/2018,99093000,100892064.5,815615,#N/A,#N/A,TOT,#N/A,#N/A,#N/A,#N/A,#N/A,#N/A,#N/A,#N/A,#N/A,Georgios Papagiannis,C,20,2486757,2600335,17,0,7.2,1.1,2.5,0.429,0,0,,1.1,2.5,0.429,0.429,0,0,,0.8,1.4,2.2,0.5,0.2,0.4,0.5,0.7,2.1,122,12.2,0.429,0,0,11.6,23.4,17.2,11.2,1.6,4.7,16,18.4,-0.1,0.1,0,0.005,-5.5,1.8,-3.7,-0.1
2017/2018,99093000,100892064.5,815615,Sacramento Kings,26,SAC,California,West,Pacific,27,55,0.329,98.8,105.8,-6.6,Georgios Papagiannis,C,20,2486757,2600335,16,0,7.4,1.1,2.6,0.415,0,0,,1.1,2.6,0.415,0.415,0,0,,0.8,1.5,2.3,0.6,0.1,0.4,0.5,0.8,2.1,118,10.7,0.415,0,0,11.1,24.2,17.4,11.5,0.9,4.8,16.3,18.7,-0.2,0.1,0,-0.018,-6.3,1.4,-5,-0.1
2017/2018,99093000,100892064.5,815615,Portland Trail Blazers,25,POR,Oregon,West,Northwest,49,33,0.598,105.6,103,2.6,Georgios Papagiannis,C,20,2486757,2600335,1,0,4,1,1,1,0,0,,1,1,1,1,0,0,,1,0,1,0,2,0,0,0,2,4,58.1,1,0,0,27.5,0,13.6,0,24.9,0,0,11,0,0,0.1,0.675,17.8,16.3,34.1,0
2017/2018,99093000,100892064.5,815615,Milwaukee Bucks,17,MIL,Wisconsin,East,Central,44,38,0.537,106.5,106.8,-0.45,Jabari Parker,PF,22,6782392,7092168,31,3,24,5.2,10.7,0.482,1,2.6,0.383,4.2,8.1,0.514,0.529,1.3,1.7,0.741,1.4,3.5,4.9,1.9,0.8,0.3,1.5,1.6,12.6,743,17.1,0.55,0.244,0.163,6.6,17.1,11.9,13.1,1.7,1.2,11.2,24.4,0.6,0.6,1.2,0.08,-0.2,-1.6,-1.8,0
2017/2018,99093000,100892064.5,815615,San Antonio Spurs,27,SAS,Texas,West,Southwest,47,35,0.573,102.7,99.8,2.89,Tony Parker,PG,35,15453126,16158927,55,21,19.5,3.2,7.1,0.459,0.2,0.7,0.27,3.1,6.4,0.479,0.472,1,1.4,0.705,0.1,1.6,1.7,3.5,0.5,0,1.2,0.9,7.7,1071,12.7,0.498,0.095,0.201,0.7,9.2,4.9,28.2,1.3,0.1,13.9,20.5,0.4,1.1,1.4,0.065,-2.4,-1.7,-4.1,-0.6
2017/2018,99093000,100892064.5,815615,Memphis Grizzlies,15,MEM,Tennessee,West,Southwest,22,60,0.268,99.3,105.5,-5.81,Chandler Parsons,SF,29,23112004,24167614,36,8,19.2,3,6.5,0.462,1.4,3.4,0.421,1.6,3.1,0.504,0.571,0.5,0.8,0.63,0.4,2.1,2.5,1.9,0.5,0.3,1,1.5,7.9,691,13.6,0.578,0.517,0.115,2.3,13,7.5,16.4,1.3,1.5,12.5,18.3,0.7,0.4,1.1,0.077,0.4,-1.6,-1.2,0.1
2017/2018,99093000,100892064.5,815615,Oklahoma City Thunder,21,OKC,Oklahoma,West,Northwest,48,34,0.585,107.9,104.4,3.42,Patrick Patterson,PF,28,5192000,5429137,82,3,15.5,1.3,3.2,0.398,0.8,2.1,0.386,0.5,1.2,0.421,0.523,0.5,0.6,0.87,0.4,2,2.4,0.7,0.6,0.3,0.4,1.1,3.9,1270,10,0.555,0.643,0.173,2.7,14.6,8.4,6.1,1.9,1.6,10.3,10.8,1.2,1.4,2.6,0.098,-1.6,0.3,-1.3,0.2
2017/2018,99093000,100892064.5,815615,Minnesota Timberwolves,18,MIN,Minnesota,West,Northwest,47,35,0.573,109.5,107.3,2.35,Justin Patton,C,20,2247480,2350130,1,0,4,1,2,0.5,0,0,,1,2,0.5,0.5,0,0,,0,0,0,0,1,0,0,1,2,4,19.8,0.5,0,0,0,0,0,0,12.5,0,0,22.1,0,0,0,0.151,-0.7,4,3.3,0
2017/2018,99093000,100892064.5,815615,San Antonio Spurs,27,SAS,Texas,West,Southwest,47,35,0.573,102.7,99.8,2.89,Brandon Paul,SG,26,815615,852867,64,2,9,0.9,2,0.433,0.2,0.8,0.278,0.6,1.1,0.548,0.492,0.3,0.7,0.512,0.1,1,1.1,0.6,0.4,0.1,0.5,0.9,2.3,576,7.4,0.504,0.425,0.339,1.1,12,6.5,9,2.2,1,16.6,13.6,-0.3,0.8,0.5,0.045,-3.6,0.9,-2.8,-0.1
2017/2018,99093000,100892064.5,815615,Houston Rockets,11,HOU,Texas,West,Southwest,65,17,0.793,112.4,103.9,8.21,Chris Paul,PG,32,24268959,25377412,58,58,31.8,6.3,13.8,0.46,2.5,6.5,0.38,3.8,7.2,0.532,0.55,3.5,3.8,0.919,0.6,4.8,5.4,7.9,1.7,0.2,2.2,2.4,18.6,1847,24.4,0.604,0.475,0.277,2.3,16.7,9.5,40.9,2.6,0.6,12.5,24.5,7.5,2.7,10.2,0.265,6.2,0.9,7.1,4.2
2017/2018,99093000,100892064.5,815615,Orlando Magic,22,ORL,Florida,East,Southeast,25,57,0.305,103.4,108.2,-4.92,Adreian Payne,PF,26,77250,80778,5,0,8.6,1.4,2,0.7,0.4,0.6,0.667,1,1.4,0.714,0.8,1,1.2,0.833,0.4,1.4,1.8,0,0.4,0,0.4,1.2,4.2,43,18.8,0.831,0.3,0.6,5.1,18,11.5,0,2.3,0,13.7,15,0.1,0,0.2,0.203,0.1,-4.1,-4.1,0
2017/2018,99093000,100892064.5,815615,Chicago Bulls,5,CHI,Illinois,East,Central,27,55,0.329,102.9,110,-6.84,Cameron Payne,PG,23,2203440,2304079,25,14,23.3,3.5,8.6,0.405,1.4,3.6,0.385,2.1,5,0.419,0.486,0.5,0.6,0.75,0.7,2,2.8,4.5,1,0.4,1.4,1.8,8.8,582,14,0.498,0.423,0.074,3.2,9.8,6.4,29.9,2.2,1.4,14,19.3,0.3,0.4,0.8,0.063,-0.2,-0.8,-0.9,0.2
2017/2018,99093000,100892064.5,815615,#N/A,#N/A,TOT,#N/A,#N/A,#N/A,#N/A,#N/A,#N/A,#N/A,#N/A,#N/A,Elfrid Payton,PG,23,3332340,3484540,63,63,28.7,5.2,10.6,0.493,0.5,1.5,0.326,4.7,9.1,0.52,0.516,1.7,2.7,0.649,1,3.3,4.3,6.2,1.3,0.3,2.7,2.3,12.7,1808,16.5,0.538,0.138,0.252,3.8,12.8,8.2,34.9,2.2,1,18.5,21.9,1.4,1.4,2.8,0.075,0.1,0,0.1,1
2017/2018,99093000,100892064.5,815615,Orlando Magic,22,ORL,Florida,East,Southeast,25,57,0.305,103.4,108.2,-4.92,Elfrid Payton,PG,23,3332340,3484540,44,44,28.6,5.4,10.4,0.52,0.6,1.5,0.373,4.8,8.9,0.545,0.547,1.6,2.6,0.632,1.1,2.9,4,6.3,1.5,0.4,2.6,2.2,13,1257,18.1,0.564,0.146,0.249,4.1,11.2,7.6,35.5,2.5,1,18.3,21.8,1.6,1.1,2.7,0.104,1,0.1,1.1,1
2017/2018,99093000,100892064.5,815615,Phoenix Suns,24,PHO,Arizona,West,Pacific,21,61,0.256,103.9,113.3,-8.8,Elfrid Payton,PG,23,3332340,3484540,19,19,29,4.8,11,0.435,0.3,1.3,0.2,4.5,9.7,0.467,0.447,1.9,2.8,0.685,0.9,4.4,5.3,6.2,1,0.3,2.8,2.6,11.8,551,13.1,0.481,0.12,0.258,3.2,16.3,9.7,33.7,1.7,0.9,18.8,22.1,-0.2,0.3,0.1,0.009,-2,-0.1,-2.1,0
2017/2018,99093000,100892064.5,815615,#N/A,#N/A,TOT,#N/A,#N/A,#N/A,#N/A,#N/A,#N/A,#N/A,#N/A,#N/A,Gary Payton II,PG,25,154500,161556,23,6,9.6,1.3,3.2,0.405,0.3,1.1,0.24,1,2.1,0.49,0.446,0.1,0.4,0.333,0.6,1.3,1.9,0.9,0.3,0.1,0.3,1.3,3,221,9.8,0.443,0.338,0.122,6.5,15.5,11,13.7,1.5,1.1,8.2,16.8,0,0.2,0.2,0.041,-2.7,-0.9,-3.6,-0.1
2017/2018,99093000,100892064.5,815615,Milwaukee Bucks,17,MIL,Wisconsin,East,Central,44,38,0.537,106.5,106.8,-0.45,Gary Payton II,PG,25,154500,161556,12,6,8.8,1.1,2.8,0.394,0.2,1,0.167,0.9,1.8,0.524,0.424,0.2,0.3,0.667,0.3,1.1,1.4,0.8,0.3,0.1,0.3,1.4,2.5,106,7.6,0.437,0.364,0.091,4.4,14.3,9.4,12.2,1.4,0.8,8,15.9,0,0.1,0,0.016,-3.4,-2,-5.5,-0.1
2017/2018,99093000,100892064.5,815615,Los Angeles Lakers,14,LAL,California,West,Pacific,35,47,0.427,108.1,109.6,-1.44,Gary Payton II,PG,25,154500,161556,11,0,10.5,1.5,3.7,0.415,0.4,1.2,0.308,1.2,2.5,0.464,0.463,0.1,0.5,0.167,0.8,1.6,2.5,1.1,0.4,0.2,0.4,1.2,3.5,115,11.8,0.447,0.317,0.146,8.4,16.5,12.5,15.1,1.7,1.4,8.4,17.6,0,0.1,0.2,0.063,-2,0.1,-1.9,0
2017/2018,99093000,100892064.5,815615,Cleveland Cavaliers,6,CLE,Ohio,East,Central,50,32,0.61,110.9,109.9,0.59,Kendrick Perkins,C,33,131562,137570,1,0,15,1,2,0.5,0,0,,1,2,0.5,0.5,1,2,0.5,0,1,1,2,1,0,1,1,3,15,8.4,0.521,0,1,0,7.4,3.7,17.3,3.3,0,25.8,11.4,0,0,0,0.026,-4.9,-0.8,-5.7,0
2017/2018,99093000,100892064.5,815615,Cleveland Cavaliers,6,CLE,Ohio,East,Central,50,32,0.61,110.9,109.9,0.59,London Perrantes,PG,23,77250,80778,14,0,4.7,0.1,0.9,0.154,0,0.2,0,0.1,0.7,0.2,0.154,0.2,0.4,0.6,0.1,0.2,0.3,0.4,0.1,0.1,0.1,0.4,0.5,66,0.7,0.23,0.231,0.385,1.7,5,3.4,9.4,1.5,1.3,6.2,10.9,-0.1,0,-0.1,-0.086,-7.5,-1.3,-8.7,-0.1
2017/2018,99093000,100892064.5,815615,Phoenix Suns,24,PHO,Arizona,West,Pacific,21,61,0.256,103.9,113.3,-8.8,Alec Peters,PF,22,77250,80778,20,0,11.3,1.4,3.7,0.378,0.9,2.9,0.31,0.5,0.8,0.625,0.5,0.4,0.5,0.8,0.4,1.5,1.9,0.6,0.1,0.1,0.2,0.7,4.1,225,10.7,0.523,0.784,0.135,3.7,14,8.8,7.9,0.4,0.7,4.9,15.5,0.2,0,0.3,0.055,-0.2,-3.1,-3.3,-0.1
2017/2018,99093000,100892064.5,815615,Milwaukee Bucks,17,MIL,Wisconsin,East,Central,44,38,0.537,106.5,106.8,-0.45,Marshall Plumlee,C,25,77250,80778,8,0,6.5,0.1,0.4,0.333,0,0,,0.1,0.4,0.333,0.333,1.5,2,0.75,0.5,1.6,2.1,0.3,0,0.1,0.4,1.3,1.8,52,10.9,0.697,0,5.333,9,29.2,19.2,4.8,0,1.6,23,11.3,0.1,0,0.2,0.143,-3.7,-1.9,-5.7,0
2017/2018,99093000,100892064.5,815615,Denver Nuggets,8,DEN,Colorado,West,Northwest,46,36,0.561,110,108.5,1.57,Mason Plumlee,C,27,14041096,14682404,74,26,19.4,3,5,0.601,0,0,0,3,5,0.602,0.601,1.1,2.4,0.458,1.8,3.6,5.4,1.9,0.7,1.1,1.4,2.5,7.1,1439,16.9,0.586,0.003,0.486,10.4,20.9,15.6,14.4,1.7,4.7,18.7,16.6,1.8,1.8,3.6,0.12,-0.9,2.7,1.8,1.4
2017/2018,99093000,100892064.5,815615,Atlanta Hawks,1,ATL,Georgia,East,Southeast,24,58,0.293,103.4,108.8,-5.3,Miles Plumlee,C,29,12400000,12966353,55,35,16.7,1.9,3.3,0.583,0,0,,1.9,3.3,0.583,0.583,0.5,1.1,0.45,1.4,2.7,4.1,0.8,0.3,0.5,1.1,1.4,4.3,918,10.6,0.574,0,0.333,9.4,18.3,13.9,7.2,0.9,2.8,23.4,12.8,0.1,0.7,0.9,0.046,-3.8,1.3,-2.5,-0.1
2017/2018,99093000,100892064.5,815615,Toronto Raptors,28,TOR,Ontario,East,Atlantic,59,23,0.72,111.7,103.9,7.29,Jakob Poeltl,C,22,2825640,2954697,82,0,18.6,3.1,4.7,0.659,0,0,0.5,3.1,4.7,0.66,0.66,0.7,1.2,0.594,2,2.8,4.8,0.7,0.5,1.2,1,2.6,6.9,1524,17.5,0.662,0.005,0.263,12.4,16.4,14.4,5.4,1.3,5.2,16.6,14.8,3.1,2.4,5.6,0.175,0.4,2.9,3.3,2
2017/2018,99093000,100892064.5,815615,Chicago Bulls,5,CHI,Illinois,East,Central,27,55,0.329,102.9,110,-6.84,Quincy Pondexter,SF,29,3853931,4029954,23,1,8.5,0.6,2.1,0.286,0.1,1,0.136,0.5,1.2,0.407,0.316,0.6,0.7,0.824,0.3,0.8,1.2,0.4,0.3,0.1,0.5,1,2,196,4,0.398,0.449,0.347,4.2,10.8,7.4,6.3,2,0.9,16.3,15,-0.3,0.1,-0.2,-0.047,-6.1,-0.6,-6.7,-0.2
2017/2018,99093000,100892064.5,815615,Washington Wizards,30,WAS,Washington DC,East,Southeast,43,39,0.524,106.6,106,0.53,Otto Porter,SF,24,24773250,25904735,77,77,31.6,5.8,11.5,0.503,1.8,4.1,0.441,4,7.4,0.537,0.581,1.4,1.7,0.828,1.3,5.1,6.4,2,1.5,0.5,1,2,14.7,2432,18.3,0.602,0.354,0.145,4.8,18.1,11.4,10.1,2.4,1.5,7.4,18.4,5,3.1,8.1,0.161,2.4,1.2,3.6,3.4
2017/2018,99093000,100892064.5,815615,Chicago Bulls,5,CHI,Illinois,East,Central,27,55,0.329,102.9,110,-6.84,Bobby Portis,PF,22,1516320,1585575,73,4,22.5,5.2,11.1,0.471,1.1,3.1,0.359,4.1,8.1,0.514,0.52,1.6,2.1,0.769,2.2,4.6,6.8,1.7,0.7,0.3,1.4,1.8,13.2,1643,19.7,0.548,0.275,0.192,10,23,16.2,13.2,1.5,1.3,10.5,26,2,1.5,3.5,0.101,1,-0.6,0.3,1
2017/2018,99093000,100892064.5,815615,New York Knicks,20,NYK,New York,East,Atlantic,29,53,0.354,104.5,108,-3.53,Kristaps Porzingis,PF,22,4503600,4709296,48,48,32.4,8.1,18.5,0.439,1.9,4.8,0.395,6.3,13.8,0.454,0.489,4.5,5.7,0.793,1.3,5.3,6.6,1.2,0.8,2.4,1.9,2.9,22.7,1553,20.4,0.539,0.256,0.309,4.4,18.1,11.3,6.2,1.1,6.4,8.4,31,1.4,1.8,3.2,0.099,-0.5,-0.2,-0.7,0.5
2017/2018,99093000,100892064.5,815615,Dallas Mavericks,7,DAL,Texas,West,Southwest,24,58,0.293,102.3,105.4,-2.7,Dwight Powell,C,26,9003125,9414330,79,25,21.2,3.2,5.4,0.593,0.4,1.1,0.333,2.9,4.4,0.656,0.626,1.7,2.3,0.719,1.7,3.9,5.6,1.2,0.8,0.4,0.7,2.4,8.5,1672,18.8,0.656,0.195,0.43,8.7,21.3,14.7,8.5,2,1.7,10.3,15.5,4.6,2.1,6.6,0.191,1.1,1.6,2.7,2
2017/2018,99093000,100892064.5,815615,Toronto Raptors,28,TOR,Ontario,East,Atlantic,59,23,0.72,111.7,103.9,7.29,Norman Powell,SG,24,1471382,1538585,70,18,15.2,2.1,5.3,0.401,0.8,2.7,0.285,1.4,2.7,0.516,0.472,0.5,0.6,0.821,0.2,1.5,1.7,1.3,0.5,0.2,0.9,1.6,5.5,1062,8.5,0.492,0.497,0.104,1.5,10.9,6.3,11.8,1.7,1.2,14.4,18.9,-0.6,1.2,0.6,0.027,-2.5,-0.4,-2.8,-0.2
2017/2018,99093000,100892064.5,815615,Indiana Pacers,12,IND,Indiana,East,Central,48,34,0.585,105.6,104.2,1.18,Alex Poythress,PF,24,778668,814232,25,0,4.2,0.4,1,0.423,0.2,0.4,0.364,0.3,0.6,0.467,0.5,0,0,,0.3,0.4,0.7,0.1,0.1,0,0.1,0.6,1,104,7.8,0.5,0.423,0,7.7,10.8,9.2,2.6,1.4,0.9,7.1,12,0.1,0.1,0.1,0.066,-2.3,-1.7,-4,-0.1
2017/2018,99093000,100892064.5,815615,Philadelphia 76ers,23,PHI,Pennsylvania,East,Atlantic,52,30,0.634,109.8,105.3,4.3,Jacob Pullen,PG,28,77250,80778,3,0,2,0.3,0.7,0.5,0,0.3,0,0.3,0.3,1,0.5,0,0,,0,0,0,0,0,0,0.3,0,0.7,6,-2.3,0.5,0.5,0,0,0,0,0,0,0,33.3,21.3,0,0,0,-0.21,-10.5,-4.7,-15.2,0
2017/2018,99093000,100892064.5,815615,Orlando Magic,22,ORL,Florida,East,Southeast,25,57,0.305,103.4,108.2,-4.92,Rodney Purvis,SG,23,165887,173463,16,2,18.1,2.2,6.7,0.327,0.8,3.3,0.25,1.4,3.4,0.4,0.388,0.8,0.9,0.867,0.1,1.6,1.7,1.1,0.2,0.2,0.6,1.6,6,290,4.5,0.423,0.486,0.14,0.4,9.9,5.1,8.5,0.5,0.8,8.1,18.7,-0.4,0.1,-0.3,-0.056,-5,-2.9,-7.9,-0.4
2017/2018,99093000,100892064.5,815615,Houston Rockets,11,HOU,Texas,West,Southwest,65,17,0.793,112.4,103.9,8.21,Zhou Qi,C,22,815615,852867,18,0,6.9,0.3,1.8,0.188,0.1,1.1,0.105,0.2,0.7,0.308,0.219,0.4,0.7,0.667,0.3,0.9,1.2,0.1,0.1,0.8,0.6,0.8,1.2,124,1.9,0.295,0.594,0.375,5.5,14.4,10,2.1,0.8,9.6,21.2,16.8,-0.5,0.2,-0.3,-0.104,-10.3,3.1,-7.2,-0.2
2017/2018,99093000,100892064.5,815615,Houston Rockets,11,HOU,Texas,West,Southwest,65,17,0.793,112.4,103.9,8.21,Tim Quarterman,SG,23,96406,100809,3,0,4.3,0.3,1,0.333,0,0.7,0,0.3,0.3,1,0.333,0.7,0.7,1,0,1,1,0.3,0,0,0.7,0.3,1.3,13,2.9,0.515,0.667,0.667,0,25.8,13,10.6,0,0,34,20,0,0,0,-0.083,-8.9,-1.9,-10.8,0
2017/2018,99093000,100892064.5,815615,Memphis Grizzlies,15,MEM,Tennessee,West,Southwest,22,60,0.268,99.3,105.5,-5.81,Ivan Rabb,PF,20,950000,993390,36,5,14.3,2.4,4.2,0.566,0,0,,2.4,4.2,0.566,0.566,0.8,1,0.806,1.5,2.9,4.4,0.9,0.3,0.4,1,1.5,5.6,516,16.6,0.599,0,0.237,11.6,24.1,17.7,10.4,1.2,2.4,17.3,17.7,0.7,0.5,1.2,0.109,-1.7,0.3,-1.5,0.1
2017/2018,99093000,100892064.5,815615,Los Angeles Lakers,14,LAL,California,West,Pacific,35,47,0.427,108.1,109.6,-1.44,Julius Randle,C,23,4149242,4338753,82,49,26.7,6.1,11,0.558,0.1,0.5,0.222,6,10.5,0.575,0.563,3.7,5.2,0.718,2.2,5.8,8,2.6,0.5,0.5,2.6,3.3,16.1,2190,19.9,0.606,0.05,0.47,8.9,22.8,15.9,15.8,0.9,1.7,16.3,25.3,4,2.6,6.6,0.145,0.4,0.6,0.9,1.6
2017/2018,99093000,100892064.5,815615,Sacramento Kings,26,SAC,California,West,Pacific,27,55,0.329,98.8,105.8,-6.6,Zach Randolph,PF,36,12307692,12869829,59,57,25.6,6.1,12.9,0.473,0.9,2.5,0.347,5.3,10.4,0.503,0.507,1.4,1.8,0.785,1.6,5.1,6.7,2.2,0.7,0.2,2,2,14.5,1508,17.3,0.529,0.193,0.14,7,23.7,15,14.9,1.4,0.6,12.5,27.6,0.3,1.2,1.5,0.048,-0.6,-1.2,-1.8,0.1
2017/2018,99093000,100892064.5,815615,Memphis Grizzlies,15,MEM,Tennessee,West,Southwest,22,60,0.268,99.3,105.5,-5.81,Xavier Rathan-Mayes,SG,23,46080,48102.912,5,0,23.6,2.4,8.4,0.286,0.2,2.8,0.071,2.2,5.6,0.393,0.298,0.8,1.8,0.444,0,1,1,3.6,1.2,0.6,2.2,3.6,5.8,118,0.9,0.315,0.333,0.214,0,5,2.5,23,2.6,2.4,19.3,21.7,-0.5,0.1,-0.4,-0.171,-8.7,-2,-10.7,-0.3
2017/2018,99093000,100892064.5,815615,Philadelphia 76ers,23,PHI,Pennsylvania,East,Atlantic,52,30,0.634,109.8,105.3,4.3,JJ Redick,SG,33,23000000,24050494,70,70,30.2,5.8,12.6,0.46,2.8,6.6,0.42,3,6,0.504,0.569,2.8,3.1,0.904,0.1,2.4,2.5,3,0.5,0.1,1.5,1.8,17.1,2116,15.9,0.614,0.523,0.248,0.5,8.3,4.5,15.1,0.8,0.2,9.6,21.7,4.8,1.8,6.6,0.15,2.6,-2.6,0,1.1
2017/2018,99093000,100892064.5,815615,Phoenix Suns,24,PHO,Arizona,West,Pacific,21,61,0.256,103.9,113.3,-8.8,Davon Reed,SG,22,815615,852867,21,1,11.5,1,3.6,0.289,0.5,1.8,0.289,0.5,1.8,0.289,0.362,0.4,0.6,0.667,0.1,1.8,1.9,0.6,0.5,0.1,0.5,0.8,3,242,4.8,0.388,0.5,0.158,0.9,16.6,8.6,7.6,2,0.7,11,16,-0.5,0.2,-0.3,-0.06,-5.8,-1,-6.7,-0.3
2017/2018,99093000,100892064.5,815615,#N/A,#N/A,TOT,#N/A,#N/A,#N/A,#N/A,#N/A,#N/A,#N/A,#N/A,#N/A,Willie Reed,C,27,1471382,1538585,42,5,10.2,1.9,2.9,0.669,0,0,0.5,1.9,2.8,0.672,0.674,0.8,1.3,0.582,0.8,2,2.9,0.2,0.2,0.5,0.5,1.3,4.6,428,19.2,0.671,0.017,0.455,9.1,21.8,15.5,3.6,1,4.3,11.6,16.6,1,0.5,1.5,0.172,-0.8,-0.1,-0.9,0.1
2017/2018,99093000,100892064.5,815615,Los Angeles Clippers,13,LAC,California,West,Pacific,42,40,0.512,109,109,0.15,Willie Reed,C,27,1471382,1538585,39,5,10.7,2.1,3.1,0.667,0,0.1,0.5,2,3,0.669,0.671,0.8,1.4,0.582,0.9,2.2,3.1,0.2,0.2,0.6,0.5,1.4,4.9,419,19.4,0.669,0.017,0.458,9.3,22,15.7,3.3,1,4.4,11.6,16.8,1,0.5,1.5,0.171,-0.8,0,-0.8,0.1
2017/2018,99093000,100892064.5,815615,Detroit Pistons,9,DET,Michigan,East,Central,39,43,0.476,103.8,103.9,-0.26,Willie Reed,C,27,1471382,1538585,3,0,3,0.3,0.3,1,0,0,,0.3,0.3,1,1,0,0,,0,0.3,0.3,0.3,0,0,0,1,0.7,9,8.8,1,0,0,0,12.5,6.1,15.9,0,0,0,4.9,0,0,0,0.187,-0.3,-2.2,-2.5,0
2017/2018,99093000,100892064.5,815615,Miami Heat,16,MIA,Florida,East,Southeast,44,38,0.537,103.4,102.9,0.15,Josh Richardson,SF,24,1471382,1538585,81,81,33.2,4.9,10.9,0.451,1.6,4.1,0.378,3.4,6.8,0.495,0.523,1.5,1.8,0.845,0.9,2.7,3.5,2.9,1.5,0.9,1.7,2.5,12.9,2689,13.6,0.551,0.38,0.16,2.9,9,6,13.2,2.3,2.4,12.9,18.2,1.8,3.5,5.4,0.096,-0.1,1.5,1.4,2.3
2017/2018,99093000,100892064.5,815615,#N/A,#N/A,TOT,#N/A,#N/A,#N/A,#N/A,#N/A,#N/A,#N/A,#N/A,#N/A,Malachi Richardson,SG,22,1504560,1573278,26,4,12.5,1.2,3.5,0.333,0.5,1.5,0.3,0.7,1.9,0.36,0.4,0.7,0.8,0.773,0.2,1.1,1.3,0.5,0.4,0,0.4,1,3.4,324,5.9,0.446,0.444,0.244,1.7,10.6,6,5.6,1.6,0.3,9.1,15.2,-0.2,0.1,-0.1,-0.015,-4.3,-2.1,-6.4,-0.4
2017/2018,99093000,100892064.5,815615,Sacramento Kings,26,SAC,California,West,Pacific,27,55,0.329,98.8,105.8,-6.6,Malachi Richardson,SG,22,1504560,1573278,25,4,12.8,1.2,3.5,0.33,0.5,1.6,0.308,0.7,2,0.347,0.398,0.7,0.9,0.773,0.2,1.1,1.3,0.5,0.4,0,0.4,1.1,3.5,319,5.8,0.445,0.443,0.25,1.7,10.4,5.9,5.7,1.6,0.3,9.3,15.2,-0.2,0.1,-0.1,-0.016,-4.3,-2,-6.3,-0.3
2017/2018,99093000,100892064.5,815615,Toronto Raptors,28,TOR,Ontario,East,Atlantic,59,23,0.72,111.7,103.9,7.29,Malachi Richardson,SG,22,1504560,1573278,1,0,5,1,2,0.5,0,1,0,1,1,1,0.5,0,0,,0,1,1,0,0,0,0,0,2,5,10.5,0.5,0.5,0,0,22,11.2,0,0,0,0,17.5,0,0,0,0.045,-5.1,-6.4,-11.5,0
2017/2018,99093000,100892064.5,815615,Los Angeles Clippers,13,LAC,California,West,Pacific,42,40,0.512,109,109,0.15,Austin Rivers,SG,25,11825000,12365091,61,59,33.7,5.6,13.2,0.424,2.2,5.9,0.378,3.4,7.3,0.461,0.508,1.7,2.6,0.642,0.4,1.9,2.4,4,1.2,0.3,1.8,2.5,15.1,2057,12.6,0.526,0.447,0.198,1.5,6.2,3.9,17.5,1.7,0.6,11.1,20.6,1.4,1,2.4,0.056,0.8,-1.7,-0.9,0.6
2017/2018,99093000,100892064.5,815615,Oklahoma City Thunder,21,OKC,Oklahoma,West,Northwest,48,34,0.585,107.9,104.4,3.42,Andre Roberson,SG,26,9259260,9682164,39,39,26.6,2.2,4.2,0.537,0.2,0.9,0.222,2,3.2,0.627,0.562,0.3,1,0.316,1.9,2.8,4.7,1.2,1.2,0.9,0.8,2.3,5,1037,10.9,0.543,0.222,0.235,7.8,12.2,9.9,6,2.2,3.1,14.4,8.6,0.8,1.3,2.2,0.1,-1.3,2.8,1.5,0.9
2017/2018,99093000,100892064.5,815615,Washington Wizards,30,WAS,Washington DC,East,Southeast,43,39,0.524,106.6,106,0.53,Devin Robinson,SF,22,77250,80778,1,0,13,1,3,0.333,0,0,,1,3,0.333,0.333,0,0,,2,3,5,0,1,0,0,2,2,13,10.5,0.333,0,0,17.4,26,21.7,0,3.8,0,0,10.2,0,0,0,0.098,-5.7,-2.6,-8.2,0
2017/2018,99093000,100892064.5,815615,Indiana Pacers,12,IND,Indiana,East,Central,48,34,0.585,105.6,104.2,1.18,Glenn Robinson III,SF,24,1524305,1593925,23,1,14.7,1.6,3.7,0.424,0.6,1.5,0.412,1,2.2,0.431,0.506,0.4,0.5,0.818,0.5,1.1,1.6,0.7,0.6,0,0.2,0.6,4.1,338,10.8,0.529,0.4,0.129,3.7,8.6,6.2,6.8,1.9,0.3,5.3,12.5,0.4,0.3,0.6,0.088,-0.9,-0.9,-1.8,0
2017/2018,99093000,100892064.5,815615,New Orleans Pelicans,19,NOP,Louisiana,West,Southwest,48,34,0.585,111.7,110.4,1.48,Rajon Rondo,PG,31,6300000,6587744,65,63,26.2,3.6,7.6,0.468,0.8,2.3,0.333,2.8,5.3,0.526,0.518,0.4,0.7,0.543,0.5,3.6,4,8.2,1.1,0.2,2.3,1.8,8.3,1705,15.3,0.522,0.304,0.093,2,14.2,8.4,42.2,2,0.5,22.7,16.9,1.9,1.7,3.6,0.101,-0.4,-0.7,-1.1,0.4
2017/2018,99093000,100892064.5,815615,#N/A,#N/A,TOT,#N/A,#N/A,#N/A,#N/A,#N/A,#N/A,#N/A,#N/A,#N/A,Derrick Rose,PG,29,2533488,2649201,25,7,16.8,3.2,7.4,0.435,0.3,1.2,0.233,3,6.2,0.474,0.454,1.6,1.8,0.87,0.5,0.9,1.4,1.5,0.3,0.2,1.4,0.6,8.4,420,11.5,0.507,0.161,0.247,3.5,5.8,4.7,13.6,0.8,0.8,14.5,25.4,-0.2,0.1,-0.2,-0.018,-3.8,-3.9,-7.8,-0.6
2017/2018,99093000,100892064.5,815615,Cleveland Cavaliers,6,CLE,Ohio,East,Central,50,32,0.61,110.9,109.9,0.59,Derrick Rose,PG,29,2533488,2649201,16,7,19.3,3.6,8.3,0.439,0.4,1.5,0.25,3.3,6.8,0.481,0.462,2.2,2.6,0.854,0.6,1.2,1.8,1.6,0.2,0.3,1.8,0.9,9.8,308,11.6,0.523,0.182,0.311,3.7,6.8,5.3,13,0.5,1.1,15.7,25.6,-0.1,0,-0.1,-0.014,-3.9,-3.8,-7.7,-0.4
2017/2018,99093000,100892064.5,815615,Minnesota Timberwolves,18,MIN,Minnesota,West,Northwest,47,35,0.573,109.5,107.3,2.35,Derrick Rose,PG,29,2533488,2649201,9,0,12.4,2.6,6,0.426,0.1,0.7,0.167,2.4,5.3,0.458,0.435,0.6,0.6,1,0.3,0.3,0.7,1.2,0.4,0,0.8,0.2,5.8,112,11.2,0.463,0.111,0.093,3.1,3.1,3.1,15.2,1.8,0,11.1,25,-0.1,0,-0.1,-0.029,-3.8,-4.3,-8.1,-0.2
2017/2018,99093000,100892064.5,815615,Orlando Magic,22,ORL,Florida,East,Southeast,25,57,0.305,103.4,108.2,-4.92,Terrence Ross,SG,26,10500000,10979573,24,20,25,3.2,8,0.398,1.3,3.9,0.323,1.9,4.1,0.469,0.476,1.1,1.5,0.75,0.4,2.6,3,1.6,1.1,0.5,1.2,1.9,8.7,600,9.9,0.505,0.487,0.188,1.8,11.6,6.7,9.3,2.2,1.5,12.3,17.3,-0.2,0.5,0.3,0.025,-2.2,0.1,-2.1,0
2017/2018,99093000,100892064.5,815615,Boston Celtics,2,BOS,Massachusetts,East,Atlantic,55,27,0.671,104,100.4,3.23,Terry Rozier,PG,23,1988520,2079343,80,16,25.9,4,10,0.395,1.9,5,0.381,2,5,0.41,0.491,1.4,1.9,0.772,0.8,3.9,4.7,2.9,1,0.2,1,1.5,11.3,2068,15.1,0.52,0.503,0.186,3.4,16.3,9.9,17.5,1.9,0.8,8.5,20.4,2.2,3.4,5.6,0.13,0.8,1,1.8,2
2017/2018,99093000,100892064.5,815615,Utah Jazz,29,UTA,Utah,West,Northwest,48,34,0.585,104.1,99.8,4.47,Ricky Rubio,PG,27,14100000,14743999,77,77,29.3,4.5,10.7,0.418,1.2,3.5,0.352,3.2,7.2,0.451,0.476,2.9,3.3,0.866,0.6,4,4.6,5.3,1.6,0.1,2.7,2.7,13.1,2254,15.4,0.537,0.33,0.307,2.2,15.3,8.8,28.4,2.7,0.4,18.1,22.9,1.5,3.8,5.3,0.112,0.1,1.6,1.7,2.1
2017/2018,99093000,100892064.5,815615,Brooklyn Nets,3,BRK,New York,East,Atlantic,28,54,0.341,106.6,110.3,-3.67,D'Angelo Russell,PG,21,5562360,5816413,48,35,25.7,5.8,14,0.414,1.9,5.8,0.324,3.9,8.2,0.477,0.481,2,2.7,0.74,0.6,3.3,3.9,5.2,0.8,0.4,3.1,1.9,15.5,1234,15.2,0.509,0.414,0.195,2.6,13.8,8.1,35.7,1.4,1,16.8,30.8,-0.5,0.9,0.4,0.014,0.8,-1.2,-0.4,0.5
2017/2018,99093000,100892064.5,815615,Indiana Pacers,12,IND,Indiana,East,Central,48,34,0.585,105.6,104.2,1.18,Domantas Sabonis,C,21,2550000,2666467,74,19,24.5,4.6,8.9,0.514,0.2,0.5,0.351,4.4,8.4,0.524,0.524,2.3,3,0.75,2.2,5.5,7.7,2,0.5,0.4,1.9,3,11.6,1810,17.5,0.567,0.056,0.339,10.4,25.2,17.8,12.7,1.1,1.6,15.3,22.1,2.5,2.2,4.7,0.126,-0.8,0.5,-0.3,0.8
2017/2018,99093000,100892064.5,815615,Sacramento Kings,26,SAC,California,West,Pacific,27,55,0.329,98.8,105.8,-6.6,JaKarr Sampson,SF,24,77250,80778,22,6,15.6,2,3.7,0.543,0.2,0.5,0.5,1.8,3.2,0.549,0.574,0.5,0.7,0.625,1,2.6,3.5,0.4,0.4,1,0.4,2.2,4.7,344,13.9,0.585,0.123,0.198,6.7,19.7,12.9,3.9,1.2,6.1,8.3,12.5,0.4,0.4,0.8,0.114,-2.6,1.9,-0.7,0.1
2017/2018,99093000,100892064.5,815615,Philadelphia 76ers,23,PHI,Pennsylvania,East,Atlantic,52,30,0.634,109.8,105.3,4.3,Dario Saric,PF,23,2422560,2533207,78,73,29.6,5.2,11.4,0.453,2,5.1,0.393,3.2,6.3,0.501,0.541,2.3,2.7,0.86,2,4.7,6.7,2.6,0.7,0.3,1.9,2.1,14.6,2310,15.8,0.582,0.448,0.233,7.5,16.4,12.1,13,1.1,0.7,13.1,20.9,3.8,2.8,6.6,0.137,1.6,-0.2,1.4,2
2017/2018,99093000,100892064.5,815615,Washington Wizards,30,WAS,Washington DC,East,Southeast,43,39,0.524,106.6,106,0.53,Tomas Satoransky,SG,26,3000000,3137021,73,30,22.5,2.8,5.3,0.523,0.6,1.4,0.465,2.1,3.9,0.544,0.585,1,1.3,0.781,1,2.2,3.2,3.9,0.7,0.2,1.1,1.8,7.2,1643,15.4,0.615,0.263,0.25,5,11.1,8,24.8,1.6,0.8,16.3,13.7,3.7,1.3,5,0.145,1.3,-0.2,1.1,1.3
2017/2018,99093000,100892064.5,815615,Atlanta Hawks,1,ATL,Georgia,East,Southeast,24,58,0.293,103.4,108.8,-5.3,Dennis Schroeder,PG,24,15500000,16207942,67,67,31,7.5,17.1,0.436,1.1,3.9,0.29,6.3,13.2,0.48,0.469,3.4,4,0.849,0.7,2.4,3.1,6.2,1.1,0.1,2.7,2.2,19.4,2078,17.3,0.515,0.229,0.231,2.4,8.8,5.6,36.2,1.7,0.2,12.7,30.4,1.5,1,2.6,0.059,1.5,-2.2,-0.7,0.7
2017/2018,99093000,100892064.5,815615,Washington Wizards,30,WAS,Washington DC,East,Southeast,43,39,0.524,106.6,106,0.53,Mike Scott,PF,29,1709538,1787618,76,1,18.5,3.6,6.9,0.527,0.9,2.1,0.405,2.8,4.8,0.582,0.59,0.7,1,0.658,0.7,2.6,3.3,1.1,0.3,0.1,1,1.9,8.8,1406,13.6,0.599,0.311,0.145,4,15.8,9.9,9.1,0.8,0.6,12.4,20,1.4,1,2.5,0.085,-0.5,-1.8,-2.3,-0.1
2017/2018,99093000,100892064.5,815615,Utah Jazz,29,UTA,Utah,West,Northwest,48,34,0.585,104.1,99.8,4.47,Thabo Sefolosha,SF,33,5250000,5489786,38,6,21.2,3.1,6.3,0.492,0.8,2.2,0.381,2.3,4.1,0.551,0.558,1.2,1.4,0.815,0.8,3.5,4.2,0.9,1.4,0.3,0.8,1.6,8.2,806,15.8,0.591,0.35,0.225,4.1,18.4,11.3,6.3,3.2,1.3,10.2,16.4,1,1.6,2.6,0.156,-0.3,2.3,1.9,0.8
2017/2018,99093000,100892064.5,815615,Memphis Grizzlies,15,MEM,Tennessee,West,Southwest,22,60,0.268,99.3,105.5,-5.81,Wayne Selden,SG,23,1312611,1372562,35,9,19.8,3.3,7.7,0.431,1.4,3.5,0.402,1.9,4.2,0.456,0.522,1.3,1.7,0.746,0.5,1.1,1.6,1.9,0.5,0.1,1.5,1.7,9.3,692,11.8,0.551,0.454,0.219,2.6,6.8,4.7,16,1.3,0.7,15.5,22.6,0.1,0.2,0.3,0.023,-0.7,-3.3,-4,-0.4
2017/2018,99093000,100892064.5,815615,#N/A,#N/A,TOT,#N/A,#N/A,#N/A,#N/A,#N/A,#N/A,#N/A,#N/A,#N/A,Ramon Sessions,PG,31,2986463,3122865,28,3,14,1.5,4.2,0.359,0.3,0.9,0.308,1.2,3.3,0.374,0.393,1.6,2,0.772,0.2,1.1,1.4,2.8,0.5,0.1,1.1,1,4.9,392,11.2,0.479,0.222,0.487,1.7,9.1,5.4,27.2,1.8,0.4,17.4,19.3,0.1,0.3,0.3,0.039,-3,-2.2,-5.2,-0.3
2017/2018,99093000,100892064.5,815615,New York Knicks,20,NYK,New York,East,Atlantic,29,53,0.354,104.5,108,-3.53,Ramon Sessions,PG,31,2986463,3122865,13,3,12.8,1.3,4.1,0.321,0.2,0.8,0.182,1.2,3.2,0.357,0.34,0.9,1.2,0.8,0.1,1.3,1.4,2.1,0.5,0.1,1.2,1.1,3.7,167,6.2,0.403,0.208,0.283,0.7,11.2,6,21.9,2.1,0.5,20.1,19.5,-0.3,0.1,-0.2,-0.065,-5.9,-1.2,-7.1,-0.2
2017/2018,99093000,100892064.5,815615,Washington Wizards,30,WAS,Washington DC,East,Southeast,43,39,0.524,106.6,106,0.53,Ramon Sessions,PG,31,2986463,3122865,15,0,15,1.7,4.3,0.391,0.4,1,0.4,1.3,3.3,0.388,0.438,2.1,2.8,0.762,0.3,1,1.3,3.3,0.5,0.1,1,1,5.9,225,14.9,0.533,0.234,0.656,2.5,7.5,5,31.1,1.5,0.4,15.4,19.1,0.4,0.1,0.5,0.116,-0.8,-2.9,-3.7,-0.1
2017/2018,99093000,100892064.5,815615,Cleveland Cavaliers,6,CLE,Ohio,East,Central,50,32,0.61,110.9,109.9,0.59,Iman Shumpert,SG,27,10337079,10809211,14,6,19.7,1.6,4.1,0.379,0.5,1.9,0.269,1.1,2.3,0.469,0.44,0.8,1.1,0.733,0.5,2.4,2.9,1.2,0.6,0.3,1.1,1.6,4.4,276,6.4,0.48,0.448,0.259,2.9,13.6,8.3,8.1,1.6,1.2,19.9,12.9,-0.2,0.2,0,-0.006,-3.9,-0.1,-4,-0.1
2017/2018,99093000,100892064.5,815615,Toronto Raptors,28,TOR,Ontario,East,Atlantic,59,23,0.72,111.7,103.9,7.29,Pascal Siakam,PF,23,1312611,1372562,81,5,20.7,3.1,6.1,0.508,0.4,1.6,0.22,2.8,4.5,0.612,0.537,0.7,1.1,0.621,1,3.5,4.5,2,0.8,0.5,0.8,2,7.3,1679,14.5,0.549,0.265,0.175,5.4,18.6,12.1,13.5,1.8,2,11.1,15.7,2.1,2.5,4.7,0.133,0,2.2,2.1,1.7
2017/2018,99093000,100892064.5,815615,Boston Celtics,2,BOS,Massachusetts,East,Atlantic,55,27,0.671,104,100.4,3.23,Xavier Silas,SG,30,74158,77545,2,0,3.5,0,1.5,0,0,1,0,0,0.5,0,0,0,0,,0.5,0.5,1,0,0.5,0,0,0.5,0,7,-4.9,0,0.667,0,15.8,15.4,15.6,0,7.1,0,0,19.1,-0.1,0,0,-0.25,-12.6,-0.8,-13.4,0
2017/2018,99093000,100892064.5,815615,Philadelphia 76ers,23,PHI,Pennsylvania,East,Atlantic,52,30,0.634,109.8,105.3,4.3,Ben Simmons,PG,21,6168840,6450593,81,81,33.7,6.7,12.3,0.545,0,0.1,0,6.7,12.2,0.551,0.545,2.4,4.2,0.56,1.8,6.3,8.1,8.2,1.7,0.9,3.4,2.6,15.8,2732,20,0.557,0.011,0.342,5.9,19.5,13,37.4,2.5,2.1,19.5,22.3,4.2,5,9.2,0.162,1,3.6,4.6,4.6
2017/2018,99093000,100892064.5,815615,Orlando Magic,22,ORL,Florida,East,Southeast,25,57,0.305,103.4,108.2,-4.92,Jonathon Simmons,SG,28,6300000,6587744,69,50,29.4,5.1,11,0.465,1,3,0.338,4.1,8.1,0.512,0.511,2.7,3.5,0.768,0.9,2.6,3.5,2.5,0.8,0.2,2.1,2.5,13.9,2029,12.7,0.555,0.268,0.317,3.3,9.7,6.5,13.3,1.4,0.6,14.4,22,0.8,1.1,1.9,0.045,-1,-1.3,-2.3,-0.2
2017/2018,99093000,100892064.5,815615,Memphis Grizzlies,15,MEM,Tennessee,West,Southwest,22,60,0.268,99.3,105.5,-5.81,Kobi Simmons,PG,20,77250,80778,32,12,20.1,2.5,5.9,0.423,0.3,1.2,0.282,2.2,4.7,0.46,0.452,0.8,0.8,1,0.4,1.1,1.6,2.1,0.6,0.2,1.4,1.9,6.1,643,7.7,0.49,0.206,0.132,2.5,6.6,4.5,16.5,1.4,0.7,18,17,-0.4,0.2,-0.2,-0.013,-3.9,-2.1,-6,-0.6
2017/2018,99093000,100892064.5,815615,Oklahoma City Thunder,21,OKC,Oklahoma,West,Northwest,48,34,0.585,107.9,104.4,3.42,Kyle Singler,SF,29,4666500,4879636,12,0,4.9,0.6,1.8,0.333,0.2,0.4,0.4,0.4,1.3,0.313,0.381,0.6,1.1,0.538,0.1,0.8,0.8,0.2,0.1,0,0.3,0.3,1.9,59,5.9,0.43,0.238,0.619,1.8,17.5,9.4,4.8,0.8,0,10.1,21.6,-0.1,0,0,-0.031,-7.6,-4.2,-11.8,-0.1
2017/2018,99093000,100892064.5,815615,Boston Celtics,2,BOS,Massachusetts,East,Atlantic,55,27,0.671,104,100.4,3.23,Marcus Smart,SG,23,4538019,4745287,54,11,29.9,3.5,9.5,0.367,1.4,4.6,0.301,2.1,4.9,0.429,0.44,1.8,2.5,0.729,0.8,2.7,3.5,4.8,1.3,0.4,2.4,2.5,10.2,1614,10.8,0.479,0.483,0.258,3,9.8,6.4,23.7,2.2,1.2,18.4,19.4,-0.6,2.5,1.9,0.056,-1.6,1.1,-0.5,0.6
2017/2018,99093000,100892064.5,815615,Dallas Mavericks,7,DAL,Texas,West,Southwest,24,58,0.293,102.3,105.4,-2.7,Dennis Smith,PG,20,3218280,3365270,69,69,29.7,5.9,14.8,0.395,1.5,4.9,0.313,4.3,9.9,0.435,0.446,1.9,2.8,0.694,0.7,3,3.8,5.2,1,0.3,2.8,2.2,15.2,2049,12.8,0.473,0.331,0.188,2.6,11.8,7,29.5,1.7,0.8,14.9,28.9,-2.4,1.7,-0.7,-0.017,-1.5,-0.7,-2.2,-0.1
2017/2018,99093000,100892064.5,815615,Detroit Pistons,9,DET,Michigan,East,Central,39,43,0.476,103.8,103.9,-0.26,Ishmael Smith,PG,29,6000000,6274042,82,35,24.9,4.7,9.8,0.486,0.4,1.2,0.347,4.3,8.5,0.506,0.507,1,1.4,0.698,0.3,2.4,2.7,4.4,0.8,0.2,1.3,1.7,10.9,2043,15.4,0.525,0.126,0.145,1.4,10.9,6.1,28.4,1.6,0.9,11.2,20.8,2.4,2,4.4,0.102,-0.6,-0.6,-1.2,0.4
2017/2018,99093000,100892064.5,815615,Cleveland Cavaliers,6,CLE,Ohio,East,Central,50,32,0.61,110.9,109.9,0.59,JR Smith,SG,32,13760000,14388470,80,61,28.1,3,7.4,0.403,1.8,4.8,0.375,1.2,2.7,0.453,0.524,0.5,0.7,0.696,0.4,2.6,2.9,1.8,0.9,0.1,1,2,8.3,2244,8.4,0.534,0.64,0.094,1.5,10.1,5.9,8.6,1.5,0.4,11.6,13.8,0.6,0.9,1.4,0.031,-0.6,-1,-1.7,0.2
2017/2018,99093000,100892064.5,815615,Washington Wizards,30,WAS,Washington DC,East,Southeast,43,39,0.524,106.6,106,0.53,Jason Smith,C,31,5225000,5463645,33,2,8.6,1.4,3.5,0.391,0.1,1,0.125,1.2,2.5,0.494,0.409,0.6,0.6,0.905,0.5,1.1,1.6,0.4,0.1,0.4,0.5,1.3,3.4,285,8.8,0.455,0.278,0.183,7.2,13.9,10.5,7.4,0.5,4,11.4,21.7,-0.2,0.3,0,0.003,-4.8,-1.1,-6,-0.3
2017/2018,99093000,100892064.5,815615,New Orleans Pelicans,19,NOP,Louisiana,West,Southwest,48,34,0.585,111.7,110.4,1.48,Josh Smith,PF,32,5514806,5766686,3,0,4,0.3,1.3,0.25,0,0,,0.3,1.3,0.25,0.25,0,0,,1,0.3,1.3,0,0,0,0,1,0.7,12,3.5,0.25,0,0,28.1,8.7,18.1,0,0,0,0,14.4,0,0,0,-0.013,-6,-7.4,-13.4,0
2017/2018,99093000,100892064.5,815615,Milwaukee Bucks,17,MIL,Wisconsin,East,Central,44,38,0.537,106.5,106.8,-0.45,Tony Snell,SG,26,9821429,10270009,75,59,27.4,2.5,5.7,0.435,1.4,3.6,0.403,1,2.1,0.49,0.562,0.5,0.6,0.792,0.1,1.8,1.9,1.3,0.6,0.4,0.5,1.5,6.9,2053,8.5,0.578,0.631,0.113,0.5,7.5,4,6.5,1.1,1.2,7.5,10.6,1.6,0.7,2.4,0.056,-0.5,-1.3,-1.8,0.1
2017/2018,99093000,100892064.5,815615,Orlando Magic,22,ORL,Florida,East,Southeast,25,57,0.305,103.4,108.2,-4.92,Marreese Speights,C,30,2116955,2213644,52,3,13,2.7,6.7,0.395,1.7,4.5,0.369,1,2.2,0.448,0.519,0.8,1.1,0.727,0.4,2.2,2.6,0.8,0.2,0.4,0.8,2,7.7,675,13.7,0.539,0.668,0.158,3.4,18.4,10.8,9.8,0.6,2.6,9.7,26.9,0.1,0.5,0.6,0.045,0.2,-2.9,-2.8,-0.1
2017/2018,99093000,100892064.5,815615,#N/A,#N/A,TOT,#N/A,#N/A,#N/A,#N/A,#N/A,#N/A,#N/A,#N/A,#N/A,Nik Stauskas,SG,24,3807146,3981032,41,0,12.8,1.5,3.8,0.39,1,2.4,0.4,0.5,1.3,0.37,0.519,0.5,0.7,0.724,0.1,1.5,1.6,1,0.2,0.1,0.6,0.6,4.4,523,9,0.543,0.649,0.188,0.8,12.3,6.5,11.1,0.8,0.6,13.5,15.9,0.1,0.3,0.3,0.031,-2.1,-1.8,-4,-0.3
2017/2018,99093000,100892064.5,815615,Philadelphia 76ers,23,PHI,Pennsylvania,East,Atlantic,52,30,0.634,109.8,105.3,4.3,Nik Stauskas,SG,24,3807146,3981032,6,0,7.5,0.2,0.7,0.25,0,0.2,0,0.2,0.5,0.333,0.25,0.3,0.3,1,0,0.2,0.2,0.2,0.7,0,0.7,0.5,0.7,45,0.9,0.41,0.25,0.5,0,2.3,1.2,2.7,4.3,0,45,8.4,-0.1,0.1,0,-0.044,-7.4,2.5,-4.8,0
2017/2018,99093000,100892064.5,815615,Brooklyn Nets,3,BRK,New York,East,Atlantic,28,54,0.341,106.6,110.3,-3.67,Nik Stauskas,SG,24,3807146,3981032,35,0,13.7,1.7,4.3,0.393,1.1,2.8,0.404,0.5,1.5,0.373,0.527,0.5,0.8,0.704,0.1,1.7,1.8,1.1,0.1,0.1,0.6,0.6,5.1,478,9.8,0.547,0.66,0.18,0.9,13.2,7,11.9,0.5,0.6,12,16.7,0.2,0.2,0.4,0.038,-1.7,-2.3,-3.9,-0.2
2017/2018,99093000,100892064.5,815615,Indiana Pacers,12,IND,Indiana,East,Central,48,34,0.585,105.6,104.2,1.18,Lance Stephenson,SG,27,4180000,4370916,82,7,22.6,3.7,8.6,0.427,0.8,2.8,0.289,2.9,5.8,0.495,0.475,1,1.5,0.661,0.8,4.4,5.2,2.9,0.6,0.2,1.6,2.2,9.2,1850,12.4,0.495,0.327,0.179,3.8,22,12.9,18.6,1.2,0.8,14.6,21.6,-0.2,2,1.8,0.046,-2,-0.1,-2,0
2017/2018,99093000,100892064.5,815615,Utah Jazz,29,UTA,Utah,West,Northwest,48,34,0.585,104.1,99.8,4.47,David Stockton,PG,26,192812,201618,3,0,3,0.7,1,0.667,0.7,1,0.667,0,0,,1,1.3,1.3,1,0,0,0,0,0,0,0.3,1,3.3,9,33.9,1.05,1,1.333,0,0,0,0,0,0,17.4,28.8,0.1,0,0.1,0.459,14.8,-8.1,6.7,0
2017/2018,99093000,100892064.5,815615,Charlotte Hornets,4,CHO,North Carolina,East,Southeast,36,46,0.439,108.2,108,0.07,Julyan Stone,SG,29,1524305,1593925,23,0,7.6,0.3,0.6,0.462,0.3,0.6,0.462,0,0,,0.692,0,0.1,0.5,0,1.2,1.3,1.1,0.2,0.1,0.3,0.9,0.8,175,7.6,0.684,1,0.154,0.6,17.6,9,19.2,1.1,1,33.5,5.2,0.2,0.2,0.3,0.087,-2.1,0.3,-1.8,0
2017/2018,99093000,100892064.5,815615,Indiana Pacers,12,IND,Indiana,East,Central,48,34,0.585,105.6,104.2,1.18,Edmond Sumner,PG,22,77250,80778,1,0,2,1,1,1,0,0,,1,1,1,1,0,0,,0,1,1,0,0,0,0,1,2,2,39.8,1,0,0,0,56.1,28.2,0,0,0,0,22.3,0,0,0,0.425,4.6,-9.9,-5.3,0
2017/2018,99093000,100892064.5,815615,Portland Trail Blazers,25,POR,Oregon,West,Northwest,49,33,0.598,105.6,103,2.6,Caleb Swanigan,PF,20,1465920,1532873,27,3,7,0.9,2.2,0.4,0,0.3,0.125,0.9,1.9,0.442,0.408,0.4,0.7,0.667,0.6,1.4,2,0.5,0.2,0.1,0.7,1.4,2.3,189,7.5,0.449,0.133,0.3,8.7,22.3,15.6,10.8,1.3,1.3,20.9,20,-0.3,0.3,0,-0.003,-6,0.6,-5.4,-0.2
2017/2018,99093000,100892064.5,815615,Boston Celtics,2,BOS,Massachusetts,East,Atlantic,55,27,0.671,104,100.4,3.23,Jayson Tatum,SF,19,5645400,5903246,80,80,30.5,5,10.4,0.475,1.3,3,0.434,3.7,7.4,0.492,0.538,2.7,3.2,0.826,0.6,4.4,5,1.6,1,0.7,1.4,2.1,13.9,2438,15.3,0.586,0.29,0.309,2.3,15.6,9,8.3,1.7,2,10.7,19.5,3,4,7.1,0.139,-0.5,1.5,1,1.8
2017/2018,99093000,100892064.5,815615,Atlanta Hawks,1,ATL,Georgia,East,Southeast,24,58,0.293,103.4,108.8,-5.3,Isaiah Taylor,PG,23,1312611,1372562,67,9,17.4,2.4,5.8,0.418,0.3,1.2,0.25,2.1,4.6,0.461,0.444,1.5,2.1,0.702,0.3,1.1,1.4,3.1,0.5,0.1,1.3,1.7,6.6,1167,10.9,0.492,0.205,0.362,2.1,6.9,4.5,27,1.4,0.7,15.7,20.1,0.2,0.5,0.6,0.027,-2.9,-2.5,-5.4,-1
2017/2018,99093000,100892064.5,815615,Minnesota Timberwolves,18,MIN,Minnesota,West,Northwest,47,35,0.573,109.5,107.3,2.35,Jeff Teague,PG,29,19000000,19867800,70,70,33,5.1,11.3,0.446,1.2,3.3,0.368,3.9,8.1,0.477,0.499,2.9,3.4,0.845,0.3,2.6,3,7,1.5,0.3,2.5,2.4,14.2,2311,16.4,0.553,0.287,0.301,1.2,9.3,5.2,30.6,2.2,0.9,16.4,20.6,3.4,1.4,4.9,0.101,1.5,-1.3,0.2,1.3
2017/2018,99093000,100892064.5,815615,Memphis Grizzlies,15,MEM,Tennessee,West,Southwest,22,60,0.268,99.3,105.5,-5.81,Marquis Teague,PG,24,157944,165157,3,0,24.7,1.3,5.3,0.25,0.3,1.3,0.25,1,4,0.25,0.281,0.7,1.7,0.4,0.3,1.7,2,4.3,1.3,0,1,1.7,3.7,74,5.7,0.302,0.25,0.313,1.5,8,4.7,24.7,2.7,0,14.2,12.9,-0.1,0,-0.1,-0.038,-5.8,-1.6,-7.3,-0.1
2017/2018,99093000,100892064.5,815615,Milwaukee Bucks,17,MIL,Wisconsin,East,Central,44,38,0.537,106.5,106.8,-0.45,Mirza Teletovic,PF,32,10500000,10979573,10,0,15.9,2.5,5.7,0.439,2.1,4.5,0.467,0.4,1.2,0.333,0.623,0,0,,0.3,2,2.3,1,0.4,0.1,0.7,1.4,7.1,159,13.5,0.623,0.789,0,2.2,14.7,8.5,9.5,1.3,0.5,10.9,18.2,0.2,0.1,0.3,0.09,1.6,-3.3,-1.6,0
2017/2018,99093000,100892064.5,815615,Sacramento Kings,26,SAC,California,West,Pacific,27,55,0.329,98.8,105.8,-6.6,Garrett Temple,SG,31,8000000,8365389,65,35,24.8,3.1,7.3,0.418,1.4,3.5,0.392,1.7,3.8,0.442,0.512,0.9,1.2,0.769,0.3,2,2.3,1.9,0.9,0.4,1.2,2.1,8.4,1615,10.2,0.536,0.477,0.164,1.5,9.6,5.4,11.3,1.8,1.6,13.4,16.4,0.3,0.9,1.2,0.035,-1.3,-0.6,-1.8,0.1
2017/2018,99093000,100892064.5,815615,Los Angeles Clippers,13,LAC,California,West,Pacific,42,40,0.512,109,109,0.15,Milos Teodosic,PG,30,6000000,6274042,45,36,25.2,3.4,8,0.419,2,5.2,0.379,1.4,2.8,0.492,0.542,0.9,1,0.848,0.4,2.4,2.8,4.6,0.5,0.1,2.2,2.3,9.5,1134,11.6,0.564,0.644,0.128,1.6,10.5,6.1,26.2,1,0.4,20.3,18.2,0.9,0.5,1.4,0.058,0.8,-2.2,-1.4,0.2
2017/2018,99093000,100892064.5,815615,Milwaukee Bucks,17,MIL,Wisconsin,East,Central,44,38,0.537,106.5,106.8,-0.45,Jason Terry,SG,40,2328652,2435010,51,4,16,1.2,3,0.383,0.8,2.3,0.348,0.4,0.8,0.487,0.513,0.2,0.2,0.889,0.1,0.8,0.9,1.2,0.8,0.3,0.5,1,3.3,814,8.1,0.525,0.747,0.058,0.7,6.2,3.5,9.7,2.6,1.4,13.7,10.1,0.1,0.6,0.7,0.042,-1.6,-0.5,-2.1,0
2017/2018,99093000,100892064.5,815615,Boston Celtics,2,BOS,Massachusetts,East,Atlantic,55,27,0.671,104,100.4,3.23,Daniel Theis,C,25,815615,852867,63,3,14.9,2,3.7,0.541,0.3,0.9,0.31,1.7,2.8,0.617,0.579,1,1.3,0.753,1.4,2.9,4.3,0.9,0.5,0.8,0.9,2.5,5.3,936,16.1,0.616,0.249,0.348,10.7,21.2,16,9.1,1.6,4.3,17.2,15.5,1.6,1.9,3.5,0.178,-0.8,3.4,2.6,1.1
2017/2018,99093000,100892064.5,815615,#N/A,#N/A,TOT,#N/A,#N/A,#N/A,#N/A,#N/A,#N/A,#N/A,#N/A,#N/A,Isaiah Thomas,PG,28,6261394,6547375,32,15,26.9,4.9,13.2,0.373,1.7,5.9,0.293,3.2,7.3,0.438,0.438,3.7,4.1,0.893,0.5,1.6,2.1,4.8,0.5,0.1,3,1.8,15.2,862,12.6,0.508,0.447,0.311,2.2,6.3,4.2,27.1,0.8,0.3,16.6,28.8,-0.1,0.3,0.2,0.009,-0.9,-4.3,-5.2,-0.7
2017/2018,99093000,100892064.5,815615,Cleveland Cavaliers,6,CLE,Ohio,East,Central,50,32,0.61,110.9,109.9,0.59,Isaiah Thomas,PG,28,6261394,6547375,15,14,27.1,4.7,12.9,0.361,1.5,5.8,0.253,3.2,7.1,0.449,0.418,3.9,4.5,0.868,0.5,1.6,2.1,4.5,0.6,0.1,2.7,1.7,14.7,406,12.3,0.493,0.448,0.351,2,6.5,4.3,25.1,1.1,0.4,15.5,28.9,-0.1,0.1,-0.1,-0.008,-1.4,-4.4,-5.8,-0.4
2017/2018,99093000,100892064.5,815615,Los Angeles Lakers,14,LAL,California,West,Pacific,35,47,0.427,108.1,109.6,-1.44,Isaiah Thomas,PG,28,6261394,6547375,17,1,26.8,5.1,13.4,0.383,1.9,5.9,0.327,3.2,7.4,0.429,0.456,3.4,3.7,0.921,0.6,1.5,2.1,5,0.4,0.1,3.2,1.9,15.6,456,12.8,0.52,0.445,0.278,2.4,6,4.2,28.8,0.6,0.2,17.5,28.7,0,0.2,0.2,0.024,-0.4,-4.2,-4.6,-0.3
2017/2018,99093000,100892064.5,815615,New York Knicks,20,NYK,New York,East,Atlantic,29,53,0.354,104.5,108,-3.53,Lance Thomas,PF,29,6655325,6959298,73,31,18.5,1.4,3.7,0.382,0.7,1.7,0.403,0.7,2,0.364,0.476,0.6,0.7,0.83,0.6,1.8,2.4,0.6,0.4,0.2,0.5,1.8,4.1,1353,6.3,0.513,0.464,0.199,3.6,10.7,7.2,4.2,1.1,0.9,12.1,10.7,0.3,0.6,0.9,0.031,-2.1,-0.5,-2.6,-0.2
2017/2018,99093000,100892064.5,815615,Golden State Warriors,10,GSW,California,West,Pacific,58,24,0.707,113.5,107.5,5.79,Klay Thompson,SG,27,17826150,18640336,73,73,34.3,7.9,16.2,0.488,3.1,7.1,0.44,4.7,9,0.526,0.585,1.1,1.3,0.837,0.4,3.4,3.8,2.5,0.8,0.5,1.8,1.6,20,2506,16,0.598,0.442,0.083,1.5,10.3,6.2,11.2,1.1,1.1,9.5,23.7,3.1,1.8,4.9,0.094,1.8,-2.4,-0.6,0.9
2017/2018,99093000,100892064.5,815615,Cleveland Cavaliers,6,CLE,Ohio,East,Central,50,32,0.61,110.9,109.9,0.59,Tristan Thompson,C,26,16400000,17149048,53,22,20.2,2.5,4.4,0.562,0,0,,2.5,4.4,0.562,0.562,0.8,1.5,0.544,2.4,4.3,6.6,0.6,0.3,0.3,0.7,1.9,5.8,1072,13.6,0.569,0,0.336,13.4,23.3,18.4,4.3,0.7,1.3,11.8,12.6,1.8,0.7,2.5,0.113,-1.6,-0.9,-2.5,-0.1
2017/2018,99093000,100892064.5,815615,Los Angeles Clippers,13,LAC,California,West,Pacific,42,40,0.512,109,109,0.15,Sindarius Thornwell,SG,23,815615,852867,73,17,15.8,1.4,3.2,0.429,0.3,0.8,0.377,1.1,2.4,0.448,0.479,0.8,1.2,0.67,0.5,1.5,1.9,0.9,0.7,0.3,0.7,1.7,3.9,1156,8.2,0.519,0.262,0.378,3.2,10,6.7,7.8,2,1.8,16.3,12.1,0.1,0.9,1,0.041,-2.6,1,-1.6,0.1
2017/2018,99093000,100892064.5,815615,Detroit Pistons,9,DET,Michigan,East,Central,39,43,0.476,103.8,103.9,-0.26,Anthony Tolliver,PF,32,5290000,5531613,79,14,22.2,2.8,6,0.464,2,4.6,0.436,0.8,1.4,0.561,0.632,1.3,1.7,0.797,0.6,2.4,3.1,1.1,0.4,0.3,0.7,1.8,8.9,1757,13.9,0.663,0.773,0.282,3.1,12.3,7.6,7.5,0.9,1.1,9.9,14.8,3.8,1.5,5.3,0.146,2.3,-0.8,1.5,1.5
2017/2018,99093000,100892064.5,815615,Minnesota Timberwolves,18,MIN,Minnesota,West,Northwest,47,35,0.573,109.5,107.3,2.35,Karl-Anthony Towns,C,22,6216840,6500786,82,82,35.6,7.8,14.3,0.545,1.5,3.5,0.421,6.3,10.8,0.585,0.596,4.2,4.9,0.858,2.9,9.4,12.3,2.4,0.8,1.4,1.9,3.5,21.3,2918,24.9,0.646,0.243,0.343,9.3,30.9,20,10.8,1.1,3.5,10.5,22.9,10.6,3.4,14,0.23,4.4,1.1,5.5,5.5
2017/2018,99093000,100892064.5,815615,Houston Rockets,11,HOU,Texas,West,Southwest,65,17,0.793,112.4,103.9,8.21,PJ Tucker,PF,32,7590035,7936699,82,34,27.8,2.1,5.4,0.39,1.4,3.8,0.371,0.7,1.6,0.435,0.52,0.5,0.7,0.717,1.1,4.4,5.6,0.9,1,0.3,0.9,2.5,6.1,2281,8.3,0.537,0.703,0.136,4.6,17.8,11.3,4.6,1.7,1,13.7,10.5,1,3,3.9,0.082,-1.5,1.5,0,1.2
2017/2018,99093000,100892064.5,815615,Portland Trail Blazers,25,POR,Oregon,West,Northwest,49,33,0.598,105.6,103,2.6,Evan Turner,SF,29,17131148,17913590,79,40,25.7,3.3,7.3,0.447,0.5,1.7,0.318,2.7,5.6,0.485,0.484,1.2,1.4,0.85,0.4,2.7,3.1,2.2,0.6,0.4,1.3,2.1,8.2,2034,9.9,0.52,0.229,0.185,1.6,11.4,6.5,12.4,1.1,1.2,13.7,15.6,0.5,2.1,2.6,0.061,-2.4,0.6,-1.8,0.1
2017/2018,99093000,100892064.5,815615,Indiana Pacers,12,IND,Indiana,East,Central,48,34,0.585,105.6,104.2,1.18,Myles Turner,C,21,2483040,2596449,65,62,28.2,4.7,9.8,0.479,0.9,2.4,0.357,3.8,7.4,0.519,0.523,2.5,3.2,0.777,1.4,5,6.4,1.3,0.6,1.8,1.5,2.9,12.7,1836,16.6,0.567,0.246,0.322,5.8,19.8,12.8,7,1,5.7,11.6,20,2.2,2.5,4.7,0.122,-1.1,1.8,0.7,1.3
2017/2018,99093000,100892064.5,815615,Utah Jazz,29,UTA,Utah,West,Northwest,48,34,0.585,104.1,99.8,4.47,Ekpe Udoh,C,30,3200000,3346155,63,3,12.9,1,1.9,0.5,0,0,0,1,1.9,0.504,0.5,0.7,0.9,0.75,1.1,1.3,2.4,0.8,0.7,1.2,0.3,1.7,2.6,810,15.2,0.56,0.008,0.467,9.6,11.4,10.5,9.1,2.7,7.7,12.1,9.1,1.3,1.8,3.2,0.187,-1.1,6.8,5.7,1.6
2017/2018,99093000,100892064.5,815615,Phoenix Suns,24,PHO,Arizona,West,Pacific,21,61,0.256,103.9,113.3,-8.8,Tyler Ulis,PG,22,1312611,1372562,71,43,23.4,3,7.8,0.388,0.6,2.1,0.288,2.4,5.7,0.425,0.426,1.2,1.4,0.832,0.3,1.5,1.8,4.4,1,0.1,1.8,1.7,7.8,1658,10.1,0.465,0.265,0.183,1.5,6.8,4.1,28,2,0.3,17.6,18.5,-0.7,0.5,-0.2,-0.006,-2.8,-2.4,-5.2,-1.3
2017/2018,99093000,100892064.5,815615,Toronto Raptors,28,TOR,Ontario,East,Atlantic,59,23,0.72,111.7,103.9,7.29,Jonas Valanciunas,C,25,15460675,16166821,77,77,22.4,5.1,8.9,0.568,0.4,1,0.405,4.7,8,0.587,0.59,2.2,2.7,0.806,2.4,6.2,8.6,1.1,0.4,0.9,1.5,2.5,12.7,1727,22.5,0.628,0.108,0.307,12.1,30.3,21.4,7.5,0.8,3.2,12.9,22.7,4.6,3,7.6,0.21,0.7,0.8,1.5,1.5
2017/2018,99093000,100892064.5,815615,Chicago Bulls,5,CHI,Illinois,East,Central,27,55,0.329,102.9,110,-6.84,Denzel Valentine,SG,24,2186400,2286260,77,37,27.2,3.9,9.4,0.417,1.9,4.8,0.386,2.1,4.6,0.45,0.517,0.5,0.7,0.745,0.6,4.5,5.1,3.2,0.8,0.1,1.3,2.4,10.2,2095,12.1,0.527,0.513,0.071,2.4,18.3,10.1,17.8,1.5,0.5,11.8,17.5,1,1.5,2.5,0.057,-0.4,-0.1,-0.5,0.8
2017/2018,99093000,100892064.5,815615,Toronto Raptors,28,TOR,Ontario,East,Atlantic,59,23,0.72,111.7,103.9,7.29,Fred VanVleet,PG,23,1312611,1372562,76,0,20,3.1,7.2,0.426,1.4,3.4,0.414,1.6,3.7,0.437,0.525,1.1,1.3,0.832,0.3,2.1,2.4,3.2,0.9,0.3,1,1.7,8.6,1520,15.9,0.556,0.479,0.185,1.9,11.5,6.8,22.8,2.2,1,11.2,19.1,2.7,2,4.7,0.149,1.9,0.1,1.9,1.5
2017/2018,99093000,100892064.5,815615,#N/A,#N/A,TOT,#N/A,#N/A,#N/A,#N/A,#N/A,#N/A,#N/A,#N/A,#N/A,Rashad Vaughn,SG,21,2338653,2445467,28,0,7.6,0.8,2,0.411,0.5,1.3,0.378,0.3,0.7,0.474,0.536,0.1,0.2,0.667,0.1,0.6,0.8,0.5,0.2,0.1,0.2,0.5,2.3,212,9.3,0.546,0.661,0.107,1.6,9.8,5.7,8.7,1.2,1.2,9.3,13.7,0.1,0.1,0.2,0.05,-1.9,-2.8,-4.7,-0.1
2017/2018,99093000,100892064.5,815615,Milwaukee Bucks,17,MIL,Wisconsin,East,Central,44,38,0.537,106.5,106.8,-0.45,Rashad Vaughn,SG,21,2338653,2445467,22,0,7.9,1,2.3,0.42,0.6,1.6,0.371,0.4,0.7,0.533,0.55,0.2,0.3,0.667,0.1,0.7,0.8,0.5,0.2,0.1,0.2,0.5,2.7,173,11.1,0.56,0.7,0.12,1.4,10.1,5.8,9.9,1.2,1.5,7.1,14.8,0.2,0.1,0.3,0.073,-0.5,-2.8,-3.3,-0.1
2017/2018,99093000,100892064.5,815615,Brooklyn Nets,3,BRK,New York,East,Atlantic,28,54,0.341,106.6,110.3,-3.67,Rashad Vaughn,SG,21,2338653,2445467,1,0,4,0,0,,0,0,,0,0,,,0,0,,0,0,0,1,0,0,0,1,0,4,4.1,,,,0,0,0,31.7,0,0,,0,0,0,0,0.106,-7.6,-8.5,-16,0
2017/2018,99093000,100892064.5,815615,Orlando Magic,22,ORL,Florida,East,Southeast,25,57,0.305,103.4,108.2,-4.92,Rashad Vaughn,SG,21,2338653,2445467,5,0,7,0.4,1.2,0.333,0.2,0.4,0.5,0.2,0.8,0.25,0.417,0,0,,0.2,0.6,0.8,0,0.2,0,0.4,0.4,1,35,1.1,0.417,0.333,0,3.1,9.5,6.3,0,1.4,0,25,10.1,-0.1,0,-0.1,-0.07,-8.1,-2.4,-10.4,-0.1
2017/2018,99093000,100892064.5,815615,#N/A,#N/A,TOT,#N/A,#N/A,#N/A,#N/A,#N/A,#N/A,#N/A,#N/A,#N/A,Noah Vonleh,PF,22,4031018,4215129,54,16,16.2,1.9,4.3,0.444,0.4,1.2,0.303,1.6,3.1,0.5,0.487,0.7,1.1,0.621,1.3,4.5,5.8,0.6,0.4,0.3,0.6,1.3,4.9,875,12.8,0.509,0.282,0.248,8.5,30.2,19.2,5.7,1.1,1.6,10.7,14.5,0.5,1.2,1.6,0.09,-3.4,0.3,-3.1,-0.2
2017/2018,99093000,100892064.5,815615,Portland Trail Blazers,25,POR,Oregon,West,Northwest,49,33,0.598,105.6,103,2.6,Noah Vonleh,PF,22,4031018,4215129,33,12,14.4,1.4,2.9,0.49,0.1,0.2,0.333,1.4,2.7,0.5,0.5,0.7,0.9,0.742,1.1,4,5.1,0.4,0.2,0.3,0.5,1.3,3.6,476,12,0.543,0.063,0.323,8.1,30,19.1,3.8,0.6,1.9,12,11.5,0.4,0.7,1.2,0.117,-4.1,0.7,-3.3,-0.2
2017/2018,99093000,100892064.5,815615,Chicago Bulls,5,CHI,Illinois,East,Central,27,55,0.329,102.9,110,-6.84,Noah Vonleh,PF,22,4031018,4215129,21,4,19,2.7,6.6,0.413,0.9,2.9,0.3,1.9,3.7,0.5,0.478,0.6,1.3,0.481,1.7,5.2,6.9,1,0.6,0.3,0.8,1.2,6.9,399,13.9,0.484,0.435,0.196,9.1,30.4,19.3,8,1.6,1.3,9.6,18.1,0,0.4,0.5,0.059,-2.6,-0.1,-2.8,-0.1
2017/2018,99093000,100892064.5,815615,Orlando Magic,22,ORL,Florida,East,Southeast,25,57,0.305,103.4,108.2,-4.92,Nikola Vucevic,C,27,12250000,12809502,57,57,29.5,7,14.7,0.475,1.1,3.6,0.314,5.9,11.2,0.527,0.513,1.4,1.6,0.819,1.8,7.4,9.2,3.4,1,1.1,1.9,2.5,16.5,1683,19.7,0.533,0.243,0.112,6.6,27.8,17.1,19.9,1.6,3,11,25.9,1.3,2.3,3.6,0.102,0.6,2.1,2.7,2
2017/2018,99093000,100892064.5,815615,#N/A,#N/A,TOT,#N/A,#N/A,#N/A,#N/A,#N/A,#N/A,#N/A,#N/A,#N/A,Dwyane Wade,SG,36,17878652,18695235,67,3,22.9,4.5,10.2,0.438,0.5,1.7,0.288,4,8.5,0.468,0.462,2,2.8,0.714,0.7,3,3.8,3.4,0.9,0.7,2.1,1.9,11.4,1536,15,0.5,0.163,0.277,3.7,14.6,9.2,23.5,2,2.6,15.5,26.2,-0.4,1.6,1.1,0.036,-2.4,0.3,-2.1,0
2017/2018,99093000,100892064.5,815615,Cleveland Cavaliers,6,CLE,Ohio,East,Central,50,32,0.61,110.9,109.9,0.59,Dwyane Wade,SG,36,17878652,18695235,46,3,23.2,4.3,9.5,0.455,0.5,1.5,0.329,3.8,7.9,0.479,0.482,2,2.9,0.701,0.8,3.1,3.9,3.5,0.9,0.7,2,1.8,11.2,1069,15.9,0.519,0.161,0.308,4.2,14.7,9.5,23.3,1.9,2.5,15.7,24.3,0.4,0.9,1.3,0.057,-1.6,0.3,-1.4,0.2
2017/2018,99093000,100892064.5,815615,Miami Heat,16,MIA,Florida,East,Southeast,44,38,0.537,103.4,102.9,0.15,Dwyane Wade,SG,36,17878652,18695235,21,0,22.2,4.8,11.8,0.409,0.4,2,0.22,4.4,9.8,0.447,0.427,2,2.6,0.745,0.5,2.9,3.4,3.1,0.9,0.7,2.3,1.9,12,467,13.1,0.465,0.166,0.223,2.6,14.4,8.5,23.9,2,2.7,15,30.7,-0.8,0.7,-0.1,-0.014,-4.2,0.5,-3.7,-0.2
2017/2018,99093000,100892064.5,815615,Miami Heat,16,MIA,Florida,East,Southeast,44,38,0.537,103.4,102.9,0.15,Dion Waiters,SG,26,12100000,12652651,30,30,30.6,5.4,13.7,0.398,1.7,5.7,0.306,3.7,8,0.463,0.461,1.7,2.3,0.739,0.3,2.3,2.6,3.8,0.8,0.3,2.3,2,14.3,918,10.5,0.487,0.415,0.168,1,8.5,4.7,19.8,1.3,0.8,13.7,25,-0.7,0.8,0.1,0.004,-2.1,-2,-4,-0.5
2017/2018,99093000,100892064.5,815615,Charlotte Hornets,4,CHO,North Carolina,East,Southeast,36,46,0.439,108.2,108,0.07,Kemba Walker,PG,27,12000000,12548084,80,80,34.2,7.4,17,0.431,2.9,7.5,0.384,4.5,9.5,0.469,0.516,4.5,5.3,0.864,0.4,2.7,3.1,5.6,1.1,0.3,2.2,1.2,22.1,2736,20.6,0.572,0.441,0.308,1.2,8.7,4.9,27.4,1.6,0.7,10.4,27.4,6.5,2,8.6,0.15,5.1,-1.9,3.2,3.6
2017/2018,99093000,100892064.5,815615,Washington Wizards,30,WAS,Washington DC,East,Southeast,43,39,0.524,106.6,106,0.53,John Wall,PG,27,18063850,18888892,41,41,34.4,6.8,16.3,0.42,1.5,4.1,0.371,5.3,12.2,0.436,0.466,4.3,5.9,0.726,0.5,3.1,3.7,9.6,1.4,1.1,3.9,2,19.4,1410,19.1,0.515,0.25,0.361,1.8,10.2,6,44.5,2,2.8,17,29.1,1.2,1.5,2.7,0.092,1.6,0,1.5,1.2
2017/2018,99093000,100892064.5,815615,Los Angeles Clippers,13,LAC,California,West,Pacific,42,40,0.512,109,109,0.15,Tyrone Wallace,PG,23,77250,80778,30,19,28.4,3.7,8.2,0.445,0.3,1.3,0.25,3.3,6.9,0.483,0.466,2,2.6,0.782,0.7,2.8,3.5,2.4,0.9,0.4,1.5,2.8,9.7,851,10.1,0.517,0.162,0.316,2.7,10.7,6.8,11.8,1.5,1.3,14.1,16.6,0.2,0.5,0.7,0.042,-2.1,0.2,-2,0
2017/2018,99093000,100892064.5,815615,Atlanta Hawks,1,ATL,Georgia,East,Southeast,24,58,0.293,103.4,108.8,-5.3,Taurean Prince,SF,23,2422560,2533207,82,82,30,5.1,11.9,0.426,2.1,5.6,0.385,2.9,6.3,0.461,0.516,1.9,2.2,0.844,0.6,4.1,4.7,2.6,1,0.5,2.3,2,14.1,2464,12.8,0.549,0.469,0.185,2.3,15.3,8.8,13.9,1.7,1.5,15.3,22.1,0,2,2,0.038,-0.7,0,-0.7,0.8
2017/2018,99093000,100892064.5,815615,Miami Heat,16,MIA,Florida,East,Southeast,44,38,0.537,103.4,102.9,0.15,Derrick Walton,PG,22,77250,80778,16,0,9.2,0.5,1.6,0.32,0.4,1.1,0.412,0.1,0.5,0.125,0.46,0.4,0.4,1,0.1,0.9,1,1,0.4,0.2,0.1,0.4,1.8,147,11.2,0.525,0.68,0.24,1.5,10.7,6.1,14.6,2.4,1.7,6.7,9.1,0.2,0.2,0.4,0.128,-1.5,1,-0.5,0.1
2017/2018,99093000,100892064.5,815615,Dallas Mavericks,7,DAL,Texas,West,Southwest,24,58,0.293,102.3,105.4,-2.7,Jameel Warney,PF,24,46079,48183,3,0,9,2.3,4,0.583,0,0,,2.3,4,0.583,0.583,1,1.7,0.6,1.3,1.7,3,0,0,0,0.3,0.7,5.7,27,22.5,0.599,0,0.417,15.9,21.3,18.5,0,0,0,6.6,25.6,0.1,0,0.1,0.157,-3.1,-9.1,-12.2,-0.1
2017/2018,99093000,100892064.5,815615,Phoenix Suns,24,PHO,Arizona,West,Pacific,21,61,0.256,103.9,113.3,-8.8,TJ Warren,SF,24,3152930,3296935,65,65,33,8.1,16.4,0.498,0.3,1.4,0.222,7.8,15,0.523,0.507,3,3.9,0.757,1.9,3.2,5.1,1.3,1,0.6,1.3,2.3,19.6,2142,17.6,0.541,0.085,0.24,6.1,10.5,8.3,7.2,1.5,1.5,6.7,24.9,2.6,0.8,3.4,0.077,-0.1,-1.7,-1.9,0.1
2017/2018,99093000,100892064.5,815615,Los Angeles Lakers,14,LAL,California,West,Pacific,35,47,0.427,108.1,109.6,-1.44,Travis Wear,SF,27,304051,317938,17,0,13.4,1.5,4.2,0.347,1,2.8,0.362,0.5,1.5,0.32,0.465,0.5,0.5,1,0,2.2,2.2,0.4,0.2,0.3,0.4,1.8,4.4,228,6.9,0.497,0.653,0.111,0,17.6,8.9,4.2,0.8,1.8,7.4,15.2,0,0.2,0.2,0.042,-3.7,-1.3,-5.1,-0.2
2017/2018,99093000,100892064.5,815615,Brooklyn Nets,3,BRK,New York,East,Atlantic,28,54,0.341,106.6,110.3,-3.67,James Webb,SF,24,77250,80778,10,0,12,0.6,2.4,0.25,0.4,1.9,0.211,0.2,0.5,0.4,0.333,0,0,,0.8,1.6,2.4,0.4,0.1,0,0.4,1,1.6,120,2.2,0.333,0.792,0,7,14.3,10.6,4.5,0.4,0,14.3,10.1,-0.1,0,-0.1,-0.041,-5.1,-1.5,-6.6,-0.1
2017/2018,99093000,100892064.5,815615,#N/A,#N/A,TOT,#N/A,#N/A,#N/A,#N/A,#N/A,#N/A,#N/A,#N/A,#N/A,Briante Weber,PG,25,160378,167702,18,0,13.2,1.1,2.4,0.442,0.2,0.6,0.364,0.8,1.8,0.469,0.488,0.4,0.6,0.8,0.4,1.5,1.9,1.2,1,0.3,0.8,1.6,2.8,237,10.1,0.527,0.256,0.233,3.8,13.1,8.4,13.1,3.8,1.9,24,11.7,0,0.4,0.4,0.072,-3.2,2.9,-0.4,0.1
2017/2018,99093000,100892064.5,815615,Houston Rockets,11,HOU,Texas,West,Southwest,65,17,0.793,112.4,103.9,8.21,Briante Weber,PG,25,160378,167702,13,0,9.1,0.7,1.7,0.409,0.3,0.7,0.444,0.4,1,0.385,0.5,0.3,0.3,1,0.2,1.2,1.4,1,0.8,0.2,0.5,1.4,2,118,11.1,0.547,0.409,0.182,2.9,14.2,8.6,15.2,4.2,2.2,22.8,11.5,0.1,0.2,0.3,0.119,-2.5,3.7,1.3,0.1
2017/2018,99093000,100892064.5,815615,Memphis Grizzlies,15,MEM,Tennessee,West,Southwest,22,60,0.268,99.3,105.5,-5.81,Briante Weber,PG,25,160378,167702,5,0,23.8,2,4.2,0.476,0,0.4,0,2,3.8,0.526,0.476,0.8,1.2,0.667,1,2.4,3.4,1.8,1.6,0.4,1.6,2,4.8,119,9.2,0.508,0.095,0.286,4.8,11.9,8.3,11.1,3.4,1.6,25.3,11.9,-0.1,0.1,0.1,0.024,-4,2.1,-1.9,0
2017/2018,99093000,100892064.5,815615,Golden State Warriors,10,GSW,California,West,Pacific,58,24,0.707,113.5,107.5,5.79,David West,C,37,2328652,2435010,73,0,13.7,3,5.2,0.571,0,0.1,0.375,2.9,5.1,0.576,0.575,0.8,1.1,0.759,0.9,2.4,3.3,1.9,0.6,1,1.1,1.6,6.8,999,20.9,0.6,0.021,0.209,7.7,18.2,13.3,20.5,2.3,5.9,16.2,21.7,1.8,1.7,3.5,0.168,-0.2,3.2,3,1.3
2017/2018,99093000,100892064.5,815615,Oklahoma City Thunder,21,OKC,Oklahoma,West,Northwest,48,34,0.585,107.9,104.4,3.42,Russell Westbrook,PG,29,28299399,29591937,80,80,36.4,9.5,21.1,0.449,1.2,4.1,0.298,8.3,17,0.485,0.477,5.2,7.1,0.737,1.9,8.2,10.1,10.3,1.8,0.3,4.8,2.5,25.4,2914,24.7,0.524,0.193,0.336,5.6,25.7,15.3,49.8,2.5,0.6,16.4,34.1,5.5,4.5,10.1,0.166,5.1,3.1,8.2,7.5
2017/2018,99093000,100892064.5,815615,Atlanta Hawks,1,ATL,Georgia,East,Southeast,24,58,0.293,103.4,108.8,-5.3,Andrew White,SF,24,77250,80778,15,0,13.9,1.7,4.9,0.342,1.2,3.3,0.367,0.5,1.6,0.292,0.466,0.1,0.3,0.25,0.3,2,2.3,0.4,0.2,0.1,0.5,0.8,4.6,209,5.8,0.461,0.671,0.055,2.1,16,9.1,4.3,0.7,0.4,9.7,17.3,-0.2,0.1,-0.1,-0.034,-4.2,-2.9,-7.1,-0.3
2017/2018,99093000,100892064.5,815615,San Antonio Spurs,27,SAS,Texas,West,Southwest,47,35,0.573,102.7,99.8,2.89,Derrick White,PG,23,1404600,1468753,17,0,8.2,0.9,1.9,0.485,0.5,0.8,0.615,0.5,1.2,0.4,0.606,0.8,1.2,0.7,0.3,1.2,1.5,0.5,0.2,0.2,0.4,0.5,3.2,139,15.9,0.646,0.394,0.606,4,16.9,10.4,9.3,1.5,1.8,12.6,15.4,0.3,0.2,0.5,0.17,0,0.5,0.5,0.1
2017/2018,99093000,100892064.5,815615,Miami Heat,16,MIA,Florida,East,Southeast,44,38,0.537,103.4,102.9,0.15,Okaro White,PF,25,1460927,1527652,6,4,13.3,1.2,2.7,0.438,0.7,1.8,0.364,0.5,0.8,0.6,0.563,0.3,0.5,0.667,0.5,1.3,1.8,0.3,0.2,0.2,0.2,1,3.3,80,8.9,0.577,0.688,0.188,4.2,11.2,7.7,3.5,0.6,1.1,5.5,10.3,0.1,0.1,0.2,0.096,-1.5,-1.3,-2.9,0
2017/2018,99093000,100892064.5,815615,Brooklyn Nets,3,BRK,New York,East,Atlantic,28,54,0.341,106.6,110.3,-3.67,Isaiah Whitehead,PG,22,1312611,1372562,16,0,11.3,2.5,5.4,0.465,0.4,1.1,0.389,2.1,4.3,0.485,0.506,0.8,1.2,0.684,0.3,1.4,1.6,1.3,0.5,0.1,1.5,1.4,6.3,180,11.5,0.53,0.209,0.221,2.3,13.1,7.7,19.6,2.2,0.8,20.3,28.5,-0.3,0.2,-0.1,-0.035,-4.3,-1.3,-5.6,-0.2
2017/2018,99093000,100892064.5,815615,Miami Heat,16,MIA,Florida,East,Southeast,44,38,0.537,103.4,102.9,0.15,Hassan Whiteside,C,28,23775506,24861421,54,54,25.3,5.8,10.7,0.54,0,0,1,5.7,10.7,0.538,0.542,2.4,3.4,0.703,3.2,8.2,11.4,1,0.7,1.7,1.7,2.4,14,1364,24.1,0.573,0.003,0.315,14.3,36.6,25.4,6.9,1.4,5.9,12.3,24.7,2.3,3,5.3,0.187,-2.1,2.3,0.2,0.8
2017/2018,99093000,100892064.5,815615,Minnesota Timberwolves,18,MIN,Minnesota,West,Northwest,47,35,0.573,109.5,107.3,2.35,Andrew Wiggins,SF,22,7574322,7920269,82,82,36.3,6.9,15.9,0.438,1.4,4.1,0.331,5.6,11.7,0.475,0.481,2.5,3.8,0.643,1,3.4,4.4,2,1.1,0.6,1.7,2,17.7,2979,13,0.505,0.26,0.242,3.1,10.8,6.9,8.2,1.5,1.5,8.8,23.4,0.5,1.6,2.1,0.034,-1.1,-1.4,-2.5,-0.4
2017/2018,99093000,100892064.5,815615,Brooklyn Nets,3,BRK,New York,East,Atlantic,28,54,0.341,106.6,110.3,-3.67,Jacob Wiley,PF,23,77250,80778,5,0,6.6,0.2,0.8,0.25,0.2,0.4,0.5,0,0.4,0,0.375,0.2,0.4,0.5,0.4,1.8,2.2,0.4,0.2,0,0,0.8,0.8,33,8.2,0.41,0.5,0.5,6.4,29.2,17.7,8,1.5,0,0,6.4,0,0,0.1,0.094,-3.9,0.9,-3,0
2017/2018,99093000,100892064.5,815615,Indiana Pacers,12,IND,Indiana,East,Central,48,34,0.585,105.6,104.2,1.18,Damien Wilkins,SF,38,992696,1038036,19,1,8,0.7,2.1,0.333,0.2,0.9,0.222,0.5,1.1,0.429,0.385,0.2,0.2,0.75,0.3,0.6,0.8,0.5,0.1,0.1,0.3,0.4,1.7,152,4.9,0.405,0.462,0.103,3.7,8.1,5.9,7.8,0.7,0.6,10.9,13.4,-0.1,0.1,-0.1,-0.019,-4.4,-2.1,-6.5,-0.2
2017/2018,99093000,100892064.5,815615,Phoenix Suns,24,PHO,Arizona,West,Pacific,21,61,0.256,103.9,113.3,-8.8,Alan Williams,PF,25,6000000,6274042,5,0,14,1.4,3.6,0.389,0,0,,1.4,3.6,0.389,0.389,1.2,1.8,0.667,0.6,3.8,4.4,1.6,1,0.2,1.4,2.6,4,70,9.3,0.455,0,0.5,4.5,29.5,16.8,16.3,3.4,1.2,24.2,17.5,-0.1,0.1,0,-0.004,-6.5,2.8,-3.7,0
2017/2018,99093000,100892064.5,815615,Los Angeles Clippers,13,LAC,California,West,Pacific,42,40,0.512,109,109,0.15,CJ Williams,SG,27,77250,80778,38,17,18.6,2.3,5.2,0.442,0.6,2.1,0.282,1.7,3.1,0.546,0.497,0.3,0.4,0.813,0.3,1.2,1.5,1.1,0.8,0.3,0.5,1.7,5.5,707,9.5,0.512,0.396,0.081,1.9,6.7,4.4,8.5,2.1,1.5,8.9,13.7,0.3,0.5,0.7,0.051,-1.3,-0.1,-1.4,0.1
2017/2018,99093000,100892064.5,815615,Los Angeles Lakers,14,LAL,California,West,Pacific,35,47,0.427,108.1,109.6,-1.44,Derrick Williams,PF,26,104059,108811,2,0,4.5,0.5,2,0.25,0,1,0,0.5,1,0.5,0.25,0,0,,0,0.5,0.5,0,0,0,0,0,1,9,-3.2,0.25,0.5,0,0,11.7,5.9,0,0,0,0,18.9,0,0,0,-0.191,-11.5,-6.6,-18.1,0
2017/2018,99093000,100892064.5,815615,Los Angeles Clippers,13,LAC,California,West,Pacific,42,40,0.512,109,109,0.15,Louis Williams,SG,31,7000000,7319715,79,19,32.8,7.4,16.9,0.435,2.4,6.6,0.359,5,10.4,0.484,0.505,5.5,6.2,0.88,0.5,2,2.5,5.3,1.1,0.2,3,1.3,22.6,2589,20.2,0.574,0.387,0.367,1.7,6.6,4.2,26.3,1.6,0.6,13.1,29.8,5.5,1.2,6.7,0.125,3.8,-2.9,1,2
2017/2018,99093000,100892064.5,815615,Charlotte Hornets,4,CHO,North Carolina,East,Southeast,36,46,0.439,108.2,108,0.07,Marvin Williams,PF,31,13168750,13770215,78,78,25.7,3.3,7.2,0.458,1.6,3.9,0.413,1.7,3.3,0.512,0.57,1.3,1.6,0.829,0.9,3.8,4.7,1.2,0.7,0.5,0.8,1.5,9.5,2006,13.9,0.603,0.542,0.218,3.9,16.2,10,7,1.4,1.6,9.7,14.8,3.1,1.9,5,0.119,1.1,0.5,1.7,1.9
2017/2018,99093000,100892064.5,815615,Miami Heat,16,MIA,Florida,East,Southeast,44,38,0.537,103.4,102.9,0.15,Matt Williams,SG,24,77250,80778,3,0,3.7,0.7,2,0.333,0.3,1.7,0.2,0.3,0.3,1,0.417,0,0,,0,0.3,0.3,0,0,0,0.3,0.3,1.7,11,-0.7,0.417,0.833,0,0,10.2,5.1,0,0,0,14.3,28.6,-0.1,0,0,-0.197,-8.5,-8.6,-17.1,0
2017/2018,99093000,100892064.5,815615,#N/A,#N/A,TOT,#N/A,#N/A,#N/A,#N/A,#N/A,#N/A,#N/A,#N/A,#N/A,Troy Williams,SF,23,1842176,1926314,21,1,14.6,2.4,5.2,0.468,0.5,1.8,0.289,1.9,3.4,0.563,0.518,1,1.4,0.667,1,2,3,0.8,1,0.2,0.9,1.6,6.3,307,15.1,0.544,0.349,0.275,8,14.8,11.4,7.7,3.2,1.1,13.5,20.1,0.2,0.4,0.5,0.085,-0.1,0.1,0,0.2
2017/2018,99093000,100892064.5,815615,Houston Rockets,11,HOU,Texas,West,Southwest,65,17,0.793,112.4,103.9,8.21,Troy Williams,SF,23,1842176,1926314,4,0,4.3,0.5,2.3,0.222,0,1.3,0,0.5,1,0.5,0.222,0.3,0.8,0.333,0.3,0.8,1,0.3,0.3,0,0.3,0.5,1.3,17,-2.4,0.242,0.556,0.333,6.7,19.7,13.3,8.6,2.9,0,8.8,29.4,-0.1,0,-0.1,-0.26,-11.6,-2.6,-14.2,-0.1
2017/2018,99093000,100892064.5,815615,New York Knicks,20,NYK,New York,East,Atlantic,29,53,0.354,104.5,108,-3.53,Troy Williams,SF,23,1842176,1926314,17,1,17.1,2.9,5.9,0.49,0.6,1.9,0.333,2.2,3.9,0.567,0.545,1.1,1.6,0.704,1.2,2.2,3.5,0.9,1.1,0.2,1.1,1.9,7.5,290,16.2,0.572,0.33,0.27,8.1,14.5,11.3,7.7,3.2,1.2,13.9,19.6,0.3,0.3,0.6,0.105,0.6,0.3,0.9,0.2
2017/2018,99093000,100892064.5,815615,Milwaukee Bucks,17,MIL,Wisconsin,East,Central,44,38,0.537,106.5,106.8,-0.45,DJ Wilson,PF,21,2135040,2232555,22,0,3.2,0.4,0.7,0.563,0.1,0.2,0.4,0.3,0.5,0.636,0.625,0,0.1,0.5,0.1,0.4,0.5,0.1,0.1,0,0.2,0.3,1,71,10.3,0.622,0.313,0.125,3.3,13.2,8.3,6.1,2.1,1.2,19.2,13.3,0,0.1,0.1,0.054,-2.9,-1.2,-4.1,0
2017/2018,99093000,100892064.5,815615,Los Angeles Clippers,13,LAC,California,West,Pacific,42,40,0.512,109,109,0.15,Jamil Wilson,SF,27,77250,80778,15,10,18.3,2.5,5.4,0.469,1.8,4.2,0.429,0.7,1.2,0.611,0.636,0.1,0.3,0.5,0.2,1.9,2.1,0.7,0.3,0.5,0.5,2.3,7,274,11.4,0.634,0.778,0.049,1.2,11.5,6.4,5.2,0.9,2.4,8.8,14.3,0.4,0.2,0.5,0.096,1.1,-1.1,0,0.1
2017/2018,99093000,100892064.5,815615,Miami Heat,16,MIA,Florida,East,Southeast,44,38,0.537,103.4,102.9,0.15,Justise Winslow,PF,21,2705040,2828589,68,25,24.7,3,7.2,0.424,0.7,1.9,0.38,2.3,5.3,0.44,0.474,1,1.5,0.635,0.9,4.5,5.4,2.2,0.8,0.5,1.1,2.1,7.8,1680,11.5,0.496,0.264,0.213,4.3,20.5,12.4,13,1.6,1.7,12.6,16.3,0.2,2.4,2.6,0.075,-2.7,1.7,-1,0.4
2017/2018,99093000,100892064.5,815615,Dallas Mavericks,7,DAL,Texas,West,Southwest,24,58,0.293,102.3,105.4,-2.7,Jeff Withey,C,27,593780,620900,9,0,4.3,0.7,1.8,0.375,0.2,1.1,0.2,0.4,0.7,0.667,0.438,0.1,0.2,0.5,0.1,1,1.1,0,0,0.3,0.2,0.3,1.7,39,8.3,0.444,0.625,0.125,2.8,26.6,14.2,0,0,6.8,10.6,22,-0.1,0.1,0,-0.054,-9.1,-3.7,-12.8,-0.1
2017/2018,99093000,100892064.5,815615,Utah Jazz,29,UTA,Utah,West,Northwest,48,34,0.585,104.1,99.8,4.47,Nate Wolters,PG,26,77250,80778,5,0,3.8,0.2,1.2,0.167,0,0,,0.2,1.2,0.167,0.167,0,0,,0.2,0.2,0.4,0.2,0,0,0,0.2,0.4,19,-2.9,0.167,0,0,6,5.9,6,7.1,0,0,0,14.2,-0.1,0,-0.1,-0.137,-10.3,-2.1,-12.4,0
2017/2018,99093000,100892064.5,815615,#N/A,#N/A,TOT,#N/A,#N/A,#N/A,#N/A,#N/A,#N/A,#N/A,#N/A,#N/A,Brandan Wright,PF,30,5955760,6227780,28,1,13.6,2.1,3.6,0.578,0,0,,2.1,3.6,0.578,0.578,0.8,1.2,0.636,1.2,2.2,3.4,0.5,0.5,0.9,0.3,1.1,5,381,19,0.596,0,0.324,9.8,19.3,14.4,5.6,1.7,6.4,6.4,14.7,0.8,0.5,1.3,0.163,-1.3,2.2,0.9,0.3
2017/2018,99093000,100892064.5,815615,Memphis Grizzlies,15,MEM,Tennessee,West,Southwest,22,60,0.268,99.3,105.5,-5.81,Brandan Wright,PF,30,5955760,6227780,27,1,13.6,2.1,3.7,0.576,0,0,,2.1,3.7,0.576,0.576,0.8,1.2,0.636,1.2,2.3,3.4,0.5,0.5,0.9,0.3,1.1,5,366,19.3,0.595,0,0.333,9.9,19.7,14.7,5.8,1.8,6.4,6.6,14.9,0.8,0.5,1.2,0.163,-1.2,2.3,1.1,0.3
2017/2018,99093000,100892064.5,815615,Houston Rockets,11,HOU,Texas,West,Southwest,65,17,0.793,112.4,103.9,8.21,Brandan Wright,PF,30,5955760,6227780,1,0,15,2,3,0.667,0,0,,2,3,0.667,0.667,0,0,,1,1,2,0,0,1,0,3,4,15,11.3,0.667,0,0,7.6,7.5,7.5,0,0,5.7,0,8.8,0,0,0,0.157,-2.6,-0.6,-3.2,0
2017/2018,99093000,100892064.5,815615,Toronto Raptors,28,TOR,Ontario,East,Atlantic,59,23,0.72,111.7,103.9,7.29,Delon Wright,PG,25,1645200,1720342,69,4,20.8,2.9,6.3,0.465,0.8,2.2,0.366,2.1,4,0.52,0.53,1.4,1.7,0.829,0.7,2.2,2.9,2.9,1,0.5,1.1,1.2,8,1433,16.5,0.574,0.354,0.271,3.6,11.7,7.7,19.6,2.5,1.8,13.9,17.2,2.5,2.1,4.5,0.152,1.2,1.6,2.8,1.7
2017/2018,99093000,100892064.5,815615,Boston Celtics,2,BOS,Massachusetts,East,Atlantic,55,27,0.671,104,100.4,3.23,Guerschon Yabusele,PF,22,2247480,2350130,33,4,7.1,0.8,1.8,0.426,0.4,1.1,0.324,0.4,0.7,0.583,0.525,0.5,0.7,0.682,0.5,1.1,1.6,0.5,0.1,0.2,0.4,0.7,2.4,235,12.3,0.559,0.607,0.361,8,16.1,12.1,10,0.9,1.8,14.5,15.7,0.3,0.3,0.6,0.122,-1,0.2,-0.7,0.1
2017/2018,99093000,100892064.5,815615,Philadelphia 76ers,23,PHI,Pennsylvania,East,Atlantic,52,30,0.634,109.8,105.3,4.3,James Young,SG,22,77250,80778,6,0,10.2,0.8,2.3,0.357,0.5,1.7,0.3,0.3,0.7,0.5,0.464,0.7,1,0.667,0,0.3,0.3,0.3,0,0,0.2,0.7,2.8,61,4.6,0.511,0.714,0.429,0,3.4,1.8,4.3,0,0,5.7,12.3,0,0,0.1,0.041,-3,-3.6,-6.6,-0.1
2017/2018,99093000,100892064.5,815615,Indiana Pacers,12,IND,Indiana,East,Central,48,34,0.585,105.6,104.2,1.18,Joseph Young,PG,25,1471382,1538585,53,1,10.5,1.5,3.5,0.43,0.5,1.2,0.379,1,2.3,0.458,0.497,0.4,0.5,0.759,0.2,1,1.2,0.7,0.3,0,0.5,0.7,3.9,558,10.1,0.521,0.355,0.156,2.4,10.3,6.4,9.9,1.3,0.2,11.6,18,0.1,0.4,0.5,0.043,-2.4,-2.3,-4.7,-0.4
2017/2018,99093000,100892064.5,815615,Golden State Warriors,10,GSW,California,West,Pacific,58,24,0.707,113.5,107.5,5.79,Nick Young,SG,32,5192000,5429137,80,8,17.4,2.5,6.1,0.412,1.5,4.1,0.377,1,2,0.481,0.538,0.7,0.8,0.862,0.3,1.3,1.6,0.5,0.5,0.1,0.5,1.3,7.3,1393,10,0.562,0.668,0.133,1.7,7.9,5,3.5,1.3,0.4,7,17.5,0.8,0.9,1.7,0.059,-0.2,-3.4,-3.6,-0.6
2017/2018,99093000,100892064.5,815615,Indiana Pacers,12,IND,Indiana,East,Central,48,34,0.585,105.6,104.2,1.18,Thaddeus Young,PF,29,12921348,13511513,81,81,32.2,5.2,10.7,0.487,0.7,2.2,0.32,4.5,8.4,0.531,0.521,0.7,1.1,0.598,2.3,4,6.3,1.9,1.7,0.4,1.3,2.2,11.8,2607,14.8,0.528,0.209,0.106,8,14.1,11.1,8.5,2.6,1.2,10.4,17.3,2.3,3.2,5.5,0.101,0.1,1.4,1.5,2.3
2017/2018,99093000,100892064.5,815615,Charlotte Hornets,4,CHO,North Carolina,East,Southeast,36,46,0.439,108.2,108,0.07,Cody Zeller,C,25,12584270,13159040,33,0,19,2.6,4.7,0.545,0.1,0.1,0.667,2.5,4.6,0.542,0.551,1.8,2.6,0.718,2,3.3,5.4,0.9,0.4,0.6,1,2.5,7.1,627,15.9,0.602,0.019,0.545,11.4,19.3,15.3,7.4,1.1,2.8,14.6,15.7,1.2,0.7,1.9,0.145,-0.6,1.3,0.7,0.4
2017/2018,99093000,100892064.5,815615,#N/A,#N/A,TOT,#N/A,#N/A,#N/A,#N/A,#N/A,#N/A,#N/A,#N/A,#N/A,Tyler Zeller,C,28,1709538,1787618,66,34,16.8,2.8,5.1,0.56,0.2,0.4,0.357,2.7,4.6,0.578,0.575,0.9,1.2,0.722,1.7,3,4.6,0.7,0.2,0.5,0.7,1.9,6.7,1109,16,0.598,0.084,0.237,11,19.4,15.2,6.7,0.7,2.5,11.3,16.4,2,0.9,2.9,0.126,-1.1,-0.5,-1.6,0.1
2017/2018,99093000,100892064.5,815615,Brooklyn Nets,3,BRK,New York,East,Atlantic,28,54,0.341,106.6,110.3,-3.67,Tyler Zeller,C,28,1709538,1787618,42,33,16.7,3,5.5,0.546,0.2,0.6,0.385,2.7,4.8,0.567,0.568,1,1.4,0.667,1.5,3.1,4.6,0.7,0.2,0.5,0.8,1.9,7.1,703,15.3,0.587,0.114,0.262,9.4,20,14.7,6.5,0.6,2.2,12.1,17.9,1,0.6,1.5,0.105,-1.9,-0.6,-2.5,-0.1
2017/2018,99093000,100892064.5,815615,Milwaukee Bucks,17,MIL,Wisconsin,East,Central,44,38,0.537,106.5,106.8,-0.45,Tyler Zeller,C,28,1709538,1787618,24,1,16.9,2.6,4.4,0.59,0,0.1,0,2.6,4.3,0.602,0.59,0.7,0.8,0.895,2,2.7,4.6,0.8,0.3,0.6,0.5,2,5.9,406,17.1,0.622,0.019,0.181,13.6,18.4,16,7,0.9,2.9,9.6,13.9,1.1,0.3,1.4,0.163,0.3,-0.4,-0.1,0.2
2017/2018,99093000,100892064.5,815615,Chicago Bulls,5,CHI,Illinois,East,Central,27,55,0.329,102.9,110,-6.84,Paul Zipser,SF,23,1312611,1372562,54,12,15.3,1.5,4.3,0.346,0.7,2,0.336,0.8,2.3,0.355,0.425,0.4,0.5,0.76,0.2,2.2,2.4,0.9,0.4,0.3,0.8,1.6,4,824,5.2,0.445,0.47,0.107,1.6,16,8.5,8,1.2,1.6,14.9,15.2,-1.1,0.6,-0.6,-0.034,-5.5,-0.3,-5.9,-0.8
2017/2018,99093000,100892064.5,815615,Cleveland Cavaliers,6,CLE,Ohio,East,Central,50,32,0.61,110.9,109.9,0.59,Ante Zizic,C,21,1645200,1720342,32,2,6.7,1.5,2.1,0.731,0,0,,1.5,2.1,0.731,0.731,0.7,0.9,0.724,0.8,1.1,1.9,0.2,0.1,0.4,0.3,0.9,3.7,214,24.2,0.746,0,0.433,12.8,18.6,15.7,3.8,0.5,5.2,12.1,18.8,0.9,0.2,1,0.231,1.3,-1.2,0.1,0.1
2017/2018,99093000,100892064.5,815615,Los Angeles Lakers,14,LAL,California,West,Pacific,35,47,0.427,108.1,109.6,-1.44,Ivica Zubac,C,20,1312611,1372562,43,0,9.5,1.4,2.8,0.5,0,0,0,1.4,2.8,0.504,0.5,0.9,1.2,0.765,1,1.8,2.9,0.6,0.2,0.3,0.6,1.1,3.7,410,15.3,0.557,0.008,0.418,11.8,20.1,16,8.8,0.9,3,15.3,17.6,0.5,0.5,1,0.118,-2.7,0.5,-2.2,0
2016/2017,94143000,98194497.56,543471,Oklahoma City Thunder,21,OKC,Oklahoma,West,Northwest,47,35,0.573,106.6,105.8,1.14,Alex Abrines,SG,23,5994764,6370963,68,6,15.5,2,5,0.393,1.4,3.6,0.381,0.6,1.4,0.426,0.531,0.6,0.7,0.898,0.3,1,1.3,0.6,0.5,0.1,0.5,1.7,6,1055,10.1,0.56,0.724,0.144,1.9,7.1,4.5,5.5,1.7,0.6,8.3,15.9,1.2,0.9,2.1,0.096,-0.3,-2.2,-2.5,-0.1
2016/2017,94143000,98194497.56,543471,#N/A,#N/A,TOT,#N/A,#N/A,#N/A,#N/A,#N/A,#N/A,#N/A,#N/A,#N/A,Quincy Acy,PF,26,2965505,3151603,38,1,14.7,1.8,4.5,0.412,1,2.4,0.411,0.9,2.1,0.413,0.521,1.2,1.6,0.75,0.5,2.5,3,0.5,0.4,0.4,0.6,1.8,5.8,558,11.8,0.565,0.529,0.353,3.9,18,11,4.9,1.2,2,9.7,16.8,0.5,0.5,0.9,0.082,-1.8,-1.2,-3,-0.1
2016/2017,94143000,98194497.56,543471,Dallas Mavericks,7,DAL,Texas,West,Southwest,33,49,0.402,97.9,100.8,-2.53,Quincy Acy,PF,26,2965505,3151603,6,0,8,0.8,2.8,0.294,0.2,1.2,0.143,0.7,1.7,0.4,0.324,0.3,0.5,0.667,0.3,1,1.3,0,0,0,0.3,1.5,2.2,48,-1.4,0.355,0.412,0.176,4.6,15.2,9.7,0,0,0,9.8,20,-0.2,0,-0.1,-0.133,-10.1,-6,-16.2,-0.2
2016/2017,94143000,98194497.56,543471,Brooklyn Nets,3,BRK,New York,East,Atlantic,20,62,0.244,105.8,112.5,-6.74,Quincy Acy,PF,26,2965505,3151603,32,1,15.9,2,4.8,0.425,1.1,2.6,0.434,0.9,2.2,0.414,0.542,1.3,1.8,0.754,0.6,2.8,3.3,0.6,0.4,0.5,0.6,1.8,6.5,510,13.1,0.587,0.542,0.373,3.8,18.2,11.1,5.4,1.3,2.2,9.6,16.5,0.6,0.5,1.1,0.102,-1.1,-0.7,-1.8,0
2016/2017,94143000,98194497.56,543471,Oklahoma City Thunder,21,OKC,Oklahoma,West,Northwest,47,35,0.573,106.6,105.8,1.14,Steven Adams,C,23,3140517,3337599,80,80,29.9,4.7,8.2,0.571,0,0,0,4.7,8.2,0.572,0.571,2,3.2,0.611,3.5,4.2,7.7,1.1,1.1,1,1.8,2.4,11.3,2389,16.5,0.589,0.002,0.392,13,15.4,14.2,5.4,1.8,2.6,16,16.2,3.3,3.1,6.5,0.13,-0.7,1.2,0.6,1.5
2016/2017,94143000,98194497.56,543471,Sacramento Kings,26,SAC,California,West,Pacific,32,50,0.39,102.8,106.7,-3.29,Arron Afflalo,SG,31,12500000,13284433,61,45,25.9,3,6.9,0.44,1,2.5,0.411,2,4.4,0.457,0.514,1.4,1.5,0.892,0.1,1.9,2,1.3,0.3,0.1,0.7,1.7,8.4,1580,8.9,0.559,0.36,0.221,0.7,8.4,4.6,7.4,0.7,0.3,8.4,14.4,1.2,0.2,1.4,0.043,-1.4,-2.1,-3.5,-0.6
2016/2017,94143000,98194497.56,543471,New Orleans Pelicans,19,NOP,Louisiana,West,Southwest,34,48,0.415,104.3,106.4,-1.69,Alexis Ajinca,C,28,4863206,5168394,39,15,15,2.3,4.6,0.5,0,0.1,0,2.3,4.5,0.511,0.5,0.7,1,0.725,1.2,3.4,4.5,0.3,0.5,0.6,0.8,2,5.3,584,12.9,0.529,0.022,0.225,8.3,23.8,16,3.1,1.7,3.1,13.7,17.2,0,0.9,1,0.08,-5.1,1,-4.1,-0.3
2016/2017,94143000,98194497.56,543471,Minnesota Timberwolves,18,MIN,Minnesota,West,Northwest,31,51,0.378,105.6,106.7,-0.64,Cole Aldrich,C,28,7643979,8123674,62,0,8.6,0.7,1.4,0.523,0,0,,0.7,1.4,0.523,0.523,0.2,0.4,0.682,0.8,1.7,2.5,0.4,0.4,0.4,0.3,1.4,1.7,531,12.7,0.549,0,0.256,11,23.9,17.4,6.4,2.4,3.7,15.1,9.4,0.6,0.7,1.3,0.116,-2,2.6,0.6,0.4
2016/2017,94143000,98194497.56,543471,San Antonio Spurs,27,SAS,Texas,West,Southwest,61,21,0.744,105.3,98.1,7.13,LaMarcus Aldridge,PF,31,20575005,21866182,72,72,32.4,6.9,14.6,0.477,0.3,0.8,0.411,6.6,13.8,0.48,0.488,3.1,3.8,0.812,2.4,4.9,7.3,1.9,0.6,1.2,1.4,2.2,17.3,2335,18.6,0.532,0.053,0.258,8.5,16.6,12.7,9.9,1,3,7.7,24.5,3.5,3.7,7.2,0.149,-0.3,1.3,1,1.8
2016/2017,94143000,98194497.56,543471,Indiana Pacers,12,IND,Indiana,East,Central,42,40,0.512,105.1,105.3,-0.64,Lavoy Allen,PF,27,3500000,3719641,61,5,14.3,1.3,2.8,0.458,0,0,0,1.3,2.7,0.461,0.458,0.4,0.5,0.697,1.7,1.9,3.6,0.9,0.3,0.4,0.5,1.3,2.9,871,11.6,0.485,0.006,0.196,13.7,14.5,14.1,9.1,1,2.4,13.7,10.9,0.9,0.8,1.7,0.093,-1.5,1.3,-0.3,0.4
2016/2017,94143000,98194497.56,543471,Memphis Grizzlies,15,MEM,Tennessee,West,Southwest,43,39,0.524,100.5,100,0.96,Tony Allen,SG,35,5000000,5313773,71,66,27,3.9,8.4,0.461,0.2,0.8,0.278,3.6,7.6,0.479,0.473,1.1,1.8,0.615,2.3,3.2,5.5,1.4,1.6,0.4,1.4,2.5,9.1,1914,13.3,0.493,0.091,0.218,9.6,13.8,11.7,8.4,3.1,1.4,13.3,17.9,0.2,2.9,3.1,0.077,-1.8,2.4,0.6,1.3
2016/2017,94143000,98194497.56,543471,Portland Trail Blazers,25,POR,Oregon,West,Northwest,41,41,0.5,107.9,108.5,-0.23,Al-Farouq Aminu,PF,26,7680965,8162981,61,25,29.1,3,7.6,0.393,1.1,3.5,0.33,1.9,4.2,0.445,0.468,1.6,2.2,0.706,1.3,6.1,7.4,1.6,1,0.7,1.5,1.7,8.7,1773,11.3,0.506,0.455,0.292,4.8,23.5,14.1,7.9,1.7,2,15.2,15.4,-0.1,2,1.9,0.051,-2.3,1.2,-1.1,0.4
2016/2017,94143000,98194497.56,543471,Cleveland Cavaliers,6,CLE,Ohio,East,Central,51,31,0.622,110.3,107.2,2.87,Chris Andersen,C,38,1551659,1649032,12,0,9.5,0.8,1.8,0.409,0,0.3,0,0.8,1.6,0.474,0.409,0.8,1.2,0.714,0.8,1.8,2.6,0.4,0.4,0.6,0.4,1.7,2.3,114,11.6,0.497,0.136,0.636,9,20.6,15,5.9,2.2,5,15.1,13,0.1,0.2,0.2,0.102,-3.8,3,-0.9,0
2016/2017,94143000,98194497.56,543471,Los Angeles Clippers,13,LAC,California,West,Pacific,51,31,0.622,108.7,104.4,4.42,Alan Anderson,SF,34,1315448,1397998,30,0,10.3,1,2.7,0.375,0.5,1.5,0.318,0.5,1.2,0.444,0.463,0.4,0.5,0.75,0.1,0.7,0.8,0.4,0.1,0,0.2,1.2,2.9,308,5,0.494,0.55,0.2,1.1,7.4,4.4,4.9,0.5,0,7.4,13.7,0,0.1,0.1,0.02,-2.6,-2.3,-4.9,-0.2
2016/2017,94143000,98194497.56,543471,#N/A,#N/A,TOT,#N/A,#N/A,#N/A,#N/A,#N/A,#N/A,#N/A,#N/A,#N/A,Justin Anderson,SF,23,1514160,1609180,75,10,16.4,2.5,5.9,0.424,0.8,2.6,0.299,1.7,3.3,0.522,0.49,1.4,1.7,0.791,0.9,2.3,3.3,0.9,0.5,0.3,0.9,1.5,7.1,1228,13.9,0.537,0.442,0.294,6.2,16.9,11.4,8.8,1.7,1.6,11.7,20.9,0.6,1.3,1.9,0.074,-1.2,-0.3,-1.6,0.1
2016/2017,94143000,98194497.56,543471,Dallas Mavericks,7,DAL,Texas,West,Southwest,33,49,0.402,97.9,100.8,-2.53,Justin Anderson,SF,23,1514160,1609180,51,2,13.9,2.2,5.4,0.401,0.7,2.4,0.303,1.5,3,0.477,0.468,1.4,1.7,0.795,0.8,2.2,2.9,0.6,0.5,0.3,0.8,1.3,6.5,710,14.7,0.521,0.44,0.318,6.1,18.9,12.2,7.6,2.1,2,11.2,23.6,0.1,0.9,1,0.067,-1.8,-0.1,-2,0
2016/2017,94143000,98194497.56,543471,Philadelphia 76ers,23,PHI,Pennsylvania,East,Atlantic,28,54,0.341,102.4,108.1,-5.83,Justin Anderson,SF,23,1514160,1609180,24,8,21.6,3.1,6.8,0.463,0.9,3,0.292,2.3,3.8,0.6,0.528,1.3,1.7,0.78,1.3,2.8,4,1.4,0.5,0.3,1.1,1.9,8.5,518,12.8,0.564,0.444,0.253,6.4,14.1,10.2,10.4,1.2,1.1,12.6,17.2,0.5,0.4,0.9,0.084,-0.4,-0.6,-1,0.1
2016/2017,94143000,98194497.56,543471,San Antonio Spurs,27,SAS,Texas,West,Southwest,61,21,0.744,105.3,98.1,7.13,Kyle Anderson,SF,23,1192080,1266888,72,14,14.2,1.3,2.9,0.445,0.2,0.6,0.375,1.1,2.3,0.462,0.481,0.6,0.8,0.789,0.5,2.4,2.9,1.3,0.7,0.4,0.5,0.9,3.4,1020,12.5,0.525,0.191,0.273,3.7,19,11.5,12.4,2.5,2.1,14.3,12.1,0.7,2,2.7,0.127,-2.1,3.7,1.6,0.9
2016/2017,94143000,98194497.56,543471,Houston Rockets,11,HOU,Texas,West,Southwest,55,27,0.671,115.3,109.6,5.84,Ryan Anderson,PF,28,18735364,19911095,72,72,29.4,4.5,10.7,0.418,2.8,7,0.403,1.7,3.7,0.446,0.55,1.8,2.1,0.86,1.6,3,4.6,0.9,0.4,0.2,0.8,2,13.6,2116,13.5,0.583,0.655,0.194,5.8,11.2,8.5,4.7,0.7,0.5,6.2,17.9,4,1.1,5.2,0.117,1.8,-2.6,-0.8,0.6
2016/2017,94143000,98194497.56,543471,Milwaukee Bucks,17,MIL,Wisconsin,East,Central,42,40,0.512,103.6,103.8,-0.45,Giannis Antetokounmpo,SF,22,2995420,3183396,80,80,35.6,8.2,15.7,0.521,0.6,2.3,0.272,7.6,13.5,0.563,0.541,5.9,7.7,0.77,1.8,7,8.8,5.4,1.6,1.9,2.9,3.1,22.9,2845,26.1,0.599,0.143,0.486,5.9,22.6,14.3,26.6,2.3,4.7,13.3,28.3,7.9,4.5,12.4,0.21,4.1,3.5,7.6,6.9
2016/2017,94143000,98194497.56,543471,New York Knicks,20,NYK,New York,East,Atlantic,31,51,0.378,104.3,108,-3.87,Carmelo Anthony,SF,32,24559380,26100595,74,74,34.3,8.1,18.8,0.433,2,5.7,0.359,6.1,13.1,0.466,0.488,4.1,4.9,0.833,0.8,5.1,5.9,2.9,0.8,0.5,2.1,2.7,22.4,2538,17.9,0.535,0.303,0.263,2.6,16,9.3,14.5,1.2,1.1,9,29.1,3.2,1.5,4.7,0.089,1.5,-2.2,-0.7,0.8
2016/2017,94143000,98194497.56,543471,San Antonio Spurs,27,SAS,Texas,West,Southwest,61,21,0.744,105.3,98.1,7.13,Joel Anthony,C,34,663810,705467,19,0,6.4,0.5,0.8,0.625,0,0,,0.5,0.8,0.625,0.625,0.3,0.4,0.625,0.4,1.2,1.6,0.2,0.1,0.3,0.2,0.6,1.3,122,11.6,0.64,0,0.5,7.6,20.9,14.4,3.4,0.8,4,17,8.7,0.1,0.2,0.4,0.141,-3.1,2.5,-0.6,0
2016/2017,94143000,98194497.56,543471,Houston Rockets,11,HOU,Texas,West,Southwest,55,27,0.671,115.3,109.6,5.84,Trevor Ariza,SF,31,7800000,8289486,80,80,34.7,4.1,10,0.409,2.4,6.9,0.344,1.7,3,0.556,0.528,1.2,1.6,0.738,0.7,5.1,5.7,2.2,1.8,0.3,0.9,1.7,11.7,2773,12.4,0.548,0.695,0.158,2.1,15.9,9,8.8,2.5,0.6,7.9,14.1,2.8,3.2,6,0.104,0.7,1,1.7,2.6
2016/2017,94143000,98194497.56,543471,Denver Nuggets,8,DEN,Colorado,West,Northwest,40,42,0.488,111.7,111.2,0.7,Darrell Arthur,PF,28,8070175,8576615,41,7,15.6,2.3,5.2,0.442,1.3,2.9,0.453,1,2.4,0.429,0.565,0.5,0.5,0.864,0.6,2.1,2.7,1,0.5,0.5,0.9,1.9,6.4,639,12.8,0.583,0.544,0.102,4.4,14.9,9.7,9.3,1.5,2.5,13.8,17.3,0.6,0.4,1.1,0.081,0.3,-0.6,-0.3,0.3
2016/2017,94143000,98194497.56,543471,New Orleans Pelicans,19,NOP,Louisiana,West,Southwest,34,48,0.415,104.3,106.4,-1.69,Omer Asik,C,30,9904494,10526047,31,19,15.5,1,2.1,0.477,0,0,,1,2.1,0.477,0.477,0.7,1.3,0.59,1.5,3.7,5.3,0.5,0.2,0.3,0.5,1.6,2.7,482,9.8,0.517,0,0.6,10.4,25.3,17.8,4.2,0.5,1.7,14.6,8.8,0.4,0.6,1,0.1,-4.3,1.2,-3.1,-0.1
2016/2017,94143000,98194497.56,543471,Orlando Magic,22,ORL,Florida,East,Southeast,29,53,0.354,101.1,107.6,-6.61,DJ Augustin,PG,29,7250000,7704971,78,20,19.7,2.5,6.6,0.377,1.2,3.5,0.347,1.3,3.1,0.412,0.469,1.7,2.1,0.814,0.2,1.3,1.5,2.7,0.4,0,1.2,1.3,7.9,1538,11,0.524,0.53,0.311,1,7.4,4.1,20.4,1,0.1,13.3,19.4,0.7,0.5,1.2,0.038,-0.9,-3.3,-4.2,-0.9
2016/2017,94143000,98194497.56,543471,Miami Heat,16,MIA,Florida,East,Southeast,41,41,0.5,103.2,102.1,0.77,Luke Babbitt,SF,27,1227286,1304303,68,55,15.7,1.7,4.1,0.402,1.3,3.1,0.414,0.4,1,0.366,0.557,0.2,0.2,0.733,0.2,1.9,2.1,0.5,0.3,0.2,0.4,1.7,4.8,1065,8.3,0.563,0.747,0.053,1.2,13.5,7.3,4.8,0.9,0.8,8,13,0.8,1,1.8,0.081,-1.1,-0.9,-1.9,0
2016/2017,94143000,98194497.56,543471,New York Knicks,20,NYK,New York,East,Atlantic,31,51,0.378,104.3,108,-3.87,Ron Baker,SG,23,543471,577576,52,13,16.5,1.6,4.2,0.378,0.4,1.7,0.267,1.1,2.5,0.45,0.431,0.5,0.8,0.651,0.2,1.7,1.9,2.1,0.7,0.2,1.1,1.4,4.1,857,7.5,0.456,0.396,0.198,1.5,10.8,6.2,17.3,2,0.8,19.2,14.8,-0.6,0.5,-0.1,-0.008,-3.5,-0.9,-4.4,-0.5
2016/2017,94143000,98194497.56,543471,Memphis Grizzlies,15,MEM,Tennessee,West,Southwest,43,39,0.524,100.5,100,0.96,Wade Baldwin,PG,20,1793760,1906326,33,1,12.3,1.1,3.5,0.313,0.1,0.7,0.136,1,2.8,0.355,0.326,0.9,1.1,0.838,0.3,1.1,1.4,1.8,0.5,0.2,1.2,1.2,3.2,405,6.5,0.404,0.191,0.322,3,10.2,6.5,22.8,2.3,1.7,22.9,19.1,-0.8,0.5,-0.3,-0.041,-6.2,0.5,-5.7,-0.4
2016/2017,94143000,98194497.56,543471,Phoenix Suns,24,PHO,Arizona,West,Pacific,24,58,0.293,107.7,113.3,-5.14,Leandro Barbosa,SG,34,4000000,4251018,67,0,14.4,2.6,5.9,0.439,0.5,1.5,0.357,2,4.4,0.466,0.483,0.6,0.7,0.889,0.2,1.3,1.6,1.2,0.5,0.1,0.7,1.2,6.3,963,11.5,0.509,0.25,0.115,1.6,10.3,5.9,13,1.5,0.7,10.4,20,0.3,0.4,0.6,0.031,-2,-2.1,-4.1,-0.5
2016/2017,94143000,98194497.56,543471,Dallas Mavericks,7,DAL,Texas,West,Southwest,33,49,0.402,97.9,100.8,-2.53,Jose Juan Barea,PG,32,4096950,4354052,35,6,22,4.1,9.8,0.414,1.5,4.2,0.358,2.5,5.6,0.456,0.491,1.3,1.5,0.863,0.3,2.1,2.4,5.5,0.4,0,1.8,0.9,10.9,771,17.2,0.521,0.431,0.149,1.3,11.9,6.3,44.2,0.9,0.1,14.7,26.2,0.8,0.5,1.3,0.08,2,-2.6,-0.5,0.3
2016/2017,94143000,98194497.56,543471,Dallas Mavericks,7,DAL,Texas,West,Southwest,33,49,0.402,97.9,100.8,-2.53,Harrison Barnes,PF,24,22116750,23504678,79,79,35.5,7.6,16.2,0.468,1,2.8,0.351,6.6,13.4,0.492,0.498,3.1,3.6,0.861,1.2,3.8,5,1.5,0.8,0.2,1.3,1.6,19.2,2803,16.3,0.541,0.173,0.22,3.7,13.1,8.2,7.7,1.2,0.5,6.8,25.3,2.5,2.1,4.6,0.078,-0.7,-1.2,-1.9,0.1
2016/2017,94143000,98194497.56,543471,#N/A,#N/A,TOT,#N/A,#N/A,#N/A,#N/A,#N/A,#N/A,#N/A,#N/A,#N/A,Matt Barnes,SF,36,6508351,6916780,74,18,24,2.5,6.4,0.391,1.2,3.6,0.331,1.3,2.8,0.467,0.483,0.9,1.2,0.787,0.9,4.2,5.2,2.6,0.6,0.4,1.4,2.5,7.1,1777,10.3,0.514,0.556,0.188,4.6,19.7,12.3,15.7,1.3,1.3,17.3,15.6,0.3,1.7,2,0.053,-1.2,0.6,-0.6,0.6
2016/2017,94143000,98194497.56,543471,Sacramento Kings,26,SAC,California,West,Pacific,32,50,0.39,102.8,106.7,-3.29,Matt Barnes,SF,36,6508351,6916780,54,13,25.3,2.7,7.1,0.384,1.3,3.9,0.327,1.4,3.2,0.453,0.474,0.9,1.2,0.758,1,4.4,5.4,2.8,0.7,0.3,1.5,2.6,7.6,1367,10.2,0.501,0.551,0.172,4.7,19.9,12.4,16.3,1.3,1.1,16.8,16.4,-0.1,1,1,0.034,-1.2,0.3,-1,0.4
2016/2017,94143000,98194497.56,543471,Golden State Warriors,10,GSW,California,West,Pacific,67,15,0.817,115.9,104.3,11.35,Matt Barnes,SF,36,6508351,6916780,20,5,20.5,1.9,4.5,0.422,0.9,2.6,0.346,1,1.9,0.526,0.522,1,1.2,0.87,0.8,3.8,4.6,2.3,0.6,0.5,1.2,2.4,5.7,410,10.7,0.569,0.578,0.256,4.3,19.1,12.2,13.7,1.4,1.7,19.3,13.1,0.3,0.6,1,0.115,-1,1.6,0.6,0.3
2016/2017,94143000,98194497.56,543471,Denver Nuggets,8,DEN,Colorado,West,Northwest,40,42,0.488,111.7,111.2,0.7,Will Barton,SG,26,3533333,3755066,60,19,28.4,4.9,11.1,0.443,1.5,3.9,0.37,3.5,7.2,0.483,0.508,2.4,3.2,0.753,1,3.4,4.3,3.4,0.8,0.5,1.6,1.8,13.7,1705,15.5,0.547,0.353,0.285,3.8,12.9,8.4,17.7,1.4,1.3,11.5,21.1,2.5,0.8,3.3,0.093,1.3,-1,0.3,1
2016/2017,94143000,98194497.56,543471,Los Angeles Clippers,13,LAC,California,West,Pacific,51,31,0.622,108.7,104.4,4.42,Brandon Bass,PF,31,1551659,1649032,52,0,11.1,2.1,3.6,0.575,0,0.1,0.333,2,3.5,0.579,0.578,1.5,1.7,0.875,0.8,1.7,2.5,0.4,0.3,0.2,0.6,0.9,5.6,577,19.7,0.65,0.016,0.473,8.6,16.2,12.5,5.7,1.2,1.6,11.4,19.7,1.6,0.6,2.2,0.186,0.1,-0.8,-0.7,0.2
2016/2017,94143000,98194497.56,543471,Charlotte Hornets,4,CHO,North Carolina,East,Southeast,36,46,0.439,104.9,104.7,-0.07,Nicolas Batum,SG,28,20869566,22179228,77,77,34,5.1,12.7,0.403,1.8,5.3,0.333,3.4,7.4,0.453,0.472,3.2,3.7,0.856,0.6,5.6,6.2,5.9,1.1,0.4,2.5,1.4,15.1,2617,15.8,0.529,0.415,0.291,1.9,18.4,10.1,27.7,1.6,1,15,22.3,1.7,2.8,4.6,0.084,0.7,0.6,1.2,2.1
2016/2017,94143000,98194497.56,543471,Philadelphia 76ers,23,PHI,Pennsylvania,East,Atlantic,28,54,0.341,102.4,108.1,-5.83,Jerryd Bayless,PG,28,9424084,10015489,3,1,23.7,3.7,10.7,0.344,0.7,1.7,0.4,3,9,0.333,0.375,3,3.3,0.9,1,3,4,4.3,0,0,3,1.3,11,71,8.7,0.453,0.156,0.313,4.6,14,9.3,29.4,0,0,19.8,27.7,-0.1,0,-0.1,-0.067,-5.2,-2.9,-8.2,-0.1
2016/2017,94143000,98194497.56,543471,Detroit Pistons,9,DET,Michigan,East,Central,37,45,0.451,101.3,102.5,-1.29,Aron Baynes,C,30,6500000,6907905,75,2,15.5,1.9,3.7,0.513,0,0,,1.9,3.7,0.513,0.513,1.1,1.3,0.84,1.5,3,4.4,0.4,0.2,0.5,0.7,2.2,4.9,1163,13.1,0.57,0,0.337,10,21.6,15.6,3.9,0.7,2.8,13.5,14.1,1.4,1.5,3,0.123,-2.9,1.1,-1.8,0.1
2016/2017,94143000,98194497.56,543471,Atlanta Hawks,1,ATL,Georgia,East,Southeast,43,39,0.524,103.2,104,-1.23,Kent Bazemore,SF,27,15730337,16717488,73,64,26.9,4,9.9,0.409,1.3,3.6,0.346,2.8,6.2,0.446,0.473,1.6,2.3,0.708,0.6,2.5,3.2,2.4,1.2,0.7,1.7,2.3,11,1963,11.5,0.504,0.369,0.233,2.6,10.3,6.5,14.2,2.3,2.3,13.6,20.5,-0.6,2.8,2.1,0.052,-2,1.2,-0.8,0.6
2016/2017,94143000,98194497.56,543471,Washington Wizards,30,WAS,Washington DC,East,Southeast,49,33,0.598,109.2,107.4,1.36,Bradley Beal,SG,23,22116750,23504678,77,77,34.9,8.3,17.2,0.482,2.9,7.2,0.404,5.4,10,0.538,0.566,3.7,4.4,0.825,0.7,2.4,3.1,3.5,1.1,0.3,2,2.2,23.1,2684,20.1,0.604,0.418,0.259,2.2,7.8,5,16.2,1.5,0.7,9.6,26.5,6.9,1.6,8.5,0.152,4.5,-2.3,2.2,2.8
2016/2017,94143000,98194497.56,543471,Denver Nuggets,8,DEN,Colorado,West,Northwest,40,42,0.488,111.7,111.2,0.7,Malik Beasley,SG,20,1627320,1729441,22,1,7.5,1.5,3.3,0.452,0.4,1.3,0.321,1.1,2,0.533,0.514,0.4,0.5,0.8,0.2,0.5,0.8,0.5,0.3,0,0.4,0.5,3.8,165,13.7,0.536,0.384,0.137,3.4,8,5.7,10.2,2.1,0,9.4,22,0.1,0.1,0.2,0.057,-0.5,-3.5,-3.9,-0.1
2016/2017,94143000,98194497.56,543471,Milwaukee Bucks,17,MIL,Wisconsin,East,Central,42,40,0.512,103.6,103.8,-0.45,Michael Beasley,PF,28,1403611,1491694,56,6,16.7,3.9,7.3,0.532,0.3,0.8,0.419,3.5,6.5,0.545,0.554,1.4,1.9,0.743,0.7,2.7,3.4,0.9,0.5,0.5,1.2,1.6,9.4,935,17.8,0.584,0.106,0.259,5,18.9,12,9.9,1.5,2.5,12.7,25.3,0.8,1,1.8,0.092,-1.7,-1.1,-2.9,-0.2
2016/2017,94143000,98194497.56,543471,Charlotte Hornets,4,CHO,North Carolina,East,Southeast,36,46,0.439,104.9,104.7,-0.07,Marco Belinelli,SG,30,6333333,6730779,74,0,24,3.6,8.3,0.429,1.4,3.8,0.36,2.2,4.5,0.488,0.512,2,2.3,0.893,0.2,2.2,2.4,2,0.6,0.1,0.9,1.2,10.5,1778,13.3,0.566,0.46,0.273,0.9,10.2,5.5,13.1,1.2,0.4,9.2,19.2,2,1.2,3.2,0.087,0.1,-2,-1.9,0.1
2016/2017,94143000,98194497.56,543471,Atlanta Hawks,1,ATL,Georgia,East,Southeast,43,39,0.524,103.2,104,-1.23,DeAndre Bembry,SF,22,1499760,1593876,38,1,9.8,1.2,2.6,0.48,0,0.5,0.056,1.2,2.1,0.575,0.485,0.2,0.4,0.375,0.4,1.2,1.6,0.7,0.2,0.1,0.4,0.6,2.7,371,8.8,0.481,0.184,0.163,4.2,13.1,8.7,11.5,1.1,1.2,13.2,14.2,-0.1,0.4,0.3,0.038,-4.4,0.1,-4.3,-0.2
2016/2017,94143000,98194497.56,543471,Phoenix Suns,24,PHO,Arizona,West,Pacific,24,58,0.293,107.7,113.3,-5.14,Dragan Bender,PF,19,4276320,4544678,43,0,13.3,1.3,3.7,0.354,0.7,2.3,0.277,0.7,1.4,0.483,0.441,0.1,0.3,0.364,0.5,1.9,2.4,0.5,0.2,0.5,0.7,1.7,3.4,574,5.3,0.44,0.627,0.068,4.2,15.6,9.7,5.5,0.8,3.1,16.2,14.4,-0.7,0.3,-0.3,-0.029,-4,-0.3,-4.3,-0.3
2016/2017,94143000,98194497.56,543471,Brooklyn Nets,3,BRK,New York,East,Atlantic,20,62,0.244,105.8,112.5,-6.74,Anthony Bennett,PF,23,1015696,1079435,23,1,11.5,1.7,4,0.413,0.6,2.1,0.271,1.1,1.9,0.568,0.484,1.1,1.6,0.722,1.1,2.3,3.4,0.5,0.2,0.1,0.5,0.8,5,264,14.7,0.533,0.522,0.391,10.2,21,15.6,7.1,0.9,0.9,10,19.4,0.3,0.2,0.5,0.09,-0.8,-2.2,-3,-0.1
2016/2017,94143000,98194497.56,543471,Dallas Mavericks,7,DAL,Texas,West,Southwest,33,49,0.402,97.9,100.8,-2.53,Ben Bentil,PF,21,281968,299662,3,0,3.3,0,1,0,0,0.3,0,0,0.7,0,0,0,0,,0,0.7,0.7,0,0,0,0.3,0.3,0,10,-17.6,0,0.333,0,0,24.4,11.6,0,0,0,25,18.9,-0.1,0,-0.1,-0.473,-22.4,-4.5,-26.9,-0.1
2016/2017,94143000,98194497.56,543471,San Antonio Spurs,27,SAS,Texas,West,Southwest,61,21,0.744,105.3,98.1,7.13,Davis Bertans,PF,24,543471,577576,67,6,12.1,1.5,3.5,0.44,1,2.6,0.399,0.5,0.9,0.557,0.588,0.4,0.5,0.824,0.3,1.1,1.5,0.7,0.3,0.4,0.5,1.1,4.5,808,12.9,0.609,0.739,0.145,3.2,10.4,6.9,8.3,1.3,2.8,11.4,15.7,1.1,1.2,2.3,0.135,1.2,0.6,1.8,0.8
2016/2017,94143000,98194497.56,543471,Houston Rockets,11,HOU,Texas,West,Southwest,55,27,0.671,115.3,109.6,5.84,Patrick Beverley,SG,28,6000000,6376527,67,67,30.7,3.4,8.1,0.42,1.6,4.3,0.382,1.8,3.8,0.463,0.521,1.1,1.4,0.768,1.4,4.4,5.9,4.2,1.5,0.4,1.5,3.3,9.5,2058,13,0.546,0.53,0.175,5,15.8,10.4,18.8,2.3,1,14.6,14.1,2.9,2.4,5.3,0.123,0.8,1.5,2.3,2.3
2016/2017,94143000,98194497.56,543471,Orlando Magic,22,ORL,Florida,East,Southeast,29,53,0.354,101.1,107.6,-6.61,Bismack Biyombo,C,24,17000000,18066829,81,27,22.1,2.2,4.2,0.528,0,0,,2.2,4.2,0.528,0.528,1.5,2.9,0.534,1.9,5.1,7,0.9,0.3,1.1,1.2,2.5,6,1793,12.2,0.546,0,0.69,9.3,25.6,17.2,6,0.7,4.1,17.7,13.2,0.8,2.1,2.9,0.077,-4.2,2,-2.2,-0.1
2016/2017,94143000,98194497.56,543471,Minnesota Timberwolves,18,MIN,Minnesota,West,Northwest,31,51,0.378,105.6,106.7,-0.64,Nemanja Bjelica,PF,28,3800000,4038467,65,1,18.3,2.3,5.5,0.424,0.9,2.7,0.316,1.5,2.8,0.531,0.503,0.7,0.9,0.738,0.9,2.9,3.8,1.2,0.6,0.3,0.9,2.4,6.2,1190,11,0.526,0.497,0.171,5.5,18.6,12,9.6,1.7,1.4,13.4,16.4,0.6,0.9,1.5,0.059,-0.7,-0.4,-1.1,0.3
2016/2017,94143000,98194497.56,543471,Los Angeles Lakers,14,LAL,California,West,Pacific,26,56,0.317,104.6,111.5,-6.29,Tarik Black,C,25,6191000,6579514,67,16,16.3,2.2,4.4,0.51,0,0,0.5,2.2,4.4,0.51,0.512,1.2,1.6,0.752,2.1,3,5.1,0.6,0.4,0.7,0.9,2.6,5.7,1091,15,0.56,0.007,0.371,13.9,20.7,17.2,5.3,1.3,3.3,14.5,15.7,1.5,0.8,2.4,0.105,-1.8,0.2,-1.6,0.1
2016/2017,94143000,98194497.56,543471,Phoenix Suns,24,PHO,Arizona,West,Pacific,24,58,0.293,107.7,113.3,-5.14,Eric Bledsoe,PG,27,14000000,14878565,66,66,33,6.8,15.7,0.434,1.6,4.7,0.335,5.2,11,0.477,0.485,5.9,6.9,0.847,0.8,4.1,4.8,6.3,1.4,0.5,3.4,2.5,21.1,2176,20.5,0.563,0.3,0.443,2.5,13.8,8,31.1,2,1.2,15.3,28.1,4,1.4,5.3,0.118,3.7,-0.4,3.3,2.9
2016/2017,94143000,98194497.56,543471,#N/A,#N/A,TOT,#N/A,#N/A,#N/A,#N/A,#N/A,#N/A,#N/A,#N/A,#N/A,Bojan Bogdanovic,SF,27,3573020,3797243,81,54,25.7,4.6,10.4,0.445,1.8,4.8,0.367,2.9,5.6,0.512,0.53,2.7,3,0.893,0.5,3,3.4,1.4,0.4,0.1,1.6,1.8,13.7,2083,13.5,0.585,0.464,0.288,1.9,12.3,7.2,8.7,0.8,0.3,12.1,22.4,2,0.9,2.9,0.067,-0.1,-2.8,-2.9,-0.5
2016/2017,94143000,98194497.56,543471,Brooklyn Nets,3,BRK,New York,East,Atlantic,20,62,0.244,105.8,112.5,-6.74,Bojan Bogdanovic,SF,27,3573020,3797243,55,54,26.9,4.9,11.1,0.44,1.8,5,0.357,3.1,6.1,0.509,0.521,2.7,3,0.874,0.4,3.2,3.6,1.6,0.4,0.1,1.7,1.8,14.2,1482,13,0.572,0.453,0.273,1.7,12.3,7,10.1,0.8,0.2,12,22.5,1,0.6,1.6,0.052,-0.4,-2.6,-3,-0.4
2016/2017,94143000,98194497.56,543471,Washington Wizards,30,WAS,Washington DC,East,Southeast,49,33,0.598,109.2,107.4,1.36,Bojan Bogdanovic,SF,27,3573020,3797243,26,0,23.1,4.1,9,0.457,1.7,4.4,0.391,2.4,4.6,0.521,0.553,2.7,2.9,0.934,0.5,2.5,3.1,0.8,0.4,0.2,1.5,1.8,12.7,601,14.7,0.617,0.491,0.325,2.6,12.3,7.5,5.2,0.8,0.6,12.4,22.2,0.9,0.3,1.3,0.103,0.6,-3.1,-2.6,-0.1
2016/2017,94143000,98194497.56,543471,#N/A,#N/A,TOT,#N/A,#N/A,#N/A,#N/A,#N/A,#N/A,#N/A,#N/A,#N/A,Andrew Bogut,C,32,11410378,12126432,27,21,21.6,1.4,3,0.469,0,0,0,1.4,3,0.475,0.469,0.1,0.4,0.273,2.1,6,8.1,1.8,0.5,0.9,1.6,3.2,2.9,583,9.3,0.46,0.012,0.136,10.6,33.9,21.7,12.3,1.2,3.9,33.4,10.4,-0.3,1,0.7,0.055,-5.6,5.3,-0.3,0.3
2016/2017,94143000,98194497.56,543471,Dallas Mavericks,7,DAL,Texas,West,Southwest,33,49,0.402,97.9,100.8,-2.53,Andrew Bogut,C,32,11410378,12126432,26,21,22.4,1.5,3.1,0.469,0,0,0,1.5,3.1,0.475,0.469,0.1,0.4,0.273,2.2,6.2,8.4,1.9,0.5,1,1.7,3.2,3,582,9.4,0.46,0.012,0.136,10.7,34,21.7,12.3,1.2,3.9,33.4,10.4,-0.3,1,0.7,0.055,-5.6,5.3,-0.3,0.3
2016/2017,94143000,98194497.56,543471,Cleveland Cavaliers,6,CLE,Ohio,East,Central,51,31,0.622,110.3,107.2,2.87,Andrew Bogut,C,32,11410378,12126432,1,0,1,0,0,,0,0,,0,0,,,0,0,,0,0,0,0,0,0,0,2,0,1,-35.3,,,,0,0,0,0,0,0,,0,0,0,0,0.02,-5.7,0,-5.7,0
2016/2017,94143000,98194497.56,543471,Utah Jazz,29,UTA,Utah,West,Northwest,51,31,0.622,100.7,96.8,4,Joel Bolomboy,PF,23,600000,637652,12,0,4.4,0.8,1.3,0.563,0.1,0.3,0.25,0.7,1,0.667,0.594,0.3,0.5,0.5,0.3,1.1,1.4,0.2,0.1,0.2,0.2,0.1,1.8,53,19.7,0.59,0.25,0.375,9,27.6,18.5,6.3,1,3.1,9.7,18.2,0.1,0.1,0.2,0.171,-1.3,0.5,-0.8,0
2016/2017,94143000,98194497.56,543471,Phoenix Suns,24,PHO,Arizona,West,Pacific,24,58,0.293,107.7,113.3,-5.14,Devin Booker,SG,20,2223600,2363141,78,78,35,7.8,18.3,0.423,1.9,5.2,0.363,5.9,13.2,0.447,0.475,4.7,5.7,0.832,0.6,2.6,3.2,3.4,0.9,0.3,3.1,3.1,22.1,2730,14.6,0.531,0.283,0.308,1.8,8.3,5,16.3,1.3,0.6,12.9,28.6,1.3,0.6,2,0.035,0.4,-2.7,-2.3,-0.2
2016/2017,94143000,98194497.56,543471,Brooklyn Nets,3,BRK,New York,East,Atlantic,20,62,0.244,105.8,112.5,-6.74,Trevor Booker,PF,29,9250000,9830480,71,43,24.7,4.3,8.3,0.516,0.4,1.1,0.321,3.9,7.2,0.546,0.537,1,1.5,0.673,2,6,8,1.9,1.1,0.4,1.8,2.1,10,1754,15.7,0.554,0.132,0.186,8.7,25.5,17.2,12.9,2,1.2,16.6,18.7,1,2.2,3.1,0.086,-1.6,1.7,0.1,0.9
2016/2017,94143000,98194497.56,543471,Boston Celtics,2,BOS,Massachusetts,East,Atlantic,53,29,0.646,108,105.4,2.25,Avery Bradley,SG,26,8269663,8788622,55,55,33.4,6.5,14.1,0.463,2,5,0.39,4.6,9.1,0.504,0.533,1.2,1.7,0.731,1.2,4.9,6.1,2.2,1.2,0.2,1.6,2.6,16.3,1835,14.4,0.548,0.357,0.12,4,16.2,10.1,11,1.8,0.5,9.7,21.9,1.1,2,3.1,0.081,-0.2,-0.4,-0.5,0.7
2016/2017,94143000,98194497.56,543471,#N/A,#N/A,TOT,#N/A,#N/A,#N/A,#N/A,#N/A,#N/A,#N/A,#N/A,#N/A,Corey Brewer,SF,30,7612172,8089871,82,11,15.6,1.8,4.2,0.422,0.3,1.4,0.229,1.5,2.8,0.522,0.461,0.6,0.8,0.735,0.4,1.6,2,1.2,0.7,0.2,0.7,1.6,4.5,1281,9.1,0.491,0.339,0.195,2.7,11.6,7.1,10.7,2.3,1.3,12.7,14.3,0,1.2,1.2,0.045,-2.9,0.2,-2.7,-0.2
2016/2017,94143000,98194497.56,543471,Houston Rockets,11,HOU,Texas,West,Southwest,55,27,0.671,115.3,109.6,5.84,Corey Brewer,SF,30,7612172,8089871,58,8,15.9,1.6,3.9,0.414,0.4,1.6,0.234,1.2,2.3,0.541,0.463,0.6,0.8,0.727,0.4,1.6,2,1.1,0.6,0.2,0.6,1.8,4.2,923,7.5,0.491,0.414,0.194,2.5,11,6.7,9,1.9,1.1,12.7,12.9,0,0.8,0.9,0.045,-3.1,0,-3.1,-0.3
2016/2017,94143000,98194497.56,543471,Los Angeles Lakers,14,LAL,California,West,Pacific,26,56,0.317,104.6,111.5,-6.29,Corey Brewer,SF,30,7612172,8089871,24,3,14.9,2.2,5,0.438,0.2,1,0.208,2,4,0.495,0.459,0.8,1,0.75,0.5,1.7,2.2,1.5,1,0.3,0.8,1.2,5.4,358,13.3,0.49,0.198,0.198,3.2,13,7.9,15,3.3,1.8,12.6,18,0,0.3,0.3,0.047,-2.4,0.7,-1.7,0
2016/2017,94143000,98194497.56,543471,Milwaukee Bucks,17,MIL,Wisconsin,East,Central,42,40,0.512,103.6,103.8,-0.45,Malcolm Brogdon,SG,24,875000,929910,75,28,26.4,3.9,8.5,0.457,1,2.6,0.404,2.8,5.9,0.48,0.518,1.5,1.7,0.865,0.6,2.2,2.8,4.2,1.1,0.2,1.5,1.9,10.2,1982,14.9,0.555,0.304,0.198,2.8,9.6,6.3,24.3,2.2,0.5,14.1,18.5,2.6,1.5,4.1,0.1,0.6,-1.1,-0.5,0.8
2016/2017,94143000,98194497.56,543471,Indiana Pacers,12,IND,Indiana,East,Central,42,40,0.512,105.1,105.3,-0.64,Aaron Brooks,PG,32,2700000,2869437,65,0,13.8,1.9,4.6,0.403,0.7,2,0.375,1.1,2.6,0.424,0.483,0.5,0.6,0.8,0.3,0.8,1.1,1.9,0.4,0.1,1,1.4,5,894,9.5,0.507,0.427,0.133,2.3,6.3,4.3,20.7,1.4,0.9,17.2,19.2,-0.2,0.5,0.3,0.016,-2.1,-2.5,-4.6,-0.6
2016/2017,94143000,98194497.56,543471,#N/A,#N/A,TOT,#N/A,#N/A,#N/A,#N/A,#N/A,#N/A,#N/A,#N/A,#N/A,Anthony Brown,SF,24,1023838,1088087,11,0,14.5,1.6,4.5,0.36,0.6,2.5,0.259,1,2.1,0.478,0.43,0,0,,0.7,2.3,3,0.7,0.5,0.1,0.5,1.4,3.9,159,7.2,0.43,0.54,0,5.3,16.9,11,7.6,1.5,0.5,10.7,15.6,-0.2,0.2,0,0.001,-3.8,-0.2,-4,-0.1
2016/2017,94143000,98194497.56,543471,New Orleans Pelicans,19,NOP,Louisiana,West,Southwest,34,48,0.415,104.3,106.4,-1.69,Anthony Brown,SF,24,1023838,1088087,9,0,15.9,1.6,4.6,0.341,0.7,2.7,0.25,0.9,1.9,0.471,0.415,0,0,,0.7,2.2,2.9,0.7,0.6,0.1,0.6,1.4,3.8,143,5.9,0.415,0.585,0,4.4,14.8,9.6,5.9,1.7,0.6,10.9,14.2,-0.2,0.2,0,-0.007,-4.3,0,-4.3,-0.1
2016/2017,94143000,98194497.56,543471,Orlando Magic,22,ORL,Florida,East,Southeast,29,53,0.354,101.1,107.6,-6.61,Anthony Brown,SF,24,1023838,1088087,2,0,8,2,4.5,0.444,0.5,1.5,0.333,1.5,3,0.5,0.5,0,0,,1,2.5,3.5,1,0,0,0.5,1,4.5,16,18.5,0.5,0.333,0,13.2,35,23.8,23,0,0,10,27.5,0,0,0,0.076,0.9,-1.8,-0.8,0
2016/2017,94143000,98194497.56,543471,Houston Rockets,11,HOU,Texas,West,Southwest,55,27,0.671,115.3,109.6,5.84,Bobby Brown,PG,32,940070,999063,25,0,4.9,0.9,2.4,0.383,0.6,1.4,0.4,0.4,1,0.36,0.5,0.1,0.1,1,0,0.2,0.2,0.6,0,0,0.2,0.2,2.5,123,10.8,0.509,0.583,0.033,0,5.3,2.7,17.6,0.4,0,7.6,22.7,0.1,0,0.1,0.04,-1.5,-6.1,-7.6,-0.2
2016/2017,94143000,98194497.56,543471,Boston Celtics,2,BOS,Massachusetts,East,Atlantic,53,29,0.646,108,105.4,2.25,Jaylen Brown,SF,20,4743000,5040645,78,20,17.2,2.5,5.4,0.454,0.6,1.7,0.341,1.9,3.7,0.507,0.508,1.1,1.6,0.685,0.6,2.2,2.8,0.8,0.4,0.2,0.9,1.8,6.6,1341,10.3,0.539,0.319,0.293,3.8,14.4,9.1,7.2,1.3,1.1,12.5,18.1,0.2,1.3,1.5,0.053,-3.1,-0.9,-4,-0.7
2016/2017,94143000,98194497.56,543471,Dallas Mavericks,7,DAL,Texas,West,Southwest,33,49,0.402,97.9,100.8,-2.53,Nicolas Brussino,SG,23,543471,577576,54,2,9.6,1,2.6,0.369,0.5,1.8,0.305,0.4,0.9,0.5,0.472,0.3,0.4,0.773,0.5,1.3,1.8,0.9,0.3,0.1,0.5,0.8,2.8,521,10.7,0.498,0.674,0.156,5.5,16.2,10.6,13.9,1.7,1.4,14.7,16,0,0.6,0.6,0.055,-1.7,0.7,-1,0.1
2016/2017,94143000,98194497.56,543471,Detroit Pistons,9,DET,Michigan,East,Central,37,45,0.451,101.3,102.5,-1.29,Reggie Bullock,SF,25,2255644,2397196,31,5,15.1,1.7,4.1,0.422,0.9,2.4,0.384,0.8,1.8,0.473,0.531,0.2,0.2,0.714,0.4,1.6,2.1,0.9,0.6,0.1,0.3,0.7,4.5,467,11.7,0.538,0.57,0.055,2.9,12.4,7.5,8.8,1.9,0.5,7.1,13.4,0.4,0.5,1,0.101,-0.4,0.5,0.1,0.2
2016/2017,94143000,98194497.56,543471,Washington Wizards,30,WAS,Washington DC,East,Southeast,49,33,0.598,109.2,107.4,1.36,Trey Burke,PG,24,3386597,3599121,57,0,12.3,2,4.5,0.455,0.5,1.2,0.443,1.5,3.2,0.459,0.516,0.4,0.5,0.759,0.1,0.7,0.8,1.8,0.2,0.1,0.8,0.9,5,703,10.8,0.532,0.275,0.114,1.1,6.4,3.8,20.7,0.8,0.6,15.2,19.6,0.3,0.3,0.5,0.036,-2.3,-3.4,-5.7,-0.7
2016/2017,94143000,98194497.56,543471,Utah Jazz,29,UTA,Utah,West,Northwest,51,31,0.622,100.7,96.8,4,Alec Burks,SG,25,9904495,10526048,42,0,15.5,2.4,5.9,0.399,0.6,1.8,0.329,1.8,4.1,0.43,0.45,1.4,1.9,0.769,0.4,2.5,2.9,0.7,0.4,0.1,0.8,1.2,6.7,653,11.6,0.501,0.306,0.315,3.1,17.7,10.6,7.5,1.4,0.6,11,22.7,-0.1,0.9,0.8,0.056,-3.3,-0.9,-4.2,-0.4
2016/2017,94143000,98194497.56,543471,Chicago Bulls,5,CHI,Illinois,East,Central,41,41,0.5,102.9,102.4,0.03,Jimmy Butler,SF,27,17552209,18653691,76,75,37,7.5,16.5,0.455,1.2,3.3,0.367,6.3,13.2,0.477,0.492,7.7,8.9,0.865,1.7,4.5,6.2,5.5,1.9,0.4,2.1,1.5,23.9,2809,25.1,0.586,0.198,0.54,4.9,13.2,9,24.8,2.6,0.9,9.3,26.5,10.1,3.8,13.8,0.236,5.8,1.1,6.9,6.3
2016/2017,94143000,98194497.56,543471,Toronto Raptors,28,TOR,Ontario,East,Atlantic,51,31,0.622,106.9,102.6,3.65,Bruno Caboclo,SF,21,1589640,1689397,9,0,4.4,0.7,1.8,0.375,0.2,0.7,0.333,0.4,1.1,0.4,0.438,0,0,,0.6,0.6,1.1,0.4,0.2,0.1,0.2,0.4,1.6,40,14.6,0.438,0.375,0,14.2,14.1,14.1,15.1,2.5,2.2,11.1,20.1,0,0.1,0.1,0.083,0.1,0.7,0.8,0
2016/2017,94143000,98194497.56,543471,#N/A,#N/A,TOT,#N/A,#N/A,#N/A,#N/A,#N/A,#N/A,#N/A,#N/A,#N/A,Jose Calderon,PG,35,7708427,8192165,41,13,13.1,1.3,3.3,0.41,0.5,1.6,0.313,0.9,1.7,0.5,0.485,0.3,0.3,0.917,0.4,1.4,1.8,2.1,0.3,0,1,0.9,3.4,539,8.9,0.506,0.478,0.09,3,12.2,7.5,23.3,1,0.2,22.7,14.4,0,0.3,0.3,0.023,-2.9,-1.8,-4.7,-0.4
2016/2017,94143000,98194497.56,543471,Los Angeles Lakers,14,LAL,California,West,Pacific,26,56,0.317,104.6,111.5,-6.29,Jose Calderon,PG,35,7708427,8192165,24,11,12.2,1.3,3.2,0.416,0.5,1.4,0.353,0.8,1.8,0.465,0.494,0.2,0.2,1,0.3,1.4,1.8,2.1,0.3,0,1.1,0.9,3.3,292,9.1,0.508,0.442,0.052,2.9,13.2,7.9,24.7,1.2,0.3,24.8,15.3,-0.1,0.1,0,0,-3,-2.1,-5.1,-0.2
2016/2017,94143000,98194497.56,543471,Atlanta Hawks,1,ATL,Georgia,East,Southeast,43,39,0.524,103.2,104,-1.23,Jose Calderon,PG,35,7708427,8192165,17,2,14.5,1.4,3.4,0.404,0.5,1.8,0.267,0.9,1.6,0.556,0.474,0.4,0.5,0.875,0.4,1.5,1.9,2.2,0.2,0,0.9,0.8,3.6,247,8.7,0.504,0.526,0.14,3.2,11,7.1,21.6,0.8,0,19.9,13.3,0.1,0.2,0.3,0.051,-2.8,-1.4,-4.2,-0.1
2016/2017,94143000,98194497.56,543471,Detroit Pistons,9,DET,Michigan,East,Central,37,45,0.451,101.3,102.5,-1.29,Kentavious Caldwell-Pope,SG,23,3678319,3909150,76,75,33.3,4.9,12.2,0.399,2,5.8,0.35,2.9,6.5,0.442,0.481,2,2.4,0.832,0.7,2.5,3.3,2.5,1.2,0.2,1.1,1.6,13.8,2529,12.8,0.519,0.471,0.199,2.3,8.7,5.3,11.2,1.8,0.4,7.9,19.2,2,2.5,4.5,0.086,0.9,0,0.9,1.8
2016/2017,94143000,98194497.56,543471,Chicago Bulls,5,CHI,Illinois,East,Central,41,41,0.5,102.9,102.4,0.03,Isaiah Canaan,SG,25,1015696,1079435,39,0,15.2,1.6,4.4,0.364,0.6,2.4,0.266,1,2,0.481,0.436,0.8,0.8,0.909,0.2,1.1,1.3,0.9,0.6,0,0.5,0.9,4.6,592,8.1,0.483,0.543,0.191,1.1,8.1,4.6,9,1.9,0.1,10.1,15.4,0,0.6,0.5,0.042,-2.3,-1.1,-3.4,-0.2
2016/2017,94143000,98194497.56,543471,Houston Rockets,11,HOU,Texas,West,Southwest,55,27,0.671,115.3,109.6,5.84,Clint Capela,C,22,1296240,1377585,65,59,23.9,5.6,8.7,0.643,0,0,,5.6,8.7,0.643,0.643,1.4,2.7,0.531,2.7,5.4,8.1,1,0.5,1.2,1.3,2.8,12.6,1551,21.4,0.638,0,0.314,12.5,24.5,18.5,6.7,1.1,4.1,12,19.9,3.8,2.1,5.9,0.184,0,0.9,0.9,1.1
2016/2017,94143000,98194497.56,543471,Toronto Raptors,28,TOR,Ontario,East,Atlantic,51,31,0.622,106.9,102.6,3.65,DeMarre Carroll,SF,30,14200000,15091116,72,72,26.1,3.1,7.6,0.4,1.5,4.4,0.341,1.5,3.2,0.483,0.499,1.2,1.6,0.761,0.9,2.9,3.8,1,1.1,0.4,0.8,2,8.9,1882,11.9,0.53,0.582,0.213,3.8,12.7,8.3,5.7,2.2,1.2,8.2,15.6,1.7,2.1,3.8,0.097,0.7,0.4,1,1.4
2016/2017,94143000,98194497.56,543471,Memphis Grizzlies,15,MEM,Tennessee,West,Southwest,43,39,0.524,100.5,100,0.96,Vince Carter,SF,40,4264057,4531646,73,15,24.6,2.6,6.7,0.394,1.5,4.1,0.378,1.1,2.7,0.418,0.508,1.2,1.6,0.765,0.5,2.6,3.1,1.8,0.8,0.5,0.7,2.2,8,1799,11.7,0.542,0.604,0.235,2.2,12.5,7.2,11.5,1.7,1.9,8.5,14.9,1.9,2.1,4,0.106,0.1,0.9,1,1.4
2016/2017,94143000,98194497.56,543471,Chicago Bulls,5,CHI,Illinois,East,Central,41,41,0.5,102.9,102.4,0.03,Michael Carter-Williams,PG,25,3183526,3383307,45,19,18.8,2.5,6.8,0.366,0.3,1.4,0.234,2.2,5.4,0.401,0.391,1.3,1.7,0.753,0.5,2.9,3.4,2.5,0.8,0.5,1.5,2.3,6.6,846,9.9,0.437,0.209,0.252,3,16.6,9.8,20,2.3,2.2,16.3,20.9,-1,1.3,0.2,0.013,-4.1,1.7,-2.4,-0.1
2016/2017,94143000,98194497.56,543471,#N/A,#N/A,TOT,#N/A,#N/A,#N/A,#N/A,#N/A,#N/A,#N/A,#N/A,#N/A,Omri Casspi,PF,28,3149524,3347171,36,2,17.9,2.1,4.6,0.47,0.4,1.2,0.349,1.7,3.4,0.512,0.515,0.5,0.8,0.586,0.8,2.4,3.1,1,0.6,0.1,0.8,1.4,5.2,643,10,0.526,0.262,0.177,4.9,15.2,10.1,8.6,1.8,0.4,14.1,14.4,0.1,0.4,0.5,0.038,-2.4,-0.6,-3,-0.2
2016/2017,94143000,98194497.56,543471,Sacramento Kings,26,SAC,California,West,Pacific,32,50,0.39,102.8,106.7,-3.29,Omri Casspi,PF,28,3149524,3347171,22,2,18,2.4,5.3,0.453,0.5,1.3,0.379,1.9,4,0.477,0.5,0.5,1,0.571,0.9,3.2,4.1,1.2,0.5,0,0.8,1,5.9,397,11.4,0.511,0.248,0.179,5.9,20.2,13.1,10.1,1.3,0.2,11.9,16.3,0.1,0.3,0.4,0.043,-2.5,-0.9,-3.4,-0.1
2016/2017,94143000,98194497.56,543471,New Orleans Pelicans,19,NOP,Louisiana,West,Southwest,34,48,0.415,104.3,106.4,-1.69,Omri Casspi,PF,28,3149524,3347171,1,0,24,5,9,0.556,2,4,0.5,3,5,0.6,0.667,0,0,,1,1,2,0,0,0,2,3,12,24,10,0.667,0.444,0,4.4,4.4,4.4,0,0,0,18.2,20.3,0,0,0,0.015,-2.5,-5.6,-8.1,0
2016/2017,94143000,98194497.56,543471,Minnesota Timberwolves,18,MIN,Minnesota,West,Northwest,31,51,0.378,105.6,106.7,-0.64,Omri Casspi,PF,28,3149524,3347171,13,0,17.1,1.5,2.9,0.5,0.2,0.8,0.2,1.3,2.2,0.607,0.526,0.4,0.6,0.625,0.5,1.1,1.5,0.8,1,0.2,0.8,1.8,3.5,222,7.5,0.542,0.263,0.211,3.1,7.5,5.3,6.8,3,0.8,19.4,10.3,0,0.2,0.1,0.032,-2.3,0.7,-1.6,0
2016/2017,94143000,98194497.56,543471,Sacramento Kings,26,SAC,California,West,Pacific,32,50,0.39,102.8,106.7,-3.29,Willie Cauley-Stein,C,23,3551160,3774011,75,21,18.9,3.4,6.4,0.53,0,0,0,3.4,6.4,0.532,0.53,1.3,2,0.669,1.1,3.4,4.5,1.1,0.7,0.6,0.9,2,8.1,1421,16.3,0.558,0.004,0.314,7,20.4,13.8,9.4,1.9,2.8,11.2,19.7,1.4,1.5,2.9,0.1,-2,0.8,-1.2,0.3
2016/2017,94143000,98194497.56,543471,Phoenix Suns,24,PHO,Arizona,West,Pacific,24,58,0.293,107.7,113.3,-5.14,Tyson Chandler,C,34,12415000,13194098,47,46,27.6,3.3,4.9,0.671,0,0,,3.3,4.9,0.671,0.671,1.9,2.6,0.734,3.3,8.2,11.5,0.6,0.7,0.5,1.4,2.7,8.4,1298,16.6,0.703,0,0.544,12.5,33.2,22.6,3.3,1.2,1.5,18.7,11.2,2.7,1.3,4.1,0.151,-0.7,0.3,-0.3,0.5
2016/2017,94143000,98194497.56,543471,Denver Nuggets,8,DEN,Colorado,West,Northwest,40,42,0.488,111.7,111.2,0.7,Wilson Chandler,SF,29,11233146,11938078,71,33,30.9,6.1,13.2,0.461,1.5,4.6,0.337,4.5,8.6,0.527,0.52,2,2.7,0.727,1.5,5,6.5,2,0.7,0.4,1.6,2.4,15.7,2197,14.9,0.545,0.347,0.207,5.2,17.8,11.6,9.8,1.1,1.1,10,22,2.4,1.1,3.5,0.077,0.5,-1.4,-0.9,0.6
2016/2017,94143000,98194497.56,543471,Phoenix Suns,24,PHO,Arizona,West,Pacific,24,58,0.293,107.7,113.3,-5.14,Marquese Chriss,PF,19,2941440,3126029,82,75,21.3,3.5,7.7,0.449,0.9,2.7,0.321,2.6,5,0.52,0.506,1.4,2.2,0.624,1.2,3.1,4.2,0.7,0.8,0.9,1.3,3.2,9.2,1743,12.3,0.529,0.354,0.286,5.8,16.1,10.8,5.2,1.8,3.2,13.2,19.7,0.3,1.5,1.8,0.05,-1.6,0,-1.6,0.2
2016/2017,94143000,98194497.56,543471,Indiana Pacers,12,IND,Indiana,East,Central,42,40,0.512,105.1,105.3,-0.64,Rakeem Christmas,PF,25,1052342,1118381,29,0,7.6,0.7,1.5,0.442,0,0,,0.7,1.5,0.442,0.442,0.7,1,0.724,0.9,1,1.9,0.1,0.1,0.2,0.3,1.3,2,219,10.4,0.529,0,0.674,13.5,15.2,14.4,2.5,0.7,2.4,12.5,13.1,0.3,0.2,0.5,0.099,-3,-1.2,-4.2,-0.1
2016/2017,94143000,98194497.56,543471,Oklahoma City Thunder,21,OKC,Oklahoma,West,Northwest,47,35,0.573,106.6,105.8,1.14,Semaj Christon,PG,24,543471,577576,64,1,15.2,1.2,3.5,0.345,0.2,1,0.19,1,2.5,0.406,0.372,0.3,0.5,0.548,0.3,1.1,1.4,2,0.4,0.1,0.7,1.2,2.9,973,5.7,0.387,0.283,0.139,2.2,7.8,4.9,18.1,1.4,0.6,15.4,12.2,-0.7,0.8,0.1,0.006,-5.1,-1.2,-6.3,-1.1
2016/2017,94143000,98194497.56,543471,Golden State Warriors,10,GSW,California,West,Pacific,67,15,0.817,115.9,104.3,11.35,Ian Clark,SG,25,1015696,1079435,77,0,14.8,2.7,5.6,0.487,0.8,2.1,0.374,1.9,3.5,0.556,0.558,0.6,0.8,0.759,0.3,1.3,1.6,1.2,0.5,0.1,0.7,1,6.8,1137,13.1,0.575,0.376,0.134,2.3,9,5.8,11.2,1.7,0.6,10.7,19.5,1,1.3,2.3,0.099,-0.6,-1.4,-2,0
2016/2017,94143000,98194497.56,543471,Los Angeles Lakers,14,LAL,California,West,Pacific,26,56,0.317,104.6,111.5,-6.29,Jordan Clarkson,SG,24,12500000,13284433,82,19,29.2,5.8,13.1,0.445,1.4,4.3,0.329,4.4,8.7,0.503,0.5,1.6,2,0.798,0.6,2.4,3,2.6,1.1,0.1,2,1.8,14.7,2397,13.2,0.526,0.332,0.157,2.2,9.3,5.6,14.4,1.8,0.3,12.5,23.3,0.5,0.7,1.2,0.024,-0.5,-2.3,-2.7,-0.4
2016/2017,94143000,98194497.56,543471,Oklahoma City Thunder,21,OKC,Oklahoma,West,Northwest,47,35,0.573,106.6,105.8,1.14,Norris Cole,PG,28,288131,306212,13,0,9.6,1.2,4,0.308,0.2,1,0.231,1,3,0.333,0.337,0.6,0.8,0.8,0,0.8,0.8,1.1,0.6,0,0.5,1.4,3.3,125,5.4,0.381,0.25,0.192,0,9.8,4.9,16.3,3.1,0,11,21.5,-0.2,0.2,-0.1,-0.033,-6.5,-1.7,-8.2,-0.2
2016/2017,94143000,98194497.56,543471,Sacramento Kings,26,SAC,California,West,Pacific,32,50,0.39,102.8,106.7,-3.29,Darren Collison,PG,29,5229454,5557626,68,64,30.3,5,10.5,0.476,1.1,2.6,0.417,3.9,7.9,0.495,0.527,2.2,2.5,0.86,0.3,1.9,2.2,4.6,1,0.1,1.7,1.8,13.2,2063,15.3,0.57,0.245,0.239,1.3,7.1,4.3,24.5,1.6,0.4,12.6,19.8,3.1,0.8,3.9,0.091,0.8,-2.3,-1.5,0.3
2016/2017,94143000,98194497.56,543471,Oklahoma City Thunder,21,OKC,Oklahoma,West,Northwest,47,35,0.573,106.6,105.8,1.14,Nick Collison,PF,36,3750000,3985329,20,0,6.4,0.7,1.2,0.609,0,0.1,0,0.7,1.1,0.636,0.609,0.3,0.4,0.625,0.5,1.1,1.6,0.6,0.1,0.1,0.2,0.9,1.7,128,12.9,0.622,0.043,0.348,7.8,19.1,13.4,13.2,0.8,1.2,13.1,10.1,0.3,0.1,0.4,0.145,-1.8,0,-1.8,0
2016/2017,94143000,98194497.56,543471,Memphis Grizzlies,15,MEM,Tennessee,West,Southwest,43,39,0.524,100.5,100,0.96,Mike Conley,PG,29,26540100,28205614,69,68,33.2,6.7,14.6,0.46,2.5,6.1,0.408,4.2,8.6,0.497,0.545,4.6,5.3,0.859,0.4,3,3.5,6.3,1.3,0.3,2.3,1.8,20.5,2292,23.2,0.604,0.415,0.365,1.5,10.8,6,34.5,2.1,0.8,11.8,26.3,7.5,2.5,10,0.209,6.5,-0.8,5.7,4.5
2016/2017,94143000,98194497.56,543471,Portland Trail Blazers,25,POR,Oregon,West,Northwest,41,41,0.5,107.9,108.5,-0.23,Pat Connaughton,SG,24,874636,929523,39,1,8.1,0.9,1.8,0.514,0.4,0.8,0.515,0.5,1,0.513,0.632,0.2,0.2,0.778,0.3,1.1,1.3,0.7,0.2,0.1,0.4,0.6,2.5,316,11.8,0.645,0.458,0.125,3.5,14.8,9.1,12.7,0.9,0.5,18.3,13,0.4,0.2,0.6,0.09,-0.9,-1.6,-2.5,0
2016/2017,94143000,98194497.56,543471,#N/A,#N/A,TOT,#N/A,#N/A,#N/A,#N/A,#N/A,#N/A,#N/A,#N/A,#N/A,Quinn Cook,PG,23,95904,101922,14,0,13.4,2.4,4.7,0.5,0.8,1.9,0.423,1.6,2.9,0.55,0.583,0.1,0.4,0.4,0.1,0.4,0.5,1.9,0.3,0,0.9,0.9,5.6,188,11.8,0.579,0.394,0.076,0.6,3.6,2,22.8,1.1,0,16,19.6,0.1,0.1,0.2,0.047,-1.7,-4.2,-5.9,-0.2
2016/2017,94143000,98194497.56,543471,Dallas Mavericks,7,DAL,Texas,West,Southwest,33,49,0.402,97.9,100.8,-2.53,Quinn Cook,PG,23,95904,101922,5,0,15.4,2.2,5,0.44,1,2.8,0.357,1.2,2.2,0.545,0.54,0,0.4,0,0,0.6,0.6,2.4,0.2,0,1.6,1.2,5.4,77,6.9,0.522,0.56,0.08,0,4.8,2.3,25.7,0.7,0,23.6,20.7,-0.1,0,-0.1,-0.046,-4.2,-4.5,-8.7,-0.1
2016/2017,94143000,98194497.56,543471,New Orleans Pelicans,19,NOP,Louisiana,West,Southwest,34,48,0.415,104.3,106.4,-1.69,Quinn Cook,PG,23,95904,101922,9,0,12.3,2.4,4.6,0.537,0.7,1.3,0.5,1.8,3.2,0.552,0.61,0.2,0.3,0.667,0.1,0.3,0.4,1.6,0.3,0,0.6,0.8,5.8,111,15.3,0.614,0.293,0.073,0.9,2.9,1.9,20.7,1.3,0,10.6,18.9,0.2,0.1,0.3,0.11,0,-4,-4,-0.1
2016/2017,94143000,98194497.56,543471,#N/A,#N/A,TOT,#N/A,#N/A,#N/A,#N/A,#N/A,#N/A,#N/A,#N/A,#N/A,DeMarcus Cousins,C,26,15756438,16745227,72,72,34.2,9,19.9,0.452,1.8,5,0.361,7.2,14.8,0.483,0.498,7.2,9.3,0.772,2.1,8.9,11,4.6,1.4,1.3,3.7,3.9,27,2465,25.8,0.562,0.253,0.468,7,29.2,18.2,25.8,2,3.4,13.5,36.5,3.9,3.8,7.6,0.149,3.9,2.6,6.6,5.3
2016/2017,94143000,98194497.56,543471,Sacramento Kings,26,SAC,California,West,Pacific,32,50,0.39,102.8,106.7,-3.29,DeMarcus Cousins,C,26,15756438,16745227,55,55,34.4,9.2,20.3,0.452,1.7,4.9,0.356,7.5,15.5,0.482,0.494,7.7,10,0.77,2.1,8.5,10.6,4.8,1.4,1.3,3.8,3.7,27.8,1891,26.5,0.562,0.239,0.491,7.1,28.3,17.8,27.4,2,3.6,13.2,37.5,3.4,2.6,6,0.153,4.5,2.6,7.1,4.3
2016/2017,94143000,98194497.56,543471,New Orleans Pelicans,19,NOP,Louisiana,West,Southwest,34,48,0.415,104.3,106.4,-1.69,DeMarcus Cousins,C,26,15756438,16745227,17,17,33.8,8.4,18.5,0.452,2.1,5.6,0.375,6.2,12.8,0.486,0.51,5.5,7.1,0.777,2.2,10.2,12.4,3.9,1.5,1.1,3.6,4.4,24.4,574,23.2,0.564,0.306,0.385,6.8,32.2,19.4,20.6,2.1,2.7,14.4,33.1,0.5,1.1,1.6,0.136,2,2.8,4.8,1
2016/2017,94143000,98194497.56,543471,Philadelphia 76ers,23,PHI,Pennsylvania,East,Atlantic,28,54,0.341,102.4,108.1,-5.83,Robert Covington,SF,26,1015696,1079435,67,67,31.6,4.4,10.9,0.399,2,6.1,0.333,2.3,4.8,0.484,0.492,2.1,2.6,0.822,1.4,5.1,6.5,1.5,1.9,1,2,3,12.9,2119,13.2,0.534,0.563,0.238,4.8,17.9,11.3,7.5,2.9,2.6,13.9,19.2,0,3.2,3.1,0.071,-0.7,2,1.4,1.8
2016/2017,94143000,98194497.56,543471,Portland Trail Blazers,25,POR,Oregon,West,Northwest,41,41,0.5,107.9,108.5,-0.23,Allen Crabbe,SG,24,18500000,19660961,79,7,28.5,3.8,8.2,0.468,1.7,3.8,0.444,2.1,4.4,0.49,0.572,1.3,1.6,0.847,0.2,2.6,2.9,1.2,0.7,0.3,0.8,2.2,10.7,2254,11.6,0.602,0.467,0.192,0.9,10.2,5.6,6.1,1.2,0.7,8.1,14.9,3.1,1,4.2,0.089,0.3,-1.3,-1,0.6
2016/2017,94143000,98194497.56,543471,Los Angeles Clippers,13,LAC,California,West,Pacific,51,31,0.622,108.7,104.4,4.42,Jamal Crawford,SG,36,13253012,14084700,82,1,26.3,4.4,10.6,0.413,1.4,3.9,0.36,3,6.7,0.443,0.479,2.1,2.5,0.857,0.2,1.4,1.6,2.6,0.7,0.2,1.6,1.4,12.3,2157,12,0.525,0.37,0.233,0.9,5.7,3.3,15.2,1.4,0.5,12.3,22.7,0.5,1.4,1.9,0.043,-1,-2.1,-3,-0.6
2016/2017,94143000,98194497.56,543471,New Orleans Pelicans,19,NOP,Louisiana,West,Southwest,34,48,0.415,104.3,106.4,-1.69,Jordan Crawford,SG,28,234920,249662,19,0,23.3,5.5,11.5,0.482,1.9,5,0.389,3.6,6.5,0.553,0.567,1.1,1.4,0.769,0.2,1.6,1.8,3,0.6,0.1,1.3,1.6,14.1,442,17.6,0.582,0.436,0.119,0.9,7.2,4.1,22.7,1.2,0.4,9.8,25.5,0.6,0.3,0.9,0.102,2.6,-3,-0.4,0.2
2016/2017,94143000,98194497.56,543471,Boston Celtics,2,BOS,Massachusetts,East,Atlantic,53,29,0.646,108,105.4,2.25,Jae Crowder,SF,26,6286408,6680909,72,72,32.4,4.6,10,0.463,2.2,5.5,0.398,2.4,4.5,0.54,0.572,2.4,3,0.811,0.7,5.1,5.8,2.2,1,0.3,1.1,2.2,13.9,2335,14.9,0.613,0.547,0.301,2.3,17.3,9.9,10.1,1.6,0.8,8.9,17,4.1,2.5,6.7,0.137,1.4,0.2,1.6,2.1
2016/2017,94143000,98194497.56,543471,New Orleans Pelicans,19,NOP,Louisiana,West,Southwest,34,48,0.415,104.3,106.4,-1.69,Dante Cunningham,PF,29,3000000,3188263,66,35,25,2.6,5.4,0.485,1.1,2.7,0.392,1.6,2.7,0.579,0.584,0.2,0.4,0.593,0.8,3.3,4.2,0.6,0.6,0.4,0.4,1.5,6.6,1649,10.2,0.586,0.504,0.075,3.6,14.2,8.9,3.2,1.2,1.4,7,10.7,1.4,1.6,3,0.088,-1.3,0.8,-0.5,0.6
2016/2017,94143000,98194497.56,543471,Dallas Mavericks,7,DAL,Texas,West,Southwest,33,49,0.402,97.9,100.8,-2.53,Seth Curry,PG,26,2898000,3079862,70,42,29,4.8,10,0.481,2,4.6,0.425,2.9,5.4,0.528,0.578,1.2,1.4,0.85,0.4,2.2,2.6,2.7,1.1,0.1,1.3,1.8,12.8,2029,15.5,0.601,0.458,0.142,1.4,9.3,5.1,16,2,0.3,11,19.5,2.9,1.7,4.6,0.11,1.8,-0.4,1.4,1.7
2016/2017,94143000,98194497.56,543471,Golden State Warriors,10,GSW,California,West,Pacific,67,15,0.817,115.9,104.3,11.35,Stephen Curry,PG,28,12112359,12872465,79,79,33.4,8.5,18.3,0.468,4.1,10,0.411,4.4,8.3,0.537,0.58,4.1,4.6,0.898,0.8,3.7,4.5,6.6,1.8,0.2,3,2.3,25.3,2638,24.6,0.624,0.547,0.251,2.7,11.4,7.3,31.2,2.6,0.5,13,30.1,8.7,3.9,12.6,0.229,7.8,-0.4,7.3,6.2
2016/2017,94143000,98194497.56,543471,Memphis Grizzlies,15,MEM,Tennessee,West,Southwest,43,39,0.524,100.5,100,0.96,Troy Daniels,SG,25,3332940,3542097,67,3,17.7,2.8,7.4,0.374,2.1,5.3,0.389,0.7,2.1,0.336,0.513,0.6,0.8,0.796,0.3,1.2,1.5,0.7,0.3,0.1,0.7,1.3,8.2,1183,10.4,0.531,0.717,0.109,2.1,7.8,4.8,6.6,0.9,0.3,8,21.7,0.5,0.8,1.3,0.051,0.4,-3.5,-3.1,-0.3
2016/2017,94143000,98194497.56,543471,New Orleans Pelicans,19,NOP,Louisiana,West,Southwest,34,48,0.415,104.3,106.4,-1.69,Anthony Davis,C,23,22116750,23504678,75,75,36.1,10.3,20.3,0.505,0.5,1.8,0.299,9.7,18.6,0.524,0.518,6.9,8.6,0.802,2.3,9.5,11.8,2.1,1.3,2.2,2.4,2.2,28,2708,27.5,0.58,0.088,0.424,6.7,27.9,17.2,11.1,1.7,5.1,9.1,32.6,5.9,5.1,11,0.195,1.4,2.3,3.7,3.9
2016/2017,94143000,98194497.56,543471,Memphis Grizzlies,15,MEM,Tennessee,West,Southwest,43,39,0.524,100.5,100,0.96,Deyonta Davis,C,20,1369229,1455154,36,0,6.6,0.7,1.3,0.511,0,0,,0.7,1.3,0.511,0.511,0.3,0.5,0.556,0.6,1.1,1.7,0.1,0.1,0.5,0.2,1.1,1.6,238,10.6,0.528,0,0.383,9.3,19.8,14.4,1.3,0.7,6.8,12.7,12,0.1,0.4,0.5,0.097,-5.4,1.8,-3.7,-0.1
2016/2017,94143000,98194497.56,543471,Portland Trail Blazers,25,POR,Oregon,West,Northwest,41,41,0.5,107.9,108.5,-0.23,Ed Davis,PF,27,6666667,7085031,46,12,17.2,1.6,3.1,0.528,0,0,,1.6,3.1,0.528,0.528,1.1,1.8,0.617,2.1,3.2,5.3,0.6,0.3,0.5,0.8,3,4.3,789,11.5,0.563,0,0.57,13.4,20.9,17.1,4.6,0.9,2.2,17.2,12,1,0.7,1.7,0.104,-2.2,0.1,-2.1,0
2016/2017,94143000,98194497.56,543471,San Antonio Spurs,27,SAS,Texas,West,Southwest,61,21,0.744,105.3,98.1,7.13,Dewayne Dedmon,C,27,2898000,3079862,76,37,17.5,2.1,3.4,0.622,0,0,,2.1,3.4,0.622,0.622,0.9,1.2,0.699,1.7,4.8,6.5,0.6,0.5,0.8,0.8,2.4,5.1,1330,16,0.645,0,0.359,11.2,30.6,21.1,4.8,1.4,3.7,16.9,12.3,2.3,3,5.2,0.189,-1.6,3.2,1.7,1.2
2016/2017,94143000,98194497.56,543471,Houston Rockets,11,HOU,Texas,West,Southwest,55,27,0.671,115.3,109.6,5.84,Sam Dekker,PF,22,1720560,1828533,77,2,18.4,2.6,5.6,0.473,0.8,2.4,0.321,1.9,3.1,0.591,0.543,0.5,0.9,0.559,1.2,2.5,3.7,1,0.5,0.3,0.5,1.1,6.5,1419,13.1,0.549,0.436,0.159,7.2,14.6,10.9,7.7,1.3,1.2,8.2,14.9,1.9,1.2,3.1,0.104,-0.4,-0.6,-1,0.3
2016/2017,94143000,98194497.56,543471,Atlanta Hawks,1,ATL,Georgia,East,Southeast,43,39,0.524,103.2,104,-1.23,Malcolm Delaney,PG,27,2500000,2656886,73,2,17.1,2,5.3,0.374,0.4,1.5,0.236,1.6,3.8,0.428,0.407,1,1.3,0.806,0.1,1.5,1.7,2.6,0.5,0,1.3,1.5,5.4,1248,7.5,0.456,0.284,0.24,0.9,9.8,5.4,23.1,1.5,0.1,18.1,18.3,-1.2,1.3,0.1,0.005,-4.6,-1.3,-5.9,-1.2
2016/2017,94143000,98194497.56,543471,Milwaukee Bucks,17,MIL,Wisconsin,East,Central,42,40,0.512,103.6,103.8,-0.45,Matthew Dellavedova,PG,26,9607500,10210415,76,54,26.1,2.7,7,0.39,1,2.8,0.367,1.7,4.2,0.404,0.463,1.1,1.3,0.854,0.3,1.6,1.9,4.7,0.7,0,1.8,2,7.6,1986,9.4,0.501,0.403,0.18,1.4,7.1,4.3,25.7,1.4,0,18.8,16.3,0.3,0.9,1.2,0.029,-1.9,-2.8,-4.7,-1.4
2016/2017,94143000,98194497.56,543471,Los Angeles Lakers,14,LAL,California,West,Pacific,26,56,0.317,104.6,111.5,-6.29,Luol Deng,SF,31,18000000,19129583,56,49,26.5,2.9,7.6,0.387,0.9,2.9,0.309,2,4.6,0.436,0.447,0.8,1.1,0.73,1.1,4.1,5.3,1.3,0.9,0.4,0.8,1.1,7.6,1486,10.1,0.47,0.389,0.149,4.5,17.7,10.8,7,1.6,1.1,8.7,14.2,0.1,0.8,0.9,0.029,-2.3,-0.2,-2.5,-0.2
2016/2017,94143000,98194497.56,543471,Toronto Raptors,28,TOR,Ontario,East,Atlantic,51,31,0.622,106.9,102.6,3.65,DeMar DeRozan,SG,27,26540100,28205614,74,74,35.4,9.7,20.9,0.467,0.4,1.7,0.266,9.3,19.2,0.484,0.477,7.4,8.7,0.842,0.9,4.3,5.2,3.9,1.1,0.2,2.4,1.8,27.3,2620,24,0.552,0.08,0.419,3,13.6,8.3,20.6,1.5,0.4,9,34.3,6.7,2.4,9,0.166,2.4,-1.5,0.9,1.9
2016/2017,94143000,98194497.56,543471,New Orleans Pelicans,19,NOP,Louisiana,West,Southwest,34,48,0.415,104.3,106.4,-1.69,Cheick Diallo,PF,20,543471,577576,17,0,11.7,2.1,4.5,0.474,0,0,,2.1,4.5,0.474,0.474,0.9,1.2,0.714,1.4,2.9,4.3,0.2,0.2,0.4,0.4,1,5.1,199,16.8,0.51,0,0.276,12.1,26.7,19.4,3.2,1,2.9,7.6,20.5,0.2,0.3,0.5,0.111,-4.6,-1,-5.6,-0.2
2016/2017,94143000,98194497.56,543471,Utah Jazz,29,UTA,Utah,West,Northwest,51,31,0.622,100.7,96.8,4,Boris Diaw,PF,34,7000000,7439282,73,33,17.6,2,4.5,0.446,0.3,1.1,0.247,1.7,3.4,0.512,0.477,0.4,0.5,0.743,0.6,1.5,2.2,2.3,0.2,0.1,1.2,1.1,4.6,1283,9,0.494,0.248,0.107,4.3,9.8,7.1,20.3,0.7,0.6,20.3,15.6,-0.1,1.2,1.1,0.041,-2.7,-0.2,-2.9,-0.3
2016/2017,94143000,98194497.56,543471,Minnesota Timberwolves,18,MIN,Minnesota,West,Northwest,31,51,0.378,105.6,106.7,-0.64,Gorgui Dieng,PF,27,2348782,2496178,82,82,32.4,4,8.1,0.502,0.2,0.5,0.372,3.9,7.5,0.511,0.514,1.7,2,0.814,2.3,5.6,7.9,1.9,1.1,1.2,1.3,3.1,10,2653,14.2,0.555,0.065,0.253,8.1,20.5,14.2,8.6,1.7,3.1,12.7,14,3.2,2.5,5.7,0.103,-0.5,2.2,1.8,2.5
2016/2017,94143000,98194497.56,543471,Brooklyn Nets,3,BRK,New York,East,Atlantic,20,62,0.244,105.8,112.5,-6.74,Spencer Dinwiddie,PG,23,726672,772274,59,18,22.6,2.3,5.1,0.444,0.6,1.7,0.376,1.6,3.4,0.478,0.507,2.1,2.7,0.792,0.5,2.3,2.8,3.1,0.7,0.4,1.1,2,7.3,1334,12.7,0.581,0.334,0.526,2.2,10.7,6.5,20.3,1.6,1.3,15.1,14.1,1.9,0.9,2.8,0.101,-0.7,-0.2,-0.9,0.4
2016/2017,94143000,98194497.56,543471,Memphis Grizzlies,15,MEM,Tennessee,West,Southwest,43,39,0.524,100.5,100,0.96,Toney Douglas,PG,30,564868,600316,24,0,16.4,1.8,4.9,0.368,0.3,1.8,0.167,1.5,3.1,0.48,0.397,1,1.2,0.828,0.5,2,2.5,2.3,0.8,0.2,0.9,2.1,4.9,394,10.6,0.451,0.359,0.248,3.7,14.3,8.9,22.2,2.4,1.2,13.9,17.4,0,0.5,0.5,0.059,-2.2,1,-1.2,0.1
2016/2017,94143000,98194497.56,543471,Miami Heat,16,MIA,Florida,East,Southeast,41,41,0.5,103.2,102.1,0.77,Goran Dragic,PG,30,15891725,16889004,73,73,33.7,7.3,15.4,0.475,1.6,4,0.405,5.7,11.4,0.499,0.527,4.1,5.2,0.79,0.8,3,3.8,5.8,1.2,0.2,2.9,2.7,20.3,2459,19.8,0.575,0.257,0.335,2.8,9.9,6.3,29,1.8,0.4,14.1,27.1,5,2.6,7.5,0.147,3.4,-0.7,2.7,2.9
2016/2017,94143000,98194497.56,543471,Detroit Pistons,9,DET,Michigan,East,Central,37,45,0.451,101.3,102.5,-1.29,Andre Drummond,C,23,22116750,23504678,81,81,29.7,6,11.2,0.53,0,0.1,0.286,5.9,11.2,0.532,0.531,1.7,4.4,0.386,4.3,9.5,13.8,1.1,1.5,1.1,1.9,2.9,13.6,2409,20.9,0.518,0.008,0.39,15.1,36.2,25.2,6,2.6,3.1,12.5,22.4,1.4,5.3,6.7,0.133,-2.1,2.9,0.9,1.8
2016/2017,94143000,98194497.56,543471,Phoenix Suns,24,PHO,Arizona,West,Pacific,24,58,0.293,107.7,113.3,-5.14,Jared Dudley,PF,31,10470000,11127041,64,7,21.3,2.5,5.4,0.454,1.2,3.2,0.379,1.3,2.2,0.559,0.565,0.7,1,0.662,0.5,3,3.5,1.9,0.7,0.3,1.1,2.4,6.8,1362,10.6,0.579,0.587,0.188,2.4,15.9,9,12.5,1.5,0.9,16.3,13.8,1.1,0.7,1.8,0.064,-0.1,-0.1,-0.3,0.6
2016/2017,94143000,98194497.56,543471,#N/A,#N/A,TOT,#N/A,#N/A,#N/A,#N/A,#N/A,#N/A,#N/A,#N/A,#N/A,Mike Dunleavy,SF,36,4837500,5141075,53,2,15.9,1.8,4.2,0.423,1,2.5,0.396,0.8,1.6,0.465,0.543,0.7,0.8,0.8,0.3,1.8,2.2,0.9,0.3,0.1,0.5,1.3,5.2,841,10.1,0.573,0.609,0.205,2.4,12.4,7.5,8.6,0.9,0.7,10.5,14,0.8,0.7,1.5,0.086,-1,-1.2,-2.2,0
2016/2017,94143000,98194497.56,543471,Cleveland Cavaliers,6,CLE,Ohio,East,Central,51,31,0.622,110.3,107.2,2.87,Mike Dunleavy,SF,36,4837500,5141075,23,2,15.9,1.6,3.9,0.4,0.9,2.5,0.351,0.7,1.4,0.485,0.511,0.6,0.8,0.737,0.2,1.8,2,0.9,0.3,0.1,0.6,1.4,4.6,366,7.6,0.539,0.633,0.211,1.6,12.3,7.1,7.5,0.8,0.4,12.5,13.7,0.1,0.2,0.3,0.041,-2.1,-1.7,-3.7,-0.2
2016/2017,94143000,98194497.56,543471,Atlanta Hawks,1,ATL,Georgia,East,Southeast,43,39,0.524,103.2,104,-1.23,Mike Dunleavy,SF,36,4837500,5141075,30,0,15.8,1.9,4.3,0.438,1.1,2.6,0.429,0.8,1.8,0.453,0.565,0.7,0.9,0.846,0.4,1.8,2.3,1,0.3,0.2,0.5,1.2,5.6,475,11.9,0.597,0.592,0.2,3.1,12.5,7.9,9.5,0.9,0.9,9,14.3,0.7,0.5,1.2,0.12,-0.2,-0.8,-1,0.1
2016/2017,94143000,98194497.56,543471,Minnesota Timberwolves,18,MIN,Minnesota,West,Northwest,31,51,0.378,105.6,106.7,-0.64,Kris Dunn,PG,22,3872520,4115538,78,7,17.1,1.5,4,0.377,0.3,0.9,0.288,1.2,3.1,0.404,0.411,0.5,0.8,0.61,0.3,1.8,2.1,2.4,1,0.5,1.1,2.3,3.8,1333,8.1,0.432,0.233,0.188,2.1,12.6,7.3,19.4,3,2.3,20.8,14.2,-1.2,1.3,0.1,0.004,-3.7,1.5,-2.2,-0.1
2016/2017,94143000,98194497.56,543471,Golden State Warriors,10,GSW,California,West,Pacific,67,15,0.817,115.9,104.3,11.35,Kevin Durant,PF,28,26540100,28205614,62,62,33.4,8.9,16.5,0.537,1.9,5,0.375,7,11.5,0.608,0.594,5.4,6.2,0.875,0.6,7.6,8.3,4.8,1.1,1.6,2.2,1.9,25.1,2070,27.6,0.651,0.304,0.374,2.2,23.6,13.6,23.1,1.5,3.8,10.4,27.8,8,4,12,0.278,5.4,2.6,8,5.2
2016/2017,94143000,98194497.56,543471,Phoenix Suns,24,PHO,Arizona,West,Pacific,24,58,0.293,107.7,113.3,-5.14,Jarell Eddie,SF,25,277898,295337,5,0,12.4,1.2,3.8,0.316,0.8,3.2,0.25,0.4,0.6,0.667,0.421,1.6,1.8,0.889,0.2,1.2,1.4,0,0.2,0,0.2,0.2,4.8,62,9.7,0.523,0.842,0.474,1.7,10.8,6.1,0,0.8,0,4.2,16.2,0.1,0,0.1,0.054,-1.5,-5.9,-7.3,-0.1
2016/2017,94143000,98194497.56,543471,Detroit Pistons,9,DET,Michigan,East,Central,37,45,0.451,101.3,102.5,-1.29,Henry Ellenson,PF,20,1704120,1811061,19,2,7.7,1.2,3.4,0.359,0.5,1.8,0.286,0.7,1.5,0.448,0.438,0.2,0.4,0.5,0.4,1.7,2.2,0.4,0.1,0.1,0.7,0.3,3.2,146,7.5,0.444,0.547,0.125,5.8,25.6,15.3,7.2,0.3,0.6,17.2,24.7,-0.4,0.2,-0.2,-0.071,-5.8,-2.4,-8.2,-0.2
2016/2017,94143000,98194497.56,543471,Miami Heat,16,MIA,Florida,East,Southeast,41,41,0.5,103.2,102.1,0.77,Wayne Ellington,SG,29,6000000,6376527,62,13,24.2,3.7,9,0.416,2.4,6.4,0.378,1.3,2.6,0.509,0.55,0.6,0.7,0.86,0.3,1.8,2.1,1.1,0.6,0.1,0.5,1.1,10.5,1500,12.6,0.565,0.71,0.077,1.3,8.5,4.9,7.1,1.2,0.2,5,17.9,2.1,1.2,3.3,0.105,1.8,-1.9,-0.2,0.7
2016/2017,94143000,98194497.56,543471,Indiana Pacers,12,IND,Indiana,East,Central,42,40,0.512,105.1,105.3,-0.64,Monta Ellis,SG,31,10763500,11438959,74,33,27,3.3,7.5,0.443,0.6,1.8,0.319,2.8,5.7,0.483,0.482,1.3,1.7,0.727,0.3,2.5,2.8,3.2,1.1,0.4,1.8,2,8.5,1998,9.9,0.514,0.242,0.23,1.1,10.3,5.7,17.2,2,1.2,18,16.8,-0.7,1.7,1.1,0.026,-2.5,0.2,-2.3,-0.2
2016/2017,94143000,98194497.56,543471,Philadelphia 76ers,23,PHI,Pennsylvania,East,Atlantic,28,54,0.341,102.4,108.1,-5.83,Joel Embiid,C,22,4826160,5129023,31,31,25.4,6.5,13.8,0.466,1.2,3.2,0.367,5.3,10.7,0.495,0.508,6.2,7.9,0.783,2,5.9,7.8,2.1,0.9,2.5,3.8,3.6,20.2,786,24.1,0.584,0.228,0.569,8.5,25.6,17,16,1.7,7.7,17.9,36,0.5,1.5,1.9,0.117,0,3.2,3.1,1
2016/2017,94143000,98194497.56,543471,Memphis Grizzlies,15,MEM,Tennessee,West,Southwest,43,39,0.524,100.5,100,0.96,James Ennis,SF,26,2898000,3079862,64,28,23.5,2.3,5,0.455,0.8,2.1,0.372,1.5,2.9,0.516,0.534,1.3,1.7,0.782,1.1,3,4,1,0.7,0.3,0.9,2.6,6.7,1501,10.6,0.581,0.427,0.343,5.1,14.9,9.9,6.5,1.6,1.2,13.8,13,1.4,1.7,3.1,0.101,-1,1,0,0.8
2016/2017,94143000,98194497.56,543471,#N/A,#N/A,TOT,#N/A,#N/A,#N/A,#N/A,#N/A,#N/A,#N/A,#N/A,#N/A,Tyler Ennis,PG,22,1733880,1842689,53,2,11.1,1.7,3.9,0.433,0.5,1.3,0.386,1.2,2.6,0.457,0.498,0.4,0.5,0.84,0.2,0.7,0.8,1.6,0.5,0,0.8,1.1,4.3,588,10.9,0.521,0.337,0.12,1.6,6.8,4.2,21.7,2.1,0.3,17,19.1,0.1,0.3,0.4,0.031,-2.2,-2.8,-4.9,-0.4
2016/2017,94143000,98194497.56,543471,Houston Rockets,11,HOU,Texas,West,Southwest,55,27,0.671,115.3,109.6,5.84,Tyler Ennis,PG,22,1733880,1842689,31,0,6.3,0.8,2.1,0.391,0.2,0.5,0.375,0.6,1.5,0.396,0.438,0.1,0.1,0.667,0.1,0.5,0.6,1.1,0.2,0,0.8,0.9,1.9,196,4,0.444,0.25,0.047,2.2,8.4,5.3,24.5,1.5,0,26.9,19.3,-0.4,0.1,-0.2,-0.061,-6.8,-2.7,-9.5,-0.4
2016/2017,94143000,98194497.56,543471,Los Angeles Lakers,14,LAL,California,West,Pacific,26,56,0.317,104.6,111.5,-6.29,Tyler Ennis,PG,22,1733880,1842689,22,2,17.8,3,6.5,0.451,1,2.5,0.389,2,4.1,0.489,0.524,0.9,1,0.864,0.2,1,1.2,2.4,0.9,0.1,1,1.3,7.7,392,14.3,0.553,0.375,0.153,1.3,6.1,3.6,20.3,2.4,0.4,12,19,0.5,0.1,0.6,0.077,0.1,-2.8,-2.7,-0.1
2016/2017,94143000,98194497.56,543471,#N/A,#N/A,TOT,#N/A,#N/A,#N/A,#N/A,#N/A,#N/A,#N/A,#N/A,#N/A,Tyreke Evans,SF,27,10203755,10844088,40,6,19.7,3.8,9.3,0.405,1.1,3,0.356,2.7,6.3,0.429,0.462,1.7,2.3,0.75,0.3,3.1,3.4,3.1,0.9,0.2,1.5,1.5,10.3,788,15.5,0.501,0.319,0.249,1.8,17.2,9.5,25.9,2.2,1,12.9,26.7,-0.2,0.9,0.7,0.045,-0.7,-0.1,-0.9,0.2
2016/2017,94143000,98194497.56,543471,New Orleans Pelicans,19,NOP,Louisiana,West,Southwest,34,48,0.415,104.3,106.4,-1.69,Tyreke Evans,SF,27,10203755,10844088,26,0,18.2,3.5,8.7,0.401,0.8,2.7,0.3,2.7,6,0.446,0.447,1.7,2.2,0.776,0.2,3.1,3.3,3.5,0.9,0.2,1.5,1.6,9.5,474,15.8,0.491,0.308,0.256,1.3,17.9,9.6,31.3,2.4,0.7,13.4,27.2,-0.1,0.7,0.5,0.053,-0.6,0.5,0,0.2
2016/2017,94143000,98194497.56,543471,Sacramento Kings,26,SAC,California,West,Pacific,32,50,0.39,102.8,106.7,-3.29,Tyreke Evans,SF,27,10203755,10844088,14,6,22.4,4.2,10.2,0.413,1.5,3.4,0.438,2.7,6.8,0.4,0.486,1.7,2.4,0.706,0.5,3.1,3.6,2.4,0.9,0.4,1.6,1.4,11.6,314,14.9,0.516,0.336,0.238,2.6,16,9.4,17.7,1.9,1.5,12.2,26,0,0.3,0.2,0.034,-1,-1.2,-2.2,0
2016/2017,94143000,98194497.56,543471,Utah Jazz,29,UTA,Utah,West,Northwest,51,31,0.622,100.7,96.8,4,Dante Exum,PG,21,3940320,4187593,66,26,18.6,2.3,5.5,0.427,0.7,2.3,0.295,1.7,3.2,0.519,0.488,0.9,1.1,0.795,0.5,1.5,2,1.7,0.3,0.2,1.2,2.2,6.2,1228,8.5,0.521,0.41,0.201,2.9,9.3,6.2,14.1,0.9,0.8,16.8,18.1,-0.1,1.3,1.2,0.046,-2,-0.5,-2.5,-0.1
2016/2017,94143000,98194497.56,543471,Denver Nuggets,8,DEN,Colorado,West,Northwest,40,42,0.488,111.7,111.2,0.7,Kenneth Faried,PF,27,12078652,12836643,61,34,21.2,3.7,6.8,0.548,0,0.1,0,3.7,6.7,0.556,0.548,2.1,3.1,0.693,3,4.6,7.6,0.9,0.7,0.7,1,2,9.6,1296,20.3,0.588,0.014,0.454,15.8,23.6,19.7,6.3,1.6,2.4,10.6,18.3,3.3,1.2,4.5,0.168,0.9,-0.1,0.8,0.9
2016/2017,94143000,98194497.56,543471,Sacramento Kings,26,SAC,California,West,Pacific,32,50,0.39,102.8,106.7,-3.29,Jordan Farmar,PG,30,82976,88183,2,0,17.5,2,6,0.333,2,4.5,0.444,0,1.5,0,0.5,0,0,,0.5,1,1.5,4.5,1,0,1.5,0.5,6,35,14.4,0.5,0.75,0,3.3,6.5,5,38.6,2.9,0,20,19.4,0,0,0,0.063,0.7,-3.7,-3,0
2016/2017,94143000,98194497.56,543471,Utah Jazz,29,UTA,Utah,West,Northwest,51,31,0.622,100.7,96.8,4,Derrick Favors,PF,25,11050000,11743438,50,39,23.7,4.1,8.3,0.487,0.1,0.2,0.3,4,8.1,0.491,0.49,1.3,2.2,0.615,1.8,4.3,6.1,1.1,0.9,0.8,1.2,2.1,9.5,1186,15.8,0.512,0.024,0.261,9.2,20.2,14.9,7.9,2,2.7,11.4,20.7,0.5,2.2,2.7,0.109,-2.4,2.3,-0.1,0.6
2016/2017,94143000,98194497.56,543471,Cleveland Cavaliers,6,CLE,Ohio,East,Central,51,31,0.622,110.3,107.2,2.87,Kay Felder,PG,21,543471,577576,42,0,9.2,1.5,3.8,0.392,0.2,0.5,0.318,1.3,3.2,0.404,0.415,0.8,1.2,0.714,0.1,0.9,1,1.4,0.4,0.2,0.7,0.9,4,386,11.4,0.462,0.139,0.31,0.9,10.5,5.9,22.7,2.3,1.5,14.3,24.2,-0.3,0.4,0.1,0.008,-4.8,-1.2,-6,-0.4
2016/2017,94143000,98194497.56,543471,Chicago Bulls,5,CHI,Illinois,East,Central,41,41,0.5,102.9,102.4,0.03,Cristiano Felicio,C,24,874636,929523,66,0,15.8,1.9,3.3,0.579,0,0,,1.9,3.3,0.579,0.579,0.9,1.4,0.645,1.9,2.8,4.7,0.6,0.4,0.3,0.5,1.7,4.8,1040,15.3,0.603,0,0.421,12.8,19.5,16.1,5.7,1.2,1.3,11.2,12.4,2.1,1.3,3.4,0.158,-0.6,0.6,0,0.5
2016/2017,94143000,98194497.56,543471,Los Angeles Clippers,13,LAC,California,West,Pacific,51,31,0.622,108.7,104.4,4.42,Raymond Felton,PG,32,1551659,1649032,80,11,21.3,2.8,6.4,0.43,0.6,1.8,0.319,2.2,4.6,0.473,0.475,0.6,0.8,0.781,0.4,2.3,2.7,2.4,0.8,0.3,1,1.6,6.7,1700,10.9,0.496,0.28,0.125,2.2,11.9,7.2,16.3,1.9,1.1,13.3,16.5,0.2,1.8,1.9,0.055,-1.8,0.8,-1,0.4
2016/2017,94143000,98194497.56,543471,#N/A,#N/A,TOT,#N/A,#N/A,#N/A,#N/A,#N/A,#N/A,#N/A,#N/A,#N/A,Yogi Ferrell,PG,23,409300,434985,46,29,26,3.5,8.6,0.406,1.5,3.8,0.386,2,4.7,0.422,0.492,1.6,1.9,0.831,0.4,2,2.4,3.7,0.9,0.2,1.5,2,10,1197,13.1,0.533,0.447,0.226,1.8,9.2,5.3,23.2,1.8,0.7,13.9,19.6,0.8,1,1.8,0.072,-0.1,-0.6,-0.7,0.4
2016/2017,94143000,98194497.56,543471,Brooklyn Nets,3,BRK,New York,East,Atlantic,20,62,0.244,105.8,112.5,-6.74,Yogi Ferrell,PG,23,409300,434985,10,0,15.1,1.8,4.9,0.367,0.8,2.7,0.296,1,2.2,0.455,0.449,1,1.6,0.625,0.4,0.8,1.2,1.7,0.2,0.2,1.4,1.1,5.4,151,6.5,0.482,0.551,0.327,2.8,5.5,4.2,16.9,0.6,1,20,19.9,-0.2,0,-0.2,-0.05,-4,-3.3,-7.3,-0.2
2016/2017,94143000,98194497.56,543471,Dallas Mavericks,7,DAL,Texas,West,Southwest,33,49,0.402,97.9,100.8,-2.53,Yogi Ferrell,PG,23,409300,434985,36,29,29.1,3.9,9.6,0.412,1.7,4.1,0.403,2.3,5.4,0.418,0.499,1.8,2,0.877,0.4,2.3,2.8,4.3,1.1,0.2,1.6,2.2,11.3,1046,14.1,0.541,0.432,0.212,1.7,9.7,5.5,24.1,2,0.6,12.9,19.5,1,0.9,2,0.09,0.5,-0.3,0.2,0.6
2016/2017,94143000,98194497.56,543471,Dallas Mavericks,7,DAL,Texas,West,Southwest,33,49,0.402,97.9,100.8,-2.53,Dorian Finney-Smith,PF,23,543471,577576,81,35,20.3,1.5,4.1,0.372,0.7,2.4,0.293,0.8,1.8,0.479,0.456,0.6,0.8,0.754,0.7,2.1,2.7,0.8,0.6,0.3,0.6,1.5,4.3,1642,7.7,0.486,0.574,0.183,3.7,12.4,7.9,6,1.6,1.4,11.1,11.6,-0.1,1.5,1.4,0.041,-2.8,1.3,-1.4,0.2
2016/2017,94143000,98194497.56,543471,San Antonio Spurs,27,SAS,Texas,West,Southwest,61,21,0.744,105.3,98.1,7.13,Bryn Forbes,SG,23,543471,577576,36,0,7.9,1,2.8,0.364,0.5,1.5,0.321,0.5,1.3,0.413,0.449,0.1,0.2,0.833,0.1,0.6,0.6,0.6,0,0,0.3,0.6,2.6,285,5.9,0.462,0.535,0.061,0.8,8.2,4.6,11.7,0.2,0,9.8,17.9,-0.2,0.2,0.1,0.014,-3.2,-2.8,-6,-0.3
2016/2017,94143000,98194497.56,543471,Orlando Magic,22,ORL,Florida,East,Southeast,29,53,0.354,101.1,107.6,-6.61,Evan Fournier,SG,24,17000000,18066829,68,66,32.9,6,13.7,0.439,1.9,5.3,0.356,4.1,8.4,0.491,0.508,3.3,4.1,0.805,0.6,2.4,3.1,3,1,0.1,2.1,2.6,17.2,2234,13.9,0.555,0.387,0.298,2.1,8.3,5.1,14.8,1.5,0.1,11.8,23.5,1.7,1.1,2.8,0.059,0.8,-2.2,-1.3,0.4
2016/2017,94143000,98194497.56,543471,Brooklyn Nets,3,BRK,New York,East,Atlantic,20,62,0.244,105.8,112.5,-6.74,Randy Foye,SG,33,2500000,2656886,69,40,18.6,1.7,4.7,0.363,1,2.9,0.33,0.7,1.8,0.418,0.466,0.8,0.9,0.857,0.1,2.1,2.2,2,0.5,0.1,1.2,1.4,5.2,1284,7.3,0.506,0.625,0.194,0.8,11.9,6.4,15.2,1.3,0.5,18.5,14.4,-0.6,0.7,0.2,0.006,-3,-1,-3.9,-0.6
2016/2017,94143000,98194497.56,543471,New Orleans Pelicans,19,NOP,Louisiana,West,Southwest,34,48,0.415,104.3,106.4,-1.69,Tim Frazier,PG,26,2090000,2221157,65,35,23.5,2.5,6.2,0.403,0.6,2,0.313,1.9,4.2,0.446,0.453,1.5,2,0.76,0.5,2.1,2.7,5.2,0.9,0.1,1.6,2,7.1,1525,12.4,0.504,0.317,0.319,2.3,9.7,6,31.4,1.8,0.3,18,16.3,1,1.4,2.4,0.075,-1.5,-0.7,-2.2,-0.1
2016/2017,94143000,98194497.56,543471,Cleveland Cavaliers,6,CLE,Ohio,East,Central,51,31,0.622,110.3,107.2,2.87,Channing Frye,C,33,7806971,8296894,74,15,18.9,3.2,7,0.458,1.9,4.5,0.409,1.4,2.5,0.546,0.589,0.9,1,0.851,0.5,3.4,3.9,0.6,0.4,0.5,0.7,1.9,9.1,1398,15.6,0.612,0.644,0.142,3,19.3,11.4,4.9,1.2,2.1,8.8,19.3,2.3,1.4,3.7,0.125,0.8,-1.5,-0.6,0.5
2016/2017,94143000,98194497.56,543471,Denver Nuggets,8,DEN,Colorado,West,Northwest,40,42,0.488,111.7,111.2,0.7,Danilo Gallinari,SF,28,15050000,15994457,63,63,33.9,5.3,11.9,0.447,2,5.1,0.389,3.3,6.8,0.491,0.531,5.5,6.1,0.902,0.6,4.5,5.2,2.1,0.6,0.2,1.3,1.5,18.2,2134,17.4,0.622,0.432,0.516,2,14.7,8.4,9.1,0.9,0.5,8.2,20,6.2,0.7,6.8,0.154,2.9,-2.1,0.8,1.5
2016/2017,94143000,98194497.56,543471,#N/A,#N/A,TOT,#N/A,#N/A,#N/A,#N/A,#N/A,#N/A,#N/A,#N/A,#N/A,Langston Galloway,PG,25,5200000,5526324,74,2,20.2,2.8,7.4,0.38,1.6,4.2,0.39,1.2,3.2,0.367,0.49,0.7,0.9,0.797,0.4,1.7,2.1,1.3,0.6,0.1,0.6,1.3,7.9,1495,10.4,0.51,0.565,0.117,2,9.3,5.6,9.4,1.5,0.3,7.4,18.4,0.2,1.1,1.3,0.04,-0.9,-1.7,-2.6,-0.2
2016/2017,94143000,98194497.56,543471,New Orleans Pelicans,19,NOP,Louisiana,West,Southwest,34,48,0.415,104.3,106.4,-1.69,Langston Galloway,PG,25,5200000,5526324,55,0,20.4,3,8,0.374,1.8,4.9,0.377,1.2,3.1,0.37,0.489,0.7,0.9,0.769,0.4,1.8,2.2,1.2,0.7,0.1,0.5,1.4,8.6,1120,11.2,0.508,0.608,0.118,1.9,9.6,5.7,8.8,1.7,0.4,5.7,19.5,0.2,1,1.2,0.052,-0.3,-1.4,-1.8,0.1
2016/2017,94143000,98194497.56,543471,Sacramento Kings,26,SAC,California,West,Pacific,32,50,0.39,102.8,106.7,-3.29,Langston Galloway,PG,25,5200000,5526324,19,2,19.7,2.2,5.5,0.404,1,2.1,0.475,1.2,3.4,0.359,0.495,0.6,0.6,0.917,0.4,1.5,1.8,1.5,0.3,0.1,0.9,1.1,6,375,8,0.522,0.385,0.115,2.2,8.5,5.4,11.2,0.8,0.2,14.1,15.4,0,0.1,0.1,0.007,-2.5,-2.4,-5,-0.3
2016/2017,94143000,98194497.56,543471,Orlando Magic,22,ORL,Florida,East,Southeast,29,53,0.354,101.1,107.6,-6.61,Patricio Garino,SG,23,131968,140249,5,0,8.6,0,1.4,0,0,1,0,0,0.4,0,0,0,0,,0.2,1.2,1.4,0,0,0,0.6,0.8,0,43,-9.2,0,0.714,0,2.5,15.6,8.9,0,0,0,30,10.2,-0.2,0,-0.2,-0.25,-14.1,-3.3,-17.3,-0.2
2016/2017,94143000,98194497.56,543471,Memphis Grizzlies,15,MEM,Tennessee,West,Southwest,43,39,0.524,100.5,100,0.96,Marc Gasol,C,32,21165675,22493919,74,74,34.2,7.2,15.7,0.459,1.4,3.6,0.388,5.8,12.1,0.48,0.503,3.8,4.5,0.837,0.8,5.5,6.3,4.6,0.9,1.3,2.2,2.3,19.5,2531,20.3,0.554,0.231,0.286,2.6,18.8,10.5,24.8,1.4,3.7,11.3,26.4,4.2,3.5,7.7,0.145,2.1,2.2,4.2,4
2016/2017,94143000,98194497.56,543471,San Antonio Spurs,27,SAS,Texas,West,Southwest,61,21,0.744,105.3,98.1,7.13,Pau Gasol,C,36,15500000,16472697,64,39,25.4,4.7,9.4,0.502,0.9,1.6,0.538,3.9,7.8,0.494,0.548,2,2.9,0.707,1.7,6.2,7.8,2.3,0.4,1.1,1.3,1.7,12.4,1627,20.2,0.578,0.172,0.305,7.6,26.8,17.4,14.7,0.8,3.5,10.6,21.3,3.3,3.1,6.4,0.19,0.9,2.8,3.7,2.4
2016/2017,94143000,98194497.56,543471,Sacramento Kings,26,SAC,California,West,Pacific,32,50,0.39,102.8,106.7,-3.29,Rudy Gay,SF,30,13333333,14170061,30,30,33.8,6.7,14.7,0.455,1.4,3.8,0.372,5.3,11,0.483,0.502,3.9,4.6,0.855,1.2,5.2,6.3,2.8,1.5,0.9,2.5,2.6,18.7,1013,17.9,0.559,0.256,0.312,4,17.5,10.8,14.1,2.2,2.3,12.8,25.8,0.8,1,1.8,0.087,0.3,0.4,0.7,0.7
2016/2017,94143000,98194497.56,543471,Detroit Pistons,9,DET,Michigan,East,Central,37,45,0.451,101.3,102.5,-1.29,Michael Gbinije,SG,24,650000,690790,9,0,3.6,0.1,1.1,0.1,0,0.4,0,0.1,0.7,0.167,0.1,0.2,0.2,1,0.2,0.1,0.3,0.2,0,0,0,0.2,0.4,32,-2.1,0.184,0.4,0.2,6.6,3.5,5.1,7.9,0,0,0,15,-0.1,0,-0.1,-0.136,-7.7,-2.8,-10.5,-0.1
2016/2017,94143000,98194497.56,543471,Denver Nuggets,8,DEN,Colorado,West,Northwest,40,42,0.488,111.7,111.2,0.7,Alonzo Gee,SF,29,2255408,2396944,13,0,6.8,0.2,1.1,0.214,0,0.2,0,0.2,0.8,0.273,0.214,0.4,0.7,0.556,0.3,0.8,1.2,0.5,0.4,0.1,0.3,1.1,0.8,89,3.1,0.306,0.214,0.643,5,13.5,9.3,8.2,2.7,0.9,18.2,10.5,-0.1,0.1,-0.1,-0.032,-5.6,1,-4.6,-0.1
2016/2017,94143000,98194497.56,543471,Indiana Pacers,12,IND,Indiana,East,Central,42,40,0.512,105.1,105.3,-0.64,Paul George,SF,26,18100000,19235859,75,75,35.9,8.3,18,0.461,2.6,6.6,0.393,5.7,11.4,0.501,0.534,4.5,5,0.898,0.8,5.8,6.6,3.3,1.6,0.4,2.9,2.7,23.7,2689,20.2,0.587,0.368,0.277,2.5,17.9,10.3,16.1,2.2,0.9,12.7,28.9,3.9,3.1,7.1,0.126,3.1,-0.3,2.8,3.2
2016/2017,94143000,98194497.56,543471,Orlando Magic,22,ORL,Florida,East,Southeast,29,53,0.354,101.1,107.6,-6.61,Marcus Georges-Hunt,SG,22,88936,94516,5,0,9.6,0.4,1.4,0.286,0.2,0.4,0.5,0.2,1,0.2,0.357,1.8,2,0.9,0.2,1.6,1.8,0.6,0.2,0,0.4,1,2.8,48,10.2,0.614,0.286,1.429,2.2,18.7,10.2,8.3,1,0,14.9,12.3,0.1,0,0.1,0.107,-3.4,-1.3,-4.7,0
2016/2017,94143000,98194497.56,543471,Dallas Mavericks,7,DAL,Texas,West,Southwest,33,49,0.402,97.9,100.8,-2.53,Jonathan Gibson,PG,29,671346,713476,17,0,13.6,2.1,5.6,0.368,0.9,2.6,0.333,1.2,2.9,0.4,0.447,1.2,1.7,0.724,0.1,1.2,1.3,1.5,0.5,0,1.2,1.2,6.2,231,9.5,0.492,0.474,0.305,0.5,11.1,5.5,18.8,1.8,0,16.3,26.3,-0.3,0.2,-0.1,-0.03,-3.3,-2.2,-5.5,-0.2
2016/2017,94143000,98194497.56,543471,#N/A,#N/A,TOT,#N/A,#N/A,#N/A,#N/A,#N/A,#N/A,#N/A,#N/A,#N/A,Taj Gibson,PF,31,8950000,9511654,78,71,25.5,4.7,9.1,0.515,0,0.2,0.231,4.6,8.9,0.52,0.517,1.4,2,0.715,2,4.2,6.2,0.9,0.5,0.8,1.3,2.1,10.8,1989,15,0.543,0.018,0.223,8.6,17.9,13.2,5.9,1,2.6,11.9,19.3,1.6,2.5,4,0.097,-2.4,0.3,-2.1,-0.1
2016/2017,94143000,98194497.56,543471,Chicago Bulls,5,CHI,Illinois,East,Central,41,41,0.5,102.9,102.4,0.03,Taj Gibson,PF,31,8950000,9511654,55,55,27.3,5,9.6,0.521,0,0.2,0.167,5,9.4,0.529,0.523,1.5,2.2,0.714,2.2,4.8,6.9,1.1,0.5,0.9,1.4,2.2,11.6,1502,15.4,0.549,0.023,0.225,8.5,19,13.7,6.5,0.9,2.6,11.7,19.2,1.4,1.9,3.3,0.104,-2,0.6,-1.3,0.3
2016/2017,94143000,98194497.56,543471,Oklahoma City Thunder,21,OKC,Oklahoma,West,Northwest,47,35,0.573,106.6,105.8,1.14,Taj Gibson,PF,31,8950000,9511654,23,16,21.2,3.9,7.8,0.497,0,0,1,3.8,7.7,0.494,0.5,1.2,1.7,0.718,1.7,2.8,4.5,0.6,0.6,0.7,1.2,1.7,9,487,13.8,0.528,0.006,0.218,8.6,14.8,11.7,4.2,1.4,2.5,12.5,19.5,0.2,0.6,0.8,0.076,-3.9,-0.7,-4.6,-0.3
2016/2017,94143000,98194497.56,543471,San Antonio Spurs,27,SAS,Texas,West,Southwest,61,21,0.744,105.3,98.1,7.13,Manu Ginobili,SG,39,14000000,14878565,69,0,18.7,2.5,6.4,0.39,1.3,3.3,0.392,1.2,3.1,0.387,0.491,1.2,1.6,0.804,0.4,1.9,2.3,2.7,1.2,0.2,1.4,1.7,7.5,1291,13.9,0.532,0.517,0.244,2.5,11.1,6.9,20.8,3.2,1,16.5,20.4,0.6,2.4,3,0.11,0.5,1.4,1.9,1.3
2016/2017,94143000,98194497.56,543471,Utah Jazz,29,UTA,Utah,West,Northwest,51,31,0.622,100.7,96.8,4,Rudy Gobert,C,24,2121287,2254407,81,81,33.9,5.1,7.7,0.661,0,0,0,5.1,7.7,0.662,0.661,3.8,5.9,0.653,3.9,8.9,12.8,1.2,0.6,2.6,1.8,3,14,2744,23.3,0.681,0.002,0.762,13.6,29.5,21.8,5.7,0.9,6.4,15,16.7,8.3,6,14.3,0.25,1.4,4.5,5.8,5.4
2016/2017,94143000,98194497.56,543471,#N/A,#N/A,TOT,#N/A,#N/A,#N/A,#N/A,#N/A,#N/A,#N/A,#N/A,#N/A,Archie Goodwin,SG,22,2350999,2498534,15,0,14.3,2.4,4.4,0.545,0.3,1,0.333,2.1,3.4,0.608,0.583,2.2,2.8,0.786,0.5,1.4,1.9,1.6,0.3,0.3,0.9,0.5,7.3,214,18.7,0.651,0.227,0.636,3.5,10.3,6.9,18.5,0.9,1.8,14.2,19.8,0.6,0.1,0.7,0.153,0.6,-1.7,-1.1,0
2016/2017,94143000,98194497.56,543471,New Orleans Pelicans,19,NOP,Louisiana,West,Southwest,34,48,0.415,104.3,106.4,-1.69,Archie Goodwin,SG,22,2350999,2498534,3,0,10,0.7,1.7,0.4,0.3,0.7,0.5,0.3,1,0.333,0.5,3.3,3.3,1,0,0,0,0.3,0,0.3,0,0.3,5,30,19.7,0.798,0.4,2,0,0,0,4.5,0,2.7,0,13.9,0.2,0,0.2,0.291,2.2,-3.7,-1.5,0
2016/2017,94143000,98194497.56,543471,Brooklyn Nets,3,BRK,New York,East,Atlantic,20,62,0.244,105.8,112.5,-6.74,Archie Goodwin,SG,22,2350999,2498534,12,0,15.3,2.8,5.1,0.557,0.3,1.1,0.308,2.5,4,0.625,0.59,1.9,2.7,0.719,0.6,1.8,2.3,1.9,0.3,0.3,1.2,0.6,7.9,184,18.6,0.633,0.213,0.525,4.1,11.9,8.1,20.8,1,1.6,15.7,20.7,0.4,0.1,0.5,0.131,0.3,-1.4,-1,0
2016/2017,94143000,98194497.56,543471,Orlando Magic,22,ORL,Florida,East,Southeast,29,53,0.354,101.1,107.6,-6.61,Aaron Gordon,SF,21,4351320,4624385,80,72,28.7,4.9,10.8,0.454,1,3.3,0.288,4,7.5,0.528,0.499,2,2.7,0.719,1.5,3.6,5.1,1.9,0.8,0.5,1.1,2.2,12.7,2298,14.5,0.53,0.309,0.251,5.3,14.1,9.6,10.5,1.4,1.4,8.5,20.1,2,1.7,3.7,0.077,-0.2,-0.4,-0.7,0.8
2016/2017,94143000,98194497.56,543471,Houston Rockets,11,HOU,Texas,West,Southwest,55,27,0.671,115.3,109.6,5.84,Eric Gordon,SG,28,12385665,13162923,75,15,31,5.5,13.5,0.406,3.3,8.8,0.372,2.2,4.7,0.468,0.527,2,2.3,0.84,0.4,2.3,2.7,2.5,0.6,0.5,1.6,2,16.2,2323,13.2,0.557,0.651,0.172,1.4,8.1,4.7,12.3,1,1.4,10,22.1,2.5,1.4,3.8,0.079,1,-2.4,-1.4,0.4
2016/2017,94143000,98194497.56,543471,Washington Wizards,30,WAS,Washington DC,East,Southeast,49,33,0.598,109.2,107.4,1.36,Marcin Gortat,C,32,12000000,12753055,82,82,31.2,4.8,8.2,0.579,0,0,0,4.8,8.2,0.58,0.579,1.3,1.9,0.648,2.9,7.5,10.4,1.5,0.5,0.7,1.5,2.6,10.8,2556,15.4,0.593,0.003,0.236,10.6,26.8,18.7,6.8,0.8,2,13.8,14.7,3.9,2.9,6.8,0.127,-0.9,1.2,0.3,1.5
2016/2017,94143000,98194497.56,543471,Charlotte Hornets,4,CHO,North Carolina,East,Southeast,36,46,0.439,104.9,104.7,-0.07,Treveon Graham,SG,23,543471,577576,27,1,7,0.7,1.5,0.475,0.3,0.6,0.6,0.4,0.9,0.4,0.588,0.4,0.6,0.667,0.2,0.6,0.8,0.2,0.2,0,0.1,0.7,2.1,189,10.6,0.612,0.375,0.375,2.9,10,6.4,4.7,1.6,0.5,6,11.8,0.3,0.2,0.4,0.108,-1.5,-1.3,-2.8,0
2016/2017,94143000,98194497.56,543471,#N/A,#N/A,TOT,#N/A,#N/A,#N/A,#N/A,#N/A,#N/A,#N/A,#N/A,#N/A,Jerami Grant,PF,22,980431,1041957,80,4,19.1,1.9,4.1,0.463,0.5,1.5,0.371,1.4,2.7,0.514,0.529,1.1,1.8,0.612,0.5,2.1,2.6,0.6,0.4,1,0.6,1.9,5.5,1531,10.1,0.556,0.354,0.448,2.7,12.1,7.4,4.2,1.1,4.1,10.1,12.1,1.1,1.8,2.9,0.091,-3,0.9,-2.1,0
2016/2017,94143000,98194497.56,543471,Philadelphia 76ers,23,PHI,Pennsylvania,East,Atlantic,28,54,0.341,102.4,108.1,-5.83,Jerami Grant,PF,22,980431,1041957,2,0,20.5,3,8.5,0.353,0,1,0,3,7.5,0.4,0.353,2,4,0.5,0,3,3,0,0,2,1.5,2.5,8,41,3,0.39,0.118,0.471,0,16.2,8.1,0,0,7.7,12.8,24.9,-0.2,0,-0.1,-0.144,-13.7,-2.5,-16.2,-0.1
2016/2017,94143000,98194497.56,543471,Oklahoma City Thunder,21,OKC,Oklahoma,West,Northwest,47,35,0.573,106.6,105.8,1.14,Jerami Grant,PF,22,980431,1041957,78,4,19.1,1.9,4,0.469,0.6,1.5,0.377,1.3,2.5,0.523,0.539,1.1,1.8,0.619,0.5,2.1,2.6,0.6,0.4,1,0.5,1.8,5.4,1490,10.3,0.566,0.367,0.447,2.8,12,7.4,4.3,1.1,4,9.9,11.8,1.3,1.7,3,0.098,-2.7,1,-1.7,0.1
2016/2017,94143000,98194497.56,543471,Chicago Bulls,5,CHI,Illinois,East,Central,41,41,0.5,102.9,102.4,0.03,Jerian Grant,PG,24,1643040,1746148,63,28,16.3,2,4.8,0.425,0.8,2.1,0.366,1.3,2.7,0.473,0.507,1,1.2,0.89,0.3,1.5,1.8,1.9,0.7,0.1,0.7,1.5,5.9,1028,13.2,0.555,0.445,0.243,1.8,9.9,5.8,17.4,2.3,0.6,11.7,16,1.4,1.2,2.5,0.119,0,-0.3,-0.3,0.4
2016/2017,94143000,98194497.56,543471,San Antonio Spurs,27,SAS,Texas,West,Southwest,61,21,0.744,105.3,98.1,7.13,Danny Green,SG,29,10000000,10627546,68,68,26.6,2.6,6.6,0.392,1.7,4.6,0.379,0.9,2,0.42,0.523,0.4,0.5,0.844,0.5,2.8,3.3,1.8,1,0.8,1.1,1.8,7.3,1807,10.1,0.537,0.693,0.071,2,11.8,7,9.6,2,2.6,14.1,13.5,0.4,3,3.4,0.09,-0.3,2.7,2.4,2
2016/2017,94143000,98194497.56,543471,Golden State Warriors,10,GSW,California,West,Pacific,67,15,0.817,115.9,104.3,11.35,Draymond Green,PF,26,15330435,16292491,76,76,32.5,3.6,8.6,0.418,1.1,3.5,0.308,2.5,5.1,0.494,0.481,2,2.8,0.709,1.3,6.6,7.9,7,2,1.4,2.4,2.9,10.2,2471,16.5,0.522,0.405,0.328,4.7,20.9,13.3,27.6,3,3.4,19.8,16.2,2.8,5.4,8.2,0.16,0.5,5,5.4,4.6
2016/2017,94143000,98194497.56,543471,Boston Celtics,2,BOS,Massachusetts,East,Atlantic,53,29,0.646,108,105.4,2.25,Gerald Green,SF,31,1410598,1499119,47,0,11.4,2,4.9,0.409,0.8,2.4,0.351,1.2,2.6,0.463,0.494,0.7,0.9,0.805,0.3,1.4,1.8,0.7,0.2,0.1,0.5,1,5.6,538,11.9,0.524,0.478,0.177,3.3,13.9,8.7,9.8,0.8,1.1,9.1,22.7,0.1,0.4,0.6,0.05,-2,-2.8,-4.7,-0.4
2016/2017,94143000,98194497.56,543471,Memphis Grizzlies,15,MEM,Tennessee,West,Southwest,43,39,0.524,100.5,100,0.96,JaMychal Green,PF,26,980431,1041957,77,75,27.3,3.2,6.5,0.5,0.7,1.9,0.379,2.5,4.6,0.549,0.555,1.7,2.2,0.802,2.2,4.9,7.1,1.1,0.6,0.4,1.2,3.2,8.9,2101,13.5,0.601,0.29,0.334,8.8,21.1,14.8,6.3,1.2,1.5,14.1,14.4,3.2,2.6,5.8,0.132,-0.4,1.1,0.7,1.4
2016/2017,94143000,98194497.56,543471,Orlando Magic,22,ORL,Florida,East,Southeast,29,53,0.354,101.1,107.6,-6.61,Jeff Green,PF,30,15000000,15941319,69,11,22.2,3.2,8.1,0.394,0.8,2.8,0.275,2.4,5.3,0.458,0.442,2.1,2.4,0.863,0.6,2.5,3.1,1.2,0.5,0.2,1.1,1.5,9.2,1534,10.5,0.505,0.346,0.301,2.7,12.8,7.6,8.1,1.2,0.7,10.6,20.3,-0.2,0.9,0.7,0.022,-2.8,-1.8,-4.6,-1
2016/2017,94143000,98194497.56,543471,Los Angeles Clippers,13,LAC,California,West,Pacific,51,31,0.622,108.7,104.4,4.42,Blake Griffin,PF,27,20093064,21353997,61,61,34,7.9,15.9,0.493,0.6,1.9,0.336,7.2,14.1,0.514,0.513,5.2,6.9,0.76,1.8,6.3,8.1,4.9,0.9,0.4,2.3,2.6,21.6,2076,22.6,0.569,0.116,0.434,6.2,20.2,13.4,24.5,1.4,0.9,10.9,28,5.4,2.4,7.7,0.179,3.2,1.3,4.4,3.4
2016/2017,94143000,98194497.56,543471,Brooklyn Nets,3,BRK,New York,East,Atlantic,20,62,0.244,105.8,112.5,-6.74,Justin Hamilton,C,26,3000000,3188263,64,7,18.4,2.7,5.9,0.459,0.9,2.8,0.306,1.9,3.1,0.598,0.532,0.6,0.8,0.75,1.1,3,4.1,0.9,0.5,0.7,0.7,1.4,6.9,1177,13.6,0.55,0.475,0.137,6.5,17,11.8,7.3,1.2,2.8,9.7,16.2,1,1,2.1,0.084,-0.9,0.2,-0.8,0.4
2016/2017,94143000,98194497.56,543471,Dallas Mavericks,7,DAL,Texas,West,Southwest,33,49,0.402,97.9,100.8,-2.53,AJ Hammons,C,24,650000,690790,22,0,7.4,0.8,1.9,0.405,0.2,0.5,0.5,0.5,1.5,0.375,0.464,0.4,0.9,0.45,0.4,1.3,1.6,0.2,0,0.6,0.5,1,2.2,163,8.4,0.472,0.238,0.476,5.4,21,12.8,3.8,0.3,7.2,16.4,17.6,-0.2,0.2,0,-0.001,-7.5,2,-5.6,-0.1
2016/2017,94143000,98194497.56,543471,Atlanta Hawks,1,ATL,Georgia,East,Southeast,43,39,0.524,103.2,104,-1.23,Tim Hardaway Jr,SG,24,2281605,2424786,79,30,27.3,5.3,11.5,0.455,1.9,5.3,0.357,3.4,6.3,0.537,0.537,2.1,2.7,0.766,0.4,2.4,2.8,2.3,0.7,0.2,1.3,1.3,14.5,2154,15.2,0.568,0.457,0.235,1.8,9.5,5.7,14.3,1.3,0.6,9.5,22.5,2.7,2.1,4.8,0.107,1.3,-1.5,-0.3,0.9
2016/2017,94143000,98194497.56,543471,Houston Rockets,11,HOU,Texas,West,Southwest,55,27,0.671,115.3,109.6,5.84,James Harden,PG,27,26540100,28205614,81,81,36.4,8.3,18.9,0.44,3.2,9.3,0.347,5.1,9.6,0.53,0.525,9.2,10.9,0.847,1.2,7,8.1,11.2,1.5,0.5,5.7,2.7,29.1,2947,27.4,0.613,0.493,0.575,3.5,20.9,12.2,50.7,2,1,19.5,34.2,11.5,3.6,15,0.245,8.7,1.5,10.1,9
2016/2017,94143000,98194497.56,543471,Portland Trail Blazers,25,POR,Oregon,West,Northwest,41,41,0.5,107.9,108.5,-0.23,Moe Harkless,SF,23,8988764,9552850,77,69,28.9,4.1,8.1,0.503,0.9,2.5,0.351,3.2,5.6,0.572,0.558,1,1.6,0.621,1.6,2.8,4.4,1.1,1.1,0.9,1.1,2.8,10,2223,13.1,0.57,0.311,0.199,6.2,10.8,8.5,5.9,1.9,2.5,11.2,15.2,2.3,1.9,4.2,0.091,0,0.7,0.7,1.5
2016/2017,94143000,98194497.56,543471,Philadelphia 76ers,23,PHI,Pennsylvania,East,Atlantic,28,54,0.341,102.4,108.1,-5.83,Justin Harper,PF,27,57672,60953.5368,3,0,10.3,1.7,4,0.417,0.7,2.3,0.286,1,1.7,0.6,0.5,0,0,,0.7,1,1.7,0.7,0,0,1.3,0.7,4,31,4.9,0.5,0.583,0,7.1,10.7,8.9,10.5,0,0,25,22.4,-0.1,0,-0.1,-0.103,-5.1,-3.8,-8.9,-0.1
2016/2017,94143000,98194497.56,543471,Houston Rockets,11,HOU,Texas,West,Southwest,55,27,0.671,115.3,109.6,5.84,Montrezl Harrell,C,23,1045000,1110578,58,14,18.3,3.9,5.9,0.652,0,0.1,0.143,3.9,5.8,0.663,0.654,1.3,2.1,0.628,1.4,2.4,3.8,1.1,0.3,0.7,0.8,2.2,9.1,1064,19.2,0.662,0.02,0.351,8.3,14.2,11.2,9.6,0.9,3.2,9.9,17.6,3.1,1,4.1,0.183,0.8,0.2,0.9,0.8
2016/2017,94143000,98194497.56,543471,Dallas Mavericks,7,DAL,Texas,West,Southwest,33,49,0.402,97.9,100.8,-2.53,Devin Harris,PG,33,4227996,4493322,65,0,16.7,2.1,5.2,0.399,0.9,2.7,0.328,1.2,2.5,0.476,0.484,1.6,2,0.829,0.2,1.8,2,2.1,0.7,0.1,0.9,1.6,6.7,1087,13.8,0.549,0.519,0.378,1.1,13,6.8,20,2.1,0.6,12.5,19.7,1.1,1.1,2.2,0.096,-0.1,-0.3,-0.4,0.4
2016/2017,94143000,98194497.56,543471,Denver Nuggets,8,DEN,Colorado,West,Northwest,40,42,0.488,111.7,111.2,0.7,Gary Harris,SG,22,1655880,1759794,57,56,31.3,5.6,11.2,0.502,1.9,4.5,0.42,3.7,6.7,0.558,0.586,1.8,2.4,0.776,0.8,2.3,3.1,2.9,1.2,0.1,1.3,1.6,14.9,1782,16.5,0.611,0.4,0.21,3,8,5.5,13.6,1.9,0.3,9.8,18.4,3.9,0.7,4.6,0.124,3.1,-1.6,1.5,1.6
2016/2017,94143000,98194497.56,543471,Brooklyn Nets,3,BRK,New York,East,Atlantic,20,62,0.244,105.8,112.5,-6.74,Joe Harris,SG,25,980431,1041957,52,11,21.9,3,7,0.425,1.6,4.3,0.385,1.3,2.7,0.489,0.543,0.7,0.9,0.714,0.3,2.5,2.8,1,0.6,0.2,1.1,2.3,8.2,1138,9,0.558,0.61,0.135,1.5,12,6.8,7.3,1.2,0.5,12.5,16.5,0.1,0.6,0.8,0.032,-1.4,-1.5,-3,-0.3
2016/2017,94143000,98194497.56,543471,Dallas Mavericks,7,DAL,Texas,West,Southwest,33,49,0.402,97.9,100.8,-2.53,Manny Harris,SG,27,119493,126991,4,0,6.3,0.8,3.8,0.2,0,0.5,0,0.8,3.3,0.231,0.2,0.5,1,0.5,0.8,1.5,2.3,0.5,0,0,0.5,0.3,2,25,-2.2,0.239,0.133,0.267,13.3,29.3,20.9,12.7,0,0,10.7,35.4,-0.2,0,-0.2,-0.364,-15.1,-3.8,-18.8,-0.1
2016/2017,94143000,98194497.56,543471,Detroit Pistons,9,DET,Michigan,East,Central,37,45,0.451,101.3,102.5,-1.29,Tobias Harris,PF,24,17200000,18279379,82,48,31.3,6.2,13,0.481,1.3,3.8,0.347,4.9,9.1,0.537,0.532,2.3,2.8,0.841,0.8,4.3,5.1,1.7,0.7,0.5,1.2,1.6,16.1,2567,16.9,0.568,0.295,0.213,2.6,15.6,8.8,8.8,1.2,1.3,7.6,21.7,4,2.8,6.8,0.128,1,0.1,1.2,2
2016/2017,94143000,98194497.56,543471,Charlotte Hornets,4,CHO,North Carolina,East,Southeast,36,46,0.439,104.9,104.7,-0.07,Aaron Harrison,SG,22,365289,388212,5,0,3.4,0,0.8,0,0,0.4,0,0,0.4,0,0,0.2,0.4,0.5,0,0.6,0.6,0.6,0,0,0,0.4,0.2,17,-2.2,0.102,0.5,0.5,0,19.5,9.7,22.6,0,0,0,12.9,-0.1,0,-0.1,-0.146,-9.6,-2.1,-11.6,0
2016/2017,94143000,98194497.56,543471,Memphis Grizzlies,15,MEM,Tennessee,West,Southwest,43,39,0.524,100.5,100,0.96,Andrew Harrison,PG,22,945000,1004303,72,18,20.5,1.6,5,0.325,0.6,2.2,0.276,1,2.8,0.363,0.385,2.1,2.7,0.763,0.3,1.6,1.9,2.8,0.7,0.3,1.2,2.7,5.9,1474,8.7,0.477,0.433,0.539,1.7,9,5.3,20,1.9,1.4,16,16.4,0,1.5,1.6,0.051,-2.4,0,-2.4,-0.2
2016/2017,94143000,98194497.56,543471,Miami Heat,16,MIA,Florida,East,Southeast,41,41,0.5,103.2,102.1,0.77,Udonis Haslem,C,36,4000000,4251018,16,0,8.1,0.7,1.4,0.478,0,0.2,0,0.7,1.3,0.55,0.478,0.6,0.9,0.6,0.5,1.8,2.3,0.4,0.4,0.1,0.5,1.4,1.9,130,8.8,0.524,0.13,0.652,6.7,24.1,15.3,6.4,2.3,0.6,21.3,12.8,0,0.2,0.2,0.074,-4.7,1.5,-3.2,0
2016/2017,94143000,98194497.56,543471,#N/A,#N/A,TOT,#N/A,#N/A,#N/A,#N/A,#N/A,#N/A,#N/A,#N/A,#N/A,Spencer Hawes,PF,28,5782450,6145325,54,1,14.8,2.5,5.1,0.484,0.5,1.5,0.309,2,3.6,0.556,0.529,0.8,1,0.846,0.7,2.8,3.5,1.5,0.3,0.6,0.9,1.4,6.2,797,15.6,0.562,0.292,0.188,5.3,21.5,13.4,16.5,0.9,3.3,14,19.8,0.7,1,1.7,0.102,-1.2,0.8,-0.5,0.3
2016/2017,94143000,98194497.56,543471,Charlotte Hornets,4,CHO,North Carolina,East,Southeast,36,46,0.439,104.9,104.7,-0.07,Spencer Hawes,PF,28,5782450,6145325,35,1,17.9,3,6.2,0.477,0.5,1.6,0.291,2.5,4.7,0.54,0.514,0.9,1,0.882,0.9,3.3,4.2,1.8,0.4,0.7,1.1,1.7,7.3,626,14.8,0.545,0.252,0.156,5.6,20.1,12.8,16.1,1,3.6,14.7,19.6,0.3,0.8,1.1,0.086,-1.8,1.2,-0.6,0.2
2016/2017,94143000,98194497.56,543471,Milwaukee Bucks,17,MIL,Wisconsin,East,Central,42,40,0.512,103.6,103.8,-0.45,Spencer Hawes,PF,28,5782450,6145325,19,0,9,1.6,3.1,0.508,0.5,1.4,0.346,1.1,1.7,0.636,0.585,0.7,0.9,0.778,0.3,2.1,2.4,1,0.1,0.2,0.5,0.8,4.4,171,18.6,0.62,0.441,0.305,4.1,26.3,15.3,17.7,0.6,2.1,11.9,20.3,0.4,0.2,0.6,0.16,1,-1,0,0.1
2016/2017,94143000,98194497.56,543471,Utah Jazz,29,UTA,Utah,West,Northwest,51,31,0.622,100.7,96.8,4,Gordon Hayward,SF,26,16073140,17081804,73,73,34.5,7.5,15.8,0.471,2,5.1,0.398,5.4,10.7,0.506,0.536,5,5.9,0.844,0.7,4.7,5.4,3.5,1,0.3,1.9,1.6,21.9,2516,22.2,0.595,0.324,0.371,2.3,15.4,9,18.2,1.5,0.6,9.4,27.6,7.1,3.3,10.4,0.199,4.2,0,4.2,4
2016/2017,94143000,98194497.56,543471,Philadelphia 76ers,23,PHI,Pennsylvania,East,Atlantic,28,54,0.341,102.4,108.1,-5.83,Gerald Henderson,SG,29,9000000,9564791,72,41,23.2,3.3,7.7,0.423,0.8,2.4,0.353,2.4,5.3,0.455,0.478,1.8,2.3,0.806,0.5,2.1,2.6,1.6,0.6,0.2,0.9,1.8,9.2,1667,10.8,0.529,0.313,0.298,2.2,10,6.1,10.5,1.2,0.7,9,17.9,1,1,2,0.059,-1.8,-1.3,-3.1,-0.5
2016/2017,94143000,98194497.56,543471,Milwaukee Bucks,17,MIL,Wisconsin,East,Central,42,40,0.512,103.6,103.8,-0.45,John Henson,C,26,12267606,13037455,58,39,19.4,2.7,5.3,0.515,0,0,0,2.7,5.3,0.516,0.515,1.3,1.8,0.692,1.6,3.5,5.1,1,0.5,1.3,0.9,2.6,6.8,1123,15.3,0.55,0.003,0.346,9.6,20.8,15.3,7.7,1.3,6.1,12.7,16.6,1.2,1.6,2.7,0.116,-2.5,2.5,-0.1,0.6
2016/2017,94143000,98194497.56,543471,Denver Nuggets,8,DEN,Colorado,West,Northwest,40,42,0.488,111.7,111.2,0.7,Juan Hernangomez,PF,21,1987440,2112161,62,9,13.6,1.6,3.6,0.451,0.7,1.8,0.407,0.9,1.8,0.495,0.554,0.9,1.2,0.75,0.7,2.3,3,0.5,0.5,0.2,0.5,1,4.9,842,13.4,0.592,0.504,0.339,5.7,18.7,12.3,4.7,1.7,1.1,10.7,14.6,1.2,0.6,1.8,0.104,-0.1,-1.2,-1.3,0.1
2016/2017,94143000,98194497.56,543471,New York Knicks,20,NYK,New York,East,Atlantic,31,51,0.378,104.3,108,-3.87,Willy Hernangomez,C,22,1375000,1461287,72,22,18.4,3.4,6.5,0.529,0.1,0.2,0.267,3.4,6.3,0.538,0.533,1.3,1.7,0.728,2.4,4.6,7,1.3,0.6,0.5,1.4,2.1,8.2,1324,19,0.564,0.032,0.269,13.8,27.1,20.4,11.5,1.5,2.2,16.1,20.3,1.8,1.6,3.4,0.123,-0.6,0.6,0,0.7
2016/2017,94143000,98194497.56,543471,Orlando Magic,22,ORL,Florida,East,Southeast,29,53,0.354,101.1,107.6,-6.61,Mario Hezonja,SF,21,3909840,4155200,65,2,14.8,1.8,5.1,0.355,0.7,2.2,0.299,1.1,2.9,0.398,0.42,0.6,0.8,0.8,0.3,1.9,2.2,1,0.5,0.2,0.9,1.1,4.9,960,7.2,0.45,0.436,0.152,2.2,14.7,8.3,9.6,1.5,1.3,14.1,18.8,-1.4,0.8,-0.7,-0.033,-4.8,-0.9,-5.7,-0.9
2016/2017,94143000,98194497.56,543471,#N/A,#N/A,TOT,#N/A,#N/A,#N/A,#N/A,#N/A,#N/A,#N/A,#N/A,#N/A,Roy Hibbert,C,30,5000000,5313773,48,13,14.2,1.7,3.1,0.544,0,0,,1.7,3.1,0.544,0.544,1.3,1.6,0.813,1.1,2,3.2,0.4,0.2,1,0.7,2.1,4.6,682,13.5,0.614,0,0.51,8.7,15.9,12.3,4.6,0.6,5.9,15.1,14,1,0.8,1.8,0.129,-2.9,1.8,-1.1,0.2
2016/2017,94143000,98194497.56,543471,Charlotte Hornets,4,CHO,North Carolina,East,Southeast,36,46,0.439,104.9,104.7,-0.07,Roy Hibbert,C,30,5000000,5313773,42,13,16,1.9,3.4,0.542,0,0,,1.9,3.4,0.542,0.542,1.5,1.8,0.813,1.3,2.3,3.6,0.5,0.2,1,0.7,2.3,5.2,671,13.5,0.613,0,0.521,8.6,16,12.3,4.5,0.6,5.8,14.9,14,1,0.8,1.8,0.129,-2.9,1.8,-1.1,0.1
2016/2017,94143000,98194497.56,543471,Denver Nuggets,8,DEN,Colorado,West,Northwest,40,42,0.488,111.7,111.2,0.7,Roy Hibbert,C,30,5000000,5313773,6,0,1.8,0.3,0.5,0.667,0,0,,0.3,0.5,0.667,0.667,0,0,,0.2,0.2,0.3,0.2,0,0.3,0.2,0.5,0.7,11,16.3,0.667,0,0,10.1,10,10,13.5,0,14.1,25,15.5,0,0,0,0.119,-1.9,5.1,3.2,0
2016/2017,94143000,98194497.56,543471,#N/A,#N/A,TOT,#N/A,#N/A,#N/A,#N/A,#N/A,#N/A,#N/A,#N/A,#N/A,Buddy Hield,SG,24,3517200,3737920,82,55,23,4,9.4,0.426,1.8,4.6,0.391,2.2,4.7,0.461,0.523,0.8,0.9,0.842,0.4,2.9,3.3,1.5,0.5,0.1,1.2,1.4,10.6,1888,11.8,0.541,0.494,0.099,2,13.5,7.8,10.3,1,0.4,11.2,21.3,0,1.3,1.3,0.032,-0.9,-1.9,-2.7,-0.4
2016/2017,94143000,98194497.56,543471,New Orleans Pelicans,19,NOP,Louisiana,West,Southwest,34,48,0.415,104.3,106.4,-1.69,Buddy Hield,SG,24,3517200,3737920,57,37,20.4,3.2,8.3,0.393,1.6,4.2,0.369,1.7,4,0.417,0.487,0.5,0.6,0.879,0.3,2.6,2.9,1.4,0.3,0.1,0.8,1.4,8.6,1161,9.9,0.503,0.512,0.07,1.7,13.4,7.5,10.3,0.8,0.5,9,20.4,-0.4,0.9,0.5,0.02,-1.9,-1.6,-3.5,-0.4
2016/2017,94143000,98194497.56,543471,Sacramento Kings,26,SAC,California,West,Pacific,32,50,0.39,102.8,106.7,-3.29,Buddy Hield,SG,24,3517200,3737920,25,18,29.1,5.7,11.8,0.48,2.4,5.5,0.428,3.3,6.3,0.525,0.579,1.4,1.7,0.814,0.6,3.5,4.1,1.8,0.8,0.1,2.1,1.4,15.1,727,14.9,0.6,0.466,0.145,2.6,13.7,8.2,10.3,1.4,0.3,14.4,22.9,0.4,0.4,0.8,0.053,0.7,-2.2,-1.5,0.1
2016/2017,94143000,98194497.56,543471,Houston Rockets,11,HOU,Texas,West,Southwest,55,27,0.671,115.3,109.6,5.84,Nenê,C,34,2898000,3079862,67,8,17.9,3.7,5.9,0.617,0,0.1,0.333,3.6,5.8,0.624,0.621,1.7,2.9,0.589,1.4,2.8,4.2,1,0.8,0.6,1.1,2.4,9.1,1198,18.9,0.63,0.023,0.496,8.6,17,12.8,8.6,2.2,2.6,13.1,19.7,2.5,1.6,4.1,0.165,-0.4,0.8,0.5,0.7
2016/2017,94143000,98194497.56,543471,Utah Jazz,29,UTA,Utah,West,Northwest,51,31,0.622,100.7,96.8,4,George Hill,PG,30,8000000,8502037,49,49,31.5,5.9,12.4,0.477,1.9,4.8,0.403,4,7.6,0.523,0.554,3.2,4,0.801,0.5,2.9,3.4,4.2,1,0.2,1.7,2.3,16.9,1544,19.3,0.599,0.384,0.323,1.8,10.5,6.2,22.8,1.7,0.6,10.9,23.5,4,1.9,5.9,0.182,3.9,-0.2,3.6,2.2
2016/2017,94143000,98194497.56,543471,Minnesota Timberwolves,18,MIN,Minnesota,West,Northwest,31,51,0.378,105.6,106.7,-0.64,Jordan Hill,C,29,4000000,4251018,7,0,6.7,0.7,1.9,0.385,0,0,,0.7,1.9,0.385,0.385,0.3,0.3,1,1.1,0.9,2,0,0.1,0,0.6,1.3,1.7,47,5.5,0.432,0,0.154,19.6,15.1,17.4,0,1.1,0,22.4,16.8,-0.1,0,0,-0.033,-6.7,-6.2,-12.9,-0.1
2016/2017,94143000,98194497.56,543471,New Orleans Pelicans,19,NOP,Louisiana,West,Southwest,34,48,0.415,104.3,106.4,-1.69,Solomon Hill,SF,25,11709603,12444435,80,71,29.7,2.3,6,0.383,1.2,3.4,0.348,1.1,2.6,0.428,0.481,1.3,1.6,0.805,0.6,3.2,3.8,1.8,0.9,0.4,1,2.3,7,2374,8,0.527,0.565,0.268,2.3,11.4,6.8,8.1,1.5,1.1,13.3,11.5,0.4,2.3,2.7,0.055,-1.8,1.5,-0.3,1
2016/2017,94143000,98194497.56,543471,Detroit Pistons,9,DET,Michigan,East,Central,37,45,0.451,101.3,102.5,-1.29,Darrun Hilliard,SG,23,874636,929523,39,1,9.8,1.2,3.2,0.373,0.3,1.2,0.261,0.9,2.1,0.438,0.421,0.5,0.7,0.75,0.1,0.8,0.8,0.8,0.3,0.1,0.7,1,3.3,381,5.9,0.459,0.365,0.222,0.6,9.2,4.7,12.3,1.5,0.4,16.8,19.3,-0.6,0.4,-0.2,-0.027,-5,-1.1,-6.1,-0.4
2016/2017,94143000,98194497.56,543471,New Orleans Pelicans,19,NOP,Louisiana,West,Southwest,34,48,0.415,104.3,106.4,-1.69,Jrue Holiday,PG,26,11000000,11690301,67,61,32.7,6,13.3,0.454,1.5,4.2,0.356,4.6,9.1,0.498,0.51,1.8,2.5,0.708,0.7,3.3,3.9,7.3,1.5,0.7,2.9,2,15.4,2190,17.1,0.532,0.315,0.188,2.2,10.6,6.4,35.9,2.2,1.6,16.7,23.5,1.3,2.6,3.8,0.084,1.2,0.5,1.7,2
2016/2017,94143000,98194497.56,543471,New York Knicks,20,NYK,New York,East,Atlantic,31,51,0.378,104.3,108,-3.87,Justin Holiday,SG,27,1015696,1079435,82,4,20,2.8,6.6,0.433,1.2,3.3,0.355,1.7,3.2,0.513,0.523,0.8,1,0.825,0.3,2.4,2.7,1.2,0.8,0.4,0.8,1.3,7.7,1639,12.7,0.549,0.507,0.149,1.8,13.1,7.4,9.2,2,1.5,10.3,16.9,1.3,1.2,2.5,0.073,-0.3,-0.8,-1.1,0.4
2016/2017,94143000,98194497.56,543471,Brooklyn Nets,3,BRK,New York,East,Atlantic,20,62,0.244,105.8,112.5,-6.74,Rondae Hollis-Jefferson,SF,22,1395600,1483180,78,50,22.6,3,6.9,0.434,0.2,0.9,0.224,2.8,6.1,0.463,0.447,2.4,3.2,0.751,1.2,4.6,5.8,2,1.1,0.6,1.5,2.3,8.7,1761,13.7,0.517,0.124,0.467,5.8,21.1,13.6,13.4,2.2,1.9,15.1,18.7,0.4,2.2,2.6,0.07,-2.9,1.9,-1,0.4
2016/2017,94143000,98194497.56,543471,Philadelphia 76ers,23,PHI,Pennsylvania,East,Atlantic,28,54,0.341,102.4,108.1,-5.83,Richaun Holmes,C,23,1024000,1088260,57,17,20.9,4,7.2,0.558,0.5,1.4,0.351,3.6,5.9,0.606,0.591,1.3,1.8,0.699,1.6,3.8,5.5,1,0.7,1,1,2.4,9.8,1193,18.6,0.611,0.187,0.25,8.7,20.1,14.4,8.3,1.7,3.7,10.7,18.6,2.2,1.6,3.8,0.151,0.2,1.5,1.7,1.1
2016/2017,94143000,98194497.56,543471,Utah Jazz,29,UTA,Utah,West,Northwest,51,31,0.622,100.7,96.8,4,Rodney Hood,SG,24,1406520,1494785,59,55,27,4.6,11.3,0.408,1.9,5.2,0.371,2.7,6.1,0.44,0.494,1.5,1.9,0.783,0.3,3.2,3.4,1.6,0.6,0.2,1.1,2.2,12.7,1593,12.4,0.522,0.461,0.173,1.2,13.1,7.3,10.1,1.3,0.6,8.3,22.9,0.7,1.9,2.6,0.078,-0.3,-0.9,-1.2,0.3
2016/2017,94143000,98194497.56,543471,Boston Celtics,2,BOS,Massachusetts,East,Atlantic,53,29,0.646,108,105.4,2.25,Al Horford,C,30,26540100,28205614,68,68,32.3,5.6,11.8,0.473,1.3,3.6,0.355,4.3,8.2,0.524,0.527,1.6,2,0.8,1.4,5.4,6.8,5,0.8,1.3,1.7,2,14,2193,17.7,0.553,0.302,0.169,4.9,18.6,11.8,24.4,1.2,3.2,11.8,19.7,3.6,2.7,6.3,0.138,1,2,3.1,2.8
2016/2017,94143000,98194497.56,543471,Washington Wizards,30,WAS,Washington DC,East,Southeast,49,33,0.598,109.2,107.4,1.36,Danuel House,SG,23,543471,577576,1,0,1,0,0,,0,0,,0,0,,,0,0,,0,1,1,0,0,0,0,0,0,1,12.2,,,,0,100,56.4,0,0,0,,0,0,0,0,0.163,-16.4,-4.4,-20.8,0
2016/2017,94143000,98194497.56,543471,Atlanta Hawks,1,ATL,Georgia,East,Southeast,43,39,0.524,103.2,104,-1.23,Dwight Howard,C,31,23500000,24974734,74,74,29.7,5.2,8.3,0.633,0,0,0,5.2,8.3,0.635,0.633,3.1,5.7,0.533,4,8.7,12.7,1.4,0.9,1.2,2.3,2.7,13.5,2199,20.8,0.627,0.003,0.692,15,31.7,23.5,7.8,1.4,3.6,17.5,19.2,3.8,4.5,8.3,0.181,-0.5,2.8,2.3,2.4
2016/2017,94143000,98194497.56,543471,Los Angeles Lakers,14,LAL,California,West,Pacific,26,56,0.317,104.6,111.5,-6.29,Marcelo Huertas,PG,33,1500000,1594131,23,1,10.3,1.1,3,0.368,0.2,0.8,0.211,0.9,2.1,0.429,0.397,0.4,0.7,0.529,0.1,1,1,2.3,0.4,0.1,0.8,0.7,2.7,237,9.1,0.417,0.279,0.25,0.9,10.5,5.5,30.8,2.1,0.7,20.1,17,-0.2,0.1,-0.1,-0.025,-4.6,-2.4,-7,-0.3
2016/2017,94143000,98194497.56,543471,Oklahoma City Thunder,21,OKC,Oklahoma,West,Northwest,47,35,0.573,106.6,105.8,1.14,Josh Huestis,PF,25,1191480,1266250,2,0,15.5,3,5.5,0.545,1,2,0.5,2,3.5,0.571,0.636,0,0.5,0,2,2.5,4.5,1.5,0,1.5,0,0,7,31,26.1,0.612,0.364,0.091,14.3,17.9,16.1,15.5,0,7.7,0,15.7,0.1,0,0.2,0.265,3.9,1.8,5.7,0.1
2016/2017,94143000,98194497.56,543471,Atlanta Hawks,1,ATL,Georgia,East,Southeast,43,39,0.524,103.2,104,-1.23,Kris Humphries,PF,31,8630000,9171572,56,4,12.3,1.6,3.8,0.407,0.3,1,0.352,1.2,2.9,0.425,0.451,1.1,1.5,0.78,1.1,2.6,3.7,0.5,0.3,0.4,0.5,1.2,4.6,689,13.6,0.514,0.252,0.383,9.7,23,16.4,6.4,1.1,2.6,10.1,17.6,0.6,1.1,1.6,0.115,-3,0.3,-2.7,-0.1
2016/2017,94143000,98194497.56,543471,Chicago Bulls,5,CHI,Illinois,East,Central,41,41,0.5,102.9,102.4,0.03,RJ Hunter,SG,23,1625240,1727230,3,0,3,0,0.3,0,0,0.3,0,0,0,,0,0,0,,0,0.3,0.3,0,0,0,0,0,0,9,-3.2,0,1,0,0,12.1,6,0,0,0,0,4.8,0,0,0,-0.088,-9.4,-2,-11.4,0
2016/2017,94143000,98194497.56,543471,#N/A,#N/A,TOT,#N/A,#N/A,#N/A,#N/A,#N/A,#N/A,#N/A,#N/A,#N/A,Serge Ibaka,PF,27,12250000,13018744,79,79,30.7,6,12.4,0.48,1.6,4,0.391,4.4,8.4,0.522,0.543,1.4,1.6,0.856,1.6,5.2,6.8,0.9,0.5,1.6,1.3,2.7,14.8,2422,16.4,0.566,0.323,0.127,5.7,19,12.2,5.2,0.8,4.2,9.2,20.9,2.5,2.6,5.1,0.101,-0.5,0.1,-0.4,1
2016/2017,94143000,98194497.56,543471,Orlando Magic,22,ORL,Florida,East,Southeast,29,53,0.354,101.1,107.6,-6.61,Serge Ibaka,PF,27,12250000,13018744,56,56,30.5,6.1,12.6,0.488,1.5,3.8,0.388,4.6,8.7,0.532,0.547,1.4,1.6,0.846,1.8,5,6.8,1.1,0.6,1.6,1.2,2.5,15.1,1710,17.5,0.569,0.304,0.129,6.2,18.5,12.2,5.9,1,4.3,8.2,20.8,2.1,1.7,3.8,0.108,-0.1,0.4,0.3,1
2016/2017,94143000,98194497.56,543471,Toronto Raptors,28,TOR,Ontario,East,Atlantic,51,31,0.622,106.9,102.6,3.65,Serge Ibaka,PF,27,12250000,13018744,23,23,31,5.6,12.1,0.459,1.8,4.5,0.398,3.8,7.7,0.494,0.532,1.3,1.5,0.882,1.3,5.5,6.8,0.7,0.3,1.4,1.7,3.3,14.2,712,13.8,0.556,0.369,0.122,4.6,20.1,12.4,3.3,0.5,4,11.7,20.9,0.4,0.8,1.3,0.085,-1.5,-0.5,-2.1,0
2016/2017,94143000,98194497.56,543471,Golden State Warriors,10,GSW,California,West,Pacific,67,15,0.817,115.9,104.3,11.35,Andre Iguodala,SF,33,11131368,11829913,76,0,26.3,2.9,5.5,0.528,0.8,2.3,0.362,2,3.1,0.651,0.605,0.9,1.3,0.706,0.7,3.3,4,3.4,1,0.5,0.8,1.3,7.6,1998,14.3,0.624,0.427,0.246,3,13.1,8.3,16.7,1.8,1.5,11.2,11.2,4.1,2.9,6.9,0.167,1.3,1.7,3,2.5
2016/2017,94143000,98194497.56,543471,#N/A,#N/A,TOT,#N/A,#N/A,#N/A,#N/A,#N/A,#N/A,#N/A,#N/A,#N/A,Ersan Ilyasova,PF,29,8400000,8927139,82,52,26.1,4.7,10.9,0.431,1.7,4.9,0.353,3,6,0.496,0.511,2,2.5,0.778,1.4,4.5,5.9,1.7,0.7,0.3,1.4,2.6,13.1,2142,14.6,0.546,0.452,0.233,5.9,18.8,12.4,11,1.3,0.9,10.6,22.2,1.8,2.3,4.1,0.091,0.3,-0.8,-0.5,0.8
2016/2017,94143000,98194497.56,543471,Oklahoma City Thunder,21,OKC,Oklahoma,West,Northwest,47,35,0.573,106.6,105.8,1.14,Ersan Ilyasova,PF,29,8400000,8927139,3,0,20.7,2,5.3,0.375,1,4,0.25,1,1.3,0.75,0.469,0,0,,0.7,4.7,5.3,0.3,1,0.3,1.3,1.7,5,62,6.9,0.469,0.75,0,3.6,25,14.3,2.2,2.4,1.3,20,13.7,-0.1,0.1,0,0.012,-5.8,-0.4,-6.3,-0.1
2016/2017,94143000,98194497.56,543471,Philadelphia 76ers,23,PHI,Pennsylvania,East,Atlantic,28,54,0.341,102.4,108.1,-5.83,Ersan Ilyasova,PF,29,8400000,8927139,53,40,27.3,5.4,12.2,0.44,2,5.6,0.359,3.4,6.6,0.509,0.522,2.1,2.7,0.768,1.3,4.6,5.9,1.8,0.6,0.3,1.5,2.5,14.8,1447,15.4,0.553,0.46,0.219,5.4,18.5,12,11.5,1.1,0.8,9.9,23.6,1.4,1.3,2.6,0.088,0.9,-1.3,-0.4,0.6
2016/2017,94143000,98194497.56,543471,Atlanta Hawks,1,ATL,Georgia,East,Southeast,43,39,0.524,103.2,104,-1.23,Ersan Ilyasova,PF,29,8400000,8927139,26,12,24.3,3.6,8.7,0.412,1.2,3.5,0.348,2.3,5.2,0.455,0.482,2,2.5,0.8,1.6,4.2,5.8,1.7,0.8,0.3,1.3,2.8,10.4,633,13.5,0.53,0.407,0.288,7.4,18.7,13.1,10.6,1.7,1.1,11.8,19.9,0.5,0.9,1.4,0.106,-0.6,0.5,-0.2,0.3
2016/2017,94143000,98194497.56,543471,Utah Jazz,29,UTA,Utah,West,Northwest,51,31,0.622,100.7,96.8,4,Joe Ingles,SF,29,2100000,2231784,82,26,24,2.5,5.5,0.452,1.5,3.4,0.441,1,2.1,0.471,0.589,0.6,0.8,0.735,0.3,2.9,3.2,2.7,1.2,0.1,1.3,2,7.1,1972,12.4,0.604,0.619,0.151,1.4,13.6,7.6,17.2,2.6,0.3,18.2,13.9,2,3,5,0.123,0.9,1.8,2.7,2.3
2016/2017,94143000,98194497.56,543471,Los Angeles Lakers,14,LAL,California,West,Pacific,26,56,0.317,104.6,111.5,-6.29,Brandon Ingram,SF,19,5281680,5613129,79,40,28.8,3.5,8.7,0.402,0.7,2.4,0.294,2.8,6.3,0.443,0.442,1.7,2.7,0.621,0.8,3.2,4,2.1,0.6,0.5,1.5,2,9.4,2279,8.5,0.474,0.273,0.312,2.8,12.7,7.6,10.5,1.1,1.3,12.9,16.8,-1,0.7,-0.3,-0.007,-3.1,-0.7,-3.8,-1.1
2016/2017,94143000,98194497.56,543471,Cleveland Cavaliers,6,CLE,Ohio,East,Central,51,31,0.622,110.3,107.2,2.87,Kyrie Irving,PG,24,17638063,18744933,72,72,35.1,9.3,19.7,0.473,2.5,6.1,0.401,6.9,13.6,0.505,0.535,4.1,4.6,0.905,0.7,2.5,3.2,5.8,1.2,0.3,2.5,2.2,25.2,2525,23,0.58,0.311,0.231,2.3,7.5,5,29.7,1.6,0.8,10.3,30.8,7.4,1.5,8.9,0.17,4.8,-2.3,2.5,2.9
2016/2017,94143000,98194497.56,543471,New Orleans Pelicans,19,NOP,Louisiana,West,Southwest,34,48,0.415,104.3,106.4,-1.69,Jarrett Jack,PG,33,1571705,1670335,2,0,16.5,1,1.5,0.667,0,0.5,0,1,1,1,0.667,1,1,1,0,0,0,2.5,1,0,1.5,2,3,33,7.7,0.773,0.333,0.667,0,0,0,20.3,3,0,43.6,9.2,0,0,0,0.06,-5.3,-4.1,-9.3,-0.1
2016/2017,94143000,98194497.56,543471,Boston Celtics,2,BOS,Massachusetts,East,Atlantic,53,29,0.646,108,105.4,2.25,Demetrius Jackson,PG,22,1450000,1540994,5,0,3.4,0.6,0.8,0.75,0.2,0.2,1,0.4,0.6,0.667,0.875,0.6,1.2,0.5,0.4,0.4,0.8,0.6,0,0,0,0,2,17,30.8,0.753,0.25,1.5,13.2,13,13.1,28.2,0,0,0,17.3,0.1,0,0.1,0.386,9.2,-2.8,6.3,0
2016/2017,94143000,98194497.56,543471,Dallas Mavericks,7,DAL,Texas,West,Southwest,33,49,0.402,97.9,100.8,-2.53,Pierre Jackson,PG,25,191810,203846,8,1,10.5,1.6,4.9,0.333,0.4,1.4,0.273,1.3,3.5,0.357,0.372,0.8,0.9,0.857,0.1,1,1.1,2.4,0.3,0,0.4,0.6,4.4,84,13,0.416,0.282,0.179,1.3,11.6,6.2,38,1.2,0,6.7,25.3,0,0.1,0,0.021,-1.7,-2.7,-4.4,-0.1
2016/2017,94143000,98194497.56,543471,Detroit Pistons,9,DET,Michigan,East,Central,37,45,0.451,101.3,102.5,-1.29,Reggie Jackson,PG,26,14956522,15895113,52,50,27.4,5.5,13,0.419,1.3,3.5,0.359,4.2,9.5,0.442,0.468,2.3,2.6,0.868,0.4,1.8,2.2,5.2,0.7,0.1,2.2,2.5,14.5,1424,14.9,0.51,0.272,0.201,1.5,7.4,4.4,30.3,1.2,0.3,13.4,26.4,0.8,1.2,1.9,0.065,0.6,-2,-1.4,0.2
2016/2017,94143000,98194497.56,543471,Cleveland Cavaliers,6,CLE,Ohio,East,Central,51,31,0.622,110.3,107.2,2.87,LeBron James,SF,32,30963450,32906550,74,74,37.8,9.9,18.2,0.548,1.7,4.6,0.363,8.3,13.5,0.611,0.594,4.8,7.2,0.674,1.3,7.3,8.6,8.7,1.2,0.6,4.1,1.8,26.4,2794,27,0.619,0.254,0.395,4,20.7,12.6,41.3,1.6,1.3,16.1,30,9.8,3,12.9,0.221,6.8,1.6,8.4,7.3
2016/2017,94143000,98194497.56,543471,Indiana Pacers,12,IND,Indiana,East,Central,42,40,0.512,105.1,105.3,-0.64,Al Jefferson,C,32,10230179,10872170,66,1,14.1,3.6,7.1,0.499,0,0,0,3.6,7.1,0.5,0.499,1,1.3,0.765,1.1,3.1,4.2,0.9,0.3,0.2,0.5,1.9,8.1,931,18.9,0.526,0.002,0.18,9.2,24.2,16.8,11,1,1.5,6.1,26.1,1.2,1.1,2.3,0.119,-1.5,-1.5,-3.1,-0.2
2016/2017,94143000,98194497.56,543471,Cleveland Cavaliers,6,CLE,Ohio,East,Central,51,31,0.622,110.3,107.2,2.87,Richard Jefferson,SF,36,2500000,2656886,79,13,20.4,1.9,4.3,0.446,0.8,2.4,0.333,1.2,2,0.58,0.536,1,1.4,0.741,0.4,2.2,2.6,1,0.3,0.1,0.7,1.9,5.7,1614,8.3,0.574,0.542,0.315,2,11.6,6.9,6.6,0.8,0.5,11.8,12.2,1.3,0.8,2.1,0.063,-1.4,-1,-2.4,-0.2
2016/2017,94143000,98194497.56,543471,Phoenix Suns,24,PHO,Arizona,West,Pacific,24,58,0.293,107.7,113.3,-5.14,John Jenkins,SG,25,1050961,1116913,4,0,3.3,0.5,1.3,0.4,0.3,0.5,0.5,0.3,0.8,0.333,0.5,0.5,0.5,1,0,0.3,0.3,0.3,0,0,0,0,1.8,13,17.3,0.595,0.4,0.4,0,8.6,4.2,11.5,0,0,0,18.9,0,0,0,0.167,1.4,-5.5,-4.1,0
2016/2017,94143000,98194497.56,543471,#N/A,#N/A,TOT,#N/A,#N/A,#N/A,#N/A,#N/A,#N/A,#N/A,#N/A,#N/A,Brandon Jennings,PG,27,5587318,5937947,81,13,22.2,2.4,6.6,0.359,1,3.1,0.313,1.4,3.5,0.399,0.433,1.4,1.9,0.75,0.4,2.1,2.4,4.9,0.9,0,1.6,1.4,7.1,1802,12.1,0.479,0.471,0.284,1.8,10.1,5.9,30.4,1.9,0.2,17.5,17.6,0.7,1,1.7,0.046,-0.8,-2.2,-3,-0.5
2016/2017,94143000,98194497.56,543471,New York Knicks,20,NYK,New York,East,Atlantic,31,51,0.378,104.3,108,-3.87,Brandon Jennings,PG,27,5587318,5937947,58,11,24.6,2.8,7.4,0.38,1.2,3.4,0.34,1.6,3.9,0.415,0.459,1.8,2.3,0.756,0.4,2.3,2.6,4.9,0.9,0.1,1.8,1.4,8.6,1428,12.7,0.508,0.466,0.315,1.6,9.9,5.7,28.6,1.9,0.2,17.8,18.1,0.8,0.7,1.5,0.052,-0.3,-2.2,-2.5,-0.2
2016/2017,94143000,98194497.56,543471,Washington Wizards,30,WAS,Washington DC,East,Southeast,49,33,0.598,109.2,107.4,1.36,Brandon Jennings,PG,27,5587318,5937947,23,2,16.3,1.3,4.6,0.274,0.5,2.3,0.212,0.8,2.3,0.333,0.325,0.5,0.7,0.706,0.3,1.6,1.9,4.7,0.7,0,1,1.4,3.5,374,9.7,0.357,0.491,0.16,2.4,10.8,6.6,37.2,2,0,16.2,15.8,-0.1,0.3,0.2,0.025,-2.6,-2.1,-4.7,-0.3
2016/2017,94143000,98194497.56,543471,Boston Celtics,2,BOS,Massachusetts,East,Atlantic,53,29,0.646,108,105.4,2.25,Jonas Jerebko,PF,29,5000000,5313773,78,6,15.8,1.5,3.4,0.435,0.6,1.7,0.346,0.9,1.7,0.523,0.521,0.3,0.5,0.703,0.8,2.7,3.5,0.9,0.3,0.2,0.5,1.6,3.8,1232,9.3,0.537,0.496,0.141,5.4,19.1,12.3,8.1,1,1.1,12.3,11.4,0.8,1.3,2.1,0.08,-2.4,0.3,-2.1,0
2016/2017,94143000,98194497.56,543471,Boston Celtics,2,BOS,Massachusetts,East,Atlantic,53,29,0.646,108,105.4,2.25,Amir Johnson,PF,29,12000000,12753055,80,77,20.1,2.7,4.6,0.576,0.3,0.8,0.409,2.3,3.8,0.612,0.612,0.8,1.3,0.67,1.5,3.1,4.6,1.8,0.6,0.8,1,2.6,6.5,1608,15,0.628,0.178,0.27,8.3,17,12.7,13,1.6,3.2,15.7,13.6,2.9,2.1,5,0.149,-0.2,2.4,2.2,1.7
2016/2017,94143000,98194497.56,543471,Los Angeles Clippers,13,LAC,California,West,Pacific,51,31,0.622,108.7,104.4,4.42,Brice Johnson,PF,22,1273920,1353864,3,0,3,0.7,2.3,0.286,0,0,,0.7,2.3,0.286,0.286,0,0,,0.3,0.7,1,0.3,0.7,0.3,0.3,0,1.3,9,17.2,0.286,0,0,12.8,24.2,18.6,18.6,11.1,9.1,12.5,39.8,-0.1,0,0,-0.165,-10.7,12.1,1.3,0
2016/2017,94143000,98194497.56,543471,Miami Heat,16,MIA,Florida,East,Southeast,41,41,0.5,103.2,102.1,0.77,James Johnson,PF,29,4000000,4251018,76,5,27.4,4.8,10.1,0.479,1.1,3.4,0.34,3.7,6.8,0.548,0.535,2,2.8,0.707,0.9,4.1,4.9,3.6,1,1.1,2.3,2.6,12.8,2085,17,0.564,0.333,0.28,3.5,16.6,10,20.9,1.8,3.2,16.5,22,1.9,3.2,5.1,0.117,0.5,2.3,2.8,2.5
2016/2017,94143000,98194497.56,543471,Utah Jazz,29,UTA,Utah,West,Northwest,51,31,0.622,100.7,96.8,4,Joe Johnson,SF,35,11000000,11690301,78,14,23.6,3.5,8,0.436,1.4,3.3,0.411,2.1,4.7,0.454,0.521,0.8,1,0.818,0.4,2.7,3.1,1.8,0.5,0.2,0.9,1.2,9.2,1843,12.8,0.542,0.412,0.123,2.1,12.8,7.6,12.6,1,0.8,9.5,18.5,1.7,2.1,3.8,0.099,-0.2,-0.1,-0.3,0.8
2016/2017,94143000,98194497.56,543471,Detroit Pistons,9,DET,Michigan,East,Central,37,45,0.451,101.3,102.5,-1.29,Stanley Johnson,SF,20,2969880,3156253,77,1,17.8,1.7,4.7,0.353,0.6,2,0.292,1.1,2.7,0.398,0.415,0.5,0.7,0.679,0.5,2,2.5,1.4,0.7,0.3,0.9,1.6,4.4,1371,7.2,0.436,0.422,0.145,2.8,12.7,7.5,10.5,2.1,1.5,15.5,14.8,-1.4,1.8,0.4,0.012,-3.8,1.8,-2,0
2016/2017,94143000,98194497.56,543471,Miami Heat,16,MIA,Florida,East,Southeast,41,41,0.5,103.2,102.1,0.77,Tyler Johnson,PG,24,5628000,5981183,73,0,29.8,4.9,11.3,0.433,1.3,3.4,0.372,3.6,7.9,0.46,0.49,2.7,3.5,0.768,0.7,3.3,4,3.2,1.2,0.6,1.2,2.4,13.7,2178,15.9,0.535,0.303,0.308,2.5,12.5,7.4,16.6,1.9,1.6,8.8,20.9,3.1,2.7,5.8,0.128,0.7,0.8,1.5,1.9
2016/2017,94143000,98194497.56,543471,Los Angeles Clippers,13,LAC,California,West,Pacific,51,31,0.622,108.7,104.4,4.42,Wesley Johnson,SF,29,5628000,5981183,68,3,11.9,1.1,2.9,0.365,0.4,1.7,0.246,0.6,1.2,0.537,0.438,0.2,0.3,0.647,0.4,2.3,2.7,0.3,0.4,0.4,0.3,1.2,2.7,810,8.4,0.448,0.59,0.085,3.7,20.8,12.5,3.9,1.8,3,8,12.5,-0.3,1.2,0.9,0.051,-3.4,1.6,-1.8,0
2016/2017,94143000,98194497.56,543471,Denver Nuggets,8,DEN,Colorado,West,Northwest,40,42,0.488,111.7,111.2,0.7,Nikola Jokic,C,21,1358500,1443752,73,59,27.9,6.8,11.7,0.578,0.6,1.9,0.324,6.2,9.8,0.628,0.605,2.6,3.1,0.825,2.9,6.9,9.8,4.9,0.8,0.8,2.3,2.9,16.7,2038,26.3,0.64,0.163,0.267,11.6,27.2,19.5,28.8,1.5,2.1,15.2,23.5,7.7,2,9.7,0.228,6.2,2.2,8.4,5.3
2016/2017,94143000,98194497.56,543471,Cleveland Cavaliers,6,CLE,Ohio,East,Central,51,31,0.622,110.3,107.2,2.87,Dahntay Jones,SF,36,24022,25529,1,0,12,3,8,0.375,0,2,0,3,6,0.5,0.375,3,4,0.75,1,1,2,1,0,0,1,1,9,12,14.7,0.461,0.25,0.5,9.5,8.9,9.2,14.5,0,0,9.3,39.9,0,0,0,-0.03,-3.8,-7.1,-10.9,0
2016/2017,94143000,98194497.56,543471,Golden State Warriors,10,GSW,California,West,Pacific,67,15,0.817,115.9,104.3,11.35,Damian Jones,C,21,1171560,1245080,10,0,8.5,0.8,1.6,0.5,0,0,,0.8,1.6,0.5,0.5,0.3,1,0.3,0.9,1.4,2.3,0,0.1,0.4,0.6,1.5,1.9,85,5.3,0.466,0,0.625,12.4,17,14.8,0,0.6,3.7,22.7,13.4,-0.1,0.1,0,0.018,-7.5,-2.1,-9.6,-0.2
2016/2017,94143000,98194497.56,543471,Phoenix Suns,24,PHO,Arizona,West,Pacific,24,58,0.293,107.7,113.3,-5.14,Derrick Jones,SF,19,543471,577576,32,8,17,2.1,3.8,0.562,0.1,0.3,0.273,2,3.4,0.591,0.574,0.9,1.3,0.707,1.2,1.3,2.5,0.4,0.4,0.4,0.4,2,5.3,545,12,0.604,0.091,0.339,7.6,8.2,7.9,3.1,1.2,1.9,8.6,11.7,0.9,0.2,1.1,0.098,-0.5,-0.6,-1.1,0.1
2016/2017,94143000,98194497.56,543471,Cleveland Cavaliers,6,CLE,Ohio,East,Central,51,31,0.622,110.3,107.2,2.87,James Jones,SF,36,1551659,1649032,48,2,7.9,0.9,1.9,0.478,0.6,1.4,0.47,0.3,0.5,0.5,0.647,0.3,0.4,0.65,0.1,0.7,0.8,0.3,0.1,0.2,0.2,0.8,2.8,381,11.1,0.655,0.717,0.217,0.9,9.5,5.4,5.2,0.8,2.1,9,13,0.6,0.2,0.8,0.102,0,-1.6,-1.6,0
2016/2017,94143000,98194497.56,543471,#N/A,#N/A,TOT,#N/A,#N/A,#N/A,#N/A,#N/A,#N/A,#N/A,#N/A,#N/A,Terrence Jones,PF,25,1207194,1282950,54,12,23.5,4.3,9.1,0.47,0.4,1.4,0.253,3.9,7.7,0.508,0.489,1.9,3.1,0.606,1.2,4.5,5.7,1.1,0.7,1,0.9,1.2,10.8,1270,16.1,0.515,0.152,0.346,5.4,20.2,12.7,7.5,1.5,3.5,7.8,21.4,0.4,1.9,2.3,0.086,-2.7,1.3,-1.3,0.2
2016/2017,94143000,98194497.56,543471,New Orleans Pelicans,19,NOP,Louisiana,West,Southwest,34,48,0.415,104.3,106.4,-1.69,Terrence Jones,PF,25,1207194,1282950,51,12,24.8,4.5,9.6,0.472,0.4,1.5,0.253,4.2,8.1,0.512,0.492,2,3.3,0.606,1.3,4.7,5.9,1.2,0.8,1,0.9,1.3,11.5,1264,16.2,0.518,0.153,0.348,5.4,20,12.6,7.5,1.5,3.4,7.8,21.4,0.5,1.8,2.3,0.088,-2.6,1.3,-1.3,0.2
2016/2017,94143000,98194497.56,543471,Milwaukee Bucks,17,MIL,Wisconsin,East,Central,42,40,0.512,103.6,103.8,-0.45,Terrence Jones,PF,25,1207194,1282950,3,0,2,0,1,0,0,0,,0,1,0,0,0,0,,0,1,1,0,0.3,0.3,0,0,0,6,1.5,0,0,0,0,57.6,29.1,0,8.5,14.7,0,22.8,-0.1,0,0,-0.312,-26.7,6.6,-20.1,0
2016/2017,94143000,98194497.56,543471,Minnesota Timberwolves,18,MIN,Minnesota,West,Northwest,31,51,0.378,105.6,106.7,-0.64,Tyus Jones,PG,20,1339680,1423751,60,0,12.9,1.3,3,0.414,0.4,1.2,0.356,0.8,1.8,0.454,0.486,0.6,0.7,0.767,0.2,1,1.1,2.6,0.8,0.1,0.6,0.8,3.5,774,13.8,0.523,0.403,0.238,1.5,8.7,5,28,3.1,0.6,16,13.6,1,0.6,1.5,0.096,-0.4,-1.5,-1.8,0
2016/2017,94143000,98194497.56,543471,Los Angeles Clippers,13,LAC,California,West,Pacific,51,31,0.622,108.7,104.4,4.42,DeAndre Jordan,C,28,21165675,22493919,81,81,31.7,5.1,7.1,0.714,0,0,0,5.1,7.1,0.717,0.714,2.5,5.2,0.482,3.7,10.1,13.8,1.2,0.6,1.7,1.4,2.6,12.7,2570,21.8,0.673,0.003,0.737,13.3,34.6,24.2,5.7,1,4.3,13.1,15.3,7.2,4.6,11.8,0.221,1,3,4.1,3.9
2016/2017,94143000,98194497.56,543471,Toronto Raptors,28,TOR,Ontario,East,Atlantic,51,31,0.622,106.9,102.6,3.65,Cory Joseph,PG,25,7315000,7774050,80,22,25,3.7,8.3,0.452,0.6,1.7,0.356,3.1,6.6,0.477,0.489,1.2,1.5,0.77,0.6,2.3,2.9,3.3,0.8,0.2,1.4,1.8,9.3,2003,13.2,0.518,0.204,0.185,2.9,10.4,6.6,20,1.7,0.6,13.1,18.4,1.7,1.7,3.4,0.082,-0.4,-0.4,-0.8,0.6
2016/2017,94143000,98194497.56,543471,Charlotte Hornets,4,CHO,North Carolina,East,Southeast,36,46,0.439,104.9,104.7,-0.07,Frank Kaminsky,C,23,2730000,2901320,75,16,26.1,4.3,10.7,0.399,1.5,4.7,0.328,2.7,6,0.455,0.471,1.6,2.1,0.756,0.8,3.7,4.5,2.2,0.6,0.5,1,1.9,11.7,1954,13,0.502,0.441,0.195,3.2,15.8,9.5,13.5,1.2,1.5,8,21.8,0.4,1.9,2.3,0.056,-0.8,-0.8,-1.5,0.2
2016/2017,94143000,98194497.56,543471,Oklahoma City Thunder,21,OKC,Oklahoma,West,Northwest,47,35,0.573,106.6,105.8,1.14,Enes Kanter,C,24,17145838,18221819,72,0,21.3,5.6,10.2,0.545,0.1,0.5,0.132,5.5,9.7,0.568,0.549,3.1,4,0.786,2.7,4,6.7,0.9,0.4,0.5,1.7,2.1,14.3,1533,23.7,0.599,0.052,0.387,14.1,20.8,17.4,7.9,1,2,12.5,27.3,4,1.8,5.8,0.183,0.6,-1.9,-1.2,0.3
2016/2017,94143000,98194497.56,543471,Atlanta Hawks,1,ATL,Georgia,East,Southeast,43,39,0.524,103.2,104,-1.23,Ryan Kelly,PF,25,713305,758068,16,0,6.9,0.5,1.8,0.286,0.3,0.6,0.4,0.3,1.1,0.222,0.357,0.3,0.4,0.833,0.1,1.1,1.1,0.5,0.3,0.3,0.3,0.3,1.6,110,7.8,0.408,0.357,0.214,1,16.7,9,10.2,1.8,3.9,11.5,13.7,-0.1,0.2,0.1,0.029,-6.2,2.3,-3.9,-0.1
2016/2017,94143000,98194497.56,543471,Charlotte Hornets,4,CHO,North Carolina,East,Southeast,36,46,0.439,104.9,104.7,-0.07,Michael Kidd-Gilchrist,SF,23,13000000,13815810,81,81,29,3.6,7.6,0.477,0,0.1,0.111,3.6,7.5,0.483,0.478,1.9,2.4,0.784,1.9,5,7,1.4,1,1,0.7,2.3,9.2,2349,14.3,0.528,0.015,0.314,7.3,19.3,13.2,7.4,1.7,2.9,7.4,14.6,2.7,3.1,5.8,0.119,-2,2.2,0.2,1.3
2016/2017,94143000,98194497.56,543471,Brooklyn Nets,3,BRK,New York,East,Atlantic,20,62,0.244,105.8,112.5,-6.74,Sean Kilpatrick,SG,27,980431,1041957,70,24,25.1,4.4,10.5,0.415,1.5,4.4,0.341,2.9,6.1,0.468,0.486,2.9,3.5,0.843,0.3,3.7,4,2.2,0.6,0.1,1.9,1.7,13.1,1754,13.1,0.546,0.419,0.329,1.3,15.4,8.4,14.6,1.2,0.3,13.8,23.8,0.4,1.1,1.4,0.04,-1.2,-1.8,-3,-0.4
2016/2017,94143000,98194497.56,543471,Phoenix Suns,24,PHO,Arizona,West,Pacific,24,58,0.293,107.7,113.3,-5.14,Brandon Knight,SG,25,12606250,13397350,54,5,21.1,3.9,9.7,0.398,0.8,2.6,0.324,3,7.1,0.425,0.441,2.4,2.9,0.857,0.5,1.7,2.2,2.4,0.5,0.1,1.6,1.6,11,1140,12.4,0.502,0.265,0.293,2.3,9.1,5.6,17.8,1.1,0.4,12.9,25,0.1,0.2,0.3,0.015,-1.4,-3,-4.5,-0.7
2016/2017,94143000,98194497.56,543471,#N/A,#N/A,TOT,#N/A,#N/A,#N/A,#N/A,#N/A,#N/A,#N/A,#N/A,#N/A,Kyle Korver,SG,35,5239437,5568236,67,22,26.2,3.6,7.7,0.464,2.4,5.4,0.451,1.1,2.3,0.494,0.621,0.6,0.6,0.905,0.1,2.7,2.8,1.6,0.5,0.3,1,1.6,10.1,1753,12.1,0.635,0.697,0.082,0.5,11,5.8,9.4,1,1,11.5,15.2,2.3,1.3,3.7,0.1,0.8,-1,-0.2,0.8
2016/2017,94143000,98194497.56,543471,Atlanta Hawks,1,ATL,Georgia,East,Southeast,43,39,0.524,103.2,104,-1.23,Kyle Korver,SG,35,5239437,5568236,32,21,27.9,3.4,7.7,0.439,2,5,0.409,1.3,2.7,0.494,0.571,0.8,0.8,0.889,0,2.8,2.8,2.3,0.7,0.4,1.3,1.5,9.5,894,10.8,0.591,0.646,0.11,0,10.8,5.5,12.6,1.3,1.2,13.4,14.5,0.7,1,1.6,0.088,-0.5,0.1,-0.4,0.4
2016/2017,94143000,98194497.56,543471,Cleveland Cavaliers,6,CLE,Ohio,East,Central,51,31,0.622,110.3,107.2,2.87,Kyle Korver,SG,35,5239437,5568236,35,1,24.5,3.7,7.7,0.487,2.8,5.7,0.485,1,2,0.493,0.667,0.4,0.4,0.933,0.2,2.6,2.8,1,0.3,0.2,0.8,1.7,10.7,859,13.5,0.677,0.743,0.056,0.9,11.2,6.2,6.1,0.6,0.8,9.5,15.8,1.6,0.4,2,0.114,2.2,-2.2,0,0.4
2016/2017,94143000,98194497.56,543471,Sacramento Kings,26,SAC,California,West,Pacific,32,50,0.39,102.8,106.7,-3.29,Kosta Koufos,C,27,8046500,8551455,71,62,20,3,5.5,0.551,0,0,0,3,5.5,0.552,0.551,0.5,0.9,0.613,1.7,4,5.7,0.7,0.5,0.7,0.9,2.4,6.6,1419,13.8,0.56,0.003,0.158,9.7,23,16.4,5.3,1.3,3.1,12.7,15.3,1.2,1.4,2.6,0.089,-2.6,0.7,-1.9,0
2016/2017,94143000,98194497.56,543471,New York Knicks,20,NYK,New York,East,Atlantic,31,51,0.378,104.3,108,-3.87,Mindaugas Kuzminskas,SF,27,2898000,3079862,68,5,14.9,2.3,5.4,0.428,0.8,2.5,0.321,1.5,3,0.517,0.501,0.8,1,0.809,0.7,1.2,1.9,1,0.4,0.2,0.8,1.2,6.3,1016,12.4,0.533,0.455,0.184,5,8.4,6.7,10.3,1.4,0.9,11.3,19.2,0.8,0.4,1.2,0.055,-0.2,-2.5,-2.7,-0.2
2016/2017,94143000,98194497.56,543471,Sacramento Kings,26,SAC,California,West,Pacific,32,50,0.39,102.8,106.7,-3.29,Skal Labissiere,PF,20,1188840,1263445,33,12,18.5,3.5,6.6,0.537,0.1,0.2,0.375,3.5,6.4,0.543,0.544,1.6,2.2,0.703,1.5,3.4,4.9,0.8,0.5,0.4,1.1,1.9,8.8,612,16.8,0.577,0.037,0.339,9.7,20.7,15.3,7.5,1.3,1.9,12.9,21.3,0.7,0.5,1.3,0.099,-1.7,-0.9,-2.6,-0.1
2016/2017,94143000,98194497.56,543471,Charlotte Hornets,4,CHO,North Carolina,East,Southeast,36,46,0.439,104.9,104.7,-0.07,Jeremy Lamb,SG,24,7000000,7439282,62,5,18.4,3.6,7.9,0.46,0.7,2.4,0.281,3,5.6,0.536,0.502,1.8,2.1,0.853,0.5,3.8,4.3,1.2,0.4,0.4,0.6,1.6,9.7,1143,17,0.55,0.297,0.263,2.9,22.6,12.7,11.3,1.2,1.8,6.8,23.2,1.4,1.3,2.7,0.115,-0.8,-0.9,-1.7,0.1
2016/2017,94143000,98194497.56,543471,San Antonio Spurs,27,SAS,Texas,West,Southwest,61,21,0.744,105.3,98.1,7.13,Nicolas Laprovittola,PG,27,204601,217440,18,3,9.7,1.1,2.6,0.426,0.6,1.5,0.37,0.6,1.1,0.5,0.532,0.5,0.5,1,0.1,0.5,0.6,1.6,0.2,0.1,1.1,1.1,3.3,174,8.4,0.579,0.574,0.191,0.7,5.7,3.3,23,1.2,0.5,27.2,18.2,0,0.2,0.2,0.044,-2.5,-2.4,-4.9,-0.1
2016/2017,94143000,98194497.56,543471,#N/A,#N/A,TOT,#N/A,#N/A,#N/A,#N/A,#N/A,#N/A,#N/A,#N/A,#N/A,Joffrey Lauvergne,PF-C,25,1709719,1817011,70,1,14,2.1,4.8,0.44,0.5,1.4,0.337,1.6,3.4,0.483,0.49,0.7,1,0.63,1,2.6,3.6,1,0.4,0.1,0.8,1.2,5.4,980,12.6,0.509,0.292,0.217,8,20.2,14.1,10.8,1.3,0.5,13.2,18.5,0.4,1.1,1.5,0.075,-2.3,-0.9,-3.2,-0.3
2016/2017,94143000,98194497.56,543471,Oklahoma City Thunder,21,OKC,Oklahoma,West,Northwest,47,35,0.573,106.6,105.8,1.14,Joffrey Lauvergne,PF,25,1709719,1817011,50,0,14.8,2.2,4.9,0.455,0.5,1.6,0.346,1.7,3.3,0.506,0.51,0.7,1.2,0.638,1,2.6,3.7,1,0.4,0.1,0.8,1.4,5.7,739,12.9,0.531,0.32,0.238,7.6,19.8,13.7,10.3,1.2,0.6,12.9,17.8,0.6,0.8,1.4,0.091,-1.9,-1,-2.9,-0.2
2016/2017,94143000,98194497.56,543471,Chicago Bulls,5,CHI,Illinois,East,Central,41,41,0.5,102.9,102.4,0.03,Joffrey Lauvergne,C,25,1709719,1817011,20,1,12.1,1.9,4.6,0.402,0.3,1,0.3,1.6,3.6,0.431,0.435,0.5,0.8,0.6,1.1,2.4,3.4,1,0.4,0,0.8,0.6,4.5,241,11.6,0.451,0.217,0.163,9.3,21.2,15.2,12.2,1.5,0,14,20.7,-0.2,0.3,0.1,0.025,-3.5,-0.6,-4,-0.1
2016/2017,94143000,98194497.56,543471,Minnesota Timberwolves,18,MIN,Minnesota,West,Northwest,31,51,0.378,105.6,106.7,-0.64,Zach LaVine,SG,21,2240880,2381505,47,47,37.2,6.9,15.1,0.459,2.6,6.6,0.387,4.4,8.5,0.515,0.544,2.5,3,0.836,0.4,3,3.4,3,0.9,0.2,1.8,2.2,18.9,1749,14.6,0.576,0.437,0.197,1.2,9.5,5.3,12.6,1.2,0.5,9.9,21.7,2.6,0.4,3,0.082,2.2,-2.4,-0.3,0.8
2016/2017,94143000,98194497.56,543471,Sacramento Kings,26,SAC,California,West,Pacific,32,50,0.39,102.8,106.7,-3.29,Ty Lawson,PG,29,1315448,1397998,69,24,25.1,3.4,7.6,0.454,0.5,1.7,0.288,2.9,5.9,0.502,0.487,2.5,3.1,0.797,0.6,2,2.6,4.8,1.1,0.1,1.9,1.7,9.9,1732,15.4,0.551,0.226,0.416,3,8.9,6,29.9,2.2,0.3,17.3,19.5,2.2,1,3.2,0.088,0.2,-1.5,-1.3,0.3
2016/2017,94143000,98194497.56,543471,Portland Trail Blazers,25,POR,Oregon,West,Northwest,41,41,0.5,107.9,108.5,-0.23,Jake Layman,SF,22,600000,637652,35,1,7.1,0.7,2.5,0.292,0.4,1.5,0.255,0.4,1.1,0.342,0.365,0.4,0.5,0.765,0.2,0.5,0.7,0.3,0.3,0.1,0.3,0.6,2.2,249,4.9,0.404,0.573,0.191,2.7,8,5.3,6.2,1.8,1,10.2,19,-0.4,0.1,-0.3,-0.054,-4.7,-2.7,-7.4,-0.3
2016/2017,94143000,98194497.56,543471,New York Knicks,20,NYK,New York,East,Atlantic,31,51,0.378,104.3,108,-3.87,Courtney Lee,SG,31,11242000,11947487,77,74,31.9,4.2,9.1,0.456,1.4,3.5,0.401,2.8,5.6,0.49,0.533,1.1,1.3,0.867,0.7,2.7,3.4,2.3,1.1,0.3,0.9,1.8,10.8,2459,12.2,0.559,0.382,0.139,2.3,9,5.7,10.6,1.6,0.8,8.5,14.4,3.1,1.1,4.2,0.081,0.6,-0.7,-0.1,1.1
2016/2017,94143000,98194497.56,543471,San Antonio Spurs,27,SAS,Texas,West,Southwest,61,21,0.744,105.3,98.1,7.13,David Lee,PF,33,1551659,1649032,79,10,18.7,3.1,5.3,0.59,0,0,,3.1,5.3,0.59,0.59,1,1.4,0.708,1.9,3.7,5.6,1.6,0.4,0.5,1,1.6,7.3,1477,18.5,0.613,0,0.269,11.7,21.9,16.9,13,1.1,2.2,14.9,16.9,3.2,2.5,5.7,0.186,0.7,2.5,3.2,1.9
2016/2017,94143000,98194497.56,543471,Phoenix Suns,24,PHO,Arizona,West,Pacific,24,58,0.293,107.7,113.3,-5.14,Alex Len,C,23,4823621,5126325,77,34,20.3,3,6,0.497,0,0.2,0.25,2.9,5.9,0.503,0.5,1.9,2.7,0.721,2,4.6,6.6,0.6,0.5,1.3,1.3,3.1,8,1560,15,0.553,0.026,0.449,10.6,25.3,17.8,4.2,1.2,5.1,15.5,17.6,1.2,1.7,3,0.091,-3,1.3,-1.7,0.1
2016/2017,94143000,98194497.56,543471,San Antonio Spurs,27,SAS,Texas,West,Southwest,61,21,0.744,105.3,98.1,7.13,Kawhi Leonard,SF,25,17638063,18744933,74,74,33.4,8.6,17.7,0.485,2,5.2,0.38,6.6,12.5,0.529,0.541,6.3,7.2,0.88,1.1,4.7,5.8,3.5,1.8,0.7,2.1,1.6,25.5,2474,27.6,0.61,0.295,0.406,3.7,15.7,9.8,18.9,2.7,1.8,9.1,31.1,8.9,4.7,13.6,0.264,6.4,1.5,7.9,6.2
2016/2017,94143000,98194497.56,543471,Portland Trail Blazers,25,POR,Oregon,West,Northwest,41,41,0.5,107.9,108.5,-0.23,Meyers Leonard,PF,24,9213484,9791672,74,12,16.5,2,5.1,0.386,1,2.9,0.347,1,2.2,0.436,0.484,0.5,0.5,0.875,0.4,2.8,3.2,1,0.2,0.4,0.5,2.3,5.4,1222,8.9,0.507,0.563,0.106,2.4,19.1,10.8,8.4,0.5,1.8,8.1,15.5,0.5,0.8,1.4,0.053,-2.1,-1.3,-3.3,-0.4
2016/2017,94143000,98194497.56,543471,Detroit Pistons,9,DET,Michigan,East,Central,37,45,0.451,101.3,102.5,-1.29,Jon Leuer,PF,27,10991957,11681753,75,34,25.9,4.1,8.6,0.48,0.7,2.2,0.293,3.5,6.4,0.545,0.518,1.3,1.5,0.867,1.4,4,5.4,1.5,0.4,0.3,0.9,1.9,10.2,1944,14.2,0.551,0.259,0.175,5.5,17.5,11.3,8.6,0.8,1.1,8.7,17.3,2.5,2,4.5,0.112,-0.4,0.5,0.1,1
2016/2017,94143000,98194497.56,543471,Brooklyn Nets,3,BRK,New York,East,Atlantic,20,62,0.244,105.8,112.5,-6.74,Caris LeVert,SF,22,1562280,1660320,57,26,21.7,3,6.7,0.45,1,3.2,0.321,2,3.4,0.571,0.528,1.2,1.6,0.72,0.4,2.9,3.3,1.9,0.9,0.1,1,1.6,8.2,1237,12.3,0.556,0.484,0.245,2,13.9,8,13.7,1.9,0.5,12.3,16.6,0.8,1,1.8,0.07,-0.7,-0.4,-1.1,0.3
2016/2017,94143000,98194497.56,543471,#N/A,#N/A,TOT,#N/A,#N/A,#N/A,#N/A,#N/A,#N/A,#N/A,#N/A,#N/A,DeAndre Liggins,SG,28,1015695,1079433,62,19,12.5,0.9,2.3,0.387,0.3,0.7,0.37,0.6,1.5,0.396,0.447,0.4,0.6,0.625,0.3,1.4,1.7,0.9,0.8,0.2,0.7,1.3,2.5,777,7.5,0.476,0.324,0.282,2.9,12.2,7.7,9.2,3,1.5,20.8,11.6,-0.4,0.9,0.5,0.031,-3.9,1.8,-2.1,0
2016/2017,94143000,98194497.56,543471,Cleveland Cavaliers,6,CLE,Ohio,East,Central,51,31,0.622,110.3,107.2,2.87,DeAndre Liggins,SG,28,1015695,1079433,61,19,12.3,0.9,2.2,0.382,0.3,0.7,0.378,0.6,1.5,0.385,0.445,0.4,0.6,0.622,0.3,1.4,1.7,0.9,0.7,0.2,0.7,1.3,2.4,752,7.2,0.473,0.331,0.272,2.6,11.9,7.4,9.5,3,1.5,21.6,11.5,-0.5,0.9,0.4,0.025,-4,2,-2,0
2016/2017,94143000,98194497.56,543471,Dallas Mavericks,7,DAL,Texas,West,Southwest,33,49,0.402,97.9,100.8,-2.53,DeAndre Liggins,SG,28,1015695,1079433,1,0,25,3,6,0.5,0,1,0,3,5,0.6,0.5,2,3,0.667,3,4,7,0,2,0,0,3,8,25,17.6,0.546,0.167,0.5,13.3,19.5,16.3,0,4.2,0,0,13.8,0.1,0,0.1,0.194,-1.9,-2,-3.9,0
2016/2017,94143000,98194497.56,543471,Portland Trail Blazers,25,POR,Oregon,West,Northwest,41,41,0.5,107.9,108.5,-0.23,Damian Lillard,PG,26,24328425,25855146,75,75,35.9,8.8,19.8,0.444,2.9,7.7,0.37,6,12.1,0.492,0.516,6.5,7.3,0.895,0.6,4.3,4.9,5.9,0.9,0.3,2.6,2,27,2694,24.1,0.586,0.389,0.366,1.9,13.3,7.6,28.7,1.3,0.6,10.2,31.5,8.8,1.5,10.4,0.185,6.4,-2,4.3,4.3
2016/2017,94143000,98194497.56,543471,Brooklyn Nets,3,BRK,New York,East,Atlantic,20,62,0.244,105.8,112.5,-6.74,Jeremy Lin,PG,28,11483254,12203881,36,33,24.5,4.9,11.1,0.438,1.6,4.3,0.372,3.3,6.8,0.48,0.51,3.2,3.9,0.816,0.3,3.4,3.8,5.1,1.2,0.4,2.4,2.2,14.5,883,19.2,0.566,0.39,0.353,1.3,14.7,8.1,35.5,2.3,1.2,15.7,26.6,1.3,0.8,2.1,0.116,2.5,-0.4,2.2,0.9
2016/2017,94143000,98194497.56,543471,Golden State Warriors,10,GSW,California,West,Pacific,67,15,0.817,115.9,104.3,11.35,Shaun Livingston,PG,31,5782450,6145325,76,3,17.7,2.3,4.2,0.547,0,0,0.333,2.3,4.1,0.55,0.549,0.6,0.8,0.7,0.4,1.6,2,1.8,0.5,0.3,0.8,1.6,5.1,1345,10.1,0.568,0.009,0.19,2.4,9.4,6.2,13.5,1.4,1.2,15.3,13,1.1,1.6,2.6,0.093,-2.5,0.5,-2,0
2016/2017,94143000,98194497.56,543471,Philadelphia 76ers,23,PHI,Pennsylvania,East,Atlantic,28,54,0.341,102.4,108.1,-5.83,Shawn Long,C,24,154512,164208,18,0,13,3.4,6.1,0.56,0.4,1.1,0.368,3,5,0.6,0.592,1.1,1.9,0.543,2.3,2.4,4.7,0.7,0.5,0.5,0.7,2.7,8.2,234,24.1,0.595,0.174,0.321,19.3,20.8,20,10.7,1.9,3.1,9.5,25.4,0.6,0.3,0.9,0.195,3.4,0,3.4,0.3
2016/2017,94143000,98194497.56,543471,Golden State Warriors,10,GSW,California,West,Pacific,67,15,0.817,115.9,104.3,11.35,Kevon Looney,C,20,1182840,1257068,53,4,8.4,1.1,2,0.523,0,0.2,0.222,1,1.8,0.551,0.533,0.4,0.6,0.618,0.8,1.5,2.3,0.5,0.3,0.3,0.3,1.2,2.5,447,13.6,0.553,0.084,0.318,11.5,18.5,15.2,8.5,1.6,3,12.2,13.4,0.7,0.8,1.4,0.155,-1.4,1.8,0.4,0.3
2016/2017,94143000,98194497.56,543471,Brooklyn Nets,3,BRK,New York,East,Atlantic,20,62,0.244,105.8,112.5,-6.74,Brook Lopez,C,28,21165675,22493919,75,75,29.6,7.4,15.6,0.474,1.8,5.2,0.346,5.6,10.5,0.536,0.531,3.9,4.9,0.81,1.6,3.8,5.4,2.3,0.5,1.7,2.5,2.6,20.5,2222,20.4,0.578,0.33,0.311,5.8,13.3,9.6,14.8,0.8,4.2,12.1,29.2,3.1,1.8,4.9,0.105,1.9,-0.4,1.5,2
2016/2017,94143000,98194497.56,543471,Chicago Bulls,5,CHI,Illinois,East,Central,41,41,0.5,102.9,102.4,0.03,Robin Lopez,C,28,13219250,14048819,81,81,28,4.7,9.6,0.493,0,0,0,4.7,9.5,0.494,0.493,0.9,1.3,0.721,3,3.4,6.4,1,0.2,1.4,1.1,1.9,10.4,2271,14.4,0.511,0.003,0.134,11.5,13.2,12.3,5.6,0.4,4.1,10,17.5,1.8,2.4,4.3,0.09,-1.9,1,-0.9,0.6
2016/2017,94143000,98194497.56,543471,Cleveland Cavaliers,6,CLE,Ohio,East,Central,51,31,0.622,110.3,107.2,2.87,Kevin Love,PF,28,21165675,22493919,60,60,31.4,6.2,14.5,0.427,2.4,6.5,0.373,3.8,8,0.471,0.51,4.3,4.9,0.871,2.5,8.6,11.1,1.9,0.9,0.4,2,2.1,19,1885,21.1,0.573,0.449,0.34,8.9,29.3,19.5,9.8,1.4,0.9,10.9,26.4,4,2.4,6.4,0.163,1.7,-0.9,0.8,1.3
2016/2017,94143000,98194497.56,543471,Toronto Raptors,28,TOR,Ontario,East,Atlantic,51,31,0.622,106.9,102.6,3.65,Kyle Lowry,PG,30,12000000,12753055,60,60,37.4,7.1,15.3,0.464,3.2,7.8,0.412,3.9,7.5,0.518,0.569,5,6.1,0.819,0.8,4,4.8,7,1.5,0.3,2.9,2.8,22.4,2244,22.9,0.623,0.51,0.398,2.4,12,7.2,29.9,2,0.7,13.8,24.9,7.8,2.3,10.1,0.216,7.1,-0.5,6.6,4.9
2016/2017,94143000,98194497.56,543471,Minnesota Timberwolves,18,MIN,Minnesota,West,Northwest,31,51,0.378,105.6,106.7,-0.64,John Lucas,PG,34,580344,616763,5,0,2.2,0.2,0.8,0.25,0,0.2,0,0.2,0.6,0.333,0.25,0,0,,0,0,0,0.2,0.4,0,0,0,0.4,11,9.1,0.25,0.25,0,0,0,0,12.5,9.2,0,0,16.1,0,0,0,-0.033,-6,0.5,-5.6,0
2016/2017,94143000,98194497.56,543471,Philadelphia 76ers,23,PHI,Pennsylvania,East,Atlantic,28,54,0.341,102.4,108.1,-5.83,Timothe Luwawu,SF,21,1326960,1410232,69,19,17.2,2.1,5.2,0.402,0.7,2.3,0.311,1.4,2.9,0.475,0.471,1.5,1.8,0.854,0.4,1.8,2.2,1.1,0.5,0.1,1.1,2.2,6.4,1190,8.5,0.536,0.446,0.341,2.3,11.5,6.9,9.6,1.3,0.7,15,17.8,0,0.8,0.8,0.034,-2.8,-1.2,-4,-0.6
2016/2017,94143000,98194497.56,543471,Utah Jazz,29,UTA,Utah,West,Northwest,51,31,0.622,100.7,96.8,4,Trey Lyles,PF,21,2340600,2487483,71,4,16.3,2.2,6.2,0.362,0.9,2.9,0.319,1.3,3.3,0.4,0.436,0.8,1.1,0.722,0.7,2.6,3.3,1,0.4,0.3,0.9,1.4,6.2,1158,9.9,0.464,0.465,0.18,4.9,18.1,11.7,9.5,1.2,1.4,11.9,21.7,-0.9,1.6,0.8,0.031,-3,-0.1,-3,-0.3
2016/2017,94143000,98194497.56,543471,Washington Wizards,30,WAS,Washington DC,East,Southeast,49,33,0.598,109.2,107.4,1.36,Sheldon Mac,SG,24,543471,577576,30,3,9.6,1,2.5,0.4,0.2,1,0.233,0.8,1.5,0.511,0.447,0.8,0.9,0.852,0.1,1,1.1,0.5,0.3,0.1,0.2,0.6,3,287,10.1,0.518,0.4,0.36,1.6,11.7,6.7,7,1.4,0.6,5.4,14,0.3,0.2,0.5,0.076,-2.1,-1.4,-3.6,-0.1
2016/2017,94143000,98194497.56,543471,Utah Jazz,29,UTA,Utah,West,Northwest,51,31,0.622,100.7,96.8,4,Shelvin Mack,PG,26,2433334,2586037,55,9,21.9,3.1,6.9,0.446,0.7,2.2,0.308,2.4,4.7,0.51,0.495,1,1.4,0.688,0.4,1.9,2.3,2.8,0.8,0.1,1.6,1.8,7.8,1205,10.9,0.518,0.315,0.202,2,9.8,6,20.4,1.8,0.2,17.8,19.6,-0.1,1.5,1.4,0.054,-1.7,-0.1,-1.8,0.1
2016/2017,94143000,98194497.56,543471,Washington Wizards,30,WAS,Washington DC,East,Southeast,49,33,0.598,109.2,107.4,1.36,Ian Mahinmi,C,30,16000000,17004074,31,0,17.9,2.1,3.6,0.586,0,0,,2.1,3.6,0.586,0.586,1.4,2.4,0.573,1.5,3.3,4.8,0.6,1.1,0.8,1.1,2.9,5.6,555,14.1,0.601,0,0.676,9.6,20.8,15.2,4.7,2.9,3.6,19.1,14,0.5,0.9,1.4,0.123,-2.1,2.9,0.8,0.4
2016/2017,94143000,98194497.56,543471,Milwaukee Bucks,17,MIL,Wisconsin,East,Central,42,40,0.512,103.6,103.8,-0.45,Thon Maker,C,19,2568600,2729791,57,34,9.9,1.5,3.2,0.459,0.5,1.3,0.378,1,1.9,0.514,0.536,0.6,0.9,0.653,0.7,1.3,2,0.4,0.2,0.5,0.3,1.5,4,562,14,0.558,0.409,0.271,8.4,15.2,11.8,6.2,0.9,4.1,7.7,17.8,0.8,0.5,1.3,0.113,-0.5,-1,-1.5,0.1
2016/2017,94143000,98194497.56,543471,Detroit Pistons,9,DET,Michigan,East,Central,37,45,0.451,101.3,102.5,-1.29,Boban Marjanovic,C,28,5628000,5981183,35,0,8.4,2.1,3.8,0.545,0,0,,2.1,3.8,0.545,0.545,1.3,1.7,0.81,1.3,2.4,3.7,0.3,0.2,0.3,0.3,0.7,5.5,293,29.6,0.606,0,0.439,16.5,32.5,24.2,5.3,1,3.4,6,25.3,1.2,0.5,1.7,0.28,1,-0.9,0.1,0.2
2016/2017,94143000,98194497.56,543471,Memphis Grizzlies,15,MEM,Tennessee,West,Southwest,43,39,0.524,100.5,100,0.96,Jarell Martin,PF,22,1286160,1366872,42,3,13.3,1.4,3.6,0.384,0.2,0.6,0.36,1.2,3,0.389,0.414,1,1.2,0.8,1,2.9,3.9,0.2,0.4,0.2,0.7,2.2,3.9,558,8.7,0.477,0.166,0.331,8.4,25.3,16.6,2.2,1.6,1.5,13.9,16.4,-0.2,0.8,0.6,0.054,-5.8,-0.6,-6.4,-0.6
2016/2017,94143000,98194497.56,543471,Dallas Mavericks,7,DAL,Texas,West,Southwest,33,49,0.402,97.9,100.8,-2.53,Wesley Matthews,SG,30,17145838,18221819,73,73,34.2,4.6,11.6,0.393,2.4,6.6,0.363,2.2,5,0.432,0.496,2,2.5,0.816,0.2,3.3,3.5,2.9,1.1,0.2,1.4,2.2,13.5,2495,11.9,0.533,0.566,0.211,0.8,11.8,6,13.6,1.6,0.5,9.9,19.4,1,2.1,3.1,0.06,0.2,-0.1,0.1,1.3
2016/2017,94143000,98194497.56,543471,Los Angeles Clippers,13,LAC,California,West,Pacific,51,31,0.622,108.7,104.4,4.42,Luc Mbah a Moute,SF,30,2203000,2341248,80,76,22.3,2.4,4.7,0.505,0.5,1.4,0.391,1.9,3.4,0.552,0.562,0.7,1.1,0.678,0.6,1.6,2.1,0.5,1,0.4,0.6,1.5,6.1,1787,10.2,0.581,0.291,0.23,2.8,7.7,5.3,3.1,2.3,1.6,10,11.6,1.3,1.8,3.1,0.084,-0.8,1.6,0.7,1.2
2016/2017,94143000,98194497.56,543471,Golden State Warriors,10,GSW,California,West,Pacific,67,15,0.817,115.9,104.3,11.35,James Michael McAdoo,PF,24,980431,1041957,52,2,8.8,1.2,2.3,0.53,0,0.2,0.25,1.2,2.1,0.55,0.538,0.4,0.8,0.5,0.7,1.1,1.8,0.3,0.3,0.6,0.4,0.9,2.8,457,13.1,0.543,0.068,0.359,8.7,12.9,10.9,5.2,1.9,5,12.3,14.6,0.3,0.8,1.1,0.117,-2.8,2.4,-0.4,0.2
2016/2017,94143000,98194497.56,543471,Golden State Warriors,10,GSW,California,West,Pacific,67,15,0.817,115.9,104.3,11.35,Patrick McCaw,SG,21,543471,577576,71,20,15.1,1.5,3.5,0.433,0.6,1.7,0.333,0.9,1.7,0.533,0.516,0.4,0.5,0.784,0.3,1.1,1.4,1.1,0.5,0.2,0.5,0.9,4,1074,8.6,0.54,0.502,0.151,2.3,7.6,5.1,9,1.4,1.1,12.1,11.9,0.5,1.2,1.7,0.077,-1.6,-0.2,-1.8,0.1
2016/2017,94143000,98194497.56,543471,Portland Trail Blazers,25,POR,Oregon,West,Northwest,41,41,0.5,107.9,108.5,-0.23,CJ McCollum,SG,25,3219579,3421622,80,80,35,8.7,18,0.48,2.3,5.5,0.421,6.3,12.5,0.506,0.544,3.4,3.7,0.912,0.8,2.9,3.6,3.6,0.9,0.5,2.2,2.5,23,2796,19.9,0.585,0.305,0.204,2.4,9.1,5.7,18,1.3,1.2,9.9,27.5,6.2,1.4,7.6,0.131,3.2,-2.3,1,2.1
2016/2017,94143000,98194497.56,543471,Philadelphia 76ers,23,PHI,Pennsylvania,East,Atlantic,28,54,0.341,102.4,108.1,-5.83,TJ McConnell,PG,24,874636,929523,81,51,26.3,2.9,6.3,0.461,0.1,0.7,0.2,2.8,5.6,0.492,0.472,0.9,1.1,0.811,0.5,2.6,3.1,6.6,1.7,0.1,2,1.7,6.9,2133,13.7,0.504,0.107,0.176,2,11,6.5,37.5,3.1,0.4,22.4,14.4,1.4,2.4,3.8,0.084,-2,0.1,-1.9,0
2016/2017,94143000,98194497.56,543471,#N/A,#N/A,TOT,#N/A,#N/A,#N/A,#N/A,#N/A,#N/A,#N/A,#N/A,#N/A,Chris McCullough,PF,21,1191480,1266250,16,0,5,1,2,0.5,0.1,0.4,0.143,0.9,1.6,0.6,0.516,0.2,0.3,0.6,0.6,0.6,1.2,0.1,0.1,0.1,0.2,0.4,2.3,80,15.2,0.526,0.219,0.156,12.1,13.3,12.7,4.4,1.2,1.9,8.1,19.9,0.1,0.1,0.1,0.072,-1.9,-2.6,-4.6,-0.1
2016/2017,94143000,98194497.56,543471,Brooklyn Nets,3,BRK,New York,East,Atlantic,20,62,0.244,105.8,112.5,-6.74,Chris McCullough,PF,21,1191480,1266250,14,0,5.1,1.1,2.2,0.516,0.1,0.4,0.167,1.1,1.8,0.6,0.532,0.1,0.2,0.667,0.6,0.6,1.2,0.1,0.1,0.1,0.1,0.5,2.5,72,16.8,0.541,0.194,0.097,13.4,11.6,12.5,4.9,0.7,2.1,5.8,20.4,0.1,0,0.1,0.098,-0.9,-3,-3.8,0
2016/2017,94143000,98194497.56,543471,Washington Wizards,30,WAS,Washington DC,East,Southeast,49,33,0.598,109.2,107.4,1.36,Chris McCullough,PF,21,1191480,1266250,2,0,4,0,0.5,0,0,0.5,0,0,0,,0,0.5,1,0.5,0,1,1,0,0.5,0,0.5,0,0.5,8,1.1,0.266,1,2,0,28.1,14.1,0,6.2,0,34.7,15.7,0,0,0,-0.162,-11.8,0.3,-11.5,0
2016/2017,94143000,98194497.56,543471,#N/A,#N/A,TOT,#N/A,#N/A,#N/A,#N/A,#N/A,#N/A,#N/A,#N/A,#N/A,KJ McDaniels,SF,23,3333333,3542515,49,0,10.3,1.6,3.4,0.456,0.4,1.3,0.303,1.2,2.1,0.553,0.515,0.7,0.8,0.842,0.3,1.4,1.7,0.3,0.4,0.4,0.6,1,4.2,505,11.5,0.555,0.391,0.225,3.2,14.1,8.7,4,1.8,2.8,13.5,18.1,0,0.5,0.5,0.051,-3.5,-0.6,-4.1,-0.3
2016/2017,94143000,98194497.56,543471,Houston Rockets,11,HOU,Texas,West,Southwest,55,27,0.671,115.3,109.6,5.84,KJ McDaniels,SF,23,3333333,3542515,29,0,7.3,1.1,2.3,0.456,0.3,0.9,0.333,0.8,1.4,0.537,0.522,0.3,0.3,0.9,0.2,0.8,1,0.1,0.2,0.3,0.3,0.8,2.8,212,10.2,0.552,0.397,0.147,3.1,12.4,7.7,2.7,1.6,3,12.1,16.4,0,0.2,0.3,0.058,-3.7,-1,-4.7,-0.1
2016/2017,94143000,98194497.56,543471,Brooklyn Nets,3,BRK,New York,East,Atlantic,20,62,0.244,105.8,112.5,-6.74,KJ McDaniels,SF,23,3333333,3542515,20,0,14.7,2.3,5.1,0.455,0.6,2,0.282,1.8,3.1,0.565,0.51,1.2,1.4,0.821,0.5,2.2,2.6,0.5,0.6,0.5,1,1.3,6.3,293,12.5,0.556,0.386,0.277,3.3,15.3,9.4,4.9,1.9,2.6,14.4,19.3,0,0.3,0.3,0.046,-3.2,-0.4,-3.7,-0.1
2016/2017,94143000,98194497.56,543471,#N/A,#N/A,TOT,#N/A,#N/A,#N/A,#N/A,#N/A,#N/A,#N/A,#N/A,#N/A,Doug McDermott,SF,25,2483040,2638862,66,5,22.8,3.4,7.5,0.447,1.2,3.2,0.37,2.2,4.4,0.502,0.524,1.1,1.3,0.845,0.3,2.4,2.7,0.9,0.2,0.1,0.6,1.2,9,1508,10.7,0.554,0.419,0.169,1.4,11.5,6.4,5.9,0.4,0.3,6.6,16.4,1.6,1,2.6,0.083,-1.2,-2.3,-3.5,-0.6
2016/2017,94143000,98194497.56,543471,Chicago Bulls,5,CHI,Illinois,East,Central,41,41,0.5,102.9,102.4,0.03,Doug McDermott,SF,25,2483040,2638862,44,4,24.5,3.8,8.5,0.445,1.3,3.4,0.373,2.5,5.1,0.493,0.52,1.3,1.5,0.881,0.3,2.6,3,1,0.3,0.1,0.7,1.3,10.2,1078,11.3,0.555,0.402,0.18,1.4,11.7,6.5,6.5,0.5,0.3,7.4,17.6,1.1,0.8,1.9,0.084,-0.9,-2,-2.9,-0.2
2016/2017,94143000,98194497.56,543471,Oklahoma City Thunder,21,OKC,Oklahoma,West,Northwest,47,35,0.573,106.6,105.8,1.14,Doug McDermott,SF,25,2483040,2638862,22,1,19.5,2.5,5.6,0.452,1,2.6,0.362,1.6,3,0.53,0.536,0.5,0.8,0.706,0.3,2,2.2,0.6,0.1,0,0.3,1,6.6,430,9.3,0.551,0.468,0.137,1.5,11.1,6.3,4.4,0.2,0.2,4.4,13.6,0.5,0.2,0.7,0.08,-2.1,-2.9,-4.9,-0.3
2016/2017,94143000,98194497.56,543471,Golden State Warriors,10,GSW,California,West,Pacific,67,15,0.817,115.9,104.3,11.35,JaVale McGee,C,29,1403611,1491694,77,10,9.6,2.7,4.1,0.652,0,0,0,2.7,4.1,0.658,0.652,0.7,1.4,0.505,1.3,1.9,3.2,0.2,0.2,0.9,0.5,1.4,6.1,739,25.2,0.642,0.009,0.348,15.9,20.1,18.1,3.8,1.2,7.1,9.8,23.8,2,1.5,3.5,0.225,0.2,0.5,0.8,0.5
2016/2017,94143000,98194497.56,543471,Miami Heat,16,MIA,Florida,East,Southeast,41,41,0.5,103.2,102.1,0.77,Rodney McGruder,SG,25,543471,577576,78,65,25.2,2.4,5.9,0.413,0.9,2.8,0.332,1.5,3.1,0.488,0.492,0.6,0.9,0.62,1.2,2.1,3.3,1.6,0.6,0.2,0.7,1.8,6.4,1966,9.1,0.506,0.478,0.154,5.2,9.2,7.2,8.8,1.2,0.7,10.2,12.3,1.2,1.7,2.9,0.072,-0.8,0.5,-0.4,0.8
2016/2017,94143000,98194497.56,543471,Sacramento Kings,26,SAC,California,West,Pacific,32,50,0.39,102.8,106.7,-3.29,Ben McLemore,SG,23,4008882,4260457,61,26,19.3,3,6.9,0.43,1.1,2.8,0.382,1.9,4.1,0.462,0.507,1.1,1.5,0.753,0.3,1.8,2.1,0.8,0.5,0.1,1,1.8,8.1,1176,9.8,0.538,0.406,0.222,1.9,10.7,6.3,6.9,1.2,0.5,11.9,20.1,-0.1,0.5,0.4,0.015,-2.2,-2.7,-4.9,-0.9
2016/2017,94143000,98194497.56,543471,Cleveland Cavaliers,6,CLE,Ohio,East,Central,51,31,0.622,110.3,107.2,2.87,Jordan McRae,SG,25,874636,929523,37,4,10.4,1.6,4.1,0.387,0.5,1.4,0.353,1.1,2.7,0.404,0.447,0.7,0.9,0.794,0.2,0.9,1.1,0.5,0.2,0.2,0.4,0.8,4.4,384,9.7,0.488,0.34,0.227,1.8,9.7,5.9,7.4,1,1.3,7.8,20.8,-0.1,0.2,0.2,0.02,-3.7,-2.8,-6.5,-0.4
2016/2017,94143000,98194497.56,543471,Miami Heat,16,MIA,Florida,East,Southeast,41,41,0.5,103.2,102.1,0.77,Josh McRoberts,PF,29,5782450,6145325,22,14,17.3,2,5.4,0.373,0.6,1.4,0.419,1.4,4,0.356,0.428,0.3,0.4,0.667,1,2.3,3.4,2.3,0.5,0.2,1,1.4,4.9,381,9.8,0.439,0.263,0.076,6.6,15,10.7,18.9,1.3,0.8,15.9,16.9,-0.1,0.4,0.3,0.036,-2.9,0.6,-2.4,0
2016/2017,94143000,98194497.56,543471,Orlando Magic,22,ORL,Florida,East,Southeast,29,53,0.354,101.1,107.6,-6.61,Jodie Meeks,SG,29,6540000,6950415,36,10,20.5,2.9,7.1,0.402,1.6,3.8,0.409,1.3,3.3,0.395,0.512,1.8,2.1,0.878,0.1,2,2.1,1.3,0.9,0.1,1,1.1,9.1,738,13.1,0.567,0.535,0.289,0.7,10.9,5.7,9.3,2.3,0.4,11.1,19.4,0.5,0.6,1.1,0.073,-0.4,-1.4,-1.8,0
2016/2017,94143000,98194497.56,543471,Dallas Mavericks,7,DAL,Texas,West,Southwest,33,49,0.402,97.9,100.8,-2.53,Salah Mejri,C,30,874636,929523,73,11,12.4,1.2,1.9,0.642,0,0,0.333,1.2,1.8,0.649,0.646,0.5,0.8,0.59,1.3,2.9,4.2,0.2,0.4,0.8,0.5,2.1,2.9,905,14.8,0.65,0.022,0.445,11.9,28.4,19.8,2.4,1.8,6.1,19.6,10.6,1.3,1.7,3,0.159,-3.6,3.8,0.2,0.5
2016/2017,94143000,98194497.56,543471,Boston Celtics,2,BOS,Massachusetts,East,Atlantic,53,29,0.646,108,105.4,2.25,Jordan Mickey,PF,22,1223653,1300442,25,1,5.6,0.6,1.4,0.441,0,0,0,0.6,1.3,0.455,0.441,0.3,0.6,0.571,0.5,0.8,1.4,0.3,0.1,0.2,0.4,0.5,1.5,141,9.8,0.473,0.029,0.412,10.4,16.4,13.4,7.1,1.1,3.5,18.3,15.5,-0.1,0.2,0.1,0.036,-5.7,0.9,-4.9,-0.1
2016/2017,94143000,98194497.56,543471,Milwaukee Bucks,17,MIL,Wisconsin,East,Central,42,40,0.512,103.6,103.8,-0.45,Khris Middleton,SF,25,15200000,16153870,29,23,30.7,5.2,11.5,0.45,1.6,3.6,0.433,3.6,7.9,0.459,0.518,2.8,3.2,0.88,0.4,3.9,4.2,3.4,1.4,0.2,2.2,2.7,14.7,889,15,0.57,0.312,0.276,1.5,14.5,8.1,17.5,2.3,0.7,14.8,22.5,0.7,0.9,1.6,0.085,0,-0.6,-0.5,0.3
2016/2017,94143000,98194497.56,543471,Indiana Pacers,12,IND,Indiana,East,Central,42,40,0.512,105.1,105.3,-0.64,CJ Miles,SF,29,4583450,4871082,76,29,23.4,3.7,8.5,0.434,2.2,5.4,0.413,1.5,3.1,0.471,0.565,1.1,1.2,0.903,0.4,2.6,3,0.6,0.6,0.3,0.5,2,10.7,1776,13.8,0.592,0.632,0.144,1.9,12.4,7.2,4.1,1.3,1.2,5.5,18.4,2.7,1.4,4,0.109,1.6,-2.1,-0.5,0.7
2016/2017,94143000,98194497.56,543471,Denver Nuggets,8,DEN,Colorado,West,Northwest,40,42,0.488,111.7,111.2,0.7,Mike Miller,SF,36,3500000,3719641,20,0,7.6,0.5,1.2,0.391,0.4,1,0.4,0.1,0.2,0.333,0.565,0.1,0.1,1,0.1,1.8,1.9,1.1,0.1,0,0.7,0.5,1.4,151,7.6,0.586,0.87,0.087,1.5,26.1,13.9,18.3,0.6,0,35.2,10.4,0,0.1,0.1,0.018,-3.2,-0.8,-4.1,-0.1
2016/2017,94143000,98194497.56,543471,San Antonio Spurs,27,SAS,Texas,West,Southwest,61,21,0.744,105.3,98.1,7.13,Patrick Mills,PG,28,3200000,3400814,80,8,21.9,3.4,7.8,0.44,1.8,4.4,0.414,1.6,3.3,0.474,0.558,0.8,1,0.825,0.3,1.5,1.8,3.5,0.8,0,1.3,1.4,9.5,1754,15.2,0.578,0.572,0.129,1.6,7.4,4.6,24.3,1.9,0.1,13.3,19.5,2.9,2.2,5.1,0.139,2.5,-1.2,1.3,1.5
2016/2017,94143000,98194497.56,543471,Phoenix Suns,24,PHO,Arizona,West,Pacific,24,58,0.293,107.7,113.3,-5.14,Elijah Millsap,SG,29,23069,24381.6261,2,0,11.5,0.5,3.5,0.143,0,1,0,0.5,2.5,0.2,0.143,0.5,1,0.5,1.5,1.5,3,0.5,0,0,1,1,1.5,23,-3.4,0.19,0.286,0.286,13.8,14.6,14.2,5.6,0,0,20.2,18,-0.1,0,-0.1,-0.233,-10,-3.3,-13.2,-0.1
2016/2017,94143000,98194497.56,543471,Atlanta Hawks,1,ATL,Georgia,East,Southeast,43,39,0.524,103.2,104,-1.23,Paul Millsap,PF,31,20072033,21331646,69,67,34,6.2,14.1,0.442,1.1,3.5,0.311,5.1,10.6,0.486,0.481,4.5,5.9,0.768,1.6,6.1,7.7,3.7,1.3,0.9,2.3,2.7,18.1,2343,17.8,0.542,0.248,0.417,5.3,19.5,12.5,17.9,1.9,2.3,12.1,24.4,2.6,3.8,6.4,0.132,0.5,2.1,2.7,2.7
2016/2017,94143000,98194497.56,543471,Chicago Bulls,5,CHI,Illinois,East,Central,41,41,0.5,102.9,102.4,0.03,Nikola Mirotic,PF,25,5782450,6145325,70,15,24,3.7,8.9,0.413,1.8,5.4,0.342,1.8,3.5,0.52,0.516,1.4,1.8,0.773,0.9,4.6,5.5,1.1,0.8,0.8,1.1,1.8,10.6,1679,14.5,0.546,0.603,0.205,3.9,20.9,12.3,6.9,1.6,2.6,10.5,19.8,1.2,2.5,3.8,0.107,-0.1,0.4,0.4,1
2016/2017,94143000,98194497.56,543471,Milwaukee Bucks,17,MIL,Wisconsin,East,Central,42,40,0.512,103.6,103.8,-0.45,Greg Monroe,C,26,17145838,18221819,81,0,22.5,4.8,9,0.533,0,0,0,4.8,8.9,0.536,0.533,2.2,3,0.741,2.1,4.5,6.6,2.3,1.1,0.5,1.7,2.1,11.7,1823,21.1,0.572,0.006,0.329,10.8,23.1,17,17.3,2.6,1.8,14.4,24.3,3,2.6,5.6,0.147,0.5,1.5,2,1.9
2016/2017,94143000,98194497.56,543471,New Orleans Pelicans,19,NOP,Louisiana,West,Southwest,34,48,0.415,104.3,106.4,-1.69,E'Twaun Moore,SG,27,8801363,9353689,73,22,24.9,3.9,8.5,0.457,1.1,2.8,0.37,2.8,5.6,0.501,0.519,0.8,1,0.77,0.5,1.6,2.1,2.2,0.7,0.4,0.8,1.8,9.6,1820,12.1,0.537,0.336,0.12,1.9,6.9,4.4,13.8,1.3,1.4,8.7,17.4,1.2,1.5,2.7,0.07,-0.9,-0.5,-1.3,0.3
2016/2017,94143000,98194497.56,543471,Detroit Pistons,9,DET,Michigan,East,Central,37,45,0.451,101.3,102.5,-1.29,Marcus Morris,SF,27,4625000,4915240,79,79,32.5,5.3,12.7,0.418,1.5,4.5,0.331,3.8,8.2,0.466,0.477,1.8,2.3,0.784,1,3.7,4.6,2,0.7,0.3,1.1,2.1,14,2565,12.4,0.508,0.355,0.184,3.2,12.8,7.8,9.4,1,0.8,7.4,20.3,1.4,2.4,3.9,0.072,-0.3,-0.2,-0.5,1
2016/2017,94143000,98194497.56,543471,Washington Wizards,30,WAS,Washington DC,East,Southeast,49,33,0.598,109.2,107.4,1.36,Markieff Morris,PF,27,7400000,7864384,76,76,31.2,5.3,11.7,0.457,0.9,2.6,0.362,4.4,9.1,0.483,0.497,2.4,2.8,0.837,1.4,5.1,6.5,1.7,1.1,0.6,1.7,3.3,14,2374,13.7,0.54,0.22,0.242,5.1,18.2,11.7,7.8,1.7,1.5,11.6,20.5,1.6,2.5,4.1,0.083,-1.3,0.3,-1,0.6
2016/2017,94143000,98194497.56,543471,#N/A,#N/A,TOT,#N/A,#N/A,#N/A,#N/A,#N/A,#N/A,#N/A,#N/A,#N/A,Anthony Morrow,SG,31,3488000,3706888,49,7,14.6,2,5.1,0.389,0.8,2.7,0.308,1.2,2.4,0.479,0.47,0.7,0.8,0.919,0.2,0.4,0.6,0.5,0.5,0,0.1,0.9,5.5,714,10.1,0.505,0.528,0.147,1.9,2.9,2.4,5.2,1.7,0.2,2.2,16.4,0.7,0.5,1.2,0.083,-1.2,-3.1,-4.3,-0.4
2016/2017,94143000,98194497.56,543471,Oklahoma City Thunder,21,OKC,Oklahoma,West,Northwest,47,35,0.573,106.6,105.8,1.14,Anthony Morrow,SG,31,3488000,3706888,40,7,15.7,2.2,5.6,0.386,0.9,3,0.294,1.3,2.6,0.49,0.464,0.6,0.7,0.885,0.3,0.5,0.7,0.5,0.6,0.1,0.2,1,5.8,627,9.2,0.491,0.534,0.117,1.9,3.2,2.6,4.5,1.7,0.3,2.5,16.3,0.4,0.4,0.9,0.069,-1.6,-2.9,-4.5,-0.4
2016/2017,94143000,98194497.56,543471,Chicago Bulls,5,CHI,Illinois,East,Central,41,41,0.5,102.9,102.4,0.03,Anthony Morrow,SG,31,3488000,3706888,9,0,9.7,1.3,3.2,0.414,0.7,1.6,0.429,0.7,1.7,0.4,0.517,1.2,1.2,1,0.1,0.1,0.2,0.7,0.2,0,0,0.4,4.6,87,16,0.606,0.483,0.379,1.2,1.2,1.2,10.4,1.2,0,0,17,0.3,0,0.3,0.19,2,-4.4,-2.4,0
2016/2017,94143000,98194497.56,543471,New Orleans Pelicans,19,NOP,Louisiana,West,Southwest,34,48,0.415,104.3,106.4,-1.69,Donatas Motiejunas,PF,26,607491,645613,34,0,14.1,1.7,4.1,0.413,0.3,1.4,0.234,1.4,2.7,0.505,0.453,0.7,1.4,0.51,0.8,2.2,3,0.9,0.5,0.3,0.9,1.6,4.4,479,9.1,0.47,0.341,0.355,5.7,16.6,11.1,9.7,1.8,1.9,16.3,17.6,-0.5,0.6,0.2,0.016,-4.2,1.1,-3.1,-0.1
2016/2017,94143000,98194497.56,543471,Los Angeles Lakers,14,LAL,California,West,Pacific,26,56,0.317,104.6,111.5,-6.29,Timofey Mozgov,C,30,16000000,17004074,54,52,20.4,3.1,6.1,0.515,0,0,0,3.1,6.1,0.517,0.515,1.2,1.4,0.808,1.9,3,4.9,0.8,0.3,0.6,1.3,2.5,7.4,1104,12.3,0.553,0.003,0.238,9.9,16.4,13.1,5.9,0.7,2.3,16.6,16.8,0.7,0.4,1.1,0.048,-2.8,-0.8,-3.6,-0.4
2016/2017,94143000,98194497.56,543471,Denver Nuggets,8,DEN,Colorado,West,Northwest,40,42,0.488,111.7,111.2,0.7,Emmanuel Mudiay,PG,20,3241800,3445238,55,41,25.6,3.8,10,0.377,1,3.2,0.315,2.8,6.8,0.408,0.428,2.4,3,0.784,0.5,2.7,3.2,3.9,0.7,0.2,2.2,1.7,11,1406,10.9,0.483,0.323,0.303,2.3,11.6,7,21.8,1.4,0.7,16.5,22.6,-0.4,0.5,0.2,0.006,-2,-1.7,-3.7,-0.6
2016/2017,94143000,98194497.56,543471,Minnesota Timberwolves,18,MIN,Minnesota,West,Northwest,31,51,0.378,105.6,106.7,-0.64,Shabazz Muhammad,SF,24,3046299,3237468,78,1,19.4,3.7,7.7,0.482,0.6,1.9,0.338,3.1,5.8,0.528,0.523,1.9,2.4,0.774,1.1,1.7,2.8,0.4,0.3,0.1,0.7,1.1,9.9,1516,14.9,0.566,0.242,0.318,6.4,10.6,8.5,3.7,0.7,0.3,7.6,21.5,2.5,0.2,2.7,0.086,-0.2,-4.3,-4.4,-0.9
2016/2017,94143000,98194497.56,543471,San Antonio Spurs,27,SAS,Texas,West,Southwest,61,21,0.744,105.3,98.1,7.13,Dejounte Murray,PG,20,1180080,1254135,38,8,8.5,1.3,3.1,0.431,0.2,0.6,0.391,1.1,2.4,0.441,0.47,0.6,0.8,0.7,0.2,0.9,1.1,1.3,0.2,0.2,1,0.8,3.4,322,9.6,0.503,0.198,0.259,2.2,12.4,7.4,22.6,1.3,1.5,22.7,23.5,-0.4,0.5,0,0.004,-4.6,-0.2,-4.8,-0.2
2016/2017,94143000,98194497.56,543471,Denver Nuggets,8,DEN,Colorado,West,Northwest,40,42,0.488,111.7,111.2,0.7,Jamal Murray,SG,19,3210840,3412335,82,10,21.5,3.6,8.9,0.404,1.4,4.2,0.334,2.2,4.7,0.466,0.483,1.3,1.5,0.883,0.5,2.1,2.6,2.1,0.6,0.3,1.4,1.5,9.9,1764,11.9,0.518,0.471,0.164,2.6,10.7,6.7,14,1.4,1.1,12.6,21.6,0.6,0.7,1.3,0.037,-0.5,-2.1,-2.6,-0.3
2016/2017,94143000,98194497.56,543471,Atlanta Hawks,1,ATL,Georgia,East,Southeast,43,39,0.524,103.2,104,-1.23,Mike Muscala,C,25,1015696,1079435,70,3,17.7,2.4,4.8,0.504,0.7,1.6,0.418,1.8,3.2,0.546,0.573,0.7,0.9,0.766,1.1,2.3,3.4,1.4,0.4,0.6,0.8,1.4,6.2,1237,14.4,0.596,0.326,0.19,6.9,14.4,10.7,11.9,1.2,2.8,13.1,14.8,1.8,1.6,3.4,0.132,-0.4,1.5,1.1,1
2016/2017,94143000,98194497.56,543471,Los Angeles Lakers,14,LAL,California,West,Pacific,26,56,0.317,104.6,111.5,-6.29,Larry Nance Jr,PF,24,1207680,1283467,63,7,22.9,3,5.7,0.526,0.2,0.6,0.278,2.9,5.2,0.554,0.54,0.9,1.3,0.738,1.9,4,5.9,1.5,1.3,0.6,0.9,2.4,7.1,1442,15.7,0.567,0.1,0.222,8.8,19.6,14,9.7,2.8,2.2,12.4,13.4,2.1,1.5,3.5,0.118,-0.3,2.2,1.9,1.4
2016/2017,94143000,98194497.56,543471,Portland Trail Blazers,25,POR,Oregon,West,Northwest,41,41,0.5,107.9,108.5,-0.23,Shabazz Napier,PG,25,1350120,1434846,53,2,9.7,1.4,3.5,0.399,0.6,1.7,0.37,0.7,1.7,0.429,0.492,0.7,0.9,0.776,0.2,1,1.2,1.3,0.6,0,0.8,0.7,4.1,512,13.6,0.533,0.503,0.268,1.7,11.5,6.6,19.5,3.1,0.3,16.7,21.2,0.1,0.5,0.6,0.06,-0.9,-1.3,-2.2,0
2016/2017,94143000,98194497.56,543471,New York Knicks,20,NYK,New York,East,Atlantic,31,51,0.378,104.3,108,-3.87,Maurice Ndour,PF,24,543471,577576,32,4,10.3,1.2,2.7,0.453,0,0.2,0.143,1.2,2.5,0.481,0.459,0.6,0.8,0.731,0.7,1.3,2,0.3,0.5,0.3,0.4,0.9,3.1,331,11.3,0.503,0.081,0.302,7.1,13.7,10.4,3.5,2.3,2,11,14.3,0.1,0.3,0.4,0.059,-3.5,-0.3,-3.8,-0.1
2016/2017,94143000,98194497.56,543471,Atlanta Hawks,1,ATL,Georgia,East,Southeast,43,39,0.524,103.2,104,-1.23,Gary Neal,SG,32,72193,76723,2,0,9,0,3.5,0,0,1,0,0,2.5,0,0,2,2,1,0,0.5,0.5,0.5,0,0,0,0.5,2,18,-4.3,0.228,0.286,0.571,0,6,3.1,7.1,0,0,0,21.2,-0.1,0,-0.1,-0.189,-11.8,-4.9,-16.6,-0.1
2016/2017,94143000,98194497.56,543471,Denver Nuggets,8,DEN,Colorado,West,Northwest,40,42,0.488,111.7,111.2,0.7,Jameer Nelson,PG,34,4540525,4825464,75,39,27.3,3.6,8.1,0.444,1.4,3.6,0.388,2.2,4.4,0.489,0.531,0.6,0.8,0.714,0.4,2.2,2.6,5.1,0.7,0.1,1.7,2.6,9.2,2045,11.5,0.544,0.452,0.104,1.5,8.8,5.2,26,1.3,0.3,16.8,15.8,2.3,0.5,2.8,0.066,0.4,-2.3,-2,0
2016/2017,94143000,98194497.56,543471,Utah Jazz,29,UTA,Utah,West,Northwest,51,31,0.622,100.7,96.8,4,Raul Neto,PG,24,877800,932886,40,0,8.7,1,2.3,0.451,0.3,0.8,0.323,0.8,1.5,0.517,0.505,0.2,0.2,0.889,0.1,0.7,0.8,0.9,0.5,0.1,0.4,1.2,2.5,346,10.7,0.527,0.341,0.099,1.4,8.4,5,15.1,3.2,1.2,13.6,14.8,0.2,0.6,0.7,0.1,-1.7,1.4,-0.3,0.1
2016/2017,94143000,98194497.56,543471,Indiana Pacers,12,IND,Indiana,East,Central,42,40,0.512,105.1,105.3,-0.64,Georges Niang,PF,23,650000,690790,23,0,4,0.4,1.6,0.25,0,0.5,0.083,0.3,1,0.333,0.264,0.1,0.1,1,0.1,0.7,0.7,0.2,0.1,0,0.2,0.3,0.9,93,0.1,0.285,0.333,0.056,2.4,17.9,10.3,7.5,1.6,0,11.9,20.2,-0.4,0.1,-0.3,-0.168,-9.9,-2.2,-12,-0.2
2016/2017,94143000,98194497.56,543471,#N/A,#N/A,TOT,#N/A,#N/A,#N/A,#N/A,#N/A,#N/A,#N/A,#N/A,#N/A,Andrew Nicholson,PF,27,6088993,6471105,38,0,9,1.1,2.9,0.387,0.1,0.7,0.185,1,2.2,0.452,0.41,0.2,0.4,0.643,0.4,1.2,1.6,0.3,0.4,0.2,0.4,1.4,2.6,342,5.9,0.427,0.243,0.126,4.9,14.6,9.8,4.1,2.3,1.5,12.7,17,-0.5,0.4,-0.1,-0.019,-5.9,-0.5,-6.4,-0.4
2016/2017,94143000,98194497.56,543471,Washington Wizards,30,WAS,Washington DC,East,Southeast,49,33,0.598,109.2,107.4,1.36,Andrew Nicholson,PF,27,6088993,6471105,28,0,8.3,1.1,2.8,0.39,0.1,0.6,0.188,1,2.2,0.443,0.409,0.3,0.4,0.583,0.4,0.8,1.2,0.3,0.4,0.2,0.4,1.3,2.5,231,6.3,0.425,0.208,0.156,5.4,11.2,8.3,4.2,2.3,2.2,11.8,17.6,-0.3,0.3,-0.1,-0.014,-5.5,-0.3,-5.7,-0.2
2016/2017,94143000,98194497.56,543471,Brooklyn Nets,3,BRK,New York,East,Atlantic,20,62,0.244,105.8,112.5,-6.74,Andrew Nicholson,PF,27,6088993,6471105,10,0,11.1,1.3,3.4,0.382,0.2,1.1,0.182,1.1,2.3,0.478,0.412,0.2,0.2,1,0.4,2.3,2.7,0.3,0.5,0,0.6,1.8,3,111,5,0.43,0.324,0.059,3.9,21.7,12.9,4,2.1,0,14.7,15.8,-0.2,0.1,-0.1,-0.03,-6.8,-1,-7.8,-0.2
2016/2017,94143000,98194497.56,543471,New York Knicks,20,NYK,New York,East,Atlantic,31,51,0.378,104.3,108,-3.87,Joakim Noah,C,31,17000000,18066829,46,46,22.1,2.2,4.4,0.49,0,0,0,2.2,4.4,0.493,0.49,0.7,1.7,0.436,3.5,5.2,8.8,2.2,0.7,0.8,1.3,2.8,5,1015,15.2,0.491,0.005,0.386,17.1,25.6,21.4,14.1,1.5,3,19.7,12.6,1,1.2,2.2,0.106,-0.7,2.8,2.1,1.1
2016/2017,94143000,98194497.56,543471,#N/A,#N/A,TOT,#N/A,#N/A,#N/A,#N/A,#N/A,#N/A,#N/A,#N/A,#N/A,Nerlens Noel,C,22,4384490,4659637,51,19,20.5,3.6,6.1,0.595,0,0,0,3.6,6,0.597,0.595,1.5,2.2,0.694,1.8,3.9,5.8,1,1.3,1,1,2.5,8.7,1047,20.4,0.622,0.003,0.359,9.8,22.3,15.9,8.1,3.1,4,12.5,17.6,2.1,1.9,4,0.181,-0.5,3.7,3.2,1.4
2016/2017,94143000,98194497.56,543471,Philadelphia 76ers,23,PHI,Pennsylvania,East,Atlantic,28,54,0.341,102.4,108.1,-5.83,Nerlens Noel,C,22,4384490,4659637,29,7,19.4,3.7,6,0.611,0,0,0,3.7,6,0.615,0.611,1.5,2.2,0.683,1.6,3.4,5,1,1.5,0.9,1,2.4,8.9,564,20.8,0.634,0.006,0.36,9,19.2,14.1,9,3.7,3.7,12.5,17.8,1.1,1,2.2,0.184,0.2,3.7,3.9,0.8
2016/2017,94143000,98194497.56,543471,Dallas Mavericks,7,DAL,Texas,West,Southwest,33,49,0.402,97.9,100.8,-2.53,Nerlens Noel,C,22,4384490,4659637,22,12,22,3.5,6.1,0.575,0,0,,3.5,6.1,0.575,0.575,1.5,2.2,0.708,2.1,4.7,6.8,0.9,1,1.1,1,2.5,8.5,483,19.8,0.606,0,0.358,10.8,26,18,7,2.4,4.5,12.4,17.3,0.9,0.9,1.8,0.178,-1.3,3.8,2.5,0.5
2016/2017,94143000,98194497.56,543471,Toronto Raptors,28,TOR,Ontario,East,Atlantic,51,31,0.622,106.9,102.6,3.65,Lucas Nogueira,C,24,1921320,2041891,57,6,19.1,1.8,2.7,0.66,0.1,0.2,0.25,1.8,2.5,0.694,0.67,0.8,1.2,0.657,1.4,2.8,4.3,0.7,0.9,1.6,0.8,2.4,4.4,1088,15.5,0.682,0.077,0.429,8.5,16.8,12.7,5.4,2.4,7.1,19.9,9.5,1.7,2,3.7,0.164,-0.1,5.6,5.4,2
2016/2017,94143000,98194497.56,543471,Milwaukee Bucks,17,MIL,Wisconsin,East,Central,42,40,0.512,103.6,103.8,-0.45,Steve Novak,PF,33,1551659,1649032,8,0,2.8,0.3,0.9,0.286,0.1,0.8,0.167,0.1,0.1,1,0.357,0,0,,0,0.4,0.4,0,0,0,0,0.1,0.6,22,1.3,0.357,0.857,0,0,15.7,7.9,0,0,0,0,14.5,0,0,0,-0.075,-6.9,-6.7,-13.6,-0.1
2016/2017,94143000,98194497.56,543471,Dallas Mavericks,7,DAL,Texas,West,Southwest,33,49,0.402,97.9,100.8,-2.53,Dirk Nowitzki,PF,38,25000000,26568866,54,54,26.4,5.5,12.6,0.437,1.5,3.9,0.378,4,8.7,0.463,0.495,1.8,2.1,0.875,0.4,6.1,6.5,1.5,0.6,0.7,0.9,2.1,14.2,1424,17,0.529,0.308,0.165,1.8,28.3,14.4,10.6,1.1,2.4,6.6,25.8,0.6,1.9,2.5,0.084,-1.6,0.3,-1.3,0.2
2016/2017,94143000,98194497.56,543471,#N/A,#N/A,TOT,#N/A,#N/A,#N/A,#N/A,#N/A,#N/A,#N/A,#N/A,#N/A,Jusuf Nurkic,C,22,1921320,2041891,65,48,21.4,4.2,8.2,0.507,0,0,0,4.2,8.2,0.508,0.507,1.8,3.2,0.571,2.4,4.8,7.2,1.9,0.8,1.1,2.2,2.5,10.2,1391,17.5,0.528,0.002,0.393,12.3,24.8,18.6,13.9,1.8,4.2,18.6,23.9,0.2,1.8,2,0.068,-2.3,2.2,-0.2,0.6
2016/2017,94143000,98194497.56,543471,Denver Nuggets,8,DEN,Colorado,West,Northwest,40,42,0.488,111.7,111.2,0.7,Jusuf Nurkic,C,22,1921320,2041891,45,29,17.9,3.4,6.6,0.507,0,0,,3.4,6.6,0.507,0.507,1.2,2.5,0.496,2,3.8,5.8,1.3,0.6,0.8,1.8,2,8,807,15,0.515,0,0.379,12.3,23.2,17.8,11.1,1.5,3.5,18.9,22.6,-0.2,0.8,0.6,0.034,-3.2,1,-2.3,-0.1
2016/2017,94143000,98194497.56,543471,Portland Trail Blazers,25,POR,Oregon,West,Northwest,41,41,0.5,107.9,108.5,-0.23,Jusuf Nurkic,C,22,1921320,2041891,20,19,29.2,6,11.8,0.508,0,0.1,0,6,11.8,0.511,0.508,3.2,4.9,0.66,3.3,7.1,10.4,3.2,1.3,1.9,3.1,3.7,15.2,584,21.1,0.545,0.004,0.411,12.3,27.1,19.7,17.7,2.1,5.2,18.2,25.7,0.4,1,1.4,0.116,-1.1,3.8,2.7,0.7
2016/2017,94143000,98194497.56,543471,Los Angeles Lakers,14,LAL,California,West,Pacific,26,56,0.317,104.6,111.5,-6.29,David Nwaba,SG,24,73528,78142,20,2,19.9,2.4,4.1,0.58,0.1,0.3,0.2,2.3,3.8,0.605,0.586,1.3,2,0.641,0.9,2.3,3.2,0.7,0.7,0.4,0.6,1.8,6,397,12.2,0.611,0.062,0.481,4.5,13.1,8.7,5,1.6,1.4,10.1,11.8,0.6,0.2,0.8,0.091,-1.7,-0.3,-1.9,0
2016/2017,94143000,98194497.56,543471,#N/A,#N/A,TOT,#N/A,#N/A,#N/A,#N/A,#N/A,#N/A,#N/A,#N/A,#N/A,Johnny O'Bryant,PF,23,392169,416779,11,0,7.3,1.4,2.7,0.5,0.3,0.5,0.5,1.1,2.2,0.5,0.55,0.5,0.5,0.833,0.8,0.9,1.7,0.5,0,0.1,0.5,0.9,3.5,80,14.9,0.582,0.2,0.2,12.4,13.7,13.1,12.7,0,1,15.5,21.1,0.1,0,0.1,0.088,-0.2,-3.1,-3.3,0
2016/2017,94143000,98194497.56,543471,Denver Nuggets,8,DEN,Colorado,West,Northwest,40,42,0.488,111.7,111.2,0.7,Johnny O'Bryant,PF,23,392169,416779,7,0,6.6,1,2.1,0.467,0.3,0.4,0.667,0.7,1.7,0.417,0.533,0.6,0.6,1,0.7,0.9,1.6,0.3,0,0.1,0.4,0.6,2.9,46,14.4,0.597,0.2,0.267,12.1,14.3,13.2,6.2,0,1.7,15.2,18.3,0.1,0,0.1,0.096,-0.8,-3.1,-4,0
2016/2017,94143000,98194497.56,543471,Charlotte Hornets,4,CHO,North Carolina,East,Southeast,36,46,0.439,104.9,104.7,-0.07,Johnny O'Bryant,PF,23,392169,416779,4,0,8.5,2,3.8,0.533,0.3,0.8,0.333,1.8,3,0.583,0.567,0.3,0.5,0.5,1,1,2,1,0,0,0.8,1.5,4.5,34,15.5,0.567,0.2,0.133,12.9,13,12.9,21.6,0,0,15.9,25,0,0,0.1,0.078,0.7,-3.1,-2.3,0
2016/2017,94143000,98194497.56,543471,New York Knicks,20,NYK,New York,East,Atlantic,31,51,0.378,104.3,108,-3.87,Kyle O'Quinn,C,26,3918750,4164669,79,8,15.6,2.7,5.2,0.521,0,0.2,0.118,2.7,5,0.538,0.523,0.8,1.1,0.771,2,3.6,5.6,1.5,0.5,1.3,1,2.2,6.3,1229,20.5,0.552,0.041,0.201,13.7,24.8,19.2,14.8,1.5,6.9,14.5,18.5,2.1,1.8,3.9,0.151,-0.1,3.7,3.5,1.7
2016/2017,94143000,98194497.56,543471,Washington Wizards,30,WAS,Washington DC,East,Southeast,49,33,0.598,109.2,107.4,1.36,Daniel Ochefu,C,23,543471,577576,19,0,3.9,0.6,1.4,0.444,0,0,,0.6,1.4,0.444,0.444,0,0.1,0,0.3,0.9,1.2,0.2,0.1,0,0.2,0.9,1.3,75,6.6,0.43,0,0.074,7.6,25.4,16.5,5.8,1.3,0,9.7,18,-0.1,0.1,0,0.005,-6.5,-1.9,-8.4,-0.1
2016/2017,94143000,98194497.56,543471,Philadelphia 76ers,23,PHI,Pennsylvania,East,Atlantic,28,54,0.341,102.4,108.1,-5.83,Jahlil Okafor,C,21,4788840,5089361,50,33,22.7,4.8,9.4,0.514,0,0,,4.8,9.4,0.514,0.514,2.1,3.2,0.671,1.6,3.2,4.8,1.2,0.4,1,1.8,2.4,11.8,1134,14.8,0.546,0,0.335,7.8,15.5,11.7,9,0.9,3.4,14.4,24.1,0.1,1.1,1.2,0.05,-3.4,0.1,-3.3,-0.4
2016/2017,94143000,98194497.56,543471,Oklahoma City Thunder,21,OKC,Oklahoma,West,Northwest,47,35,0.573,106.6,105.8,1.14,Victor Oladipo,SG,24,6552960,6964188,67,67,33.2,6.1,13.9,0.442,1.9,5.3,0.361,4.3,8.7,0.491,0.51,1.7,2.3,0.753,0.6,3.8,4.3,2.6,1.2,0.3,1.8,2.3,15.9,2222,13.6,0.534,0.378,0.165,1.9,12.6,7.2,12.5,1.7,0.8,10.6,21.4,1.7,2.3,4,0.085,-0.4,-0.9,-1.3,0.4
2016/2017,94143000,98194497.56,543471,Boston Celtics,2,BOS,Massachusetts,East,Atlantic,53,29,0.646,108,105.4,2.25,Kelly Olynyk,C,25,3094013,3288176,75,6,20.5,3.5,6.8,0.512,0.9,2.6,0.354,2.6,4.2,0.608,0.579,1.2,1.6,0.732,1,3.8,4.8,2,0.6,0.4,1.3,2.8,9,1538,15.3,0.603,0.378,0.242,5.3,20.7,13.1,15.2,1.4,1.5,14.6,19,2.2,1.9,4.1,0.127,0.1,0.5,0.7,1
2016/2017,94143000,98194497.56,543471,Orlando Magic,22,ORL,Florida,East,Southeast,29,53,0.354,101.1,107.6,-6.61,Arinze Onuaku,C,29,426775,453557,8,0,3.5,0.3,0.5,0.5,0,0,,0.3,0.5,0.5,0.5,0,0,,0.3,0.5,0.8,0.3,0,0.1,0.3,0.4,0.5,28,5.8,0.5,0,0,7.6,16,11.7,9.9,0,2.9,33.3,9.4,0,0,0,-0.005,-6.5,0.7,-5.9,0
2016/2017,94143000,98194497.56,543471,Houston Rockets,11,HOU,Texas,West,Southwest,55,27,0.671,115.3,109.6,5.84,Chinanu Onuaku,C,20,543471,577576,5,1,10.4,1,1.4,0.714,0,0,,1,1.4,0.714,0.714,0.8,0.8,1,0.4,1.6,2,0.6,0.6,0.2,0.8,1.2,2.8,52,12.3,0.799,0,0.571,4.2,16.8,10.5,7.8,2.8,1.6,31.3,10.4,0.1,0.1,0.1,0.123,-2.4,1.8,-0.6,0
2016/2017,94143000,98194497.56,543471,Washington Wizards,30,WAS,Washington DC,East,Southeast,49,33,0.598,109.2,107.4,1.36,Kelly Oubre,SF,21,2006640,2132565,79,5,20.3,2.4,5.6,0.421,0.7,2.4,0.287,1.7,3.2,0.52,0.482,0.9,1.3,0.758,0.8,2.5,3.3,0.6,0.7,0.2,0.6,2.5,6.3,1605,9.1,0.516,0.425,0.224,4.3,14,9.2,4,1.8,0.9,9.3,14.6,0.6,1.5,2,0.061,-1.8,-0.5,-2.3,-0.1
2016/2017,94143000,98194497.56,543471,Golden State Warriors,10,GSW,California,West,Pacific,67,15,0.817,115.9,104.3,11.35,Zaza Pachulia,C,32,2898000,3079862,70,70,18.1,2.3,4.4,0.534,0,0,0,2.3,4.4,0.538,0.534,1.4,1.8,0.778,2,3.9,5.9,1.9,0.8,0.5,1.2,2.4,6.1,1268,16.1,0.588,0.007,0.41,12.9,22,17.7,13.6,2.2,2,19.4,15.3,2.3,2.5,4.7,0.178,-0.3,3,2.7,1.5
2016/2017,94143000,98194497.56,543471,Sacramento Kings,26,SAC,California,West,Pacific,32,50,0.39,102.8,106.7,-3.29,Georgios Papagiannis,C,19,2202240,2340440,22,0,16.1,2.5,4.6,0.549,0,0.1,0,2.5,4.5,0.56,0.549,0.5,0.6,0.857,1.1,2.8,3.9,0.9,0.1,0.8,1.1,2,5.6,355,12.7,0.573,0.02,0.137,7.9,20,14,9,0.4,4.4,18.2,16.9,0.1,0.3,0.4,0.057,-3.5,0.8,-2.7,-0.1
2016/2017,94143000,98194497.56,543471,Milwaukee Bucks,17,MIL,Wisconsin,East,Central,42,40,0.512,103.6,103.8,-0.45,Jabari Parker,PF,21,5374320,5711583,51,50,33.9,7.8,16,0.49,1.3,3.5,0.365,6.5,12.5,0.525,0.53,3.2,4.3,0.743,1.5,4.6,6.2,2.8,1,0.4,1.8,2.2,20.1,1728,19.1,0.563,0.219,0.268,5.4,15.7,10.6,14.3,1.5,1.1,9.3,26.5,2.6,1.5,4,0.112,1.5,-1.3,0.2,1
2016/2017,94143000,98194497.56,543471,San Antonio Spurs,27,SAS,Texas,West,Southwest,61,21,0.744,105.3,98.1,7.13,Tony Parker,PG,34,14445313,15351823,63,63,25.2,4.2,9,0.466,0.4,1.1,0.333,3.8,7.9,0.484,0.486,1.3,1.9,0.726,0.1,1.7,1.8,4.5,0.5,0,1.4,1.5,10.1,1587,13,0.514,0.121,0.206,0.7,7.3,4,27.8,1.1,0.1,12.5,20.2,1.4,1.7,3,0.092,-1.2,-1.7,-3,-0.4
2016/2017,94143000,98194497.56,543471,Memphis Grizzlies,15,MEM,Tennessee,West,Southwest,43,39,0.524,100.5,100,0.96,Chandler Parsons,SF,28,22116750,23504678,34,34,19.9,2.2,6.5,0.338,0.7,2.7,0.269,1.5,3.8,0.388,0.394,1,1.3,0.814,0.2,2.3,2.5,1.6,0.6,0.1,0.7,1.5,6.2,675,7.7,0.436,0.419,0.194,1,13.6,7.1,12.8,1.5,0.7,9.1,17.8,-0.5,0.7,0.2,0.015,-3.6,-0.5,-4.1,-0.3
2016/2017,94143000,98194497.56,543471,Atlanta Hawks,1,ATL,Georgia,East,Southeast,43,39,0.524,103.2,104,-1.23,Lamar Patterson,SG,25,242963,258210,5,0,8,0.6,3,0.2,0.2,1.2,0.167,0.4,1.8,0.222,0.233,0.4,0.6,0.667,0.2,1.2,1.4,1.2,0.2,0,0.8,1.2,1.8,40,-1.9,0.276,0.4,0.2,2.8,16.3,9.6,21.1,1.2,0,19.7,22.2,-0.2,0,-0.1,-0.176,-9.9,-1.2,-11.2,-0.1
2016/2017,94143000,98194497.56,543471,Toronto Raptors,28,TOR,Ontario,East,Atlantic,51,31,0.622,106.9,102.6,3.65,Patrick Patterson,PF,27,6050000,6429665,65,8,24.6,2.4,5.9,0.401,1.4,3.9,0.372,0.9,2,0.458,0.523,0.7,0.9,0.717,1,3.6,4.5,1.2,0.6,0.4,0.6,1.8,6.8,1599,10.8,0.542,0.659,0.156,4.4,16.3,10.4,6.6,1.3,1.2,8.5,12.5,1.7,1.6,3.3,0.1,0.5,0.4,0.9,1.2
2016/2017,94143000,98194497.56,543471,Los Angeles Clippers,13,LAC,California,West,Pacific,51,31,0.622,108.7,104.4,4.42,Chris Paul,PG,31,22868827,24303952,61,61,31.5,6.1,12.9,0.476,2,5,0.411,4.1,7.9,0.518,0.555,3.8,4.3,0.892,0.7,4.3,5,9.2,2,0.1,2.4,2.4,18.1,1921,26.2,0.614,0.385,0.331,2.4,15,8.9,46.8,3.1,0.3,14,24.4,7.9,2.6,10.6,0.264,7.8,1.1,8.8,5.3
2016/2017,94143000,98194497.56,543471,Minnesota Timberwolves,18,MIN,Minnesota,West,Northwest,31,51,0.378,105.6,106.7,-0.64,Adreian Payne,PF,25,2022240,2149144,18,0,7.5,1.3,3,0.426,0.2,0.8,0.2,1.1,2.2,0.513,0.454,0.8,1.1,0.737,0.5,1.3,1.8,0.4,0.4,0.4,0.4,1.8,3.5,135,14.4,0.505,0.278,0.352,7.7,21,14.3,8,3,4.4,11.4,23.1,0,0.2,0.2,0.086,-2.2,0.7,-1.5,0
2016/2017,94143000,98194497.56,543471,#N/A,#N/A,TOT,#N/A,#N/A,#N/A,#N/A,#N/A,#N/A,#N/A,#N/A,#N/A,Cameron Payne,PG,22,2112480,2245047,31,0,14.9,2.1,6.2,0.332,0.9,2.8,0.314,1.2,3.5,0.346,0.402,0.2,0.3,0.625,0.1,1.5,1.5,1.8,0.5,0.1,0.9,1.7,5.2,462,5.5,0.407,0.446,0.041,0.7,10.7,5.7,17.7,1.5,0.7,12.9,20.9,-0.8,0.4,-0.3,-0.035,-4.8,-2.2,-7,-0.6
2016/2017,94143000,98194497.56,543471,Oklahoma City Thunder,21,OKC,Oklahoma,West,Northwest,47,35,0.573,106.6,105.8,1.14,Cameron Payne,PG,22,2112480,2245047,20,0,16,2.2,6.5,0.331,0.8,2.6,0.308,1.4,3.9,0.346,0.392,0.2,0.2,1,0.1,1.5,1.6,2,0.5,0.2,0.8,1.9,5.3,320,6.1,0.402,0.4,0.031,0.7,10.1,5.4,18.3,1.5,1,10.8,19.6,-0.4,0.3,-0.1,-0.012,-4.7,-2,-6.8,-0.4
2016/2017,94143000,98194497.56,543471,Chicago Bulls,5,CHI,Illinois,East,Central,41,41,0.5,102.9,102.4,0.03,Cameron Payne,PG,22,2112480,2245047,11,0,12.9,1.9,5.7,0.333,1,3.1,0.324,0.9,2.6,0.345,0.421,0.1,0.4,0.25,0.1,1.5,1.5,1.4,0.4,0,1.2,1.3,4.9,142,4,0.417,0.54,0.063,0.8,12.2,6.5,16.2,1.4,0,16.7,23.9,-0.4,0.1,-0.3,-0.086,-5,-2.5,-7.5,-0.2
2016/2017,94143000,98194497.56,543471,Orlando Magic,22,ORL,Florida,East,Southeast,29,53,0.354,101.1,107.6,-6.61,Elfrid Payton,PG,22,2613600,2777615,82,58,29.4,5.2,11.1,0.471,0.5,1.8,0.274,4.8,9.3,0.509,0.493,1.8,2.6,0.692,1.1,3.6,4.7,6.5,1.1,0.5,2.2,2.2,12.8,2412,17.2,0.52,0.16,0.231,3.9,13.9,8.7,35.7,1.8,1.3,15,21.6,2.4,2,4.4,0.088,0.7,0.2,0.9,1.7
2016/2017,94143000,98194497.56,543471,Milwaukee Bucks,17,MIL,Wisconsin,East,Central,42,40,0.512,103.6,103.8,-0.45,Gary Payton II,PG,24,578636,614947,6,0,16.5,1.3,3.7,0.364,0.2,1.5,0.111,1.2,2.2,0.538,0.386,0.5,0.8,0.6,0,2,2,2.2,0.5,0.7,1.7,1.5,3.3,99,4.5,0.413,0.409,0.227,0,14,7.1,18.1,1.5,3.6,29.2,15.8,-0.3,0.1,-0.2,-0.074,-7.3,0.6,-6.7,-0.1
2016/2017,94143000,98194497.56,543471,Los Angeles Clippers,13,LAC,California,West,Pacific,51,31,0.622,108.7,104.4,4.42,Paul Pierce,SF,39,3527920,3749313,25,7,11.1,1.1,2.8,0.4,0.6,1.7,0.349,0.5,1.1,0.481,0.507,0.4,0.5,0.769,0,1.9,1.9,0.4,0.2,0.2,0.6,1.6,3.2,277,5.7,0.535,0.614,0.186,0.4,18.5,9.7,5,0.7,1.5,17.4,14.8,-0.2,0.3,0.1,0.015,-3.9,-0.5,-4.4,-0.2
2016/2017,94143000,98194497.56,543471,New York Knicks,20,NYK,New York,East,Atlantic,31,51,0.378,104.3,108,-3.87,Marshall Plumlee,C,24,543471,577576,21,1,8.1,0.8,1.4,0.533,0,0,,0.8,1.4,0.533,0.533,0.4,0.9,0.421,1.1,1.3,2.4,0.5,0.2,0.2,0.6,1.1,1.9,170,10.9,0.521,0,0.633,14.5,17.8,16.2,8.1,1.2,1.9,23.8,12.8,0,0.1,0.2,0.048,-2.9,0.1,-2.8,0
2016/2017,94143000,98194497.56,543471,#N/A,#N/A,TOT,#N/A,#N/A,#N/A,#N/A,#N/A,#N/A,#N/A,#N/A,#N/A,Mason Plumlee,C,26,2328530,2474656,81,64,26.5,4.1,7.7,0.536,0,0.1,0,4.1,7.6,0.541,0.536,2.1,3.7,0.58,2.1,5.4,7.5,3.5,0.9,1.1,1.7,2.8,10.4,2148,18.1,0.558,0.01,0.482,8.8,22.4,15.6,19.8,1.6,3.4,15.1,18.1,3.6,2.4,6,0.135,0,2.6,2.7,2.5
2016/2017,94143000,98194497.56,543471,Portland Trail Blazers,25,POR,Oregon,West,Northwest,41,41,0.5,107.9,108.5,-0.23,Mason Plumlee,C,26,2328530,2474656,54,54,28.1,4.4,8.2,0.532,0,0.1,0,4.4,8.1,0.538,0.532,2.4,4.1,0.567,2.2,5.8,8,4,0.9,1.2,1.6,2.8,11.1,1516,18.9,0.552,0.011,0.507,8.7,22.9,15.8,21.4,1.6,3.3,14,18.3,2.8,1.8,4.6,0.147,0.3,2.8,3.1,2
2016/2017,94143000,98194497.56,543471,Denver Nuggets,8,DEN,Colorado,West,Northwest,40,42,0.488,111.7,111.2,0.7,Mason Plumlee,C,26,2328530,2474656,27,10,23.4,3.7,6.7,0.547,0,0,0,3.7,6.7,0.55,0.547,1.7,2.8,0.618,1.9,4.6,6.4,2.6,0.7,1.1,1.7,2.9,9.1,632,16.3,0.571,0.006,0.42,8.8,21.3,15.1,15.9,1.5,3.6,17.7,17.5,0.8,0.6,1.4,0.107,-0.7,2.2,1.5,0.6
2016/2017,94143000,98194497.56,543471,#N/A,#N/A,TOT,#N/A,#N/A,#N/A,#N/A,#N/A,#N/A,#N/A,#N/A,#N/A,Miles Plumlee,C,28,12400000,13178157,45,12,10.8,1,2,0.478,0,0,,1,2,0.478,0.478,0.6,0.9,0.641,0.8,1.3,2.1,0.5,0.4,0.3,0.7,1.6,2.5,484,8.4,0.518,0,0.424,9,13.3,11.1,6.1,1.9,2.4,21.6,13.1,-0.1,0.5,0.5,0.045,-4.4,0.7,-3.6,-0.2
2016/2017,94143000,98194497.56,543471,Milwaukee Bucks,17,MIL,Wisconsin,East,Central,42,40,0.512,103.6,103.8,-0.45,Miles Plumlee,C,28,12400000,13178157,32,12,9.7,0.9,2.1,0.441,0,0,,0.9,2.1,0.441,0.441,0.7,1.1,0.629,0.7,0.9,1.7,0.6,0.3,0.3,0.7,1.5,2.6,310,8,0.492,0,0.515,8.7,11.1,10,8.2,1.8,2.6,20.9,15.5,-0.2,0.3,0.1,0.021,-4.6,0.4,-4.2,-0.2
2016/2017,94143000,98194497.56,543471,Charlotte Hornets,4,CHO,North Carolina,East,Southeast,36,46,0.439,104.9,104.7,-0.07,Miles Plumlee,C,28,12400000,13178157,13,0,13.4,1.1,1.8,0.583,0,0,,1.1,1.8,0.583,0.583,0.2,0.3,0.75,1.2,2.1,3.2,0.2,0.5,0.3,0.6,1.9,2.4,174,9,0.602,0,0.167,9.4,17.2,13.3,2.5,2,2,23.7,8.7,0.1,0.2,0.3,0.087,-3.9,1.3,-2.5,0
2016/2017,94143000,98194497.56,543471,Toronto Raptors,28,TOR,Ontario,East,Atlantic,51,31,0.622,106.9,102.6,3.65,Jakob Poeltl,C,21,2703960,2873646,54,4,11.6,1.2,2.1,0.583,0,0,,1.2,2.1,0.583,0.583,0.6,1.1,0.544,1.4,1.6,3.1,0.2,0.3,0.4,0.5,2.1,3.1,626,12.2,0.589,0,0.496,14.1,15.7,14.9,2.7,1.4,2.8,17.2,12.1,0.9,0.7,1.6,0.125,-1.2,0.5,-0.7,0.2
2016/2017,94143000,98194497.56,543471,Washington Wizards,30,WAS,Washington DC,East,Southeast,49,33,0.598,109.2,107.4,1.36,Otto Porter,SF,23,5893981,6263855,80,80,32.6,5.2,10,0.516,1.9,4.3,0.434,3.3,5.8,0.576,0.608,1.2,1.5,0.832,1.5,5,6.4,1.5,1.5,0.5,0.6,2.4,13.4,2605,17.3,0.628,0.425,0.148,5.1,17.1,11.1,6.7,2.2,1.3,4.9,15.1,6.4,3,9.4,0.173,3,0.9,3.9,3.9
2016/2017,94143000,98194497.56,543471,Chicago Bulls,5,CHI,Illinois,East,Central,41,41,0.5,102.9,102.4,0.03,Bobby Portis,PF,21,1404600,1492745,64,13,15.6,2.9,5.9,0.488,0.5,1.5,0.333,2.4,4.4,0.541,0.531,0.6,0.9,0.661,1.2,3.5,4.6,0.5,0.3,0.2,0.6,1.5,6.8,1000,14.9,0.545,0.256,0.157,8,24,16,5.7,0.8,0.9,8.4,19.1,1.1,1.2,2.4,0.114,-1.6,-1.5,-3,-0.3
2016/2017,94143000,98194497.56,543471,New York Knicks,20,NYK,New York,East,Atlantic,31,51,0.378,104.3,108,-3.87,Kristaps Porzingis,PF,21,4317720,4588677,66,65,32.8,6.7,14.9,0.45,1.7,4.8,0.357,5,10.2,0.493,0.507,3,3.8,0.786,1.7,5.5,7.2,1.5,0.7,2,1.8,3.7,18.1,2164,17.4,0.546,0.319,0.256,5.5,18.2,11.8,7.3,1.1,4.9,9.7,24.3,2.4,2.1,4.5,0.1,0.2,0,0.2,1.2
2016/2017,94143000,98194497.56,543471,Dallas Mavericks,7,DAL,Texas,West,Southwest,33,49,0.402,97.9,100.8,-2.53,Dwight Powell,C,25,8375000,8900570,77,3,17.3,2.5,4.9,0.515,0.3,1,0.284,2.2,3.9,0.571,0.542,1.4,1.8,0.759,1.2,2.8,4,0.6,0.8,0.5,0.4,1.8,6.7,1333,17.6,0.588,0.196,0.374,7.7,19.5,13.3,6.1,2.4,2.6,7.2,16.7,2.7,1.9,4.6,0.165,-0.5,1.9,1.4,1.2
2016/2017,94143000,98194497.56,543471,Toronto Raptors,28,TOR,Ontario,East,Atlantic,51,31,0.622,106.9,102.6,3.65,Norman Powell,SG,23,874636,929523,76,18,18,3,6.7,0.449,0.7,2.3,0.324,2.3,4.4,0.514,0.504,1.7,2.1,0.792,0.3,1.9,2.2,1.1,0.7,0.2,0.9,1.7,8.4,1368,14,0.552,0.342,0.314,2.2,11.8,7,9.3,1.9,0.9,10.8,21.1,1.4,1.4,2.8,0.097,-0.4,-1.1,-1.5,0.2
2016/2017,94143000,98194497.56,543471,Philadelphia 76ers,23,PHI,Pennsylvania,East,Atlantic,28,54,0.341,102.4,108.1,-5.83,Alex Poythress,PF,23,73743,78370,6,1,26.2,4.2,9,0.463,1,3.2,0.316,3.2,5.8,0.543,0.519,1.3,1.7,0.8,1.8,3,4.8,0.8,0.5,0.3,0.5,2.3,10.7,157,13.2,0.548,0.352,0.185,7.7,12.7,10.2,5.1,0.9,1,4.9,16.9,0.2,0.1,0.3,0.099,-0.6,-1.9,-2.5,0
2016/2017,94143000,98194497.56,543471,Phoenix Suns,24,PHO,Arizona,West,Pacific,24,58,0.293,107.7,113.3,-5.14,Ronnie Price,PG,33,3251227,3455255,14,0,9.6,0.3,1.7,0.167,0.2,1.2,0.176,0.1,0.5,0.143,0.229,0.2,0.3,0.75,0.2,0.6,0.8,1.3,0.8,0.1,0.2,1,1,134,5.9,0.272,0.708,0.167,2.4,6.7,4.5,16.9,3.9,0.6,10.4,9,-0.1,0.1,0,0.002,-3.2,0.8,-2.4,0
2016/2017,94143000,98194497.56,543471,Portland Trail Blazers,25,POR,Oregon,West,Northwest,41,41,0.5,107.9,108.5,-0.23,Tim Quarterman,SG,22,543471,577576,16,0,5,0.8,1.8,0.448,0.3,0.8,0.385,0.5,1,0.5,0.534,0,0.2,0,0.3,0.6,0.9,0.7,0.1,0.2,0.7,0.4,1.9,80,10.2,0.511,0.448,0.103,5.5,13.9,9.7,21.1,1.2,3,26.6,22.8,-0.1,0.1,-0.1,-0.044,-4,-0.8,-4.8,-0.1
2016/2017,94143000,98194497.56,543471,#N/A,#N/A,TOT,#N/A,#N/A,#N/A,#N/A,#N/A,#N/A,#N/A,#N/A,#N/A,Chasson Randle,PG,23,541170,575130,26,0,11.5,1.5,3.8,0.408,0.6,1.8,0.34,0.9,2,0.471,0.49,1.6,1.7,0.953,0.2,1,1.2,1.3,0.3,0.1,0.7,1.5,5.3,299,13.6,0.586,0.48,0.439,2.2,9.4,5.8,16.8,1.5,0.5,14,19.7,0.5,0.1,0.7,0.106,0.3,-2.9,-2.6,0
2016/2017,94143000,98194497.56,543471,Philadelphia 76ers,23,PHI,Pennsylvania,East,Atlantic,28,54,0.341,102.4,108.1,-5.83,Chasson Randle,PG,23,541170,575130,8,0,9.3,1.5,3.3,0.462,0.8,1.9,0.4,0.8,1.4,0.545,0.577,1.5,1.5,1,0,0.6,0.6,0.8,0.4,0.1,0.4,1.4,5.3,74,17.7,0.671,0.577,0.462,0,7.5,3.7,13.2,2,1.1,8.8,20.1,0.2,0.1,0.3,0.197,2.6,-2.7,-0.1,0
2016/2017,94143000,98194497.56,543471,New York Knicks,20,NYK,New York,East,Atlantic,31,51,0.378,104.3,108,-3.87,Chasson Randle,PG,23,541170,575130,18,0,12.5,1.6,4,0.389,0.6,1.8,0.313,1,2.2,0.45,0.458,1.6,1.7,0.935,0.3,1.2,1.5,1.6,0.3,0.1,0.9,1.6,5.3,225,12.3,0.555,0.444,0.431,2.9,10.1,6.5,18,1.3,0.4,15.7,19.6,0.3,0.1,0.4,0.075,-0.5,-3,-3.4,-0.1
2016/2017,94143000,98194497.56,543471,Los Angeles Lakers,14,LAL,California,West,Pacific,26,56,0.317,104.6,111.5,-6.29,Julius Randle,PF,22,3267120,3472146,74,73,28.8,5.1,10.4,0.488,0.2,0.9,0.27,4.9,9.6,0.507,0.499,2.8,3.8,0.723,2,6.6,8.6,3.6,0.7,0.5,2.3,3.4,13.2,2132,16.3,0.543,0.082,0.365,7.4,25.8,16.3,19.3,1.1,1.4,16.2,21.4,2,1.5,3.5,0.08,-0.8,0.7,0,1.1
2016/2017,94143000,98194497.56,543471,Memphis Grizzlies,15,MEM,Tennessee,West,Southwest,43,39,0.524,100.5,100,0.96,Zach Randolph,PF,35,10000000,10627546,73,5,24.5,5.9,13.2,0.449,0.3,1.3,0.223,5.6,11.9,0.474,0.46,1.9,2.6,0.731,2.5,5.7,8.2,1.7,0.5,0.1,1.4,1.9,14.1,1786,18.5,0.49,0.098,0.2,11.3,27.4,19.2,13.5,1.1,0.5,8.6,29.2,0.8,2.4,3.2,0.086,-1.4,-0.7,-2.1,0
2016/2017,94143000,98194497.56,543471,Los Angeles Clippers,13,LAC,California,West,Pacific,51,31,0.622,108.7,104.4,4.42,JJ Redick,SG,32,7377500,7840472,78,78,28.2,5.1,11.4,0.445,2.6,6,0.429,2.5,5.4,0.462,0.558,2.3,2.6,0.891,0.1,2.1,2.2,1.4,0.7,0.2,1.3,1.6,15,2198,14.8,0.599,0.526,0.227,0.6,7.9,4.4,7.8,1.2,0.5,9.1,22,3.3,1.5,4.8,0.105,2,-2.1,-0.1,1.1
2016/2017,94143000,98194497.56,543471,Miami Heat,16,MIA,Florida,East,Southeast,41,41,0.5,103.2,102.1,0.77,Willie Reed,C,26,1015696,1073489.102,71,5,14.5,2.3,4,0.568,0,0.1,0.25,2.3,4,0.573,0.57,0.7,1.2,0.557,1.8,2.9,4.7,0.4,0.3,0.7,0.4,1.9,5.3,1031,17.1,0.578,0.014,0.309,13.7,22,17.8,3.9,0.9,3.6,8.7,15.3,2.1,1.5,3.6,0.168,-1.3,0.7,-0.6,0.4
2016/2017,94143000,98194497.56,543471,Miami Heat,16,MIA,Florida,East,Southeast,41,41,0.5,103.2,102.1,0.77,Josh Richardson,SG,23,874636,929523,53,34,30.5,3.8,9.7,0.394,1.4,4.3,0.33,2.4,5.4,0.444,0.467,1.1,1.5,0.779,0.7,2.5,3.2,2.6,1.1,0.7,1.2,2.5,10.2,1614,10.7,0.493,0.442,0.15,2.4,9.2,5.8,12.7,1.9,1.9,10.6,16.8,0.3,1.9,2.2,0.066,-1,1.1,0.2,0.9
2016/2017,94143000,98194497.56,543471,Sacramento Kings,26,SAC,California,West,Pacific,32,50,0.39,102.8,106.7,-3.29,Malachi Richardson,SG,21,1439880,1530239,22,0,9,1.3,3.1,0.412,0.4,1.3,0.286,0.9,1.8,0.5,0.471,0.7,0.9,0.789,0.1,0.9,1,0.5,0.2,0,0.4,1,3.6,198,9.6,0.517,0.412,0.279,1.8,11.5,6.7,8.7,1.3,0.5,9.5,19.3,0,0.1,0.1,0.028,-2.5,-3,-5.5,-0.2
2016/2017,94143000,98194497.56,543471,Los Angeles Clippers,13,LAC,California,West,Pacific,51,31,0.622,108.7,104.4,4.42,Austin Rivers,SG,24,11000000,11690301,74,29,27.8,4.4,9.9,0.442,1.5,4,0.371,2.9,5.8,0.491,0.518,1.8,2.6,0.691,0.3,1.9,2.2,2.8,0.6,0.1,1.6,2.5,12,2054,11.4,0.545,0.409,0.261,1.1,7.5,4.4,15,1.2,0.4,12.4,20.3,1.2,1.3,2.5,0.059,-0.1,-1.5,-1.6,0.2
2016/2017,94143000,98194497.56,543471,Oklahoma City Thunder,21,OKC,Oklahoma,West,Northwest,47,35,0.573,106.6,105.8,1.14,Andre Roberson,SF,25,2183072,2320069,79,79,30.1,2.7,5.9,0.464,0.6,2.3,0.245,2.2,3.5,0.609,0.513,0.6,1.4,0.423,1.2,3.9,5.1,1,1.2,1,0.6,2.6,6.6,2376,9.6,0.51,0.397,0.24,4.6,14.2,9.4,4.6,1.9,2.7,9.1,10.1,1.1,3.1,4.2,0.085,-2.1,2.1,0,1.2
2016/2017,94143000,98194497.56,543471,Charlotte Hornets,4,CHO,North Carolina,East,Southeast,36,46,0.439,104.9,104.7,-0.07,Brian Roberts,PG,31,1050961,1116913,41,2,10.1,1.1,3,0.377,0.4,1.1,0.386,0.7,1.9,0.372,0.447,0.8,1,0.846,0.1,0.8,1,1.3,0.2,0,0.6,0.4,3.5,416,9.8,0.51,0.361,0.32,1.3,9,5.2,18.7,1.1,0.2,15.7,17.9,0,0.3,0.2,0.028,-3.3,-2.6,-5.9,-0.4
2016/2017,94143000,98194497.56,543471,Indiana Pacers,12,IND,Indiana,East,Central,42,40,0.512,105.1,105.3,-0.64,Glenn Robinson III,SF,23,1050500,1116423,69,27,20.7,2.3,4.9,0.467,0.7,1.8,0.392,1.6,3.1,0.512,0.54,0.8,1.1,0.711,0.8,2.7,3.6,0.7,0.6,0.3,0.5,0.9,6.1,1427,11.5,0.564,0.37,0.225,4.5,14.7,9.7,4.7,1.4,1.2,9.1,12.8,1.3,1.2,2.5,0.085,-1.2,-0.2,-1.3,0.2
2016/2017,94143000,98194497.56,543471,Los Angeles Lakers,14,LAL,California,West,Pacific,26,56,0.317,104.6,111.5,-6.29,Thomas Robinson,PF,25,1050961,1116913,48,1,11.7,2.2,4.1,0.536,0,0,0,2.2,4.1,0.538,0.536,0.6,1.4,0.47,1.8,2.9,4.6,0.6,0.5,0.2,1,1.6,5,560,17.3,0.535,0.005,0.337,15.8,28.1,21.8,8.8,2.3,1.3,17,20.7,0.3,0.6,0.9,0.079,-2.2,-0.1,-2.3,0
2016/2017,94143000,98194497.56,543471,Philadelphia 76ers,23,PHI,Pennsylvania,East,Atlantic,28,54,0.341,102.4,108.1,-5.83,Sergio Rodriguez,PG,30,6800000,7226731,68,30,22.3,3.1,7.9,0.392,1.4,3.7,0.365,1.7,4.2,0.415,0.478,0.3,0.4,0.667,0.3,2,2.3,5.1,0.7,0.1,1.9,1.4,7.8,1518,11.1,0.484,0.47,0.05,1.5,9.9,5.7,35.4,1.6,0.2,18.9,19.3,-0.3,1,0.7,0.023,-1.6,-2.3,-3.8,-0.7
2016/2017,94143000,98194497.56,543471,Chicago Bulls,5,CHI,Illinois,East,Central,41,41,0.5,102.9,102.4,0.03,Rajon Rondo,PG,30,14000000,14878565,69,42,26.7,3.3,8.1,0.408,0.7,1.9,0.376,2.6,6.2,0.418,0.453,0.4,0.7,0.6,1.1,4.1,5.1,6.7,1.4,0.2,2.4,2.1,7.8,1843,13.6,0.461,0.237,0.089,4.2,16.6,10.4,37,2.7,0.5,22.5,17.8,-0.4,2.7,2.3,0.06,-1.3,1.6,0.3,1.1
2016/2017,94143000,98194497.56,543471,New York Knicks,20,NYK,New York,East,Atlantic,31,51,0.378,104.3,108,-3.87,Derrick Rose,PG,28,21323252,22661385,64,64,32.5,7.2,15.3,0.471,0.2,0.9,0.217,7,14.3,0.487,0.477,3.5,4,0.874,1,2.8,3.8,4.4,0.7,0.3,2.3,1.3,18,2082,17,0.53,0.061,0.259,3.4,9.3,6.4,22.8,1.1,0.7,11.9,25.7,2.4,0.6,3,0.068,0.2,-2.2,-1.9,0
2016/2017,94143000,98194497.56,543471,#N/A,#N/A,TOT,#N/A,#N/A,#N/A,#N/A,#N/A,#N/A,#N/A,#N/A,#N/A,Terrence Ross,SF,25,10000000,10627546,78,24,25.1,4.2,9.6,0.437,1.8,5,0.363,2.4,4.6,0.518,0.532,0.8,1,0.831,0.2,2.4,2.6,1.1,1.1,0.4,0.9,1.8,11,1955,13.4,0.55,0.524,0.103,1,10.8,5.9,7.1,2.2,1.4,8,19.3,1.5,2,3.5,0.086,0.4,-0.6,-0.3,0.9
2016/2017,94143000,98194497.56,543471,Toronto Raptors,28,TOR,Ontario,East,Atlantic,51,31,0.622,106.9,102.6,3.65,Terrence Ross,SF,25,10000000,10627546,54,0,22.4,3.9,8.9,0.441,1.8,4.7,0.375,2.1,4.1,0.516,0.541,0.8,0.9,0.82,0.3,2.3,2.6,0.8,1,0.4,0.6,1.5,10.4,1207,14.9,0.558,0.534,0.104,1.3,11.6,6.5,5.9,2.2,1.4,6.2,19.8,1.6,1.3,2.9,0.116,1.2,-0.9,0.3,0.7
2016/2017,94143000,98194497.56,543471,Orlando Magic,22,ORL,Florida,East,Southeast,29,53,0.354,101.1,107.6,-6.61,Terrence Ross,SF,25,10000000,10627546,24,24,31.2,4.8,11.1,0.431,1.9,5.6,0.341,2.9,5.5,0.523,0.517,1,1.1,0.852,0.2,2.7,2.8,1.8,1.4,0.5,1.5,2.5,12.5,748,11.1,0.536,0.506,0.101,0.6,9.6,5,9,2.3,1.4,11.2,18.5,0,0.6,0.6,0.037,-1,-0.2,-1.2,0.1
2016/2017,94143000,98194497.56,543471,Boston Celtics,2,BOS,Massachusetts,East,Atlantic,53,29,0.646,108,105.4,2.25,Terry Rozier,PG,22,1906440,2026077,74,0,17.1,2,5.6,0.367,0.8,2.4,0.318,1.3,3.1,0.405,0.437,0.7,0.9,0.773,0.5,2.5,3.1,1.8,0.6,0.1,0.6,0.9,5.5,1263,10.9,0.466,0.436,0.161,3.6,16.3,10,15.2,1.8,0.7,9.7,17.1,0,1.4,1.4,0.054,-2.5,0,-2.5,-0.2
2016/2017,94143000,98194497.56,543471,Minnesota Timberwolves,18,MIN,Minnesota,West,Northwest,31,51,0.378,105.6,106.7,-0.64,Ricky Rubio,PG,26,13400000,14240912,75,75,32.9,3.5,8.7,0.402,0.8,2.6,0.306,2.7,6.1,0.443,0.448,3.4,3.8,0.891,0.9,3.2,4.1,9.1,1.7,0.1,2.6,2.7,11.1,2469,16.8,0.539,0.302,0.438,3.2,11.4,7.2,38.9,2.6,0.3,20.1,17.4,4.5,1.7,6.1,0.119,1.7,-0.9,0.8,1.7
2016/2017,94143000,98194497.56,543471,Orlando Magic,22,ORL,Florida,East,Southeast,29,53,0.354,101.1,107.6,-6.61,Damjan Rudez,SF,30,980431,1041957,45,0,7,0.7,2,0.352,0.4,1.4,0.313,0.2,0.5,0.458,0.466,0,0,,0.1,0.4,0.6,0.4,0.3,0,0.2,0.7,1.8,314,6.3,0.466,0.727,0,1.7,7.1,4.3,9.2,1.9,0.3,9.3,13.6,-0.1,0.2,0.1,0.008,-2.8,-1.9,-4.6,-0.2
2016/2017,94143000,98194497.56,543471,Minnesota Timberwolves,18,MIN,Minnesota,West,Northwest,31,51,0.378,105.6,106.7,-0.64,Brandon Rush,SG,31,3500000,3719641,47,33,21.9,1.5,4,0.374,0.9,2.4,0.386,0.6,1.6,0.356,0.492,0.3,0.4,0.722,0.3,1.8,2.1,1,0.5,0.5,0.6,0.9,4.2,1030,6.6,0.505,0.61,0.096,1.8,9.5,5.6,5.8,1.1,1.9,12.6,9.6,0.1,0.3,0.4,0.019,-2,-0.1,-2.1,0
2016/2017,94143000,98194497.56,543471,Los Angeles Lakers,14,LAL,California,West,Pacific,26,56,0.317,104.6,111.5,-6.29,D'Angelo Russell,PG,20,5332800,5667457,63,60,28.7,5.6,13.8,0.405,2.1,6.1,0.352,3.4,7.7,0.447,0.483,2.3,3,0.782,0.5,3,3.5,4.8,1.4,0.3,2.8,2.1,15.6,1811,15.3,0.518,0.443,0.217,1.8,11.9,6.7,26.8,2.3,0.7,15.6,26.6,0.3,1,1.3,0.033,1.1,-1.6,-0.5,0.7
2016/2017,94143000,98194497.56,543471,Oklahoma City Thunder,21,OKC,Oklahoma,West,Northwest,47,35,0.573,106.6,105.8,1.14,Domantas Sabonis,PF,20,2440200,2593333,81,66,20.1,2.4,5.9,0.399,0.6,2,0.321,1.7,4,0.438,0.452,0.5,0.8,0.657,0.6,3,3.6,1,0.5,0.4,1,2.5,5.9,1632,6.9,0.469,0.331,0.139,3.1,16.4,9.8,7.2,1.2,1.6,14,15.4,-1,1.8,0.8,0.022,-4.7,-0.1,-4.8,-1.2
2016/2017,94143000,98194497.56,543471,Cleveland Cavaliers,6,CLE,Ohio,East,Central,51,31,0.622,110.3,107.2,2.87,Larry Sanders,C,28,5207722,5534530,5,0,2.6,0.2,0.8,0.25,0,0,,0.2,0.8,0.25,0.25,0.4,0.4,1,0.6,0.2,0.8,0,0.2,0.2,0.4,1,0.8,13,6.5,0.41,0,0.5,26.3,8.2,17,0,3.8,6.2,29.1,23.6,0,0,0,-0.029,-8.7,-0.9,-9.6,0
2016/2017,94143000,98194497.56,543471,Philadelphia 76ers,23,PHI,Pennsylvania,East,Atlantic,28,54,0.341,102.4,108.1,-5.83,Dario Saric,PF,22,2318280,2463762,81,36,26.3,4.7,11.4,0.411,1.3,4.2,0.311,3.4,7.2,0.469,0.468,2.1,2.7,0.782,1.4,5,6.3,2.2,0.7,0.4,2.3,2,12.8,2129,12.8,0.508,0.368,0.237,5.8,20.8,13.3,14.3,1.3,1.1,15.2,24.6,-1.2,2.2,1,0.023,-2,-0.2,-2.2,-0.1
2016/2017,94143000,98194497.56,543471,Washington Wizards,30,WAS,Washington DC,East,Southeast,49,33,0.598,109.2,107.4,1.36,Tomas Satoransky,SG,25,2870813,3050969,57,3,12.6,1.1,2.6,0.415,0.2,0.6,0.243,0.9,1.9,0.473,0.446,0.4,0.6,0.697,0.4,1,1.5,1.6,0.5,0.1,0.7,1.1,2.7,719,8.5,0.477,0.252,0.224,3.9,9.1,6.5,16.7,1.8,0.7,19,12.1,0.1,0.5,0.6,0.04,-2.9,-0.2,-3.1,-0.2
2016/2017,94143000,98194497.56,543471,Atlanta Hawks,1,ATL,Georgia,East,Southeast,43,39,0.524,103.2,104,-1.23,Dennis Schroeder,PG,23,2708582,2878558,79,78,31.5,6.9,15.4,0.451,1.3,3.7,0.34,5.7,11.6,0.487,0.493,2.8,3.2,0.855,0.5,2.6,3.1,6.3,0.9,0.2,3.3,1.9,17.9,2485,16.1,0.533,0.242,0.21,1.9,9,5.5,35.5,1.5,0.6,16.3,27.8,1.2,2.5,3.7,0.071,0.7,-1.4,-0.7,0.8
2016/2017,94143000,98194497.56,543471,Brooklyn Nets,3,BRK,New York,East,Atlantic,20,62,0.244,105.8,112.5,-6.74,Luis Scola,PF,36,5000000,5313773,36,1,12.8,2,4.2,0.47,0.5,1.4,0.34,1.5,2.8,0.535,0.526,0.7,1,0.676,1.4,2.4,3.9,1,0.4,0.1,0.9,1.8,5.1,461,13.9,0.55,0.331,0.245,11.9,19.9,16,12.7,1.4,0.7,16.9,18.7,0.4,0.4,0.8,0.082,-0.8,-0.4,-1.1,0.1
2016/2017,94143000,98194497.56,543471,Atlanta Hawks,1,ATL,Georgia,East,Southeast,43,39,0.524,103.2,104,-1.23,Mike Scott,PF,28,3333333,3542515,18,0,10.8,0.9,3.3,0.288,0.2,1.5,0.148,0.7,1.8,0.406,0.322,0.4,0.4,0.875,0.6,1.5,2.1,0.9,0.2,0.2,0.4,0.7,2.5,195,5.9,0.36,0.458,0.136,5.7,15,10.4,12.5,1,1.3,11.3,15.8,-0.3,0.2,-0.1,-0.014,-5.3,-0.1,-5.3,-0.2
2016/2017,94143000,98194497.56,543471,Atlanta Hawks,1,ATL,Georgia,East,Southeast,43,39,0.524,103.2,104,-1.23,Thabo Sefolosha,SF,32,4000000,4251018,62,42,25.7,2.8,6.4,0.441,0.7,1.9,0.342,2.1,4.4,0.484,0.492,0.9,1.2,0.733,0.9,3.5,4.4,1.7,1.5,0.5,0.9,1.6,7.2,1596,11.9,0.519,0.304,0.19,3.8,14.7,9.3,9.9,3,1.7,11.9,13.3,0.6,2.7,3.3,0.098,-1.9,3.1,1.2,1.3
2016/2017,94143000,98194497.56,543471,#N/A,#N/A,TOT,#N/A,#N/A,#N/A,#N/A,#N/A,#N/A,#N/A,#N/A,#N/A,Wayne Selden,SG,22,115087,122309,14,5,16.9,1.8,4.1,0.431,0.5,2,0.25,1.3,2.1,0.6,0.491,1,1.6,0.636,0.1,1.1,1.1,0.9,0.4,0.1,0.9,1.3,5.1,236,6.9,0.525,0.483,0.379,0.5,7.2,3.8,8.5,1.3,0.4,15.1,15.3,-0.1,0.2,0.1,0.016,-3.4,-1.6,-5,-0.2
2016/2017,94143000,98194497.56,543471,New Orleans Pelicans,19,NOP,Louisiana,West,Southwest,34,48,0.415,104.3,106.4,-1.69,Wayne Selden,SG,22,115087,122309,3,3,15.7,1.7,2.7,0.625,1.3,2.3,0.571,0.3,0.3,1,0.875,0.7,1.3,0.5,0,1.7,1.7,0.3,0.7,0,1,2,5.3,47,10,0.82,0.875,0.5,0,11.3,5.6,3,2.1,0,23.5,12,0,0,0.1,0.089,-0.5,-0.7,-1.2,0
2016/2017,94143000,98194497.56,543471,Memphis Grizzlies,15,MEM,Tennessee,West,Southwest,43,39,0.524,100.5,100,0.96,Wayne Selden,SG,22,115087,122309,11,2,17.2,1.8,4.5,0.4,0.3,1.9,0.143,1.5,2.6,0.586,0.43,1.1,1.6,0.667,0.1,0.9,1,1.1,0.4,0.1,0.8,1.1,5,189,6.2,0.475,0.42,0.36,0.6,6.2,3.3,9.9,1.1,0.5,13.4,16.1,-0.1,0.1,0,-0.002,-4.1,-1.9,-6,-0.2
2016/2017,94143000,98194497.56,543471,Indiana Pacers,12,IND,Indiana,East,Central,42,40,0.512,105.1,105.3,-0.64,Kevin Seraphin,PF,27,1800000,1912958,49,3,11.4,2.2,4,0.551,0,0,0,2.2,4,0.556,0.551,0.3,0.4,0.636,0.8,2.1,2.9,0.5,0.1,0.4,0.6,1.3,4.7,559,14.4,0.559,0.01,0.111,8.3,20,14.3,6.7,0.6,3.1,12.3,19,0.4,0.6,1,0.082,-3.1,-0.5,-3.6,-0.2
2016/2017,94143000,98194497.56,543471,Charlotte Hornets,4,CHO,North Carolina,East,Southeast,36,46,0.439,104.9,104.7,-0.07,Ramon Sessions,PG,30,6000000,6376527,50,1,16.2,2,5.3,0.38,0.4,1.2,0.339,1.6,4,0.393,0.42,1.8,2.4,0.771,0.2,1.2,1.5,2.6,0.5,0.1,0.9,0.9,6.2,811,12.4,0.495,0.236,0.449,1.5,8.5,4.9,24.2,1.7,0.3,12.7,20.1,0.3,0.6,0.9,0.055,-2.4,-2.2,-4.6,-0.5
2016/2017,94143000,98194497.56,543471,Cleveland Cavaliers,6,CLE,Ohio,East,Central,51,31,0.622,110.3,107.2,2.87,Iman Shumpert,SG,26,9662922,10269315,76,31,25.5,2.6,6.4,0.411,1.2,3.4,0.36,1.4,3,0.469,0.507,0.9,1.2,0.789,0.5,2.4,2.9,1.4,0.8,0.4,1,2,7.5,1937,9,0.536,0.534,0.184,2.3,9.9,6.2,7.8,1.6,1.1,12.9,14,0.7,1.4,2,0.05,-1.3,0,-1.3,0.3
2016/2017,94143000,98194497.56,543471,Toronto Raptors,28,TOR,Ontario,East,Atlantic,51,31,0.622,106.9,102.6,3.65,Pascal Siakam,PF,22,1196040,1271097,55,38,15.6,1.9,3.7,0.502,0,0.1,0.143,1.9,3.6,0.515,0.505,0.4,0.6,0.688,1.2,2.2,3.4,0.3,0.5,0.8,0.6,2,4.2,859,11.5,0.523,0.034,0.156,8.4,15.9,12.2,2.9,1.5,4.5,13.1,13.1,0.4,1.2,1.6,0.089,-3,1.9,-1.1,0.2
2016/2017,94143000,98194497.56,543471,San Antonio Spurs,27,SAS,Texas,West,Southwest,61,21,0.744,105.3,98.1,7.13,Jonathon Simmons,SG,27,874636,929523,78,8,17.8,2.3,5.4,0.42,0.4,1.3,0.294,1.9,4.1,0.461,0.456,1.3,1.7,0.75,0.3,1.8,2.1,1.6,0.6,0.3,1,1.9,6.2,1392,9.9,0.504,0.242,0.314,1.7,11.1,6.5,13.2,1.7,1.5,13.7,18,-0.1,2.1,2,0.068,-2.8,0.9,-1.9,0
2016/2017,94143000,98194497.56,543471,Oklahoma City Thunder,21,OKC,Oklahoma,West,Northwest,47,35,0.573,106.6,105.8,1.14,Kyle Singler,SF,28,4837500,5141075,32,2,12,1.1,2.6,0.41,0.2,1.2,0.189,0.8,1.4,0.587,0.452,0.4,0.5,0.765,0.3,1.3,1.5,0.3,0.2,0.2,0.3,0.9,2.8,385,5.9,0.486,0.446,0.205,2.3,11.5,6.9,3.2,0.9,1,10.8,11.2,0,0.3,0.3,0.034,-4.6,-1.3,-5.9,-0.4
2016/2017,94143000,98194497.56,543471,Boston Celtics,2,BOS,Massachusetts,East,Atlantic,53,29,0.646,108,105.4,2.25,Marcus Smart,SG,22,3578880,3803471,79,24,30.4,3.4,9.5,0.359,1.2,4.2,0.283,2.2,5.3,0.42,0.422,2.6,3.2,0.812,1,2.9,3.9,4.6,1.6,0.4,2,2.4,10.6,2399,12,0.486,0.443,0.334,3.7,10.4,7.1,22,2.6,1.2,15.6,18.8,0.5,2.7,3.2,0.064,-1.1,0.9,-0.3,1
2016/2017,94143000,98194497.56,543471,Detroit Pistons,9,DET,Michigan,East,Central,37,45,0.451,101.3,102.5,-1.29,Ishmael Smith,PG,28,6000000,6376527,81,32,24.1,4.1,9.2,0.439,0.3,1.3,0.267,3.7,8,0.467,0.458,0.9,1.3,0.706,0.3,2.6,2.9,5.2,0.8,0.4,1.4,1.6,9.4,1955,14.7,0.477,0.14,0.136,1.1,12.4,6.6,32.5,1.6,1.4,12.4,20.5,0.9,2.2,3.1,0.076,-1.2,0.4,-0.8,0.6
2016/2017,94143000,98194497.56,543471,Cleveland Cavaliers,6,CLE,Ohio,East,Central,51,31,0.622,110.3,107.2,2.87,JR Smith,SG,31,12800000,13603259,41,35,29,3,8.7,0.346,2.3,6.6,0.351,0.7,2.1,0.329,0.479,0.2,0.4,0.667,0.4,2.3,2.8,1.5,1,0.3,0.6,1.9,8.6,1187,8.1,0.484,0.761,0.042,1.6,8.6,5.2,7.3,1.7,0.7,6.7,14.6,0.1,0.8,0.8,0.034,-0.5,-0.7,-1.3,0.2
2016/2017,94143000,98194497.56,543471,Washington Wizards,30,WAS,Washington DC,East,Southeast,49,33,0.598,109.2,107.4,1.36,Jason Smith,C,30,5000000,5313773,74,3,14.4,2.4,4.4,0.529,0.5,1.1,0.474,1.9,3.4,0.546,0.585,0.5,0.7,0.686,0.9,2.6,3.5,0.5,0.3,0.7,0.8,2.3,5.7,1068,13.6,0.598,0.237,0.155,6.8,20.4,13.6,5,1,4.2,14.2,16.7,1,1.3,2.3,0.103,-2,0.6,-1.4,0.2
2016/2017,94143000,98194497.56,543471,Milwaukee Bucks,17,MIL,Wisconsin,East,Central,42,40,0.512,103.6,103.8,-0.45,Tony Snell,SG,25,2368327,2516950,80,80,29.2,3.1,6.8,0.455,1.8,4.4,0.406,1.3,2.3,0.548,0.588,0.6,0.7,0.81,0.3,2.8,3.1,1.2,0.7,0.2,0.7,1.6,8.5,2336,9.7,0.603,0.656,0.107,1.1,11.1,6.2,5.9,1.2,0.5,8.8,12.1,2.1,1.3,3.4,0.071,0.2,-1.1,-0.8,0.7
2016/2017,94143000,98194497.56,543471,Los Angeles Clippers,13,LAC,California,West,Pacific,51,31,0.622,108.7,104.4,4.42,Marreese Speights,C,29,1403611,1491694,82,2,15.7,3,6.7,0.445,1.3,3.4,0.372,1.7,3.3,0.52,0.539,1.5,1.7,0.876,1.1,3.5,4.5,0.8,0.3,0.5,0.8,2.8,8.7,1286,17.5,0.584,0.505,0.25,7.9,24.1,16.2,8,0.9,2.6,10.2,23.6,2.5,1.7,4.2,0.155,1.5,-0.8,0.7,0.9
2016/2017,94143000,98194497.56,543471,Philadelphia 76ers,23,PHI,Pennsylvania,East,Atlantic,28,54,0.341,102.4,108.1,-5.83,Tiago Splitter,C,32,8250000,8767725,8,0,9.5,1.8,3.9,0.452,0.3,0.8,0.333,1.5,3.1,0.48,0.484,1.1,1.4,0.818,1,1.8,2.8,0.5,0.1,0.1,0.8,1,4.9,76,15,0.544,0.194,0.355,11.6,20.3,15.9,8.9,0.6,1,14.3,23.9,0.1,0.1,0.1,0.072,-2.6,-2.5,-5,-0.1
2016/2017,94143000,98194497.56,543471,Philadelphia 76ers,23,PHI,Pennsylvania,East,Atlantic,28,54,0.341,102.4,108.1,-5.83,Nik Stauskas,SG,23,2993040,3180867,80,27,27.4,3.1,7.9,0.396,1.7,4.5,0.368,1.5,3.4,0.433,0.5,1.5,1.9,0.813,0.3,2.6,2.8,2.4,0.6,0.4,1.6,1.8,9.5,2188,9,0.54,0.566,0.237,1.1,10.3,5.7,12.9,1,1.2,15.5,16.4,0.1,1.4,1.4,0.031,-1.7,-0.7,-2.4,-0.2
2016/2017,94143000,98194497.56,543471,#N/A,#N/A,TOT,#N/A,#N/A,#N/A,#N/A,#N/A,#N/A,#N/A,#N/A,#N/A,Lance Stephenson,SG,26,5371672,5708767,18,0,20.1,3,6.7,0.45,0.3,1.1,0.3,2.7,5.6,0.48,0.475,0.4,0.7,0.615,0.2,2.7,2.9,3.3,0.3,0.2,1.4,1.8,6.8,361,9.6,0.485,0.167,0.108,1.2,14.8,8,24.8,0.7,0.7,17.1,18.7,-0.2,0.2,0.1,0.008,-3.9,-1.5,-5.4,-0.3
2016/2017,94143000,98194497.56,543471,New Orleans Pelicans,19,NOP,Louisiana,West,Southwest,34,48,0.415,104.3,106.4,-1.69,Lance Stephenson,SG,26,5371672,5708767,6,0,27,4.3,9.2,0.473,0.2,1.7,0.1,4.2,7.5,0.556,0.482,0.8,1.3,0.625,0.5,2.5,3,4.8,0.3,0.2,1.8,3,9.7,162,10.3,0.496,0.182,0.145,1.9,9.8,5.9,27.7,0.6,0.5,15.8,19,0,0.1,0.1,0.027,-3,-1.9,-4.8,-0.1
2016/2017,94143000,98194497.56,543471,Minnesota Timberwolves,18,MIN,Minnesota,West,Northwest,31,51,0.378,105.6,106.7,-0.64,Lance Stephenson,SG,26,5371672,5708767,6,0,11.2,1.7,3.5,0.476,0,0.3,0,1.7,3.2,0.526,0.476,0.2,0.3,0.5,0,1.7,1.7,0.8,0,0,0.7,0.3,3.5,67,6.6,0.48,0.095,0.095,0,17.7,8.7,11.2,0,0,15.5,17.1,-0.1,0,-0.1,-0.045,-6.1,-3.1,-9.2,-0.1
2016/2017,94143000,98194497.56,543471,Indiana Pacers,12,IND,Indiana,East,Central,42,40,0.512,105.1,105.3,-0.64,Lance Stephenson,SG,26,5371672,5708767,6,0,22,3,7.3,0.409,0.8,1.3,0.625,2.2,6,0.361,0.466,0.3,0.5,0.667,0.2,3.8,4,4.2,0.5,0.3,1.8,2,7.2,132,10.3,0.474,0.182,0.068,0.9,19.3,10.2,28.1,1.1,1.3,19.5,19.1,-0.1,0.1,0,0.012,-4,-0.2,-4.2,-0.1
2016/2017,94143000,98194497.56,543471,Denver Nuggets,8,DEN,Colorado,West,Northwest,40,42,0.488,111.7,111.2,0.7,Jarnell Stokes,C,23,150000,159413,2,0,3.5,0.5,0.5,1,0,0,,0.5,0.5,1,1,0.5,1,0.5,0.5,0.5,1,1,0.5,0,0,1.5,1.5,7,31.5,0.798,0,2,15.9,15.6,15.8,40.1,7,0,0,11.4,0.1,0,0.1,0.48,11.8,3.6,15.4,0
2016/2017,94143000,98194497.56,543471,Los Angeles Clippers,13,LAC,California,West,Pacific,51,31,0.622,108.7,104.4,4.42,Diamond Stone,C,19,543471,577576,7,0,3.4,0.4,1.9,0.231,0,0,,0.4,1.9,0.231,0.231,0.6,0.6,1,0.1,0.7,0.9,0,0,0.1,0.3,0.7,1.4,24,-1.2,0.339,0,0.308,4.8,22.7,14,0,0,3.4,11.9,31.3,-0.1,0,-0.1,-0.211,-17.3,-6.8,-24.1,-0.1
2016/2017,94143000,98194497.56,543471,Indiana Pacers,12,IND,Indiana,East,Central,42,40,0.512,105.1,105.3,-0.64,Rodney Stuckey,PG,30,7000000,7439282,39,0,17.8,2.3,6.3,0.373,0.5,1.5,0.317,1.8,4.7,0.391,0.412,2.1,2.7,0.748,0.2,2,2.2,2.2,0.4,0,1.4,1.1,7.2,696,9.5,0.483,0.246,0.439,1,12.4,6.8,17.7,1.2,0,15.4,22.2,-0.5,0.4,-0.1,-0.006,-3.8,-2.2,-6,-0.7
2016/2017,94143000,98194497.56,543471,Toronto Raptors,28,TOR,Ontario,East,Atlantic,51,31,0.622,106.9,102.6,3.65,Jared Sullinger,PF,24,5628000,5981183,11,1,10.7,1.4,4.3,0.319,0.3,1.6,0.167,1.1,2.6,0.414,0.351,0.4,0.7,0.5,0.9,1.5,2.5,0.3,0.4,0.1,0.4,1.5,3.4,118,6,0.366,0.383,0.17,9.6,16.3,12.9,3.7,1.7,0.7,7.3,20.7,-0.2,0.1,-0.1,-0.031,-4.9,-2.5,-7.5,-0.2
2016/2017,94143000,98194497.56,543471,#N/A,#N/A,TOT,#N/A,#N/A,#N/A,#N/A,#N/A,#N/A,#N/A,#N/A,#N/A,Walter Tavares,C,24,1006000,1069130,2,0,14,2,2.5,0.8,0,0,,2,2.5,0.8,0.8,0,1.5,0,2,3.5,5.5,0.5,0,3,1,1.5,4,28,21.3,0.633,0,0.6,16.3,26.8,21.6,5.1,0,17.3,24,13.2,0,0.1,0.1,0.15,-3.8,7.7,3.9,0
2016/2017,94143000,98194497.56,543471,Atlanta Hawks,1,ATL,Georgia,East,Southeast,43,39,0.524,103.2,104,-1.23,Walter Tavares,C,24,1006000,1069130,1,0,4,1,1,1,0,0,,1,1,1,1,0,2,0,0,1,1,0,0,0,0,0,2,4,13.1,0.532,0,2,0,27.1,13.7,0,0,0,0,20.5,0,0,0,-0.047,-8.1,-7,-15.1,0
2016/2017,94143000,98194497.56,543471,Cleveland Cavaliers,6,CLE,Ohio,East,Central,51,31,0.622,110.3,107.2,2.87,Walter Tavares,C,24,1006000,1069130,1,0,24,3,4,0.75,0,0,,3,4,0.75,0.75,0,1,0,4,6,10,1,0,6,2,3,6,24,22.6,0.676,0,0.25,19,26.7,23,6,0,20.2,31.1,12,0,0.1,0.1,0.183,-3.1,10.1,7,0.1
2016/2017,94143000,98194497.56,543471,Houston Rockets,11,HOU,Texas,West,Southwest,55,27,0.671,115.3,109.6,5.84,Isaiah Taylor,PG,22,305000,324140,4,0,13,0.3,1.8,0.143,0,0.5,0,0.3,1.3,0.2,0.143,0.3,0.5,0.5,0.3,0.5,0.8,0.8,0.3,0.3,0,1.5,0.8,52,0.3,0.19,0.286,0.286,2.1,4.2,3.1,7.1,0.9,1.6,0,6.4,-0.1,0,0,-0.028,-6.4,-0.1,-6.5,-0.1
2016/2017,94143000,98194497.56,543471,Indiana Pacers,12,IND,Indiana,East,Central,42,40,0.512,105.1,105.3,-0.64,Jeff Teague,PG,28,8000000,8502037,82,82,32.4,4.9,11.1,0.442,1.1,3.1,0.357,3.8,8,0.475,0.492,4.4,5.1,0.867,0.4,3.6,4,7.8,1.2,0.4,2.6,2,15.3,2657,19.2,0.574,0.277,0.457,1.4,12.4,7,36.4,1.9,1.1,16.5,22.1,5.7,2.4,8.1,0.146,2.4,-0.5,1.9,2.6
2016/2017,94143000,98194497.56,543471,Milwaukee Bucks,17,MIL,Wisconsin,East,Central,42,40,0.512,103.6,103.8,-0.45,Mirza Teletovic,PF,31,10500000,11158923,70,2,16.2,2.2,6,0.373,1.5,4.4,0.341,0.7,1.6,0.46,0.498,0.5,0.6,0.778,0.2,2.2,2.3,0.7,0.2,0.2,0.5,1.6,6.4,1133,8.8,0.515,0.73,0.108,1.1,15.4,8.3,6.4,0.5,1,7.8,19.1,-0.1,0.7,0.6,0.025,-1.5,-3.4,-4.9,-0.8
2016/2017,94143000,98194497.56,543471,Sacramento Kings,26,SAC,California,West,Pacific,32,50,0.39,102.8,106.7,-3.29,Garrett Temple,SG,30,8000000,8502037,65,21,26.6,2.8,6.6,0.424,1.3,3.4,0.373,1.6,3.3,0.476,0.519,0.9,1.1,0.784,0.5,2.3,2.8,2.6,1.3,0.4,1.2,2.2,7.8,1728,11.2,0.545,0.509,0.171,2.2,10.1,6.2,14.4,2.5,1.5,14.4,14.2,0.9,1.3,2.2,0.061,-0.3,0.6,0.3,1
2016/2017,94143000,98194497.56,543471,Milwaukee Bucks,17,MIL,Wisconsin,East,Central,42,40,0.512,103.6,103.8,-0.45,Jason Terry,SG,39,1551659,1649032,74,0,18.4,1.4,3.3,0.432,1,2.3,0.427,0.4,1,0.444,0.582,0.3,0.4,0.828,0.2,1.2,1.4,1.3,0.6,0.3,0.5,1.3,4.1,1365,9.1,0.6,0.704,0.119,1.3,7.7,4.5,9.9,1.7,1.3,12.3,9.8,1.2,0.9,2.1,0.075,-0.5,-0.6,-1.1,0.3
2016/2017,94143000,98194497.56,543471,Boston Celtics,2,BOS,Massachusetts,East,Atlantic,53,29,0.646,108,105.4,2.25,Isaiah Thomas,PG,27,6587131,7000504,76,76,33.8,9,19.4,0.463,3.2,8.5,0.379,5.8,10.9,0.528,0.546,7.8,8.5,0.909,0.6,2.1,2.7,5.9,0.9,0.2,2.8,2.2,28.9,2569,26.5,0.625,0.439,0.441,1.9,7,4.4,32.5,1.4,0.4,10.7,34,10.9,1.6,12.5,0.234,8.7,-3.3,5.4,4.8
2016/2017,94143000,98194497.56,543471,New York Knicks,20,NYK,New York,East,Atlantic,31,51,0.378,104.3,108,-3.87,Lance Thomas,PF,28,6191000,6579514,46,15,21,2.1,5.3,0.398,0.8,1.8,0.447,1.3,3.5,0.371,0.475,0.9,1.1,0.843,0.7,2.4,3.1,0.8,0.5,0.1,0.5,1.8,6,968,8.4,0.516,0.348,0.209,3.5,12.3,7.9,5,1.1,0.4,8.6,13.1,0.6,0.4,0.9,0.046,-2.1,-1.6,-3.7,-0.4
2016/2017,94143000,98194497.56,543471,#N/A,#N/A,TOT,#N/A,#N/A,#N/A,#N/A,#N/A,#N/A,#N/A,#N/A,#N/A,Hollis Thompson,SG,25,1131040,1202017,40,9,18.8,1.9,5,0.385,0.8,2.4,0.337,1.1,2.6,0.429,0.465,0.5,0.7,0.655,0.5,2.3,2.8,0.9,0.5,0.2,0.3,1.7,5.1,752,7.9,0.482,0.475,0.145,2.8,13.5,8.1,6.8,1.3,0.6,4.9,13,0.1,0.6,0.7,0.047,-2.8,-0.5,-3.3,-0.2
2016/2017,94143000,98194497.56,543471,Philadelphia 76ers,23,PHI,Pennsylvania,East,Atlantic,28,54,0.341,102.4,108.1,-5.83,Hollis Thompson,SG,25,1131040,1202017,31,1,18.1,2.1,5.1,0.415,0.8,2.3,0.366,1.3,2.8,0.455,0.497,0.4,0.6,0.65,0.5,2.2,2.7,0.8,0.5,0.2,0.3,1.8,5.5,561,9,0.51,0.447,0.126,2.9,13.6,8.2,7,1.2,0.8,5.1,13.7,0.3,0.4,0.7,0.06,-2.3,-0.8,-3,-0.1
2016/2017,94143000,98194497.56,543471,New Orleans Pelicans,19,NOP,Louisiana,West,Southwest,34,48,0.415,104.3,106.4,-1.69,Hollis Thompson,SG,25,1131040,1202017,9,8,21.2,1.2,4.6,0.268,0.7,2.7,0.25,0.6,1.9,0.294,0.341,0.7,1,0.667,0.4,2.7,3.1,1,0.7,0,0.2,1.6,3.8,191,4.7,0.378,0.585,0.22,2.2,13.3,7.7,6.3,1.5,0,4.3,10.9,-0.2,0.2,0,0.007,-4.3,0.2,-4.1,-0.1
2016/2017,94143000,98194497.56,543471,Golden State Warriors,10,GSW,California,West,Pacific,67,15,0.817,115.9,104.3,11.35,Klay Thompson,SG,26,16663575,17709291,78,78,34,8.3,17.6,0.468,3.4,8.3,0.414,4.8,9.3,0.516,0.565,2.4,2.8,0.853,0.6,3,3.7,2.1,0.8,0.5,1.6,1.8,22.3,2649,17.4,0.592,0.47,0.158,2.2,9.2,5.9,9.3,1.2,1.2,8,26.1,4.2,2.9,7.1,0.129,2.4,-2.1,0.3,1.5
2016/2017,94143000,98194497.56,543471,Cleveland Cavaliers,6,CLE,Ohio,East,Central,51,31,0.622,110.3,107.2,2.87,Tristan Thompson,C,25,15330435,16292491,78,78,29.9,3.4,5.6,0.6,0,0,0,3.4,5.6,0.604,0.6,1.4,2.7,0.498,3.7,5.5,9.2,1,0.5,1.1,0.8,2.3,8.1,2336,15.3,0.594,0.007,0.487,13.9,19.6,16.9,4.6,0.8,2.9,10.8,11.3,5,2.3,7.3,0.149,0,1.5,1.5,2
2016/2017,94143000,98194497.56,543471,Washington Wizards,30,WAS,Washington DC,East,Southeast,49,33,0.598,109.2,107.4,1.36,Marcus Thornton,SG,29,1315448,1397998,33,1,17.4,2.5,6.4,0.4,0.8,2.4,0.35,1.7,3.9,0.431,0.467,0.7,0.8,0.852,0.7,1.6,2.3,1.2,0.6,0.1,0.8,1.5,6.6,575,10.4,0.494,0.381,0.129,4.3,10.5,7.5,10.1,1.6,0.4,10.1,18.7,0.1,0.4,0.5,0.042,-1.6,-1.5,-3.2,-0.2
2016/2017,94143000,98194497.56,543471,Charlotte Hornets,4,CHO,North Carolina,East,Southeast,36,46,0.439,104.9,104.7,-0.07,Mike Tobey,C,22,138937,147655,2,0,12.5,0.5,2,0.25,0,0,,0.5,2,0.25,0.25,0,0,,1,0.5,1.5,0.5,0,0,0.5,1,1,25,-0.1,0.25,0,0,8.7,4.4,6.6,5.4,0,0,20,9,0,0,0,-0.07,-7.4,-1.5,-8.9,0
2016/2017,94143000,98194497.56,543471,Sacramento Kings,26,SAC,California,West,Pacific,32,50,0.39,102.8,106.7,-3.29,Anthony Tolliver,PF,31,8000000,8502037,65,9,22.7,2.4,5.4,0.442,1.4,3.5,0.391,1,1.9,0.537,0.57,0.9,1.3,0.744,0.8,2.9,3.6,1.2,0.5,0.3,0.9,1.7,7.1,1477,11.1,0.595,0.655,0.234,4,14.4,9.3,7.7,1.2,1.2,12.6,13.6,1.5,0.8,2.3,0.075,0.2,-0.7,-0.4,0.6
2016/2017,94143000,98194497.56,543471,#N/A,#N/A,TOT,#N/A,#N/A,#N/A,#N/A,#N/A,#N/A,#N/A,#N/A,#N/A,Axel Toupane,SF,24,977534,1038877,4,0,11.8,1.3,2.3,0.556,0.3,1,0.25,1,1.3,0.8,0.611,0,0,,0,0.3,0.3,0,0.3,0.3,0,1.5,2.8,47,6.2,0.611,0.444,0,0,2.3,1.1,0,1,1.7,0,8.5,0,0,0.1,0.061,-2.8,-1,-3.8,0
2016/2017,94143000,98194497.56,543471,Milwaukee Bucks,17,MIL,Wisconsin,East,Central,42,40,0.512,103.6,103.8,-0.45,Axel Toupane,SF,24,977534,1038877,2,0,3,0,0.5,0,0,0.5,0,0,0,,0,0,0,,0,0,0,0,0,0,0,0.5,0,6,-9.9,0,1,0,0,0,0,0,0,0,0,7.6,0,0,0,-0.191,-9.2,-3.5,-12.7,0
2016/2017,94143000,98194497.56,543471,New Orleans Pelicans,19,NOP,Louisiana,West,Southwest,34,48,0.415,104.3,106.4,-1.69,Axel Toupane,SF,24,977534,1038877,2,0,20.5,2.5,4,0.625,0.5,1.5,0.333,2,2.5,0.8,0.688,0,0,,0,0.5,0.5,0,0.5,0.5,0,2.5,5.5,41,8.6,0.688,0.375,0,0,2.6,1.3,0,1.2,2,0,8.6,0.1,0,0.1,0.098,-1.9,-0.6,-2.5,0
2016/2017,94143000,98194497.56,543471,Minnesota Timberwolves,18,MIN,Minnesota,West,Northwest,31,51,0.378,105.6,106.7,-0.64,Karl-Anthony Towns,C,21,5960160,6334187,82,82,37,9.8,18,0.542,1.2,3.4,0.367,8.5,14.7,0.582,0.576,4.3,5.2,0.832,3.6,8.7,12.3,2.7,0.7,1.3,2.6,2.9,25.1,3030,25.9,0.618,0.186,0.289,11.2,27.8,19.4,13.2,0.9,2.9,11.3,27.5,9.9,2.8,12.7,0.201,4.7,0.2,4.9,5.3
2016/2017,94143000,98194497.56,543471,#N/A,#N/A,TOT,#N/A,#N/A,#N/A,#N/A,#N/A,#N/A,#N/A,#N/A,#N/A,PJ Tucker,SF,31,5300000,5632599,81,21,27.6,2.5,6,0.413,0.9,2.4,0.357,1.6,3.5,0.451,0.485,0.9,1.1,0.774,1.4,4.4,5.8,1.2,1.4,0.2,0.8,2.4,6.7,2236,10.5,0.516,0.407,0.193,5.6,17.7,11.6,6,2.5,0.7,11.2,11.2,1.4,2.2,3.6,0.078,-0.7,1.6,0.9,1.6
2016/2017,94143000,98194497.56,543471,Phoenix Suns,24,PHO,Arizona,West,Pacific,24,58,0.293,107.7,113.3,-5.14,PJ Tucker,SF,31,5300000,5632599,57,17,28.5,2.6,6.2,0.415,0.8,2.4,0.338,1.8,3.8,0.463,0.48,1.1,1.4,0.792,1.6,4.4,6,1.3,1.5,0.2,0.9,2.5,7,1627,10.6,0.517,0.384,0.218,6.1,17,11.4,6.1,2.5,0.7,11.8,11.3,1,1.3,2.4,0.069,-0.7,1.5,0.8,1.2
2016/2017,94143000,98194497.56,543471,Toronto Raptors,28,TOR,Ontario,East,Atlantic,51,31,0.622,106.9,102.6,3.65,PJ Tucker,SF,31,5300000,5632599,24,4,25.4,2.2,5.3,0.406,1,2.5,0.4,1.2,2.8,0.412,0.5,0.5,0.7,0.688,1,4.4,5.4,1.1,1.3,0.2,0.6,2.2,5.8,609,10.4,0.515,0.469,0.125,4.3,19.6,12,5.9,2.6,0.7,9.4,10.9,0.4,0.9,1.3,0.099,-0.7,1.9,1.1,0.5
2016/2017,94143000,98194497.56,543471,Portland Trail Blazers,25,POR,Oregon,West,Northwest,41,41,0.5,107.9,108.5,-0.23,Evan Turner,SF,28,16393443,17422207,65,12,25.5,3.6,8.5,0.426,0.5,1.8,0.263,3.1,6.7,0.47,0.454,1.3,1.6,0.825,0.6,3.2,3.8,3.2,0.8,0.4,1.5,1.9,9,1658,11.4,0.491,0.214,0.187,2.4,14.2,8.3,18.4,1.6,1.2,14.3,18.5,0,1.2,1.2,0.035,-2.5,-0.1,-2.6,-0.3
2016/2017,94143000,98194497.56,543471,Indiana Pacers,12,IND,Indiana,East,Central,42,40,0.512,105.1,105.3,-0.64,Myles Turner,C,20,2380440,2529823,81,81,31.4,5.5,10.7,0.511,0.5,1.4,0.348,5,9.3,0.536,0.534,3,3.7,0.809,1.7,5.6,7.3,1.3,0.9,2.1,1.3,3.2,14.5,2541,18.5,0.585,0.132,0.349,6.2,19.6,13,6.6,1.5,5.9,9.5,19.5,4.3,3.7,8,0.151,-0.3,2.6,2.4,2.8
2016/2017,94143000,98194497.56,543471,Detroit Pistons,9,DET,Michigan,East,Central,37,45,0.451,101.3,102.5,-1.29,Beno Udrih,PG,34,980431,1041957,39,0,14.4,2.4,5.1,0.467,0.3,0.8,0.344,2.1,4.2,0.491,0.495,0.8,0.9,0.941,0.2,1.3,1.5,3.4,0.3,0,0.9,0.7,5.8,560,16.2,0.535,0.162,0.173,1.1,10.3,5.6,35.4,1.2,0,14.5,19.6,0.8,0.5,1.3,0.113,-0.5,-2.1,-2.5,-0.1
2016/2017,94143000,98194497.56,543471,Phoenix Suns,24,PHO,Arizona,West,Pacific,24,58,0.293,107.7,113.3,-5.14,Tyler Ulis,PG,21,918369,976000,61,15,18.4,3,7.2,0.421,0.3,1.3,0.266,2.7,5.9,0.455,0.445,0.9,1.2,0.775,0.3,1.2,1.6,3.7,0.8,0.1,1.3,1.2,7.3,1123,13,0.474,0.181,0.162,1.9,7.5,4.6,30.5,2,0.4,14.1,20.3,0.3,0.4,0.7,0.029,-1.5,-2.5,-4,-0.6
2016/2017,94143000,98194497.56,543471,Dallas Mavericks,7,DAL,Texas,West,Southwest,33,49,0.402,97.9,100.8,-2.53,Jarrod Uthoff,PF,23,129920,138072,9,0,12.8,1.8,4.2,0.421,0.3,1,0.333,1.4,3.2,0.448,0.461,0.6,0.8,0.714,0.9,1.6,2.4,1,0.2,0.4,0.3,0.9,4.4,115,13.9,0.487,0.237,0.184,7.7,14.9,11.1,12.8,0.9,3.1,6.8,18.1,0.1,0.1,0.2,0.083,-2.1,0.7,-1.4,0
2016/2017,94143000,98194497.56,543471,Toronto Raptors,28,TOR,Ontario,East,Atlantic,51,31,0.622,106.9,102.6,3.65,Jonas Valanciunas,C,24,14382023,15284561,80,80,25.8,4.9,8.8,0.557,0,0,0.5,4.9,8.8,0.557,0.558,2.2,2.7,0.811,2.8,6.7,9.5,0.7,0.5,0.8,1.3,2.7,12,2066,20.1,0.601,0.003,0.309,12.4,29.1,20.8,4.4,0.9,2.6,11.7,19.5,4.9,3,7.9,0.183,-0.5,-0.1,-0.6,0.7
2016/2017,94143000,98194497.56,543471,Chicago Bulls,5,CHI,Illinois,East,Central,41,41,0.5,102.9,102.4,0.03,Denzel Valentine,SG,23,2092200,2223495,57,0,17.1,1.8,5.1,0.354,1.3,3.6,0.351,0.5,1.4,0.363,0.481,0.2,0.3,0.778,0.2,2.5,2.6,1.1,0.5,0.1,0.9,1.5,5.1,976,7.3,0.492,0.722,0.063,1.2,15.6,8.3,9.3,1.5,0.6,14.2,15.4,-0.5,1.1,0.6,0.031,-2.4,-0.3,-2.7,-0.2
2016/2017,94143000,98194497.56,543471,Toronto Raptors,28,TOR,Ontario,East,Atlantic,51,31,0.622,106.9,102.6,3.65,Fred VanVleet,PG,22,543471,577576,37,0,7.9,1.1,3,0.351,0.3,0.8,0.379,0.8,2.2,0.341,0.401,0.5,0.6,0.818,0.1,1,1.1,0.9,0.4,0.1,0.4,1,2.9,294,10.5,0.443,0.261,0.198,1.5,14.6,8.1,17.5,2.8,0.9,11.1,20.6,-0.1,0.4,0.2,0.04,-3.2,0,-3.2,-0.1
2016/2017,94143000,98194497.56,543471,Golden State Warriors,10,GSW,California,West,Pacific,67,15,0.817,115.9,104.3,11.35,Anderson Varejao,C,34,10851659,11532650,14,1,6.6,0.4,1,0.357,0,0,,0.4,1,0.357,0.357,0.6,0.8,0.727,0.9,1.1,1.9,0.7,0.2,0.2,0.6,1.1,1.3,92,9.4,0.478,0,0.786,15.3,16.8,16.1,13,1.6,2.6,29.8,12.6,0,0.1,0.2,0.097,-3.2,2.5,-0.6,0
2016/2017,94143000,98194497.56,543471,Brooklyn Nets,3,BRK,New York,East,Atlantic,20,62,0.244,105.8,112.5,-6.74,Greivis Vasquez,PG,30,4347826,4620672,3,0,13,0.7,2.7,0.25,0.3,1,0.333,0.3,1.7,0.2,0.313,0.7,1,0.667,0,0.7,0.7,1.7,0.3,0.3,0.3,2,2.3,39,4.1,0.376,0.375,0.375,0,5.4,2.7,17.5,1.2,1.9,9.7,11.3,0,0,0,-0.006,-5.7,-1.8,-7.5,-0.1
2016/2017,94143000,98194497.56,543471,Milwaukee Bucks,17,MIL,Wisconsin,East,Central,42,40,0.512,103.6,103.8,-0.45,Rashad Vaughn,SG,20,1811040,1924691,41,2,11.2,1.4,3.8,0.365,0.6,2,0.321,0.8,1.8,0.413,0.449,0,0.1,0.4,0.1,1.1,1.2,0.6,0.5,0.2,0.3,0.8,3.5,458,7.8,0.449,0.519,0.032,1,11.3,6.2,7.4,2.1,1.9,8.1,17.2,-0.5,0.4,0,-0.005,-3.7,-1.2,-4.9,-0.3
2016/2017,94143000,98194497.56,543471,Portland Trail Blazers,25,POR,Oregon,West,Northwest,41,41,0.5,107.9,108.5,-0.23,Noah Vonleh,PF,21,2751360,2924020,74,41,17.1,1.8,3.6,0.481,0.1,0.3,0.35,1.7,3.4,0.492,0.494,0.8,1.3,0.638,1.8,3.5,5.2,0.4,0.4,0.4,0.9,2.1,4.4,1265,10.8,0.525,0.074,0.348,11.4,22.5,17,3.4,1.2,1.7,17.1,13.1,0.6,1.2,1.8,0.069,-3.5,-0.3,-3.9,-0.6
2016/2017,94143000,98194497.56,543471,Orlando Magic,22,ORL,Florida,East,Southeast,29,53,0.354,101.1,107.6,-6.61,Nikola Vucevic,C,26,11750000,12487367,75,55,28.8,6.4,13.7,0.468,0.3,1,0.307,6.1,12.7,0.481,0.48,1.4,2.1,0.669,2.3,8,10.4,2.8,1,1,1.6,2.4,14.6,2163,19.1,0.498,0.073,0.155,8.6,31.3,19.6,16.9,1.7,2.8,9.6,24.8,0.8,3.1,4,0.088,-1.4,2.3,0.9,1.6
2016/2017,94143000,98194497.56,543471,New York Knicks,20,NYK,New York,East,Atlantic,31,51,0.378,104.3,108,-3.87,Sasha Vujacic,SG,32,1410598,1499119,42,4,9.7,1,3.2,0.309,0.5,1.8,0.311,0.5,1.5,0.306,0.393,0.4,0.6,0.708,0.3,1.1,1.4,1.2,0.3,0,0.4,0.9,3,408,8.6,0.423,0.544,0.176,3.2,12.4,7.8,17.9,1.6,0.4,9.8,17.3,-0.1,0.2,0.1,0.014,-2.1,-2.2,-4.3,-0.2
2016/2017,94143000,98194497.56,543471,Chicago Bulls,5,CHI,Illinois,East,Central,41,41,0.5,102.9,102.4,0.03,Dwyane Wade,SG,35,23200000,24655907,60,59,29.9,6.9,15.9,0.434,0.8,2.4,0.31,6.2,13.5,0.456,0.457,3.7,4.7,0.794,1.1,3.5,4.5,3.8,1.4,0.7,2.3,1.9,18.3,1792,18.5,0.508,0.152,0.294,3.8,12.6,8.1,22.3,2.4,1.8,11.3,29.6,0.9,2.5,3.4,0.09,0.4,0.6,1,1.3
2016/2017,94143000,98194497.56,543471,Miami Heat,16,MIA,Florida,East,Southeast,41,41,0.5,103.2,102.1,0.77,Dion Waiters,SG,25,2898000,3079862,46,43,30.1,6.1,14.4,0.424,1.8,4.7,0.395,4.3,9.7,0.438,0.488,1.8,2.8,0.646,0.4,2.9,3.3,4.3,0.9,0.4,2.2,2.1,15.8,1384,14.5,0.507,0.324,0.192,1.4,10.9,6.1,23.8,1.5,1.1,12.5,26.3,0.2,1.5,1.6,0.057,-0.1,-0.8,-0.9,0.4
2016/2017,94143000,98194497.56,543471,Charlotte Hornets,4,CHO,North Carolina,East,Southeast,36,46,0.439,104.9,104.7,-0.07,Kemba Walker,PG,26,12000000,12753055,79,79,34.7,8.1,18.3,0.444,3,7.6,0.399,5.1,10.7,0.476,0.527,3.8,4.5,0.847,0.6,3.3,3.9,5.5,1.1,0.3,2.1,1.5,23.2,2739,21.3,0.569,0.415,0.248,1.8,10.6,6.2,29.1,1.6,0.7,9.5,29.2,5.9,2.2,8.1,0.142,5.3,-1.7,3.6,3.9
2016/2017,94143000,98194497.56,543471,Washington Wizards,30,WAS,Washington DC,East,Southeast,49,33,0.598,109.2,107.4,1.36,John Wall,PG,26,15756438,16745227,78,78,36.4,8.3,18.4,0.451,1.1,3.5,0.327,7.2,14.9,0.48,0.482,5.4,6.8,0.801,0.8,3.4,4.2,10.7,2,0.6,4.1,1.9,23.1,2836,23.2,0.541,0.19,0.367,2.4,10.6,6.5,46.9,2.7,1.4,16.2,30.6,5.8,3,8.8,0.149,3.8,0.2,4.1,4.3
2016/2017,94143000,98194497.56,543471,Atlanta Hawks,1,ATL,Georgia,East,Southeast,43,39,0.524,103.2,104,-1.23,Taurean Prince,SF,22,2318280,2463762,59,10,16.6,1.9,4.8,0.4,0.6,1.7,0.324,1.4,3.1,0.443,0.458,1.3,1.6,0.787,0.4,2.2,2.7,0.9,0.7,0.5,1,1.6,5.7,981,9.8,0.513,0.358,0.33,2.8,14.6,8.8,8.4,2.2,2.4,15.7,17.2,-0.4,1.5,1.1,0.054,-3.8,1.5,-2.3,-0.1
2016/2017,94143000,98194497.56,543471,Phoenix Suns,24,PHO,Arizona,West,Pacific,24,58,0.293,107.7,113.3,-5.14,TJ Warren,SF,23,2128920,2262519,66,59,31,6.1,12.3,0.495,0.4,1.5,0.265,5.7,10.8,0.527,0.511,1.8,2.3,0.773,1.9,3.2,5.1,1.1,1.2,0.6,0.9,2.7,14.4,2048,15.6,0.539,0.12,0.189,6.5,11.7,9,5.8,1.8,1.5,6.1,19.2,3,1.1,4.1,0.096,0.2,-0.5,-0.3,0.9
2016/2017,94143000,98194497.56,543471,Orlando Magic,22,ORL,Florida,East,Southeast,29,53,0.354,101.1,107.6,-6.61,CJ Watson,PG,32,5000000,5313773,62,9,16.3,1.5,4,0.387,0.5,1.7,0.305,1,2.3,0.448,0.452,0.9,1.1,0.864,0.3,1.2,1.4,1.8,0.7,0,0.8,1.4,4.5,1012,9.3,0.507,0.423,0.266,1.7,8.1,4.8,16.1,2.1,0.2,14.5,14.1,0.2,0.6,0.9,0.041,-2.5,-1.1,-3.6,-0.4
2016/2017,94143000,98194497.56,543471,#N/A,#N/A,TOT,#N/A,#N/A,#N/A,#N/A,#N/A,#N/A,#N/A,#N/A,#N/A,Briante Weber,PG,24,623447,662570,20,0,10.3,1.3,3,0.417,0.1,0.5,0.1,1.2,2.5,0.48,0.425,0.6,0.8,0.688,0.4,0.9,1.3,1.1,0.6,0.1,0.4,0.8,3.1,205,11,0.462,0.167,0.267,4.3,9.6,7,15,2.9,0.4,10.7,16.3,0,0.2,0.3,0.059,-3.2,0,-3.2,-0.1
2016/2017,94143000,98194497.56,543471,Golden State Warriors,10,GSW,California,West,Pacific,67,15,0.817,115.9,104.3,11.35,Briante Weber,PG,24,623447,662570,7,0,6.6,0.7,2,0.357,0,0.4,0,0.7,1.6,0.455,0.357,0.3,0.4,0.667,0,0.6,0.6,0.7,0.4,0.1,0.4,0.6,1.7,46,5.9,0.392,0.214,0.214,0,9,4.8,13.9,3.1,1.7,16.4,17.2,-0.1,0.1,0,-0.018,-6.9,0.7,-6.2,0
2016/2017,94143000,98194497.56,543471,Charlotte Hornets,4,CHO,North Carolina,East,Southeast,36,46,0.439,104.9,104.7,-0.07,Briante Weber,PG,24,623447,662570,13,0,12.2,1.5,3.5,0.435,0.1,0.5,0.143,1.5,3,0.487,0.446,0.7,1,0.692,0.6,1.1,1.7,1.2,0.7,0,0.4,0.9,3.8,159,12.5,0.483,0.152,0.283,5.5,9.7,7.6,15.4,2.8,0,8.8,16.1,0.1,0.2,0.3,0.081,-2.1,-0.2,-2.3,0
2016/2017,94143000,98194497.56,543471,Golden State Warriors,10,GSW,California,West,Pacific,67,15,0.817,115.9,104.3,11.35,David West,C,36,1551659,1649032,68,0,12.6,2,3.7,0.536,0,0.1,0.375,1.9,3.6,0.541,0.542,0.6,0.8,0.768,0.7,2.3,3,2.2,0.6,0.7,1.1,1.5,4.6,854,16.6,0.571,0.032,0.222,6.5,18.8,13,24.1,2.4,4.4,22,17.9,0.9,1.7,2.6,0.148,-1.7,3.9,2.2,0.9
2016/2017,94143000,98194497.56,543471,Oklahoma City Thunder,21,OKC,Oklahoma,West,Northwest,47,35,0.573,106.6,105.8,1.14,Russell Westbrook,PG,28,26540100,28205614,81,81,34.6,10.2,24,0.425,2.5,7.2,0.343,7.7,16.8,0.459,0.476,8.8,10.4,0.845,1.7,9,10.7,10.4,1.6,0.4,5.4,2.3,31.6,2802,30.6,0.554,0.3,0.433,5.4,28.8,17.1,57.3,2.3,0.9,15.9,41.7,8.5,4.6,13.1,0.224,10.9,4.7,15.6,12.4
2016/2017,94143000,98194497.56,543471,Miami Heat,16,MIA,Florida,East,Southeast,41,41,0.5,103.2,102.1,0.77,Okaro White,PF,24,310995,330511,35,0,13.5,0.9,2.5,0.379,0.3,1,0.353,0.6,1.5,0.396,0.448,0.6,0.6,0.909,0.7,1.6,2.3,0.6,0.3,0.3,0.5,1.5,2.8,471,7.5,0.507,0.391,0.253,5.8,13.5,9.6,6,1.1,1.7,15.7,10.8,0.1,0.5,0.6,0.066,-3.1,1,-2.1,0
2016/2017,94143000,98194497.56,543471,Brooklyn Nets,3,BRK,New York,East,Atlantic,20,62,0.244,105.8,112.5,-6.74,Isaiah Whitehead,PG,21,1074145,1141552,73,26,22.5,2.8,7,0.402,0.6,2,0.295,2.2,4.9,0.446,0.445,1.2,1.5,0.805,0.4,2.1,2.5,2.6,0.6,0.5,1.9,2.4,7.4,1643,7.6,0.487,0.293,0.222,2.1,9.7,5.9,17.7,1.2,1.7,20.3,18.2,-1.7,0.9,-0.8,-0.023,-4.3,-0.6,-4.9,-1.2
2016/2017,94143000,98194497.56,543471,Miami Heat,16,MIA,Florida,East,Southeast,41,41,0.5,103.2,102.1,0.77,Hassan Whiteside,C,27,22116750,23504678,77,77,32.6,7,12.6,0.557,0,0,,7,12.6,0.557,0.557,2.9,4.6,0.628,3.8,10.3,14.1,0.7,0.7,2.1,2,2.9,17,2513,22.6,0.579,0,0.368,12.8,35.3,24,3.8,1.1,5,12,22.7,4.2,5.3,9.5,0.181,-2,1.5,-0.5,0.9
2016/2017,94143000,98194497.56,543471,Minnesota Timberwolves,18,MIN,Minnesota,West,Northwest,31,51,0.378,105.6,106.7,-0.64,Andrew Wiggins,SF,21,6006600,6383542,82,82,37.2,8.6,19.1,0.452,1.3,3.5,0.356,7.4,15.6,0.473,0.484,5,6.6,0.76,1.2,2.8,4,2.3,1,0.4,2.3,2.2,23.6,3048,16.5,0.534,0.184,0.345,3.8,8.8,6.3,10.6,1.4,0.8,9.4,29,3.3,0.9,4.2,0.066,0.2,-2.9,-2.7,-0.6
2016/2017,94143000,98194497.56,543471,Orlando Magic,22,ORL,Florida,East,Southeast,29,53,0.354,101.1,107.6,-6.61,CJ Wilcox,SG,26,1209600,1285508,22,0,4.9,0.4,1.4,0.258,0.1,0.7,0.2,0.2,0.7,0.313,0.306,0.1,0.1,1,0.2,0.4,0.5,0.5,0.1,0,0.3,0.4,1,108,2.9,0.329,0.484,0.065,3.9,8.3,6.1,15.5,0.9,0.7,15.8,15.4,-0.2,0,-0.2,-0.09,-6.5,-2.1,-8.6,-0.2
2016/2017,94143000,98194497.56,543471,Phoenix Suns,24,PHO,Arizona,West,Pacific,24,58,0.293,107.7,113.3,-5.14,Alan Williams,C,24,874636,929523,47,0,15.1,2.9,5.7,0.517,0,0,0,2.9,5.7,0.519,0.517,1.5,2.4,0.625,2,4.2,6.2,0.5,0.6,0.7,0.8,2.7,7.4,708,19.5,0.547,0.004,0.419,14,31.2,22.4,5.2,1.8,3.7,10.5,20.9,1.1,0.9,2.1,0.142,-1.8,0.1,-1.7,0.1
2016/2017,94143000,98194497.56,543471,#N/A,#N/A,TOT,#N/A,#N/A,#N/A,#N/A,#N/A,#N/A,#N/A,#N/A,#N/A,Deron Williams,PG,32,14885520,15819654,64,44,25.9,4.1,9.4,0.438,1.3,3.7,0.363,2.8,5.7,0.486,0.509,1.4,1.7,0.826,0.2,2.1,2.3,5.6,0.5,0.1,2.2,2.2,11,1657,14,0.541,0.39,0.182,0.9,9.4,5.1,35.9,1,0.4,17.6,22.1,1.5,0.9,2.4,0.069,0.2,-2.4,-2.3,-0.1
2016/2017,94143000,98194497.56,543471,Dallas Mavericks,7,DAL,Texas,West,Southwest,33,49,0.402,97.9,100.8,-2.53,Deron Williams,PG,32,14885520,15819654,40,40,29.3,4.9,11.3,0.43,1.6,4.5,0.348,3.3,6.8,0.485,0.5,1.7,2.1,0.821,0.3,2.2,2.6,6.9,0.6,0.1,2.5,2.4,13.1,1171,15,0.533,0.4,0.185,1.2,9.3,5.1,40.1,1.1,0.2,16.7,23.7,1.1,0.7,1.8,0.073,1,-2.4,-1.4,0.2
2016/2017,94143000,98194497.56,543471,Cleveland Cavaliers,6,CLE,Ohio,East,Central,51,31,0.622,110.3,107.2,2.87,Deron Williams,PG,32,14885520,15819654,24,4,20.3,2.8,6.1,0.463,0.9,2.2,0.415,1.9,3.9,0.489,0.537,0.9,1,0.84,0,1.8,1.9,3.6,0.3,0.3,1.7,1.8,7.5,486,11.4,0.566,0.361,0.17,0.2,9.7,5.1,25.9,0.6,1,20.2,18.1,0.4,0.2,0.6,0.059,-1.9,-2.6,-4.5,-0.3
2016/2017,94143000,98194497.56,543471,#N/A,#N/A,TOT,#N/A,#N/A,#N/A,#N/A,#N/A,#N/A,#N/A,#N/A,#N/A,Derrick Williams,PF,25,5020145,5335181,50,11,16.1,2.2,4.9,0.443,0.6,1.9,0.309,1.6,2.9,0.531,0.504,1.2,1.8,0.652,0.4,2.2,2.6,0.6,0.3,0.1,0.6,1.2,6.1,804,10.6,0.537,0.398,0.365,2.6,15.1,8.9,5.1,0.9,0.7,9,17.2,0.4,0.6,1.1,0.064,-2.4,-1.8,-4.2,-0.4
2016/2017,94143000,98194497.56,543471,Miami Heat,16,MIA,Florida,East,Southeast,41,41,0.5,103.2,102.1,0.77,Derrick Williams,PF,25,5020145,5335181,25,11,15.1,2.2,5.5,0.394,0.4,1.8,0.2,1.8,3.7,0.489,0.427,1.2,2,0.62,0.6,2.3,2.9,0.6,0.4,0.2,0.6,1.3,5.9,377,10.1,0.465,0.328,0.365,4.7,16.9,10.7,5.6,1.2,1,8.1,20.4,-0.1,0.4,0.3,0.038,-3.8,-1.4,-5.2,-0.3
2016/2017,94143000,98194497.56,543471,Cleveland Cavaliers,6,CLE,Ohio,East,Central,51,31,0.622,110.3,107.2,2.87,Derrick Williams,PF,25,5020145,5335181,25,0,17.1,2.2,4.3,0.505,0.8,2.1,0.404,1.3,2.2,0.6,0.603,1.1,1.6,0.692,0.1,2.2,2.3,0.6,0.2,0.1,0.6,1.1,6.2,427,11.1,0.628,0.486,0.364,0.8,13.5,7.4,4.7,0.6,0.4,10.1,14.4,0.6,0.2,0.8,0.086,-1.1,-2.1,-3.2,-0.1
2016/2017,94143000,98194497.56,543471,#N/A,#N/A,TOT,#N/A,#N/A,#N/A,#N/A,#N/A,#N/A,#N/A,#N/A,#N/A,Louis Williams,SG,30,7000000,7439282,81,1,24.6,5.3,12.3,0.429,2,5.5,0.365,3.3,6.8,0.48,0.511,5,5.6,0.88,0.3,2.2,2.5,3,1,0.2,2,1.1,17.5,1994,21.4,0.593,0.447,0.458,1.4,9.9,5.5,19.9,1.9,0.8,11.8,29.1,5.1,1,6.1,0.148,3.7,-3,0.8,1.4
2016/2017,94143000,98194497.56,543471,Los Angeles Lakers,14,LAL,California,West,Pacific,26,56,0.317,104.6,111.5,-6.29,Louis Williams,SG,30,7000000,7439282,58,1,24.2,5.6,12.7,0.444,2.1,5.5,0.385,3.5,7.2,0.489,0.527,5.2,5.9,0.884,0.2,2,2.3,3.2,1.1,0.2,2.1,1.2,18.6,1403,23.9,0.609,0.432,0.469,1.1,9.5,5.1,22.3,2.3,0.6,11.9,30.6,4.3,0.6,4.9,0.169,5.4,-3.2,2.2,1.5
2016/2017,94143000,98194497.56,543471,Houston Rockets,11,HOU,Texas,West,Southwest,55,27,0.671,115.3,109.6,5.84,Louis Williams,SG,30,7000000,7439282,23,0,25.7,4.4,11.5,0.386,1.8,5.6,0.318,2.7,5.9,0.452,0.464,4.3,4.9,0.867,0.5,2.5,3,2.4,0.7,0.4,1.7,1.1,14.9,591,15.4,0.547,0.489,0.428,2.2,10.7,6.5,14.3,1.2,1.2,11.3,25.3,0.8,0.4,1.2,0.096,-0.1,-2.5,-2.6,-0.1
2016/2017,94143000,98194497.56,543471,Charlotte Hornets,4,CHO,North Carolina,East,Southeast,36,46,0.439,104.9,104.7,-0.07,Marvin Williams,PF,30,12250000,13018744,76,76,30.2,3.9,9.3,0.422,1.6,4.7,0.35,2.3,4.6,0.494,0.51,1.7,2,0.873,1.2,5.4,6.6,1.4,0.8,0.7,0.8,1.8,11.2,2295,13.7,0.551,0.503,0.213,4.2,19.8,12,7.1,1.3,2,7.2,16.3,2.4,2.6,5,0.105,-0.3,0.5,0.2,1.3
2016/2017,94143000,98194497.56,543471,New Orleans Pelicans,19,NOP,Louisiana,West,Southwest,34,48,0.415,104.3,106.4,-1.69,Reggie Williams,SF,30,193307,205437,6,0,13.2,1.3,3.8,0.348,0.8,1.8,0.455,0.5,2,0.25,0.457,1,1.2,0.857,0.3,0.7,1,0.7,0.5,0,0,0.3,4.5,79,11.7,0.518,0.478,0.304,2.7,5.4,4,7.2,1.9,0,0,14.6,0.1,0.1,0.2,0.098,-0.8,-1.6,-2.4,0
2016/2017,94143000,98194497.56,543471,#N/A,#N/A,TOT,#N/A,#N/A,#N/A,#N/A,#N/A,#N/A,#N/A,#N/A,#N/A,Troy Williams,SF,22,652165,693091,30,16,18.6,2.4,5.6,0.437,0.6,2.1,0.29,1.8,3.5,0.524,0.491,0.7,1.1,0.656,0.5,1.8,2.3,0.8,0.9,0.3,1.1,2,6.2,557,9,0.511,0.371,0.192,3,11.2,7,7,2.5,1.7,15,17.1,-0.3,0.7,0.4,0.032,-3.3,0.6,-2.7,-0.1
2016/2017,94143000,98194497.56,543471,Memphis Grizzlies,15,MEM,Tennessee,West,Southwest,43,39,0.524,100.5,100,0.96,Troy Williams,SF,22,652165,693091,24,13,17.4,2.1,5.1,0.415,0.4,1.7,0.244,1.7,3.4,0.5,0.455,0.6,1,0.6,0.3,1.6,1.9,0.8,1,0.4,1.1,1.8,5.3,418,7.8,0.474,0.333,0.203,1.6,11,6.2,7.2,3,2.1,16.3,17.4,-0.6,0.6,0,0.004,-4.6,1.5,-3,-0.1
2016/2017,94143000,98194497.56,543471,Houston Rockets,11,HOU,Texas,West,Southwest,55,27,0.671,115.3,109.6,5.84,Troy Williams,SF,22,652165,693091,6,3,23.2,3.7,7.3,0.5,1.3,3.5,0.381,2.3,3.8,0.609,0.591,1,1.2,0.857,1.5,2.5,4,1,0.5,0.2,1,3,9.7,139,12.8,0.616,0.477,0.159,7.1,11.8,9.4,6.4,1,0.6,11.3,16.2,0.2,0.1,0.3,0.116,0.4,-2.1,-1.7,0
2016/2017,94143000,98194497.56,543471,Houston Rockets,11,HOU,Texas,West,Southwest,55,27,0.671,115.3,109.6,5.84,Kyle Wiltjer,PF,24,543471,577576,14,0,3.1,0.3,1,0.286,0.3,0.9,0.308,0,0.1,0,0.429,0.1,0.1,0.5,0.3,0.4,0.7,0.1,0.2,0.1,0.4,0.3,0.9,44,6.7,0.437,0.929,0.143,9.9,14.9,12.4,6.1,3.3,1.8,25.2,19.1,-0.1,0.1,0,-0.039,-4,0,-4,0
2016/2017,94143000,98194497.56,543471,Miami Heat,16,MIA,Florida,East,Southeast,41,41,0.5,103.2,102.1,0.77,Justise Winslow,SF,20,2593440,2756190,18,15,34.7,4.4,12.5,0.356,0.4,1.9,0.2,4.1,10.6,0.384,0.371,1.6,2.6,0.617,1.3,3.9,5.2,3.7,1.4,0.3,1.8,2.9,10.9,625,8.2,0.399,0.156,0.209,4,12.7,8.3,15.5,2.1,0.8,11.8,19.8,-0.9,0.8,-0.1,-0.009,-4,1.2,-2.8,-0.1
2016/2017,94143000,98194497.56,543471,Utah Jazz,29,UTA,Utah,West,Northwest,51,31,0.622,100.7,96.8,4,Jeff Withey,C,26,1015696,1079435,51,1,8.5,1.1,2,0.534,0,0,0,1.1,2,0.539,0.534,0.7,0.9,0.75,1,1.4,2.4,0.1,0.3,0.6,0.3,1,2.9,432,18.8,0.588,0.01,0.466,14.3,17.9,16.2,2.5,1.9,6,10.1,14.9,1,0.9,1.8,0.205,-1.2,2.7,1.6,0.4
2016/2017,94143000,98194497.56,543471,Charlotte Hornets,4,CHO,North Carolina,East,Southeast,36,46,0.439,104.9,104.7,-0.07,Christian Wood,PF,21,874636,929523,13,0,8.2,0.9,1.8,0.522,0,0.4,0,0.9,1.4,0.667,0.522,0.8,1.2,0.733,1.1,1.2,2.2,0.2,0.2,0.5,0.5,0.8,2.7,107,15.1,0.591,0.217,0.652,14.3,15.5,14.9,2.8,1.4,4.9,19.1,15.4,0.1,0.1,0.3,0.125,-2.5,0.6,-2,0
2016/2017,94143000,98194497.56,543471,Los Angeles Lakers,14,LAL,California,West,Pacific,26,56,0.317,104.6,111.5,-6.29,Metta World Peace,SF,37,1551659,1649032,25,2,6.4,0.8,2.7,0.279,0.4,1.5,0.237,0.4,1.2,0.333,0.346,0.4,0.6,0.625,0.2,0.6,0.8,0.4,0.4,0.1,0.3,0.7,2.3,160,6.5,0.38,0.559,0.235,3.3,10.6,6.8,9.8,3,1,8.5,21.9,-0.3,0.1,-0.2,-0.061,-4.1,-2.1,-6.2,-0.2
2016/2017,94143000,98194497.56,543471,Memphis Grizzlies,15,MEM,Tennessee,West,Southwest,43,39,0.524,100.5,100,0.96,Brandan Wright,PF,29,5709880,6068201,28,5,16,3,4.8,0.615,0,0,0,3,4.8,0.619,0.615,0.8,1.3,0.657,1.1,1.7,2.8,0.5,0.4,0.7,0.4,1.5,6.8,447,18.5,0.628,0.007,0.259,7.7,12.4,10,6,1.3,4.3,6.2,16.3,1.1,0.5,1.6,0.177,0,1.3,1.3,0.4
2016/2017,94143000,98194497.56,543471,Toronto Raptors,28,TOR,Ontario,East,Atlantic,51,31,0.622,106.9,102.6,3.65,Delon Wright,PG,24,1577280,1676261,27,0,16.5,1.8,4.3,0.422,0.4,1.1,0.333,1.4,3.2,0.453,0.466,1.6,2,0.764,0.6,1.2,1.8,2.1,1,0.4,0.9,1.1,5.6,446,15,0.535,0.259,0.474,4.1,8.1,6.1,18.2,3.1,2.1,15.1,16.6,0.5,0.6,1.1,0.117,-0.1,1.2,1.1,0.4
2016/2017,94143000,98194497.56,543471,Boston Celtics,2,BOS,Massachusetts,East,Atlantic,53,29,0.646,108,105.4,2.25,James Young,SG,21,1825200,1939739,29,0,7.6,0.9,2,0.431,0.4,1.2,0.343,0.4,0.8,0.565,0.534,0.2,0.3,0.667,0.2,0.7,0.9,0.1,0.3,0.1,0.1,0.5,2.3,220,10,0.549,0.603,0.155,3.1,10,6.6,2.6,2.3,0.7,6.1,13.3,0.1,0.2,0.3,0.076,-2,-1.1,-3.1,-0.1
2016/2017,94143000,98194497.56,543471,Indiana Pacers,12,IND,Indiana,East,Central,42,40,0.512,105.1,105.3,-0.64,Joseph Young,PG,24,1052342,1118381,33,0,4.1,0.8,2.2,0.361,0.2,0.7,0.217,0.6,1.5,0.429,0.396,0.3,0.5,0.733,0,0.5,0.5,0.5,0.1,0,0.2,0.2,2.1,135,11.4,0.433,0.319,0.208,0.8,13.1,7.1,18,1.5,0,6,27.8,-0.2,0.1,-0.1,-0.022,-3.5,-3.8,-7.3,-0.2
2016/2017,94143000,98194497.56,543471,Los Angeles Lakers,14,LAL,California,West,Pacific,26,56,0.317,104.6,111.5,-6.29,Nick Young,SG,31,5443918,5785549,60,60,25.9,4.5,10.6,0.43,2.8,7,0.404,1.7,3.5,0.481,0.564,1.3,1.5,0.856,0.4,1.9,2.3,1,0.6,0.2,0.6,2.3,13.2,1556,14.1,0.588,0.665,0.142,1.7,8.2,4.8,5.8,1.2,0.7,5.1,19.5,3,0.2,3.2,0.098,2.7,-3.4,-0.7,0.5
2016/2017,94143000,98194497.56,543471,Indiana Pacers,12,IND,Indiana,East,Central,42,40,0.512,105.1,105.3,-0.64,Thaddeus Young,PF,28,12078652,12836643,74,74,30.2,4.9,9.3,0.527,0.6,1.6,0.381,4.3,7.7,0.557,0.56,0.6,1.2,0.523,1.8,4.3,6.1,1.6,1.5,0.4,1.3,1.8,11,2237,14.9,0.562,0.172,0.125,6.7,15.7,11.2,8.4,2.5,1.1,11.6,16.4,2,2.7,4.6,0.1,0,1.4,1.4,1.9
2016/2017,94143000,98194497.56,543471,Charlotte Hornets,4,CHO,North Carolina,East,Southeast,36,46,0.439,104.9,104.7,-0.07,Cody Zeller,C,24,5318313,5652061,62,58,27.8,4.1,7.1,0.571,0,0,0,4.1,7.1,0.572,0.571,2.1,3.2,0.679,2.2,4.4,6.5,1.6,1,0.9,1,3,10.3,1725,16.7,0.604,0.002,0.442,8.6,17.3,12.9,9.1,1.8,3,10.9,15.5,3.4,2.2,5.6,0.157,-0.2,2.3,2.1,1.8
2016/2017,94143000,98194497.56,543471,Boston Celtics,2,BOS,Massachusetts,East,Atlantic,53,29,0.646,108,105.4,2.25,Tyler Zeller,C,27,8000000,8502037,51,5,10.3,1.5,3.1,0.494,0,0,0,1.5,3.1,0.497,0.494,0.4,0.8,0.564,0.8,1.6,2.4,0.8,0.1,0.4,0.4,1.2,3.5,525,13,0.508,0.006,0.247,9.2,17,13.2,12.2,0.7,3.3,10.2,16.5,0.5,0.6,1,0.094,-3.3,0.8,-2.5,-0.1
2016/2017,94143000,98194497.56,543471,Orlando Magic,22,ORL,Florida,East,Southeast,29,53,0.354,101.1,107.6,-6.61,Stephen Zimmerman,C,20,950000,1009616,19,0,5.7,0.5,1.6,0.323,0,0,,0.5,1.6,0.323,0.323,0.2,0.3,0.6,0.6,1.3,1.8,0.2,0.1,0.3,0.2,0.9,1.2,108,7.3,0.346,0,0.161,10.8,24.9,17.6,5.3,0.9,3.7,8.3,14.8,-0.1,0.1,0,-0.005,-7.8,0.4,-7.3,-0.1
2016/2017,94143000,98194497.56,543471,Chicago Bulls,5,CHI,Illinois,East,Central,41,41,0.5,102.9,102.4,0.03,Paul Zipser,SF,22,750000,797065,44,18,19.2,2,5,0.398,0.8,2.3,0.333,1.3,2.8,0.451,0.473,0.7,0.9,0.775,0.3,2.5,2.8,0.8,0.3,0.4,0.9,1.8,5.5,843,6.9,0.503,0.448,0.181,1.9,14.2,8,6.1,0.9,1.5,14.4,14.4,-0.3,0.8,0.5,0.03,-3.6,-0.1,-3.7,-0.4
2016/2017,94143000,98194497.56,543471,Los Angeles Lakers,14,LAL,California,West,Pacific,26,56,0.317,104.6,111.5,-6.29,Ivica Zubac,C,19,1034865,1099807,38,11,16,3.3,6.3,0.529,0,0.1,0,3.3,6.2,0.536,0.529,0.8,1.3,0.653,1.1,3.1,4.2,0.8,0.4,0.9,0.8,1.7,7.5,609,17,0.547,0.013,0.206,7.1,21.9,14.3,8.1,1.1,4.4,10.4,20.3,0.6,0.5,1.1,0.086,-2.7,0.3,-2.5,-0.1
2015/2016,70000000,74571547.42,525093,Sacramento Kings,26,SAC,California,West,Pacific,33,49,0.402,106.6,109.1,-2.32,Quincy Acy,PF,25,981348,1053333,59,29,14.8,2,3.6,0.556,0.3,0.8,0.388,1.7,2.8,0.606,0.6,0.8,1.2,0.735,1.1,2.1,3.2,0.5,0.5,0.4,0.5,1.7,5.2,876,14.7,0.629,0.229,0.318,8.1,15.1,11.6,4.4,1.6,2.2,10,13.1,1.8,0.7,2.5,0.137,0.2,0,0.2,0.5
2015/2016,70000000,74571547.42,525093,Memphis Grizzlies,15,MEM,Tennessee,West,Southwest,42,40,0.512,99.1,101.3,-2.14,Jordan Adams,SG,21,1404600,1507632,2,0,7.5,1,3,0.333,0,0.5,0,1,2.5,0.4,0.333,1.5,2.5,0.6,0,1,1,1.5,1.5,0,1,1,3.5,15,17.3,0.427,0.167,0.833,0,15.9,7.6,31.9,10.3,0,19.6,30.5,0,0,0,0.015,-2.9,4.8,1.9,0
2015/2016,70000000,74571547.42,525093,Oklahoma City Thunder,21,OKC,Oklahoma,West,Northwest,55,27,0.671,110.2,102.9,7.09,Steven Adams,C,22,2279040,2446216,80,80,25.2,3.3,5.3,0.613,0,0,,3.3,5.3,0.613,0.613,1.4,2.5,0.582,2.7,3.9,6.7,0.8,0.5,1.1,1.1,2.8,8,2014,15.5,0.621,0,0.46,12.5,16.1,14.4,4.3,1,3.3,14.1,12.6,4.2,2.3,6.5,0.155,0.8,1.3,2.1,2.1
2015/2016,70000000,74571547.42,525093,New York Knicks,20,NYK,New York,East,Atlantic,32,50,0.39,98.4,101.1,-2.74,Arron Afflalo,SG,30,8000000,8586830,71,57,33.4,5,11.3,0.443,1.3,3.4,0.382,3.7,7.9,0.469,0.5,1.5,1.8,0.84,0.3,3.4,3.7,2,0.4,0.1,1.2,2,12.8,2371,10.9,0.531,0.298,0.164,1.1,11,6.1,9.9,0.5,0.3,8.7,17.9,1.8,0.9,2.7,0.055,-0.6,-1.8,-2.4,-0.2
2015/2016,70000000,74571547.42,525093,New Orleans Pelicans,19,NOP,Louisiana,West,Southwest,30,52,0.366,102.7,106.5,-3.56,Alexis Ajinca,C,27,4539607,4872604,59,17,14.6,2.5,5.3,0.476,0,0,0,2.5,5.3,0.478,0.476,0.9,1.1,0.839,1.3,3.3,4.6,0.5,0.3,0.6,0.9,2.3,6,861,13.8,0.514,0.003,0.197,9.3,25.9,17.3,5.8,1.1,3.4,13.6,20.4,0.2,0.9,1,0.058,-4.3,-0.2,-4.5,-0.5
2015/2016,70000000,74571547.42,525093,Los Angeles Clippers,13,LAC,California,West,Pacific,53,29,0.646,104.5,100.2,4.13,Cole Aldrich,C,27,1100602,1181335,60,5,13.3,2.2,3.8,0.596,0,0,,2.2,3.8,0.596,0.596,1,1.4,0.714,1.4,3.4,4.8,0.8,0.8,1.1,1.1,2.3,5.5,800,21.3,0.626,0,0.373,11.9,27.1,19.6,10,2.9,6.7,19.6,18.4,1.4,2,3.5,0.209,-1,5.8,4.8,1.4
2015/2016,70000000,74571547.42,525093,San Antonio Spurs,27,SAS,Texas,West,Southwest,67,15,0.817,103.5,92.9,10.28,LaMarcus Aldridge,PF,30,19689000,21133262,74,74,30.6,7.2,14.1,0.513,0,0.2,0,7.2,13.9,0.521,0.513,3.5,4.1,0.858,2.4,6.2,8.5,1.5,0.5,1.1,1.3,2,18,2261,22.4,0.565,0.015,0.289,9.2,22.2,15.9,8.1,0.9,2.8,7.8,25.9,5.6,4.5,10.1,0.215,0.7,1.1,1.8,2.2
2015/2016,70000000,74571547.42,525093,Portland Trail Blazers,25,POR,Oregon,West,Northwest,44,38,0.537,105.1,104.3,0.98,Cliff Alexander,PF,20,525093,563610,8,0,4.5,0.6,1.3,0.5,0,0,,0.6,1.3,0.5,0.5,0,0,,0.3,0.5,0.8,0,0.1,0.3,0.1,0.1,1.3,36,11.6,0.5,0,0,6,12.1,9,0,1.4,4.4,9.1,13.3,0,0,0,0.052,-5.7,-1.3,-7,0
2015/2016,70000000,74571547.42,525093,Indiana Pacers,12,IND,Indiana,East,Central,45,37,0.549,102.2,100.5,1.62,Lavoy Allen,PF,26,3550000,3810405,79,28,20.2,2.4,4.7,0.516,0,0,,2.4,4.7,0.516,0.516,0.6,0.9,0.63,2.1,3.3,5.4,1,0.3,0.5,0.9,1.9,5.4,1599,12.4,0.532,0,0.197,11.1,17.8,14.5,7.1,0.8,2.1,14.6,13,1.6,2.1,3.7,0.11,-2.1,1.4,-0.6,0.6
2015/2016,70000000,74571547.42,525093,Memphis Grizzlies,15,MEM,Tennessee,West,Southwest,42,40,0.512,99.1,101.3,-2.14,Tony Allen,SG,34,5000000,5366768,64,57,25.3,3.4,7.3,0.458,0.2,0.7,0.357,3.1,6.7,0.468,0.474,1.4,2.2,0.652,1.6,3,4.6,1.1,1.7,0.3,1.2,2.7,8.4,1620,12.9,0.505,0.09,0.294,7,14.1,10.4,6.9,3.5,1,12.8,16.8,0.5,1.9,2.4,0.072,-1.5,1.4,-0.1,0.8
2015/2016,70000000,74571547.42,525093,Portland Trail Blazers,25,POR,Oregon,West,Northwest,44,38,0.537,105.1,104.3,0.98,Al-Farouq Aminu,SF,25,8042895,8632871,82,82,28.5,3.6,8.8,0.416,1.5,4.3,0.361,2.1,4.5,0.468,0.503,1.4,1.9,0.737,1.2,4.9,6.1,1.7,0.9,0.6,1.5,2.1,10.2,2341,12.7,0.533,0.485,0.217,4.5,18.6,11.5,8.8,1.5,1.8,13.2,16.9,1.7,2.3,4,0.082,-0.4,0.7,0.2,1.3
2015/2016,70000000,74571547.42,525093,New York Knicks,20,NYK,New York,East,Atlantic,32,50,0.39,98.4,101.1,-2.74,Louis Amundson,PF,33,1700000,1824701,29,0,7,0.7,1.8,0.358,0,0,,0.7,1.8,0.358,0.358,0.5,0.9,0.519,0.8,0.9,1.7,0.4,0.2,0.2,0.5,1.5,1.8,204,6.7,0.401,0,0.509,12.5,13.7,13.1,8.8,1.5,2.6,18.8,17.7,-0.3,0.2,-0.1,-0.014,-5.3,0.4,-5,-0.2
2015/2016,70000000,74571547.42,525093,#N/A,#N/A,TOT,#N/A,#N/A,#N/A,#N/A,#N/A,#N/A,#N/A,#N/A,#N/A,Chris Andersen,C,37,5000000,5366768,27,15,14.9,1.4,2.7,0.528,0.1,0.5,0.286,1.3,2.1,0.586,0.556,0.9,1.3,0.694,1.3,2.3,3.6,0.4,0.6,0.5,0.3,1.1,3.9,402,15.3,0.598,0.194,0.5,9.9,18.2,13.9,4.4,1.9,2.9,9.3,10.8,0.8,0.4,1.3,0.149,-0.3,1.1,0.8,0.3
2015/2016,70000000,74571547.42,525093,Miami Heat,16,MIA,Florida,East,Southeast,48,34,0.585,100,98.4,1.5,Chris Andersen,C,37,5000000,5366768,7,1,5.1,0.6,1.4,0.4,0.3,0.7,0.4,0.3,0.7,0.4,0.5,0.4,0.6,0.75,0.4,0.9,1.3,0.4,0.1,0.4,0.3,0.6,1.9,36,17.6,0.553,0.5,0.4,9.8,18.3,14.2,12.2,1.4,6.4,14.5,17.5,0.1,0.1,0.1,0.165,0.4,2.6,3,0
2015/2016,70000000,74571547.42,525093,Memphis Grizzlies,15,MEM,Tennessee,West,Southwest,42,40,0.512,99.1,101.3,-2.14,Chris Andersen,C,37,5000000,5366768,20,14,18.3,1.7,3.1,0.548,0.1,0.5,0.222,1.6,2.7,0.604,0.565,1.1,1.6,0.688,1.7,2.8,4.5,0.5,0.7,0.5,0.4,1.3,4.6,366,15.1,0.605,0.145,0.516,9.9,18.2,13.9,3.7,2,2.5,8.4,10.2,0.7,0.4,1.1,0.148,-0.4,0.9,0.6,0.2
2015/2016,70000000,74571547.42,525093,Washington Wizards,30,WAS,Washington DC,East,Southeast,41,41,0.5,104.1,104.6,-0.5,Alan Anderson,SG,33,4000000,4293415,13,0,14.8,1.6,4.5,0.356,0.9,2.8,0.324,0.7,1.7,0.409,0.458,0.8,1.2,0.733,0.1,2,2.1,1.1,0.3,0.1,0.2,1.9,5,192,9.2,0.495,0.627,0.254,0.6,15.5,7.9,10.3,1,0.4,3,15.4,0.2,0.2,0.3,0.078,-1.2,-1.7,-2.8,0
2015/2016,70000000,74571547.42,525093,Sacramento Kings,26,SAC,California,West,Pacific,33,49,0.402,106.6,109.1,-2.32,James Anderson,SG,26,1015421,1089905,51,15,14.1,1.3,3.5,0.376,0.5,1.7,0.267,0.9,1.8,0.478,0.441,0.4,0.6,0.759,0.3,1.4,1.7,0.8,0.4,0.3,0.8,1.1,3.5,721,6,0.469,0.483,0.163,2,10.9,6.5,7.7,1.4,1.6,18,13.7,-0.6,0.4,-0.3,-0.017,-3.9,-0.3,-4.2,-0.4
2015/2016,70000000,74571547.42,525093,Dallas Mavericks,7,DAL,Texas,West,Southwest,42,40,0.512,102.3,102.6,-0.02,Justin Anderson,SF,22,1449000,1555289,55,9,11.8,1.3,3.2,0.406,0.4,1.5,0.265,0.9,1.7,0.533,0.469,0.8,1,0.8,0.3,2.1,2.4,0.5,0.3,0.5,0.4,0.8,3.8,647,12.3,0.522,0.474,0.314,3.1,19.3,11.2,6.8,1.5,3.2,10.8,15.8,0.3,0.8,1.1,0.083,-2.5,1.3,-1.2,0.1
2015/2016,70000000,74571547.42,525093,San Antonio Spurs,27,SAS,Texas,West,Southwest,67,15,0.817,103.5,92.9,10.28,Kyle Anderson,SF,22,1142880,1226714,78,11,16,1.8,3.8,0.468,0.2,0.5,0.324,1.6,3.3,0.488,0.488,0.8,1.1,0.747,0.3,2.8,3.1,1.6,0.8,0.4,0.8,1.2,4.5,1245,12.9,0.528,0.125,0.281,2.4,19.4,11.2,13.7,2.5,1.8,15.1,14.4,0.7,2.8,3.5,0.133,-1.9,3.7,1.8,1.2
2015/2016,70000000,74571547.42,525093,New Orleans Pelicans,19,NOP,Louisiana,West,Southwest,30,52,0.366,102.7,106.5,-3.56,Ryan Anderson,PF,27,8500000,9123507,66,7,30.4,6,14.1,0.427,2,5.4,0.366,4,8.7,0.466,0.498,3,3.5,0.873,2,4,6,1.1,0.6,0.4,1.4,1.7,17,2008,17.2,0.546,0.385,0.245,7,15.2,10.9,6.1,0.9,1,8,24.7,3.1,0.8,3.9,0.092,1.5,-2.9,-1.4,0.3
2015/2016,70000000,74571547.42,525093,Milwaukee Bucks,17,MIL,Wisconsin,East,Central,33,49,0.402,99,103.2,-3.98,Giannis Antetokounmpo,PG,21,1953960,2097290,80,79,35.3,6.4,12.7,0.506,0.4,1.4,0.257,6.1,11.3,0.537,0.52,3.7,5.1,0.724,1.4,6.2,7.7,4.3,1.2,1.4,2.6,3.2,16.9,2823,18.8,0.566,0.108,0.404,4.6,20,12.4,20,1.7,3.4,14.8,22.3,4.2,2.9,7.1,0.121,1,1.5,2.4,3.2
2015/2016,70000000,74571547.42,525093,New York Knicks,20,NYK,New York,East,Atlantic,32,50,0.39,98.4,101.1,-2.74,Thanasis Antetokounmpo,SF,23,30887,33152,2,0,3,1.5,2,0.75,0,0.5,0,1.5,1.5,1,0.75,0,0,,0,0.5,0.5,0,0,0,0,1,3,6,32.9,0.75,0.25,0,0,17.9,9.1,0,0,0,0,30.2,0,0,0,0.291,6.3,-10.5,-4.1,0
2015/2016,70000000,74571547.42,525093,New York Knicks,20,NYK,New York,East,Atlantic,32,50,0.39,98.4,101.1,-2.74,Carmelo Anthony,SF,31,22875000,24552967,72,72,35.1,7.9,18.2,0.434,1.5,4.3,0.339,6.4,13.8,0.463,0.474,4.6,5.6,0.829,1.4,6.4,7.7,4.2,0.9,0.5,2.4,2.5,21.8,2530,20.3,0.53,0.237,0.308,4.3,19.5,12,21.9,1.3,1.1,10.6,29.7,3.9,2.5,6.4,0.121,2.8,-0.2,2.6,2.9
2015/2016,70000000,74571547.42,525093,Detroit Pistons,9,DET,Michigan,East,Central,44,38,0.537,102,101.4,0.43,Joel Anthony,C,33,2500000,2683384,19,0,5.1,0.3,0.5,0.6,0,0,,0.3,0.5,0.6,0.6,0.3,0.4,0.75,0.4,0.7,1.1,0.1,0.1,0.6,0.1,0.8,0.9,96,14.1,0.666,0,0.8,8.8,15.4,11.9,1.4,1.1,9.5,12.9,7,0.2,0.2,0.4,0.177,-2.8,5,2.2,0.1
2015/2016,70000000,74571547.42,525093,Orlando Magic,22,ORL,Florida,East,Southeast,35,47,0.427,102.1,103.7,-1.68,Keith Appling,PG,23,61775,66306,5,0,5.4,0.4,1.6,0.25,0,0.6,0,0.4,1,0.4,0.25,0.4,0.4,1,0,0.2,0.2,0.2,0.2,0,0.6,1,1.2,27,-4.8,0.338,0.375,0.25,0,4.2,2.1,5,1.9,0,25.3,19.5,-0.1,0,-0.1,-0.199,-10.3,-2.7,-13,-0.1
2015/2016,70000000,74571547.42,525093,Houston Rockets,11,HOU,Texas,West,Southwest,41,41,0.5,106.5,106.4,0.34,Trevor Ariza,SF,30,8200000,8801501,81,81,35.3,4.4,10.6,0.416,2.3,6.2,0.371,2.1,4.4,0.478,0.523,1.6,2,0.783,0.8,3.7,4.5,2.3,2,0.3,1.4,2.2,12.7,2859,12.9,0.551,0.581,0.187,2.6,11.6,7.1,10,2.8,0.8,10.8,15.7,3.1,2.3,5.4,0.09,1.2,0.3,1.5,2.5
2015/2016,70000000,74571547.42,525093,Denver Nuggets,8,DEN,Colorado,West,Northwest,33,49,0.402,101.9,105,-2.81,Darrell Arthur,PF,27,2814000,3020417,70,16,21.7,3.2,7,0.452,0.6,1.7,0.385,2.5,5.3,0.473,0.498,0.6,0.8,0.755,1.2,3,4.2,1.4,0.8,0.7,0.9,2.6,7.5,1516,12.5,0.514,0.239,0.108,6.2,15.4,10.7,10,1.8,2.6,11.4,16.7,1,1.3,2.3,0.072,-1.2,0.8,-0.3,0.6
2015/2016,70000000,74571547.42,525093,New Orleans Pelicans,19,NOP,Louisiana,West,Southwest,30,52,0.366,102.7,106.5,-3.56,Omer Asik,C,29,9213483,9889326,68,64,17.3,1.5,2.9,0.533,0,0,,1.5,2.9,0.533,0.533,0.9,1.6,0.545,1.8,4.3,6.1,0.4,0.3,0.3,0.9,1.8,4,1178,11,0.551,0,0.574,10.9,28.7,19.5,3.1,0.9,1.6,19.7,11.4,0.7,1,1.7,0.07,-4,-0.2,-4.2,-0.7
2015/2016,70000000,74571547.42,525093,#N/A,#N/A,TOT,#N/A,#N/A,#N/A,#N/A,#N/A,#N/A,#N/A,#N/A,#N/A,DJ Augustin,PG,28,3000000,3220061,62,0,19,2.4,5.6,0.423,1.1,2.7,0.405,1.3,2.9,0.44,0.52,1.7,2.1,0.805,0.1,1.4,1.5,3.2,0.6,0.1,1.4,1.4,7.5,1178,13.9,0.575,0.48,0.366,0.8,8,4.4,25.3,1.6,0.3,17.1,18,2,0.6,2.6,0.106,1,-2.7,-1.7,0.1
2015/2016,70000000,74571547.42,525093,Oklahoma City Thunder,21,OKC,Oklahoma,West,Northwest,55,27,0.671,110.2,102.9,7.09,DJ Augustin,PG,28,3000000,3220061,34,0,15.3,1.4,3.6,0.38,0.7,1.8,0.393,0.6,1.8,0.367,0.479,0.8,1,0.765,0.1,1.1,1.3,1.9,0.4,0.1,0.9,1.2,4.2,519,8.7,0.522,0.504,0.281,1.1,7.6,4.5,16.7,1.2,0.3,18.1,13.6,0.4,0.3,0.7,0.065,-1.4,-1.9,-3.3,-0.2
2015/2016,70000000,74571547.42,525093,Denver Nuggets,8,DEN,Colorado,West,Northwest,33,49,0.402,101.9,105,-2.81,DJ Augustin,PG,28,3000000,3220061,28,0,23.5,3.6,8.2,0.445,1.6,3.8,0.411,2.1,4.4,0.475,0.541,2.8,3.4,0.819,0.1,1.8,1.9,4.7,0.9,0.1,1.9,1.6,11.6,659,18,0.601,0.467,0.41,0.5,8.4,4.4,32,1.9,0.2,16.6,21.5,1.6,0.3,1.9,0.139,2.8,-3.3,-0.5,0.3
2015/2016,70000000,74571547.42,525093,Los Angeles Clippers,13,LAC,California,West,Pacific,53,29,0.646,104.5,100.2,4.13,Jeff Ayres,C,28,251890,270367,17,0,6.3,0.7,1.4,0.522,0,0.1,0,0.7,1.3,0.545,0.522,0.4,0.4,1,0.2,1.1,1.3,0.3,0,0.2,0.4,1.1,1.8,107,8.3,0.585,0.043,0.261,4.1,18.1,11.2,6.9,0,2.2,19,13.4,0.1,0.1,0.2,0.077,-4.7,0.1,-4.6,-0.1
2015/2016,70000000,74571547.42,525093,New Orleans Pelicans,19,NOP,Louisiana,West,Southwest,30,52,0.366,102.7,106.5,-3.56,Luke Babbitt,SF,26,1100602,1181335,47,13,18,2.6,6.1,0.422,0.9,2.3,0.404,1.7,3.8,0.433,0.498,0.8,1.1,0.78,0.5,2.6,3.1,1.1,0.2,0.1,0.5,1.9,7,845,11.6,0.526,0.377,0.173,3.2,16.7,9.7,9.6,0.6,0.7,6.9,17.5,0.8,0.3,1.1,0.064,-0.9,-2,-2.9,-0.2
2015/2016,70000000,74571547.42,525093,Chicago Bulls,5,CHI,Illinois,East,Central,42,40,0.512,101.6,103.1,-1.46,Cameron Bairstow,C,25,845059,907047,18,2,5.7,0.7,2.2,0.325,0.1,0.3,0.2,0.7,1.9,0.343,0.338,0.4,0.4,0.875,0.2,1.3,1.6,0.3,0.1,0.2,0.2,1.1,1.9,103,6.8,0.391,0.125,0.2,4.2,24,14.3,8.7,1,2.1,8.4,20.3,-0.1,0.1,0,-0.004,-6.9,-0.8,-7.7,-0.1
2015/2016,70000000,74571547.42,525093,Golden State Warriors,10,GSW,California,West,Pacific,73,9,0.89,114.9,104.1,10.38,Leandro Barbosa,SG,33,2500000,2683384,68,0,15.9,2.5,5.4,0.462,0.6,1.6,0.355,1.9,3.8,0.508,0.515,0.8,0.9,0.839,0.4,1.3,1.7,1.2,0.6,0.1,0.8,1.6,6.4,1079,11.7,0.545,0.297,0.168,3,8.4,5.8,10.6,2,0.7,11.8,18.1,0.9,1.2,2.1,0.092,-1.2,-0.9,-2.1,0
2015/2016,70000000,74571547.42,525093,Dallas Mavericks,7,DAL,Texas,West,Southwest,42,40,0.512,102.3,102.6,-0.02,Jose Juan Barea,PG,31,4290000,4604687,74,16,22.5,4.3,9.6,0.446,1.4,3.5,0.385,2.9,6.1,0.481,0.516,1,1.3,0.771,0.4,1.7,2.1,4.1,0.4,0,1.5,1.5,10.9,1667,15.4,0.536,0.366,0.135,1.7,8.3,5,31.5,0.8,0.1,13,23.8,2.1,0.7,2.8,0.082,1.6,-2.8,-1.2,0.3
2015/2016,70000000,74571547.42,525093,Brooklyn Nets,3,BRK,New York,East,Atlantic,21,61,0.256,98.6,106,-7.12,Andrea Bargnani,C,30,1362897,1462870,46,0,13.8,2.8,6.1,0.455,0.1,0.3,0.188,2.7,5.7,0.471,0.461,1,1.2,0.825,0.6,1.5,2.1,0.4,0.1,0.2,0.6,1.3,6.6,634,11.8,0.5,0.057,0.204,4.9,12.4,8.6,4.8,0.3,1.1,7.9,23.2,0.1,0,0.2,0.013,-3.7,-4.2,-7.9,-0.9
2015/2016,70000000,74571547.42,525093,Golden State Warriors,10,GSW,California,West,Pacific,73,9,0.89,114.9,104.1,10.38,Harrison Barnes,SF,23,3873398,4157526,66,59,30.9,4.5,9.6,0.466,1.2,3.2,0.383,3.2,6.3,0.508,0.531,1.5,2,0.761,1.2,3.8,4.9,1.8,0.6,0.2,0.9,2.1,11.7,2042,12.3,0.559,0.338,0.212,4.3,12.4,8.6,7.8,1,0.4,7.6,15.9,3.1,1.9,4.9,0.116,0.4,-0.6,-0.2,0.9
2015/2016,70000000,74571547.42,525093,Memphis Grizzlies,15,MEM,Tennessee,West,Southwest,42,40,0.512,99.1,101.3,-2.14,Matt Barnes,SF,35,3542500,3802355,76,45,28.8,3.5,9.1,0.381,1.6,4.9,0.322,1.9,4.3,0.449,0.467,1.5,1.8,0.804,1.1,4.4,5.5,2.1,1,0.8,1.6,3.1,10,2190,11.7,0.503,0.534,0.199,4.2,18.3,10.9,11.6,1.8,2.4,13.8,17.9,0.4,2.2,2.6,0.056,-0.4,0.8,0.4,1.3
2015/2016,70000000,74571547.42,525093,Denver Nuggets,8,DEN,Colorado,West,Northwest,33,49,0.402,101.9,105,-2.81,Will Barton,SG,25,3533333,3792516,82,1,28.7,5.2,12,0.432,1.4,4,0.345,3.8,8,0.476,0.489,2.6,3.3,0.806,0.7,5.1,5.8,2.5,0.9,0.5,1.7,1.8,14.4,2353,16,0.535,0.331,0.273,2.7,20,11.2,14.4,1.5,1.3,11.2,23,2.4,1.9,4.3,0.088,0.3,-0.4,-0.1,1.1
2015/2016,70000000,74571547.42,525093,Los Angeles Lakers,14,LAL,California,West,Pacific,17,65,0.207,97.3,106.9,-8.92,Brandon Bass,PF,30,3000000,3220061,66,0,20.3,2.6,4.8,0.549,0,0,0,2.6,4.8,0.552,0.549,1.9,2.2,0.845,1.6,2.7,4.3,1.1,0.5,0.8,0.6,1.9,7.2,1342,17.4,0.619,0.006,0.467,8.1,15,11.4,9.2,1.2,3.2,9.9,13.9,3.4,0.7,4.1,0.146,0.1,0.7,0.8,1
2015/2016,70000000,74571547.42,525093,Charlotte Hornets,4,CHO,North Carolina,East,Southeast,48,34,0.585,103.4,100.7,2.36,Nicolas Batum,SF,27,11860750,12730780,70,70,35,5.3,12.5,0.426,2,5.7,0.348,3.3,6.8,0.492,0.506,2.3,2.7,0.849,0.8,5.3,6.1,5.8,0.9,0.6,2.9,1.6,14.9,2448,15.6,0.546,0.457,0.22,2.4,16.8,9.6,26.9,1.3,1.4,17.6,21.4,2,2.9,5,0.097,1.1,0.9,2,2.5
2015/2016,70000000,74571547.42,525093,Milwaukee Bucks,17,MIL,Wisconsin,East,Central,33,49,0.402,99,103.2,-3.98,Jerryd Bayless,SG,27,3000000,3220061,52,18,28.9,3.6,8.4,0.423,1.9,4.4,0.437,1.6,4,0.408,0.539,1.3,1.7,0.778,0.4,2.3,2.7,3.1,0.9,0.2,1.4,2.1,10.4,1505,12.4,0.568,0.529,0.206,1.6,9,5.4,16.2,1.6,0.6,13.3,16.4,1.8,0.6,2.4,0.075,1.1,-2.1,-1,0.4
2015/2016,70000000,74571547.42,525093,Detroit Pistons,9,DET,Michigan,East,Central,44,38,0.537,102,101.4,0.43,Aron Baynes,C,29,6500000,6976799,81,1,15.2,2.4,4.7,0.505,0,0,0,2.4,4.7,0.508,0.505,1.6,2,0.764,1.7,3,4.7,0.6,0.3,0.6,0.8,1.9,6.3,1233,17.8,0.563,0.005,0.43,11.9,22.5,17,6.6,0.9,3.2,12.8,18.5,2.4,1.7,4.1,0.158,-1.3,1.1,-0.2,0.6
2015/2016,70000000,74571547.42,525093,Atlanta Hawks,1,ATL,Georgia,East,Southeast,48,34,0.585,102.8,99.2,3.49,Kent Bazemore,SF,26,2000000,2146707,75,68,27.8,4.3,9.7,0.441,1.5,4.1,0.357,2.8,5.6,0.502,0.517,1.6,2,0.815,0.4,4.7,5.1,2.3,1.3,0.5,1.8,2.3,11.6,2083,13.4,0.551,0.421,0.208,1.5,18,9.9,12.7,2.3,1.4,14.8,20,0.3,3.8,4.1,0.094,-1.3,1.6,0.3,1.2
2015/2016,70000000,74571547.42,525093,Washington Wizards,30,WAS,Washington DC,East,Southeast,41,41,0.5,104.1,104.6,-0.5,Bradley Beal,SG,22,5694673,6112398,55,35,31.1,6.5,14.5,0.449,1.9,4.9,0.387,4.6,9.6,0.481,0.515,2.5,3.2,0.767,0.7,2.7,3.4,2.9,1,0.2,2,2.1,17.4,1708,15.5,0.547,0.339,0.22,2.6,9.8,6.2,15.6,1.5,0.5,11.3,25.3,1.4,1.3,2.7,0.076,1,-1.6,-0.6,0.6
2015/2016,70000000,74571547.42,525093,Houston Rockets,11,HOU,Texas,West,Southwest,41,41,0.5,106.5,106.4,0.34,Michael Beasley,PF,27,306526,329010,20,0,18.2,5.4,10.3,0.522,0.2,0.5,0.333,5.2,9.8,0.531,0.529,1.9,2.5,0.776,1.5,3.5,4.9,0.8,0.6,0.5,1.2,2,12.8,363,22.5,0.563,0.044,0.239,8.8,21.1,14.9,9.1,1.5,2.1,9.6,29.7,0.6,0.3,1,0.128,-0.8,-2.5,-3.4,-0.1
2015/2016,70000000,74571547.42,525093,Sacramento Kings,26,SAC,California,West,Pacific,33,49,0.402,106.6,109.1,-2.32,Marco Belinelli,SG,29,6060606,6505174,68,7,24.6,3.6,9.3,0.386,1.3,4.4,0.306,2.3,5,0.456,0.457,1.7,2,0.833,0.1,1.6,1.7,1.9,0.5,0,1.2,1.3,10.2,1672,9.4,0.5,0.468,0.217,0.7,6.9,3.8,11.1,1.1,0.1,10.3,19.7,0.2,0.3,0.5,0.014,-1.3,-2.9,-4.2,-0.9
2015/2016,70000000,74571547.42,525093,Toronto Raptors,28,TOR,Ontario,East,Atlantic,56,26,0.683,102.7,98.2,4.08,Anthony Bennett,PF,22,4597276,4934503,19,0,4.4,0.4,1.4,0.296,0.2,0.7,0.214,0.3,0.7,0.385,0.352,0.5,0.5,0.9,0.3,0.9,1.2,0,0.3,0,0.2,0.4,1.5,84,10.4,0.446,0.519,0.37,8.3,22.8,15.7,0,3.1,0,11.3,19.2,0,0.1,0.1,0.054,-4.8,-4.6,-9.4,-0.2
2015/2016,70000000,74571547.42,525093,Houston Rockets,11,HOU,Texas,West,Southwest,41,41,0.5,106.5,106.4,0.34,Patrick Beverley,PG,27,6486486,6962294,71,63,28.7,3.6,8.4,0.434,1.7,4.4,0.4,1.9,4,0.472,0.539,0.8,1.2,0.682,1,2.5,3.5,3.4,1.3,0.4,1.3,3.3,9.9,2041,13,0.553,0.522,0.148,3.9,9.6,6.8,17.9,2.3,1.1,12.6,15.3,3.1,1.3,4.4,0.102,1.4,-0.3,1.1,1.6
2015/2016,70000000,74571547.42,525093,Toronto Raptors,28,TOR,Ontario,East,Atlantic,56,26,0.683,102.7,98.2,4.08,Bismack Biyombo,C,23,2814000,3020417,82,22,22,1.9,3.5,0.542,0,0,0,1.9,3.5,0.544,0.542,1.7,2.8,0.628,2.2,5.8,8,0.4,0.2,1.6,0.9,2.7,5.5,1808,14.9,0.586,0.003,0.785,11.7,29.5,20.8,2.4,0.5,6.1,15.5,11.5,2.8,3.1,5.9,0.156,-2.4,2.3,-0.1,0.9
2015/2016,70000000,74571547.42,525093,Minnesota Timberwolves,18,MIN,Minnesota,West,Northwest,29,53,0.354,102.4,106,-3.38,Nemanja Bjelica,PF,27,3950000,4239747,60,0,17.9,1.8,3.9,0.468,0.8,2.1,0.384,1,1.8,0.564,0.57,0.7,0.9,0.727,0.8,2.7,3.5,1.4,0.4,0.4,0.8,2.6,5.1,1075,11.2,0.594,0.532,0.234,5.4,17.2,11.4,11.4,1.2,1.6,15.3,12.8,1.4,0.6,1.9,0.087,0.5,-0.2,0.3,0.6
2015/2016,70000000,74571547.42,525093,Los Angeles Lakers,14,LAL,California,West,Pacific,17,65,0.207,97.3,106.9,-8.92,Tarik Black,C,24,845059,907047,39,0,12.7,1.5,2.7,0.548,0,0,,1.5,2.7,0.548,0.548,0.5,1.2,0.422,1.1,2.9,4,0.4,0.4,0.5,0.6,2,3.4,496,12.3,0.537,0,0.433,9.2,25.4,17,5.2,1.4,2.9,15.1,12.9,0.3,0.4,0.7,0.072,-4,0.6,-3.4,-0.2
2015/2016,70000000,74571547.42,525093,Washington Wizards,30,WAS,Washington DC,East,Southeast,41,41,0.5,104.1,104.6,-0.5,DeJuan Blair,C,26,2000000,2146707,29,0,7.5,1,2.3,0.412,0,0,0,1,2.3,0.418,0.412,0.2,0.4,0.385,0.7,1.3,2,0.4,0.3,0.1,0.5,1.8,2.1,218,5.4,0.414,0.015,0.191,10.1,19.4,14.6,7.3,1.8,0.7,16.9,17.8,-0.3,0.3,-0.1,-0.015,-6.3,-0.1,-6.4,-0.2
2015/2016,70000000,74571547.42,525093,Detroit Pistons,9,DET,Michigan,East,Central,44,38,0.537,102,101.4,0.43,Steve Blake,PG,35,2100000,2254042,58,2,17,1.6,4.1,0.388,0.9,2.6,0.344,0.7,1.5,0.461,0.496,0.3,0.3,0.8,0.2,1.4,1.5,3.4,0.4,0.1,1.4,1.2,4.4,986,9.8,0.51,0.629,0.083,1,9.2,4.9,29.5,1.2,0.4,24.6,14.6,0.3,0.8,1.1,0.053,-1.8,-1.8,-3.5,-0.4
2015/2016,70000000,74571547.42,525093,Phoenix Suns,24,PHO,Arizona,West,Pacific,23,59,0.28,100.9,107.5,-6.32,Eric Bledsoe,PG,26,13500000,14490276,31,31,34.2,7.2,15.9,0.453,1.5,4.2,0.372,5.6,11.7,0.482,0.502,4.5,5.5,0.802,0.6,3.5,4,6.1,2,0.6,3.5,2.4,20.4,1059,20,0.557,0.262,0.35,1.8,11.2,6.4,31.8,2.9,1.5,16.2,27.2,1.6,1,2.5,0.116,2.7,0.1,2.8,1.3
2015/2016,70000000,74571547.42,525093,Brooklyn Nets,3,BRK,New York,East,Atlantic,21,61,0.256,98.6,106,-7.12,Bojan Bogdanovic,SF,26,3425510,3676784,79,39,26.8,4.1,9.5,0.433,1.6,4.3,0.382,2.5,5.2,0.474,0.519,1.4,1.7,0.833,0.5,2.8,3.2,1.3,0.4,0.1,1.5,1.5,11.2,2115,10.7,0.55,0.451,0.176,1.9,11.8,6.8,7.3,0.7,0.2,12.5,19.4,0.9,0,0.9,0.021,-0.5,-2.9,-3.4,-0.8
2015/2016,70000000,74571547.42,525093,Golden State Warriors,10,GSW,California,West,Pacific,73,9,0.89,114.9,104.1,10.38,Andrew Bogut,C,31,12000000,12880245,70,66,20.7,2.5,4,0.627,0,0,1,2.5,4,0.626,0.629,0.3,0.7,0.48,1.7,5.3,7,2.3,0.5,1.6,1.2,3.2,5.4,1451,15.9,0.623,0.004,0.179,9.5,26,18.3,14.8,1.1,5.8,21.6,11.4,2.6,2.9,5.4,0.18,-0.6,5.1,4.5,2.4
2015/2016,70000000,74571547.42,525093,San Antonio Spurs,27,SAS,Texas,West,Southwest,67,15,0.817,103.5,92.9,10.28,Matt Bonner,C,35,1499187,1609158,30,2,6.9,1,1.9,0.509,0.5,1.1,0.441,0.5,0.8,0.609,0.64,0.1,0.1,0.75,0.1,0.8,0.9,0.3,0.2,0,0.1,0.5,2.5,206,14.1,0.647,0.596,0.07,1.7,12.8,7.5,6.3,1.5,0.4,4.9,13.7,0.4,0.3,0.8,0.181,1.8,-0.3,1.6,0.2
2015/2016,70000000,74571547.42,525093,Phoenix Suns,24,PHO,Arizona,West,Pacific,23,59,0.28,100.9,107.5,-6.32,Devin Booker,SG,19,2055840,2206643,76,51,27.7,4.8,11.4,0.423,1.3,3.8,0.343,3.5,7.6,0.464,0.48,2.8,3.4,0.84,0.4,2.1,2.5,2.6,0.6,0.3,2.1,3,13.8,2108,11.9,0.535,0.333,0.295,1.4,8.4,4.8,15.8,1,0.8,14,23,1.2,0.7,1.9,0.043,-0.6,-2.4,-3.1,-0.6
2015/2016,70000000,74571547.42,525093,Utah Jazz,29,UTA,Utah,West,Northwest,40,42,0.488,97.7,95.9,1.84,Trevor Booker,PF,28,4775000,5125264,79,2,20.7,2.4,4.9,0.49,0.2,0.5,0.293,2.3,4.4,0.513,0.505,0.9,1.3,0.67,2.1,3.6,5.7,1.1,0.7,0.5,1,2.1,5.9,1632,14.4,0.533,0.106,0.273,11.9,20.4,16.2,8.2,1.9,2.1,15.7,14.6,1.8,2.6,4.3,0.128,-0.9,2.3,1.4,1.4
2015/2016,70000000,74571547.42,525093,Miami Heat,16,MIA,Florida,East,Southeast,48,34,0.585,100,98.4,1.5,Chris Bosh,PF,31,22192730,23820650,53,53,33.5,6.8,14.5,0.467,1.5,4.2,0.365,5.2,10.3,0.508,0.52,4,5.1,0.795,0.9,6.5,7.4,2.4,0.7,0.6,1.5,1.9,19.1,1778,20.2,0.571,0.289,0.349,3.2,21.1,12.4,12.1,1,1.5,8.1,24.7,4.1,2.3,6.4,0.172,2.3,-0.3,2.1,1.8
2015/2016,70000000,74571547.42,525093,Boston Celtics,2,BOS,Massachusetts,East,Atlantic,48,34,0.585,105.7,102.5,2.84,Avery Bradley,SG,25,7730337,8297386,76,72,33.4,6,13.4,0.447,1.9,5.4,0.361,4.1,8.1,0.505,0.52,1.3,1.6,0.78,0.6,2.3,2.9,2.1,1.5,0.3,1.4,2.2,15.2,2536,13.2,0.538,0.399,0.121,2,7.3,4.6,9.8,2.2,0.6,9.2,19.8,2,2.8,4.8,0.09,0.5,-0.3,0.2,1.4
2015/2016,70000000,74571547.42,525093,Philadelphia 76ers,23,PHI,Pennsylvania,East,Atlantic,10,72,0.122,97.4,107.6,-9.92,Elton Brand,C,36,890693,956028,17,1,13.2,1.8,4.2,0.431,0,0.1,0,1.8,4.2,0.437,0.431,0.5,0.5,0.889,0.5,3.2,3.7,1.1,0.5,0.5,0.6,1.9,4.1,225,11.4,0.461,0.014,0.125,4.2,27,15.2,13.1,2,2.7,12.6,16.9,-0.1,0.3,0.2,0.036,-5.5,1.5,-4,-0.1
2015/2016,70000000,74571547.42,525093,Houston Rockets,11,HOU,Texas,West,Southwest,41,41,0.5,106.5,106.4,0.34,Corey Brewer,SF,29,8229375,8833030,82,12,20.4,2.6,6.7,0.384,0.7,2.7,0.272,1.8,4,0.46,0.439,1.3,1.7,0.75,0.5,1.9,2.4,1.3,1,0.2,1,2,7.2,1669,9.9,0.481,0.406,0.254,2.8,10.4,6.6,10,2.5,0.9,11.3,17.8,0.1,1.2,1.2,0.035,-2.2,-1,-3.1,-0.5
2015/2016,70000000,74571547.42,525093,Chicago Bulls,5,CHI,Illinois,East,Central,42,40,0.512,101.6,103.1,-1.46,Aaron Brooks,PG,31,2250000,2415046,69,0,16.1,2.7,6.8,0.401,1,2.7,0.357,1.8,4.1,0.43,0.471,0.7,0.9,0.766,0.3,1.2,1.5,2.6,0.4,0.1,1.2,1.9,7.1,1108,11.8,0.494,0.394,0.136,2,7.5,4.8,26,1.4,0.7,14.2,22.9,0.2,0.7,0.9,0.04,-0.5,-2.8,-3.3,-0.4
2015/2016,70000000,74571547.42,525093,Los Angeles Lakers,14,LAL,California,West,Pacific,17,65,0.207,97.3,106.9,-8.92,Anthony Brown,SF,23,525093,563610,29,11,20.7,1.3,4.3,0.31,0.7,2.4,0.286,0.7,1.9,0.339,0.389,0.6,0.7,0.85,0.3,2.1,2.4,0.7,0.5,0.2,0.5,1.2,4,599,4.9,0.427,0.556,0.159,1.6,11.3,6.3,4.8,1.2,0.7,10,11,-0.4,0.1,-0.3,-0.024,-4,-1.1,-5,-0.5
2015/2016,70000000,74571547.42,525093,Phoenix Suns,24,PHO,Arizona,West,Pacific,23,59,0.28,100.9,107.5,-6.32,Lorenzo Brown,PG,25,222888,239236,8,0,7.6,1,3.1,0.32,0.1,1,0.125,0.9,2.1,0.412,0.34,0.4,0.5,0.75,0,0.9,0.9,1.4,0.4,0.1,1.1,0.5,2.5,61,4.4,0.374,0.32,0.16,0,12.8,6.2,28,2.4,1.3,25.2,24.9,-0.3,0.1,-0.2,-0.157,-8.1,-1.4,-9.5,-0.1
2015/2016,70000000,74571547.42,525093,Brooklyn Nets,3,BRK,New York,East,Atlantic,21,61,0.256,98.6,106,-7.12,Markel Brown,SG,24,845059,907047,62,6,15.8,2,5.2,0.394,0.6,2,0.314,1.4,3.2,0.443,0.453,1.1,1.5,0.755,0.4,1.6,2,1.5,0.6,0.2,0.9,1.5,5.9,982,11.3,0.5,0.376,0.292,2.6,11.5,7,13.9,2,1.2,12.9,18.9,0.2,0.4,0.6,0.031,-1.4,-1.3,-2.6,-0.2
2015/2016,70000000,74571547.42,525093,Los Angeles Lakers,14,LAL,California,West,Pacific,17,65,0.207,97.3,106.9,-8.92,Kobe Bryant,SF,37,25000000,26833844,66,66,28.2,6,16.9,0.358,2,7.1,0.285,4,9.8,0.41,0.417,3.5,4.3,0.826,0.6,3.1,3.7,2.8,0.9,0.2,2,1.7,17.6,1863,14.9,0.469,0.42,0.252,2.3,12.3,7.1,19.1,1.7,0.5,9.4,32.2,-0.9,0.5,-0.4,-0.01,0.8,-3.3,-2.5,-0.2
2015/2016,70000000,74571547.42,525093,#N/A,#N/A,TOT,#N/A,#N/A,#N/A,#N/A,#N/A,#N/A,#N/A,#N/A,#N/A,Chase Budinger,SF,27,5258082,5643781,66,2,14.1,1.6,3.6,0.435,0.4,1.3,0.279,1.2,2.3,0.523,0.485,0.6,0.8,0.696,0.7,1.6,2.3,1,0.5,0.2,0.7,0.9,4.1,929,10.7,0.514,0.36,0.234,5,12.6,8.8,10.2,1.7,0.9,14.3,14.5,0.4,1,1.4,0.073,-2,0.3,-1.7,0.1
2015/2016,70000000,74571547.42,525093,Indiana Pacers,12,IND,Indiana,East,Central,45,37,0.549,102.2,100.5,1.62,Chase Budinger,SF,27,5258082,5643781,49,2,14.9,1.7,4,0.418,0.4,1.4,0.29,1.2,2.6,0.488,0.469,0.7,1,0.708,0.6,1.8,2.5,1,0.6,0.2,0.6,0.9,4.4,729,11.1,0.502,0.356,0.247,4.7,13.4,9.1,9.9,2,1,12.6,14.9,0.3,1,1.3,0.084,-2,0.8,-1.2,0.1
2015/2016,70000000,74571547.42,525093,Phoenix Suns,24,PHO,Arizona,West,Pacific,23,59,0.28,100.9,107.5,-6.32,Chase Budinger,SF,27,5258082,5643781,17,0,11.8,1.4,2.6,0.511,0.2,1,0.235,1.1,1.6,0.679,0.556,0.3,0.5,0.625,0.7,1,1.7,0.9,0.2,0.1,0.8,0.9,3.2,200,9.2,0.567,0.378,0.178,6.4,9.4,7.9,11.4,0.7,0.4,21.1,13.1,0.1,0,0.1,0.034,-2,-1.6,-3.6,-0.1
2015/2016,70000000,74571547.42,525093,Detroit Pistons,9,DET,Michigan,East,Central,44,38,0.537,102,101.4,0.43,Reggie Bullock,SF,24,1252400,1344268,37,0,11.6,1.2,2.6,0.439,0.6,1.4,0.415,0.6,1.2,0.467,0.551,0.4,0.4,0.933,0.4,1.5,1.8,0.7,0.3,0.1,0.2,0.8,3.3,429,12,0.583,0.541,0.153,3.4,14.3,8.6,9.2,1.2,0.4,7.1,11.4,0.8,0.4,1.2,0.134,0,0,0,0.2
2015/2016,70000000,74571547.42,525093,Utah Jazz,29,UTA,Utah,West,Northwest,40,42,0.488,97.7,95.9,1.84,Trey Burke,PG,23,2658240,2853231,64,0,21.3,4.1,9.9,0.413,1.4,4,0.344,2.7,5.9,0.46,0.483,1,1.3,0.817,0.3,1.5,1.8,2.3,0.5,0.1,1.3,1.3,10.6,1366,14,0.507,0.404,0.129,1.5,8,4.8,19.7,1.4,0.4,10.7,25.3,0.9,1.2,2.1,0.074,0.4,-2.5,-2,0
2015/2016,70000000,74571547.42,525093,Utah Jazz,29,UTA,Utah,West,Northwest,40,42,0.488,97.7,95.9,1.84,Alec Burks,SG,24,9213484,9889327,31,3,25.7,4.4,10.8,0.41,1,2.5,0.405,3.4,8.2,0.412,0.458,3.4,4.5,0.752,0.5,3,3.5,2,0.6,0.1,1.6,2.3,13.3,797,14.3,0.52,0.237,0.422,2.4,13.6,8,13.9,1.2,0.4,11.4,25.9,0.7,0.8,1.5,0.09,-0.9,-1.6,-2.5,-0.1
2015/2016,70000000,74571547.42,525093,Sacramento Kings,26,SAC,California,West,Pacific,33,49,0.402,106.6,109.1,-2.32,Caron Butler,SF,35,1499187,1609158,17,1,10.4,1.5,3.5,0.424,0.2,1.1,0.167,1.3,2.4,0.537,0.449,0.6,0.7,0.833,0.3,1,1.3,0.6,0.5,0.1,0.2,1.1,3.7,176,11.3,0.49,0.305,0.203,3.1,10.4,6.8,8.3,2.5,0.5,4.5,16.2,0.1,0.1,0.3,0.071,-1.5,-1.1,-2.6,0
2015/2016,70000000,74571547.42,525093,Chicago Bulls,5,CHI,Illinois,East,Central,42,40,0.512,101.6,103.1,-1.46,Jimmy Butler,SG,26,16407500,17611052,67,67,36.9,7,15.4,0.454,1,3.1,0.312,6.1,12.4,0.489,0.485,5.9,7.1,0.832,1.2,4.2,5.3,4.8,1.6,0.6,2,1.9,20.9,2474,21.3,0.562,0.198,0.459,3.4,11.6,7.6,21.4,2.2,1.3,9.6,24.4,6.5,2.7,9.1,0.177,3.6,0.3,4,3.7
2015/2016,70000000,74571547.42,525093,San Antonio Spurs,27,SAS,Texas,West,Southwest,67,15,0.817,103.5,92.9,10.28,Rasual Butler,SF,36,1499187,1609158,46,0,9.4,1.1,2.3,0.471,0.3,1.1,0.306,0.7,1.2,0.618,0.543,0.2,0.3,0.688,0.1,1.2,1.2,0.5,0.3,0.5,0.2,0.2,2.7,432,13.4,0.558,0.471,0.154,0.8,13.5,7.4,7.7,1.5,4.1,6.7,12.6,0.4,0.9,1.3,0.146,-0.9,2.7,1.8,0.4
2015/2016,70000000,74571547.42,525093,Toronto Raptors,28,TOR,Ontario,East,Atlantic,56,26,0.683,102.7,98.2,4.08,Bruno Caboclo,SF,20,1524000,1635791,6,1,7.2,0.2,2,0.083,0.2,1.2,0.143,0,0.8,0,0.125,0,0,,0.2,0.2,0.3,0.2,0.3,0.2,0.7,0.3,0.5,43,-7.7,0.125,0.583,0,2.7,2.6,2.7,3.2,2.4,1.9,25,16.9,-0.3,0,-0.3,-0.283,-11.4,-0.2,-11.6,-0.1
2015/2016,70000000,74571547.42,525093,New York Knicks,20,NYK,New York,East,Atlantic,32,50,0.39,98.4,101.1,-2.74,Jose Calderon,PG,34,7402812,7945836,72,72,28.1,2.9,6.3,0.459,1.2,2.8,0.414,1.7,3.5,0.496,0.552,0.6,0.7,0.875,0.3,2.9,3.2,4.1,0.9,0.1,1.2,1.9,7.6,2024,12.3,0.571,0.446,0.105,1.2,11,6.2,22.3,1.6,0.3,15.4,12.6,2.7,1.4,4,0.096,0.5,-0.6,-0.1,1
2015/2016,70000000,74571547.42,525093,Detroit Pistons,9,DET,Michigan,East,Central,44,38,0.537,102,101.4,0.43,Kentavious Caldwell-Pope,SG,22,2891760,3103881,76,76,36.7,5.3,12.6,0.42,1.5,4.9,0.309,3.8,7.8,0.489,0.479,2.4,3,0.811,0.9,2.8,3.7,1.8,1.4,0.2,1.4,2.2,14.5,2789,12.4,0.521,0.384,0.238,2.6,8.6,5.5,7.8,2,0.5,9,18.2,2.6,2.7,5.3,0.092,0.6,0.6,1.1,2.2
2015/2016,70000000,74571547.42,525093,Philadelphia 76ers,23,PHI,Pennsylvania,East,Atlantic,10,72,0.122,97.4,107.6,-9.92,Isaiah Canaan,SG,24,947276,1016762,77,39,25.5,3.4,9.4,0.36,2.3,6.3,0.363,1.1,3.1,0.354,0.482,1.9,2.3,0.833,0.3,2,2.3,1.8,0.7,0.2,1.2,1.7,11,1966,11.1,0.528,0.672,0.249,1.1,8.8,4.8,11.3,1.4,0.5,10.2,19.9,0.9,0.5,1.4,0.035,0.2,-2.9,-2.7,-0.4
2015/2016,70000000,74571547.42,525093,Houston Rockets,11,HOU,Texas,West,Southwest,41,41,0.5,106.5,106.4,0.34,Clint Capela,C,21,1242720,1333878,77,35,19.1,3,5.2,0.582,0,0,0,3,5.1,0.583,0.582,1,2.7,0.379,2.5,3.9,6.4,0.6,0.8,1.2,0.8,2.5,7,1471,18.3,0.553,0.003,0.531,14.4,22.7,18.5,5.1,2,5.2,10.9,16.1,2.4,2,4.4,0.144,-1.2,1.7,0.5,0.9
2015/2016,70000000,74571547.42,525093,Toronto Raptors,28,TOR,Ontario,East,Atlantic,56,26,0.683,102.7,98.2,4.08,DeMarre Carroll,SF,29,13600000,14597611,26,22,30.2,4,10.4,0.389,1.8,4.5,0.39,2.3,5.8,0.388,0.474,1.2,1.9,0.6,1.2,3.5,4.7,1,1.7,0.2,1.1,2.4,11,786,11.9,0.49,0.437,0.185,4.6,13.1,8.9,5.5,2.9,0.6,8.8,18.5,0.2,1,1.2,0.074,0,0.3,0.2,0.4
2015/2016,70000000,74571547.42,525093,Memphis Grizzlies,15,MEM,Tennessee,West,Southwest,42,40,0.512,99.1,101.3,-2.14,Vince Carter,SG,39,4088019,4387890,60,3,16.8,2.2,5.7,0.388,1,2.8,0.349,1.2,2.9,0.425,0.474,1.2,1.4,0.833,0.5,1.9,2.4,0.9,0.6,0.3,0.6,1.7,6.6,1005,12.7,0.52,0.493,0.245,3.4,13.6,8.3,8.9,1.9,1.5,8.4,18.5,1,0.8,1.8,0.084,-0.1,-1.2,-1.2,0.2
2015/2016,70000000,74571547.42,525093,Milwaukee Bucks,17,MIL,Wisconsin,East,Central,33,49,0.402,99,103.2,-3.98,Michael Carter-Williams,PG,24,2399040,2575018,54,37,30.5,4.6,10.3,0.452,0.3,1,0.273,4.4,9.3,0.472,0.466,2,3,0.654,0.9,4.2,5.1,5.2,1.5,0.8,2.8,3,11.5,1649,13.9,0.497,0.099,0.292,3.4,15.7,9.6,26.6,2.5,2.1,19.6,21.3,-0.4,1.6,1.2,0.035,-1.6,0.9,-0.8,0.5
2015/2016,70000000,74571547.42,525093,Sacramento Kings,26,SAC,California,West,Pacific,33,49,0.402,106.6,109.1,-2.32,Omri Casspi,PF,27,2836186,3044230,69,21,27.2,4.3,9,0.481,1.6,4,0.409,2.7,5,0.537,0.571,1.5,2.3,0.648,0.8,5.1,5.9,1.4,0.8,0.2,1.4,2.2,11.8,1880,13.9,0.587,0.441,0.256,3.4,20.1,11.8,7.5,1.4,0.7,12,17.8,2.1,1.5,3.6,0.092,0.3,-0.6,-0.3,0.8
2015/2016,70000000,74571547.42,525093,Sacramento Kings,26,SAC,California,West,Pacific,33,49,0.402,106.6,109.1,-2.32,Willie Cauley-Stein,C,22,3398280,3647556,66,39,21.4,2.9,5.1,0.563,0,0,0,2.9,5.1,0.567,0.563,1.2,1.9,0.648,2,3.3,5.3,0.6,0.7,1,0.7,2.2,7,1412,15.3,0.588,0.006,0.369,10.3,16.6,13.5,3.8,1.6,3.8,10.5,13.2,2.4,1.4,3.8,0.13,-0.8,1.5,0.7,1
2015/2016,70000000,74571547.42,525093,#N/A,#N/A,TOT,#N/A,#N/A,#N/A,#N/A,#N/A,#N/A,#N/A,#N/A,#N/A,Mario Chalmers,PG,29,4300000,4615421,61,7,22.5,3,7.3,0.41,0.8,2.4,0.309,2.2,4.8,0.461,0.462,3.6,4.3,0.832,0.4,2.2,2.6,3.8,1.4,0.2,1.8,3,10.3,1373,17.3,0.561,0.336,0.59,1.9,11.5,6.5,26.6,3.3,0.9,16.4,21.9,2.3,1.5,3.8,0.132,1.8,-0.3,1.5,1.2
2015/2016,70000000,74571547.42,525093,Miami Heat,16,MIA,Florida,East,Southeast,48,34,0.585,100,98.4,1.5,Mario Chalmers,PG,29,4300000,4615421,6,0,20,1.7,5.3,0.313,0.2,1.8,0.091,1.5,3.5,0.429,0.328,2,2.2,0.923,0.2,2.2,2.3,3.2,1.3,0.2,1.5,2.7,5.5,120,9.5,0.437,0.344,0.406,1,11.9,6.6,22.3,3.4,0.6,19.3,17.8,-0.1,0.2,0.1,0.038,-3.1,0.8,-2.3,0
2015/2016,70000000,74571547.42,525093,Memphis Grizzlies,15,MEM,Tennessee,West,Southwest,42,40,0.512,99.1,101.3,-2.14,Mario Chalmers,PG,29,4300000,4615421,55,7,22.8,3.1,7.5,0.417,0.8,2.5,0.326,2.3,5,0.464,0.472,3.7,4.5,0.827,0.4,2.2,2.6,3.8,1.5,0.2,1.8,3,10.8,1253,18,0.57,0.335,0.604,2,11.4,6.5,27,3.3,0.9,16.2,22.3,2.4,1.3,3.7,0.141,2.3,-0.4,1.9,1.2
2015/2016,70000000,74571547.42,525093,Phoenix Suns,24,PHO,Arizona,West,Pacific,23,59,0.28,100.9,107.5,-6.32,Tyson Chandler,C,33,13000000,13953599,66,60,24.5,2.8,4.8,0.583,0,0,0,2.8,4.7,0.585,0.583,1.6,2.6,0.62,2.7,6.1,8.7,1,0.5,0.7,1.4,2.2,7.2,1618,14.7,0.606,0.003,0.545,11.5,27.5,19.3,6,1.1,2.2,19.3,12.7,2.1,1.6,3.8,0.112,-1.9,1.3,-0.5,0.6
2015/2016,70000000,74571547.42,525093,Indiana Pacers,12,IND,Indiana,East,Central,45,37,0.549,102.2,100.5,1.62,Rakeem Christmas,PF,24,1007026,1080895,1,0,6,2,2,1,0,0,,2,2,1,1,0,0,,1,0,1,0,0,0,0,1,4,6,32,1,0,0,18.3,0,9.1,0,0,0,0,14.7,0,0,0,0.343,9.7,-6.6,3.2,0
2015/2016,70000000,74571547.42,525093,Golden State Warriors,10,GSW,California,West,Pacific,73,9,0.89,114.9,104.1,10.38,Ian Clark,SG,24,947276,1016762,66,1,8.8,1.3,3.1,0.441,0.5,1.3,0.357,0.9,1.8,0.5,0.515,0.4,0.5,0.824,0.2,0.8,1,1,0.3,0.2,0.7,0.9,3.6,578,11.5,0.544,0.416,0.168,2.6,9.7,6.3,15.3,1.4,1.7,16.5,19.5,0.3,0.6,0.9,0.075,-1.8,-1.3,-3,-0.2
2015/2016,70000000,74571547.42,525093,Boston Celtics,2,BOS,Massachusetts,East,Atlantic,48,34,0.585,105.7,102.5,2.84,Coty Clarke,SF,23,61774,66305,3,0,2,0.7,1.3,0.5,0.7,0.7,1,0,0.7,0,0.75,0,0,,0,0.3,0.3,0,0,0,0.3,0,2,6,23.9,0.75,0.5,0,0,18,8.8,0,0,0,20,35.5,0,0,0,0.025,0.2,-9.7,-9.5,0
2015/2016,70000000,74571547.42,525093,Los Angeles Lakers,14,LAL,California,West,Pacific,17,65,0.207,97.3,106.9,-8.92,Jordan Clarkson,SG,23,845059,907047,79,79,32.3,6,13.9,0.433,1.4,4.1,0.347,4.6,9.8,0.468,0.483,2.1,2.6,0.804,1.2,2.8,4,2.4,1.1,0.1,1.7,2.1,15.5,2552,14.3,0.516,0.291,0.186,3.8,9.6,6.6,13.8,1.7,0.2,10.2,22.8,1.7,0.4,2.1,0.039,0.6,-2,-1.4,0.4
2015/2016,70000000,74571547.42,525093,New Orleans Pelicans,19,NOP,Louisiana,West,Southwest,30,52,0.366,102.7,106.5,-3.56,Norris Cole,PG,27,3203780,3438789,45,23,26.6,4.4,10.8,0.405,0.7,2.3,0.324,3.6,8.5,0.427,0.439,1.2,1.4,0.8,0.2,3.1,3.4,3.7,0.8,0.1,1.7,2.3,10.6,1198,10.8,0.465,0.211,0.134,0.9,13.5,7,22,1.5,0.3,12.8,21.7,-0.6,0.5,-0.1,-0.004,-2.4,-1.4,-3.7,-0.5
2015/2016,70000000,74571547.42,525093,Sacramento Kings,26,SAC,California,West,Pacific,33,49,0.402,106.6,109.1,-2.32,Darren Collison,PG,28,5013559,5381322,74,15,30,5.1,10.5,0.486,1.2,2.9,0.401,3.9,7.6,0.519,0.542,2.6,3.1,0.858,0.4,1.9,2.3,4.3,1,0.1,1.8,1.9,14,2219,15.9,0.591,0.28,0.291,1.4,6.8,4.1,21.7,1.6,0.1,12.9,19.2,4.5,0.7,5.2,0.113,1.8,-2.2,-0.4,0.9
2015/2016,70000000,74571547.42,525093,Oklahoma City Thunder,21,OKC,Oklahoma,West,Northwest,55,27,0.671,110.2,102.9,7.09,Nick Collison,PF,35,3750000,4025076,59,4,11.8,0.8,1.8,0.459,0,0,0,0.8,1.8,0.467,0.459,0.4,0.6,0.697,1.2,1.7,2.9,0.9,0.3,0.3,0.8,1.8,2.1,699,7.7,0.498,0.018,0.303,11.2,15.2,13.3,9.6,1.1,1.7,28.8,10.6,0.1,0.7,0.8,0.053,-2.5,1.3,-1.2,0.1
2015/2016,70000000,74571547.42,525093,Memphis Grizzlies,15,MEM,Tennessee,West,Southwest,42,40,0.512,99.1,101.3,-2.14,Mike Conley,PG,28,9680000,10390064,56,56,31.4,5.3,12.4,0.422,1.4,3.8,0.363,3.9,8.6,0.449,0.478,3.4,4.1,0.834,0.5,2.5,2.9,6.1,1.2,0.3,1.5,1.8,15.3,1761,19.4,0.538,0.309,0.329,1.6,9.3,5.3,32.7,2,0.8,9.5,22.4,4.2,1.1,5.3,0.145,3.7,-1.9,1.7,1.7
2015/2016,70000000,74571547.42,525093,Portland Trail Blazers,25,POR,Oregon,West,Northwest,44,38,0.537,105.1,104.3,0.98,Pat Connaughton,SG,23,625093,670945,34,0,4.2,0.4,1.4,0.265,0.1,0.6,0.238,0.2,0.8,0.286,0.316,0.1,0.1,1,0.3,0.6,0.9,0.3,0.1,0,0.3,0.2,1.1,143,4.6,0.352,0.429,0.102,8.3,15.9,12.1,9.9,0.7,0,16.3,18.7,-0.3,0.1,-0.2,-0.076,-5.8,-2.4,-8.2,-0.2
2015/2016,70000000,74571547.42,525093,Milwaukee Bucks,17,MIL,Wisconsin,East,Central,33,49,0.402,99,103.2,-3.98,Chris Copeland,PF,31,1150000,1234356,24,1,6.5,0.7,2.1,0.333,0.4,1.5,0.278,0.3,0.6,0.467,0.431,0.3,0.3,0.857,0,0.4,0.4,0.5,0.1,0,0.3,0.7,2.1,156,5.4,0.462,0.706,0.137,0.7,6.5,3.7,10.3,0.7,0,10,17.3,-0.1,0,-0.1,-0.017,-2.5,-5.2,-7.7,-0.2
2015/2016,70000000,74571547.42,525093,#N/A,#N/A,TOT,#N/A,#N/A,#N/A,#N/A,#N/A,#N/A,#N/A,#N/A,#N/A,Bryce Cotton,PG,23,99418,106710,8,0,4.9,0.5,1.3,0.4,0,0.4,0,0.5,0.9,0.571,0.4,0,0,,0,0,0,0.4,0.4,0,0.6,0.3,1,39,1.7,0.4,0.3,0,0,0,0,10.8,3.7,0,33.3,16.5,-0.2,0,-0.1,-0.168,-9.3,-2.7,-12,-0.1
2015/2016,70000000,74571547.42,525093,Phoenix Suns,24,PHO,Arizona,West,Pacific,23,59,0.28,100.9,107.5,-6.32,Bryce Cotton,PG,23,99418,106710,3,0,11,0.7,2.7,0.25,0,1,0,0.7,1.7,0.4,0.25,0,0,,0,0,0,1,1,0,1.7,0.7,1.3,33,-3.3,0.25,0.375,0,0,0,0,12.7,4.4,0,38.5,16.8,-0.2,0,-0.2,-0.238,-12.2,-2.1,-14.3,-0.1
2015/2016,70000000,74571547.42,525093,Memphis Grizzlies,15,MEM,Tennessee,West,Southwest,42,40,0.512,99.1,101.3,-2.14,Bryce Cotton,PG,23,99418,106710,5,0,1.2,0.4,0.4,1,0,0,,0.4,0.4,1,1,0,0,,0,0,0,0,0,0,0,0,0.8,6,29.1,1,0,0,0,0,0,0,0,0,0,15,0,0,0,0.221,6.5,-6.1,0.4,0
2015/2016,70000000,74571547.42,525093,Sacramento Kings,26,SAC,California,West,Pacific,33,49,0.402,106.6,109.1,-2.32,DeMarcus Cousins,C,25,14728844,15809260,65,65,34.6,9.2,20.5,0.451,1.1,3.2,0.333,8.2,17.3,0.473,0.477,7.3,10.2,0.718,2.4,9.1,11.5,3.3,1.6,1.4,3.8,3.6,26.9,2246,23.6,0.538,0.158,0.498,7.7,28.2,18,17,2.2,3.3,13.3,35.4,2.4,3.3,5.7,0.122,1,1.6,2.6,2.6
2015/2016,70000000,74571547.42,525093,Philadelphia 76ers,23,PHI,Pennsylvania,East,Atlantic,10,72,0.122,97.4,107.6,-9.92,Robert Covington,SF,25,1000000,1073353,67,49,28.4,4.1,10.6,0.385,2.5,7.2,0.353,1.6,3.4,0.452,0.504,2.1,2.6,0.791,1,5.3,6.3,1.4,1.6,0.6,2.1,3.5,12.8,1903,13.2,0.543,0.677,0.249,3.6,20.9,12,8.4,2.7,1.6,15.3,21.5,-0.1,2.1,2,0.05,-0.2,0,-0.2,0.9
2015/2016,70000000,74571547.42,525093,Portland Trail Blazers,25,POR,Oregon,West,Northwest,44,38,0.537,105.1,104.3,0.98,Allen Crabbe,SG,23,947276,1016762,81,8,26,3.8,8.4,0.459,1.4,3.5,0.393,2.5,4.9,0.506,0.541,1.2,1.4,0.867,0.3,2.3,2.7,1.2,0.8,0.2,0.8,2.4,10.3,2105,12.2,0.572,0.42,0.167,1.4,9.7,5.6,7.2,1.5,0.6,8.1,16.4,3.1,1.2,4.3,0.098,0.4,-1.1,-0.7,0.7
2015/2016,70000000,74571547.42,525093,Los Angeles Clippers,13,LAC,California,West,Pacific,53,29,0.646,104.5,100.2,4.13,Jamal Crawford,SG,35,5675000,6091282,79,5,26.9,4.8,11.9,0.404,1.5,4.4,0.34,3.3,7.5,0.44,0.466,3.1,3.4,0.904,0.3,1.6,1.8,2.3,0.7,0.2,1.4,1.5,14.2,2126,14,0.529,0.366,0.289,1,6.3,3.7,14,1.2,0.4,9.6,24.9,1.8,1.5,3.3,0.076,-0.2,-2.4,-2.6,-0.3
2015/2016,70000000,74571547.42,525093,Boston Celtics,2,BOS,Massachusetts,East,Atlantic,48,34,0.585,105.7,102.5,2.84,Jae Crowder,SF,25,6796117,7294637,73,73,31.6,4.9,11.1,0.443,1.7,5,0.336,3.3,6.2,0.529,0.518,2.7,3.3,0.82,1,4.2,5.1,1.8,1.7,0.5,1.1,2.7,14.2,2308,15.8,0.565,0.446,0.294,3.2,14.2,8.6,8.9,2.7,1.2,8.3,18.5,3.8,3.5,7.3,0.152,1.5,1.3,2.8,2.8
2015/2016,70000000,74571547.42,525093,New Orleans Pelicans,19,NOP,Louisiana,West,Southwest,30,52,0.366,102.7,106.5,-3.56,Dante Cunningham,SF,28,2850000,3059058,80,46,24.6,2.3,5.2,0.451,0.7,2.2,0.316,1.6,3,0.55,0.518,0.7,1,0.695,0.7,2.2,3,1,0.5,0.4,0.5,2.2,6.1,1971,8.6,0.54,0.422,0.199,3.1,10.4,6.6,5.6,1.1,1.4,8.4,11,1.5,0.7,2.1,0.052,-1.1,-0.1,-1.2,0.4
2015/2016,70000000,74571547.42,525093,#N/A,#N/A,TOT,#N/A,#N/A,#N/A,#N/A,#N/A,#N/A,#N/A,#N/A,#N/A,Jared Cunningham,SG,24,1039074,1115293,44,3,9.3,0.8,2.4,0.343,0.3,0.9,0.308,0.5,1.5,0.364,0.4,0.8,1.3,0.655,0.1,0.8,0.9,0.5,0.3,0,0.5,0.9,2.7,410,5.9,0.464,0.371,0.524,0.8,9.6,5.3,6.9,1.8,0.4,14,16.5,-0.3,0.4,0.1,0.014,-4.6,-1.3,-5.9,-0.4
2015/2016,70000000,74571547.42,525093,Cleveland Cavaliers,6,CLE,Ohio,East,Central,57,25,0.695,104.3,98.3,5.45,Jared Cunningham,SG,24,1039074,1115293,40,3,8.9,0.8,2.3,0.352,0.3,0.8,0.313,0.6,1.5,0.373,0.407,0.8,1.2,0.625,0.1,0.7,0.7,0.5,0.3,0.1,0.5,0.9,2.6,355,5.9,0.464,0.352,0.527,1,8.2,4.6,7.6,1.7,0.5,13.8,16.6,-0.2,0.4,0.1,0.018,-4.4,-1,-5.4,-0.3
2015/2016,70000000,74571547.42,525093,Milwaukee Bucks,17,MIL,Wisconsin,East,Central,33,49,0.402,99,103.2,-3.98,Jared Cunningham,SG,24,1039074,1115293,4,0,13.8,1,3.5,0.286,0.5,1.8,0.286,0.5,1.8,0.286,0.357,1.5,1.8,0.857,0,2.3,2.3,0.3,0.5,0,0.8,1,4,55,5.8,0.468,0.5,0.5,0,18.5,9.3,2.5,1.9,0,14.9,16.4,-0.1,0,0,-0.012,-5.7,-3.2,-8.9,-0.1
2015/2016,70000000,74571547.42,525093,Sacramento Kings,26,SAC,California,West,Pacific,33,49,0.402,106.6,109.1,-2.32,Seth Curry,PG,25,947276,1016762,44,9,15.7,2.3,5.1,0.455,1.1,2.5,0.45,1.2,2.6,0.46,0.567,1,1.2,0.833,0.2,1.2,1.4,1.5,0.5,0.1,0.8,0.9,6.8,692,13.8,0.603,0.496,0.241,1.4,7.9,4.7,14.2,1.5,0.4,12.7,17.4,1.2,0.2,1.4,0.097,0.9,-2.4,-1.5,0.1
2015/2016,70000000,74571547.42,525093,Golden State Warriors,10,GSW,California,West,Pacific,73,9,0.89,114.9,104.1,10.38,Stephen Curry,PG,27,11370786,12204876,79,79,34.2,10.2,20.2,0.504,5.1,11.2,0.454,5.1,9,0.566,0.63,4.6,5.1,0.908,0.9,4.6,5.4,6.7,2.1,0.2,3.3,2,30.1,2700,31.5,0.669,0.554,0.25,2.9,13.6,8.6,33.7,3,0.4,12.9,32.6,13.8,4.1,17.9,0.318,12.4,0.1,12.5,9.8
2015/2016,70000000,74571547.42,525093,Charlotte Hornets,4,CHO,North Carolina,East,Southeast,48,34,0.585,103.4,100.7,2.36,Troy Daniels,SG,24,947276,1016762,43,0,11.1,2.1,4.3,0.476,1.4,2.8,0.484,0.7,1.5,0.462,0.634,0.1,0.2,0.556,0.2,1.2,1.3,0.5,0.3,0.1,0.6,0.9,5.6,476,14.9,0.634,0.652,0.048,1.6,11.6,6.5,7.6,1.2,0.5,11.2,20.4,0.6,0.4,1.1,0.11,1.6,-2.7,-1.1,0.1
2015/2016,70000000,74571547.42,525093,New Orleans Pelicans,19,NOP,Louisiana,West,Southwest,30,52,0.366,102.7,106.5,-3.56,Anthony Davis,C,22,7070730,7589394,61,61,35.5,9.2,18.6,0.493,0.6,1.8,0.324,8.6,16.9,0.511,0.508,5.3,7,0.758,2.1,8.1,10.3,1.9,1.3,2,2,2.4,24.3,2164,25,0.559,0.095,0.379,6.4,26.4,16.1,10,1.8,4.7,8.4,29.6,4.4,2.8,7.2,0.16,1,1.2,2.2,2.3
2015/2016,70000000,74571547.42,525093,Portland Trail Blazers,25,POR,Oregon,West,Northwest,44,38,0.537,105.1,104.3,0.98,Ed Davis,PF,26,6980802,7492870,81,0,20.8,2.5,4.2,0.611,0,0,,2.5,4.2,0.611,0.611,1.4,2.5,0.559,2.8,4.6,7.4,1.1,0.7,0.9,0.8,2.5,6.5,1684,18.7,0.616,0,0.605,14.4,24.2,19.3,7.7,1.7,3.3,13,12.7,4.4,2.3,6.7,0.192,0.8,2.5,3.3,2.3
2015/2016,70000000,74571547.42,525093,Los Angeles Clippers,13,LAC,California,West,Pacific,53,29,0.646,104.5,100.2,4.13,Branden Dawson,PF,22,525093,563610,6,0,4.8,0.3,0.8,0.4,0,0,,0.3,0.8,0.4,0.4,0.2,0.2,1,0.3,0.3,0.7,0,0,0.2,0,0.3,0.8,29,7.1,0.46,0,0.2,7.6,7.4,7.5,0,0,2.7,0,8.5,0,0,0,0.069,-4.9,-1.7,-6.6,0
2015/2016,70000000,74571547.42,525093,Orlando Magic,22,ORL,Florida,East,Southeast,35,47,0.427,102.1,103.7,-1.68,Dewayne Dedmon,C,26,947276,1016762,58,20,12.2,1.7,3.1,0.559,0,0,,1.7,3.1,0.559,0.559,1,1.3,0.75,1.2,2.8,3.9,0.2,0.4,0.8,0.6,1.9,4.4,705,17,0.606,0,0.429,10.4,25.7,17.9,2.7,1.6,5.4,13.2,15.2,1.2,1.1,2.4,0.162,-2.6,1.3,-1.3,0.1
2015/2016,70000000,74571547.42,525093,New Orleans Pelicans,19,NOP,Louisiana,West,Southwest,30,52,0.366,102.7,106.5,-3.56,Bryce Dejean-Jones,SG,23,61775,66306,14,11,19.9,2,4.9,0.406,0.9,2.3,0.375,1.1,2.6,0.432,0.493,0.8,1.5,0.524,0.6,2.9,3.4,1.1,0.7,0.1,0.8,1.2,5.6,279,9.6,0.505,0.464,0.304,3.1,16.5,9.5,7.7,1.8,0.6,12.3,14.1,0,0.2,0.2,0.033,-2.2,-0.4,-2.6,0
2015/2016,70000000,74571547.42,525093,Houston Rockets,11,HOU,Texas,West,Southwest,41,41,0.5,106.5,106.4,0.34,Sam Dekker,PF,21,1646400,1767169,3,0,2,0,0,,0,0,,0,0,,,0,0,,0,0.3,0.3,0,0.3,0,0,0,0,6,10.8,,,,0,18.5,9.2,0,8.2,0,,0,0,0,0,0.116,-5.3,5.8,0.5,0
2015/2016,70000000,74571547.42,525093,Cleveland Cavaliers,6,CLE,Ohio,East,Central,57,25,0.695,104.3,98.3,5.45,Matthew Dellavedova,PG,25,1347276,1446103,76,14,24.6,2.7,6.7,0.405,1.3,3.1,0.41,1.4,3.6,0.401,0.501,0.8,0.9,0.864,0.4,1.7,2.1,4.4,0.6,0.1,1.5,2.3,7.5,1867,11.3,0.527,0.468,0.129,2,7.8,4.9,26.2,1.2,0.4,17.7,15.9,2.2,1.6,3.8,0.098,-0.2,-1.4,-1.6,0.2
2015/2016,70000000,74571547.42,525093,Miami Heat,16,MIA,Florida,East,Southeast,48,34,0.585,100,98.4,1.5,Luol Deng,PF,30,10151612,10896271,74,73,32.4,4.6,10.1,0.455,1.2,3.5,0.344,3.4,6.6,0.513,0.514,2,2.6,0.755,1.5,4.5,6,1.9,1,0.4,1.1,1.6,12.3,2394,15,0.549,0.344,0.258,5.3,15.4,10.5,9,1.6,0.9,8.9,17.4,3.5,2.8,6.4,0.128,1.3,0.6,1.9,2.3
2015/2016,70000000,74571547.42,525093,Toronto Raptors,28,TOR,Ontario,East,Atlantic,56,26,0.683,102.7,98.2,4.08,DeMar DeRozan,SG,26,9500000,10196860,78,78,35.9,7.9,17.7,0.446,0.6,1.8,0.338,7.3,15.9,0.458,0.463,7.1,8.4,0.85,0.8,3.7,4.5,4,1,0.3,2.2,2.1,23.5,2804,21.5,0.55,0.101,0.474,2.7,11.5,7.1,20.8,1.5,0.6,9.5,29.8,7.5,2.4,9.9,0.169,2.7,-1.2,1.4,2.4
2015/2016,70000000,74571547.42,525093,San Antonio Spurs,27,SAS,Texas,West,Southwest,67,15,0.817,103.5,92.9,10.28,Boris Diaw,PF,33,7500000,8050153,76,4,18.2,2.7,5,0.527,0.3,0.9,0.362,2.3,4.1,0.564,0.56,0.7,1,0.737,0.8,2.3,3.1,2.3,0.3,0.3,1.3,1.3,6.4,1386,14,0.582,0.18,0.198,4.9,13.9,9.6,18.4,1,1.2,18.9,17,1.6,2.2,3.8,0.132,-0.1,1.4,1.2,1.1
2015/2016,70000000,74571547.42,525093,Minnesota Timberwolves,18,MIN,Minnesota,West,Northwest,29,53,0.354,102.4,106,-3.38,Gorgui Dieng,C,26,1474440,1582595,82,39,27.1,3.8,7.1,0.532,0.1,0.2,0.3,3.7,6.8,0.54,0.537,2.5,3,0.827,1.9,5.2,7.1,1.7,1.1,1.2,1.7,2.7,10.1,2220,17.1,0.601,0.035,0.428,8.3,22.1,15.3,10.1,2.1,3.5,16.9,16.7,3.4,2.5,5.9,0.127,0,2.4,2.4,2.5
2015/2016,70000000,74571547.42,525093,Detroit Pistons,9,DET,Michigan,East,Central,44,38,0.537,102,101.4,0.43,Spencer Dinwiddie,PG,22,845059,907047,12,0,13.3,1.6,4.5,0.352,0.1,0.8,0.1,1.5,3.7,0.409,0.361,1.6,2.8,0.576,0.3,1.1,1.4,1.8,0.3,0,0.6,1.7,4.8,159,8.9,0.423,0.185,0.611,2.6,9.3,5.8,20.9,1,0,9.3,20.7,0,0.1,0.1,0.028,-3.1,-2,-5.1,-0.1
2015/2016,70000000,74571547.42,525093,New Orleans Pelicans,19,NOP,Louisiana,West,Southwest,30,52,0.366,102.7,106.5,-3.56,Toney Douglas,PG,29,2971568,3189542,61,18,20.7,3,7.3,0.411,1.3,3.3,0.399,1.7,4,0.421,0.502,1.4,1.6,0.848,0.4,1.9,2.3,2.6,1.1,0.1,1,2.1,8.7,1262,14.7,0.543,0.456,0.222,2.1,10.7,6.3,19.1,2.8,0.3,11.6,19.4,1.6,0.9,2.5,0.094,1.4,-0.9,0.5,0.8
2015/2016,70000000,74571547.42,525093,Miami Heat,16,MIA,Florida,East,Southeast,48,34,0.585,100,98.4,1.5,Goran Dragic,PG,29,14783000,15867388,72,72,32.8,5.8,12.2,0.477,0.9,2.8,0.312,4.9,9.3,0.527,0.513,1.7,2.3,0.727,0.8,3.1,3.8,5.8,1,0.2,2.6,2.6,14.1,2363,15.5,0.537,0.234,0.189,2.7,10.4,6.6,28.7,1.5,0.6,16.3,21.9,2.4,2.3,4.7,0.096,1.3,-0.6,0.7,1.6
2015/2016,70000000,74571547.42,525093,Detroit Pistons,9,DET,Michigan,East,Central,44,38,0.537,102,101.4,0.43,Andre Drummond,C,22,3272090,3512110,81,81,32.9,6.8,13.1,0.521,0,0.1,0.333,6.8,13,0.522,0.522,2.6,7.2,0.355,4.9,9.9,14.8,0.8,1.5,1.4,1.9,3,16.2,2666,21.2,0.499,0.006,0.553,15.6,34.2,24.5,4.4,2.3,3.2,10.5,24.1,2,5.5,7.4,0.133,-2.1,1.6,-0.5,1
2015/2016,70000000,74571547.42,525093,Washington Wizards,30,WAS,Washington DC,East,Southeast,41,41,0.5,104.1,104.6,-0.5,Jared Dudley,PF,30,4250000,4561753,81,41,25.9,2.9,6,0.478,1.2,2.9,0.42,1.6,3.1,0.534,0.581,0.9,1.2,0.735,0.7,2.9,3.5,2.1,0.9,0.2,1,2.3,7.9,2098,11.7,0.602,0.489,0.201,2.8,12.6,7.6,11.4,1.7,0.7,13.1,12.7,2.6,2,4.6,0.105,0.3,0.6,1,1.6
2015/2016,70000000,74571547.42,525093,Sacramento Kings,26,SAC,California,West,Pacific,33,49,0.402,106.6,109.1,-2.32,Duje Dukan,SF,24,525093,563610,1,0,24,2,10,0.2,2,5,0.4,0,5,0,0.3,0,0,,2,2,4,1,1,0,0,2,6,24,4.2,0.3,0.5,0,9.1,9,9,5.6,2,0,0,17.7,0,0,0,-0.057,-3.9,-2.8,-6.7,0
2015/2016,70000000,74571547.42,525093,San Antonio Spurs,27,SAS,Texas,West,Southwest,67,15,0.817,103.5,92.9,10.28,Tim Duncan,C,39,5250000,5635107,61,60,25.2,3.5,7.2,0.488,0,0,0,3.5,7.2,0.49,0.488,1.5,2.1,0.702,1.9,5.4,7.3,2.7,0.8,1.3,1.5,2,8.6,1536,16.9,0.523,0.005,0.297,8.8,23.8,16.6,15.3,1.6,3.9,15.3,17.6,1.6,3.6,5.2,0.163,-0.8,5,4.1,2.4
2015/2016,70000000,74571547.42,525093,Chicago Bulls,5,CHI,Illinois,East,Central,42,40,0.512,101.6,103.1,-1.46,Mike Dunleavy,SF,35,4837500,5192348,31,30,22.7,2.5,6.1,0.41,1.3,3.2,0.394,1.2,2.9,0.427,0.513,0.9,1.2,0.784,0.3,2.4,2.7,1.3,0.5,0.3,0.8,2.1,7.2,703,9.1,0.543,0.527,0.197,1.2,11,6.2,8.1,1,1,11.3,14.4,0.4,0.5,0.9,0.063,-1.2,-0.9,-2.1,0
2015/2016,70000000,74571547.42,525093,Oklahoma City Thunder,21,OKC,Oklahoma,West,Northwest,55,27,0.671,110.2,102.9,7.09,Kevin Durant,SF,27,21971850,23583568,72,72,35.8,9.7,19.2,0.505,2.6,6.7,0.387,7.1,12.5,0.569,0.573,6.2,6.9,0.898,0.6,7.6,8.2,5,1,1.2,3.5,1.9,28.2,2578,28.2,0.634,0.348,0.361,2,21.8,12.4,24.2,1.3,2.5,13.5,30.6,11,3.5,14.5,0.27,7,0.9,7.9,6.4
2015/2016,70000000,74571547.42,525093,New York Knicks,20,NYK,New York,East,Atlantic,32,50,0.39,98.4,101.1,-2.74,Cleanthony Early,SF,24,845059,907047,17,2,9.1,0.7,2.4,0.3,0.2,0.9,0.267,0.5,1.5,0.32,0.35,0.2,0.2,0.75,0.2,1.3,1.5,0.4,0.1,0.2,0.5,0.9,1.8,154,2.2,0.371,0.375,0.1,2.9,15.4,9.2,5.7,0.7,1.5,17.7,14.9,-0.3,0.1,-0.2,-0.075,-7.1,-1.1,-8.2,-0.2
2015/2016,70000000,74571547.42,525093,Washington Wizards,30,WAS,Washington DC,East,Southeast,41,41,0.5,104.1,104.6,-0.5,Jarell Eddie,SF,24,349032,374634,26,0,5.7,0.8,2.5,0.308,0.6,1.8,0.319,0.2,0.7,0.278,0.423,0.3,0.3,1,0.1,0.8,0.9,0.2,0.2,0,0,0.2,2.4,147,11,0.46,0.723,0.123,1.5,16.3,8.8,5,1.7,0.6,1.4,20.7,0,0.1,0.1,0.046,-1.5,-3.2,-4.7,-0.1
2015/2016,70000000,74571547.42,525093,Brooklyn Nets,3,BRK,New York,East,Atlantic,21,61,0.256,98.6,106,-7.12,Wayne Ellington,SG,28,1500000,1610030,76,41,21.3,2.9,7.4,0.389,1.3,3.5,0.358,1.6,3.9,0.416,0.474,0.7,0.8,0.857,0.3,2,2.3,1.1,0.6,0.1,0.6,1.1,7.7,1615,10.1,0.498,0.478,0.112,1.4,10.9,6.1,7.8,1.5,0.3,7.1,17.5,0.5,0.3,0.8,0.025,-0.9,-2.3,-3.2,-0.5
2015/2016,70000000,74571547.42,525093,Indiana Pacers,12,IND,Indiana,East,Central,45,37,0.549,102.2,100.5,1.62,Monta Ellis,SG,30,10300000,11055543,81,81,33.8,5.4,12.6,0.427,1.1,3.5,0.309,4.3,9.1,0.472,0.47,2,2.5,0.786,0.5,2.8,3.3,4.7,1.9,0.5,2.5,2.1,13.8,2734,13.7,0.504,0.276,0.202,1.7,9.1,5.4,22.2,2.7,1.1,15.4,21.2,0.4,3.9,4.3,0.075,-0.6,0.9,0.3,1.6
2015/2016,70000000,74571547.42,525093,#N/A,#N/A,TOT,#N/A,#N/A,#N/A,#N/A,#N/A,#N/A,#N/A,#N/A,#N/A,James Ennis,SF,25,944477,1013757,22,5,15,2.5,5.1,0.478,1.2,2.6,0.448,1.3,2.5,0.509,0.593,1.1,1.5,0.735,1,1,1.9,1,0.7,0.2,0.9,1.3,7.2,329,17.8,0.621,0.513,0.301,6.9,7.4,7.1,10.1,2.4,1.3,12.9,19.8,0.7,0.2,0.9,0.133,3.4,-1,2.4,0.4
2015/2016,70000000,74571547.42,525093,Miami Heat,16,MIA,Florida,East,Southeast,48,34,0.585,100,98.4,1.5,James Ennis,SF,25,944477,1013757,3,0,2.3,0,0,,0,0,,0,0,,,0,0,,0,0,0,0.3,0,0,0,0.3,0,7,2.4,,,,0,0,0,18,0,0,,0,0,0,0,0.07,-6.1,-4.5,-10.6,0
2015/2016,70000000,74571547.42,525093,Memphis Grizzlies,15,MEM,Tennessee,West,Southwest,42,40,0.512,99.1,101.3,-2.14,James Ennis,SF,25,944477,1013757,10,0,4,0.4,1.3,0.308,0.2,0.8,0.25,0.2,0.5,0.4,0.385,0.6,1,0.6,0.4,0.3,0.7,0.2,0.4,0.2,0.2,0.1,1.6,40,18.3,0.46,0.615,0.769,10.9,8.9,10,7.6,5.1,4.6,10.3,21.8,0,0.1,0.1,0.1,1,1.9,2.8,0
2015/2016,70000000,74571547.42,525093,New Orleans Pelicans,19,NOP,Louisiana,West,Southwest,30,52,0.366,102.7,106.5,-3.56,James Ennis,SF,25,944477,1013757,9,5,31.3,5.6,11.1,0.5,2.7,5.6,0.48,2.9,5.6,0.52,0.62,2.1,2.7,0.792,1.9,2,3.9,2,1.3,0.3,1.9,2.9,15.9,282,18.1,0.647,0.5,0.24,6.5,7.3,6.9,10.3,2.1,0.9,13.3,20,0.7,0.1,0.8,0.139,4,-1.3,2.7,0.3
2015/2016,70000000,74571547.42,525093,Milwaukee Bucks,17,MIL,Wisconsin,East,Central,33,49,0.402,99,103.2,-3.98,Tyler Ennis,PG,21,1662360,1784300,46,7,14.2,1.8,4.1,0.449,0.3,0.8,0.333,1.5,3.2,0.48,0.484,0.5,0.7,0.735,0.3,1.3,1.6,2.1,0.5,0,1,1.4,4.5,654,10.7,0.51,0.209,0.182,2.3,10.7,6.6,21.9,1.9,0.1,18.6,17.1,0.1,0.3,0.4,0.03,-2.4,-2.3,-4.8,-0.5
2015/2016,70000000,74571547.42,525093,Dallas Mavericks,7,DAL,Texas,West,Southwest,42,40,0.512,102.3,102.6,-0.02,Jeremy Evans,SF,28,1185784,1272765,30,2,8.4,0.9,1.6,0.542,0.1,0.5,0.25,0.7,1.1,0.688,0.583,0.5,0.7,0.714,0.4,1.4,1.8,0.1,0.2,0.3,0.2,0.6,2.4,251,12.6,0.62,0.333,0.438,4.8,18.8,11.8,1.2,1.2,3,10.9,11.7,0.3,0.3,0.6,0.119,-2.8,0.2,-2.6,0
2015/2016,70000000,74571547.42,525093,New Orleans Pelicans,19,NOP,Louisiana,West,Southwest,30,52,0.366,102.7,106.5,-3.56,Tyreke Evans,SG,26,10734586,11522008,25,25,30.6,5.4,12.6,0.433,1.3,3.4,0.388,4.1,9.2,0.45,0.486,3,3.7,0.796,0.8,4.4,5.2,6.6,1.3,0.3,2.9,2.6,15.2,765,17.9,0.534,0.271,0.296,2.8,16.4,9.3,34.6,2.1,0.9,17.1,24.7,0.8,0.6,1.4,0.087,1.7,0,1.7,0.7
2015/2016,70000000,74571547.42,525093,Golden State Warriors,10,GSW,California,West,Pacific,73,9,0.89,114.9,104.1,10.38,Festus Ezeli,C,26,2008748,2156097,46,13,16.7,2.7,5,0.548,0,0,,2.7,5,0.548,0.548,1.5,2.9,0.53,2,3.6,5.6,0.7,0.4,1.1,0.8,2,7,770,17.7,0.559,0,0.579,13.5,21.9,18,5.8,1.1,4.8,11.7,18.2,1.4,1.3,2.7,0.171,-1.5,1.4,-0.1,0.4
2015/2016,70000000,74571547.42,525093,Denver Nuggets,8,DEN,Colorado,West,Northwest,33,49,0.402,101.9,105,-2.81,Kenneth Faried,PF,26,11235955,12060154,67,64,25.3,5.2,9.3,0.558,0,0,0.5,5.2,9.3,0.558,0.558,2,3.3,0.613,3.5,5.2,8.7,1.2,0.5,0.9,1.4,2.5,12.5,1694,21,0.577,0.003,0.355,15.1,23,19,8.1,0.9,2.9,11.2,21,4,1.5,5.5,0.156,1,-0.1,0.9,1.2
2015/2016,70000000,74571547.42,525093,Memphis Grizzlies,15,MEM,Tennessee,West,Southwest,42,40,0.512,99.1,101.3,-2.14,Jordan Farmar,PG,29,2291455,2459540,12,10,24.3,3.5,8.3,0.42,1.3,3.8,0.356,2.2,4.6,0.473,0.5,0.8,0.8,1,0.3,1.8,2.1,3.1,1.3,0.2,1.5,1.8,9.2,291,13.2,0.527,0.45,0.1,1.5,8.6,4.9,20.6,2.7,0.6,14.7,18.9,0.2,0.2,0.4,0.064,0.2,-1.4,-1.2,0.1
2015/2016,70000000,74571547.42,525093,Utah Jazz,29,UTA,Utah,West,Northwest,40,42,0.488,97.7,95.9,1.84,Derrick Favors,PF,24,12000000,12880245,62,59,32,6.7,13.1,0.515,0,0.1,0,6.7,13,0.518,0.515,2.9,4.1,0.709,2.7,5.4,8.1,1.5,1.2,1.5,1.7,2.4,16.4,1983,21.6,0.551,0.005,0.313,10,19.6,14.8,8.9,2,3.9,10.1,23.9,3.8,3.4,7.1,0.173,0.4,2.3,2.7,2.3
2015/2016,70000000,74571547.42,525093,Chicago Bulls,5,CHI,Illinois,East,Central,42,40,0.512,101.6,103.1,-1.46,Cristiano Felicio,C,23,525093,563610,31,4,10.4,1.3,2.3,0.556,0,0.1,0,1.3,2.2,0.588,0.556,0.8,1.1,0.714,1,2.3,3.3,0.8,0.2,0.4,0.4,1,3.4,321,17.6,0.601,0.056,0.486,10,23.1,16.7,12.1,0.9,3,12.9,13.7,0.7,0.4,1.2,0.175,-0.5,1.4,0.9,0.2
2015/2016,70000000,74571547.42,525093,Dallas Mavericks,7,DAL,Texas,West,Southwest,42,40,0.512,102.3,102.6,-0.02,Raymond Felton,PG,31,4540000,4873026,80,31,27.4,3.5,8.5,0.406,0.8,2.7,0.282,2.7,5.9,0.463,0.45,1.9,2.2,0.847,0.5,2.8,3.2,3.6,0.9,0.2,1.5,1.8,9.5,2192,11.9,0.502,0.312,0.258,1.8,11.1,6.5,20.3,1.6,0.6,13.7,18.4,1,1.7,2.7,0.059,-1.1,0.2,-0.9,0.6
2015/2016,70000000,74571547.42,525093,Orlando Magic,22,ORL,Florida,East,Southeast,35,47,0.427,102.1,103.7,-1.68,Evan Fournier,SF,23,2288204,2456052,79,71,32.5,5.4,11.8,0.462,2,4.9,0.4,3.5,6.8,0.506,0.546,2.5,3,0.836,0.4,2.4,2.8,2.7,1.2,0,1.7,2.7,15.4,2566,14.6,0.587,0.42,0.256,1.4,8.4,4.9,12.8,1.9,0.1,11.4,20.1,4,1.7,5.7,0.106,2.1,-1.5,0.7,1.7
2015/2016,70000000,74571547.42,525093,#N/A,#N/A,TOT,#N/A,#N/A,#N/A,#N/A,#N/A,#N/A,#N/A,#N/A,#N/A,Randy Foye,SG,32,3135000,3364964,81,8,20.3,2.1,6,0.351,0.9,3.1,0.3,1.2,2.9,0.405,0.428,0.8,0.9,0.824,0.3,1.6,1.9,2,0.5,0.4,1.1,1.6,5.9,1642,7.6,0.461,0.519,0.154,1.6,8.8,5.2,14.1,1.2,1.4,14.3,15.9,-0.4,0.9,0.4,0.012,-2.3,-1.3,-3.6,-0.6
2015/2016,70000000,74571547.42,525093,Denver Nuggets,8,DEN,Colorado,West,Northwest,33,49,0.402,101.9,105,-2.81,Randy Foye,SG,32,3135000,3364964,54,7,19.8,2.2,6.2,0.351,0.9,3.1,0.296,1.2,3,0.409,0.426,0.7,0.9,0.83,0.3,1.6,1.9,2.1,0.5,0.3,1.1,1.5,6,1070,7.8,0.457,0.508,0.141,1.6,9.4,5.4,15.6,1.2,1.2,14.1,16.8,-0.5,0.4,0,-0.002,-2.5,-1.6,-4.1,-0.6
2015/2016,70000000,74571547.42,525093,Oklahoma City Thunder,21,OKC,Oklahoma,West,Northwest,55,27,0.671,110.2,102.9,7.09,Randy Foye,SG,32,3135000,3364964,27,1,21.2,1.9,5.5,0.349,0.9,3,0.309,1,2.5,0.397,0.433,0.8,1,0.815,0.3,1.6,1.9,1.8,0.5,0.5,1,1.8,5.6,572,7.1,0.469,0.544,0.181,1.6,7.8,4.9,11.3,1.1,1.7,14.8,14.1,0,0.4,0.4,0.038,-1.9,-0.6,-2.5,-0.1
2015/2016,70000000,74571547.42,525093,#N/A,#N/A,TOT,#N/A,#N/A,#N/A,#N/A,#N/A,#N/A,#N/A,#N/A,#N/A,Tim Frazier,PG,25,989216,1061778,51,2,14.5,1.9,4.5,0.419,0.3,0.9,0.333,1.6,3.5,0.442,0.454,1,1.5,0.716,0.5,1.6,2.2,3.2,0.6,0,1.3,1.4,5.1,741,13.9,0.499,0.21,0.323,3.8,12.8,8.2,33.3,2.2,0.2,19.9,19.4,0.4,0.5,1,0.062,-0.7,-0.7,-1.3,0.1
2015/2016,70000000,74571547.42,525093,Portland Trail Blazers,25,POR,Oregon,West,Northwest,44,38,0.537,105.1,104.3,0.98,Tim Frazier,PG,25,989216,1061778,35,1,7.8,0.6,1.7,0.333,0.1,0.5,0.176,0.5,1.2,0.395,0.358,0.2,0.4,0.533,0.3,0.8,1.1,1.2,0.3,0,0.8,0.9,1.5,272,4.7,0.383,0.283,0.25,4.4,11.2,7.8,21.3,1.8,0.3,28.8,15,-0.5,0.2,-0.3,-0.051,-5.7,-0.6,-6.3,-0.3
2015/2016,70000000,74571547.42,525093,New Orleans Pelicans,19,NOP,Louisiana,West,Southwest,30,52,0.366,102.7,106.5,-3.56,Tim Frazier,PG,25,989216,1061778,16,1,29.3,4.8,10.6,0.45,0.8,1.9,0.419,3.9,8.6,0.457,0.488,2.8,3.7,0.763,0.9,3.5,4.4,7.5,1.4,0.1,2.4,2.6,13.1,469,19.1,0.539,0.183,0.349,3.4,13.7,8.4,40.3,2.4,0.2,16.3,22,0.9,0.3,1.2,0.128,2.2,-0.7,1.5,0.4
2015/2016,70000000,74571547.42,525093,#N/A,#N/A,TOT,#N/A,#N/A,#N/A,#N/A,#N/A,#N/A,#N/A,#N/A,#N/A,Jimmer Fredette,SG,26,625167,671024,6,0,3,0.3,0.8,0.4,0.2,0.3,0.5,0.2,0.5,0.333,0.5,0.7,0.8,0.8,0,0,0,0.2,0.2,0,0.3,0.3,1.5,18,12,0.625,0.4,1,0,0,0,7.7,2.8,0,21.7,22.8,0,0,0,0,-2.3,-5.3,-7.5,0
2015/2016,70000000,74571547.42,525093,New Orleans Pelicans,19,NOP,Louisiana,West,Southwest,30,52,0.366,102.7,106.5,-3.56,Jimmer Fredette,SG,26,625167,671024,4,0,3.3,0.3,1,0.25,0,0.3,0,0.3,0.8,0.333,0.25,0,0,,0,0,0,0.3,0.3,0,0.3,0.3,0.5,13,-1.6,0.25,0.25,0,0,0,0,10.7,3.8,0,20,17,-0.1,0,-0.1,-0.198,-10.6,-3.1,-13.8,0
2015/2016,70000000,74571547.42,525093,New York Knicks,20,NYK,New York,East,Atlantic,32,50,0.39,98.4,101.1,-2.74,Jimmer Fredette,SG,26,625167,671024,2,0,2.5,0.5,0.5,1,0.5,0.5,1,0,0,,1.5,2,2.5,0.8,0,0,0,0,0,0,0.5,0.5,3.5,5,47.4,1.094,1,5,0,0,0,0,0,0,23.8,38,0.1,0,0.1,0.514,19.5,-10.7,8.8,0
2015/2016,70000000,74571547.42,525093,#N/A,#N/A,TOT,#N/A,#N/A,#N/A,#N/A,#N/A,#N/A,#N/A,#N/A,#N/A,Channing Frye,PF-C,32,8193029,8794018,70,32,17.1,2.2,5,0.438,1.3,3.4,0.387,0.9,1.6,0.545,0.569,0.4,0.5,0.857,0.5,2.8,3.3,1,0.4,0.4,0.6,1.8,6.1,1200,12.9,0.586,0.677,0.101,3.2,18.6,10.9,8.7,1.2,1.9,10.6,15.1,1.6,1.3,3,0.119,0.5,0,0.5,0.7
2015/2016,70000000,74571547.42,525093,Orlando Magic,22,ORL,Florida,East,Southeast,35,47,0.427,102.1,103.7,-1.68,Channing Frye,PF,32,8193029,8794018,44,29,17.1,1.8,4.2,0.435,1.1,2.8,0.397,0.8,1.5,0.508,0.565,0.4,0.5,0.905,0.5,2.7,3.2,1,0.5,0.5,0.7,1.6,5.2,754,11.8,0.586,0.651,0.113,3.3,17.6,10.4,8.4,1.4,2.2,13.3,13.2,0.8,0.8,1.5,0.097,-0.3,0.4,0.1,0.4
2015/2016,70000000,74571547.42,525093,Cleveland Cavaliers,6,CLE,Ohio,East,Central,57,25,0.695,104.3,98.3,5.45,Channing Frye,C,32,8193029,8794018,26,3,17.2,2.7,6.2,0.441,1.7,4.4,0.377,1.1,1.8,0.596,0.575,0.4,0.5,0.786,0.5,3.1,3.6,1,0.3,0.3,0.5,2.2,7.5,446,14.9,0.586,0.708,0.087,3.1,20.4,11.8,9.1,0.9,1.5,7.2,18.3,0.9,0.6,1.5,0.157,1.9,-0.8,1.1,0.3
2015/2016,70000000,74571547.42,525093,Denver Nuggets,8,DEN,Colorado,West,Northwest,33,49,0.402,101.9,105,-2.81,Danilo Gallinari,SF,27,14000000,15026952,53,53,34.7,5.4,13.2,0.41,1.6,4.5,0.364,3.8,8.7,0.434,0.472,7.1,8.2,0.868,1,4.3,5.3,2.5,0.8,0.4,1.5,1.6,19.5,1839,19,0.582,0.341,0.617,3.1,14,8.5,11.8,1.1,0.8,8,23,5.5,0.9,6.3,0.165,2.9,-1.8,1.2,1.5
2015/2016,70000000,74571547.42,525093,New York Knicks,20,NYK,New York,East,Atlantic,32,50,0.39,98.4,101.1,-2.74,Langston Galloway,PG,24,845059,907047,82,7,24.8,2.8,7.2,0.393,0.9,2.7,0.344,1.9,4.4,0.423,0.458,1,1.4,0.754,0.5,3,3.5,2.5,0.9,0.3,0.7,2.2,7.6,2033,11.7,0.49,0.381,0.194,2.3,13,7.7,15.7,1.9,0.8,8.7,15.6,1.4,1.8,3.3,0.077,-0.4,0.1,-0.4,0.8
2015/2016,70000000,74571547.42,525093,Minnesota Timberwolves,18,MIN,Minnesota,West,Northwest,29,53,0.354,102.4,106,-3.38,Kevin Garnett,PF,39,8500000,9123507,38,38,14.6,1.4,3,0.47,0,0,0,1.4,3,0.474,0.47,0.4,0.6,0.667,0.4,3.6,3.9,1.6,0.7,0.3,0.4,1.8,3.2,556,12.3,0.491,0.009,0.183,3.2,27.9,15.7,16.4,2.5,1.5,11.4,11.3,0.4,0.7,1.1,0.092,-2.5,2.5,0,0.3
2015/2016,70000000,74571547.42,525093,Memphis Grizzlies,15,MEM,Tennessee,West,Southwest,42,40,0.512,99.1,101.3,-2.14,Marc Gasol,C,31,19689000,21133262,52,52,34.4,6.3,13.6,0.464,0,0.1,0.667,6.3,13.5,0.463,0.465,3.9,4.7,0.829,1.1,5.8,7,3.8,1,1.3,2.3,2.7,16.6,1791,17.7,0.528,0.004,0.347,3.5,20.2,11.5,18.9,1.4,3.6,12.7,23.4,1.8,1.9,3.7,0.098,-0.7,1.7,1,1.3
2015/2016,70000000,74571547.42,525093,Chicago Bulls,5,CHI,Illinois,East,Central,42,40,0.512,101.6,103.1,-1.46,Pau Gasol,C,35,7448760,7995154,72,72,31.8,6.5,13.8,0.469,0.3,1,0.348,6.2,12.9,0.478,0.481,3.2,4,0.792,2.2,8.9,11,4.1,0.6,2,2.3,2.1,16.5,2291,21.7,0.529,0.069,0.29,7.3,28.7,18.2,21.7,0.9,4.7,12.8,24.6,3.2,3.9,7.1,0.149,0.5,3.5,4,3.5
2015/2016,70000000,74571547.42,525093,Sacramento Kings,26,SAC,California,West,Pacific,33,49,0.402,106.6,109.1,-2.32,Rudy Gay,SF,29,12403101,13312915,70,70,34,6.7,14.4,0.463,1.1,3.1,0.344,5.6,11.3,0.495,0.5,2.8,3.6,0.78,1.5,5,6.5,1.7,1.4,0.7,2,2.6,17.2,2379,15.5,0.538,0.214,0.252,4.7,15.9,10.4,8,2,1.7,11.1,22.4,1.8,2.1,3.8,0.078,-0.4,0.1,-0.4,1
2015/2016,70000000,74571547.42,525093,New Orleans Pelicans,19,NOP,Louisiana,West,Southwest,30,52,0.366,102.7,106.5,-3.56,Alonzo Gee,SF,28,1320000,1416826,73,38,22.4,1.8,3.5,0.518,0.2,0.8,0.283,1.6,2.7,0.59,0.551,0.6,0.9,0.667,0.8,2.5,3.4,1,0.9,0.2,0.8,2.3,4.5,1632,8.4,0.572,0.235,0.259,3.9,13,8.3,6.2,1.9,0.7,16.2,9.2,1,0.9,1.9,0.056,-1.8,1,-0.8,0.5
2015/2016,70000000,74571547.42,525093,Indiana Pacers,12,IND,Indiana,East,Central,45,37,0.549,102.2,100.5,1.62,Paul George,SF,25,16900000,18139678,81,81,34.8,7.5,17.9,0.418,2.6,7,0.371,4.9,10.9,0.447,0.49,5.6,6.5,0.86,1,6,7,4.1,1.9,0.4,3.3,2.8,23.1,2819,20.9,0.557,0.391,0.364,3.1,18.7,10.9,20.3,2.7,0.8,13.6,30.4,4.4,4.8,9.2,0.157,3.5,1,4.5,4.6
2015/2016,70000000,74571547.42,525093,Chicago Bulls,5,CHI,Illinois,East,Central,42,40,0.512,101.6,103.1,-1.46,Taj Gibson,PF,30,8500000,9123507,73,55,26.5,3.6,6.8,0.526,0,0,0,3.6,6.8,0.529,0.526,1.4,2,0.692,2.8,4.1,6.9,1.5,0.6,1.1,1.1,2.5,8.6,1936,15.7,0.556,0.006,0.292,11.4,15.9,13.7,8.3,1.2,2.9,12.1,14.6,3.2,2.2,5.4,0.133,-0.1,1.7,1.6,1.7
2015/2016,70000000,74571547.42,525093,San Antonio Spurs,27,SAS,Texas,West,Southwest,67,15,0.817,103.5,92.9,10.28,Manu Ginobili,SG,38,2814000,3020417,58,0,19.6,3.4,7.5,0.453,1.2,3.1,0.391,2.2,4.4,0.496,0.533,1.6,1.9,0.813,0.4,2.1,2.5,3.1,1.1,0.2,1.7,1.7,9.6,1134,17.8,0.573,0.411,0.257,2.7,11.7,7.3,23.6,3,0.8,17,23.6,1.5,2.3,3.8,0.16,2.3,1.3,3.6,1.6
2015/2016,70000000,74571547.42,525093,Utah Jazz,29,UTA,Utah,West,Northwest,40,42,0.488,97.7,95.9,1.84,Rudy Gobert,C,23,1175880,1262135,61,60,31.7,3.2,5.8,0.559,0,0,,3.2,5.8,0.559,0.559,2.6,4.6,0.569,3.4,7.5,11,1.5,0.7,2.2,1.9,2.7,9.1,1932,17.5,0.582,0,0.799,12.6,27.7,20.2,7.4,1.2,5.9,19.2,14.2,2.6,3.8,6.4,0.16,-1.1,4.8,3.7,2.8
2015/2016,70000000,74571547.42,525093,Washington Wizards,30,WAS,Washington DC,East,Southeast,41,41,0.5,104.1,104.6,-0.5,Drew Gooden,PF,34,3300000,3542067,30,0,10.2,1.1,3.4,0.32,0.2,1.4,0.171,0.9,2.1,0.419,0.354,0.3,0.5,0.643,0.9,1.9,2.8,0.4,0.3,0.4,0.4,1.3,2.7,305,7.5,0.376,0.398,0.136,10.1,21.3,15.6,6,1.3,2.9,10.6,17.5,-0.4,0.4,0,-0.005,-5.1,0.1,-5,-0.2
2015/2016,70000000,74571547.42,525093,Phoenix Suns,24,PHO,Arizona,West,Pacific,23,59,0.28,100.9,107.5,-6.32,Archie Goodwin,PG,21,1160160,1245262,57,13,19.5,3.1,7.4,0.417,0.4,1.7,0.232,2.7,5.7,0.474,0.444,2.3,3.4,0.674,0.5,2,2.5,2.1,0.5,0.2,1.8,1.5,8.9,1114,11.1,0.498,0.235,0.457,2.6,11.5,6.9,17.2,1.2,1,16.5,23.2,-0.4,0.5,0.1,0.004,-2.9,-1.7,-4.6,-0.7
2015/2016,70000000,74571547.42,525093,Orlando Magic,22,ORL,Florida,East,Southeast,35,47,0.427,102.1,103.7,-1.68,Aaron Gordon,PF,20,4171680,4477688,78,37,23.9,3.5,7.4,0.473,0.5,1.8,0.296,3,5.6,0.531,0.509,1.7,2.5,0.668,2,4.5,6.5,1.6,0.8,0.7,0.8,2,9.2,1863,17,0.541,0.245,0.333,9,21.3,15.1,10.3,1.6,2.4,9,17.3,3.2,2.2,5.4,0.139,0.6,1.2,1.8,1.8
2015/2016,70000000,74571547.42,525093,New Orleans Pelicans,19,NOP,Louisiana,West,Southwest,30,52,0.366,102.7,106.5,-3.56,Eric Gordon,SG,27,15514031,16652043,45,44,32.9,5.1,12.3,0.418,2.5,6.5,0.384,2.6,5.7,0.457,0.521,2.5,2.8,0.888,0.2,2,2.2,2.7,1,0.3,1.6,2.2,15.2,1481,13.5,0.565,0.533,0.226,0.7,6.9,3.7,12.7,1.4,0.8,10.7,20.3,1.7,0.4,2.1,0.069,1.6,-2.2,-0.6,0.5
2015/2016,70000000,74571547.42,525093,Washington Wizards,30,WAS,Washington DC,East,Southeast,41,41,0.5,104.1,104.6,-0.5,Marcin Gortat,C,31,11217391,12040229,75,74,30.1,5.8,10.2,0.567,0,0,0,5.8,10.2,0.567,0.567,1.9,2.8,0.705,3,6.9,9.9,1.4,0.6,1.3,1.6,2.6,13.5,2256,19,0.592,0.001,0.271,10.8,26.3,18.4,7.5,1,3.4,12.4,18.9,4.2,3.1,7.3,0.156,-0.5,1.7,1.2,1.8
2015/2016,70000000,74571547.42,525093,Houston Rockets,11,HOU,Texas,West,Southwest,41,41,0.5,106.5,106.4,0.34,Andrew Goudelock,PG,27,200600,215314,8,0,6.3,1.1,2.5,0.45,0.1,1.1,0.111,1,1.4,0.727,0.475,0.4,0.5,0.75,0.1,0.1,0.3,0.5,0.8,0.3,0.9,0.5,2.8,50,12.4,0.506,0.45,0.2,2.2,2.2,2.2,13.3,5.9,3.3,24.3,24.8,-0.1,0.1,0,-0.033,-4.1,0.6,-3.6,0
2015/2016,70000000,74571547.42,525093,Philadelphia 76ers,23,PHI,Pennsylvania,East,Atlantic,10,72,0.122,97.4,107.6,-9.92,Jerami Grant,PF,21,845059,907047,77,52,26.8,3.3,7.8,0.419,0.5,1.9,0.24,2.8,5.9,0.477,0.448,2.8,4.2,0.658,1.3,3.4,4.7,1.8,0.7,1.6,1.4,2.8,9.7,2066,12.6,0.506,0.244,0.538,5,14.3,9.5,10.4,1.3,4.7,12.9,18,0.5,1.6,2.1,0.05,-2.6,1.3,-1.3,0.4
2015/2016,70000000,74571547.42,525093,New York Knicks,20,NYK,New York,East,Atlantic,32,50,0.39,98.4,101.1,-2.74,Jerian Grant,PG,23,1572360,1687698,76,6,16.6,2,5.1,0.394,0.3,1.3,0.22,1.7,3.8,0.454,0.422,1.3,1.6,0.78,0.3,1.6,1.9,2.3,0.7,0.1,1.1,1.3,5.6,1265,11.2,0.479,0.256,0.315,2,10.2,6.2,21.8,2,0.6,16.3,19,-0.2,1,0.8,0.03,-2.3,-1.1,-3.4,-0.5
2015/2016,70000000,74571547.42,525093,San Antonio Spurs,27,SAS,Texas,West,Southwest,67,15,0.817,103.5,92.9,10.28,Danny Green,SG,28,10000000,10733537,79,79,26.1,2.7,7.1,0.376,1.5,4.4,0.332,1.2,2.7,0.448,0.48,0.4,0.6,0.739,0.6,3.2,3.8,1.8,1,0.8,0.9,1.8,7.2,2062,10.5,0.492,0.622,0.082,2.7,13.6,8.4,9.3,2,2.4,11.4,14.6,0.2,4.1,4.2,0.099,-0.2,3,2.7,2.5
2015/2016,70000000,74571547.42,525093,Golden State Warriors,10,GSW,California,West,Pacific,73,9,0.89,114.9,104.1,10.38,Draymond Green,PF,25,14260870,15306958,81,81,34.7,5,10.1,0.49,1.2,3.2,0.388,3.7,6.9,0.537,0.551,2.8,4.1,0.696,1.7,7.8,9.5,7.4,1.5,1.4,3.2,3,14,2808,19.3,0.587,0.315,0.402,5.5,23,14.7,29,2,3,21.2,18.8,6,5.1,11.1,0.19,2,3.9,5.8,5.5
2015/2016,70000000,74571547.42,525093,#N/A,#N/A,TOT,#N/A,#N/A,#N/A,#N/A,#N/A,#N/A,#N/A,#N/A,#N/A,Erick Green,PG,24,199418,214045,9,0,4.7,0.6,1.4,0.385,0.1,0.6,0.2,0.4,0.9,0.5,0.423,0.2,0.2,1,0.3,0.3,0.7,0.3,0.1,0,0,0.4,1.4,42,12.4,0.468,0.385,0.154,8.4,8.2,8.3,11,1.3,0,0,15.2,0.1,0,0.1,0.121,0.1,-2.2,-2,0
2015/2016,70000000,74571547.42,525093,Denver Nuggets,8,DEN,Colorado,West,Northwest,33,49,0.402,101.9,105,-2.81,Erick Green,PG,24,199418,214045,3,0,2.3,0,0.3,0,0,0.3,0,0,0,,0,0,0,,0,0.3,0.3,0.3,0,0,0,0,0,7,0.9,0,1,0,0,16.1,7.9,18.3,0,0,0,6.2,0,0,0,-0.082,-7.2,-1.9,-9.1,0
2015/2016,70000000,74571547.42,525093,Utah Jazz,29,UTA,Utah,West,Northwest,40,42,0.488,97.7,95.9,1.84,Erick Green,PG,24,199418,214045,6,0,5.8,0.8,2,0.417,0.2,0.7,0.25,0.7,1.3,0.5,0.458,0.3,0.3,1,0.5,0.3,0.8,0.3,0.2,0,0,0.7,2.2,35,14.7,0.505,0.333,0.167,10.1,6.7,8.3,9.6,1.5,0,0,17,0.1,0,0.1,0.162,1.6,-2.2,-0.6,0
2015/2016,70000000,74571547.42,525093,Miami Heat,16,MIA,Florida,East,Southeast,48,34,0.585,100,98.4,1.5,Gerald Green,SG,30,1362897,1462870,69,14,22.6,3.3,8.5,0.392,1.2,3.8,0.323,2.1,4.7,0.446,0.463,1,1.3,0.783,0.4,2,2.4,0.8,0.6,0.3,0.7,1.8,8.9,1557,10.1,0.491,0.443,0.157,1.9,9.7,5.9,5.6,1.3,0.9,6.8,19.8,0.3,1.4,1.7,0.052,-1.2,-1.8,-3,-0.4
2015/2016,70000000,74571547.42,525093,Memphis Grizzlies,15,MEM,Tennessee,West,Southwest,42,40,0.512,99.1,101.3,-2.14,JaMychal Green,PF,25,845059,907047,78,15,18.5,2.9,6.3,0.465,0.2,0.6,0.333,2.8,5.8,0.478,0.48,1.3,1.8,0.752,1.8,3,4.8,0.9,0.6,0.4,1.1,2.4,7.4,1446,14.6,0.52,0.091,0.277,10.5,19.3,14.7,7.7,1.6,2.1,13,19.8,1.2,1.4,2.6,0.086,-1.6,-0.3,-1.9,0
2015/2016,70000000,74571547.42,525093,#N/A,#N/A,TOT,#N/A,#N/A,#N/A,#N/A,#N/A,#N/A,#N/A,#N/A,#N/A,Jeff Green,SF,29,9200000,9874854,80,41,28.2,4.4,10.3,0.43,0.8,2.7,0.315,3.6,7.6,0.47,0.47,2.1,2.8,0.745,0.9,3.2,4.2,1.7,0.7,0.5,1.2,2.1,11.7,2253,13,0.51,0.258,0.267,3.6,13.3,8.3,10,1.3,1.5,9.2,20.2,1.3,1.7,3.1,0.065,-1,-0.7,-1.7,0.2
2015/2016,70000000,74571547.42,525093,Memphis Grizzlies,15,MEM,Tennessee,West,Southwest,42,40,0.512,99.1,101.3,-2.14,Jeff Green,SF,29,9200000,9874854,53,31,29.1,4.5,10.5,0.431,0.8,2.6,0.309,3.7,7.9,0.47,0.469,2.3,2.9,0.8,1,3.5,4.5,1.8,0.8,0.4,1.3,1.9,12.2,1544,13.4,0.517,0.244,0.278,3.9,14.4,8.9,10.5,1.3,1.1,9.9,20.2,1.2,1,2.2,0.067,-0.6,-1.1,-1.7,0.1
2015/2016,70000000,74571547.42,525093,Los Angeles Clippers,13,LAC,California,West,Pacific,53,29,0.646,104.5,100.2,4.13,Jeff Green,SF,29,9200000,9874854,27,10,26.3,4.2,9.9,0.427,0.9,2.9,0.325,3.3,7,0.468,0.474,1.5,2.4,0.615,0.7,2.7,3.4,1.5,0.7,0.8,0.9,2.3,10.9,709,12,0.496,0.288,0.243,3,10.9,7,8.9,1.3,2.3,7.5,20.4,0.1,0.8,0.9,0.061,-1.8,0.1,-1.7,0.1
2015/2016,70000000,74571547.42,525093,Los Angeles Clippers,13,LAC,California,West,Pacific,53,29,0.646,104.5,100.2,4.13,Blake Griffin,PF,26,18862876,20246539,35,35,33.4,8.6,17.2,0.499,0.2,0.5,0.333,8.4,16.7,0.504,0.504,4,5.5,0.727,1.5,6.9,8.4,4.9,0.8,0.5,2.4,2.7,21.4,1170,22.1,0.544,0.03,0.322,4.8,22.3,13.7,27.2,1.2,1.1,10.8,29.8,2.2,1.6,3.8,0.156,1.7,1.6,3.3,1.6
2015/2016,70000000,74571547.42,525093,Charlotte Hornets,4,CHO,North Carolina,East,Southeast,48,34,0.585,103.4,100.7,2.36,Jorge Gutierrez,PG,27,300899,322971,12,0,5.3,0.5,0.9,0.545,0,0.2,0,0.5,0.8,0.667,0.545,0.8,0.9,0.909,0,0.6,0.6,1.4,0.3,0,0.5,0.3,1.8,63,19.1,0.694,0.182,1,0,12.3,6.1,40.3,2.4,0,27.5,15.6,0.2,0.1,0.3,0.201,-0.8,-2.4,-3.2,0
2015/2016,70000000,74571547.42,525093,#N/A,#N/A,TOT,#N/A,#N/A,#N/A,#N/A,#N/A,#N/A,#N/A,#N/A,#N/A,PJ Hairston,SF,23,1201440,1289570,66,52,19.9,2.2,6.2,0.355,1.1,3.7,0.29,1.1,2.5,0.449,0.441,0.8,1,0.781,0.4,2.3,2.6,0.6,0.5,0.2,0.6,2.1,6.2,1313,6.9,0.47,0.591,0.157,2.1,12.8,7.3,4.4,1.2,0.7,8.6,16.4,-0.6,1.1,0.6,0.021,-2.7,-1.5,-4.2,-0.7
2015/2016,70000000,74571547.42,525093,Charlotte Hornets,4,CHO,North Carolina,East,Southeast,48,34,0.585,103.4,100.7,2.36,PJ Hairston,SF,23,1201440,1289570,48,43,19.5,2.1,5.8,0.359,1.1,3.6,0.314,0.9,2.2,0.433,0.457,0.7,0.9,0.81,0.4,2.3,2.7,0.6,0.5,0.1,0.5,2.2,6,938,7.4,0.486,0.623,0.152,2.1,13,7.5,4.7,1.3,0.6,7.5,15.3,-0.1,1,0.9,0.044,-2.2,-1,-3.2,-0.3
2015/2016,70000000,74571547.42,525093,Memphis Grizzlies,15,MEM,Tennessee,West,Southwest,42,40,0.512,99.1,101.3,-2.14,PJ Hairston,SF,23,1201440,1289570,18,9,20.8,2.6,7.3,0.348,0.9,3.8,0.232,1.7,3.5,0.476,0.409,0.9,1.2,0.727,0.4,2.2,2.6,0.5,0.4,0.2,0.9,1.7,6.9,375,5.7,0.438,0.523,0.167,2,12.4,7,3.8,1.1,1,10.7,19,-0.5,0.2,-0.3,-0.039,-3.9,-2.7,-6.7,-0.4
2015/2016,70000000,74571547.42,525093,New Orleans Pelicans,19,NOP,Louisiana,West,Southwest,30,52,0.366,102.7,106.5,-3.56,Jordan Hamilton,SF,25,119461,128223,11,4,27.6,4.5,10.5,0.422,1.2,4.1,0.289,3.3,6.5,0.507,0.478,1.3,1.9,0.667,1.1,4.5,5.6,2.3,0.7,0.3,1.5,2.2,11.4,304,12.4,0.499,0.388,0.181,4.2,18.9,11.3,12.9,1.3,0.8,12,20.7,0,0.2,0.2,0.03,-1.2,-1,-2.2,0
2015/2016,70000000,74571547.42,525093,Charlotte Hornets,4,CHO,North Carolina,East,Southeast,48,34,0.585,103.4,100.7,2.36,Tyler Hansbrough,PF,30,1185784,1272765,44,0,7.8,0.7,1.6,0.451,0,0.1,0.667,0.7,1.5,0.441,0.465,0.9,1.5,0.585,0.9,1.1,2,0.2,0.3,0.2,0.3,1.3,2.4,343,12.5,0.522,0.042,0.915,12.6,15.8,14.2,3.5,1.8,1.7,10.8,14.7,0.5,0.5,1,0.134,-2.6,-0.1,-2.7,-0.1
2015/2016,70000000,74571547.42,525093,Atlanta Hawks,1,ATL,Georgia,East,Southeast,48,34,0.585,102.8,99.2,3.49,Tim Hardaway Jr,SG,23,1304520,1400211,51,1,16.9,2.2,5.2,0.43,0.9,2.8,0.338,1.3,2.4,0.537,0.521,1,1.1,0.893,0.1,1.5,1.7,1,0.4,0.1,0.5,0.9,6.4,864,11.7,0.563,0.536,0.211,0.9,9.8,5.4,8.9,1.2,0.6,7.4,16.2,0.9,1,1.9,0.105,-0.9,-1.2,-2.1,0
2015/2016,70000000,74571547.42,525093,Houston Rockets,11,HOU,Texas,West,Southwest,41,41,0.5,106.5,106.4,0.34,James Harden,SG,26,15719062,16872114,82,82,38.1,8.7,19.7,0.439,2.9,8,0.359,5.8,11.7,0.494,0.512,8.8,10.2,0.86,0.8,5.3,6.1,7.5,1.7,0.6,4.6,2.8,29,3125,25.3,0.598,0.406,0.518,2.2,15.6,8.8,35.4,2.2,1.4,15.9,32.5,10.7,2.6,13.3,0.204,7.1,-0.4,6.7,6.9
2015/2016,70000000,74571547.42,525093,Portland Trail Blazers,25,POR,Oregon,West,Northwest,44,38,0.537,105.1,104.3,0.98,Moe Harkless,SF,22,2894058,3106348,78,14,18.7,2.5,5.3,0.474,0.5,1.8,0.279,2,3.5,0.576,0.522,0.9,1.4,0.622,1.3,2.3,3.6,0.9,0.6,0.4,0.8,1.6,6.4,1457,13.3,0.541,0.341,0.27,7.5,13.3,10.4,6.9,1.7,1.9,11.9,15.6,1.6,1.3,2.9,0.096,-0.4,0.2,-0.2,0.7
2015/2016,70000000,74571547.42,525093,Detroit Pistons,9,DET,Michigan,East,Central,44,38,0.537,102,101.4,0.43,Justin Harper,PF,26,99418,106710,5,0,7,0.8,2,0.4,0.8,1.8,0.444,0,0.2,0,0.6,0.2,0.4,0.5,0,0.2,0.2,0,0.2,0,0.4,0.6,2.6,35,6.9,0.597,0.9,0.2,0,3.2,1.6,0,1.4,0,15.5,16,0,0,0,0.039,-1.3,-3.3,-4.6,0
2015/2016,70000000,74571547.42,525093,Houston Rockets,11,HOU,Texas,West,Southwest,41,41,0.5,106.5,106.4,0.34,Montrezl Harrell,PF,22,1000000,1073353,39,1,9.7,1.5,2.3,0.644,0,0,0,1.5,2.3,0.652,0.644,0.6,1.2,0.522,0.6,1,1.7,0.4,0.3,0.3,0.4,1.2,3.6,379,14.6,0.635,0.011,0.511,7.2,11.7,9.5,7.2,1.4,2.4,13.4,14.5,0.7,0.2,0.9,0.118,-1.2,-0.7,-1.9,0
2015/2016,70000000,74571547.42,525093,Dallas Mavericks,7,DAL,Texas,West,Southwest,42,40,0.512,102.3,102.6,-0.02,Devin Harris,PG,32,4053446,4350781,64,0,20,2.6,5.8,0.447,0.8,2.5,0.329,1.8,3.4,0.532,0.516,1.6,2.2,0.721,0.3,1.9,2.2,1.8,0.9,0.2,1,1.9,7.6,1280,13.1,0.559,0.422,0.374,1.5,10.3,5.9,14.5,2.4,0.8,13.2,17.9,1.2,1.3,2.5,0.095,-0.1,0.4,0.3,0.7
2015/2016,70000000,74571547.42,525093,Denver Nuggets,8,DEN,Colorado,West,Northwest,33,49,0.402,101.9,105,-2.81,Gary Harris,SG,21,1587480,1703927,76,76,32.1,4.7,10.1,0.469,1.4,3.9,0.354,3.3,6.2,0.543,0.538,1.4,1.8,0.82,0.7,2.2,2.9,1.9,1.3,0.2,1.3,1.9,12.3,2439,12.7,0.566,0.388,0.174,2.4,7.7,5,9.5,2,0.6,10.6,16.5,2.8,1.2,4,0.079,0.9,-0.7,0.2,1.3
2015/2016,70000000,74571547.42,525093,Cleveland Cavaliers,6,CLE,Ohio,East,Central,57,25,0.695,104.3,98.3,5.45,Joe Harris,SG,24,845059,907047,5,0,3,0.2,0.8,0.25,0.2,0.8,0.25,0,0,,0.375,0,0,,0,0.6,0.6,0.4,0,0,0.2,0.2,0.6,15,3.4,0.375,1,0,0,22.5,11.3,18.2,0,0,20,15.1,0,0,0,-0.032,-5,-1.6,-6.6,0
2015/2016,70000000,74571547.42,525093,#N/A,#N/A,TOT,#N/A,#N/A,#N/A,#N/A,#N/A,#N/A,#N/A,#N/A,#N/A,Tobias Harris,PF,23,16000000,17173660,76,74,33.1,5.5,11.7,0.469,1.1,3.1,0.335,4.4,8.6,0.518,0.514,2.7,3.2,0.831,1.3,5.4,6.7,2.2,0.9,0.5,1.4,2,14.7,2513,16.2,0.56,0.269,0.273,4.1,18.6,11.2,10.6,1.3,1.3,9.8,19.3,4.1,2.5,6.6,0.126,0.7,0.4,1,1.9
2015/2016,70000000,74571547.42,525093,Orlando Magic,22,ORL,Florida,East,Southeast,35,47,0.427,102.1,103.7,-1.68,Tobias Harris,PF,23,16000000,17173660,49,49,32.9,5.1,11,0.464,1,3.1,0.311,4.2,8,0.523,0.507,2.4,3.1,0.784,1.4,5.5,7,2,1,0.6,1.6,1.9,13.7,1610,15,0.55,0.279,0.283,4.8,18.9,11.8,9.3,1.5,1.4,11.4,18.9,1.7,1.6,3.3,0.099,-0.1,0.4,0.3,0.9
2015/2016,70000000,74571547.42,525093,Detroit Pistons,9,DET,Michigan,East,Central,44,38,0.537,102,101.4,0.43,Tobias Harris,PF,23,16000000,17173660,27,25,33.4,6.1,12.9,0.477,1.2,3.3,0.375,4.9,9.6,0.512,0.524,3,3.3,0.911,0.9,5.3,6.2,2.6,0.7,0.4,1.1,2.3,16.6,903,18.2,0.577,0.253,0.259,2.9,18,10.2,12.9,1,1,7.2,20.2,2.3,0.9,3.3,0.174,1.9,0.4,2.3,1
2015/2016,70000000,74571547.42,525093,Charlotte Hornets,4,CHO,North Carolina,East,Southeast,48,34,0.585,103.4,100.7,2.36,Aaron Harrison,SG,21,525093,563610,21,0,4.4,0.2,0.9,0.263,0.1,0.5,0.3,0.1,0.4,0.222,0.342,0.2,0.6,0.417,0.2,0.5,0.7,0.1,0.3,0,0.2,0.5,0.9,93,4.3,0.371,0.526,0.632,4.7,13.1,8.8,3,3.2,0,14.1,13.7,-0.2,0.1,0,-0.014,-5.6,0.1,-5.5,-0.1
2015/2016,70000000,74571547.42,525093,Miami Heat,16,MIA,Florida,East,Southeast,48,34,0.585,100,98.4,1.5,Udonis Haslem,PF,35,2854940,3064360,37,0,7,0.6,1.6,0.377,0,0.2,0.111,0.6,1.4,0.423,0.385,0.3,0.4,0.75,0.3,1.8,2,0.4,0.1,0.1,0.1,0.7,1.6,260,9.1,0.434,0.148,0.262,4.5,27.4,16.3,7.6,1,0.6,6.8,12.8,0,0.4,0.4,0.072,-4.6,0.1,-4.5,-0.2
2015/2016,70000000,74571547.42,525093,Charlotte Hornets,4,CHO,North Carolina,East,Southeast,48,34,0.585,103.4,100.7,2.36,Spencer Hawes,PF,27,5543725,5950378,57,6,18.2,2.2,5.4,0.405,0.7,1.8,0.373,1.5,3.6,0.422,0.467,0.9,1.1,0.831,0.9,3.4,4.3,1.9,0.4,0.5,1,1.9,6,1035,12.4,0.508,0.333,0.212,5.3,20.6,12.9,16.3,1.1,2.1,14.8,17.1,0.6,1.4,1.9,0.09,-1.9,1.3,-0.6,0.4
2015/2016,70000000,74571547.42,525093,Houston Rockets,11,HOU,Texas,West,Southwest,41,41,0.5,106.5,106.4,0.34,Chuck Hayes,C,32,70549,75724,2,0,12,0.5,1,0.5,0,0,,0.5,1,0.5,0.5,1,1,1,0,4,4,1,0,0,1.5,3,2,24,1.6,0.694,0,1,0,37,18.4,11.3,0,0,51,10.5,0,0,0,-0.016,-8.9,-0.6,-9.4,0
2015/2016,70000000,74571547.42,525093,Utah Jazz,29,UTA,Utah,West,Northwest,40,42,0.488,97.7,95.9,1.84,Gordon Hayward,SF,25,15409570,16539920,80,80,36.2,6.5,15,0.433,1.8,5.1,0.349,4.7,9.9,0.477,0.493,4.9,6,0.824,0.8,4.2,5,3.7,1.2,0.3,2.5,2.3,19.7,2893,18.3,0.559,0.341,0.397,2.5,13.5,8,18.2,1.7,0.8,12.5,25.7,5.5,3.4,8.9,0.147,2.6,-0.1,2.5,3.3
2015/2016,70000000,74571547.42,525093,Portland Trail Blazers,25,POR,Oregon,West,Northwest,44,38,0.537,105.1,104.3,0.98,Gerald Henderson,SG,28,6000000,6440122,72,0,19.9,3.2,7.3,0.439,0.7,1.9,0.353,2.6,5.5,0.468,0.484,1.6,2,0.767,0.4,2.5,2.9,1,0.5,0.3,0.9,1.2,8.7,1431,12.9,0.526,0.257,0.276,2.3,13.7,8,8.2,1.4,1,10.3,20.2,1,1,2,0.068,-1.9,-1.4,-3.3,-0.5
2015/2016,70000000,74571547.42,525093,Milwaukee Bucks,17,MIL,Wisconsin,East,Central,33,49,0.402,99,103.2,-3.98,John Henson,C,25,2943220,3159116,57,1,16.8,2.9,5.1,0.564,0,0,0,2.9,5.1,0.566,0.564,1.2,2.1,0.59,1.5,2.4,3.9,0.9,0.3,1.9,1.1,2.3,7,960,18.6,0.58,0.003,0.402,10.4,15.8,13.2,9,1,9.7,15.7,19.1,1.2,1.1,2.3,0.117,-1.5,3.1,1.6,0.9
2015/2016,70000000,74571547.42,525093,Orlando Magic,22,ORL,Florida,East,Southeast,35,47,0.427,102.1,103.7,-1.68,Mario Hezonja,SF,20,3741480,4015931,79,9,17.9,2.3,5.3,0.433,0.8,2.4,0.349,1.4,2.9,0.504,0.513,0.6,0.7,0.907,0.4,1.9,2.2,1.4,0.5,0.2,1.2,1.6,6.1,1413,9.4,0.541,0.459,0.129,2.2,11.8,6.9,11.2,1.4,1,18,16.9,-0.1,1,0.9,0.029,-1.9,-0.9,-2.8,-0.3
2015/2016,70000000,74571547.42,525093,Los Angeles Lakers,14,LAL,California,West,Pacific,17,65,0.207,97.3,106.9,-8.92,Roy Hibbert,C,29,15514031,16652043,81,81,23.2,2.2,5.1,0.443,0,0,0,2.2,5,0.445,0.443,1.4,1.8,0.807,1.6,3.3,4.9,1.2,0.4,1.4,0.9,3.1,5.9,1878,11.2,0.507,0.005,0.353,7.3,15.8,11.4,8,0.9,4.6,13.8,12.9,1.1,1,2.2,0.056,-3.1,1.8,-1.3,0.3
2015/2016,70000000,74571547.42,525093,#N/A,#N/A,TOT,#N/A,#N/A,#N/A,#N/A,#N/A,#N/A,#N/A,#N/A,#N/A,JJ Hickson,C,27,5583413,5992977,35,9,12.5,2.3,4.4,0.516,0,0,0,2.3,4.4,0.519,0.516,1.3,2.9,0.447,1.1,2.7,3.8,0.7,0.4,0.4,0.7,1.3,5.9,436,16.8,0.514,0.006,0.665,9.8,24.1,16.8,8.7,1.7,2.6,11.1,22.6,0.3,0.5,0.8,0.088,-2.9,-0.1,-3,-0.1
2015/2016,70000000,74571547.42,525093,Denver Nuggets,8,DEN,Colorado,West,Northwest,33,49,0.402,101.9,105,-2.81,JJ Hickson,C,27,5583413,5992977,20,9,15.3,2.8,5.5,0.505,0,0,,2.8,5.5,0.505,0.505,1.4,3,0.458,1.1,3.3,4.4,0.8,0.5,0.6,0.8,1.8,6.9,305,15.8,0.508,0,0.541,7.9,24,15.8,8.7,1.6,3.2,10.6,21.6,0.1,0.4,0.5,0.077,-3.2,0.2,-3,-0.1
2015/2016,70000000,74571547.42,525093,Washington Wizards,30,WAS,Washington DC,East,Southeast,41,41,0.5,104.1,104.6,-0.5,JJ Hickson,C,27,5583413,5992977,15,0,8.7,1.7,3.1,0.543,0,0.1,0,1.7,3,0.556,0.543,1.3,2.9,0.432,1.1,1.9,3,0.5,0.3,0.1,0.6,0.8,4.6,131,18.9,0.528,0.022,0.957,14.2,24.4,19.2,8.5,1.9,1.2,12.1,24.8,0.1,0.2,0.3,0.114,-2.1,-0.9,-3,0
2015/2016,70000000,74571547.42,525093,Washington Wizards,30,WAS,Washington DC,East,Southeast,41,41,0.5,104.1,104.6,-0.5,Nenê,PF,33,13000000,13953599,57,11,19.2,3.7,6.7,0.544,0,0.1,0,3.7,6.7,0.549,0.544,1.9,3.2,0.578,0.9,3.6,4.5,1.7,0.9,0.5,1.3,2.7,9.2,1094,16.8,0.564,0.008,0.482,5.2,21.6,13.2,14.1,2.4,1.9,14,21.6,1.1,1.6,2.7,0.12,-1.6,1.8,0.2,0.6
2015/2016,70000000,74571547.42,525093,Indiana Pacers,12,IND,Indiana,East,Central,45,37,0.549,102.2,100.5,1.62,George Hill,PG,29,8000000,8586830,74,73,34.1,4.4,10,0.441,1.7,4.2,0.408,2.7,5.7,0.466,0.528,1.5,2,0.76,0.8,3.2,4,3.5,1.1,0.2,1.4,2,12.1,2524,13.2,0.555,0.425,0.203,2.5,10.3,6.5,15.5,1.6,0.5,11.1,15.8,3.4,2.8,6.2,0.118,1.1,0.5,1.5,2.2
2015/2016,70000000,74571547.42,525093,Indiana Pacers,12,IND,Indiana,East,Central,45,37,0.549,102.2,100.5,1.62,Jordan Hill,C,28,4000000,4293415,73,11,20.7,3.8,7.5,0.506,0,0,0,3.8,7.5,0.507,0.506,1.2,1.7,0.712,2.1,4,6.2,1.2,0.5,0.5,1.3,2.1,8.8,1513,16.4,0.534,0.002,0.228,11.3,21.2,16.3,9.5,1.2,2,13.2,20.3,1.6,2.3,3.9,0.124,-1.7,0.9,-0.7,0.5
2015/2016,70000000,74571547.42,525093,Indiana Pacers,12,IND,Indiana,East,Central,45,37,0.549,102.2,100.5,1.62,Solomon Hill,SF,24,1358880,1458558,59,3,14.7,1.6,3.5,0.447,0.4,1.3,0.324,1.2,2.3,0.515,0.505,0.6,0.7,0.857,0.7,2.2,2.8,1,0.6,0.2,0.6,1.2,4.2,866,12.2,0.543,0.356,0.202,4.9,15.9,10.5,9.6,2.1,1,12.7,13.2,0.8,1.3,2.1,0.117,-1.3,1.3,0,0.4
2015/2016,70000000,74571547.42,525093,Detroit Pistons,9,DET,Michigan,East,Central,44,38,0.537,102,101.4,0.43,Darrun Hilliard,SG,22,600000,644012,38,2,10.1,1.4,3.4,0.397,0.5,1.3,0.38,0.9,2.1,0.407,0.469,0.8,1.1,0.725,0.1,1.1,1.2,0.7,0.2,0,0.5,0.7,4,383,10.7,0.511,0.382,0.305,1.4,11.9,6.4,10.9,1.2,0.2,11.3,19.1,0.2,0.3,0.5,0.066,-2,-1.6,-3.6,-0.2
2015/2016,70000000,74571547.42,525093,#N/A,#N/A,TOT,#N/A,#N/A,#N/A,#N/A,#N/A,#N/A,#N/A,#N/A,#N/A,Kirk Hinrich,PG,35,2870000,3080525,46,7,13.7,1.1,2.8,0.38,0.5,1.3,0.387,0.5,1.5,0.373,0.473,0.3,0.3,0.938,0.2,1.3,1.5,1.6,0.3,0,0.7,1.4,3,631,7.2,0.504,0.481,0.124,1.4,10.2,5.9,16,1.2,0.2,18.1,11.6,0.1,0.5,0.6,0.044,-2.7,-1,-3.7,-0.3
2015/2016,70000000,74571547.42,525093,Chicago Bulls,5,CHI,Illinois,East,Central,42,40,0.512,101.6,103.1,-1.46,Kirk Hinrich,PG,35,2870000,3080525,35,7,15.9,1.3,3.4,0.398,0.7,1.6,0.411,0.7,1.8,0.387,0.496,0.4,0.5,0.938,0.2,1.5,1.7,1.7,0.4,0,0.8,1.8,3.8,555,7.3,0.528,0.475,0.136,1.4,9.5,5.5,15,1.2,0.1,17.8,12,0.2,0.4,0.6,0.048,-2.2,-1.3,-3.5,-0.2
2015/2016,70000000,74571547.42,525093,Atlanta Hawks,1,ATL,Georgia,East,Southeast,48,34,0.585,102.8,99.2,3.49,Kirk Hinrich,PG,35,2870000,3080525,11,0,6.9,0.2,1,0.182,0.1,0.5,0.167,0.1,0.5,0.2,0.227,0,0,,0.1,1,1.1,1.3,0.2,0.1,0.3,0.1,0.5,76,6.2,0.227,0.545,0,1.5,15.4,8.6,23.8,1.3,1,21.4,8.2,-0.1,0.1,0,0.019,-6.6,0.9,-5.7,-0.1
2015/2016,70000000,74571547.42,525093,New Orleans Pelicans,19,NOP,Louisiana,West,Southwest,30,52,0.366,102.7,106.5,-3.56,Jrue Holiday,PG,25,11000000,11806891,65,23,28.2,6.3,14.4,0.439,1.3,4,0.336,5,10.4,0.478,0.485,2.8,3.3,0.843,0.4,2.6,3,6,1.4,0.3,2.6,2.3,16.8,1831,19.7,0.529,0.277,0.231,1.6,10.5,5.9,37.3,2.4,1,14,28.9,2.2,1.2,3.4,0.089,3.1,-1.3,1.7,1.7
2015/2016,70000000,74571547.42,525093,#N/A,#N/A,TOT,#N/A,#N/A,#N/A,#N/A,#N/A,#N/A,#N/A,#N/A,#N/A,Justin Holiday,SG,26,947276,1016762,53,5,14.6,1.7,4.3,0.386,0.7,2,0.343,1,2.3,0.423,0.465,0.5,0.7,0.73,0.2,1.5,1.7,1.1,0.6,0.4,0.7,1.2,4.5,773,9.4,0.489,0.461,0.162,1.7,10.5,6.2,10.7,2.1,1.8,13.8,16.2,-0.3,0.9,0.6,0.04,-2.7,0.3,-2.5,-0.1
2015/2016,70000000,74571547.42,525093,Atlanta Hawks,1,ATL,Georgia,East,Southeast,48,34,0.585,102.8,99.2,3.49,Justin Holiday,SG,26,947276,1016762,26,1,10.1,0.9,2.8,0.329,0.4,1.7,0.222,0.5,1.1,0.5,0.397,0.2,0.4,0.5,0.2,0.9,1,0.4,0.5,0.2,0.5,0.8,2.4,263,4.7,0.407,0.616,0.137,1.7,9.3,5.6,5.9,2.4,1.2,14.4,15.4,-0.5,0.4,-0.1,-0.021,-5.4,0.3,-5.1,-0.2
2015/2016,70000000,74571547.42,525093,Chicago Bulls,5,CHI,Illinois,East,Central,42,40,0.512,101.6,103.1,-1.46,Justin Holiday,SG,26,947276,1016762,27,4,18.9,2.4,5.7,0.413,1,2.2,0.433,1.4,3.5,0.4,0.497,0.8,1,0.815,0.3,2,2.3,1.7,0.7,0.6,1,1.5,6.5,510,11.8,0.527,0.387,0.174,1.7,11.1,6.5,13.2,1.9,2.1,13.5,16.6,0.2,0.5,0.8,0.072,-1.4,0.2,-1.1,0.1
2015/2016,70000000,74571547.42,525093,#N/A,#N/A,TOT,#N/A,#N/A,#N/A,#N/A,#N/A,#N/A,#N/A,#N/A,#N/A,Ryan Hollins,C,31,615906,661084,37,12,12.4,1.3,2.1,0.62,0,0,,1.3,2.1,0.62,0.62,0.7,1.1,0.619,1.3,1.4,2.6,0.3,0.2,0.6,0.6,1.7,3.4,460,12.3,0.636,0,0.532,11.2,13.2,12.1,3.3,0.7,4.2,19.8,11.8,0.6,0.3,1,0.1,-2,0.2,-1.8,0
2015/2016,70000000,74571547.42,525093,Washington Wizards,30,WAS,Washington DC,East,Southeast,41,41,0.5,104.1,104.6,-0.5,Ryan Hollins,C,31,615906,661084,5,3,9.6,0.8,1.4,0.571,0,0,,0.8,1.4,0.571,0.571,0,0,,1.4,0.8,2.2,0,0,0.2,0.6,0.8,1.6,48,7.2,0.571,0,0,16,9.5,12.8,0,0,1.7,30,9.1,0,0,0,0.04,-4.5,-3.1,-7.6,-0.1
2015/2016,70000000,74571547.42,525093,Memphis Grizzlies,15,MEM,Tennessee,West,Southwest,42,40,0.512,99.1,101.3,-2.14,Ryan Hollins,C,31,615906,661084,32,9,12.9,1.4,2.3,0.625,0,0,,1.4,2.3,0.625,0.625,0.8,1.3,0.619,1.3,1.5,2.7,0.3,0.2,0.6,0.7,1.8,3.6,412,12.9,0.641,0,0.583,10.6,13.6,12,3.7,0.7,4.5,18.8,12.1,0.6,0.3,0.9,0.107,-1.7,0.5,-1.2,0.1
2015/2016,70000000,74571547.42,525093,Brooklyn Nets,3,BRK,New York,East,Atlantic,21,61,0.256,98.6,106,-7.12,Rondae Hollis-Jefferson,SF,21,1335480,1433442,29,17,21.2,2.2,4.8,0.457,0.1,0.5,0.286,2,4.3,0.476,0.471,1.3,1.8,0.712,1.3,4,5.3,1.5,1.3,0.6,0.9,2.1,5.8,615,14.2,0.519,0.101,0.377,7,21.4,14.1,10.1,3.2,2.1,13.9,13.5,0.5,0.7,1.2,0.094,-1.4,2.6,1.2,0.5
2015/2016,70000000,74571547.42,525093,Philadelphia 76ers,23,PHI,Pennsylvania,East,Atlantic,10,72,0.122,97.4,107.6,-9.92,Richaun Holmes,PF,22,1075000,1153855,51,1,13.8,2.2,4.4,0.514,0.2,0.9,0.182,2.1,3.5,0.596,0.532,1,1.5,0.689,1.2,1.4,2.6,0.6,0.4,0.8,0.6,1.8,5.6,702,15.9,0.564,0.198,0.333,9.3,11.7,10.5,8,1.3,4.3,11.2,17.9,1,0.5,1.5,0.103,-1,0,-0.9,0.2
2015/2016,70000000,74571547.42,525093,Utah Jazz,29,UTA,Utah,West,Northwest,40,42,0.488,97.7,95.9,1.84,Rodney Hood,SG,23,1348440,1447353,79,79,32.2,5.2,12.3,0.42,2,5.7,0.359,3.1,6.6,0.472,0.503,2.2,2.5,0.86,0.5,2.9,3.4,2.7,0.9,0.2,1.6,2.6,14.5,2541,14.1,0.542,0.462,0.206,1.8,10.5,6.1,14.4,1.5,0.5,10.5,21.5,3.4,2.5,6,0.112,1.6,-0.9,0.7,1.7
2015/2016,70000000,74571547.42,525093,Atlanta Hawks,1,ATL,Georgia,East,Southeast,48,34,0.585,102.8,99.2,3.49,Al Horford,C,29,12000000,12880245,82,82,32.1,6.5,12.8,0.505,1.1,3.1,0.344,5.4,9.7,0.557,0.547,1.3,1.6,0.798,1.8,5.5,7.3,3.2,0.8,1.5,1.3,2,15.2,2631,19.4,0.565,0.244,0.123,6.3,18.2,12.4,16.7,1.3,3.6,8.8,20.6,4.9,4.5,9.4,0.172,1.5,2.6,4.1,4.1
2015/2016,70000000,74571547.42,525093,Houston Rockets,11,HOU,Texas,West,Southwest,41,41,0.5,106.5,106.4,0.34,Dwight Howard,C,30,22359364,23999507,71,71,32.1,5.2,8.5,0.62,0,0.1,0,5.2,8.4,0.626,0.62,3.3,6.7,0.489,3.4,8.4,11.8,1.4,1,1.6,2.3,3.1,13.7,2280,18.9,0.604,0.01,0.79,11.4,29.1,20.2,7,1.5,4.1,17,18.4,3.5,3.1,6.6,0.138,-1.1,1.8,0.6,1.5
2015/2016,70000000,74571547.42,525093,Los Angeles Lakers,14,LAL,California,West,Pacific,17,65,0.207,97.3,106.9,-8.92,Marcelo Huertas,PG,32,525093,563610,53,0,16.4,1.8,4.3,0.422,0.3,1.2,0.262,1.5,3.2,0.479,0.457,0.5,0.5,0.931,0.3,1.4,1.7,3.4,0.5,0.1,1.5,1.4,4.5,869,10.4,0.488,0.265,0.126,2.2,9.2,5.6,33.9,1.5,0.6,24.8,16.3,-0.2,0.1,-0.1,-0.006,-3.1,-2.9,-6,-0.9
2015/2016,70000000,74571547.42,525093,Oklahoma City Thunder,21,OKC,Oklahoma,West,Northwest,55,27,0.671,110.2,102.9,7.09,Josh Huestis,PF,24,1140240,1223880,5,0,11,1,2.4,0.417,0.8,1.2,0.667,0.2,1.2,0.167,0.583,0,0.8,0,0.4,1.6,2,0,0.2,0.4,0.6,0.6,2.8,55,6.7,0.509,0.5,0.333,4.2,15,9.9,0,0.9,2.8,17.9,13,0,0.1,0,0.01,-4.9,-2.5,-7.4,-0.1
2015/2016,70000000,74571547.42,525093,#N/A,#N/A,TOT,#N/A,#N/A,#N/A,#N/A,#N/A,#N/A,#N/A,#N/A,#N/A,Kris Humphries,PF,30,4440000,4765690,53,17,15.8,2.3,5.6,0.41,0.6,2,0.315,1.6,3.5,0.465,0.468,1.3,1.6,0.798,1.1,3,4.1,0.7,0.3,0.4,0.7,1.8,6.5,835,13.1,0.517,0.366,0.285,7.5,21.5,14.4,6.6,0.9,2.2,10.3,19.5,0.5,1.1,1.6,0.093,-2.2,-0.7,-2.9,-0.2
2015/2016,70000000,74571547.42,525093,Washington Wizards,30,WAS,Washington DC,East,Southeast,41,41,0.5,104.1,104.6,-0.5,Kris Humphries,PF,30,4440000,4765690,28,14,16.6,2.3,5.6,0.405,0.8,2.4,0.343,1.5,3.3,0.451,0.478,1,1.1,0.935,0.9,3.2,4.1,0.6,0.1,0.5,0.7,1.5,6.4,466,11.8,0.524,0.424,0.196,6.1,21.8,13.8,5,0.3,2.4,10.4,18,0.3,0.5,0.7,0.073,-2.6,-1.3,-3.8,-0.2
2015/2016,70000000,74571547.42,525093,Phoenix Suns,24,PHO,Arizona,West,Pacific,23,59,0.28,100.9,107.5,-6.32,Kris Humphries,PF,30,4440000,4765690,4,3,18.5,2.5,9,0.278,0.8,2.5,0.3,1.8,6.5,0.269,0.319,1.5,2,0.75,2.8,5.3,8,1.8,0.8,0.5,1,2,7.3,74,13.5,0.367,0.278,0.222,15.8,31.5,23.5,14.8,2,2.2,9.2,25,-0.1,0.1,0,0.012,-3.1,0.6,-2.4,0
2015/2016,70000000,74571547.42,525093,Atlanta Hawks,1,ATL,Georgia,East,Southeast,48,34,0.585,102.8,99.2,3.49,Kris Humphries,PF,30,4440000,4765690,21,0,14,2.2,4.8,0.465,0.4,1.5,0.258,1.9,3.3,0.557,0.505,1.5,2.1,0.711,1,2.4,3.4,0.6,0.5,0.3,0.7,2.1,6.4,295,14.9,0.555,0.307,0.446,7.6,18.5,13.1,6.9,1.7,1.9,10.4,20.4,0.4,0.5,0.9,0.143,-1.5,-0.1,-1.6,0
2015/2016,70000000,74571547.42,525093,Boston Celtics,2,BOS,Massachusetts,East,Atlantic,48,34,0.585,105.7,102.5,2.84,RJ Hunter,SG,22,1148640,1232897,36,0,8.8,1,2.7,0.367,0.5,1.8,0.302,0.5,1,0.486,0.464,0.2,0.2,0.857,0.1,1,1,0.4,0.4,0.1,0.3,0.8,2.7,315,7.7,0.48,0.643,0.071,0.7,12,6.2,5.9,2.2,1,9.8,15.1,-0.1,0.4,0.3,0.045,-3.1,-0.4,-3.5,-0.1
2015/2016,70000000,74571547.42,525093,Oklahoma City Thunder,21,OKC,Oklahoma,West,Northwest,55,27,0.671,110.2,102.9,7.09,Serge Ibaka,PF,26,12250000,13148583,78,78,32.1,5.3,11.1,0.479,0.8,2.4,0.326,4.6,8.8,0.52,0.513,1.2,1.6,0.752,1.8,5,6.8,0.8,0.5,1.9,1.4,2.7,12.6,2500,13.9,0.533,0.212,0.139,6.5,16.2,11.6,3.9,0.8,4.5,10.5,17.6,2.5,3,5.5,0.105,-1.1,1,-0.1,1.2
2015/2016,70000000,74571547.42,525093,Golden State Warriors,10,GSW,California,West,Pacific,73,9,0.89,114.9,104.1,10.38,Andre Iguodala,SF,32,11710456,12569462,65,1,26.6,2.7,5.7,0.478,0.8,2.4,0.351,1.9,3.3,0.57,0.552,0.8,1.3,0.614,0.8,3.2,4,3.4,1.1,0.3,1.2,1.6,7,1732,12.2,0.565,0.418,0.226,3.4,12.4,8.2,16.3,2,0.8,16.3,12.1,2.3,2.1,4.4,0.122,0.3,1.3,1.6,1.6
2015/2016,70000000,74571547.42,525093,#N/A,#N/A,TOT,#N/A,#N/A,#N/A,#N/A,#N/A,#N/A,#N/A,#N/A,#N/A,Ersan Ilyasova,PF,28,7900000,8479494,74,56,25.4,3.8,8.9,0.424,1.3,3.5,0.371,2.5,5.4,0.458,0.496,1.5,2.1,0.721,1.9,3.5,5.4,0.9,0.7,0.4,1,2.3,10.4,1881,14.2,0.526,0.392,0.233,8.1,15.6,11.7,5.6,1.4,1.4,8.9,18.6,2.4,2,4.4,0.113,0.4,-0.3,0.1,1
2015/2016,70000000,74571547.42,525093,Detroit Pistons,9,DET,Michigan,East,Central,44,38,0.537,102,101.4,0.43,Ersan Ilyasova,PF,28,7900000,8479494,52,52,27.6,4.2,9.8,0.425,1.5,4.1,0.363,2.7,5.6,0.471,0.502,1.5,2.1,0.725,1.9,3.5,5.4,1.1,0.7,0.5,1.1,2.3,11.3,1434,14.1,0.53,0.423,0.215,7.3,14.5,10.7,6.1,1.3,1.4,9.6,18.7,1.8,1.5,3.3,0.111,0.6,0.1,0.7,1
2015/2016,70000000,74571547.42,525093,Orlando Magic,22,ORL,Florida,East,Southeast,35,47,0.427,102.1,103.7,-1.68,Ersan Ilyasova,PF,28,7900000,8479494,22,4,20.3,2.9,7,0.418,0.8,2,0.409,2.1,5,0.422,0.477,1.5,2,0.711,2,3.5,5.5,0.5,0.6,0.3,0.5,2.3,8.1,447,14.7,0.515,0.288,0.294,11,19.1,15,4,1.6,1.1,6.5,18.3,0.6,0.5,1.1,0.117,-0.5,-1.6,-2.1,0
2015/2016,70000000,74571547.42,525093,Utah Jazz,29,UTA,Utah,West,Northwest,40,42,0.488,97.7,95.9,1.84,Joe Ingles,SF,28,2100000,2254042,81,2,15.3,1.5,3.6,0.426,1,2.6,0.386,0.5,1,0.531,0.565,0.2,0.2,0.722,0.2,1.6,1.9,1.2,0.7,0,0.8,1.2,4.2,1241,10.3,0.572,0.722,0.062,1.8,12.4,7.1,12.1,2.3,0.3,17.9,13.5,0.7,1.6,2.3,0.089,-0.3,0.4,0.1,0.7
2015/2016,70000000,74571547.42,525093,Milwaukee Bucks,17,MIL,Wisconsin,East,Central,33,49,0.402,99,103.2,-3.98,Damien Inglis,SF,20,855000,917717,20,1,7.8,0.7,1.9,0.351,0.2,0.7,0.231,0.5,1.2,0.417,0.392,0.4,0.4,0.875,0.1,1.5,1.6,0.5,0.3,0.2,0.6,0.6,1.8,156,6.7,0.444,0.351,0.216,1.5,21.1,11.4,9,2,1.6,21.4,14.9,-0.2,0.2,-0.1,-0.024,-6.1,-0.3,-6.4,-0.2
2015/2016,70000000,74571547.42,525093,Cleveland Cavaliers,6,CLE,Ohio,East,Central,57,25,0.695,104.3,98.3,5.45,Kyrie Irving,PG,23,16407500,17611052,53,53,31.5,7.4,16.6,0.448,1.6,4.9,0.321,5.8,11.6,0.502,0.496,3.2,3.6,0.885,0.8,2.1,3,4.7,1.1,0.3,2.3,2,19.6,1667,19.9,0.54,0.298,0.217,3,7.6,5.3,26.6,1.7,0.9,11.4,29.5,3.2,1.7,5,0.143,3,-1.4,1.6,1.5
2015/2016,70000000,74571547.42,525093,Brooklyn Nets,3,BRK,New York,East,Atlantic,21,61,0.256,98.6,106,-7.12,Jarrett Jack,PG,32,6300000,6762128,32,32,32.1,4.4,11.2,0.391,1,3.2,0.304,3.4,8,0.426,0.434,3.1,3.5,0.893,0.3,4,4.3,7.4,1.1,0.2,2.9,2.4,12.8,1027,14.5,0.505,0.285,0.313,1,14.1,7.4,35,1.7,0.6,18.8,21.7,0.5,0.4,0.9,0.043,0,-1.4,-1.4,0.2
2015/2016,70000000,74571547.42,525093,Detroit Pistons,9,DET,Michigan,East,Central,44,38,0.537,102,101.4,0.43,Reggie Jackson,PG,25,13913044,14933618,79,79,30.7,6.8,15.7,0.434,1.5,4.2,0.353,5.3,11.5,0.464,0.482,3.7,4.3,0.864,0.7,2.5,3.2,6.2,0.7,0.1,2.8,2.4,18.8,2424,19.6,0.535,0.268,0.271,2.5,9.1,5.7,36.3,1.2,0.3,13.8,29.1,4.9,1.9,6.9,0.136,3.9,-1.6,2.3,2.6
2015/2016,70000000,74571547.42,525093,Cleveland Cavaliers,6,CLE,Ohio,East,Central,57,25,0.695,104.3,98.3,5.45,LeBron James,SF,31,22970500,24655473,76,76,35.6,9.7,18.6,0.52,1.1,3.7,0.309,8.6,14.9,0.573,0.551,4.7,6.5,0.731,1.5,6,7.4,6.8,1.4,0.6,3.3,1.9,25.3,2709,27.5,0.588,0.199,0.347,4.7,18.8,11.8,36,2,1.5,13.2,31.4,9.6,4,13.6,0.242,6.9,2.3,9.1,7.6
2015/2016,70000000,74571547.42,525093,Charlotte Hornets,4,CHO,North Carolina,East,Southeast,48,34,0.585,103.4,100.7,2.36,Al Jefferson,C,31,13500000,14490276,47,18,23.3,5.2,10.7,0.485,0,0,,5.2,10.7,0.485,0.485,1.5,2.4,0.649,1.2,5.2,6.4,1.5,0.6,0.9,0.7,2.5,12,1096,18.2,0.507,0,0.22,5.6,24.6,15,11.8,1.4,3,5.8,24.2,1,1.8,2.8,0.123,-2.3,1.2,-1.1,0.2
2015/2016,70000000,74571547.42,525093,Phoenix Suns,24,PHO,Arizona,West,Pacific,23,59,0.28,100.9,107.5,-6.32,Cory Jefferson,PF,25,362878,389496,8,0,6.3,1.1,2.8,0.409,0,0.1,0,1.1,2.6,0.429,0.409,0.5,0.8,0.667,0.8,1.3,2,0,0,0.1,0,1,2.8,50,12.7,0.446,0.045,0.273,12.7,22.2,17.4,0,0,1.6,0,21,0,0,0.1,0.07,-6.1,-7.7,-13.8,-0.1
2015/2016,70000000,74571547.42,525093,Cleveland Cavaliers,6,CLE,Ohio,East,Central,57,25,0.695,104.3,98.3,5.45,Richard Jefferson,SF,35,1499187,1609158,74,5,17.9,1.9,4.2,0.458,0.9,2.3,0.382,1,1.9,0.554,0.564,0.8,1.2,0.667,0.2,1.5,1.7,0.8,0.4,0.2,0.6,1.7,5.5,1326,9.7,0.585,0.554,0.279,1.3,9.6,5.5,6.4,1.3,0.9,10.9,13.4,1.4,1.3,2.7,0.099,-0.5,-0.3,-0.8,0.4
2015/2016,70000000,74571547.42,525093,#N/A,#N/A,TOT,#N/A,#N/A,#N/A,#N/A,#N/A,#N/A,#N/A,#N/A,#N/A,John Jenkins,SG,24,981349,1053334,43,3,11.2,1.7,3.7,0.444,0.4,1.2,0.314,1.3,2.5,0.505,0.494,0.5,0.6,0.833,0.2,1.1,1.3,0.8,0.2,0,0.6,0.5,4.1,480,10,0.522,0.319,0.15,1.8,11.3,6.5,11.7,0.8,0.2,13.7,18.1,0,0.2,0.2,0.022,-3,-2.4,-5.4,-0.4
2015/2016,70000000,74571547.42,525093,Dallas Mavericks,7,DAL,Texas,West,Southwest,42,40,0.512,102.3,102.6,-0.02,John Jenkins,SG,24,981349,1053334,21,1,9.2,1.4,3.3,0.414,0.1,0.9,0.158,1.2,2.4,0.51,0.436,0.4,0.4,0.889,0.2,0.9,1,0.4,0.1,0,0.5,0.5,3.3,193,7.2,0.466,0.271,0.129,2.3,10.2,6.3,7.6,0.8,0,12.9,20.1,-0.2,0.1,-0.1,-0.033,-5,-2.4,-7.4,-0.3
2015/2016,70000000,74571547.42,525093,Phoenix Suns,24,PHO,Arizona,West,Pacific,23,59,0.28,100.9,107.5,-6.32,John Jenkins,SG,24,981349,1053334,22,2,13,1.9,4.1,0.467,0.6,1.5,0.406,1.3,2.6,0.5,0.539,0.5,0.7,0.8,0.2,1.4,1.6,1.2,0.2,0,0.7,0.5,5,287,11.9,0.564,0.356,0.167,1.5,12,6.6,14.4,0.8,0.3,14.2,16.7,0.3,0.1,0.4,0.059,-1.6,-2.3,-4,-0.1
2015/2016,70000000,74571547.42,525093,#N/A,#N/A,TOT,#N/A,#N/A,#N/A,#N/A,#N/A,#N/A,#N/A,#N/A,#N/A,Brandon Jennings,PG,26,8344497,8956597,48,7,18.1,2.3,6.3,0.368,1.1,3.2,0.329,1.3,3.1,0.409,0.452,1.2,1.6,0.731,0.3,1.7,2,3.5,0.6,0.1,1.2,1.2,6.9,868,13.7,0.491,0.51,0.257,2,10.4,6.1,29.2,1.7,0.7,14.4,20,0.8,0.7,1.5,0.082,0.3,-1.7,-1.4,0.1
2015/2016,70000000,74571547.42,525093,Detroit Pistons,9,DET,Michigan,East,Central,44,38,0.537,102,101.4,0.43,Brandon Jennings,PG,26,8344497,8956597,23,1,18.1,2.3,6.2,0.371,1,3.3,0.312,1.3,2.9,0.439,0.455,1.2,1.7,0.711,0.2,1.8,2,3,0.5,0.1,1,1,6.8,416,13.1,0.491,0.538,0.266,1.3,11.2,6,25.7,1.3,0.4,12.1,19,0.4,0.4,0.8,0.094,0.3,-1.5,-1.1,0.1
2015/2016,70000000,74571547.42,525093,Orlando Magic,22,ORL,Florida,East,Southeast,35,47,0.427,102.1,103.7,-1.68,Brandon Jennings,PG,26,8344497,8956597,25,6,18.1,2.4,6.4,0.366,1.1,3.1,0.346,1.3,3.3,0.386,0.45,1.2,1.6,0.75,0.4,1.6,2,4,0.7,0.2,1.4,1.3,7,452,14.3,0.49,0.484,0.248,2.7,9.7,6.1,32.4,2,0.9,16.4,20.9,0.3,0.4,0.7,0.071,0.4,-1.9,-1.6,0
2015/2016,70000000,74571547.42,525093,Boston Celtics,2,BOS,Massachusetts,East,Atlantic,48,34,0.585,105.7,102.5,2.84,Jonas Jerebko,PF,28,5000000,5366768,78,0,15.1,1.5,3.7,0.413,0.6,1.4,0.398,1,2.3,0.421,0.488,0.8,1,0.782,1,2.7,3.7,0.8,0.3,0.3,0.7,1.8,4.4,1176,10.3,0.531,0.378,0.273,6.8,19.4,13,7.4,0.8,1.6,14,13.5,0.9,1.5,2.4,0.097,-2.5,0.4,-2,0
2015/2016,70000000,74571547.42,525093,Boston Celtics,2,BOS,Massachusetts,East,Atlantic,48,34,0.585,105.7,102.5,2.84,Amir Johnson,PF,28,12000000,12880245,79,76,22.8,3.2,5.4,0.585,0.1,0.5,0.233,3,4.8,0.624,0.596,0.9,1.5,0.57,2.3,4.1,6.4,1.7,0.7,1.1,1.2,2.7,7.3,1800,16,0.602,0.101,0.284,10.3,19.6,14.9,11.4,1.4,3.6,16.4,13.6,3,2.9,5.9,0.158,-0.2,3.2,3,2.3
2015/2016,70000000,74571547.42,525093,Utah Jazz,29,UTA,Utah,West,Northwest,40,42,0.488,97.7,95.9,1.84,Chris Johnson,SF,25,981348,1044939.35,70,2,12.2,1,2.8,0.371,0.4,1.4,0.273,0.6,1.4,0.474,0.441,0.5,0.6,0.81,0.4,1.5,1.9,0.6,0.5,0.3,0.6,1.4,2.9,857,8.2,0.482,0.51,0.216,3.7,14.3,9,8,2,2,15.8,13.6,-0.1,1.2,1.1,0.059,-2.7,1.3,-1.4,0.1
2015/2016,70000000,74571547.42,525093,Toronto Raptors,28,TOR,Ontario,East,Atlantic,56,26,0.683,102.7,98.2,4.08,James Johnson,PF,28,2500000,2683384,57,32,16.2,2,4.2,0.475,0.4,1.2,0.303,1.6,3.1,0.54,0.517,0.7,1.2,0.574,0.5,1.7,2.2,1.2,0.5,0.6,0.9,1.5,5,926,11.4,0.532,0.275,0.283,3.5,11.9,7.8,11.4,1.6,2.9,16.7,15.9,0.3,1,1.3,0.068,-1.7,1,-0.6,0.3
2015/2016,70000000,74571547.42,525093,#N/A,#N/A,TOT,#N/A,#N/A,#N/A,#N/A,#N/A,#N/A,#N/A,#N/A,#N/A,Joe Johnson,SF,34,22309344,23945818,81,81,33.4,4.7,10.6,0.439,1.5,3.9,0.383,3.2,6.7,0.471,0.509,1.5,1.8,0.831,0.6,3,3.6,3.9,0.8,0,2,1.8,12.2,2703,12,0.538,0.364,0.165,2,10.2,6.1,18,1.1,0.1,14.7,17.9,1.9,0.8,2.7,0.048,0.3,-1.6,-1.3,0.4
2015/2016,70000000,74571547.42,525093,Brooklyn Nets,3,BRK,New York,East,Atlantic,21,61,0.256,98.6,106,-7.12,Joe Johnson,SF,34,22309344,23945818,57,57,33.9,4.3,10.7,0.406,1.5,4,0.371,2.8,6.6,0.427,0.476,1.6,1.9,0.852,0.6,3.3,3.9,4.1,0.7,0,2,1.8,11.8,1934,10.7,0.512,0.377,0.178,1.9,11.2,6.5,18,1,0.1,15,17.8,0.6,0.2,0.7,0.018,-0.4,-1.7,-2.2,-0.1
2015/2016,70000000,74571547.42,525093,Miami Heat,16,MIA,Florida,East,Southeast,48,34,0.585,100,98.4,1.5,Joe Johnson,SF,34,22309344,23945818,24,24,32,5.4,10.5,0.518,1.5,3.5,0.417,4,7,0.569,0.588,1.1,1.4,0.765,0.6,2.2,2.8,3.6,0.9,0.1,1.8,1.9,13.4,769,15.2,0.603,0.335,0.135,2.3,7.6,5,17.9,1.4,0.2,13.9,18.4,1.3,0.6,2,0.123,2,-1.3,0.8,0.5
2015/2016,70000000,74571547.42,525093,#N/A,#N/A,TOT,#N/A,#N/A,#N/A,#N/A,#N/A,#N/A,#N/A,#N/A,#N/A,Orlando Johnson,SG,26,111444,119618,7,1,14.4,1.3,4.9,0.265,0.3,1.4,0.2,1,3.4,0.292,0.294,0.9,1.1,0.75,0.6,1.6,2.1,0.3,0.4,0.4,0.6,1.3,3.7,101,3.6,0.346,0.294,0.235,4.2,12.3,8.1,2.7,1.5,2.4,9.6,17.8,-0.2,0.1,-0.2,-0.087,-8,-2.4,-10.4,-0.2
2015/2016,70000000,74571547.42,525093,Phoenix Suns,24,PHO,Arizona,West,Pacific,23,59,0.28,100.9,107.5,-6.32,Orlando Johnson,SG,26,111444,119618,2,0,23.5,2.5,8.5,0.294,0.5,2.5,0.2,2,6,0.333,0.324,2.5,3,0.833,1.5,3,4.5,0,1,1.5,0.5,2.5,8,47,10.1,0.407,0.294,0.353,6.8,14.2,10.4,0,2.1,5.2,4.8,18.7,0,0.1,0,0.026,-6.2,-2,-8.2,-0.1
2015/2016,70000000,74571547.42,525093,New Orleans Pelicans,19,NOP,Louisiana,West,Southwest,30,52,0.366,102.7,106.5,-3.56,Orlando Johnson,SG,26,111444,119618,5,1,10.8,0.8,3.4,0.235,0.2,1,0.2,0.6,2.4,0.25,0.265,0.2,0.4,0.5,0.2,1,1.2,0.4,0.2,0,0.6,0.8,2,54,-2.1,0.28,0.294,0.118,2,10.6,6.2,5.1,0.9,0,14.4,17.1,-0.2,0,-0.2,-0.185,-9.5,-2.8,-12.3,-0.1
2015/2016,70000000,74571547.42,525093,Detroit Pistons,9,DET,Michigan,East,Central,44,38,0.537,102,101.4,0.43,Stanley Johnson,SF,19,2841960,3050428,73,6,23.1,3.1,8.2,0.375,0.9,2.8,0.307,2.2,5.4,0.41,0.428,1.1,1.4,0.784,0.8,3.4,4.2,1.6,0.8,0.2,1.6,2.4,8.1,1687,8.7,0.46,0.342,0.17,3.6,16.7,9.9,10.8,1.6,0.5,15,19.6,-1.3,1.9,0.6,0.018,-3.1,0.5,-2.6,-0.2
2015/2016,70000000,74571547.42,525093,Miami Heat,16,MIA,Florida,East,Southeast,48,34,0.585,100,98.4,1.5,Tyler Johnson,SG,23,845059,907047,36,5,24,3.3,6.8,0.486,0.8,2,0.38,2.5,4.8,0.529,0.541,1.4,1.8,0.797,0.8,2.3,3,2.2,0.7,0.4,1.3,1.8,8.7,863,13.8,0.579,0.292,0.263,3.8,10.3,7.2,13.9,1.4,1.2,14.8,16.8,1.2,0.9,2,0.113,0.4,0,0.4,0.5
2015/2016,70000000,74571547.42,525093,Los Angeles Clippers,13,LAC,California,West,Pacific,53,29,0.646,104.5,100.2,4.13,Wesley Johnson,SF,28,1100602,1181335,80,9,20.8,2.6,6.4,0.404,1.3,3.9,0.333,1.3,2.6,0.51,0.504,0.4,0.6,0.652,0.5,2.6,3.1,0.6,1.1,0.7,0.7,2.2,6.9,1666,11,0.513,0.6,0.089,2.5,13.6,8.1,4.4,2.7,2.6,9.2,16,0,2.7,2.6,0.076,-1.3,1.8,0.5,1
2015/2016,70000000,74571547.42,525093,Denver Nuggets,8,DEN,Colorado,West,Northwest,33,49,0.402,101.9,105,-2.81,Nikola Jokic,C,20,1300000,1395359,80,55,21.7,3.8,7.5,0.512,0.4,1.1,0.333,3.5,6.5,0.541,0.535,1.9,2.4,0.811,2.3,4.7,7,2.4,1,0.6,1.3,2.6,10,1733,21.5,0.582,0.14,0.317,11.4,24.7,17.9,18.1,2.3,2.3,13.2,19.9,4.5,2.2,6.7,0.185,2.6,2.2,4.8,3
2015/2016,70000000,74571547.42,525093,Cleveland Cavaliers,6,CLE,Ohio,East,Central,57,25,0.695,104.3,98.3,5.45,Dahntay Jones,SF,35,8819,9390.4712,1,0,42,6,14,0.429,1,2,0.5,5,12,0.417,0.464,0,0,,1,4,5,2,1,2,0,6,13,42,10.3,0.464,0.143,0,2.7,10.7,6.7,7.3,1.2,3.9,0,15.1,0,0.1,0.1,0.096,-3.1,0.9,-2.2,0
2015/2016,70000000,74571547.42,525093,Cleveland Cavaliers,6,CLE,Ohio,East,Central,57,25,0.695,104.3,98.3,5.45,James Jones,SF,35,1499187,1609158,48,0,9.6,1.2,3,0.408,0.9,2.2,0.394,0.4,0.8,0.447,0.553,0.4,0.5,0.808,0.2,0.9,1,0.3,0.2,0.2,0.3,1,3.7,463,11.6,0.58,0.732,0.183,2,10.2,6.1,4.5,1.2,1.8,7.8,16.2,0.7,0.5,1.2,0.12,0.3,-1.3,-1,0.1
2015/2016,70000000,74571547.42,525093,Houston Rockets,11,HOU,Texas,West,Southwest,41,41,0.5,106.5,106.4,0.34,Terrence Jones,PF,24,2489529,2672145,50,11,20.9,3.3,7.3,0.452,0.5,1.6,0.316,2.8,5.8,0.49,0.486,1.5,2.3,0.664,1.2,3,4.2,0.8,0.5,0.8,1,1.7,8.7,1044,13.5,0.519,0.215,0.316,6.5,15.9,11.1,6.3,1.1,3.1,10.5,19.3,0.8,0.7,1.5,0.068,-2.4,-1,-3.4,-0.4
2015/2016,70000000,74571547.42,525093,Minnesota Timberwolves,18,MIN,Minnesota,West,Northwest,29,53,0.354,102.4,106,-3.38,Tyus Jones,PG,19,1282080,1376125,37,0,15.5,1.5,4.2,0.359,0.4,1.4,0.302,1.1,2.8,0.388,0.41,0.8,1.1,0.718,0.2,1.1,1.3,2.9,0.8,0.1,0.9,0.9,4.2,573,11.2,0.45,0.34,0.25,1.4,8,4.8,27.7,2.7,0.4,16,16.1,0,0.3,0.3,0.027,-1.7,-2,-3.7,-0.3
2015/2016,70000000,74571547.42,525093,Los Angeles Clippers,13,LAC,California,West,Pacific,53,29,0.646,104.5,100.2,4.13,DeAndre Jordan,C,27,19689000,21133262,77,77,33.7,4.6,6.6,0.703,0,0,0,4.6,6.6,0.704,0.703,3.5,8,0.43,3.5,10.3,13.8,1.2,0.7,2.3,1.4,2.7,12.7,2598,20.6,0.628,0.002,1.219,11.4,32.7,22.2,5.3,1,5.4,12.1,15.4,6,5.5,11.5,0.213,-0.4,3.8,3.4,3.5
2015/2016,70000000,74571547.42,525093,Toronto Raptors,28,TOR,Ontario,East,Atlantic,56,26,0.683,102.7,98.2,4.08,Cory Joseph,SG,24,7000000,7513476,80,4,25.6,3.2,7.3,0.439,0.4,1.4,0.273,2.8,5.9,0.478,0.465,1.7,2.2,0.764,0.5,2.1,2.6,3.1,0.8,0.3,1.3,1.6,8.5,2046,12.4,0.512,0.188,0.297,2.2,9.4,5.9,19.3,1.6,0.8,13.4,17,1.8,1.7,3.5,0.082,-0.6,-0.4,-1,0.5
2015/2016,70000000,74571547.42,525093,Portland Trail Blazers,25,POR,Oregon,West,Northwest,44,38,0.537,105.1,104.3,0.98,Chris Kaman,C,33,5000000,5366768,16,2,7,1.3,2.7,0.465,0.1,0.3,0.25,1.2,2.4,0.487,0.477,0.2,0.2,1,0.4,1.1,1.5,0.7,0.1,0.1,0.5,0.9,2.8,112,11.1,0.496,0.093,0.07,6.8,16.5,11.6,15.8,0.4,0.7,15.3,20.4,0,0.1,0.1,0.037,-3.3,-1.9,-5.1,-0.1
2015/2016,70000000,74571547.42,525093,Charlotte Hornets,4,CHO,North Carolina,East,Southeast,48,34,0.585,103.4,100.7,2.36,Frank Kaminsky,C,22,2612520,2804158,81,3,21.1,2.7,6.5,0.41,0.8,2.5,0.337,1.8,4,0.455,0.474,1.3,1.8,0.73,0.9,3.3,4.1,1.2,0.5,0.5,0.7,1.6,7.5,1708,12.5,0.513,0.385,0.282,4.4,17.2,10.7,9,1.1,2,8.9,17.1,1.2,2.1,3.3,0.093,-1.6,0.4,-1.2,0.3
2015/2016,70000000,74571547.42,525093,Oklahoma City Thunder,21,OKC,Oklahoma,West,Northwest,55,27,0.671,110.2,102.9,7.09,Enes Kanter,C,23,16407500,17611052,82,1,21,5,8.8,0.576,0.1,0.3,0.476,4.9,8.5,0.579,0.583,2.4,3.1,0.797,3,5.1,8.1,0.4,0.3,0.4,1.4,2,12.7,1721,24,0.626,0.029,0.349,16.7,24.9,21,3.1,0.7,1.5,12.2,23.4,6,2.1,8.1,0.226,1.3,-3.1,-1.7,0.1
2015/2016,70000000,74571547.42,525093,Brooklyn Nets,3,BRK,New York,East,Atlantic,21,61,0.256,98.6,106,-7.12,Sergey Karasev,SF,22,1599840,1717194,40,5,10,0.8,1.9,0.405,0.3,0.9,0.297,0.5,0.9,0.514,0.48,0.7,0.7,0.929,0.2,1.3,1.5,0.9,0.2,0.1,0.6,0.7,2.4,399,8.5,0.562,0.5,0.378,2.2,14.3,8.2,12.2,0.8,0.4,20.3,12.1,0.2,0.1,0.3,0.031,-2.4,-1.7,-4.2,-0.2
2015/2016,70000000,74571547.42,525093,Cleveland Cavaliers,6,CLE,Ohio,East,Central,57,25,0.695,104.3,98.3,5.45,Sasha Kaun,C,30,1276000,1369599,25,0,3.8,0.4,0.7,0.529,0,0,,0.4,0.7,0.529,0.529,0.2,0.4,0.455,0.5,0.6,1,0.1,0.2,0.2,0.3,0.4,0.9,95,12.5,0.527,0,0.647,14.4,16.5,15.5,4.5,2.2,4.3,24.3,13.7,0,0.2,0.2,0.096,-3.5,2.7,-0.8,0
2015/2016,70000000,74571547.42,525093,Los Angeles Lakers,14,LAL,California,West,Pacific,17,65,0.207,97.3,106.9,-8.92,Ryan Kelly,PF,24,1724250,1850730,36,0,13.1,1.5,4.1,0.369,0.1,1,0.135,1.4,3.1,0.446,0.386,1,1.5,0.685,0.6,2.8,3.4,0.6,0.4,0.3,0.5,1.1,4.2,470,10.3,0.44,0.248,0.362,4.6,23.7,13.8,6.9,1.4,1.7,9.4,17.9,-0.3,0.3,0.1,0.005,-4.9,-1.1,-6,-0.5
2015/2016,70000000,74571547.42,525093,Charlotte Hornets,4,CHO,North Carolina,East,Southeast,48,34,0.585,103.4,100.7,2.36,Michael Kidd-Gilchrist,SF,22,6331403,6795835,7,7,29.3,4.7,8.7,0.541,0.4,1,0.429,4.3,7.7,0.556,0.566,2.9,4.1,0.69,1.7,4.7,6.4,1.3,0.4,0.4,1.1,1.3,12.7,205,16.9,0.603,0.115,0.475,6.3,17.8,12,7.3,0.7,1.2,9.8,18,0.4,0.2,0.6,0.152,-0.7,-0.7,-1.4,0
2015/2016,70000000,74571547.42,525093,#N/A,#N/A,TOT,#N/A,#N/A,#N/A,#N/A,#N/A,#N/A,#N/A,#N/A,#N/A,Sean Kilpatrick,SG,26,320594,344110,31,0,19.9,4,8.7,0.456,1.3,3.7,0.342,2.7,5,0.538,0.528,1.9,2.2,0.896,0.4,1.4,1.8,0.9,0.4,0.1,1,1.2,11.1,616,15.6,0.576,0.422,0.248,2.1,8.2,5.1,8,1,0.3,9.4,23.8,1,0,1,0.076,1.4,-4.4,-3,-0.2
2015/2016,70000000,74571547.42,525093,Denver Nuggets,8,DEN,Colorado,West,Northwest,33,49,0.402,101.9,105,-2.81,Sean Kilpatrick,SG,26,320594,344110,8,0,10.3,1,2.6,0.381,0.5,2.1,0.235,0.5,0.5,1,0.476,0.9,1,0.875,0.3,0.5,0.8,0.4,0.3,0,0.5,0.9,3.4,82,8,0.551,0.81,0.381,2.7,5.5,4.1,5.4,1.2,0,14,15.2,0,0,0.1,0.037,-0.9,-3.4,-4.3,0
2015/2016,70000000,74571547.42,525093,Brooklyn Nets,3,BRK,New York,East,Atlantic,21,61,0.256,98.6,106,-7.12,Sean Kilpatrick,SG,26,320594,344110,23,0,23.2,5,10.8,0.462,1.5,4.2,0.361,3.5,6.6,0.526,0.532,2.3,2.6,0.898,0.4,1.7,2.2,1.1,0.4,0.1,1.2,1.3,13.8,534,16.7,0.578,0.39,0.237,2.1,8.6,5.3,8.4,0.9,0.3,8.9,25.2,0.9,0,0.9,0.082,1.8,-4.5,-2.8,-0.1
2015/2016,70000000,74571547.42,525093,Phoenix Suns,24,PHO,Arizona,West,Pacific,23,59,0.28,100.9,107.5,-6.32,Brandon Knight,SG,24,13500000,14490276,52,50,36,7.1,17.2,0.415,2.3,6.8,0.342,4.8,10.5,0.461,0.482,3,3.5,0.852,0.7,3.2,3.9,5.1,1.2,0.4,3.4,2.4,19.6,1870,14.7,0.522,0.392,0.204,2,9.9,5.9,24.4,1.6,0.9,15.4,26.2,0.7,0.9,1.7,0.043,1.2,-1.5,-0.3,0.8
2015/2016,70000000,74571547.42,525093,Atlanta Hawks,1,ATL,Georgia,East,Southeast,48,34,0.585,102.8,99.2,3.49,Kyle Korver,SG,34,5746479,6168004,80,80,30,3.4,7.7,0.435,2,5,0.398,1.4,2.7,0.502,0.563,0.6,0.7,0.833,0.2,3.1,3.3,2.1,0.8,0.4,1.2,2,9.2,2401,9.7,0.578,0.644,0.088,0.7,10.9,5.9,9.9,1.2,1.1,13.3,13.7,1.2,2.9,4.1,0.082,-0.7,0.5,-0.2,1.1
2015/2016,70000000,74571547.42,525093,Sacramento Kings,26,SAC,California,West,Pacific,33,49,0.402,106.6,109.1,-2.32,Kosta Koufos,C,26,7700000,8264824,78,14,19,3,5.7,0.532,0,0,,3,5.7,0.532,0.532,0.7,1.3,0.548,2.2,3.3,5.4,0.4,0.5,0.9,0.6,2.4,6.8,1482,15.1,0.54,0,0.234,12.4,18.4,15.4,3.3,1.3,3.8,8.9,15.4,2.1,1.4,3.5,0.113,-1.6,0.4,-1.2,0.3
2015/2016,70000000,74571547.42,525093,Charlotte Hornets,4,CHO,North Carolina,East,Southeast,48,34,0.585,103.4,100.7,2.36,Jeremy Lamb,SG,23,3034356,3256937,66,0,18.6,3.5,7.7,0.451,0.8,2.7,0.309,2.6,5,0.529,0.506,1,1.3,0.727,0.7,3.2,3.8,1.2,0.6,0.5,0.8,1.6,8.8,1227,15.9,0.529,0.355,0.173,3.9,18.7,11.2,10.9,1.7,2,8.4,22,1,1.8,2.7,0.107,-0.6,0.1,-0.5,0.4
2015/2016,70000000,74571547.42,525093,Philadelphia 76ers,23,PHI,Pennsylvania,East,Atlantic,10,72,0.122,97.4,107.6,-9.92,Carl Landry,PF,32,6750000,7245138,36,12,15.8,3.9,6.9,0.556,0.2,0.4,0.462,3.7,6.6,0.561,0.568,1.9,2.5,0.736,1.4,2.7,4.1,0.9,0.3,0.3,0.6,1.9,9.8,569,22.4,0.605,0.052,0.364,9.1,19.2,14,11.1,1,1.2,7.1,24,1.8,0.3,2.1,0.176,1.5,-2.3,-0.7,0.2
2015/2016,70000000,74571547.42,525093,Brooklyn Nets,3,BRK,New York,East,Atlantic,21,61,0.256,98.6,106,-7.12,Shane Larkin,PG,23,1500000,1610030,78,17,22.4,2.8,6.4,0.442,0.5,1.4,0.361,2.3,5.1,0.464,0.481,1.1,1.4,0.776,0.4,1.9,2.3,4.4,1.2,0.2,1.9,1.6,7.3,1751,13.3,0.515,0.215,0.213,1.8,9.9,5.8,29.3,2.7,0.6,21,17.7,0.5,1,1.4,0.039,-1.2,-1,-2.2,-0.1
2015/2016,70000000,74571547.42,525093,Denver Nuggets,8,DEN,Colorado,West,Northwest,33,49,0.402,101.9,105,-2.81,Joffrey Lauvergne,C,24,1709719,1835133,59,15,17.6,3.3,6.4,0.513,0.2,0.9,0.245,3.1,5.5,0.557,0.53,1.1,1.2,0.899,1.3,3.6,4.9,0.9,0.2,0.3,0.9,1.9,7.9,1041,15.7,0.567,0.139,0.182,8.1,23.1,15.4,9.1,0.6,1.2,11.6,19.5,1.6,0.7,2.3,0.105,-0.9,-1.4,-2.3,-0.1
2015/2016,70000000,74571547.42,525093,Minnesota Timberwolves,18,MIN,Minnesota,West,Northwest,29,53,0.354,102.4,106,-3.38,Zach LaVine,SG,20,2148360,2305950,82,33,28,5.3,11.7,0.452,1.5,3.9,0.389,3.8,7.8,0.482,0.516,2,2.5,0.793,0.3,2.5,2.8,3.1,0.8,0.2,1.9,2.4,14,2294,14.3,0.548,0.33,0.212,1.4,10.1,5.8,18.6,1.5,0.6,12.9,23.5,1.9,0.7,2.6,0.054,1,-2.4,-1.4,0.4
2015/2016,70000000,74571547.42,525093,#N/A,#N/A,TOT,#N/A,#N/A,#N/A,#N/A,#N/A,#N/A,#N/A,#N/A,#N/A,Ty Lawson,PG,28,12444552,13357406,66,13,21.4,2.1,5.4,0.393,0.5,1.6,0.333,1.6,3.7,0.419,0.444,0.9,1.3,0.686,0.4,1.4,1.8,3.6,0.8,0.1,1.4,1.3,5.7,1411,9.7,0.476,0.305,0.243,2,7.4,4.7,24.6,1.9,0.4,19.5,14.9,0.2,0.7,0.9,0.031,-2.7,-2,-4.6,-0.9
2015/2016,70000000,74571547.42,525093,Houston Rockets,11,HOU,Texas,West,Southwest,41,41,0.5,106.5,106.4,0.34,Ty Lawson,PG,28,12444552,13357406,53,12,22.2,2.1,5.4,0.387,0.6,1.8,0.33,1.5,3.6,0.415,0.441,1.1,1.5,0.7,0.4,1.3,1.7,3.4,0.8,0.1,1.5,1.3,5.8,1176,8.9,0.48,0.328,0.279,1.9,6.5,4.2,22.3,1.8,0.4,20.3,14.8,0,0.4,0.4,0.017,-2.9,-2.2,-5.1,-0.9
2015/2016,70000000,74571547.42,525093,Indiana Pacers,12,IND,Indiana,East,Central,45,37,0.549,102.2,100.5,1.62,Ty Lawson,PG,28,12444552,13357406,13,1,18.1,2.2,5.2,0.418,0.4,1.1,0.357,1.8,4.1,0.434,0.455,0.2,0.5,0.5,0.5,1.9,2.4,4.4,0.8,0.1,1,1.2,4.9,235,13.7,0.46,0.209,0.09,2.8,11.6,7.2,36.1,2.1,0.3,15.7,15.5,0.2,0.3,0.5,0.103,-1.5,-0.7,-2.2,0
2015/2016,70000000,74571547.42,525093,#N/A,#N/A,TOT,#N/A,#N/A,#N/A,#N/A,#N/A,#N/A,#N/A,#N/A,#N/A,Courtney Lee,SG,30,5675000,6091282,79,65,29.5,3.7,8.1,0.454,1,2.7,0.378,2.6,5.3,0.493,0.518,1.3,1.5,0.839,0.4,2.2,2.6,1.7,1.1,0.4,0.9,1.7,9.6,2334,11.5,0.551,0.34,0.185,1.4,8.7,4.9,9.1,1.9,1.1,9.4,14.7,2.1,1.7,3.9,0.08,-0.5,-0.1,-0.6,0.9
2015/2016,70000000,74571547.42,525093,Memphis Grizzlies,15,MEM,Tennessee,West,Southwest,42,40,0.512,99.1,101.3,-2.14,Courtney Lee,SG,30,5675000,6091282,51,37,29.2,3.8,8.2,0.458,1,2.7,0.37,2.8,5.5,0.502,0.519,1.5,1.8,0.826,0.4,1.9,2.3,1.5,1,0.3,1,1.5,10,1489,11.7,0.556,0.329,0.22,1.4,7.9,4.5,8.1,1.8,1,9.6,15.3,1.5,0.8,2.2,0.072,-0.2,-0.7,-1,0.4
2015/2016,70000000,74571547.42,525093,Charlotte Hornets,4,CHO,North Carolina,East,Southeast,48,34,0.585,103.4,100.7,2.36,Courtney Lee,SG,30,5675000,6091282,28,28,30.2,3.5,7.9,0.445,1.1,2.8,0.392,2.4,5,0.475,0.516,0.8,0.9,0.885,0.4,2.8,3.1,2.1,1.2,0.4,0.8,2,8.9,845,11.2,0.54,0.359,0.118,1.3,10.1,5.6,10.9,2,1.2,9,13.6,0.7,1,1.6,0.094,-0.9,1,0.2,0.5
2015/2016,70000000,74571547.42,525093,#N/A,#N/A,TOT,#N/A,#N/A,#N/A,#N/A,#N/A,#N/A,#N/A,#N/A,#N/A,David Lee,PF,32,17120776,18376648,55,5,16.4,3.2,6.1,0.531,0,0,0,3.2,6.1,0.533,0.531,1.3,1.7,0.763,1.8,3.7,5.5,1.5,0.4,0.5,1.2,2.1,7.8,903,19.6,0.568,0.003,0.278,12,24.6,18.3,15.5,1.2,2.5,14.9,21.5,1.7,1.4,3,0.161,-0.3,1.7,1.4,0.8
2015/2016,70000000,74571547.42,525093,Boston Celtics,2,BOS,Massachusetts,East,Atlantic,48,34,0.585,105.7,102.5,2.84,David Lee,PF,32,17120776,18376648,30,4,15.7,2.9,6.4,0.453,0,0,0,2.9,6.4,0.455,0.453,1.3,1.7,0.784,1.4,3,4.3,1.8,0.4,0.4,1.3,1.7,7.1,470,15.5,0.499,0.005,0.266,9.1,20.4,14.7,18.3,1.2,2.2,15.1,22.9,0.2,0.7,0.9,0.092,-2.5,1.2,-1.3,0.1
2015/2016,70000000,74571547.42,525093,Dallas Mavericks,7,DAL,Texas,West,Southwest,42,40,0.512,102.3,102.6,-0.02,David Lee,PF,32,17120776,18376648,25,1,17.3,3.6,5.7,0.636,0,0,,3.6,5.7,0.636,0.636,1.2,1.7,0.738,2.4,4.6,7,1.2,0.4,0.6,1.1,2.5,8.5,433,24,0.66,0,0.294,15.2,29.1,22.2,12.5,1.2,2.9,14.8,20,1.5,0.7,2.1,0.237,2.1,2.2,4.3,0.7
2015/2016,70000000,74571547.42,525093,Phoenix Suns,24,PHO,Arizona,West,Pacific,23,59,0.28,100.9,107.5,-6.32,Alex Len,C,22,3807120,4086386,78,46,23.3,3.4,8,0.423,0,0.1,0.143,3.4,7.9,0.426,0.424,2.2,3.1,0.728,2.3,5.3,7.6,1.2,0.5,0.8,1.9,2.9,9,1821,12.4,0.482,0.011,0.383,10.4,25.4,17.7,8.5,1,2.8,16.6,20.4,-0.5,1.8,1.3,0.035,-4.4,0.7,-3.6,-0.7
2015/2016,70000000,74571547.42,525093,San Antonio Spurs,27,SAS,Texas,West,Southwest,67,15,0.817,103.5,92.9,10.28,Kawhi Leonard,SF,24,16407500,17611052,72,72,33.1,7.7,15.1,0.506,1.8,4,0.443,5.9,11.1,0.528,0.565,4.1,4.6,0.874,1.3,5.5,6.8,2.6,1.8,1,1.5,1.8,21.2,2380,26,0.616,0.267,0.306,4.7,18.4,11.8,13,2.8,2.3,7.8,25.8,8.3,5.5,13.7,0.277,5.5,2.8,8.3,6.2
2015/2016,70000000,74571547.42,525093,Portland Trail Blazers,25,POR,Oregon,West,Northwest,44,38,0.537,105.1,104.3,0.98,Meyers Leonard,PF,23,3075879,3301506,61,10,21.9,3.2,7.1,0.448,1.4,3.7,0.377,1.8,3.4,0.527,0.547,0.6,0.8,0.761,0.8,4.3,5.1,1.5,0.1,0.3,1.3,3,8.4,1333,11.3,0.561,0.524,0.106,4.1,21.4,12.8,10.6,0.3,1.1,14.5,17.4,1.2,1,2.2,0.078,-0.5,-1,-1.5,0.2
2015/2016,70000000,74571547.42,525093,Phoenix Suns,24,PHO,Arizona,West,Pacific,23,59,0.28,100.9,107.5,-6.32,Jon Leuer,PF,26,1035000,1110921,67,27,18.7,3.3,7,0.481,0.6,1.6,0.382,2.7,5.3,0.511,0.526,1.1,1.5,0.762,1.1,4.4,5.6,1.1,0.6,0.4,1.1,1.9,8.5,1255,16.2,0.555,0.236,0.217,6.4,26.3,16.1,9.6,1.5,2,12.8,19.8,1.4,1.3,2.7,0.103,-1.3,0.3,-1,0.3
2015/2016,70000000,74571547.42,525093,Portland Trail Blazers,25,POR,Oregon,West,Northwest,44,38,0.537,105.1,104.3,0.98,Damian Lillard,PG,25,4236286,4547033,75,75,35.7,8.2,19.7,0.419,3.1,8.1,0.375,5.2,11.5,0.45,0.497,5.5,6.2,0.892,0.6,3.4,4,6.8,0.9,0.4,3.2,2.2,25.1,2676,22.2,0.56,0.414,0.315,1.8,10.4,6.1,33.6,1.2,0.8,12.6,31.3,7.7,1.4,9.2,0.165,5.9,-2.2,3.7,3.8
2015/2016,70000000,74571547.42,525093,Charlotte Hornets,4,CHO,North Carolina,East,Southeast,48,34,0.585,103.4,100.7,2.36,Jeremy Lin,SG,27,2139000,2295903,78,13,26.3,3.8,9.3,0.412,1,2.9,0.336,2.9,6.4,0.446,0.464,3.1,3.7,0.815,0.5,2.7,3.2,3,0.7,0.5,1.9,2.1,11.7,2048,13.8,0.534,0.31,0.401,2.2,11.4,6.8,18.6,1.4,1.7,14.9,22.2,1.3,2.3,3.5,0.082,-0.9,-0.2,-1.1,0.5
2015/2016,70000000,74571547.42,525093,Golden State Warriors,10,GSW,California,West,Pacific,73,9,0.89,114.9,104.1,10.38,Shaun Livingston,PG,30,5543725,5950378,78,3,19.5,2.6,4.9,0.536,0,0.2,0.167,2.6,4.7,0.548,0.538,1,1.2,0.86,0.5,1.6,2.2,3,0.7,0.3,1,1.8,6.3,1520,13.8,0.581,0.032,0.245,3.2,8.5,6,21,1.8,1.3,15.7,14.2,2.9,1.7,4.6,0.145,-0.6,0.1,-0.5,0.6
2015/2016,70000000,74571547.42,525093,Golden State Warriors,10,GSW,California,West,Pacific,73,9,0.89,114.9,104.1,10.38,Kevon Looney,PF,19,1131960,1214993,5,0,4.2,0.8,1.4,0.571,0.2,0.4,0.5,0.6,1,0.6,0.643,0,0,,0.8,1.2,2,0,0,0,0.2,0.4,1.8,21,18.6,0.643,0.286,0,21.8,29.1,25.6,0,0,0,12.5,16.5,0.1,0,0.1,0.192,-1.2,-8.2,-9.5,0
2015/2016,70000000,74571547.42,525093,Brooklyn Nets,3,BRK,New York,East,Atlantic,21,61,0.256,98.6,106,-7.12,Brook Lopez,C,27,19689000,21133262,73,73,33.7,8.1,15.8,0.511,0,0.2,0.143,8.1,15.7,0.515,0.512,4.3,5.5,0.787,2.8,5.1,7.8,2,0.8,1.7,2.4,2.9,20.6,2457,21.7,0.562,0.012,0.348,9.2,17.2,13.1,10.8,1.2,4.1,11.6,27.3,4.5,1.7,6.2,0.121,1.1,0.2,1.3,2.1
2015/2016,70000000,74571547.42,525093,New York Knicks,20,NYK,New York,East,Atlantic,32,50,0.39,98.4,101.1,-2.74,Robin Lopez,C,27,12650000,13577925,82,82,27.1,4.4,8.1,0.539,0,0,0,4.4,8.1,0.54,0.539,1.6,2,0.795,3.3,4.1,7.3,1.4,0.2,1.6,1.6,2.2,10.3,2219,17.6,0.574,0.002,0.243,13.4,16.2,14.8,8.5,0.4,4.4,15.4,17.7,3.7,2.1,5.8,0.126,0.1,1.3,1.4,1.9
2015/2016,70000000,74571547.42,525093,Cleveland Cavaliers,6,CLE,Ohio,East,Central,57,25,0.695,104.3,98.3,5.45,Kevin Love,PF,27,19689000,21133262,77,77,31.5,5.3,12.7,0.419,2.1,5.7,0.36,3.3,7,0.467,0.499,3.4,4.1,0.822,1.9,8,9.9,2.4,0.8,0.5,1.8,2.1,16,2424,19,0.553,0.449,0.321,7,28.4,17.8,12.2,1.2,1.4,11.3,23.4,4.7,3.8,8.5,0.169,1.7,0.9,2.5,2.8
2015/2016,70000000,74571547.42,525093,Toronto Raptors,28,TOR,Ontario,East,Atlantic,56,26,0.683,102.7,98.2,4.08,Kyle Lowry,PG,29,12000000,12880245,77,77,37,6.6,15.6,0.427,2.8,7.1,0.388,3.9,8.5,0.461,0.516,5.2,6.4,0.811,0.7,4,4.7,6.4,2.1,0.4,2.9,2.7,21.2,2851,22.2,0.578,0.457,0.41,2.2,12.3,7.3,29.9,2.9,1,13.7,26.1,8,3.7,11.6,0.196,6.2,0.6,6.8,6.3
2015/2016,70000000,74571547.42,525093,Utah Jazz,29,UTA,Utah,West,Northwest,40,42,0.488,97.7,95.9,1.84,Trey Lyles,PF,20,2239800,2404097,80,33,17.3,2.4,5.5,0.438,0.6,1.6,0.383,1.8,3.9,0.461,0.494,0.7,1,0.695,0.7,3,3.7,0.7,0.3,0.2,0.8,1.4,6.1,1382,11.6,0.517,0.294,0.188,5,20.2,12.6,7.1,1,1.1,12.1,17.9,0.6,1.7,2.3,0.079,-2.4,-0.4,-2.8,-0.3
2015/2016,70000000,74571547.42,525093,#N/A,#N/A,TOT,#N/A,#N/A,#N/A,#N/A,#N/A,#N/A,#N/A,#N/A,#N/A,Shelvin Mack,PG,25,2433333,2611827,52,27,20.3,3.5,8,0.439,0.8,2.4,0.312,2.8,5.6,0.493,0.486,0.9,1.2,0.738,0.3,2.2,2.5,3.6,0.7,0.1,1.8,1.4,8.6,1058,13.6,0.507,0.301,0.147,1.4,12.5,7,30.6,1.7,0.2,17.7,23.3,0.2,1.2,1.3,0.061,-0.5,-0.8,-1.2,0.2
2015/2016,70000000,74571547.42,525093,Atlanta Hawks,1,ATL,Georgia,East,Southeast,48,34,0.585,102.8,99.2,3.49,Shelvin Mack,PG,25,2433333,2611827,24,0,7.5,1.7,4,0.421,0.2,1.1,0.148,1.5,2.8,0.529,0.442,0.4,0.5,0.75,0.1,0.8,0.9,1.6,0.3,0,0.6,0.3,3.9,179,15.4,0.464,0.284,0.126,1.2,11.9,6.7,36.9,2.2,0,12.3,28.5,-0.1,0.3,0.2,0.045,-1.3,-1.8,-3.1,0
2015/2016,70000000,74571547.42,525093,Utah Jazz,29,UTA,Utah,West,Northwest,40,42,0.488,97.7,95.9,1.84,Shelvin Mack,PG,25,2433333,2611827,28,27,31.4,5.1,11.4,0.444,1.3,3.5,0.357,3.8,7.9,0.482,0.498,1.3,1.8,0.735,0.4,3.4,3.8,5.3,0.9,0.1,2.9,2.3,12.7,879,13.2,0.52,0.306,0.153,1.5,12.6,7,29.3,1.6,0.3,19.2,22.2,0.2,0.9,1.2,0.064,-0.3,-0.5,-0.8,0.3
2015/2016,70000000,74571547.42,525093,Indiana Pacers,12,IND,Indiana,East,Central,45,37,0.549,102.2,100.5,1.62,Ian Mahinmi,C,29,4000000,4293415,71,71,25.6,3.7,6.3,0.589,0,0,,3.7,6.3,0.589,0.589,1.9,3.2,0.587,1.9,5.2,7.1,1.5,0.9,1.1,1.4,3.1,9.3,1816,16.6,0.603,0,0.502,8.3,22.1,15.3,8.9,1.8,3.3,15.5,15.7,2.9,3.3,6.2,0.163,-0.9,3.3,2.4,2
2015/2016,70000000,74571547.42,525093,Orlando Magic,22,ORL,Florida,East,Southeast,35,47,0.427,102.1,103.7,-1.68,Devyn Marble,SG,23,845059,907047,28,0,8.9,0.8,2.5,0.296,0.3,1.1,0.25,0.5,1.4,0.333,0.352,0.4,0.9,0.417,0.2,1.1,1.4,0.4,0.5,0,0.3,0.9,2.1,249,5.2,0.368,0.451,0.338,2.6,14.4,8.5,6.6,2.6,0.3,7.9,15.7,-0.4,0.3,-0.1,-0.026,-4.8,-0.6,-5.5,-0.2
2015/2016,70000000,74571547.42,525093,San Antonio Spurs,27,SAS,Texas,West,Southwest,67,15,0.817,103.5,92.9,10.28,Boban Marjanovic,C,27,1200000,1288024,54,4,9.4,1.9,3.2,0.603,0,0,,1.9,3.2,0.603,0.603,1.6,2.1,0.763,1.4,2.2,3.6,0.4,0.2,0.4,0.5,1,5.5,508,27.7,0.662,0,0.655,16.9,26.2,21.7,6.6,1.2,3.5,11.5,22.8,2.3,1.2,3.4,0.325,2.7,0.9,3.6,0.7
2015/2016,70000000,74571547.42,525093,Philadelphia 76ers,23,PHI,Pennsylvania,East,Atlantic,10,72,0.122,97.4,107.6,-9.92,Kendall Marshall,PG,24,2144772,2302099,30,6,13.3,1.4,3.9,0.364,0.5,1.6,0.327,0.9,2.3,0.391,0.432,0.3,0.4,0.692,0.1,0.9,0.9,2.4,0.5,0.1,1.4,1,3.7,400,6.7,0.449,0.415,0.11,0.5,7.3,3.8,28.4,2,0.4,25.8,18.3,-0.7,0.1,-0.5,-0.064,-5.5,-3.3,-8.8,-0.7
2015/2016,70000000,74571547.42,525093,Memphis Grizzlies,15,MEM,Tennessee,West,Southwest,42,40,0.512,99.1,101.3,-2.14,Jarell Martin,PF,21,1230840,1321126,27,0,14.1,2,4.3,0.466,0,0.1,0,2,4.2,0.474,0.466,1.7,2.3,0.726,1.4,1.7,3.2,0.6,0.3,0.3,0.7,2.1,5.7,380,14,0.534,0.017,0.534,11.2,14.7,12.9,6.4,1.1,1.7,11.7,19.2,0.5,0.2,0.8,0.1,-1.6,-1.6,-3.2,-0.1
2015/2016,70000000,74571547.42,525093,#N/A,#N/A,TOT,#N/A,#N/A,#N/A,#N/A,#N/A,#N/A,#N/A,#N/A,#N/A,Kevin Martin,SG,32,7402474,7945472,55,13,19.9,2.8,7.6,0.372,0.9,2.5,0.36,1.9,5.1,0.378,0.431,2.8,3.1,0.89,0.3,1.7,2,1.1,0.5,0.1,1,1.5,9.3,1095,11.5,0.52,0.325,0.411,1.5,10,5.8,8.2,1.2,0.2,9.8,22.6,0.7,0.5,1.2,0.054,-1.4,-3.1,-4.5,-0.7
2015/2016,70000000,74571547.42,525093,Minnesota Timberwolves,18,MIN,Minnesota,West,Northwest,29,53,0.354,102.4,106,-3.38,Kevin Martin,SG,32,7402474,7945472,39,12,21.4,3.2,8.6,0.377,1,2.6,0.369,2.3,5.9,0.381,0.434,3.2,3.6,0.88,0.3,1.8,2.1,1.2,0.4,0,1.1,1.7,10.6,834,11.9,0.523,0.308,0.425,1.4,9.8,5.6,8.8,1,0.1,9.4,23.5,0.7,0.1,0.8,0.045,-1.2,-4,-5.2,-0.7
2015/2016,70000000,74571547.42,525093,San Antonio Spurs,27,SAS,Texas,West,Southwest,67,15,0.817,103.5,92.9,10.28,Kevin Martin,SG,32,7402474,7945472,16,1,16.3,1.9,5.3,0.353,0.7,2.1,0.333,1.2,3.3,0.365,0.418,1.8,1.9,0.933,0.3,1.6,1.8,0.8,0.6,0.1,0.8,0.9,6.2,261,10.1,0.504,0.388,0.353,1.8,10.6,6.3,6.4,1.8,0.6,11.7,19.5,0,0.4,0.4,0.082,-2.2,-0.2,-2.4,0
2015/2016,70000000,74571547.42,525093,Dallas Mavericks,7,DAL,Texas,West,Southwest,42,40,0.512,102.3,102.6,-0.02,Wesley Matthews,SF,29,16407500,17611052,78,78,33.9,4.2,10.9,0.388,2.4,6.7,0.36,1.8,4.2,0.432,0.498,1.6,1.9,0.863,0.3,2.7,3.1,1.9,1,0.2,1,2.3,12.5,2644,10.9,0.532,0.615,0.171,1.1,8.8,4.9,8.9,1.5,0.5,7.8,17.2,1.9,1.8,3.7,0.067,0.8,-0.3,0.5,1.6
2015/2016,70000000,74571547.42,525093,Milwaukee Bucks,17,MIL,Wisconsin,East,Central,33,49,0.402,99,103.2,-3.98,OJ Mayo,SG,28,8000000,8586830,41,24,26.6,2.9,7.8,0.371,1.3,4,0.321,1.6,3.9,0.421,0.452,0.8,1,0.775,0.3,2.2,2.6,2.9,1.2,0.2,1.8,3.1,7.8,1090,7.7,0.474,0.505,0.125,1.4,9.6,5.5,15.8,2.2,0.6,17.5,17,-0.7,0.6,-0.1,-0.005,-2,-1.5,-3.5,-0.4
2015/2016,70000000,74571547.42,525093,Los Angeles Clippers,13,LAC,California,West,Pacific,53,29,0.646,104.5,100.2,4.13,Luc Mbah a Moute,PF,29,1270964,1364194,75,61,17,1.3,2.8,0.454,0.2,0.5,0.325,1.1,2.2,0.485,0.486,0.4,0.8,0.526,0.8,1.5,2.3,0.4,0.6,0.3,0.5,1.3,3.1,1274,7.3,0.498,0.193,0.275,5.2,9.4,7.3,3.3,1.7,1.2,12.8,9.4,0.2,1.3,1.6,0.059,-3,1.5,-1.6,0.1
2015/2016,70000000,74571547.42,525093,Golden State Warriors,10,GSW,California,West,Pacific,73,9,0.89,114.9,104.1,10.38,James Michael McAdoo,PF,23,845059,907047,41,1,6.4,1.1,2,0.536,0,0,0.5,1.1,2,0.537,0.542,0.6,1.2,0.531,0.7,0.7,1.4,0.4,0.2,0.2,0.4,1,2.9,262,15.9,0.554,0.024,0.583,13.1,10.9,11.9,9.2,1.8,2.2,13.2,20.1,0.5,0.3,0.8,0.146,-0.9,-0.3,-1.1,0.1
2015/2016,70000000,74571547.42,525093,#N/A,#N/A,TOT,#N/A,#N/A,#N/A,#N/A,#N/A,#N/A,#N/A,#N/A,#N/A,Ray McCallum,PG,24,1076758,1155741,41,6,11.6,1.3,3.6,0.377,0.4,1,0.357,1,2.5,0.385,0.428,0.3,0.4,0.8,0.2,1,1.1,1.5,0.3,0.2,0.6,0.7,3.3,475,9.1,0.449,0.288,0.103,1.9,9.3,5.6,18.5,1.3,1.2,13.6,16.8,-0.2,0.5,0.3,0.034,-2.9,-0.8,-3.8,-0.2
2015/2016,70000000,74571547.42,525093,San Antonio Spurs,27,SAS,Texas,West,Southwest,67,15,0.817,103.5,92.9,10.28,Ray McCallum,PG,24,1076758,1155741,31,3,8.3,0.9,2.2,0.403,0.2,0.5,0.313,0.7,1.6,0.431,0.44,0.3,0.3,0.9,0.2,0.8,1,1.1,0.2,0.1,0.4,0.5,2.2,256,10.3,0.476,0.239,0.149,2.8,10.8,6.9,17.7,1,1.2,13.3,14.7,0.1,0.4,0.5,0.092,-2.4,0.4,-2,0
2015/2016,70000000,74571547.42,525093,Memphis Grizzlies,15,MEM,Tennessee,West,Southwest,42,40,0.512,99.1,101.3,-2.14,Ray McCallum,PG,24,1076758,1155741,10,3,21.9,2.8,7.9,0.354,1,2.6,0.385,1.8,5.3,0.34,0.418,0.3,0.5,0.6,0.2,1.4,1.6,2.7,0.7,0.3,1.3,1.5,6.9,219,7.7,0.425,0.329,0.063,1,7.6,4.2,19.5,1.6,1.3,13.8,19.3,-0.3,0.1,-0.2,-0.033,-3.5,-2.2,-5.7,-0.2
2015/2016,70000000,74571547.42,525093,Portland Trail Blazers,25,POR,Oregon,West,Northwest,44,38,0.537,105.1,104.3,0.98,CJ McCollum,SG,24,2525160,2710390,80,80,34.8,8,17.9,0.448,2.5,5.9,0.417,5.6,12,0.463,0.517,2.3,2.8,0.827,0.6,2.7,3.2,4.3,1.2,0.3,2.5,2.3,20.8,2780,17.7,0.544,0.33,0.158,1.8,8.3,5,21.6,1.7,0.6,11.4,27.1,4.4,1.7,6,0.104,2.5,-2,0.4,1.7
2015/2016,70000000,74571547.42,525093,Philadelphia 76ers,23,PHI,Pennsylvania,East,Atlantic,10,72,0.122,97.4,107.6,-9.92,TJ McConnell,PG,23,525093,563610,81,17,19.8,2.7,5.7,0.47,0.4,1.1,0.348,2.3,4.6,0.499,0.503,0.3,0.5,0.634,0.5,2.6,3.1,4.5,1.2,0.1,1.7,1.4,6.1,1606,14.5,0.511,0.192,0.088,2.8,14.5,8.5,37.2,2.9,0.5,22.5,17,0.6,1.4,1.9,0.058,-1.7,-0.4,-2.1,0
2015/2016,70000000,74571547.42,525093,Brooklyn Nets,3,BRK,New York,East,Atlantic,21,61,0.256,98.6,106,-7.12,Chris McCullough,PF,20,1140240,1223880,24,4,15.1,1.8,4.5,0.404,0.5,1.4,0.382,1.3,3.1,0.413,0.463,0.5,1,0.478,1,1.8,2.8,0.4,1.2,0.5,0.6,1.6,4.7,362,12.2,0.47,0.312,0.211,7.6,13.6,10.5,3.7,3.9,2.7,11.2,16.5,-0.1,0.4,0.3,0.043,-2.1,1.1,-1,0.1
2015/2016,70000000,74571547.42,525093,Houston Rockets,11,HOU,Texas,West,Southwest,41,41,0.5,106.5,106.4,0.34,KJ McDaniels,SF,22,3189794,3423777,37,1,6.4,0.8,1.9,0.403,0.2,0.7,0.28,0.6,1.3,0.468,0.451,0.6,0.8,0.8,0.4,0.7,1.1,0.3,0.2,0.2,0.5,0.8,2.4,235,10.6,0.522,0.347,0.417,7.5,12.3,9.9,6.5,1.5,2.1,16.6,18.7,0.1,0.1,0.2,0.043,-3.1,-1.9,-5,-0.2
2015/2016,70000000,74571547.42,525093,Chicago Bulls,5,CHI,Illinois,East,Central,42,40,0.512,101.6,103.1,-1.46,Doug McDermott,SF,24,2380440,2555054,81,4,23,3.6,8,0.452,1.4,3.2,0.425,2.2,4.8,0.47,0.537,0.9,1,0.857,0.5,2,2.4,0.7,0.2,0.1,0.7,1.6,9.4,1861,10.9,0.561,0.402,0.13,2.1,8.8,5.5,5,0.4,0.2,7.2,17.3,2.1,0.7,2.8,0.073,-0.3,-2.8,-3.1,-0.5
2015/2016,70000000,74571547.42,525093,Oklahoma City Thunder,21,OKC,Oklahoma,West,Northwest,55,27,0.671,110.2,102.9,7.09,Mitch McGary,PF,23,1463040,1570359,20,0,3.6,0.6,1.2,0.478,0,0.2,0,0.6,1,0.579,0.478,0.2,0.5,0.4,0.2,0.7,0.9,0.2,0.1,0.1,0.4,0.5,1.3,72,7.4,0.474,0.174,0.435,6.4,20.1,13.6,6,0.7,2.1,20.3,20.4,-0.1,0.1,0,-0.018,-6.2,-1.5,-7.7,-0.1
2015/2016,70000000,74571547.42,525093,Dallas Mavericks,7,DAL,Texas,West,Southwest,42,40,0.512,102.3,102.6,-0.02,JaVale McGee,C,28,13270964,14244439,34,2,10.9,2.3,3.9,0.575,0,0,0,2.3,3.9,0.579,0.575,0.5,1.1,0.5,1.6,2.4,3.9,0.1,0.1,0.8,0.6,1.4,5.1,370,19.9,0.574,0.007,0.269,15.8,23.7,19.7,1.5,0.7,5.9,12.3,21.1,0.6,0.5,1.1,0.146,-2.9,-0.6,-3.5,-0.1
2015/2016,70000000,74571547.42,525093,Sacramento Kings,26,SAC,California,West,Pacific,33,49,0.402,106.6,109.1,-2.32,Ben McLemore,SG,22,3156600,3388148,68,53,21.2,2.9,6.7,0.429,1,2.7,0.362,1.9,4,0.474,0.502,1.1,1.5,0.718,0.5,1.7,2.2,1.2,0.8,0.1,1.5,2.1,7.8,1443,8.6,0.531,0.407,0.226,2.6,8.5,5.6,7.9,1.7,0.6,16.5,17.6,-0.4,0.7,0.3,0.01,-2,-1.2,-3.2,-0.4
2015/2016,70000000,74571547.42,525093,#N/A,#N/A,TOT,#N/A,#N/A,#N/A,#N/A,#N/A,#N/A,#N/A,#N/A,#N/A,Jordan McRae,PG,24,172971,185658,22,1,8.9,1.5,3.5,0.436,0.5,1,0.455,1.1,2.5,0.429,0.5,1,1.3,0.75,0.2,0.7,0.9,1.1,0.1,0,0.7,0.8,4.5,195,14.2,0.548,0.282,0.359,2.3,9.2,5.7,20.9,0.7,0.4,14.2,23.9,0.2,0.1,0.4,0.087,-0.9,-3.3,-4.3,-0.1
2015/2016,70000000,74571547.42,525093,Phoenix Suns,24,PHO,Arizona,West,Pacific,23,59,0.28,100.9,107.5,-6.32,Jordan McRae,PG,24,172971,185658,7,0,11.7,1.6,3.7,0.423,0.4,1.6,0.273,1.1,2.1,0.533,0.481,1.7,2.1,0.8,0.3,0.9,1.1,1.4,0.4,0,0.9,1,5.3,82,14.2,0.567,0.423,0.577,2.6,8.1,5.3,19.1,1.8,0,15.5,20,0.1,0,0.2,0.096,-0.1,-2.9,-3,0
2015/2016,70000000,74571547.42,525093,Cleveland Cavaliers,6,CLE,Ohio,East,Central,57,25,0.695,104.3,98.3,5.45,Jordan McRae,PG,24,172971,185658,15,1,7.5,1.5,3.5,0.442,0.5,0.7,0.636,1.1,2.7,0.39,0.51,0.6,0.9,0.692,0.1,0.7,0.8,1,0,0.1,0.6,0.7,4.1,113,14.2,0.537,0.212,0.25,2,9.9,6,22.3,0,0.7,13.5,26.7,0.1,0.1,0.2,0.081,-1.5,-3.6,-5.2,-0.1
2015/2016,70000000,74571547.42,525093,Miami Heat,16,MIA,Florida,East,Southeast,48,34,0.585,100,98.4,1.5,Josh McRoberts,PF,28,5543725,5950378,42,1,14.2,1.3,3.5,0.372,0.3,1.2,0.245,1,2.4,0.434,0.412,0.7,1,0.7,0.5,2,2.5,1.9,0.4,0.2,0.7,1.6,3.6,595,9.9,0.453,0.331,0.27,4.3,15.3,10,19.4,1.6,0.9,15.3,15,0.1,0.7,0.8,0.064,-1.9,0.6,-1.4,0.1
2015/2016,70000000,74571547.42,525093,Detroit Pistons,9,DET,Michigan,East,Central,44,38,0.537,102,101.4,0.43,Jodie Meeks,SG,28,6270000,6729928,3,0,14.3,2.3,6.7,0.35,1.3,3,0.444,1,3.7,0.273,0.45,1.3,1.3,1,0.3,1.3,1.7,1,0,0,0.3,0.7,7.3,43,13.5,0.506,0.45,0.2,2.4,10.6,6.3,11.3,0,0,4.4,23.1,0.1,0,0.1,0.107,0.1,-4.2,-4.1,0
2015/2016,70000000,74571547.42,525093,Dallas Mavericks,7,DAL,Texas,West,Southwest,42,40,0.512,102.3,102.6,-0.02,Salah Mejri,C,29,525093,563610,34,6,11.7,1.4,2.3,0.628,0,0,0,1.4,2.3,0.636,0.628,0.8,1.4,0.587,1.2,2.4,3.6,0.3,0.2,1.1,0.7,1.6,3.7,397,16.8,0.636,0.013,0.59,11.4,22.6,17,3.9,1,7.6,19,14,0.6,0.7,1.3,0.156,-2.6,3.7,1.1,0.3
2015/2016,70000000,74571547.42,525093,Boston Celtics,2,BOS,Massachusetts,East,Atlantic,48,34,0.585,105.7,102.5,2.84,Jordan Mickey,PF,21,1170960,1256854,16,0,3.6,0.5,1.4,0.364,0,0,,0.5,1.4,0.364,0.364,0.3,0.6,0.5,0.4,0.4,0.8,0.1,0,0.7,0.1,0.3,1.3,57,15.3,0.398,0,0.455,11,13.3,12.1,2.6,0,15.1,3.6,20.5,0,0.1,0.1,0.068,-7.3,4.1,-3.2,0
2015/2016,70000000,74571547.42,525093,Milwaukee Bucks,17,MIL,Wisconsin,East,Central,33,49,0.402,99,103.2,-3.98,Khris Middleton,SG,24,14700000,15778300,79,79,36.1,6.4,14.5,0.444,1.8,4.6,0.396,4.6,9.9,0.466,0.507,3.5,3.9,0.888,0.6,3.3,3.8,4.2,1.7,0.2,2.3,2.6,18.2,2852,16.8,0.56,0.316,0.273,1.8,10.2,6,18.9,2.3,0.6,12.3,23,4.3,1.8,6.1,0.103,2.2,-1.6,0.6,1.9
2015/2016,70000000,74571547.42,525093,Indiana Pacers,12,IND,Indiana,East,Central,45,37,0.549,102.2,100.5,1.62,CJ Miles,SF,28,4394225,4716558,64,24,22.9,4,9.9,0.409,2.2,6,0.367,1.8,3.9,0.474,0.521,1.5,1.9,0.75,0.4,2.3,2.7,1,0.8,0.5,1.1,2.2,11.8,1464,14,0.547,0.61,0.196,1.9,11.1,6.5,7,1.8,1.6,9.2,22.8,1.2,1.9,3.1,0.103,1,-1.2,-0.2,0.7
2015/2016,70000000,74571547.42,525093,#N/A,#N/A,TOT,#N/A,#N/A,#N/A,#N/A,#N/A,#N/A,#N/A,#N/A,#N/A,Andre Miller,PG,39,1490369,1599693,39,4,11.8,1.5,2.7,0.557,0.1,0.2,0.25,1.5,2.5,0.582,0.566,0.6,0.8,0.75,0.3,1,1.3,2.2,0.4,0,0.9,1.2,3.7,461,13.4,0.6,0.075,0.302,3.1,9.5,6.4,28.3,1.8,0,23.6,15.4,0.6,0.4,1,0.1,-1.1,-1.8,-2.9,-0.1
2015/2016,70000000,74571547.42,525093,Minnesota Timberwolves,18,MIN,Minnesota,West,Northwest,29,53,0.354,102.4,106,-3.38,Andre Miller,PG,39,1490369,1599693,26,0,10.8,1.4,2.2,0.621,0,0.2,0.25,1.3,2.1,0.648,0.629,0.6,0.7,0.789,0.2,0.7,0.9,2.2,0.3,0,1,1.2,3.4,280,13.7,0.663,0.069,0.328,2.5,7.4,5,31.9,1.6,0,27.4,14.6,0.5,0.1,0.5,0.088,-0.8,-3.7,-4.4,-0.2
2015/2016,70000000,74571547.42,525093,San Antonio Spurs,27,SAS,Texas,West,Southwest,67,15,0.817,103.5,92.9,10.28,Andre Miller,PG,39,1490369,1599693,13,4,13.9,1.8,3.7,0.479,0.1,0.3,0.25,1.7,3.4,0.5,0.49,0.7,1,0.692,0.5,1.6,2.1,2.2,0.5,0,0.9,1.1,4.3,181,12.9,0.521,0.083,0.271,3.9,12.8,8.5,22.6,2,0,18.3,16.6,0.1,0.3,0.4,0.118,-1.5,1,-0.5,0.1
2015/2016,70000000,74571547.42,525093,Denver Nuggets,8,DEN,Colorado,West,Northwest,33,49,0.402,101.9,105,-2.81,Mike Miller,SF,35,4354127,4673518,47,2,7.9,0.5,1.3,0.355,0.4,1.1,0.365,0.1,0.2,0.3,0.508,0,0,,0.1,1,1.1,0.9,0.3,0.1,0.4,1.1,1.3,373,6.5,0.508,0.839,0,1.8,14.2,7.9,14.9,1.7,0.9,21.5,9.3,0.1,0.3,0.3,0.04,-2.5,-0.3,-2.7,-0.1
2015/2016,70000000,74571547.42,525093,San Antonio Spurs,27,SAS,Texas,West,Southwest,67,15,0.817,103.5,92.9,10.28,Patrick Mills,PG,27,3200000,3434732,81,3,20.5,3.2,7.6,0.425,1.5,4,0.384,1.7,3.6,0.469,0.525,0.6,0.7,0.81,0.3,1.6,2,2.8,0.7,0.1,0.9,1.3,8.5,1662,14.6,0.541,0.523,0.095,1.9,8.7,5.4,20.1,1.8,0.3,10.7,19.7,2.2,2.6,4.8,0.139,2.1,-0.4,1.7,1.6
2015/2016,70000000,74571547.42,525093,Utah Jazz,29,UTA,Utah,West,Northwest,40,42,0.488,97.7,95.9,1.84,Elijah Millsap,SG,28,352936,378825,20,0,8.7,0.6,2,0.282,0.1,0.6,0.083,0.5,1.4,0.37,0.295,0.7,0.9,0.722,0.3,1.5,1.8,1,0.4,0.2,0.5,1.7,1.8,173,6.5,0.384,0.308,0.462,4.1,19.5,11.8,16.2,2.1,1.5,16.1,14.9,-0.2,0.3,0.1,0.033,-4.6,1.8,-2.8,0
2015/2016,70000000,74571547.42,525093,Atlanta Hawks,1,ATL,Georgia,East,Southeast,48,34,0.585,102.8,99.2,3.49,Paul Millsap,PF,30,18671659,20041295,81,81,32.7,6.2,13.2,0.47,0.9,2.9,0.319,5.3,10.3,0.512,0.505,3.8,5,0.757,2.4,6.6,9,3.3,1.8,1.7,2.4,2.9,17.1,2647,21.3,0.556,0.218,0.383,8.4,21.5,15.1,16.4,2.7,4.1,13.3,24.3,4.1,6,10.1,0.183,1.1,4.2,5.3,4.9
2015/2016,70000000,74571547.42,525093,Chicago Bulls,5,CHI,Illinois,East,Central,42,40,0.512,101.6,103.1,-1.46,Nikola Mirotic,PF,24,5543725,5950378,66,38,24.9,3.8,9.2,0.407,2,5.2,0.39,1.7,4,0.43,0.518,2.2,2.7,0.807,0.9,4.6,5.5,1.5,0.9,0.7,1.5,2.3,11.8,1646,15.6,0.564,0.568,0.297,3.8,19.1,11.6,9.4,1.8,2,12.9,21.1,1.8,2.2,3.9,0.115,1.1,0.1,1.2,1.3
2015/2016,70000000,74571547.42,525093,Oklahoma City Thunder,21,OKC,Oklahoma,West,Northwest,55,27,0.671,110.2,102.9,7.09,Nazr Mohammed,C,38,352749,378624,5,0,3.8,0.6,1,0.6,0,0,,0.6,1,0.6,0.6,0.4,0.4,1,0.2,0.6,0.8,0,0,0,0.6,0.8,1.6,19,6,0.68,0,0.4,6.1,16.3,11.5,0,0,0,33.8,19.9,0,0,0,-0.009,-7.4,-5.9,-13.2,-0.1
2015/2016,70000000,74571547.42,525093,Milwaukee Bucks,17,MIL,Wisconsin,East,Central,33,49,0.402,99,103.2,-3.98,Greg Monroe,C,25,16407500,17611052,79,67,29.3,6.2,11.9,0.522,0,0,0,6.2,11.9,0.522,0.522,2.9,3.9,0.74,2.8,6.1,8.8,2.3,0.9,0.8,1.6,2.1,15.3,2314,21.8,0.562,0.001,0.327,10.9,23.4,17.2,13.2,1.6,2.5,10.7,23.5,5,2.4,7.5,0.155,1.3,0.2,1.5,2.1
2015/2016,70000000,74571547.42,525093,Portland Trail Blazers,25,POR,Oregon,West,Northwest,44,38,0.537,105.1,104.3,0.98,Luis Montero,SG,22,525093,563610,12,0,3.5,0.4,1.6,0.263,0.1,0.8,0.111,0.3,0.8,0.4,0.289,0.3,0.3,0.75,0,0.3,0.3,0.1,0,0,0.3,0.1,1.2,42,-2.7,0.337,0.474,0.211,0,10.3,5.2,3.5,0,0,16.2,25.7,-0.2,0,-0.2,-0.238,-11,-5.9,-16.9,-0.2
2015/2016,70000000,74571547.42,525093,Chicago Bulls,5,CHI,Illinois,East,Central,42,40,0.512,101.6,103.1,-1.46,E'Twaun Moore,SG,26,1015421,1089905,59,22,21.4,3.2,6.6,0.481,0.8,1.8,0.452,2.4,4.8,0.491,0.541,0.4,0.6,0.629,0.3,1.9,2.3,1.7,0.6,0.3,0.9,1.7,7.5,1263,11.4,0.548,0.267,0.09,1.6,9.3,5.5,12.1,1.5,1,11.6,15.9,0.9,1,1.8,0.07,-1.1,-0.7,-1.8,0.1
2015/2016,70000000,74571547.42,525093,Sacramento Kings,26,SAC,California,West,Pacific,33,49,0.402,106.6,109.1,-2.32,Eric Moreland,PF,24,845059,907047,8,0,6,0.4,0.8,0.5,0,0,,0.4,0.8,0.5,0.5,0.3,0.5,0.5,0.4,1,1.4,0.1,0,0.5,0.4,0.5,1,48,7.4,0.515,0,0.667,6.8,17.9,12.4,2.7,0,6.7,27.9,9.5,0,0,0,0.012,-6.5,1.9,-4.5,0
2015/2016,70000000,74571547.42,525093,Detroit Pistons,9,DET,Michigan,East,Central,44,38,0.537,102,101.4,0.43,Marcus Morris,SF,26,5000000,5366768,80,80,35.7,5.1,11.8,0.434,1.4,3.7,0.362,3.8,8.1,0.467,0.491,2.5,3.4,0.749,1.1,3.9,5.1,2.5,0.8,0.3,1.8,2.1,14.1,2856,12.7,0.531,0.315,0.287,3.3,12.4,7.7,11,1.2,0.6,11.6,18.4,2.9,2.5,5.4,0.091,0.2,0.5,0.7,2
2015/2016,70000000,74571547.42,525093,#N/A,#N/A,TOT,#N/A,#N/A,#N/A,#N/A,#N/A,#N/A,#N/A,#N/A,#N/A,Markieff Morris,PF,26,8000000,8586830,64,45,25.5,4.8,11.2,0.425,0.7,2.4,0.303,4,8.8,0.458,0.458,1.7,2.3,0.735,1.1,4.4,5.5,1.9,0.9,0.5,2.1,2.9,12,1629,12.2,0.489,0.216,0.205,4.8,19.3,11.9,12.7,1.7,1.7,14.7,24.2,-1.2,1.7,0.5,0.015,-2.9,0.1,-2.8,-0.3
2015/2016,70000000,74571547.42,525093,Phoenix Suns,24,PHO,Arizona,West,Pacific,23,59,0.28,100.9,107.5,-6.32,Markieff Morris,PF,26,8000000,8586830,37,24,24.8,4.6,11.6,0.397,0.6,2.1,0.289,4,9.6,0.42,0.422,1.8,2.5,0.717,1.2,4.1,5.2,2.4,0.9,0.5,2.4,2.8,11.6,917,10.8,0.456,0.176,0.213,5,18.3,11.5,16.1,1.8,1.5,16,26,-1.3,0.8,-0.5,-0.029,-3.8,0,-3.8,-0.4
2015/2016,70000000,74571547.42,525093,Washington Wizards,30,WAS,Washington DC,East,Southeast,41,41,0.5,104.1,104.6,-0.5,Markieff Morris,PF,26,8000000,8586830,27,21,26.4,5,10.6,0.467,0.9,2.9,0.316,4,7.7,0.524,0.51,1.6,2,0.764,1.1,4.7,5.9,1.4,0.9,0.6,1.7,3,12.4,712,14,0.538,0.275,0.192,4.6,20.5,12.4,8.2,1.7,1.9,12.6,21.9,0.2,0.9,1.1,0.072,-1.8,0.2,-1.5,0.1
2015/2016,70000000,74571547.42,525093,Oklahoma City Thunder,21,OKC,Oklahoma,West,Northwest,55,27,0.671,110.2,102.9,7.09,Anthony Morrow,SG,30,3344000,3589295,68,6,13.6,2,4.9,0.408,1.2,3,0.387,0.8,1.9,0.442,0.527,0.4,0.6,0.744,0.1,0.8,0.9,0.4,0.3,0.1,0.3,0.9,5.6,926,10.7,0.543,0.613,0.117,1.2,5.8,3.6,3.7,1.2,0.4,4.6,16.9,1.4,0.5,1.9,0.097,0.5,-3.2,-2.7,-0.2
2015/2016,70000000,74571547.42,525093,Houston Rockets,11,HOU,Texas,West,Southwest,41,41,0.5,106.5,106.4,0.34,Donatas Motiejunas,PF,25,2288205,2436480.684,37,22,14.8,2.4,5.5,0.439,0.4,1.5,0.281,2,4,0.5,0.478,0.9,1.4,0.642,1,1.9,2.9,1.1,0.5,0.1,1.2,1.9,6.2,547,11.3,0.504,0.278,0.259,7.4,14.6,11,12.2,1.5,0.8,16.2,21.4,0,0.3,0.3,0.026,-2.5,-1.9,-4.3,-0.3
2015/2016,70000000,74571547.42,525093,Cleveland Cavaliers,6,CLE,Ohio,East,Central,57,25,0.695,104.3,98.3,5.45,Timofey Mozgov,C,29,4950000,5313101,76,48,17.4,2.7,4.7,0.565,0,0.1,0.143,2.7,4.6,0.574,0.567,0.9,1.3,0.716,1.4,3,4.4,0.4,0.3,0.8,0.9,2.1,6.3,1326,14.6,0.593,0.019,0.265,9.5,19.2,14.4,3.9,0.9,3.5,15,16.1,1.8,1.9,3.7,0.133,-2.2,1,-1.2,0.3
2015/2016,70000000,74571547.42,525093,Denver Nuggets,8,DEN,Colorado,West,Northwest,33,49,0.402,101.9,105,-2.81,Emmanuel Mudiay,PG,19,3102240,3329801,68,66,30.4,4.8,13.3,0.364,1.1,3.4,0.319,3.8,9.9,0.379,0.404,2.1,3.1,0.67,0.5,2.9,3.4,5.5,1,0.5,3.2,2.1,12.8,2068,9.9,0.437,0.256,0.231,1.7,10.9,6.2,29,1.6,1.4,17.9,25.7,-3.3,1.2,-2.1,-0.049,-3.1,-1.2,-4.3,-1.2
2015/2016,70000000,74571547.42,525093,Minnesota Timberwolves,18,MIN,Minnesota,West,Northwest,29,53,0.354,102.4,106,-3.38,Shabazz Muhammad,SF,23,2056920,2207802,82,0,20.5,3.9,8.3,0.465,0.5,1.9,0.289,3.3,6.5,0.516,0.498,2.3,3,0.764,1.2,2,3.3,0.6,0.3,0.1,0.9,1.1,10.5,1682,15.2,0.548,0.223,0.355,7,11.4,9.2,5.2,0.7,0.3,8.2,22.8,2.6,0.2,2.7,0.077,0,-4.1,-4.2,-0.9
2015/2016,70000000,74571547.42,525093,Memphis Grizzlies,15,MEM,Tennessee,West,Southwest,42,40,0.512,99.1,101.3,-2.14,Xavier Munford,SG,23,123548,132610,14,0,17.4,2.3,5.5,0.416,0.6,1.6,0.391,1.6,3.9,0.426,0.474,0.5,1,0.5,0.2,2,2.2,1.6,0.9,0.2,1.1,1.8,5.7,244,9.9,0.481,0.299,0.182,1.3,13.7,7.2,14.3,2.7,1.1,15.3,18,-0.2,0.2,0.1,0.017,-2.9,-0.1,-3.1,-0.1
2015/2016,70000000,74571547.42,525093,Atlanta Hawks,1,ATL,Georgia,East,Southeast,48,34,0.585,102.8,99.2,3.49,Mike Muscala,C,24,947276,1016762,60,0,9.4,1.3,2.5,0.5,0.2,0.7,0.308,1.1,1.9,0.566,0.539,0.5,0.7,0.795,0.6,1.3,2,0.6,0.2,0.5,0.5,1.2,3.3,565,13.6,0.576,0.257,0.257,7.5,14.9,11.3,9.1,1.1,3.8,13.8,15.5,0.7,0.9,1.6,0.136,-2,1.5,-0.5,0.2
2015/2016,70000000,74571547.42,525093,Los Angeles Lakers,14,LAL,California,West,Pacific,17,65,0.207,97.3,106.9,-8.92,Larry Nance Jr,PF,23,1155600,1240367,63,22,20.1,2.5,4.8,0.527,0,0.2,0.1,2.5,4.6,0.541,0.528,0.5,0.7,0.681,1.6,3.3,5,0.7,0.9,0.4,0.7,2,5.5,1266,13.4,0.544,0.033,0.157,8.3,18.6,13.3,5.7,2.1,1.4,11.3,12.6,1.3,0.9,2.2,0.083,-2,0.6,-1.4,0.2
2015/2016,70000000,74571547.42,525093,Orlando Magic,22,ORL,Florida,East,Southeast,35,47,0.427,102.1,103.7,-1.68,Shabazz Napier,PG,24,1294440,1389392,55,0,10.9,1.2,3.7,0.338,0.6,1.9,0.327,0.6,1.8,0.351,0.423,0.6,0.8,0.733,0.2,0.8,1,1.8,0.4,0,0.8,0.7,3.7,600,9.6,0.46,0.517,0.224,1.6,8.6,5.1,23.1,1.9,0.1,17.2,19.7,-0.3,0.4,0.1,0.004,-2.3,-2.6,-4.9,-0.4
2015/2016,70000000,74571547.42,525093,Washington Wizards,30,WAS,Washington DC,East,Southeast,41,41,0.5,104.1,104.6,-0.5,Gary Neal,SG,31,2139000,2295903,40,2,20.2,3.8,8.1,0.465,1,2.5,0.41,2.8,5.6,0.489,0.528,1.2,1.4,0.855,0.3,1.8,2.1,1.2,0.5,0,0.7,1.4,9.8,807,13.5,0.558,0.308,0.169,1.5,10.2,5.8,9.2,1.2,0.1,7.7,20.5,0.9,0.5,1.4,0.085,-0.5,-2.3,-2.8,-0.2
2015/2016,70000000,74571547.42,525093,Denver Nuggets,8,DEN,Colorado,West,Northwest,33,49,0.402,101.9,105,-2.81,Jameer Nelson,PG,33,4345000,4663722,39,15,26.6,2.9,7.9,0.368,1.1,3.7,0.299,1.8,4.2,0.429,0.438,0.8,0.9,0.857,0.5,2.5,2.9,4.9,0.6,0.1,1.7,2.6,7.7,1036,9.5,0.464,0.469,0.114,2,10.4,6.2,27.3,1.2,0.4,17,16.4,0.1,0.4,0.5,0.024,-1.2,-1.9,-3.1,-0.3
2015/2016,70000000,74571547.42,525093,Utah Jazz,29,UTA,Utah,West,Northwest,40,42,0.488,97.7,95.9,1.84,Raul Neto,PG,23,840000,901617,81,53,18.5,2.2,5.2,0.431,0.8,2,0.395,1.4,3.2,0.453,0.507,0.6,0.9,0.743,0.2,1.3,1.5,2.1,0.8,0,1.3,1.5,5.9,1499,10.2,0.53,0.388,0.167,1.3,8,4.7,18.7,2.2,0.1,19.5,17.2,0.2,1.6,1.8,0.058,-1.6,-0.7,-2.3,-0.1
2015/2016,70000000,74571547.42,525093,Orlando Magic,22,ORL,Florida,East,Southeast,35,47,0.427,102.1,103.7,-1.68,Andrew Nicholson,PF,26,2380593,2555218,56,0,14.7,2.6,5.5,0.471,0.7,2,0.36,1.9,3.5,0.536,0.537,0.9,1.2,0.785,0.6,3,3.6,0.4,0.2,0.4,0.7,1.2,6.9,823,14.8,0.567,0.368,0.21,4.5,22.8,13.5,4.8,0.6,2.2,10.8,20.4,0.8,0.8,1.6,0.092,-1.7,-2,-3.7,-0.4
2015/2016,70000000,74571547.42,525093,Chicago Bulls,5,CHI,Illinois,East,Central,42,40,0.512,101.6,103.1,-1.46,Joakim Noah,C,30,13400000,14382940,29,2,21.9,1.8,4.6,0.383,0,0,0,1.8,4.6,0.386,0.383,0.8,1.6,0.489,3,5.8,8.8,3.8,0.6,1,1.8,2.7,4.3,635,14.1,0.406,0.008,0.338,14.7,27.3,21.1,24.2,1.4,3.3,25.4,14.2,0,1.1,1.1,0.079,-2.3,4.3,1.9,0.6
2015/2016,70000000,74571547.42,525093,Philadelphia 76ers,23,PHI,Pennsylvania,East,Atlantic,10,72,0.122,97.4,107.6,-9.92,Nerlens Noel,C,21,3457800,3711442,67,62,29.3,4.6,8.8,0.521,0,0,0.5,4.6,8.7,0.521,0.522,2,3.4,0.59,2.3,5.8,8.1,1.8,1.8,1.5,2.4,2.9,11.1,1965,16.2,0.544,0.003,0.387,8.2,22.2,15,10.5,2.9,3.9,18.7,18.8,0.3,2.8,3,0.074,-2.7,3.4,0.7,1.3
2015/2016,70000000,74571547.42,525093,Toronto Raptors,28,TOR,Ontario,East,Atlantic,56,26,0.683,102.7,98.2,4.08,Lucas Nogueira,C,23,1842000,1977117,29,1,7.8,1,1.5,0.636,0,0.1,0.333,0.9,1.4,0.659,0.648,0.3,0.5,0.533,0.6,1,1.6,0.2,0.4,0.4,0.4,1,2.2,225,15.6,0.642,0.068,0.341,9.3,14,11.7,4.9,2.8,4.4,17.9,12.4,0.3,0.4,0.7,0.154,-0.4,2.9,2.6,0.3
2015/2016,70000000,74571547.42,525093,#N/A,#N/A,TOT,#N/A,#N/A,#N/A,#N/A,#N/A,#N/A,#N/A,#N/A,#N/A,Steve Novak,PF,32,3758017,4033681,10,0,4.4,0.8,1.8,0.444,0.7,1.5,0.467,0.1,0.3,0.333,0.639,0.1,0.1,1,0,0.5,0.5,0,0,0,0.1,0.3,2.4,44,14.4,0.651,0.833,0.056,0,12,6.2,0,0,0,5.1,19.2,0.1,0,0.1,0.121,1.3,-8,-6.6,-0.1
2015/2016,70000000,74571547.42,525093,Oklahoma City Thunder,21,OKC,Oklahoma,West,Northwest,55,27,0.671,110.2,102.9,7.09,Steve Novak,PF,32,3758017,4033681,7,0,3.4,0.9,1.7,0.5,0.7,1.3,0.556,0.1,0.4,0.333,0.708,0,0,,0,0.6,0.6,0,0,0,0.1,0.1,2.4,24,20.8,0.708,0.75,0,0,17.2,9.1,0,0,0,7.7,23.1,0.1,0,0.1,0.181,2.9,-8.5,-5.7,0
2015/2016,70000000,74571547.42,525093,Milwaukee Bucks,17,MIL,Wisconsin,East,Central,33,49,0.402,99,103.2,-3.98,Steve Novak,PF,32,3758017,4033681,3,0,6.7,0.7,2,0.333,0.7,2,0.333,0,0,,0.5,0.3,0.3,1,0,0.3,0.3,0,0,0,0,0.7,2.3,20,6.7,0.543,1,0.167,0,5.7,2.9,0,0,0,0,14.5,0,0,0,0.05,-0.5,-7.3,-7.8,0
2015/2016,70000000,74571547.42,525093,Dallas Mavericks,7,DAL,Texas,West,Southwest,42,40,0.512,102.3,102.6,-0.02,Dirk Nowitzki,PF,37,8333333,8944614,75,75,31.5,6.6,14.8,0.448,1.7,4.6,0.368,5,10.3,0.483,0.504,3.3,3.7,0.893,0.7,5.8,6.5,1.8,0.7,0.7,1.1,2.1,18.3,2364,19,0.555,0.308,0.252,2.4,20.3,11.4,10.1,1.1,1.8,6.4,25.5,4.2,2.6,6.8,0.138,1.2,-0.3,0.9,1.7
2015/2016,70000000,74571547.42,525093,Denver Nuggets,8,DEN,Colorado,West,Northwest,33,49,0.402,101.9,105,-2.81,Jusuf Nurkic,C,21,1842000,1977117,32,3,17.1,3.2,7.6,0.417,0,0.1,0,3.2,7.5,0.423,0.417,1.9,3.1,0.616,2,3.4,5.5,1.3,0.8,1.4,1.7,2.8,8.2,547,16,0.46,0.012,0.409,12.9,22.7,17.7,12.3,2.2,6.5,16.1,27.2,-0.5,0.9,0.4,0.031,-4.1,2.8,-1.3,0.1
2015/2016,70000000,74571547.42,525093,Utah Jazz,29,UTA,Utah,West,Northwest,40,42,0.488,97.7,95.9,1.84,JJ O'Brien,SF,23,30887,33152,2,0,3,0,0.5,0,0,0,,0,0.5,0,0,0,0,,0,0.5,0.5,0,0.5,0,0,0.5,0,6,1.3,0,0,0,0,19.4,9.7,0,8.8,0,0,7.7,0,0,0,-0.028,-10.2,5.5,-4.7,0
2015/2016,70000000,74571547.42,525093,Milwaukee Bucks,17,MIL,Wisconsin,East,Central,33,49,0.402,99,103.2,-3.98,Johnny O'Bryant,PF,22,845059,907047,66,4,13,1.3,3.2,0.411,0,0,1,1.3,3.2,0.409,0.414,0.4,0.6,0.675,1,1.7,2.7,0.5,0.3,0.1,0.5,1.5,3,857,7.4,0.441,0.005,0.191,8.7,14.7,11.7,5.4,1.1,0.8,12,13.5,-0.2,0.4,0.3,0.014,-4.3,-1.7,-6,-0.9
2015/2016,70000000,74571547.42,525093,New York Knicks,20,NYK,New York,East,Atlantic,32,50,0.39,98.4,101.1,-2.74,Kyle O'Quinn,PF,25,3750000,4025076,65,1,11.8,2,4.2,0.476,0.1,0.3,0.227,1.9,3.8,0.498,0.485,0.7,0.9,0.767,1.2,2.7,3.8,1.1,0.3,0.8,0.9,1.6,4.8,764,17.5,0.52,0.081,0.221,11,24.5,17.9,15.9,1.3,4.9,17,21.2,0.5,1.2,1.6,0.103,-1.8,2.5,0.7,0.5
2015/2016,70000000,74571547.42,525093,Philadelphia 76ers,23,PHI,Pennsylvania,East,Atlantic,10,72,0.122,97.4,107.6,-9.92,Jahlil Okafor,C,20,4582680,4918836,53,48,30,7.5,14.7,0.508,0,0.1,0.167,7.5,14.6,0.511,0.509,2.5,3.7,0.686,2.3,4.7,7,1.2,0.4,1.2,2.3,2.6,17.5,1591,17.1,0.536,0.008,0.248,8.1,17.8,12.8,8.2,0.7,2.9,12.5,27.3,0.3,0.9,1.2,0.037,-2.6,-1.5,-4.1,-0.8
2015/2016,70000000,74571547.42,525093,Orlando Magic,22,ORL,Florida,East,Southeast,35,47,0.427,102.1,103.7,-1.68,Victor Oladipo,SG,23,5192520,5573410,72,52,33,5.9,13.5,0.438,1.4,3.9,0.348,4.5,9.6,0.475,0.489,2.8,3.4,0.83,0.7,4.1,4.8,3.9,1.6,0.8,2.1,2.4,16,2379,16.7,0.534,0.291,0.255,2.2,14,8,18.6,2.4,1.9,12.4,22.9,2.2,2.7,4.9,0.099,1,0.8,1.8,2.3
2015/2016,70000000,74571547.42,525093,Boston Celtics,2,BOS,Massachusetts,East,Atlantic,48,34,0.585,105.7,102.5,2.84,Kelly Olynyk,C,24,2165160,2323982,69,8,20.2,3.7,8.1,0.455,1.2,3,0.405,2.4,5,0.486,0.531,1.4,1.9,0.75,1,3,4.1,1.5,0.8,0.5,1.1,2.4,10,1395,16.3,0.561,0.378,0.23,5.4,16.2,10.7,11.9,1.8,1.8,10.8,20.9,2.1,2,4.1,0.141,0.8,0.4,1.2,1.1
2015/2016,70000000,74571547.42,525093,Washington Wizards,30,WAS,Washington DC,East,Southeast,41,41,0.5,104.1,104.6,-0.5,Kelly Oubre,SF,20,1920240,2061096,63,9,10.7,1.4,3.3,0.427,0.4,1.3,0.316,1,2.1,0.492,0.486,0.5,0.8,0.633,0.4,1.7,2.1,0.2,0.3,0.1,0.5,1.6,3.7,671,8.2,0.507,0.374,0.232,4.1,18.4,11.1,2.8,1.6,0.8,12.8,17.4,-0.3,0.7,0.4,0.031,-4.3,-1.6,-5.8,-0.7
2015/2016,70000000,74571547.42,525093,Dallas Mavericks,7,DAL,Texas,West,Southwest,42,40,0.512,102.3,102.6,-0.02,Zaza Pachulia,C,31,5200000,5581439,76,69,26.4,2.9,6.2,0.466,0,0,0,2.9,6.1,0.469,0.466,2.8,3.6,0.768,3.3,6.2,9.4,1.7,0.8,0.3,1.6,2.4,8.6,2004,16.2,0.55,0.006,0.587,13.7,25.7,19.7,9.7,1.6,0.9,16.8,16.2,3.4,2.7,6,0.145,-0.8,2.2,1.4,1.7
2015/2016,70000000,74571547.42,525093,Denver Nuggets,8,DEN,Colorado,West,Northwest,33,49,0.402,101.9,105,-2.81,Kostas Papanikolaou,SF,25,800320,859026,26,6,11.3,0.9,2.5,0.364,0.4,1.2,0.313,0.5,1.3,0.412,0.439,0.3,0.5,0.643,0.3,1.2,1.5,0.6,0.5,0.2,0.8,0.9,2.6,294,6,0.464,0.485,0.212,3,12.3,7.5,7.8,2.2,1.4,22.5,13.9,-0.4,0.2,-0.1,-0.022,-4.5,0.1,-4.3,-0.2
2015/2016,70000000,74571547.42,525093,Milwaukee Bucks,17,MIL,Wisconsin,East,Central,33,49,0.402,99,103.2,-3.98,Jabari Parker,PF,20,5152440,5530390,76,72,31.7,5.8,11.8,0.493,0.1,0.5,0.257,5.7,11.4,0.502,0.498,2.3,3,0.768,1.6,3.6,5.2,1.7,0.9,0.4,1.5,2,14.1,2408,14.8,0.535,0.039,0.254,5.9,12.8,9.4,8.9,1.5,1,10.4,20.9,2.4,1.2,3.6,0.072,-0.9,-1.5,-2.4,-0.2
2015/2016,70000000,74571547.42,525093,San Antonio Spurs,27,SAS,Texas,West,Southwest,67,15,0.817,103.5,92.9,10.28,Tony Parker,PG,33,13437500,14423191,72,72,27.5,4.9,9.9,0.493,0.4,0.9,0.415,4.5,9,0.501,0.512,1.8,2.4,0.76,0.2,2.2,2.4,5.3,0.8,0.2,1.8,1.6,11.9,1980,16.2,0.546,0.092,0.241,1,8.8,5.1,29.1,1.4,0.4,14.3,21.2,2.9,2.9,5.8,0.142,0.4,-0.3,0.1,1
2015/2016,70000000,74571547.42,525093,Dallas Mavericks,7,DAL,Texas,West,Southwest,42,40,0.512,102.3,102.6,-0.02,Chandler Parsons,SF,27,15361500,16488324,61,51,29.5,5.2,10.7,0.492,1.7,4.1,0.414,3.5,6.6,0.54,0.571,1.5,2.2,0.684,0.5,4.2,4.7,2.8,0.8,0.3,1.6,1.9,13.7,1799,16.2,0.589,0.386,0.209,1.8,15.6,8.7,16,1.3,1,11.8,20.5,2.6,1.6,4.3,0.114,1.6,0.3,1.9,1.8
2015/2016,70000000,74571547.42,525093,Atlanta Hawks,1,ATL,Georgia,East,Southeast,48,34,0.585,102.8,99.2,3.49,Lamar Patterson,SG,24,525093,563610,35,0,11.3,0.8,2.3,0.35,0.3,1.4,0.245,0.5,0.9,0.516,0.425,0.5,0.6,0.727,0.1,1.3,1.4,1.1,0.3,0.1,0.7,1.3,2.4,395,5.1,0.468,0.613,0.275,1.1,12.4,6.9,13.6,1.1,0.4,20.4,12.8,-0.3,0.5,0.2,0.025,-4.6,-0.3,-4.9,-0.3
2015/2016,70000000,74571547.42,525093,Toronto Raptors,28,TOR,Ontario,East,Atlantic,56,26,0.683,102.7,98.2,4.08,Patrick Patterson,PF,26,6268675,6728506,79,0,25.6,2.6,6.2,0.414,1.3,3.7,0.362,1.2,2.5,0.49,0.521,0.4,0.4,0.853,1,3.4,4.3,1.2,0.7,0.4,0.8,1.6,6.9,2020,10.6,0.534,0.594,0.069,4.4,14.8,9.7,7.1,1.4,1.3,11.3,12.9,1.6,2,3.6,0.086,0.4,0.6,1,1.5
2015/2016,70000000,74571547.42,525093,Los Angeles Clippers,13,LAC,California,West,Pacific,53,29,0.646,104.5,100.2,4.13,Chris Paul,PG,30,21468695,23043504,74,74,32.7,7,15.1,0.462,1.6,4.4,0.371,5.3,10.6,0.501,0.517,4,4.4,0.896,0.5,3.7,4.2,10,2.1,0.2,2.6,2.5,19.5,2420,26.2,0.575,0.295,0.294,1.8,12,7,52.7,3.1,0.4,13.4,27.1,9.2,3.5,12.7,0.253,7.3,0.5,7.8,6
2015/2016,70000000,74571547.42,525093,Minnesota Timberwolves,18,MIN,Minnesota,West,Northwest,29,53,0.354,102.4,106,-3.38,Adreian Payne,PF,24,1938840,2081061,52,2,9.3,1,2.8,0.366,0.2,0.6,0.281,0.8,2.2,0.389,0.397,0.3,0.5,0.654,0.4,1.8,2.1,0.6,0.3,0.2,0.7,1.5,2.5,486,5.6,0.422,0.221,0.179,4.8,21.5,13.3,8.9,1.7,1.8,18.7,17.7,-0.9,0.4,-0.5,-0.047,-5.9,-0.2,-6.1,-0.5
2015/2016,70000000,74571547.42,525093,Oklahoma City Thunder,21,OKC,Oklahoma,West,Northwest,55,27,0.671,110.2,102.9,7.09,Cameron Payne,PG,21,2021520,2169806,57,1,12.2,2,4.9,0.41,0.6,1.9,0.324,1.4,2.9,0.467,0.475,0.3,0.4,0.792,0.2,1.3,1.5,1.9,0.6,0.1,0.8,1.4,5,698,12.9,0.49,0.399,0.086,1.5,11.2,6.6,22.5,2.6,0.7,13.2,20.3,0.6,0.8,1.4,0.093,-0.4,-0.9,-1.3,0.1
2015/2016,70000000,74571547.42,525093,Orlando Magic,22,ORL,Florida,East,Southeast,35,47,0.427,102.1,103.7,-1.68,Elfrid Payton,PG,21,2505720,2689524,73,69,29.4,4.4,10,0.436,0.4,1.3,0.326,3.9,8.7,0.451,0.456,1.5,2.6,0.589,1.1,2.5,3.6,6.4,1.2,0.3,2.4,2.2,10.7,2145,13.9,0.478,0.126,0.26,3.9,9.6,6.7,32.8,2.1,0.8,17.9,20.4,0.5,1.7,2.2,0.05,-0.9,-0.5,-1.3,0.4
2015/2016,70000000,74571547.42,525093,Minnesota Timberwolves,18,MIN,Minnesota,West,Northwest,29,53,0.354,102.4,106,-3.38,Nikola Pekovic,C,30,12100000,12987580,12,3,13,1.6,4.2,0.38,0,0,,1.6,4.2,0.38,0.38,1.3,1.7,0.8,0.6,1.2,1.8,0.9,0.1,0,0.8,1.8,4.5,156,6.5,0.459,0,0.4,5.3,10.3,7.8,10.7,0.3,0,13.3,19.5,-0.1,0,-0.1,-0.022,-4.7,-3.5,-8.2,-0.2
2015/2016,70000000,74571547.42,525093,New Orleans Pelicans,19,NOP,Louisiana,West,Southwest,30,52,0.366,102.7,106.5,-3.56,Kendrick Perkins,C,31,1499187,1609158,37,5,14.6,1.1,2,0.533,0,0,,1.1,2,0.533,0.533,0.3,0.7,0.44,0.7,2.8,3.5,0.8,0.3,0.3,1.1,1.7,2.5,542,6,0.529,0,0.333,4.9,21.8,13.1,7.9,1,1.7,32.3,10.4,-0.4,0.4,-0.1,-0.007,-5.6,1.3,-4.3,-0.3
2015/2016,70000000,74571547.42,525093,Los Angeles Clippers,13,LAC,California,West,Pacific,53,29,0.646,104.5,100.2,4.13,Paul Pierce,SF,38,3376000,3623642,68,38,18.1,2.1,5.8,0.363,1.1,3.6,0.31,1,2.3,0.445,0.457,0.8,1,0.818,0.2,2.6,2.7,1,0.5,0.3,0.9,1.9,6.1,1231,8.2,0.489,0.61,0.166,1.1,15.2,8.2,8.5,1.3,1.1,12,17.8,-0.6,1.4,0.9,0.033,-2.5,-0.3,-2.8,-0.3
2015/2016,70000000,74571547.42,525093,Utah Jazz,29,UTA,Utah,West,Northwest,40,42,0.488,97.7,95.9,1.84,Tibor Pleiss,C,26,2700000,2898055,12,0,6.8,0.9,2.1,0.44,0,0.2,0,0.9,1.9,0.478,0.44,0.2,0.2,1,0.5,0.8,1.3,0.2,0.1,0.2,0.7,1.6,2,82,3.5,0.464,0.08,0.08,8.6,12.8,10.7,4,0.6,2.1,23.6,19.1,-0.2,0.1,-0.1,-0.041,-7,-1.1,-8.1,-0.1
2015/2016,70000000,74571547.42,525093,Portland Trail Blazers,25,POR,Oregon,West,Northwest,44,38,0.537,105.1,104.3,0.98,Mason Plumlee,C,25,1415520,1519353,82,82,25.4,3.3,6.3,0.516,0,0,0,3.3,6.3,0.52,0.516,2.6,4.1,0.642,2.5,5.2,7.7,2.8,0.8,1,1.9,3.1,9.1,2084,17.2,0.564,0.008,0.648,10.4,22.2,16.3,16.2,1.6,3.2,18.8,17.1,3.4,2.7,6.1,0.14,-0.2,3,2.8,2.5
2015/2016,70000000,74571547.42,525093,Milwaukee Bucks,17,MIL,Wisconsin,East,Central,33,49,0.402,99,103.2,-3.98,Miles Plumlee,C,27,2109293,2264017,61,14,14.3,2.3,3.8,0.601,0,0,,2.3,3.8,0.601,0.601,0.6,1,0.576,1.5,2.3,3.8,0.3,0.3,0.8,0.7,1.2,5.1,870,17.4,0.606,0,0.253,12.5,18,15.2,2.9,1.2,4.9,13.4,15.5,1.4,0.8,2.2,0.124,-1.4,-0.4,-1.8,0
2015/2016,70000000,74571547.42,525093,Washington Wizards,30,WAS,Washington DC,East,Southeast,41,41,0.5,104.1,104.6,-0.5,Otto Porter,SF,22,4662960,5005005,75,73,30.3,4.5,9.6,0.473,1.3,3.6,0.367,3.2,6,0.536,0.541,1.3,1.7,0.754,1.3,3.9,5.2,1.6,1.4,0.4,0.9,2.2,11.6,2276,14.5,0.564,0.372,0.176,4.7,14.7,9.6,7.9,2.2,1.1,8.3,16.2,3,2.7,5.6,0.119,0.8,1,1.8,2.2
2015/2016,70000000,74571547.42,525093,Chicago Bulls,5,CHI,Illinois,East,Central,42,40,0.512,101.6,103.1,-1.46,Bobby Portis,PF,20,1344120,1442716,62,4,17.8,3,7,0.427,0.3,0.8,0.308,2.7,6.2,0.443,0.445,0.8,1.1,0.727,2,3.5,5.4,0.8,0.4,0.4,0.9,1.6,7,1102,13.8,0.469,0.119,0.151,12,20,16.1,7.5,1.1,1.5,10.4,20.7,0.3,1.3,1.5,0.066,-2.4,-0.9,-3.3,-0.4
2015/2016,70000000,74571547.42,525093,New York Knicks,20,NYK,New York,East,Atlantic,32,50,0.39,98.4,101.1,-2.74,Kristaps Porzingis,PF,20,4131720,4434797,72,72,28.4,5.2,12.3,0.421,1.1,3.4,0.333,4.1,8.9,0.454,0.467,2.8,3.3,0.838,1.8,5.5,7.3,1.3,0.7,1.9,1.7,2.8,14.3,2047,17.7,0.518,0.274,0.271,7.1,20.7,14,7.9,1.3,5,10.9,24.6,1.5,2.9,4.4,0.102,-0.8,0.9,0.2,1.1
2015/2016,70000000,74571547.42,525093,Dallas Mavericks,7,DAL,Texas,West,Southwest,42,40,0.512,102.3,102.6,-0.02,Dwight Powell,PF,24,845059,907047,69,2,14.4,2.1,4.3,0.493,0,0.2,0.125,2.1,4.1,0.514,0.497,1.5,2.1,0.739,1.2,2.7,4,0.6,0.5,0.3,0.6,1.7,5.8,992,16.8,0.557,0.054,0.48,9.3,20.9,15.1,7.2,1.8,2,10,18.4,1.8,1.3,3.1,0.151,-1.3,1,-0.3,0.4
2015/2016,70000000,74571547.42,525093,Toronto Raptors,28,TOR,Ontario,East,Atlantic,56,26,0.683,102.7,98.2,4.08,Norman Powell,SG,22,650000,697679,49,24,14.8,2,4.7,0.424,0.7,1.8,0.404,1.2,2.9,0.436,0.502,0.9,1.1,0.811,0.3,1.9,2.3,1,0.6,0.2,0.7,1.2,5.6,725,13.3,0.541,0.389,0.231,2.6,14.8,8.8,10.4,2.1,1.1,11.3,17.8,0.7,0.9,1.6,0.105,-0.3,-0.1,-0.4,0.3
2015/2016,70000000,74571547.42,525093,#N/A,#N/A,TOT,#N/A,#N/A,#N/A,#N/A,#N/A,#N/A,#N/A,#N/A,#N/A,Phil Pressey,PG,24,1014142,1088532,23,0,12.3,1.3,3.4,0.385,0.2,0.8,0.222,1.1,2.6,0.433,0.41,0.6,1.1,0.52,0.1,1.2,1.3,3.3,0.8,0.2,1.4,1.2,3.3,283,10.6,0.433,0.231,0.321,1.1,11.1,6,40.7,3.1,1.1,27,18.7,-0.4,0.3,-0.1,-0.017,-4.8,-1.5,-6.4,-0.3
2015/2016,70000000,74571547.42,525093,Philadelphia 76ers,23,PHI,Pennsylvania,East,Atlantic,10,72,0.122,97.4,107.6,-9.92,Phil Pressey,PG,24,1014142,1088532,14,0,12.1,1.5,3.9,0.382,0.3,0.9,0.308,1.2,3,0.405,0.418,0.6,1.3,0.5,0,1.6,1.6,3.3,0.8,0.1,1.4,1,3.9,170,11.8,0.437,0.236,0.327,0,15.2,7.4,43.2,3.2,0.4,23.2,21.1,-0.2,0.2,0,-0.014,-4.2,-1.5,-5.7,-0.2
2015/2016,70000000,74571547.42,525093,Phoenix Suns,24,PHO,Arizona,West,Pacific,23,59,0.28,100.9,107.5,-6.32,Phil Pressey,PG,24,1014142,1088532,9,0,12.6,1,2.6,0.391,0,0.6,0,1,2,0.5,0.391,0.4,0.8,0.571,0.3,0.6,0.9,3.2,0.8,0.3,1.6,1.6,2.4,113,8.6,0.422,0.217,0.304,2.8,4.9,3.8,37,3,2.2,34.9,15.1,-0.2,0.1,-0.1,-0.022,-5.7,-1.6,-7.3,-0.2
2015/2016,70000000,74571547.42,525093,Phoenix Suns,24,PHO,Arizona,West,Pacific,23,59,0.28,100.9,107.5,-6.32,Ronnie Price,PG,32,1499187,1609158,62,18,19.5,1.9,4.9,0.384,1.1,3.2,0.347,0.8,1.7,0.453,0.497,0.5,0.7,0.756,0.4,1.2,1.6,2.4,1.2,0.2,1.1,2.6,5.3,1211,9.6,0.517,0.649,0.136,2.2,6.8,4.4,17.9,3,0.9,17.9,13.7,0.4,1,1.4,0.056,-0.7,-0.1,-0.8,0.4
2015/2016,70000000,74571547.42,525093,Los Angeles Clippers,13,LAC,California,West,Pacific,53,29,0.646,104.5,100.2,4.13,Pablo Prigioni,PG,38,1421348,1525608,59,3,13.9,0.9,2.5,0.374,0.5,1.6,0.295,0.5,0.9,0.519,0.469,0.1,0.1,0.875,0.6,1.3,1.9,2.2,0.9,0,0.8,1.4,2.5,823,10.2,0.482,0.646,0.054,5.1,9.9,7.5,21.8,3.2,0.1,24.6,11,0.3,1.1,1.5,0.087,-1.1,1.5,0.4,0.5
2015/2016,70000000,74571547.42,525093,Minnesota Timberwolves,18,MIN,Minnesota,West,Northwest,29,53,0.354,102.4,106,-3.38,Tayshaun Prince,SF,35,1499187,1609158,77,44,19,1.3,3,0.445,0.1,0.3,0.174,1.3,2.7,0.476,0.454,0.2,0.2,0.684,0.4,1.5,1.9,0.9,0.5,0.2,0.4,0.8,2.9,1462,6.3,0.466,0.1,0.083,2.6,9,5.8,7,1.2,0.7,10.2,8.1,0.1,0.3,0.4,0.014,-2.9,-0.2,-3.1,-0.4
2015/2016,70000000,74571547.42,525093,Los Angeles Lakers,14,LAL,California,West,Pacific,17,65,0.207,97.3,106.9,-8.92,Julius Randle,PF,21,3132240,3362001,81,60,28.2,4.4,10.3,0.429,0.1,0.4,0.278,4.3,9.9,0.436,0.435,2.4,3.3,0.715,2.1,8.1,10.2,1.8,0.7,0.4,1.8,3,11.3,2286,13.9,0.482,0.043,0.323,7.8,32,19.5,11,1.2,1,13.5,21.2,-0.3,1.9,1.6,0.035,-3.7,0,-3.6,-0.9
2015/2016,70000000,74571547.42,525093,Memphis Grizzlies,15,MEM,Tennessee,West,Southwest,42,40,0.512,99.1,101.3,-2.14,Zach Randolph,PF,34,10000000,10733537,68,53,29.6,6.3,13.3,0.475,0.1,0.4,0.231,6.3,13,0.482,0.479,2.5,3.2,0.796,2.6,5.1,7.8,2.1,0.6,0.2,1.5,2.1,15.3,2016,18.3,0.519,0.029,0.238,9.7,20.7,15,12.9,1.1,0.6,9.5,24.6,2.8,1.5,4.3,0.103,0.3,-1.1,-0.8,0.6
2015/2016,70000000,74571547.42,525093,Los Angeles Clippers,13,LAC,California,West,Pacific,53,29,0.646,104.5,100.2,4.13,JJ Redick,SG,31,7085000,7604711,75,75,28,5.6,11.7,0.48,2.7,5.6,0.475,3,6.1,0.484,0.593,2.4,2.7,0.888,0.1,1.7,1.9,1.4,0.6,0.1,1,1.8,16.3,2097,17.5,0.632,0.478,0.233,0.5,6.6,3.6,8.6,1,0.2,7.4,22.6,5.3,1.4,6.7,0.154,3.5,-2.7,0.8,1.5
2015/2016,70000000,74571547.42,525093,Brooklyn Nets,3,BRK,New York,East,Atlantic,21,61,0.256,98.6,106,-7.12,Willie Reed,C,25,525093,563610,39,2,10.9,1.9,3.4,0.571,0,0,,1.9,3.4,0.571,0.571,0.8,1.4,0.545,1.3,1.9,3.1,0.3,0.2,0.8,0.4,1.2,4.7,426,19.2,0.579,0,0.414,12.7,19.6,16.1,3.8,0.7,5.7,9.2,18.1,0.9,0.3,1.2,0.134,-1.2,-0.4,-1.6,0
2015/2016,70000000,74571547.42,525093,Miami Heat,16,MIA,Florida,East,Southeast,48,34,0.585,100,98.4,1.5,Josh Richardson,SG,22,525093,563610,52,2,21.3,2.4,5.2,0.452,1,2.2,0.461,1.3,3,0.446,0.55,0.8,1.2,0.667,0.4,1.7,2.1,1.4,0.7,0.5,0.7,2.1,6.6,1107,11.4,0.569,0.423,0.232,2.2,8.5,5.5,9.7,1.7,1.7,10.5,13.8,1.3,1.2,2.5,0.109,0.2,0.4,0.6,0.7
2015/2016,70000000,74571547.42,525093,Los Angeles Clippers,13,LAC,California,West,Pacific,53,29,0.646,104.5,100.2,4.13,Austin Rivers,SG,23,3110796,3338984,67,7,21.9,3.4,7.7,0.438,0.9,2.8,0.335,2.4,4.9,0.495,0.498,1.2,1.7,0.681,0.3,1.6,1.9,1.5,0.7,0.1,0.9,2,8.9,1464,11.1,0.523,0.359,0.225,1.7,7.9,4.8,10.6,1.6,0.5,9.7,19.4,0.6,1.3,1.9,0.063,-1.2,-1,-2.2,-0.1
2015/2016,70000000,74571547.42,525093,Oklahoma City Thunder,21,OKC,Oklahoma,West,Northwest,55,27,0.671,110.2,102.9,7.09,Andre Roberson,SG,24,1210800,1299616,70,70,22.2,1.9,3.9,0.496,0.5,1.5,0.311,1.5,2.4,0.608,0.555,0.5,0.8,0.611,1.1,2.5,3.6,0.7,0.8,0.6,0.5,1.9,4.8,1553,10.2,0.566,0.376,0.197,5.9,11.4,8.8,4,1.7,2,10.5,9.1,1.8,1.6,3.4,0.105,0,1.3,1.4,1.3
2015/2016,70000000,74571547.42,525093,#N/A,#N/A,TOT,#N/A,#N/A,#N/A,#N/A,#N/A,#N/A,#N/A,#N/A,#N/A,Brian Roberts,PG,30,2854940,3064360,51,0,9.2,1.5,3.2,0.448,0.3,0.8,0.357,1.2,2.4,0.48,0.494,0.8,0.9,0.894,0.1,0.7,0.8,1.1,0.2,0,0.5,0.7,4,470,13.8,0.552,0.255,0.285,1.4,8.2,4.8,18.6,1.1,0.3,11,19.8,0.7,0.3,1,0.105,-1.1,-2.8,-3.9,-0.2
2015/2016,70000000,74571547.42,525093,Charlotte Hornets,4,CHO,North Carolina,East,Southeast,48,34,0.585,103.4,100.7,2.36,Brian Roberts,PG,30,2854940,3064360,30,0,11.1,1.7,3.8,0.443,0.3,0.9,0.333,1.4,2.9,0.477,0.483,1.1,1.2,0.919,0.1,0.8,1,1.3,0.2,0,0.5,0.8,4.8,333,13.9,0.552,0.235,0.322,1.3,8.3,4.8,18.7,1.1,0.2,10.9,19.9,0.5,0.3,0.8,0.108,-1.2,-2.6,-3.8,-0.2
2015/2016,70000000,74571547.42,525093,Portland Trail Blazers,25,POR,Oregon,West,Northwest,44,38,0.537,105.1,104.3,0.98,Brian Roberts,PG,30,2854940,3064360,21,0,6.5,1.1,2.4,0.46,0.3,0.7,0.4,0.8,1.7,0.486,0.52,0.4,0.5,0.8,0.1,0.5,0.6,0.8,0.1,0,0.3,0.6,2.9,137,13.7,0.551,0.3,0.2,1.6,7.9,4.7,18.5,1.1,0.6,11.4,19.6,0.2,0.1,0.3,0.096,-0.8,-3.3,-4,-0.1
2015/2016,70000000,74571547.42,525093,Indiana Pacers,12,IND,Indiana,East,Central,45,37,0.549,102.2,100.5,1.62,Glenn Robinson III,SF,22,1100000,1180689,45,4,11.3,1.4,3.4,0.43,0.3,0.8,0.378,1.1,2.5,0.447,0.477,0.6,0.9,0.692,0.3,1.2,1.5,0.6,0.4,0.2,0.4,0.5,3.8,508,11.4,0.508,0.245,0.258,2.6,12,7.3,7.7,1.7,1.4,9.7,16.1,0.2,0.6,0.8,0.078,-3,0,-3,-0.1
2015/2016,70000000,74571547.42,525093,New Orleans Pelicans,19,NOP,Louisiana,West,Southwest,30,52,0.366,102.7,106.5,-3.56,Nate Robinson,PG,31,26456,28396,2,1,11.5,0,0.5,0,0,0.5,0,0,0,,0,0,0,,0,0,0,2,0.5,0,0,2.5,0,23,2.6,0,1,0,0,0,0,21.8,2.2,0,0,1.9,0,0,0,0.038,-6.1,-4.7,-10.8,-0.1
2015/2016,70000000,74571547.42,525093,Brooklyn Nets,3,BRK,New York,East,Atlantic,21,61,0.256,98.6,106,-7.12,Thomas Robinson,PF,24,981348,1053333,71,7,12.9,1.8,4.1,0.447,0,0,0,1.8,4.1,0.448,0.447,0.7,1.5,0.431,1.9,3.1,5.1,0.6,0.5,0.5,1,1.6,4.3,917,14.5,0.453,0.003,0.375,16.4,27.8,22,7.7,2.1,3.2,16.9,19.8,-0.5,1.1,0.6,0.033,-3.8,0.9,-2.9,-0.2
2015/2016,70000000,74571547.42,525093,Sacramento Kings,26,SAC,California,West,Pacific,33,49,0.402,106.6,109.1,-2.32,Rajon Rondo,PG,29,9500000,10196860,72,72,35.2,4.9,10.9,0.454,0.9,2.4,0.365,4.1,8.5,0.479,0.494,1.2,2.1,0.58,1.1,5,6,11.7,2,0.1,3.9,2.4,11.9,2537,16.9,0.506,0.217,0.192,3.3,15.2,9.3,48,2.7,0.3,24.7,18.8,2.3,2.3,4.6,0.087,0.8,0.2,1,1.9
2015/2016,70000000,74571547.42,525093,Chicago Bulls,5,CHI,Illinois,East,Central,42,40,0.512,101.6,103.1,-1.46,Derrick Rose,PG,27,20093064,21566966,66,66,31.8,6.8,15.9,0.427,0.7,2.3,0.293,6.1,13.6,0.449,0.448,2.2,2.7,0.793,0.7,2.7,3.4,4.7,0.7,0.2,2.7,1.3,16.4,2097,13.4,0.479,0.143,0.171,2.4,8.8,5.6,25.5,1.1,0.5,13.4,27.3,-0.8,1.2,0.4,0.009,-1.2,-2.1,-3.3,-0.7
2015/2016,70000000,74571547.42,525093,Toronto Raptors,28,TOR,Ontario,East,Atlantic,56,26,0.683,102.7,98.2,4.08,Terrence Ross,SF,24,3553917,3814610,73,7,23.9,3.7,8.6,0.431,1.8,4.6,0.386,1.9,3.9,0.484,0.536,0.7,0.8,0.79,0.3,2.2,2.5,0.8,0.7,0.3,0.6,1.6,9.9,1747,12.9,0.551,0.542,0.099,1.4,10.6,6.1,5.3,1.6,1.2,6.6,18.2,2.1,1.6,3.6,0.1,1.1,-1.2,-0.2,0.8
2015/2016,70000000,74571547.42,525093,Boston Celtics,2,BOS,Massachusetts,East,Atlantic,48,34,0.585,105.7,102.5,2.84,Terry Rozier,PG,21,1824360,1958183,39,0,8,0.7,2.7,0.274,0.2,0.7,0.222,0.6,2,0.291,0.302,0.2,0.3,0.8,0.6,1,1.6,0.9,0.2,0,0.5,0.6,1.8,311,5,0.326,0.255,0.094,8.1,13.5,10.8,16.5,0.9,0.3,14.7,17.7,-0.6,0.3,-0.3,-0.047,-5.9,-0.8,-6.6,-0.4
2015/2016,70000000,74571547.42,525093,Minnesota Timberwolves,18,MIN,Minnesota,West,Northwest,29,53,0.354,102.4,106,-3.38,Ricky Rubio,PG,25,12700000,13631593,76,76,30.6,2.9,7.7,0.374,0.8,2.5,0.326,2.1,5.2,0.396,0.427,3.5,4.1,0.847,0.5,3.8,4.3,8.7,2.1,0.1,2.5,2.6,10.1,2323,17.6,0.529,0.324,0.536,2,14.1,8.2,41.4,3.5,0.4,21,17.7,3.6,2.2,5.8,0.119,1.8,0.1,1.9,2.3
2015/2016,70000000,74571547.42,525093,Minnesota Timberwolves,18,MIN,Minnesota,West,Northwest,29,53,0.354,102.4,106,-3.38,Damjan Rudez,SF,29,1149500,1233820,33,0,8.4,0.8,1.9,0.403,0.5,1.5,0.34,0.2,0.4,0.667,0.54,0.2,0.2,1,0.2,0.5,0.6,0.3,0.1,0,0.4,1,2.3,277,5.5,0.572,0.806,0.129,2.1,6.2,4.2,5.8,0.5,0.3,16.6,12.7,0.1,0,0.1,0.009,-1.2,-3.5,-4.7,-0.2
2015/2016,70000000,74571547.42,525093,Golden State Warriors,10,GSW,California,West,Pacific,73,9,0.89,114.9,104.1,10.38,Brandon Rush,SG,30,1270964,1364194,72,25,14.7,1.5,3.6,0.427,0.9,2.2,0.414,0.6,1.4,0.447,0.552,0.3,0.4,0.643,0.3,2.2,2.5,0.8,0.3,0.3,0.5,0.8,4.2,1055,10.1,0.56,0.604,0.108,2.3,15.4,9.2,7,0.9,1.6,10.8,12.5,0.8,1.2,2,0.09,-1.2,-0.2,-1.3,0.2
2015/2016,70000000,74571547.42,525093,Los Angeles Lakers,14,LAL,California,West,Pacific,17,65,0.207,97.3,106.9,-8.92,D'Angelo Russell,PG,19,5103120,5477453,80,48,28.2,4.9,12,0.41,1.6,4.6,0.351,3.3,7.3,0.447,0.478,1.8,2.4,0.737,0.6,2.8,3.4,3.3,1.2,0.2,2.5,1.8,13.2,2259,13.2,0.507,0.387,0.199,2.2,11.2,6.5,21.2,2.1,0.5,15.9,24.1,-0.7,0.7,0,0.001,-0.2,-1.7,-1.8,0.1
2015/2016,70000000,74571547.42,525093,Los Angeles Lakers,14,LAL,California,West,Pacific,17,65,0.207,97.3,106.9,-8.92,Robert Sacre,C,26,981358,1053344,25,1,12.8,1.2,3,0.413,0,0,,1.2,3,0.413,0.413,1,1.5,0.658,1.3,1.6,2.9,0.6,0.2,0.4,0.5,1.7,3.5,320,10.4,0.474,0,0.507,10.4,13.9,12.1,6.9,0.6,2.5,11.6,14.3,0.2,0.1,0.3,0.04,-3.5,-0.8,-4.3,-0.2
2015/2016,70000000,74571547.42,525093,#N/A,#N/A,TOT,#N/A,#N/A,#N/A,#N/A,#N/A,#N/A,#N/A,#N/A,#N/A,JaKarr Sampson,SF,22,1103547,1184496,73,40,15.9,1.9,4.3,0.442,0.2,0.9,0.222,1.7,3.5,0.496,0.464,1.1,1.7,0.656,0.6,2,2.6,0.6,0.3,0.5,1,1.9,5.1,1160,8.3,0.504,0.199,0.385,4.2,14,9,6.2,1,2.2,15.9,16.6,-0.5,0.6,0.1,0.006,-4.6,-0.8,-5.4,-1
2015/2016,70000000,74571547.42,525093,Philadelphia 76ers,23,PHI,Pennsylvania,East,Atlantic,10,72,0.122,97.4,107.6,-9.92,JaKarr Sampson,SF,22,1103547,1184496,47,18,14.7,1.8,4.3,0.426,0.1,0.7,0.176,1.7,3.6,0.476,0.441,1.3,2.1,0.639,0.6,2.1,2.7,0.6,0.2,0.3,1.1,1.9,5.1,691,7.7,0.49,0.168,0.48,4.6,16.1,10.2,6.9,0.8,1.8,17.2,18.7,-0.6,0.3,-0.3,-0.021,-5.8,-1.6,-7.3,-0.9
2015/2016,70000000,74571547.42,525093,Denver Nuggets,8,DEN,Colorado,West,Northwest,33,49,0.402,101.9,105,-2.81,JaKarr Sampson,SF,22,1103547,1184496,26,22,18,2.1,4.4,0.47,0.3,1.1,0.276,1.8,3.3,0.535,0.504,0.7,1,0.72,0.6,1.7,2.3,0.6,0.5,0.7,0.7,2,5.2,469,9.3,0.532,0.252,0.217,3.7,10.8,7.2,5.1,1.3,3,13.1,13.5,0.1,0.3,0.4,0.045,-2.8,0.2,-2.6,-0.1
2015/2016,70000000,74571547.42,525093,Atlanta Hawks,1,ATL,Georgia,East,Southeast,48,34,0.585,102.8,99.2,3.49,Dennis Schroeder,PG,22,1763400,1892752,80,6,20.3,4.1,9.8,0.421,1,3,0.322,3.2,6.8,0.465,0.471,1.8,2.3,0.791,0.3,2.2,2.6,4.4,0.9,0.1,2.3,1.7,11,1621,15.5,0.51,0.306,0.233,1.7,11.8,6.9,36.1,2.1,0.4,17.5,28.8,-0.2,2.3,2.2,0.064,-0.5,-0.9,-1.4,0.3
2015/2016,70000000,74571547.42,525093,Toronto Raptors,28,TOR,Ontario,East,Atlantic,56,26,0.683,102.7,98.2,4.08,Luis Scola,PF,35,2900000,3112725,76,76,21.5,3.5,7.9,0.45,0.9,2.1,0.404,2.7,5.8,0.467,0.504,0.8,1.1,0.726,1.1,3.6,4.7,0.9,0.6,0.4,0.9,2.3,8.7,1636,13.6,0.523,0.269,0.14,6,19,12.6,6.8,1.5,1.4,9.7,19.5,1.4,1.9,3.3,0.098,-0.8,-0.4,-1.2,0.3
2015/2016,70000000,74571547.42,525093,Atlanta Hawks,1,ATL,Georgia,East,Southeast,48,34,0.585,102.8,99.2,3.49,Mike Scott,PF,27,3333333,3577845,75,0,15.3,2.3,5,0.468,0.8,2.1,0.392,1.5,2.9,0.523,0.551,0.7,0.8,0.794,0.7,2,2.7,1,0.3,0.2,0.6,1.4,6.2,1146,14,0.575,0.42,0.168,5.2,14.2,9.8,10.5,1.1,1.2,9.4,17.4,1.7,1.5,3.2,0.132,-0.2,-0.4,-0.6,0.4
2015/2016,70000000,74571547.42,525093,Atlanta Hawks,1,ATL,Georgia,East,Southeast,48,34,0.585,102.8,99.2,3.49,Thabo Sefolosha,SF,31,4000000,4293415,75,11,23.4,2.5,5,0.505,0.6,1.7,0.339,1.9,3.3,0.589,0.562,0.8,1.3,0.626,0.7,3.8,4.5,1.4,1.1,0.5,0.9,1.5,6.4,1758,12.4,0.578,0.333,0.266,3.3,17.1,10.4,8.8,2.4,1.7,14.1,12.3,1.3,3.2,4.5,0.122,-1.7,2.8,1.1,1.4
2015/2016,70000000,74571547.42,525093,New York Knicks,20,NYK,New York,East,Atlantic,32,50,0.39,98.4,101.1,-2.74,Kevin Seraphin,C,26,2814000,3020417,48,0,11,1.8,4.3,0.41,0,0,0,1.8,4.2,0.414,0.41,0.4,0.5,0.826,0.6,2,2.6,1,0.2,0.8,0.9,1.4,3.9,526,10.8,0.435,0.01,0.112,6.5,19.5,13.1,14.8,0.8,5.2,16.7,22.2,-0.8,0.7,-0.2,-0.015,-5.9,1.5,-4.4,-0.3
2015/2016,70000000,74571547.42,525093,Washington Wizards,30,WAS,Washington DC,East,Southeast,41,41,0.5,104.1,104.6,-0.5,Ramon Sessions,PG,29,2170465,2329676,82,5,20.3,3.4,7.2,0.473,0.4,1.4,0.324,3,5.9,0.507,0.503,2.6,3.5,0.756,0.3,2.2,2.5,2.9,0.6,0.1,1.4,1.2,9.9,1667,15.9,0.565,0.188,0.478,1.6,12.2,6.8,22,1.3,0.2,13.8,21.8,2.5,1.3,3.8,0.109,-0.3,-1.5,-1.8,0.1
2015/2016,70000000,74571547.42,525093,Cleveland Cavaliers,6,CLE,Ohio,East,Central,57,25,0.695,104.3,98.3,5.45,Iman Shumpert,SG,25,8988765,9648124,54,5,24.4,2.1,5.6,0.374,0.8,2.7,0.295,1.3,2.9,0.447,0.444,0.7,0.9,0.784,0.6,3.2,3.8,1.7,1,0.4,1.1,2.2,5.8,1316,8.4,0.475,0.479,0.167,2.8,14.6,8.7,9.8,2.1,1.2,14.8,13.2,-0.1,1.8,1.7,0.063,-2.1,1.9,-0.2,0.6
2015/2016,70000000,74571547.42,525093,San Antonio Spurs,27,SAS,Texas,West,Southwest,67,15,0.817,103.5,92.9,10.28,Jonathon Simmons,SG,26,525093,563610,55,2,14.8,2.2,4.4,0.504,0.3,0.9,0.383,1.9,3.5,0.533,0.541,1.3,1.7,0.75,0.3,1.5,1.7,1.1,0.4,0.1,1,1.9,6,813,11.9,0.586,0.194,0.38,2.3,10.8,6.7,10.4,1.5,0.5,15.8,18.9,0.7,1.3,2,0.119,-1.1,0.2,-1,0.2
2015/2016,70000000,74571547.42,525093,Brooklyn Nets,3,BRK,New York,East,Atlantic,21,61,0.256,98.6,106,-7.12,Henry Sims,C,25,161633,173489,14,4,18.8,2.4,5.5,0.429,0,0,,2.4,5.5,0.429,0.429,1.8,2.1,0.833,1.5,3.6,5.1,0.6,0.6,1,0.9,2.6,6.5,263,13.9,0.504,0,0.39,8.8,22.2,15.4,5.1,1.7,4.3,11.7,17.3,0.2,0.3,0.4,0.079,-3.5,0.9,-2.6,0
2015/2016,70000000,74571547.42,525093,Oklahoma City Thunder,21,OKC,Oklahoma,West,Northwest,55,27,0.671,110.2,102.9,7.09,Kyle Singler,SF,27,4500000,4830092,68,2,14.4,1.3,3.3,0.389,0.4,1.4,0.309,0.8,1.8,0.452,0.457,0.4,0.6,0.659,0.7,1.3,2.1,0.4,0.4,0.1,0.5,1.8,3.4,977,6.6,0.481,0.439,0.199,5.9,9.6,7.9,3.2,1.5,0.7,11.7,11.9,0.3,0.8,1.1,0.054,-1.7,-0.8,-2.5,-0.1
2015/2016,70000000,74571547.42,525093,Brooklyn Nets,3,BRK,New York,East,Atlantic,21,61,0.256,98.6,106,-7.12,Donald Sloan,PG,28,1015421,1089905,61,33,21.6,2.5,5.7,0.44,0.6,1.6,0.384,1.9,4.1,0.462,0.494,1.3,1.7,0.75,0.3,2.6,2.8,4.4,0.5,0.1,1.3,1.2,7,1318,13.9,0.536,0.283,0.297,1.4,13.5,7.4,30,1.2,0.2,16.8,16.1,1.7,0.3,2,0.071,-0.3,-2.1,-2.4,-0.1
2015/2016,70000000,74571547.42,525093,Boston Celtics,2,BOS,Massachusetts,East,Atlantic,48,34,0.585,105.7,102.5,2.84,Marcus Smart,PG,21,3431040,3682719,61,10,27.3,3,8.7,0.348,1,4,0.253,2,4.7,0.427,0.405,2.1,2.7,0.777,1.2,2.9,4.2,3,1.5,0.3,1.3,3,9.1,1667,11.3,0.463,0.456,0.314,4.8,11.6,8.1,15.8,2.7,0.8,11.7,17.4,0.5,2.4,2.9,0.083,-0.6,1.3,0.7,1.1
2015/2016,70000000,74571547.42,525093,Minnesota Timberwolves,18,MIN,Minnesota,West,Northwest,29,53,0.354,102.4,106,-3.38,Greg Smith,PF,25,197111,211569,18,0,10.7,1,1.8,0.563,0,0,,1,1.8,0.563,0.563,0.4,0.9,0.412,0.7,1.7,2.3,0.3,0.2,0.1,0.4,1.6,2.4,192,7.9,0.545,0,0.531,7.4,17.9,12.7,4.6,1.1,0.4,15.1,10.8,0.1,0.1,0.2,0.045,-3,-1.2,-4.3,-0.1
2015/2016,70000000,74571547.42,525093,#N/A,#N/A,TOT,#N/A,#N/A,#N/A,#N/A,#N/A,#N/A,#N/A,#N/A,#N/A,Ishmael Smith,PG,27,1100602,1181335,77,53,29.1,5.2,12.6,0.411,0.7,2.2,0.329,4.4,10.4,0.428,0.44,1.6,2.3,0.693,0.6,3.4,4,6.5,1.1,0.3,2.3,1.7,12.6,2239,14.9,0.465,0.176,0.182,2,13.3,7.5,38.3,1.9,0.8,14.4,23.9,0,1.3,1.3,0.027,-0.6,-1.1,-1.7,0.1
2015/2016,70000000,74571547.42,525093,New Orleans Pelicans,19,NOP,Louisiana,West,Southwest,30,52,0.366,102.7,106.5,-3.56,Ishmael Smith,PG,27,1100602,1181335,27,3,22.9,3.6,8.4,0.43,0.4,1.2,0.303,3.3,7.2,0.451,0.452,1.2,1.6,0.767,0.5,2.9,3.4,5.7,0.9,0.2,1.7,1.4,8.9,617,16.3,0.484,0.145,0.189,2.4,14.5,8.3,39.1,1.9,0.8,15.4,20.9,0.5,0.4,0.9,0.07,-0.2,-0.9,-1.1,0.1
2015/2016,70000000,74571547.42,525093,Philadelphia 76ers,23,PHI,Pennsylvania,East,Atlantic,10,72,0.122,97.4,107.6,-9.92,Ishmael Smith,PG,27,1100602,1181335,50,50,32.4,6,14.8,0.405,0.9,2.7,0.336,5.1,12,0.42,0.436,1.8,2.7,0.669,0.6,3.7,4.3,7,1.3,0.4,2.6,1.9,14.7,1622,14.4,0.46,0.185,0.18,1.9,12.8,7.1,37.9,1.9,0.8,14,25,-0.6,0.9,0.4,0.011,-0.8,-1.2,-2,0
2015/2016,70000000,74571547.42,525093,Cleveland Cavaliers,6,CLE,Ohio,East,Central,57,25,0.695,104.3,98.3,5.45,JR Smith,SG,30,5000000,5366768,77,77,30.7,4.6,11,0.415,2.6,6.6,0.4,1.9,4.4,0.438,0.535,0.6,0.9,0.634,0.6,2.3,2.8,1.7,1.1,0.3,0.8,2.6,12.4,2362,12.4,0.542,0.6,0.084,2.1,8.3,5.2,8.5,1.8,0.7,6.3,18,3,2.5,5.5,0.111,1.8,-0.4,1.3,2
2015/2016,70000000,74571547.42,525093,Orlando Magic,22,ORL,Florida,East,Southeast,35,47,0.427,102.1,103.7,-1.68,Jason Smith,C,29,4300000,4615421,76,2,15.5,3.2,6.6,0.485,0.1,0.2,0.25,3.2,6.4,0.493,0.489,0.7,0.9,0.806,0.7,2.2,2.9,0.8,0.4,0.9,0.8,2.1,7.2,1181,14.6,0.513,0.032,0.133,4.9,15.8,10.3,8.6,1.4,4.6,9.7,22.1,0.4,1.4,1.8,0.072,-3.1,0.6,-2.5,-0.1
2015/2016,70000000,74571547.42,525093,#N/A,#N/A,TOT,#N/A,#N/A,#N/A,#N/A,#N/A,#N/A,#N/A,#N/A,#N/A,Josh Smith,PF,30,6830916,7331989,55,7,16,2.3,6.3,0.364,0.7,2.6,0.287,1.6,3.7,0.417,0.423,0.7,1.2,0.552,0.9,2.6,3.5,1.6,0.6,0.9,1.4,2.1,6,880,10.6,0.439,0.41,0.192,6.4,17.4,11.9,15.9,1.9,4.3,16.9,22.9,-1.2,1.2,0,0,-3.6,1.6,-2,0
2015/2016,70000000,74571547.42,525093,Los Angeles Clippers,13,LAC,California,West,Pacific,53,29,0.646,104.5,100.2,4.13,Josh Smith,PF,30,6830916,7331989,32,1,14.3,2.2,5.6,0.383,0.6,1.8,0.31,1.6,3.8,0.418,0.433,0.8,1.3,0.595,1,2.9,3.9,1.3,0.6,1.1,1.3,1.9,5.7,459,13.2,0.456,0.322,0.233,8,21.5,14.8,14.3,2,5.8,17.1,23.6,-0.6,0.9,0.3,0.036,-3.8,3.6,-0.1,0.2
2015/2016,70000000,74571547.42,525093,Houston Rockets,11,HOU,Texas,West,Southwest,41,41,0.5,106.5,106.4,0.34,Josh Smith,PF,30,6830916,7331989,23,6,18.3,2.5,7.3,0.343,1,3.7,0.271,1.5,3.7,0.417,0.411,0.5,1.1,0.48,0.8,2.1,2.9,2.1,0.7,0.6,1.6,2.4,6.6,421,7.7,0.419,0.503,0.148,4.7,12.9,8.8,17.7,1.9,2.6,16.7,22.1,-0.7,0.3,-0.4,-0.04,-3.4,-0.7,-4.1,-0.2
2015/2016,70000000,74571547.42,525093,Memphis Grizzlies,15,MEM,Tennessee,West,Southwest,42,40,0.512,99.1,101.3,-2.14,Russ Smith,PG,24,845059,907047,15,0,4.4,0.5,1.5,0.318,0.1,0.3,0.2,0.4,1.1,0.353,0.341,0.5,0.9,0.615,0.1,0.5,0.6,0.7,0.3,0.1,0.5,0.3,1.5,66,10.5,0.415,0.227,0.591,1.7,14.4,7.8,25.4,3.9,1.4,20.2,23.6,-0.1,0.1,-0.1,-0.041,-5,0.3,-4.8,0
2015/2016,70000000,74571547.42,525093,Chicago Bulls,5,CHI,Illinois,East,Central,42,40,0.512,101.6,103.1,-1.46,Tony Snell,SF,24,1535880,1648542,64,33,20.3,2,5.3,0.372,0.9,2.4,0.361,1.1,2.9,0.38,0.454,0.5,0.5,0.909,0.3,2.8,3.1,1,0.3,0.3,0.8,1.6,5.3,1301,6.4,0.478,0.457,0.097,1.6,14.3,8.1,6.9,0.6,1,12.8,13.7,-0.5,1,0.4,0.016,-3.4,-0.7,-4.1,-0.7
2015/2016,70000000,74571547.42,525093,Golden State Warriors,10,GSW,California,West,Pacific,73,9,0.89,114.9,104.1,10.38,Marreese Speights,C,28,3815500,4095381,72,0,11.6,2.7,6.3,0.432,0.3,0.9,0.387,2.4,5.5,0.439,0.458,1.3,1.6,0.825,1.1,2.3,3.3,0.8,0.3,0.5,0.9,1.6,7.1,832,17.1,0.506,0.136,0.25,10.6,19.8,15.5,11.4,1.1,3,11.5,29.7,0.5,1.2,1.8,0.102,-2.9,-1.1,-3.9,-0.4
2015/2016,70000000,74571547.42,525093,Atlanta Hawks,1,ATL,Georgia,East,Southeast,48,34,0.585,102.8,99.2,3.49,Tiago Splitter,C,31,8500000,9123507,36,2,16.1,2.3,4.3,0.523,0,0.1,0,2.3,4.3,0.529,0.523,1.1,1.3,0.813,1.3,2.1,3.3,0.8,0.6,0.3,0.7,2,5.6,579,13.7,0.571,0.013,0.31,8.7,13.8,11.3,7.9,1.7,1.6,12,15.5,0.9,0.9,1.7,0.144,-1.9,1.1,-0.8,0.2
2015/2016,70000000,74571547.42,525093,Philadelphia 76ers,23,PHI,Pennsylvania,East,Atlantic,10,72,0.122,97.4,107.6,-9.92,Nik Stauskas,SG,22,2869440,3079924,73,35,24.8,2.9,7.5,0.385,1.5,4.5,0.326,1.4,3,0.473,0.483,1.2,1.6,0.771,0.3,2.2,2.5,1.9,0.6,0.3,1.3,1.6,8.5,1809,9.2,0.517,0.596,0.217,1.3,10,5.5,12,1.2,0.8,13.6,16.7,0,0.5,0.5,0.012,-1.7,-1.9,-3.6,-0.7
2015/2016,70000000,74571547.42,525093,#N/A,#N/A,TOT,#N/A,#N/A,#N/A,#N/A,#N/A,#N/A,#N/A,#N/A,#N/A,Lance Stephenson,SF,25,9000000,9660184,69,13,19.9,3.3,6.9,0.481,0.4,1.1,0.385,2.9,5.7,0.5,0.513,1.3,1.6,0.784,0.6,2.7,3.2,1.9,0.6,0.1,1.4,2,8.3,1372,13.5,0.548,0.165,0.234,3.2,15.1,9.1,16.2,1.6,0.6,15.2,20.2,0.9,1.3,2.2,0.076,-1.1,-0.3,-1.4,0.2
2015/2016,70000000,74571547.42,525093,Los Angeles Clippers,13,LAC,California,West,Pacific,53,29,0.646,104.5,100.2,4.13,Lance Stephenson,SF,25,9000000,9660184,43,10,15.8,1.9,3.9,0.494,0.4,1.1,0.404,1.5,2.8,0.529,0.551,0.5,0.7,0.7,0.4,2.1,2.5,1.4,0.6,0.1,1.1,1.8,4.7,680,9.8,0.569,0.283,0.181,3.1,14,8.7,13.1,1.8,0.3,21.1,15.1,0.1,0.8,0.9,0.066,-2.4,0.7,-1.6,0.1
2015/2016,70000000,74571547.42,525093,Memphis Grizzlies,15,MEM,Tennessee,West,Southwest,42,40,0.512,99.1,101.3,-2.14,Lance Stephenson,SF,25,9000000,9660184,26,3,26.6,5.6,11.8,0.474,0.4,1.2,0.355,5.2,10.7,0.487,0.492,2.5,3.1,0.815,0.8,3.6,4.4,2.8,0.7,0.2,1.8,2.2,14.2,692,17.1,0.537,0.101,0.263,3.3,16.2,9.5,19.2,1.4,0.8,11.8,25.3,0.8,0.5,1.2,0.086,0.1,-1.3,-1.2,0.1
2015/2016,70000000,74571547.42,525093,#N/A,#N/A,TOT,#N/A,#N/A,#N/A,#N/A,#N/A,#N/A,#N/A,#N/A,#N/A,Alex Stepheson,PF,28,92662,99458,8,0,9.1,1.1,3.4,0.333,0,0,,1.1,3.4,0.333,0.333,0.5,1.5,0.333,2.4,1.1,3.5,0.3,0.1,0.6,0,1.5,2.8,73,14.8,0.341,0,0.444,28.5,14.5,21.8,4.3,0.7,6,0,19.8,0,0.1,0.1,0.068,-2,-1.1,-3.2,0
2015/2016,70000000,74571547.42,525093,Los Angeles Clippers,13,LAC,California,West,Pacific,53,29,0.646,104.5,100.2,4.13,Alex Stepheson,PF,28,92662,99458,4,0,3,0.3,0.3,1,0,0,,0.3,0.3,1,1,0,0.5,0,0.3,0.3,0.5,0,0,0.5,0,1,0.5,12,8.9,0.532,0,2,9.2,8.9,9.1,0,0,13.1,0,7.1,0,0,0,0.113,-4.4,4.4,0,0
2015/2016,70000000,74571547.42,525093,Memphis Grizzlies,15,MEM,Tennessee,West,Southwest,42,40,0.512,99.1,101.3,-2.14,Alex Stepheson,PF,28,92662,99458,4,0,15.3,2,6.5,0.308,0,0,,2,6.5,0.308,0.308,1,2.5,0.4,4.5,2,6.5,0.5,0.3,0.8,0,2,5,61,16,0.329,0,0.385,32.3,15.6,24.3,5.2,0.8,4.6,0,22.4,0,0.1,0.1,0.059,-1.6,-2.2,-3.8,0
2015/2016,70000000,74571547.42,525093,#N/A,#N/A,TOT,#N/A,#N/A,#N/A,#N/A,#N/A,#N/A,#N/A,#N/A,#N/A,Jarnell Stokes,C,22,845059,907047,7,0,2.6,0.4,0.7,0.6,0,0,,0.4,0.7,0.6,0.6,0.1,0.3,0.5,0.1,0.4,0.6,0.1,0.1,0,0,0.1,1,18,20,0.595,0,0.4,6.1,18.8,12.6,9.6,2.8,0,0,14.9,0.1,0,0.1,0.209,-0.1,-1,-1,0
2015/2016,70000000,74571547.42,525093,Memphis Grizzlies,15,MEM,Tennessee,West,Southwest,42,40,0.512,99.1,101.3,-2.14,Jarnell Stokes,C,22,845059,907047,2,0,2,0,0,,0,0,,0,0,,,0,0,,0.5,0.5,1,0,0,0,0,0,0,4,13.6,,,,27.3,29.8,28.5,0,0,0,,0,0,0,0,0.163,-3.6,-4.3,-7.8,0
2015/2016,70000000,74571547.42,525093,Miami Heat,16,MIA,Florida,East,Southeast,48,34,0.585,100,98.4,1.5,Jarnell Stokes,C,22,845059,907047,5,0,2.8,0.6,1,0.6,0,0,,0.6,1,0.6,0.6,0.2,0.4,0.5,0,0.4,0.4,0.2,0.2,0,0,0.2,1.4,14,21.8,0.595,0,0.4,0,15.7,8.1,12.3,3.7,0,0,19.2,0,0,0.1,0.222,0.9,0,0.9,0
2015/2016,70000000,74571547.42,525093,Miami Heat,16,MIA,Florida,East,Southeast,48,34,0.585,100,98.4,1.5,Amare Stoudemire,C,33,1499187,1609158,52,36,14.7,2.4,4.3,0.566,0,0,,2.4,4.3,0.566,0.566,1,1.3,0.746,1.3,3,4.3,0.5,0.3,0.8,0.9,1.8,5.8,762,17.3,0.599,0,0.303,10,22.6,16.5,5.6,1.2,4.1,15.8,17.8,1.1,1.3,2.4,0.15,-1.7,1.4,-0.4,0.3
2015/2016,70000000,74571547.42,525093,Indiana Pacers,12,IND,Indiana,East,Central,45,37,0.549,102.2,100.5,1.62,Rodney Stuckey,PG,29,7000000,7513476,58,1,22,3.2,7.6,0.413,0.3,1.4,0.241,2.8,6.2,0.453,0.436,2.3,2.7,0.829,0.3,2.4,2.7,2.4,0.7,0.1,1.3,1.3,8.9,1275,12.6,0.504,0.187,0.357,1.6,11.7,6.7,17.2,1.7,0.5,12.9,20.3,0.5,1.5,2,0.077,-2.1,-0.3,-2.5,-0.2
2015/2016,70000000,74571547.42,525093,Boston Celtics,2,BOS,Massachusetts,East,Atlantic,48,34,0.585,105.7,102.5,2.84,Jared Sullinger,PF,23,2269260,2435718,81,73,23.6,4.3,10,0.435,0.4,1.3,0.282,4,8.7,0.458,0.453,1.3,2,0.64,2.4,5.9,8.3,2.3,0.9,0.6,1.3,2.6,10.3,1915,16.7,0.476,0.128,0.2,10.6,27,18.7,15.5,1.9,1.9,10.4,21.8,1.3,3.6,4.8,0.121,-1.2,2.3,1.1,1.5
2015/2016,70000000,74571547.42,525093,Atlanta Hawks,1,ATL,Georgia,East,Southeast,48,34,0.585,102.8,99.2,3.49,Walter Tavares,C,23,1000000,1073353,11,0,6.6,1,1.7,0.579,0,0,,1,1.7,0.579,0.579,0.3,0.7,0.375,0.6,1.3,1.9,0.3,0.1,0.5,0.5,0.7,2.3,73,14.4,0.555,0,0.421,10.7,20.5,15.7,6.3,0.7,6.5,18.2,16.9,0,0.1,0.2,0.106,-4.9,2.5,-2.3,0
2015/2016,70000000,74571547.42,525093,Atlanta Hawks,1,ATL,Georgia,East,Southeast,48,34,0.585,102.8,99.2,3.49,Jeff Teague,PG,27,8000000,8586830,79,78,28.5,5.5,12.5,0.439,1.4,3.5,0.4,4.1,9,0.454,0.495,3.3,3.9,0.837,0.4,2.3,2.7,5.9,1.2,0.3,2.8,2.1,15.7,2255,17.9,0.551,0.278,0.316,1.6,8.6,5.2,34.4,2.1,0.8,16.2,26.6,2.8,3,5.9,0.125,1.2,-0.9,0.3,1.3
2015/2016,70000000,74571547.42,525093,Phoenix Suns,24,PHO,Arizona,West,Pacific,23,59,0.28,100.9,107.5,-6.32,Mirza Teletovic,PF,30,5500000,5903445,79,1,21.3,4.2,9.8,0.427,2.3,5.8,0.393,1.9,4,0.476,0.544,1.5,2,0.774,0.7,3.1,3.8,1.1,0.4,0.3,1.1,2,12.2,1686,16.2,0.571,0.592,0.199,3.5,16.3,9.7,9.1,0.9,1,9,23.4,2.9,0.9,3.8,0.109,2.3,-2.7,-0.5,0.7
2015/2016,70000000,74571547.42,525093,Washington Wizards,30,WAS,Washington DC,East,Southeast,41,41,0.5,104.1,104.6,-0.5,Garrett Temple,SF,29,1100602,1181335,80,43,24.4,2.5,6.3,0.398,1.1,3.2,0.345,1.4,3.1,0.453,0.486,1.1,1.6,0.728,0.5,2.2,2.7,1.8,0.9,0.2,0.8,2.4,7.3,1951,9.3,0.52,0.511,0.248,2,10.3,6.1,10,1.7,0.7,10.3,14,1,1.7,2.7,0.066,-1,0.1,-1,0.5
2015/2016,70000000,74571547.42,525093,Houston Rockets,11,HOU,Texas,West,Southwest,41,41,0.5,106.5,106.4,0.34,Jason Terry,SG,38,1499187,1609158,72,7,17.5,2.1,5.2,0.402,1.3,3.6,0.356,0.8,1.6,0.504,0.525,0.4,0.5,0.818,0.2,0.9,1.1,1.4,0.7,0.1,0.7,1.3,5.9,1258,10.2,0.54,0.694,0.088,1.2,5.7,3.5,12.4,1.8,0.6,11.1,15,1.1,0.4,1.5,0.057,-0.2,-2.6,-2.8,-0.3
2015/2016,70000000,74571547.42,525093,Boston Celtics,2,BOS,Massachusetts,East,Atlantic,48,34,0.585,105.7,102.5,2.84,Isaiah Thomas,PG,26,6912869,7419954,82,79,32.2,7.2,16.9,0.428,2,5.7,0.359,5.2,11.2,0.462,0.488,5.8,6.6,0.871,0.6,2.4,3,6.2,1.1,0.1,2.7,2,22.2,2644,21.5,0.562,0.336,0.394,1.8,8,4.9,32.7,1.7,0.3,11.9,29.6,7.2,2.5,9.7,0.177,5,-2,3,3.3
2015/2016,70000000,74571547.42,525093,New York Knicks,20,NYK,New York,East,Atlantic,32,50,0.39,98.4,101.1,-2.74,Lance Thomas,PF,27,1636842,1756910,59,5,22.3,2.9,6.5,0.442,0.7,1.8,0.404,2.1,4.6,0.458,0.5,1.7,2,0.857,0.6,1.6,2.2,0.9,0.4,0.1,1,1.8,8.2,1313,10.4,0.557,0.285,0.312,2.9,8,5.4,6.4,0.9,0.4,11.6,16.9,1.2,0.5,1.7,0.062,-1.2,-2.1,-3.2,-0.4
2015/2016,70000000,74571547.42,525093,Philadelphia 76ers,23,PHI,Pennsylvania,East,Atlantic,10,72,0.122,97.4,107.6,-9.92,Hollis Thompson,SG,24,947276,1016762,77,17,28,3.5,8.8,0.397,1.9,5.1,0.38,1.6,3.7,0.42,0.507,0.9,1.2,0.719,0.7,2.8,3.5,1.3,0.5,0.3,1,2.4,9.8,2154,9.2,0.525,0.576,0.141,2.6,11.4,6.9,7.4,0.8,0.8,9.5,16.2,0.7,0.5,1.2,0.026,-1.1,-2,-3.1,-0.6
2015/2016,70000000,74571547.42,525093,#N/A,#N/A,TOT,#N/A,#N/A,#N/A,#N/A,#N/A,#N/A,#N/A,#N/A,#N/A,Jason Thompson,C,29,6752729,7248066,47,7,10,1.1,2.3,0.481,0.1,0.3,0.333,1,2,0.505,0.505,0.8,1.1,0.704,0.7,2.2,2.9,0.6,0.3,0.4,0.3,1.7,3.1,471,14.2,0.558,0.139,0.5,7.9,23.4,15.9,8.5,1.3,3.3,10.2,13.9,0.9,0.7,1.6,0.165,-1.3,1.6,0.3,0.3
2015/2016,70000000,74571547.42,525093,Golden State Warriors,10,GSW,California,West,Pacific,73,9,0.89,114.9,104.1,10.38,Jason Thompson,C,29,6752729,7248066,28,1,6.4,0.7,1.5,0.476,0,0,,0.7,1.5,0.476,0.476,0.7,1.1,0.625,0.4,1.6,1.9,0.7,0.1,0.3,0.3,1.4,2.1,179,13.3,0.535,0,0.762,6.4,25,16.2,13.9,1.1,3.3,11.1,15.2,0.3,0.3,0.6,0.169,-2.6,1.9,-0.7,0.1
2015/2016,70000000,74571547.42,525093,Toronto Raptors,28,TOR,Ontario,East,Atlantic,56,26,0.683,102.7,98.2,4.08,Jason Thompson,C,29,6752729,7248066,19,6,15.4,1.7,3.5,0.485,0.3,0.8,0.333,1.4,2.7,0.529,0.523,0.9,1.2,0.818,1.2,3.1,4.2,0.5,0.4,0.6,0.4,2.1,4.6,292,14.7,0.575,0.227,0.333,8.8,22.4,15.7,5.3,1.4,3.4,9.6,13,0.6,0.4,1,0.163,-0.5,1.4,0.9,0.2
2015/2016,70000000,74571547.42,525093,Golden State Warriors,10,GSW,California,West,Pacific,73,9,0.89,114.9,104.1,10.38,Klay Thompson,SG,25,15501000,16638056,80,80,33.3,8.1,17.3,0.47,3.5,8.1,0.425,4.7,9.2,0.51,0.569,2.4,2.8,0.873,0.4,3.4,3.8,2.1,0.8,0.6,1.7,1.9,22.1,2666,18.6,0.597,0.469,0.159,1.5,10.3,6.2,9.8,1.1,1.4,8.5,26.3,5.5,2.6,8,0.144,2.9,-2.2,0.7,1.8
2015/2016,70000000,74571547.42,525093,Cleveland Cavaliers,6,CLE,Ohio,East,Central,57,25,0.695,104.3,98.3,5.45,Tristan Thompson,PF,24,14260000,15306024,82,34,27.7,3,5.1,0.588,0,0,,3,5.1,0.588,0.588,1.8,3,0.616,3.3,5.7,9,0.8,0.5,0.6,0.7,2.5,7.8,2269,15.9,0.611,0,0.576,13.5,23.3,18.4,4,0.9,1.8,10.4,11.7,5.6,3.1,8.7,0.185,0.2,1.3,1.5,2
2015/2016,70000000,74571547.42,525093,#N/A,#N/A,TOT,#N/A,#N/A,#N/A,#N/A,#N/A,#N/A,#N/A,#N/A,#N/A,Marcus Thornton,SG,28,1436891,1542291,61,8,18.2,3.5,8.9,0.399,1.5,4.4,0.337,2,4.5,0.46,0.482,1.1,1.3,0.848,0.6,1.8,2.5,1.4,0.8,0.1,0.8,1.5,9.7,1109,14.7,0.511,0.498,0.146,3.8,11.3,7.5,12.9,2.1,0.3,8.1,24.4,1,0.7,1.7,0.074,0.7,-2.9,-2.1,0
2015/2016,70000000,74571547.42,525093,Houston Rockets,11,HOU,Texas,West,Southwest,41,41,0.5,106.5,106.4,0.34,Marcus Thornton,SG,28,1436891,1542291,47,6,18.8,3.7,9.3,0.4,1.6,4.6,0.338,2.1,4.7,0.461,0.484,1.1,1.2,0.879,0.7,1.8,2.4,1.4,0.7,0.1,0.9,1.6,10,885,14.6,0.512,0.497,0.133,3.8,10.5,7.2,12.8,1.9,0.3,8,24.3,0.9,0.4,1.3,0.072,0.8,-3.3,-2.5,-0.1
2015/2016,70000000,74571547.42,525093,Washington Wizards,30,WAS,Washington DC,East,Southeast,41,41,0.5,104.1,104.6,-0.5,Marcus Thornton,SG,28,1436891,1542291,14,2,16,3,7.6,0.393,1.3,3.9,0.333,1.7,3.8,0.453,0.477,1.1,1.5,0.762,0.5,2,2.5,1.4,0.9,0.1,0.8,1.2,8.4,224,15.5,0.508,0.505,0.196,3.4,14.3,8.7,13.4,2.8,0.4,8.6,24.8,0.1,0.3,0.4,0.08,0.6,-1.2,-0.7,0.1
2015/2016,70000000,74571547.42,525093,Detroit Pistons,9,DET,Michigan,East,Central,44,38,0.537,102,101.4,0.43,Anthony Tolliver,PF,30,3000000,3220061,72,5,18.6,1.8,4.6,0.386,1.4,3.8,0.36,0.4,0.8,0.5,0.533,0.4,0.7,0.617,0.5,2.6,3.2,0.7,0.4,0.2,0.4,1.2,5.3,1341,10.2,0.543,0.819,0.142,3.1,16.1,9.3,5.6,1,0.9,7.4,12.4,1.5,1.3,2.8,0.1,0,0,0,0.7
2015/2016,70000000,74571547.42,525093,Denver Nuggets,8,DEN,Colorado,West,Northwest,33,49,0.402,101.9,105,-2.81,Axel Toupane,SF,23,61775,66306,21,0,14.5,1.2,3.3,0.357,0.6,1.9,0.325,0.6,1.4,0.4,0.45,0.6,0.8,0.765,0.4,1.1,1.5,0.7,0.3,0.3,0.3,1.9,3.6,305,7.1,0.49,0.571,0.243,2.9,8.5,5.6,7,1.2,1.6,7.2,12,0.2,0.1,0.3,0.049,-1.7,-1.1,-2.8,-0.1
2015/2016,70000000,74571547.42,525093,Minnesota Timberwolves,18,MIN,Minnesota,West,Northwest,29,53,0.354,102.4,106,-3.38,Karl-Anthony Towns,C,20,5703600,6121980,82,82,32,7.6,14.1,0.542,0.4,1.1,0.341,7.3,13,0.559,0.555,2.7,3.4,0.811,2.8,7.7,10.5,2,0.7,1.7,2.2,3,18.3,2627,22.5,0.59,0.076,0.239,10.3,27.5,19,11.3,1.1,4.3,12.6,24.9,5.5,2.8,8.3,0.151,1.6,1.1,2.8,3.2
2015/2016,70000000,74571547.42,525093,Phoenix Suns,24,PHO,Arizona,West,Pacific,23,59,0.28,100.9,107.5,-6.32,PJ Tucker,SF,30,5500000,5903445,82,80,31,2.9,7.1,0.411,0.8,2.5,0.33,2.1,4.6,0.455,0.469,1.3,1.7,0.746,2,4.2,6.2,2.2,1.3,0.2,1.4,2.5,8,2540,10.8,0.506,0.354,0.244,6.9,15.2,10.9,10.2,2,0.6,14.7,12.7,1.5,1.9,3.5,0.066,-0.7,1.3,0.6,1.7
2015/2016,70000000,74571547.42,525093,Boston Celtics,2,BOS,Massachusetts,East,Atlantic,48,34,0.585,105.7,102.5,2.84,Evan Turner,SG,27,3425510,3676784,81,12,28,4.2,9.3,0.456,0.2,1,0.241,4,8.3,0.482,0.469,1.8,2.2,0.827,0.6,4.3,4.9,4.4,1,0.3,2.1,1.7,10.5,2271,13.6,0.513,0.11,0.238,2.3,16.5,9.3,23.9,1.7,1,16.9,18.8,1,3,4,0.085,-1.9,1.3,-0.7,0.8
2015/2016,70000000,74571547.42,525093,Indiana Pacers,12,IND,Indiana,East,Central,45,37,0.549,102.2,100.5,1.62,Myles Turner,C,19,2277960,2445056,60,30,22.8,4.4,8.8,0.498,0.1,0.2,0.214,4.4,8.6,0.506,0.501,1.5,2,0.727,1.1,4.4,5.5,0.7,0.4,1.4,1.1,2.6,10.3,1367,15.4,0.531,0.026,0.228,5.5,21,13.3,5,0.9,5.1,10.3,20.9,0.8,2.3,3.1,0.109,-3.7,1.4,-2.3,-0.1
2015/2016,70000000,74571547.42,525093,#N/A,#N/A,TOT,#N/A,#N/A,#N/A,#N/A,#N/A,#N/A,#N/A,#N/A,#N/A,Beno Udrih,PG,33,2080465,2233074,44,5,16.1,2,4.5,0.434,0.3,1,0.341,1.6,3.5,0.461,0.472,0.4,0.5,0.9,0.2,1.5,1.6,2.6,0.3,0,1.2,1.2,4.7,707,9.5,0.496,0.222,0.101,1.3,10,5.8,24.9,1,0.1,20.4,16.7,-0.1,0.5,0.4,0.029,-2.8,-2,-4.8,-0.5
2015/2016,70000000,74571547.42,525093,Memphis Grizzlies,15,MEM,Tennessee,West,Southwest,42,40,0.512,99.1,101.3,-2.14,Beno Udrih,PG,33,2080465,2233074,8,0,15,2.5,5.8,0.435,0.5,1.4,0.364,2,4.4,0.457,0.478,0.4,0.4,1,0.3,0.9,1.1,3.3,0.4,0.1,1.4,1.4,5.9,120,12.6,0.497,0.239,0.065,1.8,7,4.3,36.4,1.3,0.8,18.9,21.8,0,0,0.1,0.024,-1.6,-4.2,-5.8,-0.1
2015/2016,70000000,74571547.42,525093,Miami Heat,16,MIA,Florida,East,Southeast,48,34,0.585,100,98.4,1.5,Beno Udrih,PG,33,2080465,2233074,36,5,16.3,1.8,4.2,0.434,0.3,0.9,0.333,1.5,3.3,0.462,0.47,0.4,0.5,0.882,0.2,1.6,1.8,2.5,0.3,0,1.2,1.1,4.4,587,8.9,0.495,0.217,0.112,1.2,10.7,6.1,22.5,1,0,20.8,15.7,-0.1,0.5,0.4,0.03,-3.1,-1.5,-4.6,-0.4
2015/2016,70000000,74571547.42,525093,Toronto Raptors,28,TOR,Ontario,East,Atlantic,56,26,0.683,102.7,98.2,4.08,Jonas Valanciunas,C,23,4660482,5002345,60,59,26,5.1,8.9,0.565,0,0,,5.1,8.9,0.565,0.565,2.7,3.6,0.761,3.1,6.1,9.1,0.7,0.4,1.3,1.4,2.6,12.8,1557,22.6,0.61,0,0.397,13.8,26.3,20.1,4.8,0.8,4.2,11.9,20.9,4.5,2.4,6.9,0.211,0.7,0.4,1.1,1.2
2015/2016,70000000,74571547.42,525093,#N/A,#N/A,TOT,#N/A,#N/A,#N/A,#N/A,#N/A,#N/A,#N/A,#N/A,#N/A,Anderson Varejao,C,33,10158574,10903743,53,0,9.4,1,2.3,0.427,0,0,0,1,2.3,0.431,0.427,0.6,0.9,0.64,0.7,2,2.7,0.7,0.3,0.2,0.4,1.3,2.6,496,11.1,0.473,0.008,0.403,8.5,22.8,15.8,9.8,1.6,1.6,13.1,15,0.3,0.8,1,0.101,-3.8,1.4,-2.4,0
2015/2016,70000000,74571547.42,525093,Cleveland Cavaliers,6,CLE,Ohio,East,Central,57,25,0.695,104.3,98.3,5.45,Anderson Varejao,C,33,10158574,10903743,31,0,10,1,2.5,0.421,0,0,0,1,2.4,0.427,0.421,0.5,0.7,0.762,0.8,2.2,2.9,0.6,0.4,0.2,0.5,1.1,2.6,310,11.2,0.469,0.013,0.276,8.8,24.3,16.6,9.3,1.8,1.3,15.8,14.8,0.1,0.5,0.6,0.089,-4.1,1.8,-2.3,0
2015/2016,70000000,74571547.42,525093,Golden State Warriors,10,GSW,California,West,Pacific,73,9,0.89,114.9,104.1,10.38,Anderson Varejao,C,33,10158574,10903743,22,0,8.5,1,2.2,0.438,0,0,,1,2.2,0.438,0.438,0.7,1.3,0.552,0.6,1.7,2.3,0.7,0.2,0.2,0.3,1.6,2.6,186,11,0.477,0,0.604,8,20.2,14.5,10.5,1.3,2,9,15.5,0.2,0.3,0.5,0.12,-3.3,0.8,-2.5,0
2015/2016,70000000,74571547.42,525093,Milwaukee Bucks,17,MIL,Wisconsin,East,Central,33,49,0.402,99,103.2,-3.98,Greivis Vasquez,PG,29,6600000,7084134,23,0,20,2,6,0.326,0.8,3.2,0.247,1.2,2.8,0.415,0.391,1,1.1,0.846,0.2,1.8,2,4,0.4,0,1.7,1.8,5.7,460,7.4,0.435,0.529,0.188,1.3,10.3,5.8,28.5,1.1,0,21.1,18.5,-0.4,0.1,-0.3,-0.033,-3,-3.9,-6.9,-0.6
2015/2016,70000000,74571547.42,525093,Milwaukee Bucks,17,MIL,Wisconsin,East,Central,33,49,0.402,99,103.2,-3.98,Rashad Vaughn,SG,19,1733040,1860165,70,6,14.3,1.2,3.8,0.305,0.6,2.1,0.293,0.5,1.7,0.319,0.385,0.2,0.2,0.8,0.2,1.1,1.3,0.6,0.4,0.2,0.4,1,3.1,1001,4.2,0.398,0.553,0.056,1.3,8.7,5,5.5,1.5,1.4,9.3,13.5,-1.2,0.4,-0.8,-0.036,-4.3,-1.9,-6.1,-1
2015/2016,70000000,74571547.42,525093,Dallas Mavericks,7,DAL,Texas,West,Southwest,42,40,0.512,102.3,102.6,-0.02,Charlie Villanueva,PF,31,1499187,1609158,62,4,10.7,2,5.3,0.382,0.8,2.8,0.273,1.3,2.5,0.503,0.454,0.4,0.4,0.917,0.4,2.1,2.5,0.4,0.3,0.2,0.5,1.1,5.1,665,11.9,0.473,0.526,0.073,4,21.1,12.5,6.2,1.4,1.9,8.4,25.3,-0.6,0.8,0.2,0.016,-2.8,-1.8,-4.6,-0.4
2015/2016,70000000,74571547.42,525093,Portland Trail Blazers,25,POR,Oregon,West,Northwest,44,38,0.537,105.1,104.3,0.98,Noah Vonleh,PF,20,2637720,2831206,78,56,15.1,1.5,3.6,0.421,0.1,0.6,0.239,1.4,3,0.457,0.441,0.5,0.7,0.745,1.2,2.7,3.9,0.4,0.3,0.3,0.6,1.9,3.6,1174,8.6,0.471,0.165,0.183,8.4,19.8,14.1,3.7,1.2,1.7,14.3,13,0,1.1,1.2,0.047,-4,0,-4,-0.6
2015/2016,70000000,74571547.42,525093,Orlando Magic,22,ORL,Florida,East,Southeast,35,47,0.427,102.1,103.7,-1.68,Nikola Vucevic,C,25,11250000,12075230,65,60,31.3,8.2,16.1,0.51,0,0.1,0.222,8.2,16,0.512,0.511,1.7,2.3,0.753,2.7,6.2,8.9,2.8,0.8,1.1,1.9,2.7,18.2,2037,21.1,0.531,0.009,0.143,9.3,22.2,15.7,15.9,1.3,2.8,10,26.8,2.8,2.4,5.2,0.122,0.7,1.1,1.8,2
2015/2016,70000000,74571547.42,525093,New York Knicks,20,NYK,New York,East,Atlantic,32,50,0.39,98.4,101.1,-2.74,Sasha Vujacic,SG,31,1356146,1455624,61,25,14.9,1.7,4.5,0.383,0.9,2.3,0.364,0.9,2.2,0.403,0.477,0.5,0.6,0.821,0.4,2,2.4,1.4,0.6,0.1,0.7,1.4,4.9,908,11.1,0.503,0.516,0.141,3.2,14.6,9,14.3,1.9,0.4,13,16.8,0.3,0.8,1.1,0.06,-0.8,-0.7,-1.5,0.1
2015/2016,70000000,74571547.42,525093,Miami Heat,16,MIA,Florida,East,Southeast,48,34,0.585,100,98.4,1.5,Dwyane Wade,SG,34,20000000,21467075,74,73,30.5,7.3,16,0.456,0.1,0.6,0.159,7.2,15.4,0.468,0.459,4.4,5.5,0.793,1.1,3,4.1,4.6,1.1,0.6,2.7,1.6,19,2258,20.3,0.517,0.037,0.343,4.3,10.7,7.6,27.4,1.8,1.4,13,31.6,2.4,2.6,4.9,0.105,0.9,-0.1,0.8,1.6
2015/2016,70000000,74571547.42,525093,Oklahoma City Thunder,21,OKC,Oklahoma,West,Northwest,55,27,0.671,110.2,102.9,7.09,Dion Waiters,SG,24,5138430,5515353,78,15,27.6,3.6,9.1,0.399,1.1,3.1,0.358,2.5,6,0.421,0.46,1.4,2,0.713,0.5,2.1,2.6,2,1,0.2,1.5,1.8,9.8,2152,9.4,0.492,0.34,0.222,1.9,8,5.1,10,1.9,0.5,13.4,17.7,0.3,1.8,2.1,0.046,-1.5,-0.6,-2.1,-0.1
2015/2016,70000000,74571547.42,525093,Charlotte Hornets,4,CHO,North Carolina,East,Southeast,48,34,0.585,103.4,100.7,2.36,Kemba Walker,PG,25,12000000,12880245,81,81,35.6,7,16.4,0.427,2.2,6,0.371,4.8,10.4,0.459,0.495,4.6,5.4,0.847,0.7,3.7,4.4,5.2,1.6,0.5,2.1,1.4,20.9,2885,20.8,0.554,0.368,0.329,2.1,11.5,6.8,25.7,2.2,1.1,10.1,26.5,6.3,3.6,9.9,0.165,4,0,4,4.4
2015/2016,70000000,74571547.42,525093,Washington Wizards,30,WAS,Washington DC,East,Southeast,41,41,0.5,104.1,104.6,-0.5,John Wall,PG,25,14728844,15809260,77,77,36.2,7.4,17.5,0.424,1.5,4.3,0.351,5.9,13.3,0.448,0.467,3.5,4.5,0.791,0.5,4.4,4.9,10.2,1.9,0.8,4.1,2.1,19.9,2784,19.8,0.51,0.243,0.255,1.7,13.8,7.6,46.2,2.5,1.7,17.5,28.6,2.2,3.5,5.7,0.098,2.2,1,3.2,3.7
2015/2016,70000000,74571547.42,525093,Phoenix Suns,24,PHO,Arizona,West,Pacific,23,59,0.28,100.9,107.5,-6.32,TJ Warren,SF,22,2041080,2190800,47,4,22.8,4.7,9.4,0.501,0.6,1.5,0.4,4.1,7.9,0.52,0.533,1,1.4,0.703,1.2,1.9,3.1,0.9,0.8,0.3,0.7,2,11,1070,15.7,0.549,0.159,0.145,5.7,9.3,7.5,7.2,1.7,1.2,6.4,19.9,1.7,0.6,2.2,0.101,0.2,-1.3,-1.2,0.2
2015/2016,70000000,74571547.42,525093,Orlando Magic,22,ORL,Florida,East,Southeast,35,47,0.427,102.1,103.7,-1.68,CJ Watson,PG,31,5000000,5366768,33,2,19.9,1.4,4.2,0.343,0.4,1.5,0.292,1,2.7,0.371,0.394,1,1.2,0.872,0.3,1.7,2,2.7,0.6,0.2,0.8,1.5,4.3,656,8.6,0.461,0.35,0.285,1.7,9.6,5.6,18.1,1.4,0.6,14,12.1,0.2,0.4,0.6,0.047,-2.5,-0.8,-3.3,-0.2
2015/2016,70000000,74571547.42,525093,#N/A,#N/A,TOT,#N/A,#N/A,#N/A,#N/A,#N/A,#N/A,#N/A,#N/A,#N/A,Briante Weber,PG,23,61774,66304,7,4,24.1,2,5.6,0.359,0,0.7,0,2,4.9,0.412,0.359,0.4,0.6,0.75,1.1,2.4,3.6,3,1.3,0.4,1.3,1.7,4.4,169,8.9,0.38,0.128,0.103,5.2,11.9,8.4,18.6,2.7,1.6,18.1,13.2,-0.2,0.2,0,0.004,-3.6,1.5,-2.1,0
2015/2016,70000000,74571547.42,525093,Memphis Grizzlies,15,MEM,Tennessee,West,Southwest,42,40,0.512,99.1,101.3,-2.14,Briante Weber,PG,23,61774,66304,6,4,27.7,2.2,6.3,0.342,0,0.8,0,2.2,5.5,0.394,0.342,0.5,0.7,0.75,1.3,2.7,4,3.3,1.5,0.5,1.5,1.8,4.8,166,8.3,0.365,0.132,0.105,5.3,11.5,8.2,17.6,2.8,1.7,18.5,13.2,-0.2,0.2,0,-0.007,-4,1.6,-2.4,0
2015/2016,70000000,74571547.42,525093,Miami Heat,16,MIA,Florida,East,Southeast,48,34,0.585,100,98.4,1.5,Briante Weber,PG,23,61774,66304,1,0,3,1,1,1,0,0,,1,1,1,1,0,0,,0,1,1,1,0,0,0,1,2,3,39.3,1,0,0,0,36.6,18.9,72.3,0,0,0,15.2,0,0,0,0.634,15.3,-1.3,14,0
2015/2016,70000000,74571547.42,525093,#N/A,#N/A,TOT,#N/A,#N/A,#N/A,#N/A,#N/A,#N/A,#N/A,#N/A,#N/A,Sonny Weems,SG-SF,29,2814000,3020417,43,0,11.6,1,2.6,0.382,0.3,1,0.366,0.6,1.6,0.391,0.45,0.2,0.3,0.533,0.2,1.1,1.2,1.1,0.2,0,1,1.1,2.5,499,3.7,0.459,0.373,0.136,1.5,10.3,5.8,14.2,1,0.2,26,13.5,-0.7,0.1,-0.5,-0.053,-5.7,-1.8,-7.6,-0.7
2015/2016,70000000,74571547.42,525093,Phoenix Suns,24,PHO,Arizona,West,Pacific,23,59,0.28,100.9,107.5,-6.32,Sonny Weems,SG,29,2814000,3020417,36,0,11.7,1,2.5,0.393,0.4,0.9,0.406,0.6,1.6,0.386,0.466,0.2,0.4,0.538,0.2,1,1.1,1.3,0.3,0,1,1.1,2.5,421,4.3,0.475,0.36,0.146,1.5,9.2,5.3,16.2,1.2,0.2,28.1,13.3,-0.5,0.1,-0.4,-0.043,-5.3,-1.5,-6.8,-0.5
2015/2016,70000000,74571547.42,525093,Philadelphia 76ers,23,PHI,Pennsylvania,East,Atlantic,10,72,0.122,97.4,107.6,-9.92,Sonny Weems,SF,29,2814000,3020417,7,0,11.1,1,3,0.333,0.3,1.3,0.222,0.7,1.7,0.417,0.381,0.1,0.3,0.5,0.1,1.6,1.7,0.3,0,0,0.6,1,2.4,78,0.8,0.388,0.429,0.095,1.3,15.9,8.4,3.9,0,0,15.5,14.5,-0.2,0,-0.2,-0.104,-8.2,-3.5,-11.7,-0.2
2015/2016,70000000,74571547.42,525093,San Antonio Spurs,27,SAS,Texas,West,Southwest,67,15,0.817,103.5,92.9,10.28,David West,PF,35,1499187,1609158,78,19,18,3.1,5.7,0.545,0,0.1,0.429,3.1,5.7,0.546,0.548,0.8,1,0.788,0.9,3,4,1.8,0.6,0.7,0.9,1.8,7.1,1404,17.6,0.573,0.016,0.179,6,18.6,12.5,15.4,1.6,3,12.3,18,2.4,2.9,5.4,0.184,0.1,3.3,3.4,1.9
2015/2016,70000000,74571547.42,525093,Oklahoma City Thunder,21,OKC,Oklahoma,West,Northwest,55,27,0.671,110.2,102.9,7.09,Russell Westbrook,PG,27,16744218,17972469,80,80,34.4,8.2,18.1,0.454,1.3,4.3,0.296,6.9,13.8,0.503,0.489,5.8,7.2,0.812,1.8,6,7.8,10.4,2,0.3,4.3,2.5,23.5,2750,27.6,0.554,0.236,0.397,6.1,18.1,12.4,49.6,2.9,0.6,16.8,31.6,10,4,14,0.245,7.6,2.4,10,8.3
2015/2016,70000000,74571547.42,525093,Miami Heat,16,MIA,Florida,East,Southeast,48,34,0.585,100,98.4,1.5,Hassan Whiteside,C,26,981348,1053333,73,43,29.1,5.7,9.3,0.606,0,0,,5.7,9.3,0.606,0.606,2.9,4.5,0.65,3.3,8.6,11.8,0.4,0.6,3.7,1.9,2.8,14.2,2125,25.7,0.629,0,0.482,13.1,32.4,23.1,2.4,1.1,9.7,14.2,20.7,5,5.3,10.3,0.233,-0.9,3.4,2.5,2.4
2015/2016,70000000,74571547.42,525093,Indiana Pacers,12,IND,Indiana,East,Central,45,37,0.549,102.2,100.5,1.62,Shayne Whittington,PF,24,845059,907047,7,0,5.9,0.7,1.6,0.455,0,0.3,0,0.7,1.3,0.556,0.455,0.1,0.3,0.5,0.7,1,1.7,0.4,0.1,0.1,0.7,1,1.6,41,7.4,0.463,0.182,0.182,13.4,18.6,16,10.9,1.2,2,29.6,18.1,-0.1,0.1,0,-0.009,-5.4,1,-4.5,0
2015/2016,70000000,74571547.42,525093,Minnesota Timberwolves,18,MIN,Minnesota,West,Northwest,29,53,0.354,102.4,106,-3.38,Andrew Wiggins,SF,20,5758680,6181100,81,81,35.1,7.3,16,0.459,0.7,2.3,0.3,6.6,13.6,0.486,0.481,5.3,7,0.761,1.3,2.3,3.6,2,1,0.6,2.2,2,20.7,2845,16.5,0.543,0.147,0.437,4.3,7.5,5.9,10.1,1.4,1.3,10.6,27.2,3.4,0.7,4.1,0.069,0.4,-2.5,-2.1,-0.1
2015/2016,70000000,74571547.42,525093,Los Angeles Clippers,13,LAC,California,West,Pacific,53,29,0.646,104.5,100.2,4.13,CJ Wilcox,SG,25,1159680,1244746,23,0,7.3,1.1,2.9,0.394,0.4,1,0.391,0.7,1.9,0.395,0.462,0.4,0.5,0.75,0,0.5,0.5,0.4,0.4,0.1,0.1,0.7,3,167,12.9,0.491,0.348,0.182,0.7,7.1,3.9,9.4,3,0.9,2.7,19.8,0.1,0.2,0.3,0.089,-1.5,-0.9,-2.4,0
2015/2016,70000000,74571547.42,525093,Phoenix Suns,24,PHO,Arizona,West,Pacific,23,59,0.28,100.9,107.5,-6.32,Alan Williams,PF,23,114284,122667,10,0,6.8,1,2.4,0.417,0,0,,1,2.4,0.417,0.417,0.9,1.4,0.643,1.4,2.4,3.8,0.5,0.4,0.5,0.6,1.5,2.9,68,21.1,0.481,0,0.583,21.9,39.2,30.3,11.7,2.9,6,16.6,22.6,0.1,0.2,0.2,0.146,-2.5,4,1.5,0.1
2015/2016,70000000,74571547.42,525093,Dallas Mavericks,7,DAL,Texas,West,Southwest,42,40,0.512,102.3,102.6,-0.02,Deron Williams,PG,31,10853761,11649925,65,63,32.4,4.9,11.9,0.414,1.5,4.3,0.344,3.4,7.6,0.454,0.477,2.8,3.2,0.869,0.3,2.6,2.9,5.8,0.9,0.2,2.3,2.4,14.1,2106,14.6,0.53,0.364,0.266,1,8.9,5,29.3,1.5,0.6,14.8,22,2.2,1.4,3.7,0.083,0.9,-1,-0.1,1
2015/2016,70000000,74571547.42,525093,New York Knicks,20,NYK,New York,East,Atlantic,32,50,0.39,98.4,101.1,-2.74,Derrick Williams,SF,24,4400000,4722756,80,9,17.9,3.2,7.1,0.45,0.6,1.9,0.293,2.6,5.2,0.506,0.488,2.4,3.2,0.758,0.6,3.1,3.7,0.9,0.4,0.1,0.8,0.9,9.3,1435,17.2,0.55,0.265,0.453,3.6,18.7,11.3,8.9,1,0.5,8.3,23.3,2.4,1.2,3.6,0.12,-0.1,-2.4,-2.6,-0.2
2015/2016,70000000,74571547.42,525093,Memphis Grizzlies,15,MEM,Tennessee,West,Southwest,42,40,0.512,99.1,101.3,-2.14,Elliot Williams,PG,26,57726,61960,5,0,9,0.4,2,0.2,0.2,0.8,0.25,0.2,1.2,0.167,0.25,0.6,0.8,0.75,0.2,0.6,0.8,0.8,0,0,0.2,0.4,1.6,45,3.3,0.34,0.4,0.4,2.4,7.9,5.1,12.4,0,0,7.8,12.7,0,0,0,-0.046,-5.2,-3.5,-8.7,-0.1
2015/2016,70000000,74571547.42,525093,Los Angeles Lakers,14,LAL,California,West,Pacific,17,65,0.207,97.3,106.9,-8.92,Louis Williams,SG,29,7000000,7513476,67,35,28.5,4.2,10.3,0.408,1.6,4.8,0.344,2.6,5.6,0.464,0.488,5.3,6.3,0.83,0.5,2.1,2.5,2.5,0.9,0.3,1.6,1.6,15.3,1907,17.7,0.584,0.462,0.612,1.7,8.1,4.8,15.1,1.6,0.8,10.8,22.8,4.5,0.3,4.7,0.119,3,-2.7,0.3,1.1
2015/2016,70000000,74571547.42,525093,Charlotte Hornets,4,CHO,North Carolina,East,Southeast,48,34,0.585,103.4,100.7,2.36,Marvin Williams,PF,29,7000000,7513476,81,81,28.9,4.2,9.2,0.452,1.9,4.7,0.402,2.3,4.6,0.504,0.554,1.5,1.8,0.833,1.6,4.9,6.4,1.4,0.7,1,0.8,1.6,11.7,2338,16.8,0.585,0.506,0.193,5.9,18.6,12.2,7.6,1.2,2.7,7.1,16.8,4.7,3.2,7.8,0.161,1.7,1,2.7,2.7
2015/2016,70000000,74571547.42,525093,Cleveland Cavaliers,6,CLE,Ohio,East,Central,57,25,0.695,104.3,98.3,5.45,Maurice Williams,PG,33,2100000,2254042,41,14,18.2,3.2,7.4,0.437,0.9,2.5,0.353,2.3,4.9,0.48,0.497,0.9,1,0.905,0.1,1.6,1.8,2.4,0.3,0.1,1.4,1.5,8.2,748,12.4,0.527,0.338,0.139,0.9,9.9,5.4,21.1,1,0.5,15.1,22.8,0.4,0.7,1.1,0.067,-1.3,-2.1,-3.3,-0.2
2015/2016,70000000,74571547.42,525093,Miami Heat,16,MIA,Florida,East,Southeast,48,34,0.585,100,98.4,1.5,Justise Winslow,SF,19,2481720,2663763,78,8,28.6,2.5,5.9,0.422,0.4,1.5,0.276,2.1,4.4,0.471,0.457,1,1.5,0.684,1,4.1,5.2,1.5,0.9,0.3,1.2,2.4,6.4,2232,8.4,0.489,0.251,0.253,4.2,15.8,10.2,7.4,1.6,0.9,15.6,12.5,-0.2,2.7,2.5,0.054,-2.2,1.6,-0.6,0.8
2015/2016,70000000,74571547.42,525093,Utah Jazz,29,UTA,Utah,West,Northwest,40,42,0.488,97.7,95.9,1.84,Jeff Withey,C,25,947276,1016762,51,10,12.9,1.7,3.2,0.537,0,0,0,1.7,3.1,0.544,0.537,0.8,1.2,0.729,1.1,2.3,3.4,0.4,0.4,1,0.5,1.5,4.3,658,17.7,0.577,0.012,0.364,10,20.7,15.4,5,1.7,6.8,13,15.1,1.1,1.3,2.3,0.171,-2,3.7,1.7,0.6
2015/2016,70000000,74571547.42,525093,Philadelphia 76ers,23,PHI,Pennsylvania,East,Atlantic,10,72,0.122,97.4,107.6,-9.92,Christian Wood,PF,20,339762,364684,17,0,8.5,1.3,3.1,0.415,0.2,0.6,0.364,1.1,2.5,0.429,0.453,0.8,1.2,0.619,0.8,1.5,2.2,0.2,0.3,0.4,0.1,0.6,3.6,145,16.4,0.49,0.208,0.396,9.4,19.4,14.3,3.5,1.7,3.7,3.1,19.4,0.2,0.1,0.3,0.097,-2.9,-1.6,-4.5,-0.1
2015/2016,70000000,74571547.42,525093,Los Angeles Lakers,14,LAL,California,West,Pacific,17,65,0.207,97.3,106.9,-8.92,Metta World Peace,SF,36,1499187,1609158,35,5,16.9,1.6,5.1,0.311,0.7,2.4,0.31,0.8,2.7,0.312,0.384,1.1,1.6,0.702,0.5,2,2.5,0.8,0.6,0.3,0.4,1.9,5,590,8.3,0.435,0.475,0.322,3.4,13.2,8.1,7.2,1.9,1.5,6.9,16.2,-0.2,0.3,0.1,0.008,-2.8,-1,-3.8,-0.3
2015/2016,70000000,74571547.42,525093,Memphis Grizzlies,15,MEM,Tennessee,West,Southwest,42,40,0.512,99.1,101.3,-2.14,Brandan Wright,PF,28,5464000,5864805,12,2,17.7,2.9,4.3,0.673,0,0,,2.9,4.3,0.673,0.673,1.1,2,0.542,1.2,2.4,3.6,0.5,0.4,1.3,0.8,1.8,6.9,212,18.3,0.663,0,0.462,7.2,16.3,11.6,4.7,1.2,6.6,13.8,15.4,0.4,0.2,0.7,0.147,-0.9,1.9,0.9,0.2
2015/2016,70000000,74571547.42,525093,Toronto Raptors,28,TOR,Ontario,East,Atlantic,56,26,0.683,102.7,98.2,4.08,Delon Wright,PG,23,1509360,1620077,27,1,8.5,1.3,3,0.45,0.2,0.5,0.385,1.1,2.5,0.463,0.481,1,1.3,0.743,0.3,1.1,1.4,1.1,0.3,0.1,0.6,0.3,3.8,229,17.8,0.54,0.163,0.438,4.1,14.3,9.3,22.5,1.8,1.1,14.4,22.1,0.3,0.2,0.6,0.124,-0.1,-0.6,-0.7,0.1
2015/2016,70000000,74571547.42,525093,Philadelphia 76ers,23,PHI,Pennsylvania,East,Atlantic,10,72,0.122,97.4,107.6,-9.92,Tony Wroten,PG,22,2346760,2518902,8,3,18,2.8,8.1,0.338,0.4,2.1,0.176,2.4,6,0.396,0.362,2.5,4.6,0.541,0.3,2.4,2.6,2.5,0.4,0,3.6,1.4,8.4,144,1.8,0.412,0.262,0.569,1.5,14.9,7.9,23.3,1,0,26.3,33.5,-0.8,0,-0.8,-0.263,-9.9,-3.5,-13.4,-0.4
2015/2016,70000000,74571547.42,525093,Boston Celtics,2,BOS,Massachusetts,East,Atlantic,48,34,0.585,105.7,102.5,2.84,James Young,SG,20,1749840,1878197,29,0,6.9,0.4,1.2,0.306,0.2,0.9,0.231,0.2,0.3,0.5,0.389,0,0.1,0.25,0.1,0.8,0.9,0.3,0.2,0,0.2,0.6,1,199,3.6,0.384,0.722,0.111,2.1,11.9,6.9,6,1.5,0.4,11.7,9.1,-0.2,0.2,0.1,0.013,-4.7,0.1,-4.6,-0.1
2015/2016,70000000,74571547.42,525093,Indiana Pacers,12,IND,Indiana,East,Central,45,37,0.549,102.2,100.5,1.62,Joseph Young,PG,23,1007026,1080895,41,0,9.4,1.5,4.1,0.367,0.2,1.1,0.217,1.3,3,0.423,0.396,0.5,0.6,0.8,0.1,1.1,1.2,1.6,0.4,0,0.8,0.7,3.8,384,9.9,0.428,0.272,0.148,1.7,12.5,7.1,26.9,1.9,0,15.5,24.4,-0.5,0.5,-0.1,-0.009,-3.9,-1.5,-5.4,-0.3
2015/2016,70000000,74571547.42,525093,Los Angeles Lakers,14,LAL,California,West,Pacific,17,65,0.207,97.3,106.9,-8.92,Nick Young,SG,30,5219169,5602014,54,2,19.1,2.3,6.9,0.339,1.4,4.4,0.325,0.9,2.5,0.363,0.442,1.2,1.4,0.829,0.3,1.5,1.8,0.6,0.4,0.1,0.6,0.9,7.3,1033,9.1,0.483,0.637,0.204,1.4,9,5.1,5.4,1.1,0.5,6.9,18.5,0.1,0,0.1,0.003,-1.4,-3.5,-4.8,-0.7
2015/2016,70000000,74571547.42,525093,Brooklyn Nets,3,BRK,New York,East,Atlantic,21,61,0.256,98.6,106,-7.12,Thaddeus Young,PF,27,11235955,12060154,73,73,33,6.8,13.2,0.514,0.1,0.4,0.233,6.7,12.8,0.523,0.518,1.4,2.2,0.644,2.4,6.6,9,1.8,1.5,0.5,1.9,2.5,15.1,2407,17.5,0.533,0.031,0.169,8.1,23,15.4,9.5,2.3,1.2,11.6,21.6,1.9,2.2,4.1,0.081,-0.5,0.6,0.1,1.3
2015/2016,70000000,74571547.42,525093,Charlotte Hornets,4,CHO,North Carolina,East,Southeast,48,34,0.585,103.4,100.7,2.36,Cody Zeller,C,23,4204200,4512593,73,60,24.3,3.2,6,0.529,0,0.1,0.1,3.2,5.8,0.539,0.53,2.4,3.2,0.754,1.9,4.3,6.2,1,0.8,0.9,0.9,2.8,8.7,1774,16.1,0.592,0.023,0.531,8.4,19.7,14,6.3,1.6,2.9,11.2,15.4,3.6,2.7,6.3,0.169,-1,2,1,1.3
2015/2016,70000000,74571547.42,525093,Boston Celtics,2,BOS,Massachusetts,East,Atlantic,48,34,0.585,105.7,102.5,2.84,Tyler Zeller,C,26,2616975,2808940,60,3,11.8,2.3,4.8,0.476,0,0,,2.3,4.8,0.476,0.476,1.5,1.8,0.815,1,1.9,3,0.5,0.2,0.4,0.8,1.6,6.1,710,15.4,0.539,0,0.372,9.1,17.6,13.3,6.6,0.7,2.4,12,23,0.8,0.9,1.7,0.114,-3.2,-1.1,-4.4,-0.4
2014/2015,63065000,68023079.46,507336,New York Knicks,20,NYK,New York,East,Atlantic,17,65,0.207,91.9,101.2,-9.5,Quincy Acy,PF,24,915243,983595,68,22,18.9,2.2,4.9,0.459,0.3,0.9,0.3,2,4,0.494,0.486,1.1,1.4,0.784,1.2,3.3,4.4,1,0.4,0.3,0.9,2.2,5.9,1287,11.9,0.533,0.181,0.293,6.9,20.5,13.5,8.7,1.1,1.4,13.8,15.5,1,0.7,1.7,0.063,-2.3,-0.8,-3.1,-0.3
2014/2015,63065000,68023079.46,507336,Memphis Grizzlies,15,MEM,Tennessee,West,Southwest,55,27,0.671,98.3,95.1,3.62,Jordan Adams,SG,20,1344120,1444501,30,0,8.3,1.2,2.9,0.407,0.3,0.8,0.4,0.8,2,0.41,0.465,0.5,0.8,0.609,0.3,0.6,0.9,0.5,0.5,0.2,0.5,0.8,3.1,248,12.8,0.489,0.291,0.267,4.2,8.7,6.4,10.1,3.4,2.3,12.7,20.4,0,0.4,0.4,0.073,-1.8,1.2,-0.6,0.1
2014/2015,63065000,68023079.46,507336,Oklahoma City Thunder,21,OKC,Oklahoma,West,Northwest,45,37,0.549,104,101.8,2.47,Steven Adams,C,21,2184960,2348137,70,67,25.3,3.1,5.7,0.544,0,0,0,3.1,5.7,0.547,0.544,1.5,2.9,0.502,2.8,4.6,7.5,0.9,0.5,1.2,1.4,3.2,7.7,1771,14.1,0.549,0.005,0.514,12.2,19.3,15.8,5.5,1.1,3.8,16.8,14.3,1.9,2.2,4.1,0.111,-1.4,1.8,0.4,1.1
2014/2015,63065000,68023079.46,507336,Minnesota Timberwolves,18,MIN,Minnesota,West,Northwest,16,66,0.195,97.8,106.5,-8,Jeff Adrien,PF,28,1217698,1308637,17,0,12.6,1.1,2.6,0.432,0,0,,1.1,2.6,0.432,0.432,1.3,2.2,0.579,1.4,3.2,4.5,0.9,0.2,0.5,0.5,1.8,3.5,215,14.2,0.494,0,0.864,11.9,29.6,20.5,10.5,0.9,3.3,12.9,14.3,0.2,0.2,0.4,0.087,-2.7,0.5,-2.2,0
2014/2015,63065000,68023079.46,507336,#N/A,#N/A,TOT,#N/A,#N/A,#N/A,#N/A,#N/A,#N/A,#N/A,#N/A,#N/A,Arron Afflalo,SG,29,7562500,8127284,78,72,32.1,4.8,11.3,0.424,1.5,4.3,0.354,3.3,7.1,0.466,0.491,2.1,2.5,0.843,0.3,2.8,3.2,1.7,0.5,0.1,1.5,2.1,13.3,2502,10.7,0.533,0.377,0.224,1.1,9.7,5.3,8.2,0.8,0.2,10.7,19,1.6,1,2.6,0.05,-0.5,-1.3,-1.8,0.1
2014/2015,63065000,68023079.46,507336,Denver Nuggets,8,DEN,Colorado,West,Northwest,30,52,0.366,101.5,105,-3.07,Arron Afflalo,SG,29,7562500,8127284,53,53,33,5.3,12.4,0.428,1.5,4.6,0.337,3.8,7.8,0.481,0.49,2.4,2.8,0.841,0.4,3,3.4,1.9,0.6,0.1,1.6,2,14.5,1750,11.7,0.533,0.37,0.23,1.3,10.2,5.6,9.3,0.9,0.2,10.3,19.9,1.4,0.4,1.8,0.05,0,-1.6,-1.6,0.2
2014/2015,63065000,68023079.46,507336,Portland Trail Blazers,25,POR,Oregon,West,Northwest,51,31,0.622,102.8,98.6,4.41,Arron Afflalo,SG,29,7562500,8127284,25,19,30.1,3.8,9.1,0.414,1.4,3.6,0.4,2.3,5.5,0.423,0.493,1.6,1.9,0.851,0.2,2.4,2.7,1.1,0.4,0.1,1.3,2.4,10.6,752,8.2,0.533,0.396,0.207,0.9,8.5,4.8,5.5,0.6,0.2,11.8,16.7,0.2,0.5,0.8,0.049,-1.5,-0.8,-2.3,-0.1
2014/2015,63065000,68023079.46,507336,New Orleans Pelicans,19,NOP,Louisiana,West,Southwest,45,37,0.549,99.4,98.6,1.13,Alexis Ajinca,C,26,981084,1054353,68,8,14.1,2.7,4.8,0.55,0,0,,2.7,4.8,0.55,0.55,1.2,1.5,0.818,1.5,3.1,4.6,0.7,0.3,0.8,1,2.2,6.5,957,19.9,0.595,0,0.301,12.4,25,18.7,8.2,1.2,4,15.6,21.1,1.9,1.2,3.2,0.159,-0.5,0.6,0.2,0.5
2014/2015,63065000,68023079.46,507336,Philadelphia 76ers,23,PHI,Pennsylvania,East,Atlantic,18,64,0.22,92,101,-9.04,Furkan Aldemir,PF,23,2810305,3020185,41,9,13.2,1,1.9,0.513,0,0.1,0,1,1.8,0.548,0.513,0.3,0.7,0.481,1.9,2.4,4.3,0.7,0.4,0.4,0.4,2.3,2.3,540,12,0.517,0.064,0.346,14.9,20.7,17.7,8.3,1.6,2.4,15.9,8.6,0.7,0.7,1.4,0.122,-2.7,2,-0.7,0.2
2014/2015,63065000,68023079.46,507336,New York Knicks,20,NYK,New York,East,Atlantic,17,65,0.207,91.9,101.2,-9.5,Cole Aldrich,C,26,981084,1054353,61,16,16,2.4,4.9,0.478,0,0,,2.4,4.9,0.478,0.478,0.8,1,0.781,1.7,3.9,5.5,1.2,0.6,1.1,1,2,5.5,976,18.1,0.513,0,0.213,11.6,28.9,20,13.3,2,5.5,15.2,18.3,0.8,1.4,2.2,0.107,-2.2,3.1,0.9,0.7
2014/2015,63065000,68023079.46,507336,Portland Trail Blazers,25,POR,Oregon,West,Northwest,51,31,0.622,102.8,98.6,4.41,LaMarcus Aldridge,PF,29,15200000,16335170,71,71,35.4,9.3,19.9,0.466,0.5,1.5,0.352,8.8,18.5,0.475,0.479,4.3,5.1,0.845,2.5,7.7,10.2,1.7,0.7,1,1.7,1.8,23.4,2512,22.8,0.528,0.074,0.256,7.7,22.9,15.5,9.2,1,1.9,7.2,30.2,4.9,3.7,8.6,0.165,0.3,0,0.3,1.4
2014/2015,63065000,68023079.46,507336,Indiana Pacers,12,IND,Indiana,East,Central,38,44,0.463,97.3,97,-0.23,Lavoy Allen,C,25,948163,1018973,63,0,17,2.2,4.7,0.472,0,0,,2.2,4.7,0.472,0.472,0.5,0.7,0.702,2,3.2,5.1,1.2,0.2,0.7,0.6,1.6,5,1070,14.9,0.493,0,0.157,12.8,20.5,16.7,10.9,0.7,3.1,11.1,15.2,1.3,1.6,2.8,0.127,-1.4,2.2,0.8,0.8
2014/2015,63065000,68023079.46,507336,Memphis Grizzlies,15,MEM,Tennessee,West,Southwest,55,27,0.671,98.3,95.1,3.62,Tony Allen,SG,33,5000000,5373411,63,41,26.2,3.6,7.2,0.495,0.2,0.5,0.345,3.4,6.8,0.505,0.505,1.3,2,0.627,1.6,2.8,4.4,1.4,2,0.5,1.4,2.6,8.6,1648,14.6,0.528,0.064,0.277,7.2,12.2,9.7,8.1,4.1,1.5,14.4,16.6,0.9,3.2,4.1,0.119,-0.4,3.7,3.3,2.2
2014/2015,63065000,68023079.46,507336,Dallas Mavericks,7,DAL,Texas,West,Southwest,50,32,0.61,105.2,102.3,3.36,Al-Farouq Aminu,SF,24,981084,1054353,74,3,18.5,2,4.8,0.412,0.5,1.7,0.274,1.5,3.1,0.485,0.459,1.1,1.6,0.712,1.5,3.1,4.6,0.8,0.9,0.8,0.7,1.9,5.6,1366,14.4,0.504,0.347,0.331,9.1,18.4,13.7,6.1,2.6,3.7,11.9,15.2,1.2,2,3.3,0.115,-0.5,2.9,2.4,1.5
2014/2015,63065000,68023079.46,507336,#N/A,#N/A,TOT,#N/A,#N/A,#N/A,#N/A,#N/A,#N/A,#N/A,#N/A,#N/A,Louis Amundson,PF,32,1294868,1391571,53,35,17.7,2.1,4.8,0.427,0,0,0,2.1,4.8,0.429,0.427,0.8,1.6,0.471,1.8,3.3,5.1,1.3,0.4,1,1.2,2.4,4.9,937,11.8,0.442,0.004,0.341,11.3,22,16.5,12.2,1.2,4.6,17.5,17.4,-0.6,0.9,0.3,0.017,-4,2,-2,0
2014/2015,63065000,68023079.46,507336,Cleveland Cavaliers,6,CLE,Ohio,East,Central,53,29,0.646,103.1,98.7,4.08,Louis Amundson,PF,32,1294868,1391571,12,0,6.6,0.3,1,0.333,0,0,,0.3,1,0.333,0.333,0.3,0.4,0.6,0.4,1.3,1.7,0.4,0.1,0,0.4,0.9,0.9,79,3.8,0.387,0,0.417,7.4,21.5,14.5,8.7,0.7,0,26,11,-0.1,0.1,0,-0.011,-6.2,-0.1,-6.3,-0.1
2014/2015,63065000,68023079.46,507336,New York Knicks,20,NYK,New York,East,Atlantic,17,65,0.207,91.9,101.2,-9.5,Louis Amundson,PF,32,1294868,1391571,41,35,20.9,2.6,5.9,0.432,0,0,0,2.6,5.9,0.434,0.432,0.9,2,0.463,2.2,3.9,6,1.6,0.5,1.3,1.4,2.8,6,858,12.5,0.444,0.004,0.337,11.6,22,16.7,12.6,1.3,5,17,18,-0.5,0.8,0.4,0.02,-3.8,2.2,-1.6,0.1
2014/2015,63065000,68023079.46,507336,Miami Heat,16,MIA,Florida,East,Southeast,37,45,0.451,94.7,97.3,-2.92,Chris Andersen,C,36,5300000,5695816,60,20,18.9,2,3.5,0.58,0.1,0.2,0.308,1.9,3.2,0.598,0.589,1.3,1.9,0.667,1.3,3.7,5,0.7,0.4,1,0.7,1.5,5.3,1132,16.1,0.622,0.063,0.551,8.2,23.2,15.9,6.1,1.2,4.6,13.5,12.3,2.1,1.5,3.6,0.151,-1.2,2.3,1,0.9
2014/2015,63065000,68023079.46,507336,Brooklyn Nets,3,BRK,New York,East,Atlantic,38,44,0.463,98,100.9,-3.13,Alan Anderson,SG,32,1276061,1371360,74,19,23.6,2.6,5.9,0.443,1,2.8,0.348,1.6,3.1,0.53,0.526,1.1,1.4,0.812,0.4,2.3,2.8,1.1,0.8,0.1,0.8,2,7.4,1744,10.6,0.563,0.477,0.23,2,11.1,6.6,7.2,1.7,0.2,11,14.2,1.7,1.1,2.7,0.075,0,-0.5,-0.5,0.6
2014/2015,63065000,68023079.46,507336,San Antonio Spurs,27,SAS,Texas,West,Southwest,55,27,0.671,103.2,97,6.34,Kyle Anderson,SF,21,1093680,1175358,33,8,10.8,0.9,2.7,0.348,0.1,0.3,0.273,0.8,2.4,0.359,0.365,0.3,0.4,0.643,0.2,2,2.2,0.8,0.5,0.2,0.3,0.8,2.2,358,8.2,0.389,0.124,0.157,1.6,20.8,11.4,10.9,2.1,1.5,9.5,13.4,-0.3,0.6,0.3,0.044,-5.2,2.4,-2.7,-0.1
2014/2015,63065000,68023079.46,507336,New Orleans Pelicans,19,NOP,Louisiana,West,Southwest,45,37,0.549,99.4,98.6,1.13,Ryan Anderson,PF,26,8491500,9125664,61,5,27.5,4.8,12,0.399,2,5.9,0.34,2.8,6.1,0.457,0.483,2.1,2.5,0.854,1.8,3.1,4.8,0.9,0.5,0.3,1,1.9,13.7,1675,15.6,0.524,0.492,0.207,7.3,12.7,10,5.4,1,0.9,7.2,23.4,2.6,0.9,3.5,0.1,2,-3.1,-1.1,0.4
2014/2015,63065000,68023079.46,507336,Milwaukee Bucks,17,MIL,Wisconsin,East,Central,41,41,0.5,97.8,97.4,-0.09,Giannis Antetokounmpo,SG,20,1873200,2013094,81,71,31.4,4.7,9.6,0.491,0.1,0.5,0.159,4.6,9.1,0.511,0.496,3.2,4.3,0.741,1.2,5.5,6.7,2.6,0.9,1,2.1,3.1,12.7,2541,14.8,0.552,0.056,0.445,4.5,19.7,12.2,13.1,1.5,2.8,15.6,19.6,2.2,4,6.2,0.117,-1.7,2.1,0.5,1.6
2014/2015,63065000,68023079.46,507336,New York Knicks,20,NYK,New York,East,Atlantic,17,65,0.207,91.9,101.2,-9.5,Carmelo Anthony,SF,30,22458401,24135645,40,40,35.7,9,20.2,0.444,1.5,4.5,0.341,7.4,15.7,0.474,0.482,4.7,5.9,0.797,1.8,4.8,6.6,3.1,1,0.4,2.2,2.2,24.2,1428,21.5,0.531,0.222,0.294,5.7,16,10.7,18,1.5,1,8.9,32.2,2.2,0.6,2.9,0.097,3.5,-2.2,1.4,1.2
2014/2015,63065000,68023079.46,507336,Detroit Pistons,9,DET,Michigan,East,Central,32,50,0.39,98.5,99.5,-1.39,Joel Anthony,C,32,3800000,4083792,49,0,8.3,0.7,1.3,0.581,0,0,,0.7,1.3,0.581,0.581,0.3,0.4,0.682,0.7,1.2,1.9,0.1,0.2,1,0.2,1.1,1.8,406,14.7,0.607,0,0.355,8.2,17,12.4,1.8,1.5,9.5,14.3,9.1,0.5,0.7,1.2,0.142,-3.4,4.8,1.4,0.3
2014/2015,63065000,68023079.46,507336,Atlanta Hawks,1,ATL,Georgia,East,Southeast,60,22,0.732,102.5,97.1,4.75,Pero Antic,C,32,1250000,1343352,63,3,16.5,1.7,4.7,0.365,0.8,2.7,0.301,0.9,2,0.455,0.453,1.4,2,0.715,0.9,2.1,3,0.8,0.3,0.2,0.8,2.1,5.7,1037,9.5,0.508,0.584,0.416,6.6,14,10.4,6.9,0.9,1.1,12.3,17.6,0.5,1,1.5,0.07,-1.3,-1.4,-2.7,-0.2
2014/2015,63065000,68023079.46,507336,Houston Rockets,11,HOU,Texas,West,Southwest,56,26,0.683,103.9,100.5,3.82,Trevor Ariza,SF,29,8600000,9242267,82,82,35.7,4.5,11.1,0.402,2.4,6.8,0.35,2.1,4.3,0.485,0.509,1.5,1.7,0.853,0.9,4.7,5.6,2.5,1.9,0.2,1.7,2.3,12.8,2930,12.7,0.539,0.61,0.157,2.9,14.4,8.6,11.1,2.6,0.5,12.7,16.5,2.7,3.9,6.6,0.108,0.6,1.3,1.9,2.9
2014/2015,63065000,68023079.46,507336,Denver Nuggets,8,DEN,Colorado,West,Northwest,30,52,0.366,101.5,105,-3.07,Darrell Arthur,PF,26,3457149,3715336,58,4,17,2.7,6.6,0.404,0.4,1.9,0.236,2.2,4.7,0.471,0.438,0.8,1,0.78,0.9,2,2.9,1,0.8,0.4,0.8,2.5,6.6,988,11.5,0.466,0.286,0.154,5.6,13.4,9.3,9.3,2.4,2.1,10.3,20,-0.1,0.9,0.9,0.042,-1.8,0.7,-1.1,0.2
2014/2015,63065000,68023079.46,507336,New Orleans Pelicans,19,NOP,Louisiana,West,Southwest,45,37,0.549,99.4,98.6,1.13,Omer Asik,C,28,14898938,16011624,76,76,26.1,2.8,5.4,0.517,0,0,,2.8,5.4,0.517,0.517,1.7,3,0.582,3.2,6.6,9.8,0.9,0.4,0.7,1.3,1.9,7.3,1982,15.5,0.545,0,0.546,14,28.8,21.4,5.4,0.8,2.1,15.7,14,2.8,2.2,5,0.12,-1.3,0.6,-0.7,0.6
2014/2015,63065000,68023079.46,507336,#N/A,#N/A,TOT,#N/A,#N/A,#N/A,#N/A,#N/A,#N/A,#N/A,#N/A,#N/A,DJ Augustin,PG,27,3000000,3224046,82,14,24,3.1,7.9,0.399,1,3,0.337,2.1,4.9,0.436,0.463,2.2,2.5,0.868,0.2,1.7,2,4.3,0.6,0,1.8,1.1,9.5,1964,13.9,0.527,0.38,0.317,1.1,7.9,4.4,28.2,1.3,0.1,16.4,19.8,2.5,0.9,3.4,0.083,0.2,-2.7,-2.5,-0.3
2014/2015,63065000,68023079.46,507336,Detroit Pistons,9,DET,Michigan,East,Central,32,50,0.39,98.5,99.5,-1.39,DJ Augustin,PG,27,3000000,3224046,54,13,23.8,3.5,8.5,0.41,0.9,2.8,0.327,2.6,5.8,0.45,0.463,2.7,3.1,0.87,0.2,1.6,1.9,4.9,0.6,0,2,1.1,10.6,1287,15.8,0.536,0.325,0.367,1.1,7.6,4.2,33.2,1.3,0.1,17,22.2,2,0.6,2.5,0.094,0.8,-3.1,-2.4,-0.1
2014/2015,63065000,68023079.46,507336,Oklahoma City Thunder,21,OKC,Oklahoma,West,Northwest,45,37,0.549,104,101.8,2.47,DJ Augustin,PG,27,3000000,3224046,28,1,24.2,2.5,6.6,0.371,1.2,3.4,0.354,1.3,3.2,0.389,0.462,1.1,1.3,0.861,0.3,1.9,2.2,3.1,0.6,0,1.3,1.1,7.3,677,10.2,0.503,0.516,0.194,1.1,8.4,4.8,18.5,1.2,0.1,14.8,15.1,0.5,0.4,0.9,0.063,-0.9,-2,-2.8,-0.1
2014/2015,63065000,68023079.46,507336,San Antonio Spurs,27,SAS,Texas,West,Southwest,55,27,0.671,103.2,97,6.34,Jeff Ayres,PF,27,1828750,1965325,51,0,7.5,1.1,1.9,0.579,0,0,,1.1,1.9,0.579,0.579,0.5,0.7,0.75,0.7,1.6,2.3,0.3,0.2,0.2,0.5,1.2,2.7,383,14.4,0.618,0,0.379,11.2,23.3,17.3,5.5,1.1,1.6,19,16.3,0.6,0.6,1.2,0.147,-2.1,0.4,-1.7,0
2014/2015,63065000,68023079.46,507336,New Orleans Pelicans,19,NOP,Louisiana,West,Southwest,45,37,0.549,99.4,98.6,1.13,Luke Babbitt,SF,25,981084,1054353,63,19,13.2,1.5,3,0.479,0.9,1.8,0.513,0.5,1.2,0.429,0.633,0.2,0.3,0.684,0.2,1.6,1.8,0.4,0.3,0.2,0.4,1,4.1,830,11.1,0.639,0.599,0.099,1.6,13.5,7.6,4.3,1.1,1,11.5,12.4,1.1,0.5,1.6,0.092,0,-1.4,-1.4,0.1
2014/2015,63065000,68023079.46,507336,Chicago Bulls,5,CHI,Illinois,East,Central,50,32,0.61,100.8,97.8,2.54,Cameron Bairstow,PF,24,507336,545225,18,1,3.6,0.2,0.8,0.214,0,0,,0.2,0.8,0.214,0.214,0.2,0.3,0.8,0.3,0.1,0.4,0.1,0.1,0.1,0.2,0.4,0.6,64,2.1,0.309,0,0.357,10.5,3.3,6.8,2.2,1.6,1.1,15.6,13.5,-0.1,0,-0.1,-0.048,-6.7,-1,-7.7,-0.1
2014/2015,63065000,68023079.46,507336,Golden State Warriors,10,GSW,California,West,Pacific,67,15,0.817,110,99.9,10.01,Leandro Barbosa,SG,32,1448490,1556666,66,1,14.9,2.8,5.8,0.474,0.7,1.7,0.384,2.1,4.2,0.511,0.53,0.9,1.1,0.784,0.3,1,1.4,1.5,0.6,0.1,0.7,1.3,7.1,982,15.3,0.558,0.29,0.192,2.6,7.2,5,14.9,2,0.6,9.5,20.5,1.6,1.2,2.8,0.137,0.4,-1.2,-0.8,0.3
2014/2015,63065000,68023079.46,507336,Dallas Mavericks,7,DAL,Texas,West,Southwest,50,32,0.61,105.2,102.3,3.36,Jose Juan Barea,PG,30,5822078,6256883,77,10,17.7,2.9,7,0.42,0.7,2.2,0.323,2.2,4.8,0.463,0.47,1,1.2,0.809,0.3,1.4,1.7,3.4,0.4,0,0.9,1.4,7.5,1362,15.1,0.502,0.312,0.175,1.8,9,5.4,29.6,1.2,0.1,10.8,21.2,2.1,0.6,2.7,0.096,1,-2.5,-1.5,0.2
2014/2015,63065000,68023079.46,507336,New York Knicks,20,NYK,New York,East,Atlantic,17,65,0.207,91.9,101.2,-9.5,Andrea Bargnani,C,29,12000000,12896187,29,22,27.1,5.7,12.4,0.454,0.5,1.4,0.366,5.1,11,0.466,0.475,3,3.7,0.813,1.1,3.3,4.4,1.6,0.1,0.9,1.4,1.8,14.8,785,16.6,0.527,0.114,0.296,4.6,14.4,9.3,11.3,0.1,2.9,9.3,26.4,0.8,0.2,0.9,0.058,-1,-2.7,-3.7,-0.3
2014/2015,63065000,68023079.46,507336,Golden State Warriors,10,GSW,California,West,Pacific,67,15,0.817,110,99.9,10.01,Harrison Barnes,SF,22,3049920,3277694,82,82,28.3,3.9,8,0.482,1.1,2.6,0.405,2.8,5.4,0.519,0.548,1.3,1.8,0.72,1.4,4.1,5.5,1.4,0.7,0.2,0.9,1.8,10.1,2318,13.4,0.573,0.328,0.229,5.6,15.1,10.5,6.9,1.3,0.6,9,14.9,3.7,3,6.7,0.139,0.5,0.6,1.1,1.8
2014/2015,63065000,68023079.46,507336,Los Angeles Clippers,13,LAC,California,West,Pacific,56,26,0.683,106.7,100.1,6.8,Matt Barnes,SF,34,3396250,3649889,76,74,29.9,3.6,8.2,0.444,1.8,4.9,0.362,1.9,3.3,0.569,0.553,1,1.3,0.779,0.7,3.3,4,1.5,0.9,0.7,1.1,3.2,10.1,2271,11.3,0.574,0.603,0.152,2.6,12.2,7.5,7.2,1.5,1.8,11.6,14.9,2.2,2.1,4.3,0.091,0.9,0.7,1.6,2.1
2014/2015,63065000,68023079.46,507336,Phoenix Suns,24,PHO,Arizona,West,Pacific,39,43,0.476,102.4,103.3,-0.38,Earl Barron,C,33,390063,419193,16,1,8.9,0.8,2.4,0.308,0.1,0.3,0.5,0.6,2.2,0.286,0.333,0.4,0.8,0.5,0.9,0.9,1.8,0.3,0.3,0.1,0.3,1.6,2,143,5,0.361,0.103,0.308,10.6,10.8,10.7,4.9,1.4,1.1,10.1,15.1,-0.1,0.1,0,-0.011,-5,-0.9,-5.9,-0.1
2014/2015,63065000,68023079.46,507336,#N/A,#N/A,TOT,#N/A,#N/A,#N/A,#N/A,#N/A,#N/A,#N/A,#N/A,#N/A,Will Barton,SG,24,915243,983595,58,0,16.9,2.6,6.1,0.425,0.4,1.5,0.271,2.2,4.6,0.474,0.458,1.3,1.6,0.787,0.4,2.3,2.8,1.4,0.8,0.3,1.1,1.2,6.8,983,13.6,0.503,0.241,0.266,2.8,15.3,8.9,13,2.5,1.5,13.4,20.2,0.2,1.1,1.3,0.063,-1.7,1.1,-0.6,0.3
2014/2015,63065000,68023079.46,507336,Portland Trail Blazers,25,POR,Oregon,West,Northwest,51,31,0.622,102.8,98.6,4.41,Will Barton,SG,24,915243,983595,30,0,10,1.3,3.3,0.38,0.1,0.6,0.222,1.1,2.7,0.415,0.4,0.3,0.5,0.667,0.1,1,1.1,0.9,0.5,0.1,0.6,0.7,3,300,8.3,0.422,0.18,0.15,1.1,10.8,6.1,13.4,2.4,1,13.8,18.5,-0.4,0.4,0,0.002,-4.9,0.8,-4,-0.2
2014/2015,63065000,68023079.46,507336,Denver Nuggets,8,DEN,Colorado,West,Northwest,30,52,0.366,101.5,105,-3.07,Will Barton,SG,24,915243,983595,28,0,24.4,4,9,0.443,0.7,2.4,0.284,3.3,6.6,0.5,0.48,2.3,2.8,0.81,0.8,3.8,4.6,1.9,1.2,0.5,1.6,1.8,11,683,15.9,0.533,0.265,0.312,3.5,17.2,10.1,12.8,2.5,1.7,13.3,21,0.6,0.7,1.3,0.089,-0.4,1.2,0.9,0.5
2014/2015,63065000,68023079.46,507336,Boston Celtics,2,BOS,Massachusetts,East,Atlantic,40,42,0.488,101.4,101.2,-0.4,Brandon Bass,PF,29,6950000,7469041,82,43,23.5,4.2,8.3,0.504,0.1,0.4,0.281,4.1,7.9,0.515,0.51,2.1,2.6,0.79,1.7,3.2,4.9,1.3,0.5,0.4,1,1.7,10.6,1929,16.3,0.557,0.047,0.313,7.8,14.9,11.3,8.6,1.1,1.3,9.6,19.5,3.4,1.9,5.3,0.132,-0.4,-0.1,-0.5,0.7
2014/2015,63065000,68023079.46,507336,Portland Trail Blazers,25,POR,Oregon,West,Northwest,51,31,0.622,102.8,98.6,4.41,Nicolas Batum,SF,26,11390500,12241168,71,71,33.5,3.4,8.5,0.4,1.4,4.4,0.324,2,4.1,0.481,0.483,1.2,1.4,0.857,0.9,5,5.9,4.8,1.1,0.6,1.9,1.5,9.4,2380,13.1,0.516,0.515,0.163,2.8,15.6,9.4,20.5,1.7,1.2,17,14.6,2,3.2,5.2,0.105,0.6,2.6,3.1,3.1
2014/2015,63065000,68023079.46,507336,Milwaukee Bucks,17,MIL,Wisconsin,East,Central,41,41,0.5,97.8,97.4,-0.09,Jerryd Bayless,PG,26,3000000,3224046,77,4,22.3,2.9,6.7,0.426,0.5,1.6,0.308,2.4,5.1,0.462,0.462,1.6,1.8,0.883,0.3,2.5,2.7,3,0.8,0.2,1.7,2.1,7.8,1717,11.1,0.519,0.233,0.266,1.5,12.5,7,21,1.8,0.6,18.8,18.6,0.3,2,2.4,0.066,-2.3,-0.3,-2.6,-0.3
2014/2015,63065000,68023079.46,507336,San Antonio Spurs,27,SAS,Texas,West,Southwest,55,27,0.671,103.2,97,6.34,Aron Baynes,C,28,2100000,2256832,70,17,16,2.6,4.7,0.566,0,0.1,0.25,2.6,4.6,0.57,0.567,1.3,1.5,0.865,1.6,3,4.5,0.5,0.2,0.3,0.9,2.3,6.6,1122,15.9,0.618,0.012,0.318,11.2,20.7,16.1,4.9,0.7,1.5,14.8,17.8,2.3,1.6,3.9,0.166,-0.7,-0.2,-1,0.3
2014/2015,63065000,68023079.46,507336,Atlanta Hawks,1,ATL,Georgia,East,Southeast,60,22,0.732,102.5,97.1,4.75,Kent Bazemore,SG,25,2000000,2149364,75,10,17.7,1.9,4.4,0.426,0.6,1.8,0.364,1.2,2.7,0.467,0.498,0.8,1.3,0.6,0.3,2.7,3,1,0.7,0.4,1,1.7,5.2,1324,9.7,0.52,0.399,0.302,1.9,16.8,9.6,8.6,2,2.1,16.3,15.5,-0.4,1.9,1.6,0.057,-3.1,1.3,-1.8,0.1
2014/2015,63065000,68023079.46,507336,Washington Wizards,30,WAS,Washington DC,East,Southeast,46,36,0.561,98.5,97.8,0.17,Bradley Beal,SG,21,4505280,4841744,63,59,33.4,5.8,13.5,0.427,1.7,4.1,0.409,4.1,9.4,0.434,0.489,2.1,2.6,0.783,0.9,2.9,3.8,3.1,1.2,0.3,2,2.2,15.3,2107,14,0.521,0.304,0.195,3.1,9.6,6.4,15,1.8,0.7,11.7,22.5,1.3,2.4,3.7,0.085,0.5,-0.1,0.5,1.3
2014/2015,63065000,68023079.46,507336,Miami Heat,16,MIA,Florida,East,Southeast,37,45,0.451,94.7,97.3,-2.92,Michael Beasley,PF,26,330225,354886,24,1,21,3.8,8.8,0.434,0.3,1.4,0.235,3.5,7.4,0.472,0.453,0.8,1.1,0.769,0.5,3.2,3.7,1.3,0.6,0.5,1.5,2.8,8.8,505,10.6,0.474,0.16,0.123,2.9,17.9,10.6,11.5,1.6,2.2,14.2,24.2,-0.6,0.5,-0.1,-0.007,-4.3,-0.4,-4.7,-0.3
2014/2015,63065000,68023079.46,507336,San Antonio Spurs,27,SAS,Texas,West,Southwest,55,27,0.671,103.2,97,6.34,Marco Belinelli,SG,28,2873750,3088368,62,9,22.4,3.2,7.6,0.423,1.4,3.7,0.374,1.8,3.9,0.471,0.515,1.4,1.6,0.848,0.4,2.1,2.5,1.5,0.5,0,1,1.4,9.2,1388,12.4,0.553,0.489,0.211,2.2,10.5,6.4,10.3,1.1,0.2,10.6,18.8,1.5,1.4,2.9,0.1,0.6,-1.1,-0.5,0.5
2014/2015,63065000,68023079.46,507336,Utah Jazz,29,UTA,Utah,West,Northwest,38,44,0.463,95.1,94.9,0.71,Jerrelle Benimon,PF,23,35000,37467.5,2,0,1.5,0,0,,0,0,,0,0,,,0,0,,0.5,1,1.5,0,0,0,0.5,0,0,3,4.7,,,,38.7,76.6,57.8,0,0,0,100,15.3,0,0,0,-0.215,-20.3,-6.6,-26.9,0
2014/2015,63065000,68023079.46,507336,Minnesota Timberwolves,18,MIN,Minnesota,West,Northwest,16,66,0.195,97.8,106.5,-8,Anthony Bennett,PF,21,5563920,5979446,57,3,15.7,2.2,5.2,0.421,0.1,0.4,0.304,2.1,4.8,0.431,0.433,0.7,1.1,0.641,0.9,2.9,3.8,0.8,0.5,0.3,0.6,1.5,5.2,894,11.4,0.458,0.077,0.215,6.5,21.6,13.8,8.7,1.5,1.4,10,17.8,-0.1,0.4,0.3,0.017,-3.6,-1.2,-4.8,-0.6
2014/2015,63065000,68023079.46,507336,Houston Rockets,11,HOU,Texas,West,Southwest,56,26,0.683,103.9,100.5,3.82,Patrick Beverley,PG,26,915243,983595,56,55,30.8,3.6,9.5,0.383,2.1,5.8,0.356,1.6,3.7,0.426,0.492,0.8,1.1,0.75,1.2,3,4.2,3.4,1.1,0.4,1.5,3.3,10.1,1727,11.3,0.509,0.607,0.113,4.3,10.8,7.6,17.2,1.7,1,12.9,16.1,1.7,1.8,3.5,0.096,0.5,0.3,0.8,1.2
2014/2015,63065000,68023079.46,507336,Sacramento Kings,26,SAC,California,West,Pacific,29,53,0.354,101.3,105,-3.07,Sim Bhullar,C,22,35000,37613,3,0,1,0.3,0.7,0.5,0,0,,0.3,0.7,0.5,0.5,0,0,,0,0.3,0.3,0.3,0,0.3,0,0,0.7,3,44.3,0.5,0,0,0,36.5,18.9,78.5,0,26.3,0,29.4,0,0,0,0.389,9.4,17.1,26.6,0
2014/2015,63065000,68023079.46,507336,Charlotte Hornets,4,CHO,North Carolina,East,Southeast,33,49,0.402,94.2,97.3,-3.44,Bismack Biyombo,C,22,4086453,4391638,64,21,19.4,1.6,2.9,0.543,0,0,,1.6,2.9,0.543,0.543,1.6,2.7,0.583,2.5,3.9,6.4,0.3,0.3,1.5,0.8,2.2,4.8,1243,15.2,0.578,0,0.941,13.7,22.6,18,2,0.7,6.3,16.5,11.6,1.8,2.2,4,0.156,-3.2,2.8,-0.4,0.5
2014/2015,63065000,68023079.46,507336,#N/A,#N/A,TOT,#N/A,#N/A,#N/A,#N/A,#N/A,#N/A,#N/A,#N/A,#N/A,Tarik Black,C,23,507336,545225,63,39,19,2.5,4.3,0.575,0,0,0,2.5,4.3,0.577,0.575,1,1.9,0.551,2.3,3.6,5.8,0.7,0.3,0.4,0.8,2.5,6,1196,14.7,0.583,0.004,0.432,12.8,21.4,17,5.6,0.8,1.6,12.9,13.8,2.2,0.9,3.1,0.124,-1,-0.6,-1.6,0.1
2014/2015,63065000,68023079.46,507336,Houston Rockets,11,HOU,Texas,West,Southwest,56,26,0.683,103.9,100.5,3.82,Tarik Black,C,23,507336,545225,25,12,15.7,1.8,3.3,0.542,0,0,0,1.8,3.3,0.549,0.542,0.6,1.2,0.517,2.3,2.8,5.1,0.3,0.2,0.1,0.8,2.2,4.2,393,11.6,0.548,0.012,0.349,16.3,19.3,17.8,3.1,0.8,0.4,16.6,12.7,0.5,0.4,0.9,0.113,-2.4,-1.3,-3.7,-0.2
2014/2015,63065000,68023079.46,507336,Los Angeles Lakers,14,LAL,California,West,Pacific,21,61,0.256,98.5,105.3,-6.17,Tarik Black,C,23,507336,545225,38,27,21.1,2.9,5,0.589,0,0,,2.9,5,0.589,0.589,1.3,2.3,0.562,2.2,4.1,6.3,0.9,0.3,0.6,0.8,2.7,7.2,803,16.3,0.598,0,0.468,11.1,22.5,16.6,6.8,0.8,2.2,11.2,14.3,1.7,0.4,2.2,0.129,-0.3,-0.2,-0.5,0.3
2014/2015,63065000,68023079.46,507336,Washington Wizards,30,WAS,Washington DC,East,Southeast,46,36,0.561,98.5,97.8,0.17,DeJuan Blair,PF,25,2000000,2149364,29,0,6.2,0.9,2,0.456,0,0,,0.9,2,0.456,0.456,0.1,0.2,0.667,0.6,1.4,1.9,0.1,0.2,0,0.4,1.4,1.9,180,7.7,0.469,0,0.105,10.3,24.5,17.5,2.6,2,0.4,17.9,18.3,-0.2,0.3,0.1,0.033,-6.4,-1,-7.4,-0.2
2014/2015,63065000,68023079.46,507336,Portland Trail Blazers,25,POR,Oregon,West,Northwest,51,31,0.622,102.8,98.6,4.41,Steve Blake,PG,34,2100000,2256832,81,0,18.9,1.5,4,0.373,1,2.7,0.352,0.6,1.3,0.417,0.491,0.4,0.5,0.707,0.2,1.5,1.7,3.6,0.5,0.1,1.3,1.5,4.3,1529,9.5,0.507,0.67,0.125,1.1,8.3,4.8,26.2,1.4,0.2,23.2,13.2,0.7,1.4,2.1,0.066,-1.2,-0.9,-2.1,0
2014/2015,63065000,68023079.46,507336,Phoenix Suns,24,PHO,Arizona,West,Pacific,39,43,0.476,102.4,103.3,-0.38,Eric Bledsoe,PG,25,13000000,13970869,81,81,34.6,5.8,12.9,0.447,1.1,3.4,0.324,4.7,9.6,0.491,0.489,4.4,5.4,0.8,0.9,4.3,5.2,6.1,1.6,0.6,3.4,2.3,17,2800,18.4,0.555,0.26,0.422,2.8,13.9,8.3,27.9,2.3,1.2,18.1,23.7,4.1,2.9,7,0.119,1.7,0.9,2.6,3.3
2014/2015,63065000,68023079.46,507336,Los Angeles Lakers,14,LAL,California,West,Pacific,21,61,0.256,98.5,105.3,-6.17,Vander Blue,SG,22,48028,51614,2,1,37,4.5,15,0.3,1,5,0.2,3.5,10,0.35,0.333,1,2.5,0.4,1,3.5,4.5,4,1.5,0,3,2,11,74,4,0.342,0.333,0.167,2.9,10.9,6.7,16.8,2.1,0,15.7,23,-0.3,0,-0.2,-0.156,-6,-2.5,-8.5,-0.1
2014/2015,63065000,68023079.46,507336,Brooklyn Nets,3,BRK,New York,East,Atlantic,38,44,0.463,98,100.9,-3.13,Bojan Bogdanovic,SF,25,3278000,3522808,78,28,23.8,3.3,7.4,0.453,1.2,3.3,0.355,2.2,4.1,0.531,0.532,1.1,1.4,0.821,0.6,2.1,2.7,0.9,0.4,0.1,1,1.3,9,1854,11.6,0.562,0.444,0.184,3,9.8,6.4,5.8,0.9,0.4,11.1,17.2,1.7,0.7,2.4,0.062,0,-1.9,-1.8,0.1
2014/2015,63065000,68023079.46,507336,Golden State Warriors,10,GSW,California,West,Pacific,67,15,0.817,110,99.9,10.01,Andrew Bogut,C,30,12972973,13941824,67,65,23.6,3,5.3,0.563,0,0,,3,5.3,0.563,0.563,0.3,0.6,0.524,2.1,6,8.1,2.7,0.6,1.7,1.6,2.8,6.3,1583,15.8,0.565,0,0.118,9.9,26.5,18.5,15.4,1.2,5.3,22.1,13.2,1.9,3.4,5.2,0.159,-1.4,5.5,4.1,2.4
2014/2015,63065000,68023079.46,507336,San Antonio Spurs,27,SAS,Texas,West,Southwest,55,27,0.671,103.2,97,6.34,Matt Bonner,PF,34,1448490,1556666,72,19,13,1.3,3.2,0.409,0.6,1.8,0.365,0.7,1.4,0.462,0.509,0.4,0.5,0.811,0.4,1.2,1.6,0.7,0.1,0.2,0.2,0.9,3.7,935,10.1,0.536,0.548,0.161,3.6,10.2,7,7.1,0.5,1,4.3,12.5,1.3,0.9,2.1,0.11,-0.2,-0.7,-0.9,0.3
2014/2015,63065000,68023079.46,507336,Utah Jazz,29,UTA,Utah,West,Northwest,38,44,0.463,95.1,94.9,0.71,Trevor Booker,PF,27,5000000,5373411,79,5,19.8,2.9,5.9,0.487,0.4,1.1,0.345,2.5,4.8,0.518,0.518,1.1,1.9,0.581,1.8,3.3,5,1.1,0.5,0.5,1.1,1.8,7.2,1564,15.3,0.536,0.181,0.319,10.3,19,14.7,9,1.5,2.1,14.3,18.1,1.7,1.9,3.6,0.11,-0.6,0.7,0.2,0.9
2014/2015,63065000,68023079.46,507336,Los Angeles Lakers,14,LAL,California,West,Pacific,21,61,0.256,98.5,105.3,-6.17,Carlos Boozer,PF,33,16800000,18054661,71,26,23.8,5.2,10.5,0.499,0,0,,5.2,10.5,0.499,0.499,1.3,2.1,0.627,1.6,5.2,6.8,1.3,0.6,0.2,1.3,2.6,11.8,1692,16.4,0.517,0,0.202,7,25.2,15.7,10.3,1.2,0.6,10.2,23.7,1.2,1,2.2,0.062,-1.8,-1.5,-3.3,-0.6
2014/2015,63065000,68023079.46,507336,Miami Heat,16,MIA,Florida,East,Southeast,37,45,0.451,94.7,97.3,-2.92,Chris Bosh,C,30,20644400,22186170,44,44,35.4,7.8,16.9,0.46,1.4,3.8,0.375,6.4,13.1,0.485,0.503,4.1,5.3,0.772,1,6,7,2.2,0.9,0.6,2.2,1.6,21.1,1556,19.8,0.548,0.226,0.311,3.6,20,12,12,1.4,1.4,10.1,28.4,2.1,1.5,3.6,0.111,1,-1,-0.1,0.8
2014/2015,63065000,68023079.46,507336,Boston Celtics,2,BOS,Massachusetts,East,Atlantic,40,42,0.488,101.4,101.2,-0.4,Avery Bradley,SG,24,7191011,7728052,77,77,31.5,5.6,13.1,0.429,1.6,4.6,0.352,4,8.6,0.47,0.49,1,1.3,0.79,0.6,2.5,3.1,1.8,1.1,0.2,1.4,2.3,13.9,2428,11.5,0.507,0.348,0.099,2,8.9,5.4,8.9,1.7,0.5,9.4,21,0.4,2.1,2.5,0.049,-0.8,-0.9,-1.7,0.2
2014/2015,63065000,68023079.46,507336,Atlanta Hawks,1,ATL,Georgia,East,Southeast,60,22,0.732,102.5,97.1,4.75,Elton Brand,C,35,2000000,2149364,36,4,13.5,1.2,2.6,0.442,0,0,0,1.2,2.6,0.447,0.442,0.3,0.6,0.522,0.8,2,2.8,0.6,0.5,0.7,0.5,1.5,2.7,486,9.4,0.457,0.011,0.242,6.8,16.4,11.8,6.4,1.8,4.3,14.6,11.6,-0.1,0.8,0.7,0.07,-4.5,3.1,-1.4,0.1
2014/2015,63065000,68023079.46,507336,#N/A,#N/A,TOT,#N/A,#N/A,#N/A,#N/A,#N/A,#N/A,#N/A,#N/A,#N/A,Corey Brewer,SF,28,4702500,5053693,80,17,26.1,4.3,10.1,0.426,0.8,2.9,0.268,3.5,7.1,0.491,0.465,2.1,2.8,0.743,1,2.7,3.7,2.2,1.4,0.2,1.6,2.2,11.5,2087,13.9,0.507,0.292,0.281,4.2,11.7,7.9,13.8,2.7,0.7,12.7,21.6,1,2.1,3.1,0.071,-0.8,-0.3,-1.1,0.5
2014/2015,63065000,68023079.46,507336,Minnesota Timberwolves,18,MIN,Minnesota,West,Northwest,16,66,0.195,97.8,106.5,-8,Corey Brewer,SF,28,4702500,5053693,24,16,28.3,3.9,9.4,0.418,0.3,1.7,0.195,3.6,7.7,0.467,0.436,2.3,3.3,0.705,1.3,2.6,3.9,3.3,2.3,0.2,2.1,2.6,10.5,680,13.8,0.484,0.182,0.347,5.2,10.8,7.9,18.6,4,0.5,16.2,20.1,0,0.4,0.4,0.028,-0.5,0.4,-0.1,0.3
2014/2015,63065000,68023079.46,507336,Houston Rockets,11,HOU,Texas,West,Southwest,56,26,0.683,103.9,100.5,3.82,Corey Brewer,SF,28,4702500,5053693,56,1,25.1,4.4,10.4,0.429,1,3.5,0.284,3.5,6.9,0.503,0.477,2,2.6,0.764,0.9,2.8,3.6,1.7,1.1,0.3,1.4,2,11.9,1407,14,0.516,0.334,0.255,3.8,12.1,8,11.5,2.1,0.8,11.2,22.4,1,1.6,2.7,0.091,-1,-0.6,-1.6,0.2
2014/2015,63065000,68023079.46,507336,Chicago Bulls,5,CHI,Illinois,East,Central,50,32,0.61,100.8,97.8,2.54,Aaron Brooks,PG,30,915243,983595,82,21,23,4.2,10,0.421,1.5,3.8,0.387,2.7,6.1,0.442,0.495,1.8,2.1,0.833,0.4,1.6,2,3.2,0.7,0.2,1.9,2.3,11.6,1885,14.4,0.534,0.383,0.213,1.9,7.5,4.8,24.2,1.5,0.6,14.9,25,1.7,1.5,3.3,0.083,1,-2.4,-1.4,0.3
2014/2015,63065000,68023079.46,507336,Los Angeles Lakers,14,LAL,California,West,Pacific,21,61,0.256,98.5,105.3,-6.17,Jabari Brown,SG,22,104450,112250,19,5,29.9,3.7,8.9,0.412,1.2,3.3,0.371,2.5,5.7,0.435,0.479,3.4,4.5,0.753,0.2,1.7,1.9,2.1,0.6,0.1,1.7,1.7,11.9,568,11,0.547,0.365,0.5,0.6,6.7,3.5,11,1.1,0.3,13.4,18.8,0.4,0,0.4,0.033,-0.8,-3,-3.8,-0.3
2014/2015,63065000,68023079.46,507336,Minnesota Timberwolves,18,MIN,Minnesota,West,Northwest,16,66,0.195,97.8,106.5,-8,Lorenzo Brown,PG,24,390082,419214,29,7,18.9,1.8,4.2,0.426,0.2,1,0.214,1.6,3.2,0.489,0.451,0.4,0.7,0.632,0.5,1.9,2.4,3.1,1,0.2,1,1.7,4.2,549,11,0.468,0.23,0.156,2.8,12,7.3,24.9,2.6,0.9,18.7,12.9,0.1,0.2,0.3,0.025,-1.9,-0.6,-2.6,-0.1
2014/2015,63065000,68023079.46,507336,Brooklyn Nets,3,BRK,New York,East,Atlantic,38,44,0.463,98,100.9,-3.13,Markel Brown,SG,23,507336,545225,47,29,16.6,1.6,4.5,0.362,0.4,1.4,0.266,1.3,3.1,0.404,0.402,1,1.2,0.825,0.3,1.9,2.3,0.8,0.7,0.3,0.6,1.2,4.6,781,9.1,0.459,0.305,0.271,2.3,13,7.7,7.4,2.1,1.2,10.3,15.3,-0.2,0.7,0.5,0.031,-3,0.3,-2.7,-0.1
2014/2015,63065000,68023079.46,507336,Miami Heat,16,MIA,Florida,East,Southeast,37,45,0.451,94.7,97.3,-2.92,Shannon Brown,SG,29,215811,231928,5,2,17.8,1.4,3.8,0.368,0.6,1.4,0.429,0.8,2.4,0.333,0.447,0.6,0.8,0.75,0,0.2,0.2,0.6,0.8,0,0.8,1.6,4,89,4.4,0.482,0.368,0.211,0,1.3,0.7,5.2,2.4,0,16.2,13.1,-0.1,0,0,-0.016,-4.2,-1.9,-6.1,-0.1
2014/2015,63065000,68023079.46,507336,Los Angeles Lakers,14,LAL,California,West,Pacific,21,61,0.256,98.5,105.3,-6.17,Kobe Bryant,SG,36,23500000,25255033,35,35,34.5,7.6,20.4,0.373,1.5,5.3,0.293,6.1,15.1,0.401,0.411,5.6,6.9,0.813,0.7,4.9,5.7,5.6,1.3,0.2,3.7,1.9,22.3,1207,17.6,0.477,0.258,0.338,2.3,16.5,9.1,29.9,2,0.5,13.5,34.9,-0.4,0.6,0.2,0.006,1.6,-1.3,0.3,0.7
2014/2015,63065000,68023079.46,507336,Minnesota Timberwolves,18,MIN,Minnesota,West,Northwest,16,66,0.195,97.8,106.5,-8,Chase Budinger,SF,26,5000000,5373411,67,4,19.2,2.5,5.8,0.433,0.8,2.1,0.364,1.7,3.7,0.474,0.5,1,1.2,0.827,0.5,2.5,3,1,0.7,0.1,0.7,1.1,6.8,1286,12.2,0.537,0.367,0.208,2.8,15.1,8.8,8,1.7,0.6,10.3,16.3,1.1,0.2,1.3,0.049,-0.9,-1.9,-2.8,-0.3
2014/2015,63065000,68023079.46,507336,#N/A,#N/A,TOT,#N/A,#N/A,#N/A,#N/A,#N/A,#N/A,#N/A,#N/A,#N/A,Reggie Bullock,SF,23,1200720,1290392,36,2,9.4,0.7,1.9,0.343,0.4,1.3,0.326,0.3,0.7,0.375,0.45,0.2,0.3,0.667,0,1.4,1.4,0.2,0.3,0.1,0.2,0.5,1.9,338,6.2,0.466,0.657,0.129,0.3,16,8.3,3.2,1.5,0.9,9.8,10.9,-0.2,0.3,0.1,0.019,-3.6,-0.4,-4,-0.2
2014/2015,63065000,68023079.46,507336,Los Angeles Clippers,13,LAC,California,West,Pacific,56,26,0.683,106.7,100.1,6.8,Reggie Bullock,SF,23,1200720,1290392,25,2,10.5,0.9,2.2,0.426,0.6,1.6,0.385,0.3,0.6,0.533,0.565,0.2,0.2,0.8,0,1.6,1.6,0.2,0.4,0.1,0.2,0.7,2.6,263,8.8,0.578,0.722,0.093,0,16.8,8.6,3.1,1.7,0.6,9.6,10.7,0.1,0.3,0.4,0.074,-1.7,-0.4,-2.1,0
2014/2015,63065000,68023079.46,507336,Phoenix Suns,24,PHO,Arizona,West,Pacific,39,43,0.476,102.4,103.3,-0.38,Reggie Bullock,SF,23,1200720,1290392,11,0,6.8,0.1,1.5,0.063,0,0.6,0,0.1,0.8,0.111,0.063,0.2,0.4,0.5,0.1,0.8,0.9,0.2,0.1,0.2,0.2,0.2,0.4,75,-3.1,0.113,0.438,0.25,1.4,13.3,7.3,3.4,0.7,2,10.1,11.6,-0.3,0,-0.3,-0.173,-10.5,-0.3,-10.8,-0.2
2014/2015,63065000,68023079.46,507336,Utah Jazz,29,UTA,Utah,West,Northwest,38,44,0.463,95.1,94.9,0.71,Trey Burke,PG,22,2548560,2738892,76,43,30.1,4.9,13.2,0.368,1.6,5.1,0.318,3.2,8.1,0.4,0.43,1.4,1.9,0.752,0.4,2.3,2.7,4.3,0.9,0.2,1.6,1.6,12.8,2288,12.6,0.455,0.388,0.144,1.6,8.7,5.2,25,1.5,0.5,10.4,23.9,0.8,1.6,2.4,0.05,0,-1.9,-1.9,0.1
2014/2015,63065000,68023079.46,507336,Utah Jazz,29,UTA,Utah,West,Northwest,38,44,0.463,95.1,94.9,0.71,Alec Burks,SG,23,3201369,3440454,27,27,33.3,4.5,11.1,0.403,1,2.5,0.382,3.5,8.6,0.409,0.447,3.9,4.8,0.822,0.7,3.5,4.2,3,0.6,0.2,1.9,2.4,13.9,899,13,0.524,0.227,0.43,2.5,12.1,7.3,15.2,1,0.4,12.7,20.8,1.1,0.6,1.7,0.089,-0.4,-1.1,-1.6,0.1
2014/2015,63065000,68023079.46,507336,Detroit Pistons,9,DET,Michigan,East,Central,32,50,0.39,98.5,99.5,-1.39,Caron Butler,SF,34,4500000,4836070,78,21,20.8,2.1,5.1,0.407,1.1,2.8,0.379,1,2.3,0.441,0.511,0.7,0.8,0.902,0.3,2.2,2.5,1,0.6,0.1,0.6,1.5,5.9,1623,9.3,0.544,0.553,0.154,1.4,12.2,6.6,7.3,1.4,0.2,10.4,12.9,1.3,1,2.4,0.07,-1,-0.5,-1.5,0.2
2014/2015,63065000,68023079.46,507336,Chicago Bulls,5,CHI,Illinois,East,Central,50,32,0.61,100.8,97.8,2.54,Jimmy Butler,SG,25,2119214,2277481,65,65,38.7,6.5,14,0.462,1.1,3,0.378,5.4,11.1,0.484,0.502,5.9,7.1,0.834,1.8,4.1,5.8,3.3,1.8,0.6,1.4,1.7,20,2513,21.3,0.583,0.212,0.508,5.1,11.2,8.2,14.4,2.3,1,7.7,21.6,8.2,3,11.2,0.214,4.1,0.6,4.7,4.2
2014/2015,63065000,68023079.46,507336,Washington Wizards,30,WAS,Washington DC,East,Southeast,46,36,0.561,98.5,97.8,0.17,Rasual Butler,SF,35,1448490,1556666,75,1,20.1,2.9,6.9,0.422,1.2,3.1,0.387,1.7,3.8,0.45,0.51,0.7,0.9,0.791,0.4,2.3,2.6,0.8,0.4,0.3,0.6,1.3,7.7,1505,11.4,0.531,0.455,0.13,2.1,12.4,7.4,6.5,1,1.2,8.1,17.9,1,1.6,2.6,0.084,-0.8,-0.8,-1.7,0.1
2014/2015,63065000,68023079.46,507336,Los Angeles Lakers,14,LAL,California,West,Pacific,21,61,0.256,98.5,105.3,-6.17,Dwight Buycks,PG,25,48028,51614,6,0,20.5,3,6.7,0.45,1.2,1.8,0.636,1.8,4.8,0.379,0.538,1.5,1.7,0.9,0.3,1.7,2,2.3,0.5,0,2,0.5,8.7,123,13.1,0.586,0.275,0.25,1.7,9.3,5.4,18.4,1.2,0,21.3,20.4,0.1,0,0.1,0.027,-1.6,-3.3,-4.9,-0.1
2014/2015,63065000,68023079.46,507336,Washington Wizards,30,WAS,Washington DC,East,Southeast,46,36,0.561,98.5,97.8,0.17,Will Bynum,SG,32,2915908,3133674,7,0,9.6,1.4,4.4,0.323,0,1.3,0,1.4,3.1,0.455,0.323,0.3,0.6,0.5,0.3,0.6,0.9,2.6,0.1,0.1,1.1,1.3,3.1,67,4.8,0.336,0.29,0.129,3.4,6.6,5,42.2,0.8,1.2,19.6,27.6,-0.2,0.1,-0.2,-0.132,-5.8,-3.3,-9.1,-0.1
2014/2015,63065000,68023079.46,507336,Toronto Raptors,28,TOR,Ontario,East,Atlantic,49,33,0.598,104,100.9,2.45,Bruno Caboclo,SF,19,1458360,1567273,8,0,2.9,0.5,1.5,0.333,0.3,0.4,0.667,0.3,1.1,0.222,0.417,0,0,,0.1,0.1,0.3,0,0,0.1,0.5,0.4,1.3,23,-1.8,0.417,0.25,0,5,5,5,0,0,3.5,25,31.5,-0.1,0,-0.1,-0.275,-12.6,-6.3,-18.9,-0.1
2014/2015,63065000,68023079.46,507336,Memphis Grizzlies,15,MEM,Tennessee,West,Southwest,55,27,0.671,98.3,95.1,3.62,Nick Calathes,SG,25,816482,877458,58,0,14.4,1.8,4.3,0.421,0.2,0.7,0.256,1.6,3.5,0.456,0.443,0.4,0.8,0.533,0.3,1.5,1.8,2.5,1.1,0.1,1.1,1.7,4.2,838,12.3,0.455,0.174,0.182,2.6,11.8,7.2,26.6,3.9,0.5,18.6,17.9,-0.4,1.5,1.1,0.065,-2.1,1.8,-0.3,0.4
2014/2015,63065000,68023079.46,507336,New York Knicks,20,NYK,New York,East,Atlantic,17,65,0.207,91.9,101.2,-9.5,Jose Calderon,PG,33,7097191,7627225,42,42,30.2,3.5,8.4,0.415,1.4,3.4,0.415,2.1,5,0.415,0.499,0.7,0.8,0.906,0.5,2.5,3,4.7,0.7,0,1.8,1.8,9.1,1270,11.3,0.519,0.401,0.09,1.7,9.8,5.6,25.6,1.3,0,16.9,16.1,0.8,0.1,0.9,0.033,-0.5,-2.6,-3.2,-0.4
2014/2015,63065000,68023079.46,507336,Detroit Pistons,9,DET,Michigan,East,Central,32,50,0.39,98.5,99.5,-1.39,Kentavious Caldwell-Pope,SG,21,2772480,2979535,82,82,31.5,4.8,11.9,0.401,1.9,5.4,0.345,2.9,6.4,0.449,0.48,1.3,1.9,0.696,0.6,2.5,3.1,1.3,1.1,0.2,1.1,2,12.7,2587,11.2,0.501,0.457,0.163,1.9,9.1,5.4,6.8,1.9,0.5,8.3,19.5,1.1,1.8,2.8,0.052,-0.2,-0.9,-1,0.6
2014/2015,63065000,68023079.46,507336,#N/A,#N/A,TOT,#N/A,#N/A,#N/A,#N/A,#N/A,#N/A,#N/A,#N/A,#N/A,Isaiah Canaan,PG,23,816482,877458,47,21,20,3.1,8,0.386,1.9,5.2,0.37,1.2,2.8,0.417,0.507,1,1.3,0.817,0.4,1.5,1.9,2.1,0.6,0.1,1.3,1.8,9.2,938,12.4,0.534,0.651,0.159,2.1,8.3,5.1,18.7,1.5,0.3,13.3,21.6,0.8,0.7,1.4,0.072,0.7,-2.9,-2.2,-0.1
2014/2015,63065000,68023079.46,507336,Houston Rockets,11,HOU,Texas,West,Southwest,56,26,0.683,103.9,100.5,3.82,Isaiah Canaan,PG,23,816482,877458,25,9,14.8,2.1,5.2,0.405,1.3,3.4,0.381,0.8,1.9,0.447,0.527,0.6,0.8,0.762,0.4,0.9,1.3,1.2,0.6,0,0.9,1.1,6.2,369,11.8,0.549,0.641,0.16,3.3,6.6,4.9,12.6,1.9,0,14.1,19.2,0.3,0.3,0.6,0.084,0,-2.3,-2.3,0
2014/2015,63065000,68023079.46,507336,Philadelphia 76ers,23,PHI,Pennsylvania,East,Atlantic,18,64,0.22,92,101,-9.04,Isaiah Canaan,PG,23,816482,877458,22,12,25.9,4.2,11.2,0.377,2.7,7.4,0.364,1.5,3.9,0.4,0.496,1.5,1.8,0.846,0.3,2.1,2.5,3.1,0.7,0.1,1.8,2.5,12.6,569,12.8,0.526,0.656,0.158,1.3,9.4,5.1,22.7,1.3,0.4,12.9,23.2,0.4,0.3,0.8,0.065,1.1,-3.3,-2.2,0
2014/2015,63065000,68023079.46,507336,Houston Rockets,11,HOU,Texas,West,Southwest,56,26,0.683,103.9,100.5,3.82,Clint Capela,C,20,1189200,1278012,12,0,7.5,1.2,2.4,0.483,0,0,,1.2,2.4,0.483,0.483,0.3,1.9,0.174,0.8,2.2,3,0.2,0.1,0.8,0.4,1.2,2.7,90,12.1,0.409,0,0.793,12.3,31.8,22.1,3.6,0.6,7.8,11.3,21.3,-0.2,0.2,0,0.019,-8.8,1,-7.8,-0.1
2014/2015,63065000,68023079.46,507336,Atlanta Hawks,1,ATL,Georgia,East,Southeast,60,22,0.732,102.5,97.1,4.75,DeMarre Carroll,SF,28,2500000,2686705,70,69,31.3,4.5,9.3,0.487,1.7,4.3,0.395,2.8,5,0.567,0.579,1.8,2.6,0.702,1.4,3.9,5.3,1.7,1.3,0.2,1.1,2.2,12.6,2189,15.9,0.603,0.466,0.277,5.3,13.8,9.7,8.3,2.2,0.7,9.3,16.9,4.3,2.8,7,0.154,2.4,0.5,2.9,2.7
2014/2015,63065000,68023079.46,507336,Memphis Grizzlies,15,MEM,Tennessee,West,Southwest,55,27,0.671,98.3,95.1,3.62,Vince Carter,SG,38,3911981,4204136,66,1,16.5,2,6.2,0.333,1,3.5,0.297,1,2.6,0.379,0.417,0.7,0.9,0.789,0.4,1.6,2,1.2,0.7,0.2,0.7,1.5,5.8,1091,9.6,0.445,0.571,0.14,2.8,11.1,7,11.1,2.1,1.1,9.1,19.9,-0.5,1.4,1,0.043,-1.1,-0.3,-1.4,0.2
2014/2015,63065000,68023079.46,507336,#N/A,#N/A,TOT,#N/A,#N/A,#N/A,#N/A,#N/A,#N/A,#N/A,#N/A,#N/A,Michael Carter-Williams,PG,23,2300040,2471812,66,63,32.6,5.5,13.9,0.396,0.5,2.3,0.235,5,11.6,0.428,0.416,3.1,4.4,0.694,1,4.4,5.3,6.7,1.7,0.5,3.8,2.5,14.6,2149,14.1,0.461,0.166,0.317,3.2,15.3,9,37.3,2.6,1.1,19.5,26.7,-2.1,2.9,0.8,0.017,-1.6,0.9,-0.7,0.7
2014/2015,63065000,68023079.46,507336,Philadelphia 76ers,23,PHI,Pennsylvania,East,Atlantic,18,64,0.22,92,101,-9.04,Michael Carter-Williams,PG,23,2300040,2471812,41,38,33.9,5.7,14.9,0.38,0.8,3,0.256,4.9,11.9,0.412,0.406,2.9,4.4,0.643,1,5.1,6.2,7.4,1.5,0.4,4.2,2.5,15,1391,12.8,0.444,0.205,0.298,3.2,17.3,9.9,40.9,2.2,1,20.1,27.1,-2.1,1.6,-0.5,-0.017,-1.9,0.6,-1.3,0.2
2014/2015,63065000,68023079.46,507336,Milwaukee Bucks,17,MIL,Wisconsin,East,Central,41,41,0.5,97.8,97.4,-0.09,Michael Carter-Williams,PG,23,2300040,2471812,25,25,30.3,5.3,12.3,0.429,0.2,1.1,0.143,5.1,11.2,0.457,0.435,3.4,4.4,0.78,0.8,3.1,4,5.6,2,0.5,3.2,2.6,14.1,758,16.3,0.496,0.091,0.354,3.2,11.7,7.5,30.8,3.4,1.3,18.2,25.8,0,1.3,1.3,0.08,-1,1.4,0.4,0.5
2014/2015,63065000,68023079.46,507336,Sacramento Kings,26,SAC,California,West,Pacific,29,53,0.354,101.3,105,-3.07,Omri Casspi,SF,26,1063384,1142799,67,19,21.1,3.1,6.4,0.489,0.5,1.3,0.402,2.6,5.1,0.512,0.53,2.1,2.9,0.733,0.8,3.1,3.9,1.5,0.5,0.1,1.3,1.6,8.9,1416,14.4,0.58,0.204,0.447,4.5,15.9,10.4,11.8,1.1,0.5,14.7,18.7,2,0.6,2.7,0.091,0,-1.3,-1.3,0.3
2014/2015,63065000,68023079.46,507336,Miami Heat,16,MIA,Florida,East,Southeast,37,45,0.451,94.7,97.3,-2.92,Mario Chalmers,PG,28,4000000,4298729,80,37,29.6,3.3,8.3,0.403,0.9,3.1,0.294,2.4,5.2,0.467,0.458,2.6,3.3,0.774,0.3,2.3,2.6,3.8,1.5,0.1,2.2,3.1,10.2,2368,11.7,0.521,0.374,0.401,1.2,9,5.2,21,2.7,0.4,18.2,18.9,0.8,2,2.8,0.056,-0.6,-0.4,-1,0.6
2014/2015,63065000,68023079.46,507336,Dallas Mavericks,7,DAL,Texas,West,Southwest,50,32,0.61,105.2,102.3,3.36,Tyson Chandler,C,32,14596888,15687016,75,75,30.5,3.9,5.9,0.666,0,0,,3.9,5.9,0.666,0.666,2.5,3.4,0.72,3.9,7.6,11.5,1.1,0.6,1.2,1.4,2.3,10.3,2286,20.1,0.697,0,0.584,14.1,27.4,20.7,5.3,0.9,3.2,16,12.8,7.2,3.1,10.3,0.216,1.9,2.3,4.2,3.6
2014/2015,63065000,68023079.46,507336,Denver Nuggets,8,DEN,Colorado,West,Northwest,30,52,0.366,101.5,105,-3.07,Wilson Chandler,SF,27,6754913,7259385,78,75,31.7,5.4,12.5,0.429,1.8,5.2,0.342,3.6,7.3,0.49,0.5,1.4,1.8,0.775,1.2,4.9,6.1,1.7,0.7,0.4,1.4,3,13.9,2471,13.2,0.523,0.416,0.146,4.1,17.2,10.4,8.9,1.2,0.9,9.6,20.1,2.1,1.5,3.6,0.071,0.5,-0.4,0.2,1.3
2014/2015,63065000,68023079.46,507336,Cleveland Cavaliers,6,CLE,Ohio,East,Central,53,29,0.646,103.1,98.7,4.08,Will Cherry,PG,23,106567,114525,8,0,8.6,0.6,2.4,0.263,0.3,1.1,0.222,0.4,1.3,0.3,0.316,0.4,0.8,0.5,0.1,0.5,0.6,1,0.8,0.1,0.5,1.3,1.9,69,5.8,0.347,0.474,0.316,1.7,6.6,4.2,16.4,4.5,1.1,15.6,16.8,-0.1,0.1,0,-0.021,-4.4,0.7,-3.7,0
2014/2015,63065000,68023079.46,507336,Utah Jazz,29,UTA,Utah,West,Northwest,38,44,0.463,95.1,94.9,0.71,0,SG,26,#N/A,#N/A,4,1,7.3,0.8,3,0.25,0,1,0,0.8,2,0.375,0.25,0,0,,0.5,1,1.5,0,0.3,0,0.3,1.5,1.5,29,-2.6,0.25,0.333,0,8,15.9,12,0,1.8,0,7.7,20.6,-0.1,0,-0.1,-0.15,-10.6,-5.7,-16.3,-0.1
2014/2015,63065000,68023079.46,507336,Brooklyn Nets,3,BRK,New York,East,Atlantic,38,44,0.463,98,100.9,-3.13,Earl Clark,PF,27,125104,134447,10,0,9.3,1.1,3,0.367,0.4,1.4,0.286,0.7,1.6,0.438,0.433,0.1,0.4,0.25,0.1,2.2,2.3,0.3,0.3,0.4,0.6,1.2,2.7,93,6.7,0.425,0.467,0.133,1.2,26.5,13.9,5,1.7,3.5,15.9,18.5,-0.2,0.1,-0.1,-0.037,-6.6,0.5,-6.1,-0.1
2014/2015,63065000,68023079.46,507336,#N/A,#N/A,TOT,#N/A,#N/A,#N/A,#N/A,#N/A,#N/A,#N/A,#N/A,#N/A,Ian Clark,SG,23,816481,877456,30,0,6.4,0.6,1.8,0.345,0.3,1,0.333,0.3,0.8,0.36,0.436,0.3,0.3,1,0.1,0.4,0.5,0.4,0.3,0.1,0.3,0.7,1.9,192,8.8,0.483,0.545,0.164,2.4,7.1,4.8,9.7,2.4,1.2,13.2,16,0,0.2,0.2,0.05,-2,-0.8,-2.8,0
2014/2015,63065000,68023079.46,507336,Utah Jazz,29,UTA,Utah,West,Northwest,38,44,0.463,95.1,94.9,0.71,Ian Clark,SG,23,816481,877456,23,0,7,0.7,1.9,0.341,0.4,1.1,0.36,0.3,0.8,0.316,0.443,0.2,0.2,1,0.2,0.4,0.6,0.4,0.3,0.1,0.3,0.5,1.9,161,8.3,0.476,0.568,0.114,2.9,6.4,4.7,9.7,2,1,13.2,15.1,0,0.1,0.1,0.044,-2.1,-1.2,-3.3,-0.1
2014/2015,63065000,68023079.46,507336,Denver Nuggets,8,DEN,Colorado,West,Northwest,30,52,0.366,101.5,105,-3.07,Ian Clark,SG,23,816481,877456,7,0,4.4,0.6,1.6,0.364,0.1,0.7,0.2,0.4,0.9,0.5,0.409,0.6,0.6,1,0,0.4,0.4,0.3,0.4,0.1,0.3,1.1,1.9,31,11.6,0.509,0.455,0.364,0,10.8,5.2,9.9,4.8,2.5,13.6,20.6,0,0,0.1,0.083,-1.8,1.6,-0.2,0
2014/2015,63065000,68023079.46,507336,Los Angeles Lakers,14,LAL,California,West,Pacific,21,61,0.256,98.5,105.3,-6.17,Jordan Clarkson,PG,22,507336,545225,59,38,25,4.5,10.1,0.448,0.6,2.1,0.314,3.9,8.1,0.482,0.48,2.2,2.7,0.829,0.9,2.3,3.2,3.5,0.9,0.2,1.6,1.8,11.9,1476,16.9,0.528,0.203,0.265,4,10.5,7.1,23.8,1.8,0.7,12.6,23,2,0.4,2.4,0.078,1.4,-1.7,-0.3,0.6
2014/2015,63065000,68023079.46,507336,Portland Trail Blazers,25,POR,Oregon,West,Northwest,51,31,0.622,102.8,98.6,4.41,Victor Claver,SF,26,1370000,1472314,10,0,7.6,0.9,2,0.45,0.6,1.1,0.545,0.3,0.9,0.333,0.6,0,0,,0.3,1.7,2,0.1,0.1,0.1,0.4,1.2,2.4,76,9.2,0.6,0.55,0,4.3,23.5,14.1,1.9,0.7,0.9,16.7,14.1,0,0.1,0.1,0.086,-2.9,-1.3,-4.2,0
2014/2015,63065000,68023079.46,507336,#N/A,#N/A,TOT,#N/A,#N/A,#N/A,#N/A,#N/A,#N/A,#N/A,#N/A,#N/A,Norris Cole,PG,26,2150188,2310768,75,25,24.4,3.1,7.4,0.412,0.7,2.3,0.313,2.3,5.1,0.458,0.461,0.8,1.1,0.716,0.2,1.9,2.1,3.4,0.8,0.2,1.3,1.7,7.6,1831,10.9,0.483,0.315,0.145,0.9,9.3,5.1,22.2,1.6,0.7,14.3,17.5,0.4,1,1.4,0.036,-1.5,-1.5,-3,-0.5
2014/2015,63065000,68023079.46,507336,Miami Heat,16,MIA,Florida,East,Southeast,37,45,0.451,94.7,97.3,-2.92,Norris Cole,PG,26,2150188,2310768,47,23,24.4,2.5,6.5,0.386,0.6,2.2,0.265,1.9,4.3,0.446,0.43,0.7,1,0.696,0.3,2,2.3,3.5,0.9,0.2,1.2,1.6,6.3,1148,9.9,0.452,0.333,0.15,1.3,9.8,5.7,22.9,1.9,0.6,15.1,15.7,-0.1,0.8,0.6,0.027,-2.1,-0.9,-2.9,-0.3
2014/2015,63065000,68023079.46,507336,New Orleans Pelicans,19,NOP,Louisiana,West,Southwest,45,37,0.549,99.4,98.6,1.13,Norris Cole,PG,26,2150188,2310768,28,2,24.4,4,9,0.444,1,2.6,0.378,3,6.4,0.472,0.5,0.9,1.3,0.743,0,1.8,1.8,3.2,0.5,0.3,1.5,1.8,9.9,683,12.6,0.52,0.294,0.139,0.2,8.3,4.2,21.2,1.2,0.8,13.3,20.6,0.5,0.3,0.7,0.052,-0.5,-2.6,-3.1,-0.2
2014/2015,63065000,68023079.46,507336,Sacramento Kings,26,SAC,California,West,Pacific,29,53,0.354,101.3,105,-3.07,Darren Collison,PG,27,4797664,5155964,45,45,34.8,5.8,12.2,0.473,1.3,3.6,0.373,4.4,8.6,0.514,0.527,3.2,4.1,0.788,0.4,2.8,3.2,5.6,1.5,0.3,2.5,2.1,16.1,1565,17.5,0.575,0.293,0.335,1.4,8.7,5.2,27.2,2.2,0.7,15.1,20.9,3,0.8,3.8,0.116,2.8,-1.3,1.5,1.4
2014/2015,63065000,68023079.46,507336,Oklahoma City Thunder,21,OKC,Oklahoma,West,Northwest,45,37,0.549,104,101.8,2.47,Nick Collison,PF,34,2242003,2409440,66,2,16.7,1.6,3.8,0.419,0.2,0.9,0.267,1.4,2.9,0.466,0.451,0.7,1,0.692,1.4,2.4,3.8,1.4,0.5,0.4,0.7,2.4,4.1,1101,11.2,0.485,0.237,0.257,8.9,15.3,12.2,11.6,1.6,1.8,13.8,12.8,1,1.2,2.2,0.097,-1.1,1.2,0.1,0.6
2014/2015,63065000,68023079.46,507336,Memphis Grizzlies,15,MEM,Tennessee,West,Southwest,55,27,0.671,98.3,95.1,3.62,Mike Conley,PG,27,8760000,9414216,70,70,31.8,5.6,12.6,0.446,1.5,4,0.386,4.1,8.6,0.473,0.506,3.1,3.6,0.859,0.4,2.6,3,5.4,1.3,0.2,2.2,2,15.8,2225,18.6,0.558,0.314,0.282,1.5,9.2,5.4,28,2.1,0.5,13.6,23.7,4.2,2.7,6.8,0.147,3.2,-0.5,2.7,2.6
2014/2015,63065000,68023079.46,507336,Utah Jazz,29,UTA,Utah,West,Northwest,38,44,0.463,95.1,94.9,0.71,Jack Cooley,C,23,152199,163565,16,0,5.4,0.6,1.4,0.409,0,0,,0.6,1.4,0.409,0.409,0.6,1.3,0.429,0.6,0.9,1.6,0.1,0.4,0.2,0.2,1.4,1.7,87,11.4,0.432,0,0.955,13.3,19.8,16.6,1.8,3.7,2.8,8.8,18,0,0.2,0.2,0.092,-4.4,0.4,-4,0
2014/2015,63065000,68023079.46,507336,Indiana Pacers,12,IND,Indiana,East,Central,38,44,0.463,97.3,97,-0.23,Chris Copeland,SF,30,3130000,3363755,50,12,16.6,2.2,6.2,0.361,1,3.3,0.311,1.2,2.9,0.42,0.445,0.7,0.9,0.733,0.5,1.8,2.2,1,0.2,0.2,1.2,1.6,6.2,828,7.4,0.468,0.539,0.145,3.1,11.7,7.4,9.9,0.7,1,15.2,21.3,-0.9,0.8,-0.1,-0.008,-2.8,-1.5,-4.3,-0.5
2014/2015,63065000,68023079.46,507336,Utah Jazz,29,UTA,Utah,West,Northwest,38,44,0.463,95.1,94.9,0.71,Bryce Cotton,PG,22,152200,163566,15,0,10.6,1.9,4.6,0.42,0.5,1.3,0.35,1.5,3.3,0.449,0.471,1,1.2,0.833,0.2,1,1.2,1,0.3,0,0.8,0.4,5.3,159,14.5,0.52,0.29,0.261,2.2,10.8,6.5,17,1.3,0,13.5,25.6,0.1,0.1,0.2,0.067,-1.2,-3.2,-4.4,-0.1
2014/2015,63065000,68023079.46,507336,Sacramento Kings,26,SAC,California,West,Pacific,29,53,0.354,101.3,105,-3.07,DeMarcus Cousins,C,24,13701250,14724490,59,59,34.1,8.4,18.1,0.467,0,0.1,0.25,8.4,17.9,0.469,0.468,7.2,9.2,0.782,3.1,9.5,12.7,3.6,1.5,1.7,4.3,4.1,24.1,2013,25.2,0.545,0.008,0.508,10.8,30.6,21.1,20.4,2.3,4,16.3,34.1,2.8,3.2,6,0.144,1.4,3.3,4.7,3.4
2014/2015,63065000,68023079.46,507336,Philadelphia 76ers,23,PHI,Pennsylvania,East,Atlantic,18,64,0.22,92,101,-9.04,Robert Covington,SF,24,1000000,1074682,70,49,27.9,4.3,10.8,0.396,2.4,6.4,0.374,1.9,4.4,0.426,0.506,2.5,3.1,0.82,0.9,3.6,4.5,1.5,1.4,0.4,1.8,2.7,13.5,1956,14.7,0.554,0.59,0.287,3.4,14.6,8.8,9.8,2.5,1.3,13.1,21.8,1.6,2.3,4,0.097,0.6,-0.5,0.2,1.1
2014/2015,63065000,68023079.46,507336,Portland Trail Blazers,25,POR,Oregon,West,Northwest,51,31,0.622,102.8,98.6,4.41,Allen Crabbe,SG,22,862000,926376,51,9,13.4,1.2,3,0.412,0.6,1.7,0.353,0.6,1.3,0.485,0.51,0.2,0.3,0.75,0.1,1.3,1.4,0.8,0.4,0.3,0.3,1.5,3.3,683,8.7,0.525,0.556,0.105,1.1,10.1,5.7,8.1,1.4,1.6,8.6,11.5,0.5,0.8,1.3,0.088,-1.3,1,-0.3,0.3
2014/2015,63065000,68023079.46,507336,Los Angeles Clippers,13,LAC,California,West,Pacific,56,26,0.683,106.7,100.1,6.8,Jamal Crawford,SG,34,5450000,5857018,64,4,26.6,5.2,13.1,0.396,1.9,5.7,0.327,3.3,7.4,0.448,0.467,3.5,3.9,0.901,0.3,1.7,1.9,2.5,0.9,0.2,1.4,1.7,15.8,1703,16.6,0.532,0.434,0.3,1.2,6.9,4.1,14.9,1.8,0.7,8.8,27.6,2.5,1.2,3.6,0.102,1.7,-2.7,-1,0.4
2014/2015,63065000,68023079.46,507336,#N/A,#N/A,TOT,#N/A,#N/A,#N/A,#N/A,#N/A,#N/A,#N/A,#N/A,#N/A,Jae Crowder,SF,24,915243,983595,82,17,20.1,2.8,6.6,0.42,0.7,2.5,0.293,2,4.1,0.499,0.476,1.3,1.7,0.773,0.9,2.7,3.6,1.1,0.9,0.3,0.6,1.7,7.7,1647,13.9,0.517,0.382,0.259,4.7,14.9,9.7,8.6,2.2,1.2,7.5,17.5,1.9,2,3.9,0.113,-0.1,0.6,0.6,1.1
2014/2015,63065000,68023079.46,507336,Dallas Mavericks,7,DAL,Texas,West,Southwest,50,32,0.61,105.2,102.3,3.36,Jae Crowder,SF,24,915243,983595,25,0,10.6,1.3,3,0.434,0.5,1.5,0.342,0.8,1.5,0.526,0.52,0.4,0.4,0.909,0.5,0.7,1.2,0.5,0.6,0.2,0.4,1,3.6,265,12.7,0.55,0.5,0.145,5,7.1,6,6.5,2.9,1.5,11,15.3,0.3,0.3,0.5,0.098,0.6,0.5,1.1,0.2
2014/2015,63065000,68023079.46,507336,Boston Celtics,2,BOS,Massachusetts,East,Atlantic,40,42,0.488,101.4,101.2,-0.4,Jae Crowder,SF,24,915243,983595,57,17,24.2,3.4,8.2,0.418,0.8,3,0.282,2.6,5.2,0.495,0.469,1.7,2.3,0.762,1.1,3.6,4.6,1.4,1,0.4,0.7,1.9,9.5,1382,14.1,0.512,0.362,0.277,4.7,16.4,10.5,9,2.1,1.1,6.9,17.9,1.6,1.8,3.3,0.116,-0.2,0.7,0.5,0.9
2014/2015,63065000,68023079.46,507336,New Orleans Pelicans,19,NOP,Louisiana,West,Southwest,45,37,0.549,99.4,98.6,1.13,Dante Cunningham,PF,27,831941,894072,66,27,25,2.3,5.1,0.457,0,0.2,0.1,2.3,5,0.468,0.459,0.4,0.7,0.617,1.1,2.8,3.9,0.8,0.7,0.6,0.5,1.5,5.2,1652,8.9,0.473,0.029,0.139,4.8,12.8,8.8,4.4,1.5,1.7,8.9,10.9,0.5,1.2,1.6,0.047,-2.6,1,-1.6,0.2
2014/2015,63065000,68023079.46,507336,Los Angeles Clippers,13,LAC,California,West,Pacific,56,26,0.683,106.7,100.1,6.8,Jared Cunningham,SG,23,#N/A,#N/A,19,0,4.7,0.6,1.7,0.364,0.2,0.7,0.308,0.4,1.1,0.4,0.424,0.4,0.7,0.538,0.1,0.4,0.5,0.5,0.2,0,0.4,0.6,1.8,89,7.3,0.452,0.394,0.394,1.3,9.9,5.7,16.4,1.7,0,15.3,23.2,-0.1,0.1,0,-0.023,-4,-2.7,-6.7,-0.1
2014/2015,63065000,68023079.46,507336,Phoenix Suns,24,PHO,Arizona,West,Pacific,39,43,0.476,102.4,103.3,-0.38,Seth Curry,PG,24,48028,51614,2,0,4,0,1.5,0,0,0.5,0,0,1,0,0,0,0,,0,1,1,0.5,0,0,0,1,0,8,-11.4,0,0.333,0,0,27.7,13.7,15.6,0,0,0,16.5,-0.1,0,0,-0.298,-14.3,-1.6,-15.9,0
2014/2015,63065000,68023079.46,507336,Golden State Warriors,10,GSW,California,West,Pacific,67,15,0.817,110,99.9,10.01,Stephen Curry,PG,26,10629213,11423026,80,80,32.7,8.2,16.8,0.487,3.6,8.1,0.443,4.6,8.7,0.528,0.594,3.9,4.2,0.914,0.7,3.6,4.3,7.7,2,0.2,3.1,2,23.8,2613,28,0.638,0.482,0.251,2.4,11.4,7,38.6,3,0.5,14.3,28.9,11.5,4.1,15.7,0.288,9.6,0.3,9.9,7.9
2014/2015,63065000,68023079.46,507336,New York Knicks,20,NYK,New York,East,Atlantic,17,65,0.207,91.9,101.2,-9.5,Samuel Dalembert,C,33,1885755,2026587,32,21,17,1.8,4.1,0.438,0,0,,1.8,4.1,0.438,0.438,0.4,0.6,0.7,1.7,3.6,5.3,0.9,0.4,1.3,1.2,2.2,4,544,11.8,0.461,0,0.154,10.9,25.1,17.8,8.6,1.4,6.3,21.9,15,-0.4,0.7,0.3,0.023,-5.2,3,-2.2,0
2014/2015,63065000,68023079.46,507336,#N/A,#N/A,TOT,#N/A,#N/A,#N/A,#N/A,#N/A,#N/A,#N/A,#N/A,#N/A,Troy Daniels,SG,23,816482,877458,47,0,8.4,1.3,3.5,0.37,0.9,2.5,0.364,0.4,1,0.383,0.5,0.2,0.3,0.846,0.2,0.5,0.7,0.5,0.1,0,0.4,0.9,3.7,397,9.6,0.515,0.715,0.079,2.2,7.2,4.7,9.2,0.8,0.2,10.5,21.3,0.1,0.1,0.2,0.022,-0.3,-4.6,-4.9,-0.3
2014/2015,63065000,68023079.46,507336,Houston Rockets,11,HOU,Texas,West,Southwest,56,26,0.683,103.9,100.5,3.82,Troy Daniels,SG,23,816482,877458,17,0,6.4,0.9,2.8,0.319,0.8,2.5,0.302,0.1,0.2,0.5,0.457,0.2,0.2,0.75,0,0.4,0.4,0.2,0,0,0.3,0.8,2.7,108,4.5,0.472,0.915,0.085,0,6.1,3.1,5.9,0,0,9.3,21.6,-0.1,0,0,-0.013,-2.4,-5.8,-8.2,-0.2
2014/2015,63065000,68023079.46,507336,Minnesota Timberwolves,18,MIN,Minnesota,West,Northwest,16,66,0.195,97.8,106.5,-8,Troy Daniels,SG,23,816482,877458,19,0,8.1,1,3.1,0.322,0.7,2.1,0.333,0.3,1.1,0.3,0.432,0.1,0.1,1,0.3,0.7,1,0.7,0.2,0,0.4,0.7,2.8,154,7.4,0.443,0.661,0.034,4.3,10,7.1,13.4,1,0,11.8,19.4,-0.1,0,-0.1,-0.038,-1.4,-4.5,-5.8,-0.1
2014/2015,63065000,68023079.46,507336,Charlotte Hornets,4,CHO,North Carolina,East,Southeast,33,49,0.402,94.2,97.3,-3.44,Troy Daniels,SG,23,816482,877458,11,0,12.3,2.5,5.4,0.458,1.5,3.3,0.472,0.9,2.1,0.435,0.602,0.5,0.6,0.857,0.2,0.5,0.7,0.5,0.3,0.1,0.6,1.1,7,135,16.1,0.62,0.61,0.119,1.6,5,3.3,7,1.1,0.6,10.1,23.3,0.2,0.1,0.3,0.119,2.5,-3.7,-1.2,0
2014/2015,63065000,68023079.46,507336,#N/A,#N/A,TOT,#N/A,#N/A,#N/A,#N/A,#N/A,#N/A,#N/A,#N/A,#N/A,Gigi Datome,SF,27,1750000,1880693,21,1,10,2,4.2,0.483,0.9,1.9,0.45,1.2,2.3,0.51,0.584,0,0,1,0.1,1.2,1.4,0.4,0.1,0.3,0.4,0.7,5,209,15.1,0.587,0.449,0.011,1.5,13.9,7.6,7.6,0.5,2.6,9.1,20.7,0.2,0.2,0.4,0.095,-0.3,-1.8,-2.1,0
2014/2015,63065000,68023079.46,507336,Detroit Pistons,9,DET,Michigan,East,Central,32,50,0.39,98.5,99.5,-1.39,Gigi Datome,SF,27,1750000,1880693,3,0,5.7,1.7,4,0.417,0.3,1.3,0.25,1.3,2.7,0.5,0.458,0,0,,0.3,1,1.3,0.7,0.3,0,0.7,0.3,3.7,17,16.7,0.458,0.333,0,6.2,20,12.8,24.9,3,0,14.3,36.5,0,0,0,-0.033,-0.2,-1,-1.2,0
2014/2015,63065000,68023079.46,507336,Boston Celtics,2,BOS,Massachusetts,East,Atlantic,40,42,0.488,101.4,101.2,-0.4,Gigi Datome,SF,27,1750000,1880693,18,1,10.7,2.1,4.3,0.494,0.9,2,0.472,1.2,2.3,0.512,0.604,0.1,0.1,1,0.1,1.3,1.4,0.4,0.1,0.4,0.4,0.8,5.2,192,14.9,0.607,0.468,0.013,1.1,13.3,7.1,6,0.3,2.8,8.3,19.3,0.3,0.2,0.4,0.106,-0.3,-1.9,-2.2,0
2014/2015,63065000,68023079.46,507336,#N/A,#N/A,TOT,#N/A,#N/A,#N/A,#N/A,#N/A,#N/A,#N/A,#N/A,#N/A,Brandon Davies,PF,23,129676,139360,27,6,15.7,2,5.1,0.401,0.3,1.3,0.235,1.7,3.8,0.456,0.431,0.9,1.4,0.649,1.4,1.7,3.1,1.1,0.7,0.3,1.1,2.2,5.3,423,10.5,0.463,0.248,0.27,9.4,12.1,10.7,12.4,2.1,1.3,15.9,18.9,-0.2,0.4,0.2,0.028,-3.1,-0.1,-3.2,-0.1
2014/2015,63065000,68023079.46,507336,Philadelphia 76ers,23,PHI,Pennsylvania,East,Atlantic,18,64,0.22,92,101,-9.04,Brandon Davies,PF,23,129676,139360,20,6,19,2.5,6,0.412,0.4,1.5,0.233,2.1,4.5,0.472,0.441,1.1,1.7,0.636,1.8,1.9,3.7,1.4,0.9,0.2,1.3,2.7,6.3,379,10.7,0.472,0.252,0.277,9.5,11.4,10.4,13,2.2,0.9,15.8,18.2,-0.1,0.4,0.3,0.039,-2.6,-0.1,-2.8,-0.1
2014/2015,63065000,68023079.46,507336,Brooklyn Nets,3,BRK,New York,East,Atlantic,38,44,0.463,98,100.9,-3.13,Brandon Davies,PF,23,129676,139360,7,0,6.3,0.9,2.6,0.333,0.1,0.6,0.25,0.7,2,0.357,0.361,0.4,0.6,0.75,0.4,1,1.4,0.3,0.1,0.4,0.6,0.7,2.3,44,8.5,0.405,0.222,0.222,7.7,17.8,12.7,7.2,1.2,5.5,16.8,24.6,-0.1,0.1,-0.1,-0.069,-7.1,0.2,-6.9,-0.1
2014/2015,63065000,68023079.46,507336,New Orleans Pelicans,19,NOP,Louisiana,West,Southwest,45,37,0.549,99.4,98.6,1.13,Anthony Davis,PF,21,5607240,6026001,68,68,36.1,9.4,17.6,0.535,0,0.2,0.083,9.4,17.5,0.54,0.536,5.5,6.8,0.805,2.5,7.7,10.2,2.2,1.5,2.9,1.4,2.1,24.4,2455,30.8,0.591,0.01,0.384,8,24.1,16.1,11.6,2.1,6.2,6.3,27.8,9.9,4.2,14,0.274,4.2,3,7.1,5.7
2014/2015,63065000,68023079.46,507336,Los Angeles Lakers,14,LAL,California,West,Pacific,21,61,0.256,98.5,105.3,-6.17,Ed Davis,PF,25,981084,1054353,79,24,23.3,3.6,5.9,0.601,0,0,,3.6,5.9,0.601,0.601,1.2,2.4,0.487,2.9,4.7,7.6,1.2,0.6,1.2,0.7,2.6,8.3,1840,20,0.594,0,0.403,13.3,23.1,18,8.3,1.4,4.3,9.5,14.8,4.6,1.6,6.3,0.164,1.1,1.9,3,2.3
2014/2015,63065000,68023079.46,507336,Los Angeles Clippers,13,LAC,California,West,Pacific,56,26,0.683,106.7,100.1,6.8,Glen Davis,PF,29,7827985,8412596,74,0,12.2,1.6,3.4,0.459,0,0.1,0,1.6,3.4,0.466,0.459,0.8,1.3,0.632,0.6,1.7,2.3,0.5,0.6,0.3,0.5,1.8,4,904,10.8,0.495,0.016,0.373,5.5,15.4,10.5,6.3,2.3,1.9,11.6,16.7,0.2,1.1,1.4,0.072,-3.5,1,-2.5,-0.1
2014/2015,63065000,68023079.46,507336,Miami Heat,16,MIA,Florida,East,Southeast,37,45,0.451,94.7,97.3,-2.92,Andre Dawkins,SG,23,271697,291987,4,0,5.5,0.3,1.5,0.167,0.3,1.5,0.167,0,0,,0.25,0,0,,0,0.5,0.5,0.3,0,0,0.3,0.8,0.8,22,-5,0.25,1,0,0,10.7,5.5,6.6,0,0,14.3,15,-0.1,0,-0.1,-0.172,-7.5,-3.9,-11.5,-0.1
2014/2015,63065000,68023079.46,507336,#N/A,#N/A,TOT,#N/A,#N/A,#N/A,#N/A,#N/A,#N/A,#N/A,#N/A,#N/A,Austin Daye,SF,26,1263550,1357913,34,4,10.1,1.5,4.1,0.355,0.7,2.1,0.338,0.8,2.1,0.371,0.44,0.1,0.2,0.833,0.3,1.9,2.2,0.5,0.4,0.1,0.7,1.1,3.8,344,8.2,0.449,0.504,0.043,3.4,21,12.4,7.5,1.8,1.1,13.8,22.1,-0.6,0.5,0,-0.001,-4.4,-1,-5.4,-0.3
2014/2015,63065000,68023079.46,507336,San Antonio Spurs,27,SAS,Texas,West,Southwest,55,27,0.671,103.2,97,6.34,Austin Daye,SF,26,1263550,1357913,26,4,10.3,1.5,4.4,0.348,0.7,2.2,0.333,0.8,2.2,0.362,0.43,0.2,0.2,1,0.2,2.1,2.3,0.3,0.3,0.1,0.7,1.2,4,268,7.1,0.441,0.496,0.035,2.6,22.8,12.9,5.1,1.5,0.8,13.4,22.9,-0.5,0.4,-0.1,-0.021,-5.3,-1.5,-6.8,-0.3
2014/2015,63065000,68023079.46,507336,Atlanta Hawks,1,ATL,Georgia,East,Southeast,60,22,0.732,102.5,97.1,4.75,Austin Daye,SF,26,1263550,1357913,8,0,9.5,1.3,3.3,0.385,0.6,1.8,0.357,0.6,1.5,0.417,0.481,0.1,0.3,0.5,0.5,1.3,1.8,1,0.5,0.3,0.6,1.1,3.3,76,12.1,0.484,0.538,0.077,6.2,14.6,10.5,16,2.7,2.2,15.7,19.2,0,0.1,0.1,0.068,-1.3,0.9,-0.3,0
2014/2015,63065000,68023079.46,507336,Orlando Magic,22,ORL,Florida,East,Southeast,25,57,0.305,95.7,101.4,-5.87,Dewayne Dedmon,C,25,816482,877458,59,15,14.3,1.5,2.7,0.562,0,0,0,1.5,2.7,0.565,0.562,0.6,1.1,0.531,2,3,5,0.2,0.3,0.8,0.9,2.4,3.7,845,13.3,0.568,0.006,0.395,15.5,24.1,19.7,1.6,1,4.8,21.1,13,0.7,1,1.7,0.099,-3.6,0.3,-3.3,-0.3
2014/2015,63065000,68023079.46,507336,Cleveland Cavaliers,6,CLE,Ohio,East,Central,53,29,0.646,103.1,98.7,4.08,Matthew Dellavedova,SG,24,816482,877458,67,13,20.6,1.7,4.6,0.362,1,2.5,0.407,0.6,2.1,0.307,0.472,0.4,0.6,0.763,0.6,1.3,1.9,3,0.4,0,0.9,2.3,4.8,1380,8.5,0.493,0.544,0.124,3.1,7.3,5.2,21.1,0.9,0.1,15.9,12.6,1.4,0.5,1.9,0.067,-0.6,-2,-2.6,-0.2
2014/2015,63065000,68023079.46,507336,Miami Heat,16,MIA,Florida,East,Southeast,37,45,0.451,94.7,97.3,-2.92,Luol Deng,SF,29,9714461,10439959,72,72,33.6,5.1,10.9,0.469,1.1,3.1,0.355,4,7.9,0.513,0.518,2.7,3.5,0.761,1.4,3.8,5.2,1.9,0.9,0.3,1.5,1.5,14,2421,15.5,0.561,0.28,0.319,5.2,13.3,9.3,9.9,1.4,0.8,10.7,19.5,3.7,1.6,5.4,0.106,1.1,-0.6,0.5,1.5
2014/2015,63065000,68023079.46,507336,Toronto Raptors,28,TOR,Ontario,East,Atlantic,49,33,0.598,104,100.9,2.45,DeMar DeRozan,SG,25,9500000,10209481,60,60,35,6.8,16.5,0.413,0.4,1.5,0.284,6.4,15,0.426,0.426,6,7.2,0.832,0.7,3.9,4.6,3.5,1.2,0.2,2.3,2,20.1,2100,17.4,0.51,0.089,0.438,2.3,12.9,7.6,17,1.8,0.4,10.4,28.4,2.6,1.4,4,0.09,-0.2,-1.4,-1.6,0.2
2014/2015,63065000,68023079.46,507336,San Antonio Spurs,27,SAS,Texas,West,Southwest,55,27,0.671,103.2,97,6.34,Boris Diaw,PF,32,8000000,8597458,81,15,24.5,3.6,7.8,0.46,0.7,2.1,0.32,2.9,5.7,0.512,0.503,0.9,1.1,0.774,1,3.3,4.3,2.9,0.4,0.3,1.6,1.8,8.7,1984,12.7,0.526,0.267,0.147,4.5,15.2,10,17.9,0.9,0.9,15.8,18.3,1.3,2.3,3.6,0.088,-0.6,0.7,0.1,1.1
2014/2015,63065000,68023079.46,507336,Minnesota Timberwolves,18,MIN,Minnesota,West,Northwest,16,66,0.195,97.8,106.5,-8,Gorgui Dieng,C,25,1413480,1519041,73,49,30,3.5,7,0.506,0,0.1,0.167,3.5,6.9,0.51,0.507,2.6,3.3,0.783,3.1,5.3,8.3,2,1,1.7,1.7,2.6,9.7,2193,17.2,0.573,0.012,0.477,11.3,20.8,15.9,10.5,1.6,4.5,16.9,15,3.4,1.5,4.9,0.108,0.1,2.4,2.5,2.5
2014/2015,63065000,68023079.46,507336,Detroit Pistons,9,DET,Michigan,East,Central,32,50,0.39,98.5,99.5,-1.39,Spencer Dinwiddie,PG,21,700000,752277,34,1,13.4,1.5,5,0.302,0.4,1.9,0.185,1.1,3.1,0.375,0.337,0.9,1,0.912,0.1,1.3,1.4,3.1,0.6,0.2,1,1.6,4.3,455,10.2,0.394,0.385,0.201,0.9,10.9,5.7,34.9,2.2,1,15.2,21.1,-0.3,0.4,0.1,0.009,-2.6,-1.5,-4.2,-0.2
2014/2015,63065000,68023079.46,507336,Houston Rockets,11,HOU,Texas,West,Southwest,56,26,0.683,103.9,100.5,3.82,Joey Dorsey,PF,31,948163,1018973,69,17,12.4,1.2,2.1,0.552,0,0,0,1.2,2.1,0.556,0.552,0.3,1.2,0.289,1.5,2.6,4,0.4,0.6,0.4,0.6,2.3,2.7,854,11.1,0.507,0.007,0.572,13.3,22.7,18,4.4,2.3,2.3,18.4,11.3,0.4,1.5,1.9,0.108,-3.5,2.1,-1.4,0.1
2014/2015,63065000,68023079.46,507336,New Orleans Pelicans,19,NOP,Louisiana,West,Southwest,45,37,0.549,99.4,98.6,1.13,Toney Douglas,SG,28,268973,289060,12,0,14.8,1.6,4.3,0.373,0.4,1.5,0.278,1.2,2.8,0.424,0.422,0.7,1.1,0.615,0.2,1.7,1.8,2,0.9,0.3,0.8,1.7,4.3,177,11.2,0.45,0.353,0.255,1.3,12.8,7.1,20,3.3,1.7,15,17.2,0,0.2,0.2,0.046,-2.1,0.8,-1.3,0
2014/2015,63065000,68023079.46,507336,Los Angeles Clippers,13,LAC,California,West,Pacific,56,26,0.683,106.7,100.1,6.8,Chris Douglas-Roberts,SG,28,915243,983595,12,0,8.6,0.4,1.8,0.238,0.1,0.6,0.143,0.3,1.2,0.286,0.262,0.7,0.7,1,0.1,0.9,1,0.3,0.1,0,0,1.2,1.6,103,3.3,0.387,0.333,0.381,1.1,11.8,6.6,5,0.5,0,0,10.7,0,0.1,0,0.02,-4.4,-1.6,-6.1,-0.1
2014/2015,63065000,68023079.46,507336,#N/A,#N/A,TOT,#N/A,#N/A,#N/A,#N/A,#N/A,#N/A,#N/A,#N/A,#N/A,Goran Dragic,SG-PG,28,7500000,8060117,78,78,33.8,6.4,12.8,0.501,1.2,3.3,0.347,5.3,9.5,0.555,0.546,2.3,3,0.774,1,2.5,3.5,4.5,1,0.2,2.2,2.5,16.3,2640,17.4,0.577,0.258,0.234,3.5,8.2,5.9,22.8,1.5,0.5,13.5,21.8,5.4,1.4,6.8,0.123,2.5,-1.4,1.1,2.1
2014/2015,63065000,68023079.46,507336,Phoenix Suns,24,PHO,Arizona,West,Pacific,39,43,0.476,102.4,103.3,-0.38,Goran Dragic,SG,28,7500000,8060117,52,52,33.4,6.5,13.1,0.501,1.3,3.6,0.355,5.3,9.5,0.556,0.549,1.9,2.5,0.746,1,2.6,3.6,4.1,1,0.2,2.2,2.3,16.2,1735,16.7,0.573,0.274,0.191,3.2,8.5,5.8,20.2,1.4,0.4,13.4,21.5,3.1,0.9,4,0.111,2.1,-1.3,0.8,1.2
2014/2015,63065000,68023079.46,507336,Miami Heat,16,MIA,Florida,East,Southeast,37,45,0.451,94.7,97.3,-2.92,Goran Dragic,PG,28,7500000,8060117,26,26,34.8,6.2,12.4,0.502,0.9,2.8,0.329,5.3,9.6,0.552,0.539,3.2,4,0.808,1.2,2.3,3.4,5.3,1.1,0.2,2.3,2.9,16.6,905,18.8,0.586,0.226,0.322,4.1,7.7,5.9,27.8,1.6,0.6,13.8,22.2,2.3,0.5,2.8,0.146,3.4,-1.7,1.7,0.9
2014/2015,63065000,68023079.46,507336,#N/A,#N/A,TOT,#N/A,#N/A,#N/A,#N/A,#N/A,#N/A,#N/A,#N/A,#N/A,Zoran Dragic,SG,25,1756500,1887679,16,1,4.7,0.7,1.9,0.367,0.2,0.9,0.214,0.5,1,0.5,0.417,0.2,0.3,0.6,0.3,0.2,0.5,0.3,0.1,0,0.3,0.4,1.8,75,8.2,0.435,0.467,0.167,7.8,4.6,6.2,11.2,1.4,0,13.4,22.9,-0.1,0,-0.1,-0.042,-2.5,-4,-6.5,-0.1
2014/2015,63065000,68023079.46,507336,Phoenix Suns,24,PHO,Arizona,West,Pacific,39,43,0.476,102.4,103.3,-0.38,Zoran Dragic,SG,25,1756500,1887679,6,0,2.2,0.3,1.3,0.25,0,0.8,0,0.3,0.5,0.667,0.25,0.3,0.5,0.667,0.3,0.2,0.5,0.2,0,0,0,0.2,1,13,9.1,0.322,0.625,0.375,16.7,8.5,12.6,11.9,0,0,0,31.5,0,0,0,-0.077,-0.4,-6.9,-7.3,0
2014/2015,63065000,68023079.46,507336,Miami Heat,16,MIA,Florida,East,Southeast,37,45,0.451,94.7,97.3,-2.92,Zoran Dragic,SG,25,1756500,1887679,10,1,6.2,0.9,2.2,0.409,0.3,0.9,0.333,0.6,1.3,0.462,0.477,0.1,0.2,0.5,0.3,0.2,0.5,0.4,0.2,0,0.5,0.5,2.2,62,8,0.481,0.409,0.091,5.9,3.8,4.8,11,1.7,0,17.9,21.1,-0.1,0,0,-0.035,-2.9,-3.4,-6.3,-0.1
2014/2015,63065000,68023079.46,507336,Philadelphia 76ers,23,PHI,Pennsylvania,East,Atlantic,18,64,0.22,92,101,-9.04,Larry Drew II,PG,24,53716,57727,12,1,18.3,1.7,4.8,0.345,0.3,2.2,0.154,1.3,2.7,0.5,0.379,0.2,0.3,0.667,0.1,1.2,1.3,3.8,0.5,0,2.1,1.1,3.8,219,4.5,0.388,0.448,0.052,0.5,7.3,3.7,33.9,1.4,0,29.6,16.8,-0.5,0.1,-0.4,-0.087,-7.3,-4.1,-11.4,-0.5
2014/2015,63065000,68023079.46,507336,Detroit Pistons,9,DET,Michigan,East,Central,32,50,0.39,98.5,99.5,-1.39,Andre Drummond,C,21,2568360,2760170,82,82,30.5,6,11.7,0.514,0,0,0,6,11.7,0.515,0.514,1.7,4.5,0.389,5.3,8.1,13.5,0.7,0.9,1.9,1.5,3.5,13.8,2502,21.4,0.504,0.002,0.38,18.3,30.1,24,3.9,1.5,4.8,9.7,22,3.4,4.3,7.7,0.147,-1.2,1.1,-0.2,1.2
2014/2015,63065000,68023079.46,507336,Milwaukee Bucks,17,MIL,Wisconsin,East,Central,41,41,0.5,97.8,97.4,-0.09,Jared Dudley,SG,29,4250000,4567399,72,22,23.8,2.8,5.9,0.468,1,2.7,0.385,1.7,3.2,0.537,0.556,0.7,0.9,0.716,0.6,2.4,3.1,1.8,1,0.2,0.9,1.6,7.2,1717,12.3,0.572,0.454,0.158,3,11.6,7.3,11.5,2.1,0.5,12.1,13.5,2,2.1,4.1,0.116,0.1,0.5,0.6,1.1
2014/2015,63065000,68023079.46,507336,San Antonio Spurs,27,SAS,Texas,West,Southwest,55,27,0.671,103.2,97,6.34,Tim Duncan,C,38,10361446,11135262,77,77,28.9,5.4,10.6,0.512,0,0.1,0.286,5.4,10.5,0.514,0.513,3,4,0.74,2.2,6.9,9.1,3,0.8,2,1.7,2.1,13.9,2227,22.6,0.56,0.009,0.38,8.8,26.7,17.9,16.8,1.4,5.1,12.1,22.2,4.9,4.7,9.6,0.207,0.8,4.7,5.5,4.2
2014/2015,63065000,68023079.46,507336,Chicago Bulls,5,CHI,Illinois,East,Central,50,32,0.61,100.8,97.8,2.54,Mike Dunleavy,SF,34,3000000,3224046,63,63,29.2,3.3,7.6,0.435,1.7,4.2,0.407,1.6,3.5,0.468,0.546,1.1,1.4,0.805,0.4,3.5,3.9,1.8,0.6,0.3,1,2,9.4,1838,11.6,0.573,0.547,0.181,1.7,12.7,7.3,9.7,1.1,0.8,10.4,14.2,2.4,1.7,4.1,0.108,0.6,-0.2,0.4,1.1
2014/2015,63065000,68023079.46,507336,Oklahoma City Thunder,21,OKC,Oklahoma,West,Northwest,45,37,0.549,104,101.8,2.47,Kevin Durant,SF,26,19997513,21490972,27,27,33.8,8.8,17.3,0.51,2.4,5.9,0.403,6.4,11.4,0.565,0.578,5.4,6.3,0.854,0.6,6,6.6,4.1,0.9,0.9,2.7,1.5,25.4,913,27.6,0.633,0.34,0.366,1.9,18.7,10.4,22.2,1.3,2.2,12,29.1,3.8,1,4.8,0.252,6.3,-0.2,6.1,1.9
2014/2015,63065000,68023079.46,507336,New York Knicks,20,NYK,New York,East,Atlantic,17,65,0.207,91.9,101.2,-9.5,Cleanthony Early,SF,23,507336,545225,39,7,16.6,1.9,5.5,0.355,0.6,2.2,0.262,1.4,3.3,0.415,0.407,0.9,1.2,0.75,0.6,1.9,2.5,0.9,0.6,0.3,1,1.5,5.4,647,8.4,0.447,0.393,0.224,3.8,13.8,8.7,9.1,2,1.5,14.5,19.6,-0.8,0.4,-0.4,-0.03,-3.8,-1.3,-5.2,-0.5
2014/2015,63065000,68023079.46,507336,Los Angeles Lakers,14,LAL,California,West,Pacific,21,61,0.256,98.5,105.3,-6.17,Wayne Ellington,SG,27,1063384,1142799,65,36,25.8,3.9,9.5,0.412,1.4,3.7,0.37,2.5,5.8,0.439,0.485,0.8,1,0.813,0.5,2.8,3.2,1.6,0.5,0,0.8,1.2,10,1675,11.6,0.504,0.394,0.104,2,12.3,6.9,10.2,1,0.1,7.2,18.5,1.1,0.1,1.2,0.034,-0.4,-2.6,-3,-0.4
2014/2015,63065000,68023079.46,507336,Dallas Mavericks,7,DAL,Texas,West,Southwest,50,32,0.61,105.2,102.3,3.36,Monta Ellis,SG,29,8720000,9371229,80,80,33.7,7.5,16.9,0.445,1,3.6,0.285,6.5,13.4,0.487,0.475,2.9,3.8,0.752,0.4,2,2.4,4.1,1.9,0.3,2.5,2.5,18.9,2699,16.5,0.509,0.21,0.224,1.4,6.4,3.9,20.5,2.8,0.8,11.7,27.9,1.4,2.2,3.6,0.065,0.7,-0.7,-0.1,1.3
2014/2015,63065000,68023079.46,507336,Miami Heat,16,MIA,Florida,East,Southeast,37,45,0.451,94.7,97.3,-2.92,James Ennis,SF,24,507336,545225,62,3,17,1.6,4,0.409,0.5,1.5,0.326,1.1,2.5,0.461,0.472,1.3,1.5,0.84,0.8,2,2.8,0.8,0.4,0.3,0.6,1.4,5,1051,11.5,0.541,0.385,0.381,6,14,10.1,7.2,1.3,1.4,11.9,14.6,1.2,0.8,1.9,0.088,-0.9,-0.5,-1.5,0.1
2014/2015,63065000,68023079.46,507336,#N/A,#N/A,TOT,#N/A,#N/A,#N/A,#N/A,#N/A,#N/A,#N/A,#N/A,#N/A,Tyler Ennis,PG,20,1590720,1709518,33,1,12.5,1.6,4.4,0.361,0.4,1.3,0.279,1.2,3.1,0.396,0.403,0.2,0.2,0.714,0.2,0.8,1.1,2.2,0.5,0.2,1.3,1.1,3.7,411,7.3,0.411,0.299,0.049,1.9,7.7,4.8,27.3,2.2,1,22.2,20.6,-0.8,0.5,-0.3,-0.04,-5.2,-1.5,-6.7,-0.5
2014/2015,63065000,68023079.46,507336,Phoenix Suns,24,PHO,Arizona,West,Pacific,39,43,0.476,102.4,103.3,-0.38,Tyler Ennis,PG,20,1590720,1709518,8,0,7.3,1.1,2.6,0.429,0.3,0.8,0.333,0.9,1.9,0.467,0.476,0.3,0.3,1,0.1,0.8,0.9,1.8,0,0.3,1,0.4,2.8,58,12,0.503,0.286,0.095,1.9,11.4,6.6,37.5,0,2.6,26.8,22.6,0,0,0,-0.005,-4,-2.8,-6.8,-0.1
2014/2015,63065000,68023079.46,507336,Milwaukee Bucks,17,MIL,Wisconsin,East,Central,41,41,0.5,97.8,97.4,-0.09,Tyler Ennis,PG,20,1590720,1709518,25,1,14.1,1.7,4.9,0.35,0.4,1.5,0.27,1.3,3.4,0.384,0.39,0.1,0.2,0.6,0.2,0.9,1.1,2.4,0.7,0.1,1.4,1.3,4,353,6.6,0.395,0.301,0.041,2,7.1,4.5,25.6,2.6,0.7,21.4,20.3,-0.8,0.4,-0.3,-0.046,-5.3,-1.3,-6.6,-0.4
2014/2015,63065000,68023079.46,507336,Utah Jazz,29,UTA,Utah,West,Northwest,38,44,0.463,95.1,94.9,0.71,Jeremy Evans,SF,27,1795000,1929054,38,0,7,0.8,1.5,0.552,0.1,0.1,0.4,0.8,1.4,0.566,0.569,0.6,0.8,0.828,0.7,1.2,1.9,0.3,0.3,0.3,0.1,0.8,2.4,266,20.5,0.636,0.086,0.5,11.3,19.4,15.4,7.9,2.2,3.6,6.6,13.1,0.9,0.4,1.3,0.241,1.5,2,3.5,0.4
2014/2015,63065000,68023079.46,507336,Sacramento Kings,26,SAC,California,West,Pacific,29,53,0.354,101.3,105,-3.07,Reggie Evans,PF,34,1768654,1900741,47,7,16.3,1.2,2.9,0.423,0,0,0,1.2,2.9,0.43,0.423,1.3,2.1,0.619,2.1,4.3,6.4,0.7,0.5,0.1,1,1.9,3.7,764,11.7,0.49,0.015,0.708,14.9,29,22.2,6.1,1.4,0.5,20,13,0.4,0.8,1.2,0.074,-2.7,0,-2.7,-0.1
2014/2015,63065000,68023079.46,507336,New Orleans Pelicans,19,NOP,Louisiana,West,Southwest,45,37,0.549,99.4,98.6,1.13,Tyreke Evans,SG,25,11265416,12106743,79,76,34.1,6.6,14.7,0.447,0.9,2.9,0.304,5.7,11.9,0.482,0.477,2.6,3.7,0.694,1,4.2,5.3,6.6,1.3,0.5,3.1,2.5,16.6,2690,17.7,0.508,0.195,0.25,3.5,14.1,8.8,32.7,2,1,16,26.1,2.4,2.2,4.6,0.082,1.7,0.1,1.9,2.6
2014/2015,63065000,68023079.46,507336,Utah Jazz,29,UTA,Utah,West,Northwest,38,44,0.463,95.1,94.9,0.71,Dante Exum,PG,19,3615000,3884976,82,41,22.2,1.8,5.1,0.349,1,3.2,0.314,0.8,1.9,0.408,0.448,0.2,0.4,0.625,0.3,1.3,1.6,2.4,0.5,0.2,1.4,1.8,4.8,1817,5.7,0.457,0.635,0.077,1.7,6.6,4.2,16.6,1.2,0.6,21.5,13.8,-1.1,1,-0.1,-0.003,-2.6,-1.3,-3.8,-0.8
2014/2015,63065000,68023079.46,507336,Golden State Warriors,10,GSW,California,West,Pacific,67,15,0.817,110,99.9,10.01,Festus Ezeli,C,25,1112880,1195992,46,7,11,1.7,3,0.547,0,0,,1.7,3,0.547,0.547,1.1,1.7,0.628,1.3,2.1,3.4,0.2,0.2,0.9,0.7,1.7,4.4,504,16.2,0.58,0,0.561,13.3,19.7,16.6,2.5,0.7,6.2,15.6,17.7,0.8,0.9,1.7,0.159,-3,1.2,-1.8,0
2014/2015,63065000,68023079.46,507336,Denver Nuggets,8,DEN,Colorado,West,Northwest,30,52,0.366,101.5,105,-3.07,Kenneth Faried,PF,25,2373537,2550798,75,71,27.8,5,9.8,0.507,0,0.1,0.125,5,9.7,0.511,0.507,2.7,3.8,0.691,3.2,5.7,8.9,1.2,0.8,0.8,1.6,2.8,12.6,2086,18.4,0.548,0.011,0.391,12.1,22.9,17.3,7.1,1.5,2.1,12,20.3,3.5,2.1,5.6,0.13,-0.2,0.9,0.8,1.4
2014/2015,63065000,68023079.46,507336,Los Angeles Clippers,13,LAC,California,West,Pacific,56,26,0.683,106.7,100.1,6.8,Jordan Farmar,PG,28,2100000,2256832,36,0,14.7,1.7,4.4,0.386,1,2.7,0.361,0.7,1.7,0.426,0.497,0.3,0.3,0.909,0.2,0.9,1.2,1.9,0.6,0.1,0.9,1.4,4.6,529,9.9,0.513,0.614,0.07,1.7,7.1,4.5,18,1.9,0.8,16.4,16.6,0.2,0.4,0.6,0.053,-0.7,-1.3,-2,0
2014/2015,63065000,68023079.46,507336,Utah Jazz,29,UTA,Utah,West,Northwest,38,44,0.463,95.1,94.9,0.71,Derrick Favors,PF,23,12950000,13917135,74,74,30.8,6.5,12.4,0.525,0,0.1,0.167,6.5,12.3,0.527,0.526,3,4.5,0.669,2.6,5.6,8.2,1.5,0.8,1.7,1.6,2.8,16,2280,21.8,0.558,0.007,0.362,10,20.7,15.4,9.4,1.4,4.3,10.2,23.8,5,3.3,8.3,0.175,0.8,1.7,2.4,2.6
2014/2015,63065000,68023079.46,507336,Dallas Mavericks,7,DAL,Texas,West,Southwest,50,32,0.61,105.2,102.3,3.36,Raymond Felton,PG,30,4360000,4685614,29,3,9.7,1.5,3.7,0.406,0.3,1.2,0.294,1.1,2.5,0.458,0.453,0.4,0.5,0.8,0.1,0.8,0.9,1.4,0.4,0.1,0.6,0.6,3.7,281,12.4,0.48,0.321,0.142,0.8,9.4,5.1,21.9,2,1.2,13.8,20.7,0,0.2,0.2,0.039,-1.8,-1.3,-3,-0.1
2014/2015,63065000,68023079.46,507336,Toronto Raptors,28,TOR,Ontario,East,Atlantic,49,33,0.598,104,100.9,2.45,Landry Fields,SF,26,8500000,9134799,26,9,8.3,0.8,1.6,0.488,0,0.1,0.5,0.7,1.5,0.487,0.5,0.2,0.2,0.833,0.4,0.6,1,0.6,0.4,0,0.3,0.3,1.8,216,10.8,0.527,0.049,0.146,5.3,8.5,6.9,10.1,2.6,0,15.5,10.8,0.2,0.1,0.3,0.072,-1.5,0.1,-1.5,0
2014/2015,63065000,68023079.46,507336,Orlando Magic,22,ORL,Florida,East,Southeast,25,57,0.305,95.7,101.4,-5.87,Evan Fournier,SG,22,1483920,1594742,58,32,28.6,4.4,9.9,0.44,1.5,3.9,0.378,2.9,6,0.48,0.514,1.8,2.5,0.728,0.5,2.2,2.6,2.1,0.7,0,1.4,2,12,1661,12.4,0.546,0.391,0.256,1.9,8.7,5.2,11.5,1.2,0.1,11.4,19.7,1.5,0.6,2.1,0.059,0.2,-2.3,-2.1,-0.1
2014/2015,63065000,68023079.46,507336,Denver Nuggets,8,DEN,Colorado,West,Northwest,30,52,0.366,101.5,105,-3.07,Randy Foye,SG,31,3000000,3224046,50,21,21.7,3,8,0.368,1.9,5.3,0.357,1.1,2.8,0.388,0.485,0.9,1.1,0.818,0.2,1.5,1.7,2.4,0.7,0.2,1.2,1.9,8.7,1087,11,0.51,0.654,0.137,0.9,7.8,4.2,17,1.6,0.8,12.3,19.3,0.6,0.4,1,0.045,0.7,-1.8,-1.1,0.2
2014/2015,63065000,68023079.46,507336,Denver Nuggets,8,DEN,Colorado,West,Northwest,30,52,0.366,101.5,105,-3.07,Jamaal Franklin,SG,23,864510,929072,3,0,4.3,0.3,0.7,0.5,0.3,0.7,0.5,0,0,,0.75,0,0,,0.3,0.3,0.7,1,0,0.3,1,1.3,1,13,4.9,0.75,1,0,8,8.6,8.3,32.8,0,6,60,16.6,0,0,0,-0.063,-4.8,-0.3,-5.1,0
2014/2015,63065000,68023079.46,507336,#N/A,#N/A,TOT,#N/A,#N/A,#N/A,#N/A,#N/A,#N/A,#N/A,#N/A,#N/A,Tim Frazier,PG,24,107435,115458,11,3,21.7,1.9,5.5,0.344,0.5,1.5,0.294,1.5,4,0.364,0.385,0.9,1.9,0.476,0.5,2,2.5,5.5,0.7,0,2.3,2.4,5.2,239,8.1,0.406,0.279,0.344,2.6,10.2,6.3,39.4,1.7,0,26.2,17.5,-0.3,0.2,-0.1,-0.017,-4.9,-2.4,-7.3,-0.3
2014/2015,63065000,68023079.46,507336,Philadelphia 76ers,23,PHI,Pennsylvania,East,Atlantic,18,64,0.22,92,101,-9.04,Tim Frazier,PG,24,107435,115458,6,3,28.5,2.2,7.2,0.302,0.5,1.8,0.273,1.7,5.3,0.313,0.337,0.8,2.5,0.333,0.7,2.5,3.2,7.2,1,0,3,2.7,5.7,171,5.9,0.343,0.256,0.349,2.4,10,6,40.4,1.8,0,26.6,17.2,-0.4,0.1,-0.3,-0.071,-6.6,-2.8,-9.3,-0.3
2014/2015,63065000,68023079.46,507336,Portland Trail Blazers,25,POR,Oregon,West,Northwest,51,31,0.622,102.8,98.6,4.41,Tim Frazier,PG,24,107435,115458,5,0,13.6,1.6,3.6,0.444,0.4,1.2,0.333,1.2,2.4,0.5,0.5,1,1.2,0.833,0.4,1.4,1.8,3.4,0.4,0,1.4,2,4.6,68,13.7,0.557,0.333,0.333,3.2,10.8,7.1,36.7,1.5,0,25.3,18.2,0.1,0.1,0.2,0.119,-0.6,-1.5,-2.1,0
2014/2015,63065000,68023079.46,507336,New Orleans Pelicans,19,NOP,Louisiana,West,Southwest,45,37,0.549,99.4,98.6,1.13,Jimmer Fredette,PG,25,948163,1018973,50,0,10.2,1.3,3.3,0.38,0.2,1,0.188,1.1,2.4,0.458,0.407,0.9,0.9,0.956,0.2,0.6,0.8,1.2,0.3,0,0.7,0.9,3.6,509,9.8,0.479,0.289,0.271,1.8,7.1,4.5,17.2,1.5,0.3,15.1,19.6,0,0.2,0.2,0.021,-2.6,-2.9,-5.5,-0.4
2014/2015,63065000,68023079.46,507336,Portland Trail Blazers,25,POR,Oregon,West,Northwest,51,31,0.622,102.8,98.6,4.41,Joel Freeland,C,27,3100000,3331515,48,8,12.9,1.5,3.1,0.49,0,0,,1.5,3.1,0.49,0.49,0.4,0.5,0.84,1.3,2.7,4,0.3,0.2,0.5,0.5,1.9,3.5,617,12.2,0.522,0,0.166,11,21.9,16.6,3.8,0.7,2.7,12.4,13.4,0.6,0.9,1.6,0.122,-3,1.2,-1.8,0
2014/2015,63065000,68023079.46,507336,Orlando Magic,22,ORL,Florida,East,Southeast,25,57,0.305,95.7,101.4,-5.87,Channing Frye,PF,31,8579088,9219793,75,51,24.9,2.5,6.5,0.392,1.8,4.6,0.393,0.7,1.9,0.39,0.532,0.4,0.5,0.886,0.4,3.5,3.9,1.3,0.6,0.5,1,2.5,7.3,1870,9.5,0.546,0.71,0.072,1.6,16.4,8.9,7.4,1.3,1.7,13.4,14.1,0.7,1.4,2.1,0.053,-0.9,0,-0.9,0.5
2014/2015,63065000,68023079.46,507336,Denver Nuggets,8,DEN,Colorado,West,Northwest,30,52,0.366,101.5,105,-3.07,Danilo Gallinari,SF,26,10854850,11665515,59,27,24.2,3.9,9.6,0.401,1.8,5.1,0.355,2.1,4.5,0.453,0.496,2.9,3.2,0.895,0.5,3.2,3.7,1.4,0.8,0.3,1,1.6,12.4,1426,16.8,0.563,0.53,0.336,2.3,14.7,8.3,9.4,1.6,1.1,8,21.5,3,1,3.9,0.132,2.3,-1.1,1.3,1.2
2014/2015,63065000,68023079.46,507336,New York Knicks,20,NYK,New York,East,Atlantic,17,65,0.207,91.9,101.2,-9.5,Langston Galloway,PG,23,295455,317520,45,41,32.4,4.5,11.4,0.399,1.4,3.9,0.352,3.2,7.4,0.424,0.46,1.4,1.7,0.808,0.8,3.4,4.2,3.3,1.2,0.3,1.4,2.9,11.8,1457,12.3,0.489,0.344,0.153,2.9,12.5,7.5,17.6,1.9,0.7,10.1,19.2,0.7,0.6,1.3,0.043,0,-1.1,-1.1,0.3
2014/2015,63065000,68023079.46,507336,Houston Rockets,11,HOU,Texas,West,Southwest,56,26,0.683,103.9,100.5,3.82,Francisco Garcia,SF,33,1316809,1415151,14,0,14.3,1.2,4.5,0.27,0.7,3.2,0.222,0.5,1.3,0.389,0.349,0.1,0.3,0.25,0.2,1,1.2,1.1,0.6,0.4,0.7,1.4,3.2,200,3.6,0.347,0.714,0.063,1.7,7.7,4.7,11,2.2,1.9,13.4,16.2,-0.4,0.2,-0.2,-0.044,-5,-0.2,-5.3,-0.2
2014/2015,63065000,68023079.46,507336,#N/A,#N/A,TOT,#N/A,#N/A,#N/A,#N/A,#N/A,#N/A,#N/A,#N/A,#N/A,Kevin Garnett,PF,38,12000000,12896187,47,47,20.3,3,6.5,0.467,0,0.1,0.143,3,6.4,0.475,0.469,0.8,1,0.8,1,5.6,6.6,1.6,1,0.4,1,2.3,6.9,952,15.2,0.496,0.023,0.147,5.7,31.1,18.3,13.1,2.5,1.4,12.4,17.8,0.4,1.5,1.9,0.096,-2.6,2.4,-0.2,0.4
2014/2015,63065000,68023079.46,507336,Brooklyn Nets,3,BRK,New York,East,Atlantic,38,44,0.463,98,100.9,-3.13,Kevin Garnett,PF,38,12000000,12896187,42,42,20.3,3,6.5,0.455,0,0.1,0.167,3,6.4,0.461,0.456,0.8,1,0.829,1.1,5.7,6.8,1.6,1,0.3,1.1,2.3,6.8,854,14.8,0.486,0.022,0.149,6.1,31.3,18.7,13,2.5,1.2,13.3,18.1,0.2,1.4,1.6,0.089,-2.8,2.5,-0.4,0.3
2014/2015,63065000,68023079.46,507336,Minnesota Timberwolves,18,MIN,Minnesota,West,Northwest,16,66,0.195,97.8,106.5,-8,Kevin Garnett,PF,38,12000000,12896187,5,5,19.6,3.6,6.2,0.581,0,0.2,0,3.6,6,0.6,0.581,0.4,0.8,0.5,0.4,4.8,5.2,1.6,1,0.8,0.2,2.6,7.6,98,19.3,0.58,0.032,0.129,2.3,28.9,15.2,14.3,2.6,3.2,3,15.2,0.2,0.1,0.3,0.161,-0.2,1.7,1.4,0.1
2014/2015,63065000,68023079.46,507336,Memphis Grizzlies,15,MEM,Tennessee,West,Southwest,55,27,0.671,98.3,95.1,3.62,Marc Gasol,C,30,15829688,17011885,81,81,33.2,6.5,13.2,0.494,0,0.2,0.176,6.5,13,0.5,0.496,4.3,5.4,0.795,1.4,6.4,7.8,3.8,0.9,1.6,2.2,2.6,17.4,2687,21.7,0.558,0.016,0.41,4.9,21.8,13.4,19.7,1.4,4,12.2,24.6,5.5,4.7,10.2,0.182,1.3,3.5,4.8,4.6
2014/2015,63065000,68023079.46,507336,Chicago Bulls,5,CHI,Illinois,East,Central,50,32,0.61,100.8,97.8,2.54,Pau Gasol,PF,34,7128000,7660335,78,78,34.4,7.3,14.8,0.494,0.2,0.3,0.462,7.2,14.4,0.495,0.5,3.8,4.7,0.803,2.8,9,11.8,2.7,0.3,1.9,2,1.9,18.5,2681,22.7,0.55,0.023,0.317,9.2,27.6,18.6,14.4,0.5,4,10.7,24.7,6,4.4,10.4,0.187,0.7,2.1,2.8,3.2
2014/2015,63065000,68023079.46,507336,Sacramento Kings,26,SAC,California,West,Pacific,29,53,0.354,101.3,105,-3.07,Rudy Gay,SF,28,19317326,20759988,68,67,35.4,7.5,16.4,0.455,1.2,3.2,0.359,6.3,13.2,0.479,0.491,5,5.8,0.858,1.4,4.4,5.9,3.7,1,0.6,2.7,2.3,21.1,2408,19.7,0.556,0.197,0.352,4.8,13.7,9.4,19,1.5,1.3,12.4,27,4.8,1.3,6.1,0.122,2.8,-0.7,2.1,2.5
2014/2015,63065000,68023079.46,507336,#N/A,#N/A,TOT,#N/A,#N/A,#N/A,#N/A,#N/A,#N/A,#N/A,#N/A,#N/A,Alonzo Gee,SF,27,1063384,1142799,54,2,12.3,1.6,3.4,0.468,0.2,0.6,0.371,1.4,2.8,0.49,0.503,1,1.4,0.701,0.7,1.1,1.7,0.5,0.6,0.1,0.6,1.1,4.5,662,13,0.548,0.188,0.414,5.9,9.5,7.7,5.8,2.7,0.8,13,16.7,0.6,0.6,1.2,0.086,-1.3,0.3,-1,0.2
2014/2015,63065000,68023079.46,507336,Denver Nuggets,8,DEN,Colorado,West,Northwest,30,52,0.366,101.5,105,-3.07,Alonzo Gee,SF,27,1063384,1142799,39,0,13.1,1.7,3.5,0.482,0.3,0.6,0.417,1.4,2.9,0.496,0.518,1.2,1.7,0.738,0.7,1.1,1.8,0.5,0.7,0.2,0.6,1.1,4.9,511,14,0.574,0.175,0.474,5.9,9,7.4,5.7,2.7,0.9,13.1,16.1,0.7,0.4,1.1,0.1,-0.7,0.3,-0.4,0.2
2014/2015,63065000,68023079.46,507336,Portland Trail Blazers,25,POR,Oregon,West,Northwest,51,31,0.622,102.8,98.6,4.41,Alonzo Gee,SF,27,1063384,1142799,15,2,10.1,1.4,3.3,0.429,0.2,0.7,0.273,1.2,2.5,0.474,0.459,0.4,0.8,0.5,0.5,1.1,1.6,0.4,0.5,0.1,0.5,1.1,3.4,151,9.7,0.47,0.224,0.245,5.8,11.1,8.5,6,2.4,0.5,12.8,18.5,-0.1,0.2,0.1,0.039,-3.2,0.2,-3,0
2014/2015,63065000,68023079.46,507336,Indiana Pacers,12,IND,Indiana,East,Central,38,44,0.463,97.3,97,-0.23,Paul George,SF,24,15800000,16979980,6,0,15.2,3,8.2,0.367,1.5,3.7,0.409,1.5,4.5,0.333,0.459,1.3,1.8,0.727,0.7,3,3.7,1,0.8,0.2,2,1.8,8.8,91,13,0.492,0.449,0.224,4.9,21.7,13.4,11.8,2.8,0.9,18.2,32.8,-0.2,0.2,0,-0.008,-2.7,-0.7,-3.3,0
2014/2015,63065000,68023079.46,507336,Chicago Bulls,5,CHI,Illinois,East,Central,50,32,0.61,100.8,97.8,2.54,Taj Gibson,PF,29,8000000,8597458,62,17,27.3,4.1,8.2,0.502,0,0,,4.1,8.2,0.502,0.502,2.1,3,0.717,2.6,3.8,6.4,1.1,0.6,1.2,1.2,2.6,10.3,1692,16.1,0.545,0,0.364,10.7,14.6,12.7,6.9,1.1,3.2,11.6,17.6,2.7,2.1,4.8,0.137,-0.6,1.1,0.6,1.1
2014/2015,63065000,68023079.46,507336,San Antonio Spurs,27,SAS,Texas,West,Southwest,55,27,0.671,103.2,97,6.34,Manu Ginobili,SG,37,7000000,7522775,70,0,22.7,3.6,8.4,0.426,1.3,3.7,0.345,2.3,4.7,0.489,0.502,2.1,2.9,0.721,0.4,2.6,3,4.2,1,0.3,2.2,2,10.5,1587,16.2,0.544,0.438,0.346,2,12.8,7.5,28.6,2.2,0.9,18.5,23.9,1.4,2.3,3.7,0.111,1.4,0.3,1.7,1.5
2014/2015,63065000,68023079.46,507336,Utah Jazz,29,UTA,Utah,West,Northwest,38,44,0.463,95.1,94.9,0.71,Rudy Gobert,C,22,1127400,1211596,82,37,26.3,3.1,5.2,0.604,0,0,0,3.1,5.2,0.607,0.604,2.1,3.3,0.623,3.2,6.2,9.5,1.3,0.8,2.3,1.4,2.1,8.4,2158,21.6,0.627,0.005,0.639,14.3,27.2,20.7,8.2,1.6,7,16.9,14,5,4.3,9.3,0.206,0.7,5.1,5.8,4.3
2014/2015,63065000,68023079.46,507336,Washington Wizards,30,WAS,Washington DC,East,Southeast,46,36,0.561,98.5,97.8,0.17,Drew Gooden,PF,33,8128490,8735543,51,7,16.9,2.2,5.4,0.399,0.5,1.2,0.39,1.7,4.3,0.401,0.44,0.7,0.9,0.773,1.4,3,4.4,1,0.4,0.2,0.5,1.8,5.4,864,11.9,0.469,0.214,0.159,9.6,19.3,14.5,8.6,1.2,0.8,8.7,17,0.5,1.2,1.7,0.094,-1.8,0.2,-1.6,0.1
2014/2015,63065000,68023079.46,507336,Phoenix Suns,24,PHO,Arizona,West,Pacific,39,43,0.476,102.4,103.3,-0.38,Archie Goodwin,SG,20,1112280,1195347,41,2,13,1.9,4.9,0.393,0.3,1,0.293,1.6,3.9,0.419,0.423,1.5,2,0.735,0.7,1.1,1.8,1.1,0.4,0.2,1.2,1.3,5.6,535,11.2,0.486,0.204,0.413,5.5,9.7,7.6,12.6,1.7,1.3,16.8,23.4,-0.2,0.4,0.2,0.014,-3.3,-1.2,-4.5,-0.3
2014/2015,63065000,68023079.46,507336,Orlando Magic,22,ORL,Florida,East,Southeast,25,57,0.305,95.7,101.4,-5.87,Aaron Gordon,PF,19,3992040,4290174,47,8,17,2,4.4,0.447,0.3,1,0.271,1.7,3.4,0.5,0.478,0.9,1.3,0.721,1,2.6,3.6,0.7,0.4,0.5,0.8,1.8,5.2,797,11.4,0.517,0.231,0.293,6.4,17.8,12,6.3,1.3,2.2,13.9,15.5,0.3,0.7,1,0.06,-2.8,0,-2.8,-0.2
2014/2015,63065000,68023079.46,507336,Orlando Magic,22,ORL,Florida,East,Southeast,25,57,0.305,95.7,101.4,-5.87,Ben Gordon,SG,31,4500000,4836070,56,0,14.1,2.3,5.3,0.437,0.6,1.7,0.361,1.7,3.5,0.475,0.497,1,1.2,0.836,0.1,1,1.1,0.9,0.3,0,1,1.1,6.2,790,10.6,0.538,0.329,0.227,0.8,8.3,4.5,10.3,0.9,0.1,14.5,21.8,0.1,0.2,0.3,0.015,-2.5,-3.6,-6.1,-0.8
2014/2015,63065000,68023079.46,507336,Philadelphia 76ers,23,PHI,Pennsylvania,East,Atlantic,18,64,0.22,92,101,-9.04,Drew Gordon,PF,24,73657,79157,9,0,7.9,0.9,2.1,0.421,0,0.3,0,0.9,1.8,0.5,0.421,0.1,0.2,0.5,0.8,1.2,2,0.2,0.1,0,0.9,0.8,1.9,71,3.7,0.428,0.158,0.105,10.2,17.7,13.7,4.8,0.7,0,28.7,17.1,-0.2,0.1,-0.1,-0.093,-9,-2.3,-11.3,-0.2
2014/2015,63065000,68023079.46,507336,New Orleans Pelicans,19,NOP,Louisiana,West,Southwest,45,37,0.549,99.4,98.6,1.13,Eric Gordon,SG,26,14898938,16011624,61,60,33.1,4.7,11.4,0.411,2.3,5.2,0.448,2.4,6.2,0.38,0.512,1.8,2.2,0.805,0.5,2.1,2.6,3.8,0.8,0.2,2,2.4,13.4,2018,12.7,0.544,0.454,0.192,1.6,7.4,4.5,17.6,1.3,0.5,14,19.8,2.2,0.7,2.9,0.069,1.4,-2,-0.6,0.7
2014/2015,63065000,68023079.46,507336,Washington Wizards,30,WAS,Washington DC,East,Southeast,46,36,0.561,98.5,97.8,0.17,Marcin Gortat,C,30,10434782,11214075,82,82,29.9,5.4,9.5,0.566,0,0,0,5.4,9.4,0.569,0.566,1.5,2.1,0.703,2.2,6.5,8.7,1.2,0.6,1.3,1.2,2.3,12.2,2453,18.2,0.587,0.004,0.226,8.5,24.1,16.5,6.5,1,3.6,10.5,17.6,4.4,4.2,8.6,0.168,-0.4,2.3,1.8,2.4
2014/2015,63065000,68023079.46,507336,Miami Heat,16,MIA,Florida,East,Southeast,37,45,0.451,94.7,97.3,-2.92,Danny Granger,SF,31,2100000,2256832,30,6,20.4,2.2,5.4,0.401,1,2.8,0.357,1.2,2.6,0.449,0.494,0.9,1.2,0.757,0.7,2,2.7,0.6,0.4,0.2,0.8,2.2,6.3,613,8.6,0.527,0.519,0.228,4,11.5,7.8,4.4,1.1,0.8,11.9,15.5,0.2,0.3,0.6,0.046,-1.5,-1.8,-3.2,-0.2
2014/2015,63065000,68023079.46,507336,Philadelphia 76ers,23,PHI,Pennsylvania,East,Atlantic,18,64,0.22,92,101,-9.04,Jerami Grant,SF,20,884879,950963,65,11,21.2,1.9,5.4,0.352,0.8,2.4,0.314,1.2,3,0.383,0.422,1.8,3,0.591,0.8,2.3,3,1.2,0.6,1,1.3,2.2,6.3,1377,8.7,0.47,0.443,0.548,3.7,12.3,7.8,9.4,1.5,4,16.3,16.5,-0.9,1.4,0.5,0.019,-4.3,1,-3.3,-0.5
2014/2015,63065000,68023079.46,507336,San Antonio Spurs,27,SAS,Texas,West,Southwest,55,27,0.671,103.2,97,6.34,Danny Green,SG,27,4025000,4325596,81,80,28.5,4,9.1,0.436,2.4,5.6,0.418,1.6,3.5,0.466,0.566,1.4,1.6,0.874,0.7,3.6,4.2,2,1.2,1.1,1.1,2,11.7,2312,16.5,0.596,0.619,0.172,2.7,13.9,8.4,10.3,2.2,2.8,10.5,17.5,4,3.9,7.8,0.163,2.8,2.2,5,4.1
2014/2015,63065000,68023079.46,507336,Golden State Warriors,10,GSW,California,West,Pacific,67,15,0.817,110,99.9,10.01,Draymond Green,PF,24,915243,983595,79,79,31.5,4.3,9.7,0.443,1.4,4.2,0.337,2.9,5.5,0.523,0.516,1.7,2.5,0.66,1.4,6.7,8.2,3.7,1.6,1.3,1.7,3.2,11.7,2490,16.4,0.54,0.43,0.261,5.1,22.4,14,16.1,2.4,2.9,13.5,17.2,3.3,5.2,8.5,0.163,1,4,5,4.4
2014/2015,63065000,68023079.46,507336,Denver Nuggets,8,DEN,Colorado,West,Northwest,30,52,0.366,101.5,105,-3.07,Erick Green,PG,23,507336,545225,43,1,9.5,1.4,3.8,0.377,0.3,1.1,0.298,1.1,2.7,0.409,0.42,0.2,0.3,0.833,0.2,0.6,0.7,0.9,0.3,0,0.3,0.6,3.4,410,8.9,0.436,0.29,0.074,1.8,6.6,4.1,15.1,1.5,0,7.7,19.1,-0.1,0.1,0,0,-2.7,-2.7,-5.4,-0.3
2014/2015,63065000,68023079.46,507336,Phoenix Suns,24,PHO,Arizona,West,Pacific,39,43,0.476,102.4,103.3,-0.38,Gerald Green,SG,29,3500000,3761387,74,4,19.5,4.4,10.5,0.416,1.9,5.2,0.354,2.5,5.3,0.478,0.504,1.3,1.6,0.825,0.4,2.1,2.5,1.2,0.6,0.2,1.4,2,11.9,1446,15.4,0.532,0.497,0.154,2.5,11.7,7,10.9,1.4,0.6,11.1,28.4,1,1,1.9,0.065,0.8,-3.3,-2.4,-0.2
2014/2015,63065000,68023079.46,507336,#N/A,#N/A,TOT,#N/A,#N/A,#N/A,#N/A,#N/A,#N/A,#N/A,#N/A,#N/A,JaMychal Green,PF,24,244712,262986,24,1,6.8,1.1,2,0.574,0,0.3,0,1.1,1.7,0.659,0.574,0.3,0.4,0.8,0.8,1.1,1.9,0.2,0.2,0.2,0.6,1,2.6,164,14.9,0.603,0.128,0.213,13.3,18,15.7,4,1.6,2.4,21.4,18.3,0.1,0.3,0.4,0.119,-2,-0.1,-2.1,0
2014/2015,63065000,68023079.46,507336,San Antonio Spurs,27,SAS,Texas,West,Southwest,55,27,0.671,103.2,97,6.34,JaMychal Green,PF,24,244712,262986,4,0,6.3,1,1.8,0.571,0,0.5,0,1,1.3,0.8,0.571,0,0,,0.8,0.8,1.5,0,0,0.5,0.5,1.5,2,25,9.9,0.571,0.286,0,13.9,13.4,13.6,0,0,6,22.2,16.4,0,0,0,0.071,-4.3,-1.9,-6.2,0
2014/2015,63065000,68023079.46,507336,Memphis Grizzlies,15,MEM,Tennessee,West,Southwest,55,27,0.671,98.3,95.1,3.62,JaMychal Green,PF,24,244712,262986,20,1,7,1.2,2,0.575,0,0.2,0,1.2,1.8,0.639,0.575,0.4,0.5,0.8,0.8,1.2,2,0.2,0.3,0.2,0.6,1,2.7,139,15.8,0.608,0.1,0.25,13.2,18.8,16,4.7,1.9,1.8,21.3,18.6,0.1,0.2,0.4,0.127,-1.5,0.2,-1.3,0
2014/2015,63065000,68023079.46,507336,#N/A,#N/A,TOT,#N/A,#N/A,#N/A,#N/A,#N/A,#N/A,#N/A,#N/A,#N/A,Jeff Green,SF,28,9200000,9887077,78,70,31.5,5.3,12.4,0.43,1.2,3.7,0.332,4.1,8.7,0.473,0.48,3.1,3.7,0.833,0.8,3.4,4.2,1.7,0.7,0.4,1.4,1.9,15,2454,14.4,0.534,0.302,0.297,2.9,12.1,7.5,8.8,1.1,1.1,9,21.9,2.7,2.4,5.2,0.101,0.1,-0.8,-0.7,0.8
2014/2015,63065000,68023079.46,507336,Boston Celtics,2,BOS,Massachusetts,East,Atlantic,40,42,0.488,101.4,101.2,-0.4,Jeff Green,SF,28,9200000,9887077,33,33,33.1,6.2,14.4,0.434,1.4,4.7,0.305,4.8,9.7,0.495,0.483,3.7,4.4,0.84,0.6,3.6,4.3,1.6,0.8,0.4,1.7,2,17.6,1093,14.6,0.539,0.324,0.303,2.1,12.2,7.1,7.9,1.2,0.9,9.4,23.8,1,1,2,0.089,-0.1,-1.4,-1.6,0.1
2014/2015,63065000,68023079.46,507336,Memphis Grizzlies,15,MEM,Tennessee,West,Southwest,55,27,0.671,98.3,95.1,3.62,Jeff Green,SF,28,9200000,9887077,45,37,30.2,4.7,10.9,0.427,1.1,3.1,0.362,3.6,7.9,0.452,0.478,2.6,3.2,0.825,1,3.2,4.2,1.8,0.6,0.5,1.2,1.8,13.1,1361,14.2,0.53,0.28,0.291,3.6,12,7.8,9.5,1,1.3,8.6,20.5,1.7,1.5,3.1,0.111,0.3,-0.3,0,0.7
2014/2015,63065000,68023079.46,507336,Orlando Magic,22,ORL,Florida,East,Southeast,25,57,0.305,95.7,101.4,-5.87,Willie Green,SG,33,1448490,1556666,52,2,18.3,2.3,5.9,0.386,0.8,2.3,0.347,1.5,3.6,0.411,0.454,0.5,0.7,0.824,0.3,1.3,1.5,1.3,0.5,0.1,0.9,1.6,5.9,951,7.9,0.477,0.395,0.111,1.6,7.9,4.7,10.9,1.4,0.4,13,17.6,-0.4,0.4,-0.1,-0.003,-2.8,-2.1,-4.9,-0.7
2014/2015,63065000,68023079.46,507336,Los Angeles Clippers,13,LAC,California,West,Pacific,56,26,0.683,106.7,100.1,6.8,Blake Griffin,PF,25,17632688,18949537,67,67,35.2,8.6,17.1,0.502,0.1,0.4,0.4,8.4,16.7,0.504,0.506,4.6,6.4,0.728,1.9,5.7,7.6,5.3,0.9,0.5,2.3,2.9,21.9,2356,22.8,0.551,0.022,0.373,6.1,17.9,12.1,26.2,1.4,1.2,10.2,28.4,6.6,2.4,9,0.183,3.1,1,4.1,3.6
2014/2015,63065000,68023079.46,507336,#N/A,#N/A,TOT,#N/A,#N/A,#N/A,#N/A,#N/A,#N/A,#N/A,#N/A,#N/A,Jorge Gutierrez,PG,26,960566,1032302,20,1,8.8,1.1,2.1,0.537,0,0.2,0,1.1,1.9,0.579,0.537,0.5,0.7,0.692,0.3,1,1.3,1.1,0.3,0,0.6,1.3,2.7,175,11,0.567,0.073,0.317,3.3,12.9,8.1,19.6,1.8,0,20.4,15.2,0.1,0.2,0.3,0.088,-2.5,-0.6,-3.1,0
2014/2015,63065000,68023079.46,507336,Brooklyn Nets,3,BRK,New York,East,Atlantic,38,44,0.463,98,100.9,-3.13,Jorge Gutierrez,PG,26,960566,1032302,10,0,4.4,0.7,1.4,0.5,0,0.1,0,0.7,1.3,0.538,0.5,0.2,0.3,0.667,0,0.7,0.7,0.7,0.1,0,0.3,0.9,1.6,44,10.9,0.522,0.071,0.214,0,17.8,8.9,26,1.2,0,16.4,19,0,0,0.1,0.059,-3,-1.7,-4.6,0
2014/2015,63065000,68023079.46,507336,Milwaukee Bucks,17,MIL,Wisconsin,East,Central,41,41,0.5,97.8,97.4,-0.09,Jorge Gutierrez,PG,26,960566,1032302,10,1,13.1,1.5,2.7,0.556,0,0.2,0,1.5,2.5,0.6,0.556,0.7,1,0.7,0.5,1.3,1.8,1.5,0.5,0,0.9,1.6,3.7,131,11.1,0.589,0.074,0.37,4.4,11.3,7.9,17.4,1.9,0,22.3,13.9,0.1,0.2,0.3,0.098,-2.3,-0.3,-2.6,0
2014/2015,63065000,68023079.46,507336,Charlotte Hornets,4,CHO,North Carolina,East,Southeast,33,49,0.402,94.2,97.3,-3.44,PJ Hairston,SG,22,1149720,1235583,45,2,15.3,1.9,6,0.323,1.1,3.6,0.301,0.8,2.4,0.358,0.414,0.7,0.8,0.861,0.5,1.6,2,0.5,0.5,0.3,0.5,1.4,5.6,687,9,0.446,0.606,0.134,3.4,11.5,7.4,5.1,1.6,1.5,7.2,20.4,-0.5,0.8,0.3,0.022,-2.2,-1.3,-3.5,-0.3
2014/2015,63065000,68023079.46,507336,Los Angeles Clippers,13,LAC,California,West,Pacific,56,26,0.683,106.7,100.1,6.8,Jordan Hamilton,SF,24,1232610,1324663,14,2,8.7,1,2.5,0.4,0.7,1.5,0.476,0.3,1,0.286,0.543,0,0,,0.1,1,1.1,0.5,0.1,0,0.3,1,2.7,122,8.3,0.543,0.6,0,1.9,12.7,7.4,8.2,0.8,0,10.3,14.4,0.1,0.1,0.1,0.059,-1.1,-2.1,-3.2,0
2014/2015,63065000,68023079.46,507336,#N/A,#N/A,TOT,#N/A,#N/A,#N/A,#N/A,#N/A,#N/A,#N/A,#N/A,#N/A,Justin Hamilton,C,24,816482,877458,41,14,17.4,2.1,4.3,0.478,0.2,0.8,0.323,1.8,3.6,0.51,0.506,1,1.1,0.83,1.4,1.9,3.3,0.9,0.7,0.7,0.6,1.7,5.3,712,14.6,0.551,0.174,0.264,9.3,12.7,11,8.1,2,3.4,11.6,14.2,1,0.5,1.5,0.102,-0.1,0.9,0.7,0.5
2014/2015,63065000,68023079.46,507336,Miami Heat,16,MIA,Florida,East,Southeast,37,45,0.451,94.7,97.3,-2.92,Justin Hamilton,C,24,816482,877458,24,5,12,1.1,2.7,0.415,0.3,0.8,0.316,0.9,1.9,0.457,0.462,0.3,0.3,0.857,1,1,2,0.5,0.3,0.2,0.3,1.4,2.8,289,9.7,0.485,0.292,0.108,10.2,9.8,10,6.5,1.5,1.5,10.5,12.4,0.2,0.2,0.4,0.069,-1.2,-0.4,-1.6,0
2014/2015,63065000,68023079.46,507336,Minnesota Timberwolves,18,MIN,Minnesota,West,Northwest,16,66,0.195,97.8,106.5,-8,Justin Hamilton,C,24,816482,877458,17,9,24.9,3.4,6.6,0.513,0.2,0.7,0.333,3.2,5.9,0.535,0.531,1.9,2.4,0.825,1.9,3.1,5.1,1.4,1.1,1.5,1.1,2.2,9,423,18,0.586,0.106,0.354,8.7,14.8,11.6,9.2,2.3,4.6,12.1,15.5,0.8,0.3,1.1,0.125,0.6,1.7,2.3,0.5
2014/2015,63065000,68023079.46,507336,Toronto Raptors,28,TOR,Ontario,East,Atlantic,49,33,0.598,104,100.9,2.45,Tyler Hansbrough,PF,29,3326235,3574645,74,8,14.3,1.2,2.2,0.521,0,0.1,0.143,1.1,2.1,0.538,0.524,1.3,1.9,0.698,1.4,2.1,3.6,0.3,0.4,0.2,0.3,1.9,3.6,1058,13.3,0.597,0.042,0.842,11.6,17.3,14.4,2.8,1.5,1.1,8.1,10.5,2.6,0.9,3.4,0.156,0.1,-0.5,-0.5,0.4
2014/2015,63065000,68023079.46,507336,New York Knicks,20,NYK,New York,East,Atlantic,17,65,0.207,91.9,101.2,-9.5,Tim Hardaway Jr,SG,22,1250640,1344040,70,30,24,4,10.2,0.389,1.7,5.1,0.342,2.3,5.2,0.435,0.474,1.8,2.2,0.801,0.2,2.1,2.2,1.8,0.3,0.2,1.2,1.7,11.5,1681,12.1,0.512,0.494,0.218,0.8,10.2,5.4,13.5,0.6,0.7,9.5,23.8,0.8,0,0.8,0.023,0.1,-4.2,-4.1,-0.9
2014/2015,63065000,68023079.46,507336,Houston Rockets,11,HOU,Texas,West,Southwest,56,26,0.683,103.9,100.5,3.82,James Harden,SG,25,14693906,15791280,81,81,36.8,8,18.1,0.44,2.6,6.9,0.375,5.4,11.3,0.48,0.511,8.8,10.2,0.868,0.9,4.7,5.7,7,1.9,0.7,4,2.6,27.4,2981,26.7,0.605,0.378,0.561,2.8,14.2,8.5,34.6,2.6,1.6,14.9,31.3,12.2,4.2,16.4,0.265,7.4,1,8.4,7.8
2014/2015,63065000,68023079.46,507336,Orlando Magic,22,ORL,Florida,East,Southeast,25,57,0.305,95.7,101.4,-5.87,Moe Harkless,SF,21,1887840,2028828,45,4,15,1.4,3.5,0.399,0.2,1.2,0.179,1.2,2.3,0.52,0.43,0.5,0.9,0.537,0.8,1.5,2.4,0.6,0.7,0.2,0.6,1.5,3.5,674,8.4,0.449,0.354,0.259,6.3,11.6,8.9,5.4,2.4,1.1,13.3,13.7,-0.3,0.6,0.3,0.021,-3.1,0.2,-2.9,-0.1
2014/2015,63065000,68023079.46,507336,Dallas Mavericks,7,DAL,Texas,West,Southwest,50,32,0.61,105.2,102.3,3.36,Devin Harris,PG,31,3878896,4168580,76,3,22.2,2.9,6.9,0.418,1.3,3.5,0.357,1.6,3.4,0.481,0.509,1.7,2.1,0.815,0.2,1.6,1.8,3.1,1,0.2,1.1,1.9,8.8,1685,14.8,0.559,0.508,0.309,0.8,8,4.4,20.4,2.3,0.7,12.5,18,2.9,1.3,4.2,0.12,1.9,-0.8,1.2,1.3
2014/2015,63065000,68023079.46,507336,Denver Nuggets,8,DEN,Colorado,West,Northwest,30,52,0.366,101.5,105,-3.07,Gary Harris,SG,20,1519200,1632657,55,6,13.1,1.2,3.9,0.304,0.4,1.9,0.204,0.8,2.1,0.395,0.353,0.6,0.9,0.745,0.4,0.8,1.2,0.5,0.7,0.1,0.7,1.3,3.4,719,4.9,0.395,0.475,0.217,3,6.7,4.8,5.9,2.7,0.8,13.8,16.6,-1.2,0.5,-0.7,-0.046,-4.2,-0.1,-4.3,-0.4
2014/2015,63065000,68023079.46,507336,Cleveland Cavaliers,6,CLE,Ohio,East,Central,53,29,0.646,103.1,98.7,4.08,Joe Harris,SG,23,884879,950963,51,1,9.7,0.9,2.4,0.4,0.6,1.6,0.369,0.3,0.7,0.472,0.529,0.2,0.3,0.6,0.1,0.7,0.8,0.5,0.1,0,0.5,1.2,2.7,493,5.6,0.537,0.7,0.125,1.7,7.8,4.8,7.7,0.7,0.3,17.6,14.1,0,0.2,0.2,0.018,-2,-2.5,-4.5,-0.3
2014/2015,63065000,68023079.46,507336,Orlando Magic,22,ORL,Florida,East,Southeast,25,57,0.305,95.7,101.4,-5.87,Tobias Harris,SF,22,2511432,2698991,68,63,34.8,6.5,14,0.466,1.3,3.5,0.364,5.2,10.4,0.5,0.512,2.8,3.6,0.788,1.1,5.3,6.3,1.8,1,0.5,1.7,2,17.1,2369,16.7,0.551,0.252,0.258,3.4,17.3,10.3,8.8,1.5,1.2,9.8,22.5,3,1.8,4.8,0.098,0.4,-0.7,-0.3,1
2014/2015,63065000,68023079.46,507336,Miami Heat,16,MIA,Florida,East,Southeast,37,45,0.451,94.7,97.3,-2.92,Udonis Haslem,PF,34,2732000,2936032,62,25,16,1.7,3.9,0.448,0,0.2,0.2,1.7,3.7,0.459,0.452,0.7,1,0.703,1.1,3,4.2,0.7,0.3,0.2,0.7,1.8,4.2,995,10.6,0.488,0.042,0.268,8.8,22.1,15.6,7.4,1.1,1.1,13.3,14.6,0.4,1,1.4,0.066,-3.3,-0.1,-3.4,-0.4
2014/2015,63065000,68023079.46,507336,Los Angeles Clippers,13,LAC,California,West,Pacific,56,26,0.683,106.7,100.1,6.8,Spencer Hawes,PF,26,5305000,5701189,73,15,17.5,2.2,5.7,0.393,0.8,2.4,0.313,1.5,3.3,0.452,0.459,0.6,0.9,0.647,0.4,3.1,3.5,1.2,0.3,0.7,0.8,2.4,5.8,1274,9.8,0.478,0.424,0.164,2.7,19.7,11.4,10,1,3.4,12.1,17.9,-0.3,1.5,1.2,0.044,-2.9,1,-1.9,0
2014/2015,63065000,68023079.46,507336,Toronto Raptors,28,TOR,Ontario,East,Atlantic,49,33,0.598,104,100.9,2.45,Chuck Hayes,C,31,5958750,6403763,29,0,8.8,0.8,1.6,0.478,0,0,,0.8,1.6,0.478,0.478,0.2,0.4,0.545,0.6,1.1,1.8,0.7,0.3,0.1,0.3,1.3,1.7,255,10.4,0.492,0,0.239,8.1,14.9,11.5,11.3,2,1.3,13.6,10.4,0.3,0.2,0.5,0.091,-1.5,1.1,-0.4,0.1
2014/2015,63065000,68023079.46,507336,Utah Jazz,29,UTA,Utah,West,Northwest,38,44,0.463,95.1,94.9,0.71,Gordon Hayward,SF,24,14746000,15847264,76,76,34.4,6.4,14.3,0.445,1.6,4.3,0.364,4.8,10,0.481,0.5,4.9,6.1,0.812,0.7,4.2,4.9,4.1,1.4,0.4,2.7,1.7,19.3,2618,20.2,0.567,0.304,0.425,2.4,14,8.2,21.7,2.2,0.9,13.8,26.2,5.8,2.9,8.7,0.159,3.3,0.1,3.4,3.6
2014/2015,63065000,68023079.46,507336,Cleveland Cavaliers,6,CLE,Ohio,East,Central,53,29,0.646,103.1,98.7,4.08,Brendan Haywood,C,35,9798000,10529736,22,1,5.4,0.6,1.4,0.467,0,0,,0.6,1.4,0.467,0.467,0.3,0.6,0.538,0.3,1,1.3,0.1,0.1,0.5,0.5,0.8,1.6,119,9.1,0.49,0,0.433,5.9,21.9,14,2.5,0.9,6.6,21.9,17.3,-0.2,0.2,0,0.008,-7.9,1.3,-6.6,-0.1
2014/2015,63065000,68023079.46,507336,Charlotte Hornets,4,CHO,North Carolina,East,Southeast,33,49,0.402,94.2,97.3,-3.44,Gerald Henderson,SG,27,6000000,6448093,80,72,28.9,4.6,10.6,0.437,0.6,1.7,0.331,4.1,8.9,0.457,0.463,2.3,2.7,0.848,0.5,3,3.4,2.6,0.6,0.3,1.4,1.7,12.1,2315,13.2,0.514,0.161,0.256,1.7,11.6,6.5,15.6,1.1,0.7,10.5,20.7,1.3,2.3,3.6,0.074,-1.2,-0.4,-1.5,0.3
2014/2015,63065000,68023079.46,507336,Los Angeles Lakers,14,LAL,California,West,Pacific,21,61,0.256,98.5,105.3,-6.17,Xavier Henry,SF,23,1082000,1162806,9,0,9.6,0.3,1.4,0.231,0,0,,0.3,1.4,0.231,0.231,1.6,2.7,0.583,0.2,0.2,0.4,0.3,0.3,0,0.3,0.7,2.2,86,4.9,0.424,0,1.846,2.5,2.7,2.6,4.8,1.8,0,11.3,13.7,-0.1,0,-0.1,-0.03,-5.5,-2.4,-7.9,-0.1
2014/2015,63065000,68023079.46,507336,Milwaukee Bucks,17,MIL,Wisconsin,East,Central,41,41,0.5,97.8,97.4,-0.09,John Henson,C,24,1987320,2135737,67,11,18.3,2.9,5.2,0.566,0,0,,2.9,5.2,0.566,0.566,1.2,2,0.569,1.9,2.8,4.7,0.9,0.4,2,1.3,2.3,7,1228,18,0.578,0,0.396,11.7,17.4,14.5,7.8,1.2,9.3,17.6,18.1,1.3,2.4,3.6,0.142,-1.9,4.6,2.7,1.4
2014/2015,63065000,68023079.46,507336,Indiana Pacers,12,IND,Indiana,East,Central,38,44,0.463,97.3,97,-0.23,Roy Hibbert,C,28,14898938,16011624,76,76,25.3,4.2,9.3,0.446,0,0,0,4.2,9.3,0.448,0.446,2.2,2.7,0.824,2.1,5.1,7.1,1.1,0.2,1.6,1.4,2.8,10.6,1926,15.4,0.501,0.003,0.287,9,21.9,15.5,7.4,0.5,5.1,11.8,21.3,1,3.2,4.2,0.105,-3.1,2.1,-1,0.5
2014/2015,63065000,68023079.46,507336,Denver Nuggets,8,DEN,Colorado,West,Northwest,30,52,0.366,101.5,105,-3.07,JJ Hickson,C,26,5381750,5783671,73,8,19.3,3,6.3,0.475,0,0,0,3,6.3,0.477,0.475,1.6,2.8,0.577,2.1,4.1,6.2,0.8,0.5,0.5,1.3,1.9,7.6,1411,14.3,0.504,0.004,0.438,11.1,24,17.3,6.5,1.3,1.9,14.9,19.7,0.5,1.4,1.8,0.062,-3.1,0.4,-2.7,-0.3
2014/2015,63065000,68023079.46,507336,Washington Wizards,30,WAS,Washington DC,East,Southeast,46,36,0.561,98.5,97.8,0.17,Nenê,PF,32,13000000,13970869,67,58,25.3,4.6,9,0.511,0,0.1,0.2,4.6,8.9,0.513,0.512,1.8,3,0.604,1.3,3.9,5.1,1.8,1,0.3,1.9,2.7,11,1693,14.3,0.534,0.008,0.336,5.7,17,11.5,12,2,1,15.2,21.8,0.5,2.5,3,0.086,-1.9,1.3,-0.6,0.6
2014/2015,63065000,68023079.46,507336,Indiana Pacers,12,IND,Indiana,East,Central,38,44,0.463,97.3,97,-0.23,George Hill,PG,28,8000000,8597458,43,36,29.5,5.9,12.4,0.477,1.6,4.5,0.358,4.3,8,0.544,0.541,2.6,3.3,0.79,0.6,3.6,4.2,5.1,1,0.3,1.6,2.6,16.1,1267,21.5,0.579,0.361,0.267,2.2,13.3,7.8,31.4,1.8,0.9,10.3,23.8,3.7,1.6,5.4,0.203,5.4,0.2,5.6,2.4
2014/2015,63065000,68023079.46,507336,Los Angeles Lakers,14,LAL,California,West,Pacific,21,61,0.256,98.5,105.3,-6.17,Jordan Hill,C,27,9000000,9672140,70,57,26.8,5.1,11.1,0.459,0,0.2,0.273,5.1,10.9,0.462,0.461,1.8,2.4,0.738,2.5,5.5,7.9,1.5,0.5,0.7,1.5,2.3,12,1874,16.2,0.494,0.014,0.216,9.9,23.4,16.4,9.5,0.9,2.3,11.1,22.7,1.1,1.1,2.2,0.055,-2,-0.6,-2.6,-0.3
2014/2015,63065000,68023079.46,507336,Indiana Pacers,12,IND,Indiana,East,Central,38,44,0.463,97.3,97,-0.23,Solomon Hill,SF,23,1302840,1400139,82,78,29,3.1,7.7,0.396,0.8,2.5,0.327,2.2,5.2,0.43,0.45,1.9,2.4,0.824,0.9,3,3.8,2.2,0.8,0.2,1.4,2.2,8.9,2381,10.2,0.507,0.328,0.304,3.3,11.2,7.3,11.9,1.4,0.6,13.8,15.9,0.9,2.6,3.5,0.072,-1.1,0.8,-0.3,1
2014/2015,63065000,68023079.46,507336,Chicago Bulls,5,CHI,Illinois,East,Central,50,32,0.61,100.8,97.8,2.54,Kirk Hinrich,SG,34,2730000,2933882,66,22,24.4,2.2,5.8,0.373,0.9,2.5,0.345,1.3,3.2,0.394,0.449,0.5,0.8,0.7,0.3,1.5,1.8,2.2,0.7,0.2,1.1,2.2,5.7,1610,6.8,0.468,0.441,0.131,1.4,6.6,4.1,13.8,1.5,0.6,15.3,13.3,-0.3,1.3,1,0.03,-2.3,-0.6,-2.8,-0.3
2014/2015,63065000,68023079.46,507336,New Orleans Pelicans,19,NOP,Louisiana,West,Southwest,45,37,0.549,99.4,98.6,1.13,Jrue Holiday,PG,24,11000000,11821505,40,37,32.6,6,13.4,0.446,1.3,3.4,0.378,4.7,10,0.469,0.493,1.6,1.9,0.855,0.8,2.6,3.4,6.9,1.6,0.6,2.3,2.8,14.8,1303,18.8,0.522,0.253,0.142,2.8,9,5.9,34.9,2.5,1.3,13.8,23.1,2.3,1.1,3.4,0.124,3,-0.7,2.3,1.4
2014/2015,63065000,68023079.46,507336,Golden State Warriors,10,GSW,California,West,Pacific,67,15,0.817,110,99.9,10.01,Justin Holiday,SG,25,816482,877458,59,4,11.1,1.5,4,0.387,0.6,1.8,0.321,0.9,2.1,0.444,0.462,0.6,0.8,0.822,0.2,1,1.2,0.8,0.7,0.2,0.5,0.9,4.3,657,12.1,0.498,0.464,0.191,2,9.7,6,10.1,3,1.4,10.2,18.8,0.2,1,1.3,0.092,-1.4,0.5,-1,0.2
2014/2015,63065000,68023079.46,507336,Sacramento Kings,26,SAC,California,West,Pacific,29,53,0.354,101.3,105,-3.07,Ryan Hollins,C,30,1310286,1408141,46,9,9.6,1.2,1.8,0.646,0,0,,1.2,1.8,0.646,0.646,0.7,1.2,0.574,0.8,1.5,2.2,0.3,0.1,0.4,0.5,1.4,3,441,13.1,0.648,0,0.659,9.6,16.6,13.2,5,0.7,3.4,19.1,13.1,0.7,0.3,1,0.104,-1.4,0,-1.4,0.1
2014/2015,63065000,68023079.46,507336,Utah Jazz,29,UTA,Utah,West,Northwest,38,44,0.463,95.1,94.9,0.71,Rodney Hood,SG,22,1290360,1386727,50,21,21.3,3.1,7.5,0.414,1.2,3.4,0.365,1.9,4.1,0.456,0.497,1.2,1.6,0.763,0.2,2.2,2.3,1.7,0.6,0.2,0.9,2.4,8.7,1064,12.3,0.529,0.455,0.214,1,11.7,6.4,13.2,1.5,0.9,9.9,19.6,1.3,0.9,2.2,0.098,0.2,-1.3,-1.1,0.2
2014/2015,63065000,68023079.46,507336,Atlanta Hawks,1,ATL,Georgia,East,Southeast,60,22,0.732,102.5,97.1,4.75,Al Horford,C,28,12000000,12896187,76,76,30.5,6.8,12.7,0.538,0.1,0.5,0.306,6.7,12.2,0.547,0.544,1.4,1.9,0.759,1.7,5.4,7.2,3.2,0.9,1.3,1.3,1.6,15.2,2318,21.4,0.563,0.037,0.146,6.7,19.8,13.4,18.6,1.5,3.5,8.9,22.2,5.1,3.6,8.7,0.179,1.3,2.5,3.8,3.4
2014/2015,63065000,68023079.46,507336,Houston Rockets,11,HOU,Texas,West,Southwest,56,26,0.683,103.9,100.5,3.82,Dwight Howard,C,29,21436271,23037180,41,41,29.8,6.1,10.3,0.593,0,0,0.5,6.1,10.3,0.594,0.595,3.5,6.6,0.528,2.7,7.8,10.5,1.2,0.7,1.3,2.8,3.3,15.8,1223,19.2,0.596,0.005,0.641,10,28.9,19.5,7.3,1.1,3.4,17.5,23.3,1.4,2.2,3.6,0.14,-2.4,1.2,-1.2,0.3
2014/2015,63065000,68023079.46,507336,Los Angeles Clippers,13,LAC,California,West,Pacific,56,26,0.683,106.7,100.1,6.8,Lester Hudson,SG,30,111548,119878,5,0,11.2,1.2,2.8,0.429,0.6,1.2,0.5,0.6,1.6,0.375,0.536,0.6,0.8,0.75,0.2,1.4,1.6,1,1.2,0.2,0.6,0.8,3.6,56,16,0.571,0.429,0.286,2.1,13.8,8,12.6,5.4,1.5,16,15.1,0.1,0.1,0.2,0.141,0,3.3,3.3,0.1
2014/2015,63065000,68023079.46,507336,Minnesota Timberwolves,18,MIN,Minnesota,West,Northwest,16,66,0.195,97.8,106.5,-8,Robbie Hummel,SF,25,880000,945720,45,4,16.5,1.8,3.8,0.459,0.4,1.1,0.314,1.4,2.7,0.521,0.506,0.5,0.6,0.828,0.7,2.3,3,0.6,0.4,0.2,0.4,1.9,4.4,742,9.7,0.536,0.297,0.169,4.6,16.4,10.3,5.6,1.1,1,8.9,12.1,0.7,0.1,0.8,0.05,-1.8,-1.6,-3.5,-0.3
2014/2015,63065000,68023079.46,507336,Washington Wizards,30,WAS,Washington DC,East,Southeast,46,36,0.561,98.5,97.8,0.17,Kris Humphries,PF,29,4250000,4567399,64,17,21,3.3,7,0.473,0,0.1,0,3.3,6.9,0.481,0.473,1.4,1.8,0.744,1.8,4.7,6.5,0.9,0.5,0.4,0.7,2,8,1345,15.4,0.512,0.016,0.262,10.1,24.4,17.4,6.7,1.3,1.5,8.5,18.3,1.6,2.1,3.8,0.134,-2,0.7,-1.3,0.2
2014/2015,63065000,68023079.46,507336,Oklahoma City Thunder,21,OKC,Oklahoma,West,Northwest,45,37,0.549,104,101.8,2.47,Serge Ibaka,PF,25,12250000,13164857,64,64,33.1,5.8,12.3,0.476,1.2,3.2,0.376,4.6,9.1,0.511,0.525,1.4,1.7,0.836,2.1,5.7,7.8,0.9,0.5,2.4,1.5,3,14.3,2116,16.6,0.549,0.261,0.14,7,18.1,12.6,4.2,0.7,5.8,10.4,18.9,2.9,2.7,5.6,0.127,-0.5,1.3,0.8,1.5
2014/2015,63065000,68023079.46,507336,Golden State Warriors,10,GSW,California,West,Pacific,67,15,0.817,110,99.9,10.01,Andre Iguodala,SF,31,12289544,13207355,77,0,26.9,3,6.4,0.466,1,2.8,0.349,2,3.7,0.553,0.54,0.9,1.5,0.596,0.6,2.8,3.3,3,1.2,0.3,1.1,1.3,7.8,2069,12.3,0.553,0.427,0.23,2.4,10.8,6.7,14.6,2.1,0.9,13.9,13.3,2.3,2.8,5.1,0.117,0.1,1.5,1.6,1.9
2014/2015,63065000,68023079.46,507336,Milwaukee Bucks,17,MIL,Wisconsin,East,Central,41,41,0.5,97.8,97.4,-0.09,Ersan Ilyasova,PF,27,7900000,8489990,58,36,22.7,4.5,9.6,0.472,1.3,3.3,0.389,3.3,6.3,0.515,0.539,1.2,1.8,0.645,1.4,3.4,4.8,1,0.6,0.3,0.8,2.6,11.5,1319,16.8,0.554,0.341,0.192,7,17,12,7.4,1.4,1.2,6.9,22.1,2.3,1.7,4,0.146,1.2,-1.4,-0.2,0.6
2014/2015,63065000,68023079.46,507336,Utah Jazz,29,UTA,Utah,West,Northwest,38,44,0.463,95.1,94.9,0.71,Joe Ingles,SF,27,507336,545225,79,32,21.2,1.9,4.5,0.415,0.9,2.6,0.356,0.9,1.9,0.493,0.517,0.4,0.5,0.75,0.3,1.9,2.2,2.3,0.9,0.1,1.2,1.6,5,1673,9.6,0.533,0.571,0.113,1.5,10.5,6,16.8,2.3,0.5,20.9,12.9,0.5,1.6,2.2,0.062,-1.1,0.3,-0.8,0.5
2014/2015,63065000,68023079.46,507336,Cleveland Cavaliers,6,CLE,Ohio,East,Central,53,29,0.646,103.1,98.7,4.08,Kyrie Irving,PG,22,7459924,8017048,75,75,36.4,7.7,16.5,0.468,2.1,5,0.415,5.6,11.4,0.491,0.532,4.2,4.9,0.863,0.7,2.4,3.2,5.2,1.5,0.3,2.5,1.9,21.7,2730,21.5,0.583,0.306,0.296,2.3,7.5,5,25,2.2,0.6,11.8,26.2,8.4,2,10.4,0.183,4.7,-1.4,3.3,3.7
2014/2015,63065000,68023079.46,507336,Brooklyn Nets,3,BRK,New York,East,Atlantic,38,44,0.463,98,100.9,-3.13,Jarrett Jack,PG,31,6300000,6770498,80,27,28,4.5,10.2,0.439,0.5,1.8,0.267,4,8.4,0.477,0.463,2.5,2.8,0.881,0.2,2.8,3.1,4.7,0.9,0.2,2.4,1.8,12,2241,14.6,0.522,0.179,0.278,1,11.3,6.1,27.3,1.7,0.5,17.2,22.6,1.1,1.4,2.6,0.055,-0.5,-1,-1.5,0.3
2014/2015,63065000,68023079.46,507336,#N/A,#N/A,TOT,#N/A,#N/A,#N/A,#N/A,#N/A,#N/A,#N/A,#N/A,#N/A,Reggie Jackson,PG,24,2325680,2499367,77,40,29.5,5.6,12.9,0.434,0.9,3.1,0.299,4.7,9.8,0.477,0.47,2.4,2.8,0.83,0.7,3.5,4.2,6,0.8,0.1,2.4,2.2,14.5,2268,17.2,0.511,0.242,0.219,2.6,12.9,7.8,34.8,1.4,0.3,14.6,24.6,3.3,1.7,4.9,0.104,1.9,-1.2,0.8,1.6
2014/2015,63065000,68023079.46,507336,Oklahoma City Thunder,21,OKC,Oklahoma,West,Northwest,45,37,0.549,104,101.8,2.47,Reggie Jackson,PG,24,2325680,2499367,50,13,28,5,11.5,0.432,0.9,3.2,0.278,4.1,8.4,0.49,0.47,2,2.3,0.861,0.6,3.5,4,4.3,0.8,0.1,1.8,1.9,12.8,1398,15.6,0.511,0.274,0.2,2.2,13,7.7,24.5,1.5,0.3,12.7,22.1,1.8,1.1,2.9,0.101,0.7,-1.1,-0.4,0.6
2014/2015,63065000,68023079.46,507336,Detroit Pistons,9,DET,Michigan,East,Central,32,50,0.39,98.5,99.5,-1.39,Reggie Jackson,PG,24,2325680,2499367,27,27,32.2,6.8,15.6,0.436,1,3.1,0.337,5.7,12.5,0.46,0.469,3,3.8,0.796,1,3.6,4.7,9.2,0.7,0.1,3.5,2.7,17.6,870,19.8,0.511,0.198,0.245,3.4,12.7,7.9,51.2,1.2,0.4,17,28.6,1.5,0.5,2,0.11,3.9,-1.2,2.6,1
2014/2015,63065000,68023079.46,507336,Dallas Mavericks,7,DAL,Texas,West,Southwest,50,32,0.61,105.2,102.3,3.36,Bernard James,C,29,1259775,1353857,16,2,9.9,0.8,1.7,0.444,0,0,,0.8,1.7,0.444,0.444,1.3,1.4,0.87,1.1,1.3,2.4,0.3,0.1,0.9,0.4,1.1,2.8,158,16,0.593,0,0.852,12.5,14.6,13.5,3.4,0.6,7.7,13.9,12.2,0.4,0.2,0.5,0.165,-1.3,2.9,1.6,0.1
2014/2015,63065000,68023079.46,507336,Cleveland Cavaliers,6,CLE,Ohio,East,Central,53,29,0.646,103.1,98.7,4.08,LeBron James,SF,30,20644400,22186170,69,69,36.1,9,18.5,0.488,1.7,4.9,0.354,7.3,13.6,0.536,0.535,5.4,7.7,0.71,0.7,5.3,6,7.4,1.6,0.7,3.9,2,25.3,2493,25.9,0.577,0.265,0.413,2.4,16.6,9.6,38.6,2.3,1.6,15.3,32.3,7.4,2.9,10.4,0.199,6.2,1.2,7.4,5.9
2014/2015,63065000,68023079.46,507336,Charlotte Hornets,4,CHO,North Carolina,East,Southeast,33,49,0.402,94.2,97.3,-3.44,Al Jefferson,C,30,13500000,14508210,65,61,30.6,7.5,15.5,0.481,0,0.1,0.4,7.4,15.5,0.482,0.482,1.7,2.5,0.655,1.5,6.9,8.4,1.7,0.7,1.3,1,2.1,16.6,1992,19.7,0.5,0.005,0.163,5.3,25.5,15.1,11.6,1.2,3.3,5.9,26.3,1.3,3.4,4.7,0.113,-1.3,1.6,0.2,1.1
2014/2015,63065000,68023079.46,507336,Brooklyn Nets,3,BRK,New York,East,Atlantic,38,44,0.463,98,100.9,-3.13,Cory Jefferson,PF,24,507336,545225,50,1,10.6,1.5,3.3,0.449,0,0.3,0.133,1.5,3,0.48,0.455,0.6,1.1,0.574,0.9,2,2.9,0.3,0.2,0.4,0.4,1.2,3.7,531,13.2,0.48,0.09,0.323,10,20.6,15.3,4.8,1,3.2,9.5,18.1,0.2,0.6,0.8,0.071,-3.3,-0.4,-3.7,-0.2
2014/2015,63065000,68023079.46,507336,Dallas Mavericks,7,DAL,Texas,West,Southwest,50,32,0.61,105.2,102.3,3.36,Richard Jefferson,SF,34,1448490,1556666,74,18,16.8,1.9,4.4,0.444,0.9,2.1,0.426,1.1,2.3,0.462,0.546,1.1,1.5,0.684,0.3,2.1,2.5,0.8,0.4,0.1,0.7,1.6,5.8,1244,11.3,0.577,0.478,0.352,2.2,14,8.1,7,1.3,0.7,12.2,15.3,1.4,0.9,2.3,0.088,-0.2,-0.5,-0.7,0.4
2014/2015,63065000,68023079.46,507336,Atlanta Hawks,1,ATL,Georgia,East,Southeast,60,22,0.732,102.5,97.1,4.75,John Jenkins,SG,23,1312920,1410971,24,3,12.4,2,4.1,0.495,0.9,2.2,0.404,1.2,2,0.596,0.601,0.7,0.8,0.842,0.1,1.5,1.6,0.5,0.4,0,0.3,0.6,5.6,297,15.9,0.629,0.525,0.192,0.8,13.8,7.5,7,1.7,0,6.9,17.8,0.6,0.3,0.9,0.147,1.1,-2.1,-0.9,0.1
2014/2015,63065000,68023079.46,507336,Detroit Pistons,9,DET,Michigan,East,Central,32,50,0.39,98.5,99.5,-1.39,Brandon Jennings,PG,25,8000000,8597458,41,41,28.6,5.3,13.2,0.401,1.9,5.1,0.36,3.5,8.1,0.428,0.471,2.9,3.5,0.839,0.5,2,2.5,6.6,1.1,0.1,2.2,1.6,15.4,1173,19.7,0.522,0.389,0.263,1.9,8,4.8,39.9,1.9,0.3,12.9,26.3,2.6,0.7,3.3,0.136,4.3,-2.5,1.8,1.1
2014/2015,63065000,68023079.46,507336,#N/A,#N/A,TOT,#N/A,#N/A,#N/A,#N/A,#N/A,#N/A,#N/A,#N/A,#N/A,Jonas Jerebko,PF,27,4500000,4836070,75,0,16.4,2.3,5.1,0.446,0.7,1.9,0.386,1.5,3.2,0.481,0.517,0.7,0.9,0.848,1.2,2.5,3.8,0.9,0.6,0.2,0.6,1.8,6,1230,15,0.549,0.369,0.174,8,17.2,12.5,9,1.9,1.1,9.7,16.2,2,1.4,3.5,0.135,0.5,0.4,0.9,0.9
2014/2015,63065000,68023079.46,507336,Detroit Pistons,9,DET,Michigan,East,Central,32,50,0.39,98.5,99.5,-1.39,Jonas Jerebko,PF,27,4500000,4836070,46,0,15.3,2,4.3,0.46,0.6,1.7,0.368,1.4,2.7,0.516,0.53,0.7,0.8,0.861,1,2.1,3.1,0.9,0.6,0.2,0.6,1.7,5.2,703,14.5,0.564,0.384,0.182,7,15.3,11,9.2,2,1.2,10.8,15.1,1.2,0.7,1.9,0.13,0.5,0.5,1,0.5
2014/2015,63065000,68023079.46,507336,Boston Celtics,2,BOS,Massachusetts,East,Atlantic,40,42,0.488,101.4,101.2,-0.4,Jonas Jerebko,PF,27,4500000,4836070,29,0,18.2,2.7,6.2,0.431,0.9,2.2,0.406,1.8,4,0.444,0.503,0.9,1,0.833,1.6,3.2,4.8,1,0.7,0.2,0.6,2,7.1,527,15.5,0.533,0.354,0.166,9.4,19.8,14.5,8.7,1.8,1,8.5,17.6,0.8,0.7,1.5,0.141,0.4,0.3,0.7,0.4
2014/2015,63065000,68023079.46,507336,#N/A,#N/A,TOT,#N/A,#N/A,#N/A,#N/A,#N/A,#N/A,#N/A,#N/A,#N/A,Grant Jerrett,PF,21,816482,877458,8,0,6.4,0.9,3.3,0.269,0.1,1.9,0.067,0.8,1.4,0.545,0.288,0.1,0.1,1,0.3,0.9,1.1,0.4,0.3,0.3,0.4,1.4,2,51,1.5,0.303,0.577,0.038,4.4,15.2,9.9,9.6,2.1,3.1,10.2,25.4,-0.2,0.1,-0.1,-0.128,-6.8,-1.5,-8.4,-0.1
2014/2015,63065000,68023079.46,507336,Oklahoma City Thunder,21,OKC,Oklahoma,West,Northwest,45,37,0.549,104,101.8,2.47,Grant Jerrett,PF,21,816482,877458,5,0,5,0.6,3.4,0.176,0.2,2.6,0.077,0.4,0.8,0.5,0.206,0,0,,0.2,0.6,0.8,0.2,0,0.4,0.4,1.4,1.4,25,-11,0.206,0.765,0,4.4,12.7,8.6,5.9,0,6.3,10.5,32.7,-0.2,0,-0.2,-0.373,-12.3,-4.1,-16.4,-0.1
2014/2015,63065000,68023079.46,507336,Utah Jazz,29,UTA,Utah,West,Northwest,38,44,0.463,95.1,94.9,0.71,Grant Jerrett,PF,21,816482,877458,3,0,8.7,1.3,3,0.444,0,0.7,0,1.3,2.3,0.571,0.444,0.3,0.3,1,0.3,1.3,1.7,0.7,0.7,0,0.3,1.3,3,26,13.6,0.477,0.222,0.111,4.5,17.7,11.1,13.2,4.1,0,9.6,18.4,0,0,0.1,0.108,-1.6,1,-0.6,0
2014/2015,63065000,68023079.46,507336,Toronto Raptors,28,TOR,Ontario,East,Atlantic,49,33,0.598,104,100.9,2.45,Amir Johnson,PF,27,7000000,7522775,75,72,26.4,4,6.9,0.574,0.3,0.6,0.413,3.7,6.3,0.59,0.592,1.1,1.7,0.612,2.1,4,6.1,1.6,0.6,0.8,1.5,3,9.3,1979,15.4,0.603,0.089,0.249,9.3,17.3,13.3,9.4,1.1,2.4,16,15.7,3.5,1.6,5.1,0.124,0.8,1,1.8,1.9
2014/2015,63065000,68023079.46,507336,#N/A,#N/A,TOT,#N/A,#N/A,#N/A,#N/A,#N/A,#N/A,#N/A,#N/A,#N/A,Chris Johnson,SF,24,166897,178663.2385,29,2,18.1,2.1,5.3,0.403,1,3.3,0.295,1.2,2,0.576,0.494,0.5,0.6,0.875,0.3,1.6,1.9,0.5,0.9,0.2,0.5,1.5,5.7,526,10.2,0.515,0.617,0.104,1.7,10.2,5.9,4.6,2.6,1.1,8.5,15,0.2,0.6,0.8,0.074,-1.6,-0.6,-2.2,0
2014/2015,63065000,68023079.46,507336,Philadelphia 76ers,23,PHI,Pennsylvania,East,Atlantic,18,64,0.22,92,101,-9.04,Chris Johnson,SF,24,166897,178663.2385,9,2,20.8,2.1,6.7,0.317,1.1,4.3,0.256,1,2.3,0.429,0.4,0.7,0.9,0.75,0.3,2.6,2.9,0.3,1,0.6,1,2.1,6,187,6,0.425,0.65,0.133,1.7,14,7.5,2.7,2.4,2.2,12.4,16.9,-0.3,0.2,-0.1,-0.017,-5.6,-0.6,-6.2,-0.2
2014/2015,63065000,68023079.46,507336,Utah Jazz,29,UTA,Utah,West,Northwest,38,44,0.463,95.1,94.9,0.71,Chris Johnson,SF,24,166897,178663.2385,12,0,17.6,2.6,5.3,0.484,1.1,3.2,0.342,1.5,2.2,0.692,0.586,0.5,0.5,1,0.3,1.3,1.5,0.6,1,0,0.5,1.5,6.8,211,14.2,0.608,0.594,0.094,1.7,8.2,4.9,5.6,3,0,8.3,15.8,0.4,0.2,0.6,0.139,1.7,-1,0.7,0.1
2014/2015,63065000,68023079.46,507336,Milwaukee Bucks,17,MIL,Wisconsin,East,Central,41,41,0.5,97.8,97.4,-0.09,Chris Johnson,SF,24,166897,178663.2385,8,0,16,1.5,3.8,0.4,0.6,2.3,0.278,0.9,1.5,0.583,0.483,0.3,0.3,1,0.3,1.1,1.4,0.6,0.6,0.3,0,0.9,3.9,128,9.7,0.502,0.6,0.067,1.8,8,4.9,5.7,2,1.3,0,10.9,0.1,0.1,0.3,0.102,-1.2,-0.2,-1.3,0
2014/2015,63065000,68023079.46,507336,Toronto Raptors,28,TOR,Ontario,East,Atlantic,49,33,0.598,104,100.9,2.45,James Johnson,PF,27,2500000,2686705,70,17,19.6,3.4,5.8,0.589,0.2,0.7,0.216,3.2,5,0.643,0.603,1,1.5,0.657,0.9,2.8,3.7,1.4,0.8,1,1.1,2.2,7.9,1370,17.9,0.617,0.126,0.252,5.1,16.5,10.8,11.4,2,4.1,15,17.4,2.5,1.6,4.1,0.143,0.6,2,2.7,1.6
2014/2015,63065000,68023079.46,507336,Brooklyn Nets,3,BRK,New York,East,Atlantic,38,44,0.463,98,100.9,-3.13,Joe Johnson,SG,33,23180790,24911984,80,80,34.9,5.6,12.8,0.435,1.5,4.2,0.359,4.1,8.6,0.472,0.494,1.8,2.2,0.801,0.7,4.1,4.8,3.7,0.7,0.2,1.7,1.5,14.4,2791,14.1,0.523,0.329,0.172,2.1,13.3,7.7,17.1,1.1,0.4,11.1,20.3,2.6,1.5,4.1,0.07,0.9,-0.7,0.2,1.5
2014/2015,63065000,68023079.46,507336,Houston Rockets,11,HOU,Texas,West,Southwest,56,26,0.683,103.9,100.5,3.82,Nick Johnson,SG,22,507336,545225,28,0,9.4,0.9,2.7,0.347,0.2,0.8,0.238,0.8,1.9,0.389,0.38,0.6,0.9,0.68,0.5,0.9,1.4,0.4,0.3,0.1,0.7,1.2,2.6,262,4.8,0.43,0.28,0.333,5.5,10.9,8.2,6.3,1.3,0.9,18.1,17.4,-0.4,0.2,-0.1,-0.02,-6.1,-1.2,-7.3,-0.3
2014/2015,63065000,68023079.46,507336,Miami Heat,16,MIA,Florida,East,Southeast,37,45,0.451,94.7,97.3,-2.92,Tyler Johnson,SG,22,280526,301476,32,2,18.8,2.2,5.2,0.419,0.6,1.5,0.375,1.6,3.7,0.437,0.473,1,1.5,0.681,0.4,2.1,2.5,1.3,1,0.3,0.9,1.3,5.9,603,12,0.506,0.287,0.281,2.9,13.1,8.1,11.3,2.9,1.3,13.8,17,0.1,0.7,0.8,0.06,-1.8,0.7,-1.1,0.1
2014/2015,63065000,68023079.46,507336,Los Angeles Lakers,14,LAL,California,West,Pacific,21,61,0.256,98.5,105.3,-6.17,Wesley Johnson,SF,27,981084,1054353,76,59,29.5,3.8,9.1,0.414,1.2,3.4,0.351,2.6,5.7,0.451,0.48,1.2,1.5,0.804,0.9,3.3,4.2,1.6,0.8,0.6,1.1,2.1,9.9,2245,11.1,0.509,0.375,0.162,3.2,12.9,7.8,8.6,1.3,1.6,10.5,16.4,1,0.7,1.7,0.037,-0.9,-0.6,-1.5,0.3
2014/2015,63065000,68023079.46,507336,Los Angeles Clippers,13,LAC,California,West,Pacific,56,26,0.683,106.7,100.1,6.8,Dahntay Jones,SF,34,721169,775027,33,0,3.7,0.2,0.6,0.286,0,0.1,0,0.2,0.5,0.353,0.286,0.3,0.3,0.818,0,0.3,0.3,0.1,0.1,0,0,0.7,0.6,123,1.9,0.406,0.19,0.524,0.9,9,5,2.1,1.2,0,3.7,9.8,0,0.1,0,0.013,-5.2,-1.3,-6.4,-0.1
2014/2015,63065000,68023079.46,507336,Cleveland Cavaliers,6,CLE,Ohio,East,Central,53,29,0.646,103.1,98.7,4.08,James Jones,SF,34,1448490,1556666,57,2,11.7,1.3,3.5,0.368,1.1,3.1,0.36,0.2,0.5,0.423,0.525,0.7,0.8,0.848,0.2,0.9,1.1,0.4,0.2,0.1,0.2,1.2,4.4,669,11.1,0.565,0.871,0.229,1.6,9,5.3,5.4,1,0.9,5.5,15.8,1.2,0.4,1.5,0.11,1.4,-2.8,-1.4,0.1
2014/2015,63065000,68023079.46,507336,Oklahoma City Thunder,21,OKC,Oklahoma,West,Northwest,45,37,0.549,104,101.8,2.47,Perry Jones,SF,23,1129200,1213531,43,13,14.7,1.7,4.3,0.397,0.3,1.4,0.233,1.4,2.9,0.476,0.435,0.6,0.9,0.649,0.1,1.6,1.8,0.4,0.4,0.2,0.6,1.2,4.3,631,6.9,0.459,0.326,0.201,1,11.7,6.5,4.2,1.4,1,10.7,15.3,-0.3,0.5,0.2,0.015,-4.2,-1.2,-5.4,-0.5
2014/2015,63065000,68023079.46,507336,Houston Rockets,11,HOU,Texas,West,Southwest,56,26,0.683,103.9,100.5,3.82,Terrence Jones,PF,23,1618680,1739566,33,24,26.9,4.8,9.1,0.528,0.4,1.1,0.351,4.4,7.9,0.553,0.55,1.7,2.8,0.606,2.4,4.3,6.7,1.1,0.5,1.8,1.1,2.4,11.7,889,18.3,0.567,0.124,0.314,9.7,17.6,13.7,6.9,1,5.2,9.8,18.4,1.7,1.3,3,0.16,-0.6,1.9,1.3,0.7
2014/2015,63065000,68023079.46,507336,Los Angeles Clippers,13,LAC,California,West,Pacific,56,26,0.683,106.7,100.1,6.8,DeAndre Jordan,C,26,11440123,12294497,82,82,34.4,4.6,6.5,0.71,0,0,0.25,4.6,6.5,0.713,0.711,2.3,5.7,0.397,4.8,10.1,15,0.7,1,2.2,1.3,3,11.5,2820,21,0.638,0.007,0.882,16.2,32.4,24.5,3.2,1.5,5.4,12.8,13.6,7.4,5.4,12.8,0.217,0.9,3.2,4.1,4.3
2014/2015,63065000,68023079.46,507336,Brooklyn Nets,3,BRK,New York,East,Atlantic,38,44,0.463,98,100.9,-3.13,Jerome Jordan,C,28,816482,877458,44,0,8.7,1.1,2.1,0.532,0,0,,1.1,2.1,0.532,0.532,0.9,1,0.864,1.2,1.2,2.4,0.3,0.2,0.3,0.5,1.3,3.1,383,16.8,0.609,0,0.468,15.3,15.5,15.4,5.3,1.1,3.1,16.3,16.1,0.9,0.3,1.2,0.156,-0.2,0,-0.2,0.2
2014/2015,63065000,68023079.46,507336,San Antonio Spurs,27,SAS,Texas,West,Southwest,55,27,0.671,103.2,97,6.34,Cory Joseph,PG,23,2134593,2294009,79,14,18.3,2.6,5.2,0.504,0.2,0.6,0.364,2.4,4.6,0.52,0.523,1.3,1.8,0.734,0.6,1.9,2.4,2.4,0.6,0.2,0.8,1.3,6.8,1444,15.5,0.564,0.107,0.348,3.5,11.4,7.5,19.7,1.6,0.9,12.4,17,2.7,1.8,4.5,0.149,0.2,0.5,0.7,1
2014/2015,63065000,68023079.46,507336,Portland Trail Blazers,25,POR,Oregon,West,Northwest,51,31,0.622,102.8,98.6,4.41,Chris Kaman,C,32,4800000,5158474,74,13,18.9,3.8,7.4,0.515,0,0,,3.8,7.4,0.515,0.515,1,1.4,0.706,2,4.5,6.5,0.9,0.2,0.7,1.5,1.9,8.6,1398,17.3,0.537,0,0.186,11.6,25.2,18.5,7.8,0.7,2.8,15.4,22.5,1.1,2.2,3.3,0.112,-2.5,1.1,-1.4,0.2
2014/2015,63065000,68023079.46,507336,#N/A,#N/A,TOT,#N/A,#N/A,#N/A,#N/A,#N/A,#N/A,#N/A,#N/A,#N/A,Enes Kanter,C,22,6008106,6456805,75,74,28.5,6.4,12.4,0.519,0.2,0.6,0.356,6.2,11.8,0.528,0.528,2.4,3.1,0.782,3.7,5.3,8.9,0.7,0.5,0.4,1.9,2.5,15.5,2135,20.3,0.564,0.048,0.252,14.6,20.5,17.6,4.8,0.9,1.1,12.3,24.7,4.3,2.1,6.4,0.145,0.2,-2.3,-2.1,-0.1
2014/2015,63065000,68023079.46,507336,Utah Jazz,29,UTA,Utah,West,Northwest,38,44,0.463,95.1,94.9,0.71,Enes Kanter,C,22,6008106,6456805,49,48,27.1,5.8,11.9,0.491,0.3,0.8,0.317,5.6,11,0.505,0.503,1.9,2.4,0.788,3,4.8,7.8,0.5,0.5,0.3,1.9,2.3,13.8,1326,17.5,0.535,0.07,0.203,12.9,20.5,16.7,3.8,0.9,1,12.8,25.1,1.4,1.3,2.7,0.099,-1.5,-2.6,-4.1,-0.7
2014/2015,63065000,68023079.46,507336,Oklahoma City Thunder,21,OKC,Oklahoma,West,Northwest,45,37,0.549,104,101.8,2.47,Enes Kanter,C,22,6008106,6456805,26,26,31.1,7.5,13.3,0.566,0.1,0.2,0.75,7.4,13.2,0.564,0.571,3.5,4.5,0.776,5,6,11,1.1,0.5,0.5,2,2.9,18.7,809,24.9,0.611,0.012,0.335,17.5,20.5,19,6.4,0.8,1.3,11.6,23.9,2.9,0.8,3.7,0.22,3,-1.7,1.2,0.7
2014/2015,63065000,68023079.46,507336,Brooklyn Nets,3,BRK,New York,East,Atlantic,38,44,0.463,98,100.9,-3.13,Sergey Karasev,SG,21,1533840,1648390,33,16,16.8,1.6,4.1,0.403,0.5,1.6,0.296,1.2,2.4,0.475,0.463,0.9,1.2,0.763,0.7,1.3,2,1.4,0.7,0,0.7,1.4,4.6,555,10.5,0.508,0.403,0.284,4.5,8.9,6.7,12.3,2.1,0.1,13.7,14.4,0.3,0.4,0.7,0.061,-0.7,-0.5,-1.2,0.1
2014/2015,63065000,68023079.46,507336,Los Angeles Lakers,14,LAL,California,West,Pacific,21,61,0.256,98.5,105.3,-6.17,Ryan Kelly,PF,23,1650000,1773225,52,34,23.7,2,5.9,0.337,0.9,2.6,0.336,1.1,3.4,0.337,0.409,1.5,1.8,0.832,0.3,2.6,2.8,1.8,0.6,0.5,0.7,2.3,6.4,1233,8.6,0.473,0.434,0.307,1.1,12.4,6.5,10.9,1.2,1.6,9.5,14,0.4,0.3,0.7,0.027,-2.1,-0.8,-2.8,-0.3
2014/2015,63065000,68023079.46,507336,Charlotte Hornets,4,CHO,North Carolina,East,Southeast,33,49,0.402,94.2,97.3,-3.44,Michael Kidd-Gilchrist,SF,21,5016960,5391638,55,52,28.9,4.1,8.8,0.465,0,0,,4.1,8.8,0.465,0.465,2.7,3.9,0.701,2,5.6,7.6,1.4,0.5,0.7,1.1,2.1,10.9,1587,15.1,0.519,0,0.444,7.4,21.9,14.4,8.2,1,1.9,9.9,18.4,1.6,2.2,3.8,0.114,-2.2,1.3,-0.8,0.5
2014/2015,63065000,68023079.46,507336,Minnesota Timberwolves,18,MIN,Minnesota,West,Northwest,16,66,0.195,97.8,106.5,-8,Sean Kilpatrick,SG,25,29843,32071,4,0,18,1.8,5,0.35,1,3.3,0.308,0.8,1.8,0.429,0.45,1,1,1,0.3,1.3,1.5,1,0.8,0,0.5,0.8,5.5,72,10,0.506,0.65,0.2,1.5,8.2,4.8,8.5,2.1,0,8.4,14.6,0.1,0,0.1,0.033,-0.7,-3,-3.8,0
2014/2015,63065000,68023079.46,507336,Brooklyn Nets,3,BRK,New York,East,Atlantic,38,44,0.463,98,100.9,-3.13,Andrei Kirilenko,SF,33,3326235,3574645,7,0,5.1,0,0.7,0,0,0,,0,0.7,0,0,0.4,0.6,0.75,0.3,0.9,1.1,0.1,0.1,0,0.1,0.1,0.4,36,2.8,0.222,0,0.8,6.2,18.6,12.5,3.6,1.4,0,12.9,9.8,-0.1,0,0,-0.058,-8.1,-0.2,-8.3,-0.1
2014/2015,63065000,68023079.46,507336,Cleveland Cavaliers,6,CLE,Ohio,East,Central,53,29,0.646,103.1,98.7,4.08,Alex Kirk,C,23,214871,230918,5,0,2.8,0.2,0.8,0.25,0,0,,0.2,0.8,0.25,0.25,0.4,0.4,1,0.2,0,0.2,0.2,0,0,0,0.2,0.8,14,8.5,0.41,0,0.5,8.3,0,4.1,10.1,0,0,0,15.7,0,0,0,0.061,-3,-4.3,-7.4,0
2014/2015,63065000,68023079.46,507336,#N/A,#N/A,TOT,#N/A,#N/A,#N/A,#N/A,#N/A,#N/A,#N/A,#N/A,#N/A,Brandon Knight,PG-SG,23,3553917,3819331,63,61,32.3,6,14.1,0.422,2,5.1,0.389,4,9,0.441,0.493,3.1,3.5,0.874,0.4,3.4,3.9,5.2,1.4,0.2,3,1.8,17,2035,17.1,0.543,0.361,0.251,1.6,12,6.8,27.4,2.3,0.4,16.1,25.9,2,2.5,4.5,0.106,1.7,-0.7,1.1,1.6
2014/2015,63065000,68023079.46,507336,Milwaukee Bucks,17,MIL,Wisconsin,East,Central,41,41,0.5,97.8,97.4,-0.09,Brandon Knight,PG,23,3553917,3819331,52,52,32.5,6.2,14.3,0.435,2,4.9,0.409,4.2,9.4,0.448,0.505,3.3,3.7,0.881,0.5,3.8,4.3,5.4,1.6,0.2,3.2,1.8,17.8,1688,18.5,0.556,0.341,0.26,1.8,13.1,7.5,28.6,2.5,0.5,16.7,26.6,2,2.4,4.4,0.124,2.3,-0.1,2.2,1.8
2014/2015,63065000,68023079.46,507336,Phoenix Suns,24,PHO,Arizona,West,Pacific,39,43,0.476,102.4,103.3,-0.38,Brandon Knight,SG,23,3553917,3819331,11,9,31.5,4.6,13,0.357,1.9,6.1,0.313,2.7,6.9,0.395,0.43,2.2,2.6,0.828,0.2,1.9,2.1,4.5,0.5,0.1,2.1,1.9,13.4,347,10.5,0.472,0.469,0.203,0.6,6.7,3.6,21.6,0.9,0.2,12.9,22.6,0,0.1,0.1,0.016,-1.1,-3.5,-4.5,-0.2
2014/2015,63065000,68023079.46,507336,Atlanta Hawks,1,ATL,Georgia,East,Southeast,60,22,0.732,102.5,97.1,4.75,Kyle Korver,SG,33,6253521,6720548,75,75,32.2,3.9,8,0.487,2.9,6,0.492,0.9,2,0.47,0.671,1.4,1.6,0.898,0.2,3.9,4.1,2.6,0.7,0.6,1.4,1.9,12.1,2418,14.8,0.699,0.748,0.197,0.7,13.3,7.2,12.1,1.1,1.5,14.1,14.4,5,2.4,7.5,0.148,3.1,0.2,3.3,3.3
2014/2015,63065000,68023079.46,507336,Memphis Grizzlies,15,MEM,Tennessee,West,Southwest,55,27,0.671,98.3,95.1,3.62,Kosta Koufos,C,25,3000000,3224046,81,3,16.6,2.2,4.4,0.508,0,0,,2.2,4.4,0.508,0.508,0.7,1,0.647,1.5,3.8,5.3,0.5,0.4,0.8,0.9,1.8,5.2,1348,14.2,0.53,0,0.237,10.3,25.8,18.1,4.3,1.1,3.9,14.9,15.8,0.8,2.5,3.3,0.118,-3.4,1.9,-1.5,0.2
2014/2015,63065000,68023079.46,507336,Golden State Warriors,10,GSW,California,West,Pacific,67,15,0.817,110,99.9,10.01,Ognjen Kuzmic,C,24,816482,877458,16,0,4.5,0.5,0.8,0.667,0,0,,0.5,0.8,0.667,0.667,0.3,0.3,1,0.4,0.6,1.1,0.4,0.1,0.1,0.3,0.8,1.3,72,12.9,0.727,0,0.333,10.8,14.5,12.7,11.1,1.4,1,26.7,11.3,0.2,0.1,0.3,0.171,-0.3,1,0.8,0.1
2014/2015,63065000,68023079.46,507336,Oklahoma City Thunder,21,OKC,Oklahoma,West,Northwest,45,37,0.549,104,101.8,2.47,Jeremy Lamb,SG,22,2202000,2366450,47,8,13.5,2.2,5.3,0.416,0.8,2.4,0.342,1.4,3,0.475,0.492,1,1.2,0.891,0.2,2.1,2.3,0.9,0.4,0.1,0.6,1.1,6.3,633,14.9,0.538,0.444,0.22,1.4,16.5,9.1,10.9,1.7,0.7,9,20.5,1,0.7,1.6,0.123,0,-1.6,-1.6,0.1
2014/2015,63065000,68023079.46,507336,Sacramento Kings,26,SAC,California,West,Pacific,29,53,0.354,101.3,105,-3.07,Carl Landry,PF,31,6750000,7254105,70,15,17,2.7,5.3,0.515,0,0,,2.7,5.3,0.515,0.515,1.8,2.1,0.82,1.4,2.4,3.8,0.4,0.2,0.2,0.8,1.9,7.2,1192,14.9,0.578,0,0.407,9.8,15.5,12.8,3.6,0.6,1.1,11,18.1,2.3,0.5,2.8,0.112,-1,-2.6,-3.6,-0.5
2014/2015,63065000,68023079.46,507336,New York Knicks,20,NYK,New York,East,Atlantic,17,65,0.207,91.9,101.2,-9.5,Shane Larkin,PG,22,1606080,1726025,76,22,24.5,2.5,5.7,0.433,0.5,1.5,0.302,2,4.2,0.481,0.473,0.8,1,0.782,0.4,1.9,2.3,3,1.2,0.1,1.1,2,6.2,1865,10.9,0.504,0.269,0.181,1.7,9.4,5.4,19.4,2.6,0.4,15.1,13.6,0.8,0.9,1.7,0.045,-1.6,-0.7,-2.4,-0.2
2014/2015,63065000,68023079.46,507336,Denver Nuggets,8,DEN,Colorado,West,Northwest,30,52,0.366,101.5,105,-3.07,Joffrey Lauvergne,C,23,1790281,1923983,24,1,11.2,1.5,3.7,0.404,0.1,0.7,0.188,1.4,3,0.452,0.421,0.8,1.2,0.643,1.1,2.1,3.2,0.5,0.3,0.4,0.9,1.8,3.9,268,10.5,0.459,0.18,0.315,10.5,20.9,15.5,7.5,1.5,2.9,17.8,19.9,-0.2,0.3,0.1,0.012,-4.2,0.7,-3.6,-0.1
2014/2015,63065000,68023079.46,507336,Minnesota Timberwolves,18,MIN,Minnesota,West,Northwest,16,66,0.195,97.8,106.5,-8,Zach LaVine,PG,19,2055840,2209374,77,40,24.7,3.7,8.8,0.422,0.7,2.2,0.341,3,6.6,0.449,0.465,1.9,2.3,0.842,0.4,2.4,2.8,3.6,0.7,0.1,2.5,2.1,10.1,1902,11.3,0.515,0.247,0.261,1.6,11.6,6.4,24,1.4,0.4,20.4,22,-0.7,0,-0.7,-0.018,-1.7,-2.7,-4.5,-1.2
2014/2015,63065000,68023079.46,507336,Denver Nuggets,8,DEN,Colorado,West,Northwest,30,52,0.366,101.5,105,-3.07,Ty Lawson,PG,27,11595506,12461484,75,75,35.5,5.4,12.3,0.436,0.9,2.7,0.341,4.5,9.6,0.463,0.474,3.5,4.8,0.73,0.6,2.6,3.1,9.6,1.2,0.1,2.5,1.7,15.2,2665,18.5,0.526,0.221,0.392,1.6,8.1,4.7,43,1.7,0.3,14.6,20.6,6,1,7,0.126,2.7,-2.1,0.5,1.7
2014/2015,63065000,68023079.46,507336,#N/A,#N/A,TOT,#N/A,#N/A,#N/A,#N/A,#N/A,#N/A,#N/A,#N/A,#N/A,Ricky Ledo,SG,22,960566,1032302,17,0,14.4,1.9,5.6,0.333,0.6,1.6,0.37,1.3,4.1,0.319,0.385,0.9,1.3,0.727,0.9,1.2,2.1,1.1,0.4,0.1,1.5,1.2,5.3,244,6.3,0.426,0.281,0.229,7.4,9.7,8.5,13,1.3,0.3,19.7,24.8,-0.6,0,-0.6,-0.112,-4.9,-3,-7.9,-0.4
2014/2015,63065000,68023079.46,507336,Dallas Mavericks,7,DAL,Texas,West,Southwest,50,32,0.61,105.2,102.3,3.36,Ricky Ledo,SG,22,960566,1032302,5,0,2.2,0,1.2,0,0,0.6,0,0,0.6,0,0,0.2,0.4,0.5,0.2,0.2,0.4,0.2,0,0,0.4,0.2,0.2,11,-22.5,0.073,0.5,0.333,9.9,10,10,11.1,0,0,22.5,36,-0.2,0,-0.2,-0.72,-20.6,-5.5,-26.1,-0.1
2014/2015,63065000,68023079.46,507336,New York Knicks,20,NYK,New York,East,Atlantic,17,65,0.207,91.9,101.2,-9.5,Ricky Ledo,SG,22,960566,1032302,12,0,19.4,2.7,7.5,0.356,0.8,2,0.417,1.8,5.5,0.333,0.411,1.3,1.7,0.75,1.3,1.6,2.8,1.5,0.5,0.1,2,1.7,7.4,233,7.6,0.45,0.267,0.222,7.2,9.7,8.4,13.1,1.4,0.4,19.5,24.3,-0.4,0,-0.4,-0.083,-4.1,-2.9,-7.1,-0.3
2014/2015,63065000,68023079.46,507336,Memphis Grizzlies,15,MEM,Tennessee,West,Southwest,55,27,0.671,98.3,95.1,3.62,Courtney Lee,SG,29,5450000,5857018,77,74,30.6,3.7,8.4,0.448,1.2,2.9,0.402,2.6,5.4,0.473,0.518,1.4,1.7,0.86,0.3,2,2.3,2,1,0.2,1,1.7,10.1,2354,11.5,0.555,0.348,0.201,1,7.6,4.3,9.8,1.7,0.4,10,15.2,2.5,2.4,4.8,0.099,0.3,0.2,0.5,1.5
2014/2015,63065000,68023079.46,507336,Golden State Warriors,10,GSW,California,West,Pacific,67,15,0.817,110,99.9,10.01,David Lee,PF,31,15012000,16133130,49,4,18.4,3.3,6.4,0.511,0,0,0,3.3,6.3,0.514,0.511,1.4,2.1,0.654,1.7,3.6,5.2,1.7,0.6,0.5,1,1.7,7.9,904,17.8,0.541,0.006,0.332,10,20.3,15.3,13.7,1.7,2.1,12,19.6,1.6,1.6,3.2,0.168,-0.6,2,1.4,0.8
2014/2015,63065000,68023079.46,507336,Philadelphia 76ers,23,PHI,Pennsylvania,East,Atlantic,18,64,0.22,92,101,-9.04,Malcolm Lee,SG,24,37686,40500,1,0,2,0,1,0,0,0,,0,1,0,0,0,0,,0,0,0,0,0,0,0,0,0,2,-19.7,0,0,0,0,0,0,0,0,0,0,21.8,0,0,0,-0.527,-21.9,-6.7,-28.5,0
2014/2015,63065000,68023079.46,507336,Phoenix Suns,24,PHO,Arizona,West,Pacific,39,43,0.476,102.4,103.3,-0.38,Alex Len,C,21,3649920,3922504,69,44,22,2.6,5.1,0.507,0,0,0.333,2.6,5.1,0.509,0.508,1.1,1.5,0.702,2.1,4.5,6.6,0.5,0.5,1.5,1.1,3.1,6.3,1518,13.5,0.542,0.008,0.295,10.2,22.7,16.4,3.1,1.1,5.3,15.7,13.7,1.2,2.1,3.4,0.107,-3.3,2.3,-1,0.4
2014/2015,63065000,68023079.46,507336,San Antonio Spurs,27,SAS,Texas,West,Southwest,55,27,0.671,103.2,97,6.34,Kawhi Leonard,SF,23,3053368,3281400,64,64,31.8,6.2,12.8,0.479,1,3,0.349,5.1,9.8,0.519,0.52,3.2,3.9,0.802,1.3,5.9,7.2,2.5,2.3,0.8,1.5,2,16.5,2033,22,0.567,0.234,0.307,4.8,20.6,12.9,13,3.7,1.8,9.4,23,4.2,4.4,8.6,0.204,2.6,3.5,6.1,4.1
2014/2015,63065000,68023079.46,507336,Portland Trail Blazers,25,POR,Oregon,West,Northwest,51,31,0.622,102.8,98.6,4.41,Meyers Leonard,C,22,2317920,2491027,55,7,15.4,2.3,4.5,0.51,0.9,2,0.42,1.4,2.4,0.586,0.606,0.5,0.6,0.938,0.8,3.7,4.5,0.6,0.2,0.3,0.7,2.1,5.9,847,14.8,0.631,0.457,0.131,5.9,25.3,15.8,5.8,0.6,1.2,13.1,15.8,1.6,1.2,2.8,0.158,0.1,0,0.2,0.5
2014/2015,63065000,68023079.46,507336,Memphis Grizzlies,15,MEM,Tennessee,West,Southwest,55,27,0.671,98.3,95.1,3.62,Jon Leuer,PF,25,967500,1039755,63,6,13.1,1.9,4.3,0.443,0.1,0.5,0.241,1.8,3.9,0.467,0.456,0.6,0.9,0.627,0.8,2.5,3.3,0.7,0.3,0.1,0.6,1.4,4.5,824,11.9,0.478,0.106,0.216,7,21.7,14.3,8.8,1.1,0.9,10.5,18.6,0.2,1.2,1.3,0.078,-3.1,0,-3.1,-0.2
2014/2015,63065000,68023079.46,507336,Portland Trail Blazers,25,POR,Oregon,West,Northwest,51,31,0.622,102.8,98.6,4.41,Damian Lillard,PG,24,3340920,3590427,82,82,35.7,7.2,16.6,0.434,2.4,7,0.343,4.8,9.6,0.5,0.506,4.2,4.9,0.864,0.6,4,4.6,6.2,1.2,0.3,2.7,2,21,2925,20.7,0.56,0.421,0.293,1.8,11.8,6.9,29,1.7,0.5,12.6,26.9,7.3,3.3,10.6,0.174,5,0,5.1,5.2
2014/2015,63065000,68023079.46,507336,Los Angeles Lakers,14,LAL,California,West,Pacific,21,61,0.256,98.5,105.3,-6.17,Jeremy Lin,PG,26,14898938,16011624,74,30,25.8,3.7,8.8,0.424,0.9,2.4,0.369,2.9,6.5,0.444,0.473,2.9,3.6,0.795,0.4,2.3,2.6,4.6,1.1,0.4,2.2,2.6,11.2,1907,15.6,0.539,0.269,0.41,1.4,10.2,5.7,28.6,2.2,1.4,17.7,21.9,1.8,0.8,2.7,0.068,0.5,-1.3,-0.8,0.6
2014/2015,63065000,68023079.46,507336,Golden State Warriors,10,GSW,California,West,Pacific,67,15,0.817,110,99.9,10.01,Shaun Livingston,PG,29,5305000,5701189,78,2,18.8,2.5,5.1,0.5,0,0,0,2.5,5.1,0.503,0.5,0.8,1.2,0.714,0.6,1.8,2.3,3.3,0.6,0.3,1.3,1.4,5.9,1468,12.9,0.529,0.005,0.23,3.3,10,6.7,24.2,1.6,1,19,15.9,1.5,1.8,3.3,0.107,-2.1,0.4,-1.7,0.1
2014/2015,63065000,68023079.46,507336,Brooklyn Nets,3,BRK,New York,East,Atlantic,38,44,0.463,98,100.9,-3.13,Brook Lopez,C,26,15719000,16892930,72,44,29.2,7,13.7,0.513,0,0.1,0.1,7,13.6,0.517,0.513,3.1,3.8,0.814,3,4.5,7.4,0.7,0.6,1.8,1.4,2.9,17.2,2100,22.7,0.558,0.01,0.278,11.5,17.1,14.3,4.5,1.1,4.8,8.6,26.3,4.7,2.2,7,0.159,0.5,-0.3,0.2,1.1
2014/2015,63065000,68023079.46,507336,Portland Trail Blazers,25,POR,Oregon,West,Northwest,51,31,0.622,102.8,98.6,4.41,Robin Lopez,C,26,5340229,5739049,59,59,27.8,4,7.4,0.535,0,0,0,4,7.4,0.537,0.535,1.7,2.2,0.772,3.2,3.5,6.7,0.9,0.3,1.4,1.2,2.1,9.6,1638,16.2,0.574,0.002,0.291,12.7,13.1,12.9,5.1,0.5,3.7,12.9,15.5,3.2,1.9,5.1,0.15,0.1,2,2.1,1.7
2014/2015,63065000,68023079.46,507336,Cleveland Cavaliers,6,CLE,Ohio,East,Central,53,29,0.646,103.1,98.7,4.08,Kevin Love,PF,26,15719063,16892998,75,75,33.8,5.5,12.7,0.434,1.9,5.2,0.367,3.6,7.5,0.48,0.509,3.4,4.3,0.804,1.9,7.9,9.7,2.2,0.7,0.5,1.6,1.9,16.4,2532,18.8,0.562,0.412,0.337,6.5,26.3,16.6,10.7,1,1.2,10,21.7,5.8,2.9,8.7,0.165,2,-0.1,1.9,2.5
2014/2015,63065000,68023079.46,507336,Toronto Raptors,28,TOR,Ontario,East,Atlantic,49,33,0.598,104,100.9,2.45,Kyle Lowry,PG,28,12000000,12896187,70,70,34.5,6.1,14.9,0.412,1.9,5.6,0.338,4.3,9.3,0.457,0.476,3.6,4.5,0.808,0.8,3.9,4.7,6.8,1.6,0.2,2.5,3,17.8,2414,19.3,0.527,0.375,0.299,2.6,13.1,7.8,32.4,2.3,0.4,12.8,25.4,5.1,2,7.1,0.141,4.2,-0.6,3.6,3.4
2014/2015,63065000,68023079.46,507336,Memphis Grizzlies,15,MEM,Tennessee,West,Southwest,55,27,0.671,98.3,95.1,3.62,Kalin Lucas,PG,25,173008,185928,1,0,6,0,1,0,0,0,,0,1,0,0,0,0,,0,0,0,0,1,0,0,1,0,6,-0.7,0,0,0,0,0,0,0,8.7,0,0,7.6,0,0,0,-0.057,-7.9,6.6,-1.3,0
2014/2015,63065000,68023079.46,507336,Detroit Pistons,9,DET,Michigan,East,Central,32,50,0.39,98.5,99.5,-1.39,John Lucas,PG,32,491968,528709,21,0,13,2,5,0.404,0.4,1.4,0.31,1.6,3.6,0.44,0.447,0.2,0.2,1,0.2,0.6,0.8,2.9,0.4,0,0.8,0.9,4.7,272,13,0.461,0.279,0.048,1.5,5,3.2,36,1.5,0,13.1,19.9,0.2,0.1,0.3,0.058,-1.1,-4.4,-5.5,-0.2
2014/2015,63065000,68023079.46,507336,Atlanta Hawks,1,ATL,Georgia,East,Southeast,60,22,0.732,102.5,97.1,4.75,Shelvin Mack,PG,24,2433333,2615059,55,0,15.1,2.1,5.3,0.401,0.7,2.3,0.315,1.4,3,0.467,0.469,0.5,0.6,0.806,0.1,1.3,1.4,2.8,0.5,0,0.9,0.6,5.4,833,13.2,0.489,0.435,0.106,1.1,9.5,5.4,28.6,1.8,0.2,13.8,19.5,0.5,0.8,1.3,0.075,-0.9,-2.2,-3.1,-0.2
2014/2015,63065000,68023079.46,507336,Indiana Pacers,12,IND,Indiana,East,Central,38,44,0.463,97.3,97,-0.23,Ian Mahinmi,C,28,4000000,4298729,61,6,18.8,1.9,3.5,0.552,0,0,,1.9,3.5,0.552,0.552,0.5,1.7,0.304,1.7,4.1,5.8,0.5,0.5,0.8,1,2.8,4.3,1146,10.8,0.516,0,0.481,10.2,24,17.2,4.4,1.3,3.1,18.7,12.5,0.1,2,2.1,0.09,-3.8,2.6,-1.2,0.2
2014/2015,63065000,68023079.46,507336,Orlando Magic,22,ORL,Florida,East,Southeast,25,57,0.305,95.7,101.4,-5.87,Devyn Marble,SG,22,884879,950963,16,7,13,0.9,2.8,0.318,0.3,1.4,0.182,0.6,1.4,0.455,0.364,0.3,1,0.313,0.3,1.6,1.9,1.1,0.6,0.1,0.6,0.9,2.3,208,5.9,0.362,0.5,0.364,2.7,14.4,8.4,11.5,2.2,0.8,15,13.1,-0.3,0.2,-0.1,-0.031,-4.7,0.2,-4.5,-0.1
2014/2015,63065000,68023079.46,507336,Cleveland Cavaliers,6,CLE,Ohio,East,Central,53,29,0.646,103.1,98.7,4.08,Shawn Marion,SF,36,1448490,1556666,57,24,19.3,2.1,4.7,0.446,0.2,0.8,0.261,1.9,3.9,0.484,0.468,0.5,0.6,0.765,1.1,2.4,3.5,0.9,0.5,0.5,0.6,1,4.8,1101,11,0.489,0.172,0.127,6.8,14.2,10.5,6.9,1.3,1.9,10.5,12.9,0.8,0.9,1.7,0.074,-2,0.7,-1.3,0.2
2014/2015,63065000,68023079.46,507336,Milwaukee Bucks,17,MIL,Wisconsin,East,Central,41,41,0.5,97.8,97.4,-0.09,Kendall Marshall,PG,23,915243,983595,28,3,14.9,1.6,3.6,0.455,0.6,1.6,0.391,1,2,0.509,0.545,0.3,0.3,0.889,0.1,0.9,1,3.1,0.8,0,1.3,0.9,4.2,417,12.4,0.562,0.455,0.089,0.6,7.1,3.8,31.1,2.6,0,25,15.1,0.3,0.5,0.8,0.088,-1.7,-2.4,-4.1,-0.2
2014/2015,63065000,68023079.46,507336,Detroit Pistons,9,DET,Michigan,East,Central,32,50,0.39,98.5,99.5,-1.39,Cartier Martin,SF,30,1145685,1231247,23,0,8.6,0.7,2.3,0.283,0.3,1.4,0.182,0.4,0.9,0.45,0.34,0,0,,0,0.9,0.9,0.5,0.1,0,0.2,0.9,1.6,198,1.6,0.34,0.623,0,0,11.4,5.5,8,0.8,0.4,8.6,13,-0.3,0.1,-0.2,-0.053,-5.5,-1.6,-7.1,-0.3
2014/2015,63065000,68023079.46,507336,Milwaukee Bucks,17,MIL,Wisconsin,East,Central,41,41,0.5,97.8,97.4,-0.09,Kenyon Martin,PF,37,818049,879142,11,0,9.5,0.8,2,0.409,0,0,,0.8,2,0.409,0.409,0.2,0.2,1,0.5,1.2,1.7,0.5,0.5,0.5,0.3,1.2,1.8,104,10,0.437,0,0.091,6.7,14.2,10.5,7,2.5,4.9,11.6,11.2,0,0.2,0.2,0.086,-4.4,3.6,-0.8,0
2014/2015,63065000,68023079.46,507336,Minnesota Timberwolves,18,MIN,Minnesota,West,Northwest,16,66,0.195,97.8,106.5,-8,Kevin Martin,SG,31,6792500,7299779,39,36,33.4,6.8,16,0.427,1.9,4.9,0.393,4.9,11.1,0.442,0.487,4.4,4.9,0.881,0.5,3.2,3.6,2.3,0.8,0,1.9,1.9,20,1302,16.7,0.549,0.306,0.309,1.6,11.1,6.2,12.5,1.3,0.1,9.7,26.6,2,-0.1,1.9,0.069,1.8,-3.9,-2.1,0
2014/2015,63065000,68023079.46,507336,Portland Trail Blazers,25,POR,Oregon,West,Northwest,51,31,0.622,102.8,98.6,4.41,Wesley Matthews,SG,28,7245640,7786760,60,60,33.7,5.6,12.5,0.448,2.9,7.4,0.389,2.7,5.1,0.534,0.563,1.8,2.4,0.752,0.6,3.1,3.7,2.3,1.3,0.2,1.4,2.2,15.9,2024,16.1,0.586,0.592,0.193,2.1,9.5,5.9,10.8,1.9,0.4,9,19.8,4,2.2,6.2,0.147,3.8,0.1,3.9,3
2014/2015,63065000,68023079.46,507336,Charlotte Hornets,4,CHO,North Carolina,East,Southeast,33,49,0.402,94.2,97.3,-3.44,Jason Maxiell,PF,31,1316809,1415151,61,0,14.4,1.3,3.1,0.422,0,0,,1.3,3.1,0.422,0.422,0.7,1.2,0.577,1.4,1.9,3.3,0.3,0.3,0.7,0.5,1.6,3.3,878,10.4,0.455,0,0.37,10.5,15.1,12.7,3.4,1.1,4,11.5,13.1,0.1,1.2,1.4,0.074,-4.5,1.9,-2.6,-0.1
2014/2015,63065000,68023079.46,507336,Milwaukee Bucks,17,MIL,Wisconsin,East,Central,41,41,0.5,97.8,97.4,-0.09,OJ Mayo,SG,27,8000000,8597458,71,15,23.9,4.2,9.9,0.422,1.4,3.9,0.357,2.8,6,0.465,0.493,1.6,2,0.827,0.4,2.2,2.6,2.8,0.8,0.3,1.8,2.3,11.4,1697,13.5,0.529,0.395,0.198,2,10.5,6.3,19.4,1.7,0.9,14.4,23.6,0.9,1.9,2.8,0.079,0,-1.3,-1.3,0.3
2014/2015,63065000,68023079.46,507336,Philadelphia 76ers,23,PHI,Pennsylvania,East,Atlantic,18,64,0.22,92,101,-9.04,Luc Mbah a Moute,PF,28,4382576,4709876,67,61,28.6,3.7,9.5,0.395,0.9,3,0.307,2.8,6.5,0.435,0.443,1.4,2.4,0.589,1.2,3.7,4.9,1.6,1.2,0.3,1.5,1.6,9.9,1916,10.6,0.466,0.318,0.256,4.4,14.6,9.3,9.8,2.1,0.9,12.3,18.3,-0.9,2,1.1,0.027,-3.2,0.1,-3.2,-0.6
2014/2015,63065000,68023079.46,507336,Golden State Warriors,10,GSW,California,West,Pacific,67,15,0.817,110,99.9,10.01,James Michael McAdoo,PF,22,259634,279024,15,0,9.1,1.6,2.9,0.545,0,0,,1.6,2.9,0.545,0.545,0.9,1.7,0.56,1,1.5,2.5,0.1,0.3,0.6,0.4,1.4,4.1,137,17.7,0.564,0,0.568,12.2,16.8,14.6,2.1,1.8,4.9,9.8,19.4,0.2,0.3,0.5,0.177,-2.3,0.5,-1.8,0
2014/2015,63065000,68023079.46,507336,Sacramento Kings,26,SAC,California,West,Pacific,29,53,0.354,101.3,105,-3.07,Ray McCallum,PG,23,816482,877458,68,30,21.1,3,6.9,0.438,0.5,1.6,0.306,2.5,5.3,0.479,0.474,0.8,1.2,0.679,0.8,1.9,2.6,2.8,0.7,0.2,1.3,1.4,7.4,1436,12.5,0.496,0.236,0.179,4.3,9.8,7.1,21.3,1.6,0.6,14.4,18.2,0.8,0.5,1.4,0.045,-0.4,-1.3,-1.7,0.1
2014/2015,63065000,68023079.46,507336,Portland Trail Blazers,25,POR,Oregon,West,Northwest,51,31,0.622,102.8,98.6,4.41,CJ McCollum,SG,23,2421000,2601805,62,3,15.7,2.6,5.9,0.436,0.9,2.2,0.396,1.7,3.6,0.46,0.511,0.8,1.2,0.699,0.2,1.2,1.5,1,0.7,0.1,0.8,1.3,6.8,973,13.1,0.534,0.381,0.2,1.6,8.3,5,10.3,2.3,0.6,10.8,20.5,0.7,1.1,1.8,0.089,-0.4,-0.3,-0.7,0.3
2014/2015,63065000,68023079.46,507336,#N/A,#N/A,TOT,#N/A,#N/A,#N/A,#N/A,#N/A,#N/A,#N/A,#N/A,#N/A,KJ McDaniels,SG,21,507336,545225,62,15,21.8,2.8,7,0.396,0.7,2.4,0.287,2.1,4.6,0.454,0.446,1.6,2.1,0.752,1,2.2,3.2,1.2,0.7,1.1,1.7,2,7.9,1352,10.6,0.494,0.346,0.306,5,11.4,8,9.3,1.6,4.2,17.6,19.3,-0.9,1.5,0.6,0.02,-3.8,1.1,-2.7,-0.2
2014/2015,63065000,68023079.46,507336,Philadelphia 76ers,23,PHI,Pennsylvania,East,Atlantic,18,64,0.22,92,101,-9.04,KJ McDaniels,SG,21,507336,545225,52,15,25.4,3.2,8.1,0.399,0.8,2.8,0.293,2.4,5.2,0.456,0.45,1.9,2.5,0.756,1.2,2.5,3.8,1.3,0.8,1.3,2,2.3,9.2,1319,10.8,0.499,0.351,0.313,5,11.3,8,9.3,1.7,4.2,17.9,19.2,-0.8,1.4,0.6,0.023,-3.7,1.2,-2.5,-0.2
2014/2015,63065000,68023079.46,507336,Houston Rockets,11,HOU,Texas,West,Southwest,56,26,0.683,103.9,100.5,3.82,KJ McDaniels,SG,21,507336,545225,10,0,3.3,0.5,1.5,0.333,0,0.3,0,0.5,1.2,0.417,0.333,0.1,0.2,0.5,0.1,0.4,0.5,0.2,0,0.2,0.1,0.5,1.1,33,4.6,0.346,0.2,0.133,3.4,13.3,8.4,9.9,0,4.7,5.9,22.2,-0.1,0,0,-0.061,-8.4,-1.3,-9.7,-0.1
2014/2015,63065000,68023079.46,507336,Chicago Bulls,5,CHI,Illinois,East,Central,50,32,0.61,100.8,97.8,2.54,Doug McDermott,SF,23,2277960,2448083,36,0,8.9,1.2,3,0.402,0.4,1.1,0.317,0.8,1.8,0.455,0.463,0.3,0.4,0.667,0.2,1,1.2,0.2,0.1,0,0.5,0.8,3,321,6.1,0.48,0.383,0.14,2.1,12.2,7.3,3,0.6,0.2,13,18.3,-0.3,0.2,0,-0.005,-4.8,-3.3,-8,-0.5
2014/2015,63065000,68023079.46,507336,Oklahoma City Thunder,21,OKC,Oklahoma,West,Northwest,45,37,0.549,104,101.8,2.47,Mitch McGary,PF,22,1400040,1504598,32,2,15.2,2.8,5.2,0.533,0,0.1,0,2.8,5.1,0.54,0.533,0.8,1.3,0.625,1.7,3.5,5.2,0.4,0.5,0.5,1,2.3,6.3,485,16.6,0.55,0.012,0.242,11.9,24.4,18.2,4.6,1.7,2.6,14.5,19,0.6,0.7,1.3,0.127,-2.3,-0.1,-2.4,-0.1
2014/2015,63065000,68023079.46,507336,#N/A,#N/A,TOT,#N/A,#N/A,#N/A,#N/A,#N/A,#N/A,#N/A,#N/A,#N/A,JaVale McGee,C,27,11250000,12090175,23,0,11.1,1.8,3.4,0.532,0,0,,1.8,3.4,0.532,0.532,1,1.4,0.667,0.8,1.9,2.7,0.1,0.1,0.9,0.8,1.3,4.6,256,14.4,0.567,0,0.418,7.3,18.9,12.9,2,0.4,6.1,16.1,18.9,0.1,0.3,0.4,0.071,-5.3,-0.3,-5.6,-0.2
2014/2015,63065000,68023079.46,507336,Denver Nuggets,8,DEN,Colorado,West,Northwest,30,52,0.366,101.5,105,-3.07,JaVale McGee,C,27,11250000,12090175,17,0,11.5,2,3.6,0.557,0,0,,2,3.6,0.557,0.557,1.2,1.7,0.69,0.8,2,2.8,0.1,0.1,1.1,0.8,1.6,5.2,195,16.7,0.597,0,0.475,7.5,19.5,13.3,0.8,0.5,7.6,15,19.2,0.2,0.2,0.4,0.109,-4.3,0.3,-4,-0.1
2014/2015,63065000,68023079.46,507336,Philadelphia 76ers,23,PHI,Pennsylvania,East,Atlantic,18,64,0.22,92,101,-9.04,JaVale McGee,C,27,11250000,12090175,6,0,10.2,1.3,3,0.444,0,0,,1.3,3,0.444,0.444,0.3,0.7,0.5,0.7,1.5,2.2,0.3,0,0.2,0.8,0.3,3,61,6.8,0.455,0,0.222,6.8,16.8,11.6,5.8,0,1.3,20.2,17.7,-0.1,0,-0.1,-0.052,-8.5,-2.3,-10.8,-0.1
2014/2015,63065000,68023079.46,507336,Sacramento Kings,26,SAC,California,West,Pacific,29,53,0.354,101.3,105,-3.07,Ben McLemore,SG,21,3026280,3252289,82,82,32.6,4.4,10.1,0.437,1.7,4.8,0.358,2.7,5.4,0.507,0.521,1.6,2,0.813,0.4,2.6,2.9,1.7,0.9,0.2,1.7,2.7,12.1,2670,10.4,0.552,0.471,0.193,1.4,8.6,5.1,8.4,1.5,0.6,13.3,17.2,1.7,0.8,2.5,0.045,0.4,-1.3,-0.8,0.8
2014/2015,63065000,68023079.46,507336,Phoenix Suns,24,PHO,Arizona,West,Pacific,39,43,0.476,102.4,103.3,-0.38,Jerel McNeal,PG,27,59686,64143,6,0,6,0.5,1.8,0.273,0.2,0.3,0.5,0.3,1.5,0.222,0.318,0.3,0.3,1,0,0.5,0.5,0.3,0.5,0.2,0.8,0.8,1.5,36,1.2,0.379,0.182,0.182,0,9.2,4.6,7.8,4.2,2.1,29.6,20.6,-0.2,0.1,-0.1,-0.149,-10.2,1.7,-8.5,-0.1
2014/2015,63065000,68023079.46,507336,Miami Heat,16,MIA,Florida,East,Southeast,37,45,0.451,94.7,97.3,-2.92,Josh McRoberts,PF,27,5305000,5701189,17,4,17.4,1.6,3.1,0.528,0.5,1.1,0.421,1.2,2,0.588,0.604,0.5,0.8,0.615,0.4,2.2,2.6,1.9,0.7,0.2,1.3,2.4,4.2,296,10.2,0.613,0.358,0.245,2.9,15.1,9.1,17.5,2.1,0.9,27.3,12.8,0.1,0.3,0.4,0.07,-1.7,0.6,-1.1,0.1
2014/2015,63065000,68023079.46,507336,Detroit Pistons,9,DET,Michigan,East,Central,32,50,0.39,98.5,99.5,-1.39,Jodie Meeks,SG,27,6000000,6448093,60,0,24.4,3.7,8.9,0.416,1.2,3.5,0.349,2.5,5.4,0.46,0.485,2.4,2.7,0.906,0.2,1.5,1.7,1.3,1,0.1,1,1.3,11.1,1462,14.1,0.548,0.397,0.3,0.9,7.1,3.9,8.8,2.1,0.3,8.6,20.1,2.2,0.9,3.1,0.103,0.7,-1.6,-0.9,0.4
2014/2015,63065000,68023079.46,507336,New Orleans Pelicans,19,NOP,Louisiana,West,Southwest,45,37,0.549,99.4,98.6,1.13,Gal Mekel,PG,26,888524,954880,4,0,10.8,0.8,5,0.15,0,0.8,0,0.8,4.3,0.176,0.15,0,0,,0,0.3,0.3,3.3,0.5,0,0.5,0.3,1.5,43,0.5,0.15,0.15,0,0,2.6,1.3,42.2,2.4,0,9.1,23.3,-0.2,0,-0.2,-0.238,-10.3,-6.3,-16.6,-0.2
2014/2015,63065000,68023079.46,507336,Milwaukee Bucks,17,MIL,Wisconsin,East,Central,41,41,0.5,97.8,97.4,-0.09,Khris Middleton,SF,23,915243,983595,79,58,30.1,5.1,11,0.467,1.4,3.4,0.407,3.8,7.6,0.494,0.53,1.7,2,0.859,0.6,3.8,4.4,2.3,1.5,0.1,1.4,2.3,13.4,2378,15.6,0.563,0.308,0.18,2.3,14.3,8.4,12.7,2.6,0.4,10.8,19.9,3.2,3.5,6.7,0.135,0.9,0.5,1.4,2
2014/2015,63065000,68023079.46,507336,Indiana Pacers,12,IND,Indiana,East,Central,38,44,0.463,97.3,97,-0.23,CJ Miles,SG,27,4205000,4519039,70,40,26.3,4.7,11.8,0.398,2.2,6.4,0.345,2.5,5.4,0.459,0.491,1.9,2.3,0.807,0.3,2.8,3.1,1.1,0.9,0.4,1,1.9,13.5,1841,14.1,0.525,0.539,0.195,1.1,11.7,6.4,7.1,1.7,1.1,7.5,23.9,1.3,2.3,3.6,0.093,1,-1.3,-0.3,0.8
2014/2015,63065000,68023079.46,507336,#N/A,#N/A,TOT,#N/A,#N/A,#N/A,#N/A,#N/A,#N/A,#N/A,#N/A,#N/A,Andre Miller,PG,38,4625000,4970405,81,0,15.5,1.8,3.6,0.5,0.1,0.4,0.206,1.7,3.2,0.539,0.512,0.7,1,0.753,0.5,1.4,1.9,3.5,0.4,0.1,1.3,1.3,4.4,1253,13.3,0.548,0.117,0.266,3.4,10.2,6.9,34.5,1.3,0.4,24.3,15.3,1.4,0.8,2.2,0.084,-1.2,-1.8,-3,-0.3
2014/2015,63065000,68023079.46,507336,Washington Wizards,30,WAS,Washington DC,East,Southeast,46,36,0.561,98.5,97.8,0.17,Andre Miller,PG,38,4625000,4970405,51,0,12.4,1.5,2.8,0.542,0,0.2,0.125,1.5,2.6,0.567,0.546,0.5,0.8,0.718,0.4,1.1,1.5,2.8,0.3,0,0.9,1.1,3.6,631,14.3,0.575,0.056,0.275,3.8,9.8,6.9,34.1,1.1,0.3,22.4,14.8,1,0.6,1.6,0.124,-1.1,-1.6,-2.6,-0.1
2014/2015,63065000,68023079.46,507336,Sacramento Kings,26,SAC,California,West,Pacific,29,53,0.354,101.3,105,-3.07,Andre Miller,PG,38,4625000,4970405,30,0,20.7,2.3,4.9,0.459,0.2,0.9,0.231,2.1,4.1,0.508,0.48,1,1.3,0.789,0.5,2,2.5,4.7,0.6,0.1,1.9,1.6,5.7,622,12.3,0.522,0.176,0.257,3,10.6,6.9,34.9,1.5,0.5,26,15.8,0.3,0.2,0.6,0.043,-1.4,-2,-3.4,-0.2
2014/2015,63065000,68023079.46,507336,New Orleans Pelicans,19,NOP,Louisiana,West,Southwest,45,37,0.549,99.4,98.6,1.13,Darius Miller,SF,24,915243,983595,5,1,8.6,0.2,1.4,0.143,0,0.2,0,0.2,1.2,0.167,0.143,0,0,,0,0.2,0.2,0.4,0.2,0,0.2,1.6,0.4,43,-5.1,0.143,0.143,0,0,2.6,1.3,6.1,1.2,0,12.5,8.5,-0.1,0,-0.1,-0.122,-8.4,-1.5,-9.9,-0.1
2014/2015,63065000,68023079.46,507336,Cleveland Cavaliers,6,CLE,Ohio,East,Central,53,29,0.646,103.1,98.7,4.08,Mike Miller,SF,34,9332000,10028935,52,15,13.5,0.7,2.2,0.325,0.6,1.9,0.327,0.1,0.3,0.313,0.465,0.1,0.1,0.75,0.1,1.7,1.8,0.9,0.3,0.1,0.4,1.4,2.1,701,4.6,0.471,0.86,0.035,0.7,14,7.4,9,1,0.5,16.6,8.9,-0.1,0.5,0.4,0.028,-2.6,-0.3,-3,-0.2
2014/2015,63065000,68023079.46,507336,#N/A,#N/A,TOT,#N/A,#N/A,#N/A,#N/A,#N/A,#N/A,#N/A,#N/A,#N/A,Quincy Miller,PF,22,398393,428145,10,0,11.9,0.9,3.8,0.237,0.3,1.8,0.167,0.6,2,0.3,0.276,0.8,1.1,0.727,0.4,1.6,2,0.8,0.7,0.5,0.5,0.9,2.9,119,7.4,0.338,0.474,0.289,3.7,14.9,9.4,9.8,3,3.3,10.5,17.8,-0.2,0.2,-0.1,-0.03,-5,1.3,-3.7,0
2014/2015,63065000,68023079.46,507336,Sacramento Kings,26,SAC,California,West,Pacific,29,53,0.354,101.3,105,-3.07,Quincy Miller,PF,22,398393,428145,6,0,10.2,0.7,3,0.222,0.2,1.2,0.143,0.5,1.8,0.273,0.25,1.3,1.8,0.727,0.3,1.7,2,0.5,1,0.5,0.5,0.7,2.8,61,11.1,0.372,0.389,0.611,3.9,18,11.2,7.1,5,3.9,11.6,18.7,-0.1,0.1,0,0.01,-4.5,3,-1.5,0
2014/2015,63065000,68023079.46,507336,Detroit Pistons,9,DET,Michigan,East,Central,32,50,0.39,98.5,99.5,-1.39,Quincy Miller,PF,22,398393,428145,4,0,14.5,1.3,5,0.25,0.5,2.8,0.182,0.8,2.3,0.333,0.3,0,0,,0.5,1.5,2,1.3,0.3,0.5,0.5,1.3,3,58,3.6,0.3,0.55,0,3.6,11.7,7.5,12.7,0.9,2.7,9.1,16.8,-0.1,0,-0.1,-0.072,-5.4,-0.5,-6,-0.1
2014/2015,63065000,68023079.46,507336,San Antonio Spurs,27,SAS,Texas,West,Southwest,55,27,0.671,103.2,97,6.34,Patrick Mills,PG,26,3500000,3761387,51,0,15.7,2.5,6.6,0.381,1.2,3.6,0.341,1.3,3,0.429,0.473,0.6,0.8,0.825,0.4,1.1,1.5,1.7,0.5,0,0.7,1.1,6.9,801,13,0.496,0.542,0.119,3,7.5,5.3,16.9,1.8,0.2,9,22.1,0.6,0.9,1.4,0.087,1,-1.8,-0.7,0.3
2014/2015,63065000,68023079.46,507336,Utah Jazz,29,UTA,Utah,West,Northwest,38,44,0.463,95.1,94.9,0.71,Elijah Millsap,SG,27,301417,323927,47,5,19.7,1.7,5.1,0.34,0.6,1.9,0.311,1.1,3.1,0.358,0.399,1.2,1.8,0.674,0.6,2.6,3.2,1.2,1.2,0.3,1.4,2.6,5.3,924,7.9,0.45,0.378,0.361,3.5,15.2,9.4,9.7,3.2,1.4,19.5,17,-1,1.4,0.4,0.02,-3.5,1.9,-1.6,0.1
2014/2015,63065000,68023079.46,507336,Atlanta Hawks,1,ATL,Georgia,East,Southeast,60,22,0.732,102.5,97.1,4.75,Paul Millsap,PF,29,9500000,10209481,73,73,32.7,6.1,12.7,0.476,1.1,3,0.356,5,9.8,0.513,0.518,3.5,4.6,0.757,1.9,5.9,7.8,3.1,1.8,0.9,2.3,2.8,16.7,2390,20,0.565,0.232,0.362,6.9,20,13.6,15.4,2.8,2.4,13.3,23.8,4,4.3,8.3,0.166,1.6,2.6,4.2,3.7
2014/2015,63065000,68023079.46,507336,Chicago Bulls,5,CHI,Illinois,East,Central,50,32,0.61,100.8,97.8,2.54,Nikola Mirotic,PF,23,5305000,5701189,82,3,20.2,3.1,7.6,0.405,1.2,3.8,0.316,1.9,3.8,0.495,0.485,2.8,3.5,0.803,0.8,4.2,4.9,1.2,0.7,0.7,1.1,2.1,10.2,1654,17.9,0.556,0.502,0.455,4.3,21.8,13.3,9.7,1.7,2.4,10.6,22.8,3,2.7,5.7,0.165,1.2,0,1.2,1.3
2014/2015,63065000,68023079.46,507336,Chicago Bulls,5,CHI,Illinois,East,Central,50,32,0.61,100.8,97.8,2.54,Nazr Mohammed,C,37,1448490,1556666,23,0,5.6,0.6,1.3,0.433,0,0,,0.6,1.3,0.433,0.433,0,0.1,0.333,0.5,1.2,1.7,0.1,0.2,0.2,0.3,0.7,1.2,128,8.7,0.431,0,0.1,9.6,22.3,16.1,3.6,1.6,2.8,18.3,13.4,-0.1,0.2,0.1,0.04,-6.1,0.9,-5.3,-0.1
2014/2015,63065000,68023079.46,507336,Detroit Pistons,9,DET,Michigan,East,Central,32,50,0.39,98.5,99.5,-1.39,Greg Monroe,PF,24,5479933,5889186,69,57,31,6.1,12.4,0.496,0,0,,6.1,12.4,0.496,0.496,3.7,4.9,0.75,3.3,6.9,10.2,2.1,1.1,0.5,2.2,2.1,15.9,2137,21.2,0.549,0,0.394,11.2,25.1,17.9,11.7,1.9,1.3,13,23.9,4,2.8,6.8,0.153,0.6,1.3,1.9,2.1
2014/2015,63065000,68023079.46,507336,Chicago Bulls,5,CHI,Illinois,East,Central,50,32,0.61,100.8,97.8,2.54,E'Twaun Moore,SG,25,948163,1018973,56,0,9,1.1,2.5,0.446,0.2,0.7,0.342,0.9,1.8,0.485,0.493,0.2,0.4,0.6,0.2,0.6,0.8,0.6,0.4,0.1,0.3,0.8,2.7,504,10.3,0.504,0.273,0.144,2.7,7.1,5,10.4,2.1,0.9,8.7,14.4,0.3,0.5,0.8,0.08,-1.8,-0.6,-2.5,-0.1
2014/2015,63065000,68023079.46,507336,Sacramento Kings,26,SAC,California,West,Pacific,29,53,0.354,101.3,105,-3.07,Eric Moreland,PF,23,507336,545225,3,0,0.7,0.3,0.3,1,0,0,,0.3,0.3,1,1,0,0,,0,0.3,0.3,0,0,0,0,0.3,0.7,2,40.8,1,0,0,0,54.8,28.4,0,0,0,0,22,0,0,0,0.431,5.8,-10.2,-4.5,0
2014/2015,63065000,68023079.46,507336,Brooklyn Nets,3,BRK,New York,East,Atlantic,38,44,0.463,98,100.9,-3.13,Darius Morris,PG,24,803149,863130,38,0,7.9,0.9,2.8,0.34,0.2,0.9,0.212,0.8,1.9,0.397,0.373,0.1,0.2,0.444,0.2,0.5,0.7,1.3,0.2,0,0.6,0.5,2.2,299,6.7,0.377,0.311,0.085,2.6,7.5,5.1,24.7,1.6,0,16,20,-0.5,0.1,-0.4,-0.068,-4.4,-2.8,-7.2,-0.4
2014/2015,63065000,68023079.46,507336,Phoenix Suns,24,PHO,Arizona,West,Pacific,39,43,0.476,102.4,103.3,-0.38,Marcus Morris,PF,25,3105301,3337211,81,35,25.2,4.1,9.4,0.434,1.4,3.9,0.358,2.7,5.6,0.487,0.507,0.9,1.4,0.628,0.9,3.9,4.8,1.6,0.8,0.2,0.9,2.3,10.4,2045,13.7,0.52,0.41,0.148,3.9,16.9,10.3,10.2,1.5,0.6,8.2,19,2.2,1.8,4,0.093,0.2,-0.6,-0.4,0.8
2014/2015,63065000,68023079.46,507336,Phoenix Suns,24,PHO,Arizona,West,Pacific,39,43,0.476,102.4,103.3,-0.38,Markieff Morris,PF,25,3153860,3389397,82,82,31.5,6.2,13.4,0.465,0.7,2.2,0.318,5.5,11.2,0.494,0.491,2.2,2.8,0.763,1.3,4.8,6.2,2.3,1.2,0.5,2.1,3,15.3,2581,15.8,0.523,0.163,0.211,4.6,17,10.7,12.4,2,1.2,12.4,23.3,1.8,2.7,4.6,0.085,-0.7,0.5,-0.2,1.2
2014/2015,63065000,68023079.46,507336,Oklahoma City Thunder,21,OKC,Oklahoma,West,Northwest,45,37,0.549,104,101.8,2.47,Anthony Morrow,SG,29,3200000,3438983,74,0,24.4,3.9,8.3,0.463,1.9,4.4,0.434,1.9,3.9,0.497,0.578,1.1,1.2,0.888,0.5,2.1,2.6,0.8,0.7,0.1,0.5,1.8,10.7,1806,14.8,0.604,0.528,0.145,2.4,9.1,5.8,5.2,1.5,0.5,5.5,16.5,4.4,1.2,5.7,0.151,2.4,-1.8,0.6,1.2
2014/2015,63065000,68023079.46,507336,Houston Rockets,11,HOU,Texas,West,Southwest,56,26,0.683,103.9,100.5,3.82,Donatas Motiejunas,PF,24,1483920,1594742,71,62,28.7,5,9.9,0.504,0.7,1.9,0.368,4.3,8,0.536,0.539,1.4,2.3,0.602,1.9,4,5.9,1.8,0.8,0.5,1.7,2.9,12,2037,14.4,0.553,0.19,0.237,7.4,15.4,11.4,10.8,1.4,1.3,13.7,19.1,2.4,2.3,4.7,0.11,-0.6,0.5,-0.1,1
2014/2015,63065000,68023079.46,507336,#N/A,#N/A,TOT,#N/A,#N/A,#N/A,#N/A,#N/A,#N/A,#N/A,#N/A,#N/A,Timofey Mozgov,C,28,4650000,4997272,81,80,25.2,3.9,7,0.555,0,0.1,0.333,3.9,6.9,0.557,0.557,1.9,2.7,0.718,2.5,4.8,7.3,0.7,0.4,1.2,1.4,2.8,9.7,2045,16.6,0.594,0.011,0.382,11,21.4,16.1,4.3,0.8,3.7,14.9,16.9,3.5,2.2,5.7,0.133,-1.2,0.8,-0.4,0.8
2014/2015,63065000,68023079.46,507336,Denver Nuggets,8,DEN,Colorado,West,Northwest,30,52,0.366,101.5,105,-3.07,Timofey Mozgov,C,28,4650000,4997272,35,35,25.6,3.3,6.6,0.504,0.1,0.2,0.333,3.3,6.5,0.509,0.509,1.8,2.5,0.733,2.6,5.2,7.8,0.5,0.4,1.2,1.3,3.3,8.5,897,13.8,0.554,0.026,0.371,10.6,22.6,16.4,2.7,0.8,3.6,14.8,15.3,0.9,0.9,1.8,0.096,-2.6,0.8,-1.8,0
2014/2015,63065000,68023079.46,507336,Cleveland Cavaliers,6,CLE,Ohio,East,Central,53,29,0.646,103.1,98.7,4.08,Timofey Mozgov,C,28,4650000,4997272,46,45,25,4.3,7.3,0.59,0,0,,4.3,7.3,0.59,0.59,2,2.8,0.708,2.4,4.5,6.9,0.8,0.4,1.2,1.5,2.5,10.6,1148,18.7,0.621,0,0.389,11.4,20.4,15.9,5.6,0.8,3.9,15,18.1,2.5,1.3,3.9,0.161,-0.2,0.8,0.6,0.8
2014/2015,63065000,68023079.46,507336,Minnesota Timberwolves,18,MIN,Minnesota,West,Northwest,16,66,0.195,97.8,106.5,-8,Shabazz Muhammad,SG,22,1971960,2119230,38,13,22.8,5.1,10.4,0.489,0.5,1.3,0.392,4.6,9.1,0.503,0.514,2.7,3.8,0.717,1.7,2.4,4.1,1.2,0.5,0.2,0.9,1.3,13.5,866,19.9,0.556,0.128,0.365,8.1,12.4,10.2,9.6,1.1,0.6,7.1,25.3,2.1,-0.1,2,0.11,2,-3.8,-1.8,0
2014/2015,63065000,68023079.46,507336,#N/A,#N/A,TOT,#N/A,#N/A,#N/A,#N/A,#N/A,#N/A,#N/A,#N/A,#N/A,Toure Murry,SG-PG,25,1000000,1074682,5,0,3.6,0.4,1,0.4,0,0,,0.4,1,0.4,0.4,0.4,0.4,1,0.2,0,0.2,0.2,0.2,0,0.8,0.4,1.2,18,1.1,0.51,0,0.4,6.4,0,3.1,8.3,2.8,0,40.5,24.9,-0.1,0,-0.1,-0.171,-10,-1.2,-11.2,0
2014/2015,63065000,68023079.46,507336,Utah Jazz,29,UTA,Utah,West,Northwest,38,44,0.463,95.1,94.9,0.71,Toure Murry,PG,25,1000000,1074682,1,0,1,0,1,0,0,0,,0,1,0,0,0,0,,0,0,0,0,0,0,0,0,0,1,-41.7,0,0,0,0,0,0,0,0,0,0,45.8,0,0,0,-1.046,-36.8,-13.2,-50,0
2014/2015,63065000,68023079.46,507336,Washington Wizards,30,WAS,Washington DC,East,Southeast,46,36,0.561,98.5,97.8,0.17,Toure Murry,SG,25,1000000,1074682,4,0,4.3,0.5,1,0.5,0,0,,0.5,1,0.5,0.5,0.5,0.5,1,0.3,0,0.3,0.3,0.3,0,1,0.5,1.5,17,3.6,0.615,0,0.5,6.8,0,3.3,8.8,3,0,45,23.7,-0.1,0,0,-0.12,-8.4,-0.5,-9,0
2014/2015,63065000,68023079.46,507336,Atlanta Hawks,1,ATL,Georgia,East,Southeast,60,22,0.732,102.5,97.1,4.75,Mike Muscala,PF,23,816482,877458,40,8,12.6,2.1,3.8,0.55,0.2,0.6,0.409,1.9,3.2,0.574,0.579,0.6,0.6,0.88,1.3,1.7,3,0.6,0.4,0.5,0.5,1.3,4.9,502,18,0.608,0.146,0.166,12.2,14.8,13.5,8,1.6,3.2,11.5,16.7,1.2,0.7,1.9,0.179,0.8,0.9,1.7,0.5
2014/2015,63065000,68023079.46,507336,Miami Heat,16,MIA,Florida,East,Southeast,37,45,0.451,94.7,97.3,-2.92,Shabazz Napier,PG,23,1238640,1331144,51,10,19.8,1.7,4.5,0.382,0.8,2.3,0.364,0.9,2.2,0.4,0.476,0.9,1.1,0.786,0.3,1.9,2.2,2.5,0.8,0.1,1.6,1.5,5.1,1012,9.3,0.517,0.518,0.246,2.1,11.2,6.7,19.9,2.1,0.3,24.3,15.5,-0.3,0.8,0.5,0.024,-2,-0.6,-2.6,-0.2
2014/2015,63065000,68023079.46,507336,#N/A,#N/A,TOT,#N/A,#N/A,#N/A,#N/A,#N/A,#N/A,#N/A,#N/A,#N/A,Gary Neal,SG,30,3250000,3492717,54,1,22.1,3.5,9.3,0.374,0.9,3,0.305,2.6,6.3,0.407,0.423,2.2,2.5,0.867,0.3,2.1,2.4,1.9,0.4,0,1.2,1.6,10.1,1193,11.1,0.483,0.326,0.268,1.3,11,6,14.5,1,0.1,10.4,23.8,-0.2,0.8,0.6,0.023,-1.7,-2.6,-4.3,-0.7
2014/2015,63065000,68023079.46,507336,Charlotte Hornets,4,CHO,North Carolina,East,Southeast,33,49,0.402,94.2,97.3,-3.44,Gary Neal,SG,30,3250000,3492717,43,0,21.7,3.3,9.3,0.359,0.9,3.1,0.293,2.4,6.2,0.392,0.408,2,2.4,0.863,0.3,1.9,2.2,1.9,0.4,0,1.3,1.6,9.6,931,9.9,0.466,0.334,0.256,1.6,9.7,5.6,14.9,0.9,0.1,11,24.4,-0.6,0.7,0.1,0.006,-2.2,-2.3,-4.6,-0.6
2014/2015,63065000,68023079.46,507336,Minnesota Timberwolves,18,MIN,Minnesota,West,Northwest,16,66,0.195,97.8,106.5,-8,Gary Neal,SG,30,3250000,3492717,11,1,23.8,4.1,9.5,0.429,1,2.8,0.355,3.1,6.7,0.459,0.481,2.6,3,0.879,0,3.2,3.2,1.8,0.6,0,0.9,1.6,11.8,262,15.1,0.544,0.295,0.314,0,15.8,7.6,13.1,1.4,0,7.7,21.8,0.4,0,0.4,0.08,0.1,-3.4,-3.3,-0.1
2014/2015,63065000,68023079.46,507336,#N/A,#N/A,TOT,#N/A,#N/A,#N/A,#N/A,#N/A,#N/A,#N/A,#N/A,#N/A,Jameer Nelson,PG,32,4750000,5104740,63,29,22.3,3.3,8,0.407,1.4,4.1,0.345,1.8,3.9,0.472,0.495,0.4,0.6,0.667,0.5,1.8,2.3,4,0.7,0.1,1.7,2.2,8.3,1407,12.1,0.503,0.512,0.071,2.5,8.9,5.7,27.8,1.7,0.3,17.3,19.5,0.6,0.8,1.4,0.047,0.6,-1.6,-1,0.4
2014/2015,63065000,68023079.46,507336,Dallas Mavericks,7,DAL,Texas,West,Southwest,50,32,0.61,105.2,102.3,3.36,Jameer Nelson,PG,32,4750000,5104740,23,23,25.4,2.7,7.1,0.374,1.7,4.5,0.369,1,2.6,0.383,0.491,0.3,0.3,0.875,0.6,2.1,2.7,4.1,0.7,0.1,1.7,2.3,7.3,584,9.9,0.501,0.632,0.049,2.6,9.2,5.9,22.8,1.3,0.3,19,15.7,0.3,0.3,0.6,0.047,0.2,-1.1,-0.9,0.2
2014/2015,63065000,68023079.46,507336,Boston Celtics,2,BOS,Massachusetts,East,Atlantic,40,42,0.488,101.4,101.2,-0.4,Jameer Nelson,PG,32,4750000,5104740,6,1,20.2,1.5,6.8,0.22,0.8,4.2,0.2,0.7,2.7,0.25,0.28,1,1.5,0.667,0.5,2.3,2.8,5.5,1.2,0,1.5,2.2,4.8,121,8.7,0.323,0.61,0.22,2.7,12.9,7.7,37.4,2.9,0,16.7,19.5,-0.2,0.2,0,-0.015,-2.7,-0.6,-3.3,0
2014/2015,63065000,68023079.46,507336,Denver Nuggets,8,DEN,Colorado,West,Northwest,30,52,0.366,101.5,105,-3.07,Jameer Nelson,PG,32,4750000,5104740,34,5,20.6,4,8.8,0.45,1.4,3.8,0.354,2.6,5,0.524,0.527,0.3,0.6,0.579,0.5,1.5,1.9,3.7,0.7,0.1,1.8,2.1,9.6,702,14.5,0.53,0.433,0.063,2.4,8,5.1,30.3,1.8,0.4,16.5,22.7,0.5,0.3,0.8,0.058,1.6,-2.2,-0.6,0.2
2014/2015,63065000,68023079.46,507336,Orlando Magic,22,ORL,Florida,East,Southeast,25,57,0.305,95.7,101.4,-5.87,Andrew Nicholson,PF,25,1545840,1661286,40,3,12.3,2.1,4.8,0.437,0.3,1,0.317,1.8,3.7,0.47,0.471,0.4,0.6,0.6,0.4,1.6,2.1,0.6,0.2,0.3,0.6,1.3,4.9,492,10.3,0.483,0.216,0.132,3.8,15.2,9.4,7.3,0.6,2,10.7,20.8,-0.2,0.3,0.1,0.007,-4,-2.1,-6.2,-0.5
2014/2015,63065000,68023079.46,507336,Chicago Bulls,5,CHI,Illinois,East,Central,50,32,0.61,100.8,97.8,2.54,Joakim Noah,C,29,12700000,13648465,67,67,30.6,2.8,6.4,0.445,0,0,0,2.8,6.3,0.447,0.445,1.6,2.6,0.603,3.3,6.4,9.6,4.7,0.7,1.1,1.8,3,7.2,2049,15.3,0.482,0.005,0.407,11.9,22.1,17.1,23,1.2,2.6,19.6,13.7,2.4,3.1,5.6,0.13,-0.2,3.6,3.4,2.8
2014/2015,63065000,68023079.46,507336,Philadelphia 76ers,23,PHI,Pennsylvania,East,Atlantic,18,64,0.22,92,101,-9.04,Nerlens Noel,C,20,3315120,3562700,75,71,30.8,4,8.7,0.462,0,0,,4,8.7,0.462,0.462,1.9,3.1,0.609,2.5,5.7,8.1,1.7,1.8,1.9,1.9,2.8,9.9,2311,15,0.493,0,0.352,8.3,21,14.3,9.8,2.9,5,16.2,17,-0.2,4.2,4,0.083,-3.7,4.5,0.8,1.6
2014/2015,63065000,68023079.46,507336,Toronto Raptors,28,TOR,Ontario,East,Atlantic,49,33,0.598,104,100.9,2.45,Lucas Nogueira,C,22,1762680,1894320,6,0,3.8,0.3,1.3,0.25,0,0,,0.3,1.3,0.25,0.25,0.3,0.7,0.5,0.3,1.5,1.8,0.2,0.3,0,0.3,1,1,23,5.2,0.307,0,0.5,10,45.1,27.6,6.2,4.5,0,17,23.1,-0.1,0.1,0,-0.071,-11,0.7,-10.3,0
2014/2015,63065000,68023079.46,507336,#N/A,#N/A,TOT,#N/A,#N/A,#N/A,#N/A,#N/A,#N/A,#N/A,#N/A,#N/A,Steve Novak,SF-PF,31,3445947,3703298,35,0,5.6,0.6,1.6,0.393,0.5,1.4,0.396,0.1,0.2,0.375,0.563,0,0.1,0,0.1,0.6,0.6,0.3,0,0.1,0.1,0.7,1.8,197,8.6,0.554,0.857,0.036,1.1,11.4,6.3,8.6,0,0.8,8.1,14.1,0.2,0.1,0.3,0.075,-0.2,-3.2,-3.4,-0.1
2014/2015,63065000,68023079.46,507336,Utah Jazz,29,UTA,Utah,West,Northwest,38,44,0.463,95.1,94.9,0.71,Steve Novak,SF,31,3445947,3703298,22,0,5,0.7,1.6,0.457,0.7,1.5,0.485,0,0.1,0,0.686,0,0.1,0,0,0.7,0.7,0.3,0,0,0.1,0.6,2.2,109,14.5,0.669,0.943,0.057,1.1,15.8,8.5,9.3,0,0.7,7.7,16.4,0.3,0.1,0.4,0.162,3.3,-3.6,-0.2,0
2014/2015,63065000,68023079.46,507336,Oklahoma City Thunder,21,OKC,Oklahoma,West,Northwest,45,37,0.549,104,101.8,2.47,Steve Novak,PF,31,3445947,3703298,13,0,6.8,0.5,1.6,0.286,0.2,1.2,0.2,0.2,0.5,0.5,0.357,0,0,,0.1,0.4,0.5,0.4,0,0.1,0.2,0.8,1.2,88,1.3,0.357,0.714,0,1.2,6,3.7,7.7,0,0.9,8.7,11.3,-0.1,0,-0.1,-0.032,-4.5,-2.8,-7.3,-0.1
2014/2015,63065000,68023079.46,507336,Dallas Mavericks,7,DAL,Texas,West,Southwest,50,32,0.61,105.2,102.3,3.36,Dirk Nowitzki,PF,36,7974482,8570034,77,77,29.6,6.3,13.8,0.459,1.4,3.6,0.38,5,10.2,0.486,0.508,3.3,3.8,0.882,0.6,5.4,5.9,1.9,0.5,0.4,1.1,2.1,17.3,2282,19.2,0.56,0.258,0.272,2.1,19.9,11,10.4,0.9,1.2,6.5,24.9,5.2,2,7.2,0.152,1.7,-1,0.7,1.5
2014/2015,63065000,68023079.46,507336,Denver Nuggets,8,DEN,Colorado,West,Northwest,30,52,0.366,101.5,105,-3.07,Jusuf Nurkic,C,20,1762680,1894320,62,27,17.8,2.8,6.2,0.446,0,0,0,2.8,6.1,0.449,0.446,1.4,2.1,0.636,2,4.1,6.2,0.8,0.8,1.1,1.4,3.3,6.9,1103,14.8,0.483,0.005,0.345,11.8,26.1,18.7,7.3,2.4,4.8,16.3,20.7,-0.2,1.8,1.6,0.069,-3.7,3.1,-0.6,0.4
2014/2015,63065000,68023079.46,507336,Milwaukee Bucks,17,MIL,Wisconsin,East,Central,41,41,0.5,97.8,97.4,-0.09,Johnny O'Bryant,PF,21,600000,644809,34,15,10.8,1.3,3.5,0.367,0,0,,1.3,3.5,0.367,0.367,0.4,0.8,0.444,0.8,1.1,1.9,0.5,0.1,0.1,0.7,1.3,2.9,368,3.8,0.379,0,0.225,8.2,11.7,10,7.1,0.7,0.9,15.9,19.2,-0.8,0.3,-0.5,-0.063,-7.5,-1.6,-9,-0.7
2014/2015,63065000,68023079.46,507336,Orlando Magic,22,ORL,Florida,East,Southeast,25,57,0.305,95.7,101.4,-5.87,Kyle O'Quinn,PF,24,915243,983595,51,17,16.2,2.3,4.7,0.492,0.2,0.8,0.279,2.1,3.9,0.538,0.517,0.9,1.1,0.772,0.9,3,3.9,1.2,0.6,0.8,1.1,2.2,5.8,824,14.8,0.55,0.178,0.236,6.2,21.4,13.6,11.3,1.9,3.8,17.1,17.7,0.5,1.1,1.6,0.091,-2.1,2,-0.2,0.4
2014/2015,63065000,68023079.46,507336,Orlando Magic,22,ORL,Florida,East,Southeast,25,57,0.305,95.7,101.4,-5.87,Victor Oladipo,SG,22,4978200,5349983,72,71,35.7,6.6,15.1,0.436,1.2,3.4,0.339,5.4,11.6,0.464,0.474,3.6,4.4,0.819,0.7,3.5,4.2,4.1,1.7,0.3,2.8,2.6,17.9,2573,15.9,0.527,0.228,0.295,2.2,11.2,6.6,19.3,2.4,0.6,14.3,25.2,1.5,2,3.5,0.065,0.5,-0.5,0,1.3
2014/2015,63065000,68023079.46,507336,Boston Celtics,2,BOS,Massachusetts,East,Atlantic,40,42,0.488,101.4,101.2,-0.4,Kelly Olynyk,C,23,2075760,2230782,64,13,22.2,3.9,8.3,0.475,1,2.7,0.349,3,5.5,0.538,0.533,1.5,2.1,0.684,1.4,3.3,4.7,1.7,1,0.6,1.5,3.3,10.3,1423,15.9,0.558,0.331,0.258,7,16.5,11.7,12.2,2.3,2.1,14.3,21.1,1.5,2.1,3.6,0.12,0.7,1.4,2.1,1.5
2014/2015,63065000,68023079.46,507336,Minnesota Timberwolves,18,MIN,Minnesota,West,Northwest,16,66,0.195,97.8,106.5,-8,Arinze Onuaku,C,27,48028,51614,6,1,11.3,2,2.3,0.857,0,0,,2,2.3,0.857,0.857,0.5,1.3,0.375,1.2,2.3,3.5,0.7,0.2,0.5,0.3,1,4.5,68,22.8,0.771,0,0.571,11.4,24.3,17.7,10.2,0.7,3.5,10.2,12.7,0.2,0,0.3,0.197,2.5,-0.2,2.3,0.1
2014/2015,63065000,68023079.46,507336,Milwaukee Bucks,17,MIL,Wisconsin,East,Central,41,41,0.5,97.8,97.4,-0.09,Zaza Pachulia,C,30,5200000,5588347,73,45,23.7,3.3,7.2,0.454,0,0,0,3.3,7.2,0.456,0.454,1.7,2.2,0.788,2.7,4.2,6.8,2.4,1.1,0.3,1.8,2.3,8.3,1730,15.6,0.506,0.006,0.302,13.1,19.9,16.5,16.2,2.4,1,18.2,19.1,1.3,2.9,4.2,0.116,-0.9,2.2,1.4,1.5
2014/2015,63065000,68023079.46,507336,Houston Rockets,11,HOU,Texas,West,Southwest,56,26,0.683,103.9,100.5,3.82,Kostas Papanikolaou,SF,24,4797664,5155964,43,1,18.5,1.6,4.6,0.35,0.7,2.5,0.292,0.9,2.1,0.418,0.429,0.3,0.4,0.722,0.9,1.8,2.7,2,0.7,0.3,1.3,1.7,4.2,795,7.8,0.444,0.538,0.091,5.4,10.9,8.2,15.8,1.8,1.3,21.2,14.2,-0.4,0.9,0.5,0.029,-3,0.7,-2.3,-0.1
2014/2015,63065000,68023079.46,507336,Charlotte Hornets,4,CHO,North Carolina,East,Southeast,33,49,0.402,94.2,97.3,-3.44,Jannero Pargo,PG,35,1448490,1556666,9,0,8.1,1.7,3.9,0.429,1,2.4,0.409,0.7,1.4,0.462,0.557,0.2,0.2,1,0,0.3,0.3,0.9,0,0,0.3,0.9,4.6,73,14.9,0.571,0.629,0.057,0,4.6,2.3,20.8,0,0,7.7,24.3,0.1,0,0.2,0.113,3,-6.1,-3.2,0
2014/2015,63065000,68023079.46,507336,Milwaukee Bucks,17,MIL,Wisconsin,East,Central,41,41,0.5,97.8,97.4,-0.09,Jabari Parker,PF,19,4930560,5298785,25,25,29.5,5.2,10.5,0.49,0.2,0.6,0.25,5,9.9,0.506,0.498,1.8,2.6,0.697,2,3.5,5.5,1.7,1.2,0.2,1.9,1.7,12.3,738,14.5,0.527,0.061,0.251,7.8,13.5,10.7,9.5,2.1,0.6,13.9,20.7,0.4,1,1.3,0.088,-1.4,0.2,-1.2,0.1
2014/2015,63065000,68023079.46,507336,San Antonio Spurs,27,SAS,Texas,West,Southwest,55,27,0.671,103.2,97,6.34,Tony Parker,PG,32,12500000,13433528,68,68,28.7,5.9,12.2,0.486,0.6,1.3,0.427,5.4,10.9,0.493,0.508,1.9,2.4,0.783,0.2,1.7,1.9,4.9,0.6,0,2.1,1.6,14.4,1953,15.9,0.539,0.107,0.2,0.9,6.5,3.7,28.7,1.2,0.1,13.9,24.5,2.4,1.7,4.1,0.1,0.2,-2.2,-2,0
2014/2015,63065000,68023079.46,507336,Dallas Mavericks,7,DAL,Texas,West,Southwest,50,32,0.61,105.2,102.3,3.36,Chandler Parsons,SF,26,14700000,15797829,66,66,33.1,5.8,12.6,0.462,2,5.3,0.38,3.8,7.3,0.521,0.542,2.1,2.9,0.72,1,3.9,4.9,2.4,1,0.3,1.5,2.1,15.7,2186,16.3,0.567,0.419,0.233,3.2,13,8.1,11.4,1.6,0.7,9.5,20.6,3.8,1.7,5.5,0.121,2.7,-0.2,2.5,2.5
2014/2015,63065000,68023079.46,507336,Toronto Raptors,28,TOR,Ontario,East,Atlantic,49,33,0.598,104,100.9,2.45,Patrick Patterson,PF,25,5831326,6266822,81,4,26.6,3,6.6,0.449,1.3,3.5,0.371,1.7,3.1,0.536,0.547,0.8,1,0.788,1.6,3.8,5.3,1.9,0.7,0.5,0.7,1.8,8,2156,14.6,0.568,0.529,0.15,6.8,16.3,11.6,10.7,1.4,1.6,8.7,13.1,4.4,1.7,6.1,0.137,2.5,0.7,3.2,2.8
2014/2015,63065000,68023079.46,507336,Los Angeles Clippers,13,LAC,California,West,Pacific,56,26,0.683,106.7,100.1,6.8,Chris Paul,PG,29,20068563,21567329,82,82,34.8,6.9,14.3,0.485,1.7,4.3,0.398,5.2,10,0.523,0.545,3.5,3.9,0.9,0.6,4,4.6,10.2,1.9,0.2,2.3,2.5,19.1,2857,26,0.596,0.298,0.274,2.1,12.5,7.4,47.4,2.8,0.4,12.7,23.7,12.9,3.2,16.1,0.27,7.5,0,7.5,6.9
2014/2015,63065000,68023079.46,507336,#N/A,#N/A,TOT,#N/A,#N/A,#N/A,#N/A,#N/A,#N/A,#N/A,#N/A,#N/A,Adreian Payne,PF,23,1855320,1993879,32,22,23.1,2.8,6.9,0.414,0,0.3,0.111,2.8,6.6,0.427,0.416,0.9,1.4,0.652,1.5,3.6,5.1,0.9,0.6,0.3,1.4,2.8,6.7,739,7.7,0.443,0.041,0.209,7.2,18.2,12.5,6.4,1.3,1,15.5,17,-0.7,0.2,-0.5,-0.033,-4.6,-1.3,-5.9,-0.7
2014/2015,63065000,68023079.46,507336,Atlanta Hawks,1,ATL,Georgia,East,Southeast,60,22,0.732,102.5,97.1,4.75,Adreian Payne,PF,23,1855320,1993879,3,0,6.3,0.7,2.3,0.286,0,0.3,0,0.7,2,0.333,0.286,0.3,0.7,0.5,0.3,1,1.3,0,0.3,0,0,1.3,1.7,19,2.9,0.317,0.143,0.286,6.2,17.5,12,0,2.7,0,0,19,0,0,0,-0.039,-9.4,-4.5,-13.9,-0.1
2014/2015,63065000,68023079.46,507336,Minnesota Timberwolves,18,MIN,Minnesota,West,Northwest,16,66,0.195,97.8,106.5,-8,Adreian Payne,PF,23,1855320,1993879,29,22,24.8,3.1,7.3,0.418,0,0.3,0.125,3,7.1,0.429,0.42,1,1.5,0.659,1.6,3.8,5.4,1,0.6,0.3,1.5,2.9,7.2,720,7.8,0.448,0.038,0.207,7.2,18.2,12.5,6.6,1.3,1,15.9,16.9,-0.6,0.2,-0.5,-0.033,-4.5,-1.2,-5.7,-0.7
2014/2015,63065000,68023079.46,507336,Orlando Magic,22,ORL,Florida,East,Southeast,25,57,0.305,95.7,101.4,-5.87,Elfrid Payton,PG,20,2397840,2576916,82,63,30.4,3.7,8.6,0.425,0.1,0.5,0.262,3.5,8.1,0.435,0.433,1.4,2.6,0.551,1.3,3,4.3,6.5,1.7,0.2,2.5,2.4,8.9,2489,13.8,0.456,0.059,0.302,4.8,11.2,7.9,32.6,2.9,0.7,20.2,18.3,0,2.3,2.3,0.044,-1.5,0.8,-0.7,0.8
2014/2015,63065000,68023079.46,507336,Minnesota Timberwolves,18,MIN,Minnesota,West,Northwest,16,66,0.195,97.8,106.5,-8,Nikola Pekovic,C,29,12100000,13003655,31,29,26.3,4.5,10.6,0.424,0,0,,4.5,10.6,0.424,0.424,3.5,4.2,0.837,2.9,4.7,7.5,0.9,0.6,0.4,1.4,1.9,12.5,815,16.6,0.502,0,0.393,12.1,21,16.4,5.7,1.2,1.2,9.8,23.1,0.9,0.2,1.2,0.069,-1.7,-2.8,-4.5,-0.5
2014/2015,63065000,68023079.46,507336,#N/A,#N/A,TOT,#N/A,#N/A,#N/A,#N/A,#N/A,#N/A,#N/A,#N/A,#N/A,Kendrick Perkins,C,30,9588889,10305008,68,3,16.9,1.5,3.3,0.449,0,0,0,1.5,3.3,0.451,0.449,0.6,1.2,0.506,1.3,3.4,4.7,0.8,0.2,0.6,1.4,2.4,3.6,1148,7,0.467,0.004,0.366,8.7,21.2,15.1,6.3,0.7,2.9,26.5,13.6,-1.2,1.3,0.1,0.006,-5.5,1.3,-4.2,-0.6
2014/2015,63065000,68023079.46,507336,Oklahoma City Thunder,21,OKC,Oklahoma,West,Northwest,45,37,0.549,104,101.8,2.47,Kendrick Perkins,C,30,9588889,10305008,51,3,19.2,1.6,3.6,0.441,0,0,0,1.6,3.6,0.443,0.441,0.7,1.5,0.507,1.6,3.9,5.5,0.8,0.3,0.7,1.5,2.6,4,981,7.4,0.461,0.005,0.403,8.9,21.4,15.2,6.1,0.7,3.1,25.3,12.9,-0.8,1.2,0.3,0.017,-5.2,1.6,-3.6,-0.4
2014/2015,63065000,68023079.46,507336,Cleveland Cavaliers,6,CLE,Ohio,East,Central,53,29,0.646,103.1,98.7,4.08,Kendrick Perkins,C,30,9588889,10305008,17,0,9.8,1.2,2.4,0.488,0,0,,1.2,2.4,0.488,0.488,0.2,0.5,0.5,0.6,1.8,2.4,0.5,0.1,0.2,1.2,1.6,2.6,167,4.7,0.494,0,0.195,7.7,20.3,14.1,7.2,0.6,1.9,32.1,17.7,-0.4,0.2,-0.2,-0.059,-7.4,-0.1,-7.6,-0.2
2014/2015,63065000,68023079.46,507336,Washington Wizards,30,WAS,Washington DC,East,Southeast,46,36,0.561,98.5,97.8,0.17,Paul Pierce,SF,37,5305000,5701189,73,73,26.2,4,9,0.447,1.6,4.2,0.389,2.4,4.8,0.496,0.537,2.2,2.9,0.781,0.6,3.4,4,2,0.6,0.3,1.3,2.2,11.9,1914,15.2,0.58,0.462,0.32,2.7,14.3,8.7,11.9,1.2,1,10.9,19.9,3.2,2.3,5.5,0.138,1.7,-0.2,1.5,1.7
2014/2015,63065000,68023079.46,507336,Brooklyn Nets,3,BRK,New York,East,Atlantic,38,44,0.463,98,100.9,-3.13,Mason Plumlee,C,24,1357080,1458429,82,45,21.3,3.4,6,0.573,0,0,0,3.4,5.9,0.576,0.573,1.9,3.9,0.495,2.1,4.1,6.2,0.9,0.8,0.8,1.3,2.5,8.7,1743,18,0.57,0.006,0.648,11.3,21.6,16.5,7,1.9,2.9,14.4,19.2,2.5,2.3,4.8,0.131,-0.5,1.4,0.8,1.2
2014/2015,63065000,68023079.46,507336,#N/A,#N/A,TOT,#N/A,#N/A,#N/A,#N/A,#N/A,#N/A,#N/A,#N/A,#N/A,Miles Plumlee,C,26,1169880,1257249,73,28,16.4,1.9,3.5,0.535,0,0,,1.9,3.5,0.535,0.535,0.3,0.6,0.478,1.5,2.8,4.4,0.5,0.6,0.9,0.7,1.5,4,1194,13.4,0.536,0,0.181,10.3,19.3,14.8,4.2,1.7,4.3,15.7,12,0.9,1.7,2.6,0.103,-2.8,2.5,-0.2,0.5
2014/2015,63065000,68023079.46,507336,Phoenix Suns,24,PHO,Arizona,West,Pacific,39,43,0.476,102.4,103.3,-0.38,Miles Plumlee,C,26,1169880,1257249,54,28,18.6,2,3.6,0.549,0,0,,2,3.6,0.549,0.549,0.4,0.7,0.5,1.8,3.3,5.1,0.5,0.6,1,0.8,1.8,4.3,1005,13.1,0.55,0,0.195,10.3,19.7,14.9,3.9,1.7,4.2,17.5,11.2,0.8,1.4,2.1,0.102,-2.7,2.7,0,0.5
2014/2015,63065000,68023079.46,507336,Milwaukee Bucks,17,MIL,Wisconsin,East,Central,41,41,0.5,97.8,97.4,-0.09,Miles Plumlee,C,26,1169880,1257249,19,0,9.9,1.5,3.1,0.492,0,0,,1.5,3.1,0.492,0.492,0.2,0.4,0.375,0.9,1.5,2.4,0.4,0.3,0.6,0.3,0.6,3.2,189,15,0.488,0,0.136,10.4,17.4,13.9,6,1.6,4.9,8.8,16.3,0.1,0.3,0.4,0.107,-3.3,1.7,-1.6,0
2014/2015,63065000,68023079.46,507336,#N/A,#N/A,TOT,#N/A,#N/A,#N/A,#N/A,#N/A,#N/A,#N/A,#N/A,#N/A,Quincy Pondexter,SF-SG,26,3146068,3381023,75,30,23.9,2.5,6,0.421,1.2,3.3,0.373,1.3,2.7,0.478,0.522,0.9,1.3,0.74,0.7,1.9,2.6,1.3,0.3,0.3,0.7,2,7.2,1793,9.9,0.55,0.546,0.215,3.4,9,6.2,7.7,0.6,1,9.4,13.8,2.1,0.8,2.9,0.078,0.5,-1.1,-0.7,0.6
2014/2015,63065000,68023079.46,507336,Memphis Grizzlies,15,MEM,Tennessee,West,Southwest,55,27,0.671,98.3,95.1,3.62,Quincy Pondexter,SG,26,3146068,3381023,30,2,18,1.6,4.5,0.356,0.6,2.4,0.233,1,2.1,0.5,0.419,0.7,1,0.7,0.7,1.2,1.9,0.9,0.2,0.2,0.3,1.6,4.5,540,7.1,0.452,0.541,0.222,4.2,7.8,6,7.5,0.5,0.8,6.3,13.4,0.2,0.4,0.6,0.051,-1.4,-1,-2.4,0
2014/2015,63065000,68023079.46,507336,New Orleans Pelicans,19,NOP,Louisiana,West,Southwest,45,37,0.549,99.4,98.6,1.13,Quincy Pondexter,SF,26,3146068,3381023,45,28,27.8,3.1,6.9,0.449,1.6,3.8,0.433,1.5,3.1,0.468,0.567,1.1,1.5,0.758,0.7,2.3,3.1,1.5,0.3,0.4,0.9,2.3,9,1253,11.1,0.592,0.548,0.212,3,9.5,6.3,7.8,0.6,1.2,10.7,13.9,1.9,0.4,2.3,0.089,1.3,-1.2,0,0.6
2014/2015,63065000,68023079.46,507336,Washington Wizards,30,WAS,Washington DC,East,Southeast,46,36,0.561,98.5,97.8,0.17,Otto Porter,SF,21,4470480,4804345,74,13,19.4,2.4,5.3,0.45,0.5,1.4,0.337,1.9,3.9,0.491,0.495,0.8,1.1,0.734,0.9,2,3,0.9,0.6,0.4,0.7,1.3,6,1432,11.6,0.523,0.266,0.202,5.6,11.6,8.7,6.8,1.6,1.7,10.9,15.1,1,1.8,2.7,0.092,-1.4,0.9,-0.4,0.6
2014/2015,63065000,68023079.46,507336,#N/A,#N/A,TOT,#N/A,#N/A,#N/A,#N/A,#N/A,#N/A,#N/A,#N/A,#N/A,Dwight Powell,PF,23,507336,545225,29,0,8.1,1.1,2.3,0.463,0.1,0.4,0.273,1,1.9,0.5,0.485,0.9,1.1,0.758,0.6,1.1,1.7,0.3,0.3,0.2,0.4,1.4,3.1,236,13.8,0.552,0.164,0.493,8.3,14.9,11.6,5.5,1.9,2.1,11.9,17.5,0.3,0.3,0.6,0.122,-1,0.1,-0.9,0.1
2014/2015,63065000,68023079.46,507336,Boston Celtics,2,BOS,Massachusetts,East,Atlantic,40,42,0.488,101.4,101.2,-0.4,Dwight Powell,PF,23,507336,545225,5,0,1.8,0.8,1,0.8,0,0,,0.8,1,0.8,0.8,0.2,0.4,0.5,0,0.2,0.2,0,0.4,0,0.4,0.2,1.8,9,34.9,0.765,0,0.4,0,12.3,6.1,0,11.1,0,25.4,38.3,0,0,0,0.138,-0.5,1.5,1,0
2014/2015,63065000,68023079.46,507336,Dallas Mavericks,7,DAL,Texas,West,Southwest,50,32,0.61,105.2,102.3,3.36,Dwight Powell,PF,23,507336,545225,24,0,9.5,1.1,2.6,0.435,0.1,0.5,0.273,1,2.1,0.471,0.46,1,1.3,0.774,0.8,1.3,2,0.4,0.3,0.3,0.4,1.6,3.4,227,13,0.535,0.177,0.5,8.7,15,11.8,5.7,1.6,2.1,10.6,16.6,0.3,0.2,0.6,0.121,-1.1,0.1,-1,0.1
2014/2015,63065000,68023079.46,507336,Boston Celtics,2,BOS,Massachusetts,East,Atlantic,40,42,0.488,101.4,101.2,-0.4,Phil Pressey,PG,23,816482,877458,50,0,12,1.3,3.5,0.368,0.3,1.3,0.246,1,2.2,0.44,0.414,0.7,1,0.673,0.3,1.3,1.6,2.3,0.6,0.1,0.8,1.1,3.5,600,11.8,0.453,0.374,0.282,2.3,12.4,7.3,28,2.5,0.8,17.3,17.3,0,0.7,0.8,0.06,-2.3,0,-2.2,0
2014/2015,63065000,68023079.46,507336,#N/A,#N/A,TOT,#N/A,#N/A,#N/A,#N/A,#N/A,#N/A,#N/A,#N/A,#N/A,AJ Price,PG,28,493917,530802,26,0,12.5,2,5.3,0.372,0.6,2.2,0.263,1.4,3.1,0.45,0.427,0.6,0.9,0.667,0.2,1,1.2,1.8,0.3,0,0.5,0.6,5.1,324,12,0.451,0.416,0.175,2.1,8.9,5.6,23.5,1.1,0,8.7,22.5,0,0.2,0.3,0.041,-0.7,-3.1,-3.7,-0.1
2014/2015,63065000,68023079.46,507336,Indiana Pacers,12,IND,Indiana,East,Central,38,44,0.463,97.3,97,-0.23,AJ Price,PG,28,493917,530802,10,0,19.3,3.9,8.9,0.438,1.5,3.9,0.385,2.4,5,0.48,0.522,1.2,1.8,0.667,0.2,1.2,1.4,2.7,0.4,0,1,0.9,10.5,193,17.1,0.542,0.438,0.202,1.2,6.8,4,25.3,1.1,0,9.4,25.1,0.3,0.2,0.5,0.123,2.7,-3.6,-0.8,0.1
2014/2015,63065000,68023079.46,507336,Cleveland Cavaliers,6,CLE,Ohio,East,Central,53,29,0.646,103.1,98.7,4.08,AJ Price,PG,28,493917,530802,11,0,7.9,0.8,3.1,0.265,0,1,0,0.8,2.1,0.391,0.265,0.4,0.5,0.667,0.4,1,1.4,1.2,0.3,0,0.3,0.1,2,87,7.7,0.3,0.324,0.176,5.4,14.3,9.9,22.1,1.8,0,7.6,20.6,-0.2,0.1,-0.1,-0.051,-4.6,-1.5,-6.1,-0.1
2014/2015,63065000,68023079.46,507336,Phoenix Suns,24,PHO,Arizona,West,Pacific,39,43,0.476,102.4,103.3,-0.38,AJ Price,PG,28,493917,530802,5,0,8.8,0.6,2.8,0.214,0,1.4,0,0.6,1.4,0.429,0.214,0,0,,0,0.6,0.6,1.2,0,0,0.2,1,1.2,44,-1.6,0.214,0.5,0,0,7.5,3.7,18.7,0,0,6.7,15,-0.1,0,-0.1,-0.14,-7.7,-4.1,-11.8,-0.1
2014/2015,63065000,68023079.46,507336,Los Angeles Lakers,14,LAL,California,West,Pacific,21,61,0.256,98.5,105.3,-6.17,Ronnie Price,PG,31,1316809,1415151,43,20,22.8,1.8,5.2,0.345,0.7,2.5,0.284,1.1,2.7,0.404,0.415,0.8,1,0.8,0.4,1.2,1.6,3.8,1.6,0.1,1.2,2.7,5.1,982,10.2,0.455,0.489,0.202,2.1,5.8,3.9,24.4,3.5,0.3,17.6,13.4,0.2,0.6,0.7,0.036,-1,-1,-2,0
2014/2015,63065000,68023079.46,507336,#N/A,#N/A,TOT,#N/A,#N/A,#N/A,#N/A,#N/A,#N/A,#N/A,#N/A,#N/A,Pablo Prigioni,PG,37,1662961,1787154,67,3,17.9,1.4,3.4,0.399,0.9,2.5,0.343,0.5,0.9,0.548,0.524,0.5,0.6,0.854,0.4,1.3,1.8,2.6,1.2,0,0.9,1.3,4.1,1197,12.2,0.557,0.728,0.18,2.8,8.6,5.7,21.5,3.4,0.1,20.1,11.6,1.3,1,2.3,0.092,0,-0.5,-0.5,0.5
2014/2015,63065000,68023079.46,507336,New York Knicks,20,NYK,New York,East,Atlantic,17,65,0.207,91.9,101.2,-9.5,Pablo Prigioni,PG,37,1662961,1787154,43,3,18.5,1.6,3.7,0.422,1,2.7,0.374,0.6,1.1,0.543,0.556,0.5,0.6,0.846,0.4,1.4,1.9,2.4,1.2,0,1.1,1.2,4.7,795,12.7,0.583,0.714,0.161,2.5,9.3,5.8,20.4,3.4,0.1,21.4,12.7,0.7,0.5,1.2,0.075,0.2,-0.8,-0.5,0.3
2014/2015,63065000,68023079.46,507336,Houston Rockets,11,HOU,Texas,West,Southwest,56,26,0.683,103.9,100.5,3.82,Pablo Prigioni,PG,37,1662961,1787154,24,0,16.8,1,2.8,0.343,0.6,2.1,0.275,0.4,0.7,0.563,0.448,0.5,0.6,0.867,0.5,1.1,1.6,2.8,1.1,0,0.6,1.5,3,402,11.4,0.496,0.761,0.224,3.3,7.4,5.4,23.5,3.3,0,16.9,9.6,0.6,0.5,1.1,0.127,-0.5,0.1,-0.4,0.2
2014/2015,63065000,68023079.46,507336,#N/A,#N/A,TOT,#N/A,#N/A,#N/A,#N/A,#N/A,#N/A,#N/A,#N/A,#N/A,Tayshaun Prince,SF,34,7707865,8283505,58,16,24.1,3.1,6.9,0.44,0.5,1.2,0.463,2.5,5.8,0.436,0.479,0.8,1.1,0.754,0.9,2.7,3.6,1.6,0.5,0.3,0.6,0.9,7.5,1397,12,0.504,0.167,0.162,4.1,12.8,8.3,10.3,1.1,0.9,7.5,15,1.3,1.2,2.5,0.086,-1.5,0.1,-1.3,0.2
2014/2015,63065000,68023079.46,507336,Memphis Grizzlies,15,MEM,Tennessee,West,Southwest,55,27,0.671,98.3,95.1,3.62,Tayshaun Prince,SF,34,7707865,8283505,26,9,24.2,2.9,7,0.41,0.6,1.3,0.455,2.3,5.8,0.4,0.451,1,1.2,0.833,0.8,2.4,3.2,1.4,0.3,0.2,0.6,0.8,7.3,628,10.6,0.484,0.18,0.164,3.8,11.2,7.5,8.9,0.7,0.8,7.1,15.4,0.4,0.6,1,0.073,-1.8,-0.2,-2,0
2014/2015,63065000,68023079.46,507336,Boston Celtics,2,BOS,Massachusetts,East,Atlantic,40,42,0.488,101.4,101.2,-0.4,Tayshaun Prince,SF,34,7707865,8283505,9,0,22,3.7,6.6,0.559,0.6,0.9,0.625,3.1,5.7,0.549,0.602,0.6,0.7,0.833,0.7,2.7,3.3,2,0.6,0.2,0.4,0.8,8.4,198,16.9,0.616,0.136,0.102,3.3,13.5,8.3,14.3,1.3,0.8,6.1,14.5,0.5,0.2,0.7,0.165,0.7,-0.1,0.6,0.1
2014/2015,63065000,68023079.46,507336,Detroit Pistons,9,DET,Michigan,East,Central,32,50,0.39,98.5,99.5,-1.39,Tayshaun Prince,SF,34,7707865,8283505,23,7,24.8,3,7,0.431,0.5,1.1,0.423,2.5,5.8,0.433,0.466,0.8,1.3,0.655,1.1,3.1,4.2,1.7,0.7,0.3,0.7,1.1,7.3,571,11.8,0.486,0.163,0.181,4.6,14.3,9.2,10.3,1.4,1.1,8.5,14.7,0.4,0.4,0.9,0.072,-1.8,0.5,-1.3,0.1
2014/2015,63065000,68023079.46,507336,Minnesota Timberwolves,18,MIN,Minnesota,West,Northwest,16,66,0.195,97.8,106.5,-8,Miroslav Raduljica,C,27,1596056,1715252,5,0,4.6,0.6,1.6,0.375,0,0,,0.6,1.6,0.375,0.375,0.4,0.4,1,0.4,0.6,1,0,0.2,0,0.4,1.6,1.6,23,3.3,0.45,0,0.25,9.7,15.4,12.4,0,2.2,0,18.4,20.9,0,0,0,-0.057,-8.2,-6.2,-14.4,-0.1
2014/2015,63065000,68023079.46,507336,Los Angeles Lakers,14,LAL,California,West,Pacific,21,61,0.256,98.5,105.3,-6.17,Julius Randle,PF,20,2997360,3221209,1,0,14,1,3,0.333,0,0,,1,3,0.333,0.333,0,2,0,0,0,0,0,0,0,1,1,2,14,-7.5,0.258,0,0.667,0,0,0,0,0,0,20.5,15.5,-0.1,0,-0.1,-0.276,-12.3,-4.5,-16.8,-0.1
2014/2015,63065000,68023079.46,507336,#N/A,#N/A,TOT,#N/A,#N/A,#N/A,#N/A,#N/A,#N/A,#N/A,#N/A,#N/A,Shavlik Randolph,PF,31,1227985,1319693,21,0,6,0.4,1.7,0.257,0,0.2,0,0.4,1.4,0.3,0.257,0.3,0.6,0.5,0.8,1,1.8,0.2,0.2,0.1,0.1,0.8,1.1,126,7.2,0.298,0.143,0.343,13.8,19.3,16.5,4.4,2,1.8,6.9,15.1,-0.2,0.2,0,-0.004,-5.8,0,-5.8,-0.1
2014/2015,63065000,68023079.46,507336,Phoenix Suns,24,PHO,Arizona,West,Pacific,39,43,0.476,102.4,103.3,-0.38,Shavlik Randolph,PF,31,1227985,1319693,16,0,6.3,0.4,1.6,0.24,0,0.3,0,0.4,1.3,0.286,0.24,0.3,0.6,0.5,0.8,0.9,1.6,0.2,0.3,0.1,0.1,0.8,1.1,101,6.1,0.289,0.16,0.4,12.9,15.3,14.1,4,2,1.5,6.4,13.7,-0.1,0.1,0,-0.008,-5.4,-0.1,-5.5,-0.1
2014/2015,63065000,68023079.46,507336,Boston Celtics,2,BOS,Massachusetts,East,Atlantic,40,42,0.488,101.4,101.2,-0.4,Shavlik Randolph,PF,31,1227985,1319693,5,0,5,0.6,2,0.3,0,0.2,0,0.6,1.8,0.333,0.3,0.2,0.4,0.5,0.8,1.6,2.4,0.2,0.2,0.2,0.2,0.6,1.4,25,11.4,0.322,0.1,0.2,17.3,35.6,26.3,5.9,2,3.1,8.4,20.8,0,0.1,0,0.012,-7.4,0.4,-7,0
2014/2015,63065000,68023079.46,507336,Memphis Grizzlies,15,MEM,Tennessee,West,Southwest,55,27,0.671,98.3,95.1,3.62,Zach Randolph,PF,33,16500000,17732257,71,71,32.5,6.4,13.1,0.487,0.1,0.3,0.35,6.3,12.8,0.49,0.491,3.2,4.2,0.765,3.2,7.4,10.5,2.2,1,0.2,2.2,2.5,16.1,2304,19.5,0.538,0.021,0.32,11.2,25.8,18.5,11.4,1.6,0.5,12.8,24.3,3.4,3.8,7.2,0.149,0.4,1.1,1.5,2
2014/2015,63065000,68023079.46,507336,Los Angeles Clippers,13,LAC,California,West,Pacific,56,26,0.683,106.7,100.1,6.8,JJ Redick,SG,30,6792500,7299779,78,78,30.9,5.7,12,0.477,2.6,5.9,0.437,3.2,6.2,0.515,0.583,2.3,2.6,0.901,0.3,1.9,2.1,1.8,0.5,0.1,1.2,1.7,16.4,2409,16.2,0.622,0.488,0.216,1,6.6,3.9,9,0.8,0.3,8.5,21,5.8,0.9,6.7,0.134,3.4,-2.7,0.7,1.6
2014/2015,63065000,68023079.46,507336,Washington Wizards,30,WAS,Washington DC,East,Southeast,46,36,0.561,98.5,97.8,0.17,Glen Rice Jr,SG,24,470677,505828,5,0,8.6,0.6,3,0.2,0.2,1.4,0.143,0.4,1.6,0.25,0.233,0.8,1.2,0.667,0.4,0.4,0.8,0.4,0,0,0.4,2.2,2.2,43,-3.6,0.312,0.467,0.4,5.4,5.1,5.2,6.5,0,0,10.2,20.7,-0.1,0,-0.1,-0.121,-7,-4.1,-11.1,-0.1
2014/2015,63065000,68023079.46,507336,Philadelphia 76ers,23,PHI,Pennsylvania,East,Atlantic,18,64,0.22,92,101,-9.04,Jason Richardson,SG,34,6601125,7094112,19,15,21.9,3.3,9.4,0.348,1.6,5.1,0.323,1.6,4.3,0.378,0.435,0.9,1.2,0.773,0.7,2.8,3.5,2,0.7,0.2,0.8,1.5,9.1,416,11.7,0.458,0.539,0.124,3.2,14.5,8.6,16.6,1.6,0.6,7.9,21.3,0,0.4,0.4,0.045,-1,-1.8,-2.8,-0.1
2014/2015,63065000,68023079.46,507336,Orlando Magic,22,ORL,Florida,East,Southeast,25,57,0.305,95.7,101.4,-5.87,Luke Ridnour,PG,33,2750000,2955376,47,0,14.5,1.6,3.7,0.426,0.4,1.3,0.317,1.2,2.4,0.487,0.483,0.4,0.4,0.857,0.2,1.3,1.4,2,0.4,0.1,0.8,1.4,4,683,10,0.507,0.358,0.119,1.3,10.1,5.6,21,1.5,0.5,17,14.8,0.3,0.3,0.6,0.042,-2.3,-1.7,-4,-0.3
2014/2015,63065000,68023079.46,507336,#N/A,#N/A,TOT,#N/A,#N/A,#N/A,#N/A,#N/A,#N/A,#N/A,#N/A,#N/A,Austin Rivers,PG-SG,22,2439840,2622052,76,5,20.6,2.7,6.5,0.409,0.5,1.7,0.298,2.2,4.8,0.449,0.449,1.1,1.7,0.675,0.4,1.6,2,2,0.6,0.2,0.9,1.9,7,1563,10.3,0.481,0.264,0.254,2,8.9,5.5,14.7,1.6,0.7,10.5,17.9,0.5,1,1.5,0.046,-1.7,-1.2,-2.9,-0.4
2014/2015,63065000,68023079.46,507336,New Orleans Pelicans,19,NOP,Louisiana,West,Southwest,45,37,0.549,99.4,98.6,1.13,Austin Rivers,SG,22,2439840,2622052,35,3,22.1,2.5,6.3,0.387,0.4,1.4,0.28,2.1,4.9,0.419,0.419,1.5,2,0.746,0.3,1.6,1.9,2.5,0.5,0.2,0.9,1.9,6.8,772,10.1,0.472,0.225,0.32,1.8,8.2,5,16.7,1.2,0.7,10.6,16.7,0.4,0.3,0.7,0.046,-1.7,-1.7,-3.4,-0.3
2014/2015,63065000,68023079.46,507336,Los Angeles Clippers,13,LAC,California,West,Pacific,56,26,0.683,106.7,100.1,6.8,Austin Rivers,PG,22,2439840,2622052,41,2,19.3,2.9,6.7,0.427,0.6,2,0.309,2.2,4.7,0.477,0.473,0.8,1.3,0.582,0.4,1.7,2,1.7,0.7,0.2,0.9,2,7.1,791,10.6,0.488,0.296,0.201,2.2,9.6,6,12.8,1.9,0.7,10.5,19,0.1,0.7,0.8,0.046,-1.7,-0.7,-2.4,-0.1
2014/2015,63065000,68023079.46,507336,Oklahoma City Thunder,21,OKC,Oklahoma,West,Northwest,45,37,0.549,104,101.8,2.47,Andre Roberson,SG,23,1160880,1247577,67,65,19.2,1.4,3,0.458,0.3,1.3,0.247,1.1,1.7,0.612,0.51,0.3,0.7,0.479,0.9,2.9,3.8,1,0.8,0.4,0.7,2.1,3.4,1286,9.1,0.513,0.423,0.239,5.1,16,10.6,7.4,2.1,1.8,17.2,9,0.5,1.6,2.1,0.079,-1.8,2.1,0.3,0.7
2014/2015,63065000,68023079.46,507336,Charlotte Hornets,4,CHO,North Carolina,East,Southeast,33,49,0.402,94.2,97.3,-3.44,Brian Roberts,PG,29,2732000,2936032,72,10,18.5,2.4,6.3,0.389,0.9,2.7,0.321,1.6,3.6,0.44,0.458,0.9,1,0.892,0.2,1.3,1.5,2.3,0.5,0.1,0.8,1,6.7,1330,11.7,0.495,0.427,0.164,1,8.2,4.5,20.3,1.3,0.4,10.5,18.6,0.6,1.2,1.8,0.064,-0.8,-1.7,-2.5,-0.2
2014/2015,63065000,68023079.46,507336,#N/A,#N/A,TOT,#N/A,#N/A,#N/A,#N/A,#N/A,#N/A,#N/A,#N/A,#N/A,Glenn Robinson III,SG-SF,21,507336,545224,35,1,7.5,0.7,1.9,0.388,0.1,0.5,0.263,0.6,1.4,0.438,0.425,0.5,0.7,0.667,0.4,0.7,1.1,0.3,0.2,0,0.3,0.4,2.1,261,8.5,0.471,0.284,0.358,6.1,10.6,8.3,7,1.2,0.3,12.4,14.9,0,0.1,0.1,0.012,-3.9,-2.4,-6.3,-0.3
2014/2015,63065000,68023079.46,507336,Minnesota Timberwolves,18,MIN,Minnesota,West,Northwest,16,66,0.195,97.8,106.5,-8,Glenn Robinson III,SG,21,507336,545224,25,0,4.3,0.3,1,0.333,0,0.2,0.167,0.3,0.7,0.389,0.354,0.5,0.6,0.75,0.2,0.4,0.6,0.1,0.1,0,0.1,0.2,1.2,108,8.2,0.467,0.25,0.667,4.1,10.9,7.4,4.1,1.4,0,8.8,13.9,0,0,0,0.009,-3.8,-3.3,-7.1,-0.1
2014/2015,63065000,68023079.46,507336,Philadelphia 76ers,23,PHI,Pennsylvania,East,Atlantic,18,64,0.22,92,101,-9.04,Glenn Robinson III,SF,21,507336,545224,10,1,15.3,1.8,4.3,0.419,0.4,1.3,0.308,1.4,3,0.467,0.465,0.4,0.8,0.5,1.1,1.4,2.5,0.8,0.3,0.1,0.8,1,4.4,153,8.6,0.473,0.302,0.186,7.4,10.4,8.9,9,1,0.5,14.7,15.5,0,0.1,0,0.013,-4,-1.7,-5.8,-0.1
2014/2015,63065000,68023079.46,507336,#N/A,#N/A,TOT,#N/A,#N/A,#N/A,#N/A,#N/A,#N/A,#N/A,#N/A,#N/A,Nate Robinson,PG,30,2106720,2264054,42,1,14.1,2.1,6.1,0.345,0.7,2.7,0.277,1.4,3.4,0.399,0.406,0.7,1.1,0.674,0.4,0.8,1.2,2.3,0.5,0.1,0.7,1.8,5.7,591,10.6,0.432,0.439,0.18,3.1,6.2,4.6,25.7,1.7,0.4,9.8,22.5,0,0.2,0.3,0.021,-0.4,-2.8,-3.3,-0.2
2014/2015,63065000,68023079.46,507336,Denver Nuggets,8,DEN,Colorado,West,Northwest,30,52,0.366,101.5,105,-3.07,Nate Robinson,PG,30,2106720,2264054,33,1,14.1,2.2,6.2,0.348,0.7,2.8,0.261,1.4,3.4,0.42,0.407,0.8,1.2,0.65,0.4,0.8,1.2,2.3,0.4,0.1,0.7,2.1,5.8,465,10.6,0.433,0.451,0.196,3.1,6,4.5,26.4,1.5,0.5,9,22.6,0.1,0.1,0.2,0.024,0,-3,-3,-0.1
2014/2015,63065000,68023079.46,507336,Los Angeles Clippers,13,LAC,California,West,Pacific,56,26,0.683,106.7,100.1,6.8,Nate Robinson,PG,30,2106720,2264054,9,0,14,1.9,5.7,0.333,0.8,2.2,0.35,1.1,3.4,0.323,0.402,0.6,0.7,0.833,0.3,0.9,1.2,2.2,0.7,0,0.9,0.9,5.1,126,10.4,0.429,0.392,0.118,2.7,7,4.9,23.2,2.4,0,13,22.1,-0.1,0.1,0,0.012,-2.1,-2.2,-4.3,-0.1
2014/2015,63065000,68023079.46,507336,#N/A,#N/A,TOT,#N/A,#N/A,#N/A,#N/A,#N/A,#N/A,#N/A,#N/A,#N/A,Thomas Robinson,PF,23,3678360,3953067,54,4,14.8,2.3,4.8,0.485,0,0,0,2.3,4.8,0.488,0.485,1,2,0.528,1.8,3.9,5.6,0.6,0.6,0.4,1.1,1.9,5.7,798,15.3,0.502,0.008,0.408,12.6,28.6,20.5,7.6,2,1.9,16.1,20.2,0,1.4,1.5,0.089,-3.8,1.1,-2.7,-0.1
2014/2015,63065000,68023079.46,507336,Portland Trail Blazers,25,POR,Oregon,West,Northwest,51,31,0.622,102.8,98.6,4.41,Thomas Robinson,PF,23,3678360,3953067,32,4,12.2,1.5,2.8,0.516,0,0,,1.5,2.8,0.516,0.516,0.7,1.5,0.438,1,3.1,4.2,0.3,0.5,0.3,1,1.7,3.6,391,11,0.513,0,0.527,9.2,26.8,18.2,3.4,2.1,2,22.7,16.6,-0.3,0.8,0.5,0.059,-5.5,1.8,-3.8,-0.2
2014/2015,63065000,68023079.46,507336,Philadelphia 76ers,23,PHI,Pennsylvania,East,Atlantic,18,64,0.22,92,101,-9.04,Thomas Robinson,PF,23,3678360,3953067,22,0,18.5,3.6,7.7,0.467,0,0.1,0,3.6,7.6,0.473,0.467,1.6,2.6,0.603,2.8,4.9,7.7,1.1,0.7,0.4,1.2,2.3,8.8,407,19.3,0.496,0.012,0.343,15.8,30.2,22.6,11.7,2,1.8,11.8,23.6,0.3,0.7,1,0.118,-2.1,0.5,-1.6,0
2014/2015,63065000,68023079.46,507336,#N/A,#N/A,TOT,#N/A,#N/A,#N/A,#N/A,#N/A,#N/A,#N/A,#N/A,#N/A,Rajon Rondo,PG,28,12909090,13873170,68,68,29.7,4,9.5,0.426,0.4,1.3,0.314,3.6,8.2,0.444,0.447,0.5,1.1,0.397,1.1,4.4,5.5,7.9,1.3,0.1,3.1,2.3,8.9,2018,13.5,0.448,0.133,0.121,3.9,16.4,10.1,39.3,2.3,0.3,23.6,19.5,-0.7,2.3,1.6,0.037,-1.6,1.1,-0.5,0.8
2014/2015,63065000,68023079.46,507336,Boston Celtics,2,BOS,Massachusetts,East,Atlantic,40,42,0.488,101.4,101.2,-0.4,Rajon Rondo,PG,28,12909090,13873170,22,22,31.8,3.7,9.1,0.405,0.4,1.5,0.25,3.3,7.6,0.435,0.425,0.5,1.6,0.333,1.1,6.4,7.5,10.8,1.7,0.1,3.4,1.9,8.3,699,15.4,0.422,0.16,0.18,3.9,22.3,12.9,49.3,2.7,0.3,25.8,18.2,-0.2,1.1,0.9,0.064,-1.6,2.1,0.4,0.4
2014/2015,63065000,68023079.46,507336,Dallas Mavericks,7,DAL,Texas,West,Southwest,50,32,0.61,105.2,102.3,3.36,Rajon Rondo,PG,28,12909090,13873170,46,46,28.7,4.2,9.7,0.436,0.4,1.2,0.352,3.8,8.5,0.448,0.457,0.4,0.9,0.452,1,3.5,4.5,6.5,1.2,0.1,2.9,2.4,9.3,1319,12.4,0.46,0.121,0.094,4,13.3,8.6,34,2.1,0.2,22.6,20.3,-0.5,1.2,0.6,0.023,-1.5,0.5,-1,0.3
2014/2015,63065000,68023079.46,507336,Chicago Bulls,5,CHI,Illinois,East,Central,50,32,0.61,100.8,97.8,2.54,Derrick Rose,PG,26,18862876,20271598,51,51,30,6.6,16.4,0.405,1.5,5.3,0.28,5.1,11.1,0.465,0.45,3,3.7,0.813,0.7,2.5,3.2,4.9,0.7,0.3,3.2,1.2,17.7,1530,15.9,0.493,0.325,0.224,2.6,8.7,5.7,30.7,1.2,0.8,14.9,31.7,0,1.2,1.2,0.038,1.1,-2.3,-1.3,0.3
2014/2015,63065000,68023079.46,507336,Toronto Raptors,28,TOR,Ontario,East,Atlantic,49,33,0.598,104,100.9,2.45,Terrence Ross,SF,23,2793960,3002619,82,61,25.5,3.8,9.2,0.41,1.8,4.8,0.372,2,4.4,0.452,0.507,0.5,0.7,0.786,0.4,2.4,2.8,1,0.6,0.3,0.8,1.7,9.8,2092,11.2,0.519,0.518,0.074,1.8,10.7,6.2,6.5,1.3,1,8.1,18.3,1.3,1,2.4,0.054,0.2,-1.8,-1.6,0.2
2014/2015,63065000,68023079.46,507336,Minnesota Timberwolves,18,MIN,Minnesota,West,Northwest,16,66,0.195,97.8,106.5,-8,Ricky Rubio,PG,24,5070686,5449376,22,22,31.5,3.5,10,0.356,0.6,2.3,0.255,3,7.6,0.387,0.386,2.6,3.2,0.803,0.9,4.8,5.7,8.8,1.7,0,2.9,2.7,10.3,692,15.2,0.452,0.233,0.324,3,18.1,10.3,43.5,2.8,0.1,20.4,20,0.1,0.4,0.5,0.033,0.1,-0.5,-0.5,0.3
2014/2015,63065000,68023079.46,507336,Indiana Pacers,12,IND,Indiana,East,Central,38,44,0.463,97.3,97,-0.23,Damjan Rudez,SF,28,1100000,1182150,68,2,15.4,1.8,3.9,0.452,1,2.5,0.406,0.7,1.4,0.538,0.584,0.2,0.3,0.696,0.1,0.6,0.7,0.8,0.2,0.1,0.7,1.2,4.8,1047,8.2,0.591,0.646,0.087,0.9,4.1,2.5,7.9,0.8,0.4,14.7,13.8,0.6,0.7,1.3,0.061,-0.7,-1.8,-2.5,-0.1
2014/2015,63065000,68023079.46,507336,Golden State Warriors,10,GSW,California,West,Pacific,67,15,0.817,110,99.9,10.01,Brandon Rush,SG,29,1145685,1231247,33,0,8.2,0.3,1.6,0.204,0.1,0.8,0.111,0.2,0.8,0.296,0.231,0.2,0.3,0.455,0.1,1.1,1.2,0.4,0.2,0.4,0.3,0.8,0.9,271,0.8,0.255,0.5,0.204,1.6,14.3,8.2,5.4,0.9,3.3,15.8,11.2,-0.7,0.4,-0.3,-0.056,-7.7,1.8,-6,-0.3
2014/2015,63065000,68023079.46,507336,Los Angeles Lakers,14,LAL,California,West,Pacific,21,61,0.256,98.5,105.3,-6.17,Robert Sacre,C,25,915243,983595,67,18,16.9,1.9,4.6,0.412,0,0,0,1.9,4.6,0.413,0.412,0.8,1.2,0.671,1.3,2.1,3.5,0.8,0.4,0.6,0.5,1.8,4.6,1133,10.9,0.449,0.003,0.268,8.4,14.6,11.4,7.4,1.3,3.1,9.5,14.8,0.3,0.6,0.8,0.035,-3.3,0.4,-2.8,-0.2
2014/2015,63065000,68023079.46,507336,New Orleans Pelicans,19,NOP,Louisiana,West,Southwest,45,37,0.549,99.4,98.6,1.13,John Salmons,SF,35,1000000,1074682,21,0,12.9,0.8,2.3,0.333,0.4,1.2,0.308,0.4,1,0.364,0.417,0.1,0.2,0.5,0.2,0.8,1,0.6,0.4,0.2,0.2,1.2,2,270,5.1,0.422,0.542,0.083,1.7,7.1,4.4,6.6,1.8,1.1,9.1,9.3,0,0.1,0.1,0.017,-2.7,-0.2,-2.9,-0.1
2014/2015,63065000,68023079.46,507336,Philadelphia 76ers,23,PHI,Pennsylvania,East,Atlantic,18,64,0.22,92,101,-9.04,JaKarr Sampson,SF,21,507336,545225,74,32,15.3,2,4.7,0.422,0.4,1.7,0.244,1.6,3,0.525,0.467,0.9,1.3,0.67,0.5,1.7,2.2,1,0.5,0.4,1,1.8,5.2,1131,9.4,0.498,0.367,0.272,3.2,12.9,7.8,12,1.7,1.9,16.4,17.9,-0.5,1.1,0.6,0.025,-4,-0.4,-4.4,-0.7
2014/2015,63065000,68023079.46,507336,Milwaukee Bucks,17,MIL,Wisconsin,East,Central,41,41,0.5,97.8,97.4,-0.09,Larry Sanders,C,26,11000000,11821505,27,26,21.7,3.2,6.4,0.5,0,0,,3.2,6.4,0.5,0.5,0.9,1.8,0.5,2.5,3.7,6.1,0.9,1,1.4,1,3.9,7.3,586,15.2,0.507,0,0.279,13.2,19.2,16.2,6.3,2.3,5.6,12.7,17,0.4,1.2,1.6,0.132,-2,3.4,1.4,0.5
2014/2015,63065000,68023079.46,507336,Atlanta Hawks,1,ATL,Georgia,East,Southeast,60,22,0.732,102.5,97.1,4.75,Dennis Schroeder,PG,21,1690680,1816943,77,10,19.7,3.7,8.6,0.427,0.7,1.9,0.351,3,6.7,0.449,0.466,1.9,2.3,0.827,0.4,1.8,2.1,4.1,0.6,0.1,1.9,1.6,10,1516,15.7,0.516,0.223,0.269,2.3,9.9,6.2,34.6,1.7,0.2,16.8,27,1.1,1.4,2.5,0.08,-0.4,-2.1,-2.4,-0.2
2014/2015,63065000,68023079.46,507336,Indiana Pacers,12,IND,Indiana,East,Central,38,44,0.463,97.3,97,-0.23,Luis Scola,PF,34,4500000,4836070,81,16,20.5,3.7,7.9,0.467,0.1,0.2,0.25,3.6,7.7,0.474,0.471,2,2.8,0.699,1.7,4.8,6.5,1.3,0.6,0.2,1.2,2.4,9.4,1659,16.8,0.515,0.031,0.352,9.3,25.6,17.5,11,1.5,0.8,11.3,22.8,1.7,2.7,4.4,0.126,-1.5,0.7,-0.7,0.5
2014/2015,63065000,68023079.46,507336,Atlanta Hawks,1,ATL,Georgia,East,Southeast,60,22,0.732,102.5,97.1,4.75,Mike Scott,PF,26,3333333,3582273,68,0,16.5,3,6.7,0.444,1,2.8,0.344,2,3.8,0.517,0.517,0.9,1.1,0.792,0.7,2.3,2.9,1.1,0.4,0,0.6,1.2,7.8,1123,15.1,0.543,0.424,0.17,4.7,15.2,10.1,10.9,1.1,0.2,7.4,21.4,1.6,1.1,2.7,0.115,0.6,-2.1,-1.6,0.1
2014/2015,63065000,68023079.46,507336,Atlanta Hawks,1,ATL,Georgia,East,Southeast,60,22,0.732,102.5,97.1,4.75,Thabo Sefolosha,SF,30,4000000,4298729,52,7,18.8,2,4.8,0.418,0.5,1.5,0.321,1.5,3.3,0.462,0.468,0.9,1.1,0.776,1,3.3,4.3,1.4,1,0.4,0.7,1.3,5.3,976,13.8,0.506,0.313,0.233,6.4,19.3,13.1,11.2,2.8,1.8,12.2,14.6,0.8,1.7,2.5,0.121,-1.2,2.5,1.3,0.8
2014/2015,63065000,68023079.46,507336,Washington Wizards,30,WAS,Washington DC,East,Southeast,46,36,0.561,98.5,97.8,0.17,Kevin Seraphin,C,25,3898691,4189854,79,0,15.6,2.9,5.7,0.513,0,0,0,2.9,5.7,0.516,0.513,0.7,1,0.707,1.1,2.5,3.6,0.7,0.1,0.7,1.2,2.5,6.6,1235,12.5,0.535,0.004,0.182,8.1,17.9,13.1,8,0.4,3.8,16.8,21.5,0,1.7,1.7,0.066,-3.7,0.7,-3,-0.3
2014/2015,63065000,68023079.46,507336,#N/A,#N/A,TOT,#N/A,#N/A,#N/A,#N/A,#N/A,#N/A,#N/A,#N/A,#N/A,Ramon Sessions,PG,28,2077000,2232115,64,10,18.6,2,5.2,0.374,0.3,0.9,0.317,1.7,4.3,0.387,0.403,2.1,2.7,0.769,0.4,1.9,2.3,2.8,0.5,0,1.3,1.1,6.3,1188,11.1,0.49,0.18,0.518,2.3,11.2,6.9,23,1.2,0,17.3,18.7,0.4,0.7,1.1,0.044,-2.3,-1.6,-3.9,-0.6
2014/2015,63065000,68023079.46,507336,Sacramento Kings,26,SAC,California,West,Pacific,29,53,0.354,101.3,105,-3.07,Ramon Sessions,PG,28,2077000,2232115,36,7,17.8,1.8,5.1,0.344,0.2,0.8,0.214,1.6,4.3,0.368,0.361,1.8,2.4,0.727,0.4,1.6,1.9,2.7,0.4,0,1.4,1.3,5.4,642,8.1,0.442,0.153,0.481,2.4,9.6,6.1,22.7,1,0,18.7,18.7,-0.4,0.1,-0.3,-0.025,-3.7,-2.6,-6.2,-0.7
2014/2015,63065000,68023079.46,507336,Washington Wizards,30,WAS,Washington DC,East,Southeast,46,36,0.561,98.5,97.8,0.17,Ramon Sessions,PG,28,2077000,2232115,28,3,19.5,2.2,5.4,0.411,0.5,1.1,0.406,1.8,4.3,0.412,0.454,2.5,3,0.812,0.4,2.3,2.7,3.1,0.6,0,1.3,1,7.4,546,14.7,0.547,0.212,0.563,2.1,13.1,7.7,23.4,1.5,0,15.7,18.6,0.8,0.6,1.4,0.125,-0.6,-0.5,-1,0.1
2014/2015,63065000,68023079.46,507336,#N/A,#N/A,TOT,#N/A,#N/A,#N/A,#N/A,#N/A,#N/A,#N/A,#N/A,#N/A,Iman Shumpert,SG,24,2761113,2967319,62,25,24.9,3.1,7.6,0.41,1.1,3.2,0.342,2,4.4,0.458,0.481,0.7,1,0.672,0.9,2.7,3.6,2.2,1.3,0.3,1.5,2.2,8,1545,11.4,0.497,0.416,0.136,4.1,12.6,8.3,14.2,2.7,0.8,15.4,17.4,0.1,1.4,1.5,0.047,-0.7,0.3,-0.4,0.6
2014/2015,63065000,68023079.46,507336,New York Knicks,20,NYK,New York,East,Atlantic,17,65,0.207,91.9,101.2,-9.5,Iman Shumpert,SG,24,2761113,2967319,24,24,26,3.7,9,0.409,1,2.8,0.348,2.7,6.2,0.436,0.463,1,1.5,0.676,0.9,2.5,3.4,3.3,1.3,0.1,1.8,2.8,9.3,625,11.9,0.484,0.307,0.172,4,11.2,7.5,21.3,2.5,0.4,15.4,20.1,-0.1,0.3,0.3,0.02,-0.8,-1.1,-1.9,0
2014/2015,63065000,68023079.46,507336,Cleveland Cavaliers,6,CLE,Ohio,East,Central,53,29,0.646,103.1,98.7,4.08,Iman Shumpert,SG,24,2761113,2967319,38,1,24.2,2.8,6.7,0.41,1.2,3.4,0.338,1.6,3.3,0.484,0.496,0.5,0.7,0.667,0.9,2.9,3.8,1.5,1.3,0.3,1.3,1.9,7.2,920,11.1,0.508,0.508,0.105,4.2,13.5,8.9,9.3,2.9,1.1,15.5,15.6,0.1,1.1,1.2,0.065,-0.7,1.3,0.6,0.6
2014/2015,63065000,68023079.46,507336,#N/A,#N/A,TOT,#N/A,#N/A,#N/A,#N/A,#N/A,#N/A,#N/A,#N/A,#N/A,Alexey Shved,SG,26,3198723,3437610,42,9,18.3,3.2,8,0.397,1.1,3.3,0.338,2,4.7,0.439,0.467,2.9,3.6,0.807,0.5,1.8,2.4,2.5,0.7,0.1,1.1,1.1,10.3,767,19.5,0.541,0.415,0.448,3.3,11.7,7.3,25.7,2,0.6,10.7,26.3,1.7,0.5,2.2,0.135,3,-2.6,0.5,0.5
2014/2015,63065000,68023079.46,507336,Philadelphia 76ers,23,PHI,Pennsylvania,East,Atlantic,18,64,0.22,92,101,-9.04,Alexey Shved,SG,26,3198723,3437610,17,0,16.8,3.1,7.6,0.4,1,3.4,0.298,2.1,4.3,0.479,0.465,2.8,3.4,0.842,0.5,0.8,1.3,2.7,0.8,0.1,1.1,1.2,9.9,285,20,0.545,0.438,0.438,2.9,5.6,4.2,31.3,2.5,0.3,10.4,26.5,0.7,0.2,0.9,0.16,3.6,-3.6,0,0.1
2014/2015,63065000,68023079.46,507336,Houston Rockets,11,HOU,Texas,West,Southwest,56,26,0.683,103.9,100.5,3.82,Alexey Shved,SG,26,3198723,3437610,9,0,6.6,0.9,2.7,0.333,0.4,1.3,0.333,0.4,1.3,0.333,0.417,1,1.2,0.818,0.1,0.3,0.4,0.3,0.1,0,0.6,0.2,3.2,59,9.3,0.503,0.5,0.458,1.9,5.6,3.7,8.1,0.8,0,14.8,24.9,0,0,0,0.013,-3.9,-4.9,-8.8,-0.1
2014/2015,63065000,68023079.46,507336,New York Knicks,20,NYK,New York,East,Atlantic,17,65,0.207,91.9,101.2,-9.5,Alexey Shved,SG,26,3198723,3437610,16,9,26.4,4.6,11.3,0.403,1.6,4.4,0.371,2.9,6.9,0.423,0.475,4,5.1,0.78,0.9,3.7,4.6,3.6,0.9,0.3,1.6,1.6,14.8,423,20.5,0.544,0.387,0.453,3.7,16.6,10,24.4,1.9,1,10.3,26.3,0.9,0.2,1.2,0.135,3.7,-1.6,2.1,0.4
2014/2015,63065000,68023079.46,507336,Philadelphia 76ers,23,PHI,Pennsylvania,East,Atlantic,18,64,0.22,92,101,-9.04,Henry Sims,C,24,915243,983595,73,32,19.2,3.3,6.9,0.474,0.1,0.3,0.182,3.2,6.6,0.488,0.478,1.5,1.9,0.774,1.7,3.3,4.9,1.1,0.5,0.4,1.4,1.8,8,1399,14.5,0.521,0.044,0.273,8.9,19.4,13.9,10.7,1.4,1.7,15,20.6,0.5,1.5,2.1,0.072,-3.3,-0.1,-3.4,-0.5
2014/2015,63065000,68023079.46,507336,#N/A,#N/A,TOT,#N/A,#N/A,#N/A,#N/A,#N/A,#N/A,#N/A,#N/A,#N/A,Kyle Singler,SF,26,1090000,1171403,80,58,21.8,2.2,5.6,0.386,1.2,3,0.398,1,2.6,0.371,0.493,0.5,0.7,0.769,0.4,2,2.4,1.1,0.6,0.3,0.7,1.9,6,1743,8.5,0.512,0.54,0.117,2,10.2,6,7.3,1.4,1,10.5,13.2,0.9,1.2,2,0.056,-1.3,-0.3,-1.6,0.2
2014/2015,63065000,68023079.46,507336,Detroit Pistons,9,DET,Michigan,East,Central,32,50,0.39,98.5,99.5,-1.39,Kyle Singler,SF,26,1090000,1171403,54,40,23.8,2.6,6.5,0.4,1.4,3.5,0.406,1.2,3,0.393,0.509,0.5,0.7,0.806,0.4,2.1,2.6,1.2,0.6,0.3,0.8,1.8,7.1,1287,9.4,0.526,0.534,0.103,1.9,10.2,5.9,7.9,1.3,0.9,10.3,14,0.8,0.8,1.6,0.061,-0.8,-0.4,-1.2,0.3
2014/2015,63065000,68023079.46,507336,Oklahoma City Thunder,21,OKC,Oklahoma,West,Northwest,45,37,0.549,104,101.8,2.47,Kyle Singler,SF,26,1090000,1171403,26,18,17.5,1.2,3.7,0.333,0.8,2.1,0.37,0.5,1.6,0.286,0.438,0.4,0.6,0.688,0.4,1.7,2.1,0.7,0.5,0.3,0.5,2.1,3.7,456,5.8,0.461,0.563,0.167,2.4,10.4,6.5,5.4,1.5,1.2,11.2,11,0,0.4,0.4,0.041,-2.6,-0.1,-2.6,-0.1
2014/2015,63065000,68023079.46,507336,Indiana Pacers,12,IND,Indiana,East,Central,38,44,0.463,97.3,97,-0.23,Donald Sloan,PG,27,948163,1018973,53,21,20.9,2.7,6.7,0.408,0.8,2.5,0.313,2,4.2,0.464,0.466,1.1,1.5,0.779,0.2,2.5,2.7,3.6,0.4,0,1.2,0.9,7.4,1107,13.1,0.503,0.369,0.217,1.2,13,7.1,27.5,1.1,0,14.3,18.6,0.9,1.1,2,0.085,-0.4,-1,-1.4,0.2
2014/2015,63065000,68023079.46,507336,Boston Celtics,2,BOS,Massachusetts,East,Atlantic,40,42,0.488,101.4,101.2,-0.4,Marcus Smart,PG,20,3283320,3528525,67,38,27,2.6,7.1,0.367,1.4,4.1,0.335,1.3,3.1,0.41,0.462,1.2,1.9,0.646,0.9,2.4,3.3,3.1,1.5,0.3,1.3,2.6,7.8,1808,11,0.491,0.57,0.266,3.6,9.9,6.7,16.3,2.7,0.8,14.4,15.1,0.7,2.2,2.9,0.077,-0.1,1.3,1.1,1.4
2014/2015,63065000,68023079.46,507336,Dallas Mavericks,7,DAL,Texas,West,Southwest,50,32,0.61,105.2,102.3,3.36,Greg Smith,PF,24,948163,1018973,42,2,8.6,0.7,1.2,0.612,0,0,,0.7,1.2,0.612,0.612,0.5,0.9,0.513,0.6,1.3,1.9,0.2,0.2,0.3,0.3,1.3,1.9,363,10.2,0.605,0,0.796,7.8,16.1,11.9,3.4,1,2.5,14.3,9.5,0.5,0.3,0.8,0.108,-2,1,-1,0.1
2014/2015,63065000,68023079.46,507336,#N/A,#N/A,TOT,#N/A,#N/A,#N/A,#N/A,#N/A,#N/A,#N/A,#N/A,#N/A,Ishmael Smith,PG,26,1838615,1975925,55,14,15.1,2.6,6.7,0.39,0.3,1.1,0.3,2.3,5.6,0.407,0.414,0.6,1,0.596,0.3,1.5,1.8,3.3,0.7,0.1,1.4,0.9,6.1,832,12.3,0.431,0.163,0.155,1.9,11.4,6.5,40.7,2.2,0.6,16.6,24.6,-0.9,0.8,-0.1,-0.006,-2.4,-1.7,-4.1,-0.4
2014/2015,63065000,68023079.46,507336,Oklahoma City Thunder,21,OKC,Oklahoma,West,Northwest,45,37,0.549,104,101.8,2.47,Ishmael Smith,PG,26,1838615,1975925,30,0,5.2,0.5,1.5,0.333,0,0.2,0.2,0.5,1.3,0.35,0.344,0.2,0.3,0.667,0.2,0.7,0.9,0.9,0.1,0,0.3,0.4,1.2,155,9,0.378,0.111,0.2,3.5,15,9.3,25.6,1.3,0.5,15.5,16.1,-0.1,0.1,0,0.014,-4.6,-1,-5.7,-0.1
2014/2015,63065000,68023079.46,507336,Philadelphia 76ers,23,PHI,Pennsylvania,East,Atlantic,18,64,0.22,92,101,-9.04,Ishmael Smith,PG,26,1838615,1975925,25,14,27.1,5.1,12.9,0.398,0.7,2.2,0.309,4.4,10.7,0.416,0.424,1.1,1.9,0.583,0.4,2.5,2.9,6.1,1.3,0.2,2.8,1.5,12,677,13,0.439,0.171,0.149,1.5,10.6,5.8,44.1,2.4,0.6,16.7,26.5,-0.8,0.6,-0.1,-0.01,-1.9,-1.8,-3.7,-0.3
2014/2015,63065000,68023079.46,507336,#N/A,#N/A,TOT,#N/A,#N/A,#N/A,#N/A,#N/A,#N/A,#N/A,#N/A,#N/A,JR Smith,SG,29,5982375,6429152,70,51,29.7,4.5,10.8,0.417,2.3,6.1,0.383,2.2,4.7,0.462,0.525,0.8,1,0.75,0.4,2.7,3.1,2.8,1.2,0.3,1.4,2.3,12.1,2080,13.6,0.538,0.564,0.095,1.7,10.4,6,15.6,2.1,0.8,11,19.3,2.2,1.5,3.7,0.085,1.7,-1,0.7,1.4
2014/2015,63065000,68023079.46,507336,New York Knicks,20,NYK,New York,East,Atlantic,17,65,0.207,91.9,101.2,-9.5,JR Smith,SG,29,5982375,6429152,24,6,25.8,4.2,10.5,0.402,1.3,3.8,0.356,2.9,6.7,0.429,0.466,1.1,1.6,0.692,0.2,2.3,2.4,3.4,0.8,0.2,1.9,1.8,10.9,619,11.5,0.487,0.359,0.155,0.7,10.4,5.4,23.3,1.5,0.5,14.4,23.3,-0.2,0.1,-0.1,-0.008,-1.2,-3.1,-4.3,-0.4
2014/2015,63065000,68023079.46,507336,Cleveland Cavaliers,6,CLE,Ohio,East,Central,53,29,0.646,103.1,98.7,4.08,JR Smith,SG,29,5982375,6429152,46,45,31.8,4.7,11,0.425,2.8,7.3,0.39,1.8,3.7,0.494,0.555,0.6,0.7,0.818,0.6,2.9,3.5,2.5,1.4,0.4,1.1,2.6,12.7,1461,14.5,0.565,0.667,0.065,2.1,10.4,6.3,12.3,2.3,1,9.1,17.6,2.4,1.3,3.8,0.124,3,-0.1,2.9,1.8
2014/2015,63065000,68023079.46,507336,New York Knicks,20,NYK,New York,East,Atlantic,17,65,0.207,91.9,101.2,-9.5,Jason Smith,C,28,3278000,3522808,82,31,21.8,3.1,7.2,0.434,0.2,0.5,0.357,3,6.7,0.44,0.447,1.5,1.9,0.83,1.2,2.8,4,1.7,0.4,0.5,1.3,2.5,8,1785,12,0.497,0.071,0.258,6.2,15,10.5,13.5,0.9,2.1,13.6,19.7,0.5,0.7,1.2,0.032,-2.5,-0.9,-3.4,-0.6
2014/2015,63065000,68023079.46,507336,#N/A,#N/A,TOT,#N/A,#N/A,#N/A,#N/A,#N/A,#N/A,#N/A,#N/A,#N/A,Josh Smith,PF,29,14945778,16061961,83,35,27.7,5,11.9,0.419,0.9,2.7,0.316,4.1,9.1,0.451,0.456,1.5,3.1,0.498,1.8,4.6,6.4,3.3,1,1.4,2.5,2.7,12.4,2300,14.9,0.467,0.231,0.258,7.2,18.3,12.6,20.5,1.9,3.9,15.8,24.8,-1.1,3.4,2.3,0.048,-1.7,2.6,1,1.7
2014/2015,63065000,68023079.46,507336,Detroit Pistons,9,DET,Michigan,East,Central,32,50,0.39,98.5,99.5,-1.39,Josh Smith,PF,29,14945778,16061961,28,28,32,5.5,14,0.391,0.3,1.3,0.243,5.1,12.6,0.407,0.403,1.9,4,0.468,1.9,5.4,7.2,4.7,1.3,1.7,2.6,2.9,13.1,896,14.3,0.417,0.095,0.284,6.1,18.9,12.3,24.7,2.1,4.2,14.1,25.3,-1.1,1.3,0.2,0.012,-2.4,3.4,1.1,0.7
2014/2015,63065000,68023079.46,507336,Houston Rockets,11,HOU,Texas,West,Southwest,56,26,0.683,103.9,100.5,3.82,Josh Smith,PF,29,14945778,16061961,55,7,25.5,4.7,10.8,0.438,1.1,3.5,0.33,3.6,7.4,0.489,0.491,1.4,2.6,0.521,1.8,4.1,6,2.6,0.9,1.2,2.4,2.7,12,1404,15.2,0.5,0.32,0.242,7.9,17.9,12.9,17.8,1.8,3.8,16.9,24.5,-0.1,2.2,2.1,0.071,-1.2,2.1,0.9,1
2014/2015,63065000,68023079.46,507336,#N/A,#N/A,TOT,#N/A,#N/A,#N/A,#N/A,#N/A,#N/A,#N/A,#N/A,#N/A,Russ Smith,PG,23,507336,545225,12,0,5.4,0.7,2.1,0.32,0.2,0.9,0.182,0.5,1.2,0.429,0.36,1,1.1,0.923,0.1,0.4,0.5,0.7,0.3,0,1,1.1,2.5,65,5.2,0.488,0.44,0.52,1.8,8.7,5.3,19.4,2.4,0,28.1,30.1,-0.2,0.1,-0.1,-0.094,-5.6,-2.5,-8,-0.1
2014/2015,63065000,68023079.46,507336,New Orleans Pelicans,19,NOP,Louisiana,West,Southwest,45,37,0.549,99.4,98.6,1.13,Russ Smith,PG,23,507336,545225,6,0,4.8,0.3,1.7,0.2,0.2,1,0.167,0.2,0.7,0.25,0.25,0,0,,0,0.5,0.5,0.3,0,0,1.2,1,0.8,29,-16.6,0.25,0.6,0,0,11.7,5.9,9.6,0,0,41.2,26.7,-0.3,0,-0.3,-0.477,-16.7,-4,-20.7,-0.1
2014/2015,63065000,68023079.46,507336,Memphis Grizzlies,15,MEM,Tennessee,West,Southwest,55,27,0.671,98.3,95.1,3.62,Russ Smith,PG,23,507336,545225,6,0,6,1,2.5,0.4,0.2,0.8,0.2,0.8,1.7,0.5,0.433,2,2.2,0.923,0.2,0.3,0.5,1,0.5,0,0.8,1.2,4.2,36,22.7,0.603,0.333,0.867,3.2,6.3,4.8,27.3,4.3,0,19.4,32.8,0.1,0.1,0.2,0.214,3.4,-1.2,2.2,0
2014/2015,63065000,68023079.46,507336,Chicago Bulls,5,CHI,Illinois,East,Central,50,32,0.61,100.8,97.8,2.54,Tony Snell,SF,23,1472400,1582362,72,22,19.6,2.2,5.2,0.429,1,2.7,0.371,1.2,2.4,0.494,0.527,0.6,0.8,0.8,0.4,2,2.4,0.9,0.4,0.2,0.7,1.2,6,1412,10.2,0.55,0.531,0.148,2.5,10.9,6.8,6.8,1.2,0.6,10.8,14.1,1.2,1.2,2.4,0.082,-0.6,-0.9,-1.5,0.2
2014/2015,63065000,68023079.46,507336,Golden State Warriors,10,GSW,California,West,Pacific,67,15,0.817,110,99.9,10.01,Marreese Speights,C,27,3657500,3930650,76,9,15.9,4.2,8.5,0.492,0.1,0.2,0.278,4.1,8.3,0.498,0.496,2,2.3,0.843,1.4,2.8,4.3,0.9,0.3,0.4,1.1,2.5,10.4,1207,19.5,0.546,0.028,0.276,10.1,18.7,14.5,9.9,0.8,2.1,10.2,29.1,2.2,1.8,4,0.158,-1.3,-1.3,-2.6,-0.2
2014/2015,63065000,68023079.46,507336,San Antonio Spurs,27,SAS,Texas,West,Southwest,55,27,0.671,103.2,97,6.34,Tiago Splitter,C,30,9250000,9940811,52,35,19.8,3.3,5.8,0.558,0,0,,3.3,5.8,0.558,0.558,1.7,2.3,0.75,1.8,3.1,4.8,1.5,0.7,0.7,1.2,2,8.2,1030,18.9,0.601,0,0.396,10.2,17.4,13.9,11.8,1.7,2.7,14.4,18.4,2.3,1.7,4,0.189,0.8,2.4,3.3,1.4
2014/2015,63065000,68023079.46,507336,Sacramento Kings,26,SAC,California,West,Pacific,29,53,0.354,101.3,105,-3.07,Nik Stauskas,SG,21,2745840,2950905,73,1,15.4,1.5,4.1,0.365,0.7,2,0.322,0.8,2,0.408,0.446,0.8,0.9,0.859,0.2,1.1,1.2,0.9,0.3,0.2,0.5,1.3,4.4,1127,7.5,0.492,0.503,0.216,1.1,7.5,4.4,9,0.9,1.2,11,14.2,0.3,0.2,0.5,0.021,-1.9,-2,-3.9,-0.5
2014/2015,63065000,68023079.46,507336,Charlotte Hornets,4,CHO,North Carolina,East,Southeast,33,49,0.402,94.2,97.3,-3.44,Lance Stephenson,SG,24,9000000,9672140,61,25,25.8,3.4,9,0.376,0.3,1.7,0.171,3.1,7.3,0.425,0.393,1.1,1.8,0.627,0.6,3.9,4.5,3.9,0.6,0.1,2.1,2.2,8.2,1573,8.8,0.419,0.191,0.2,2.7,17.1,9.7,25.4,1.2,0.4,17.6,21.1,-2.7,1.8,-0.9,-0.026,-4,0.5,-3.5,-0.6
2014/2015,63065000,68023079.46,507336,Toronto Raptors,28,TOR,Ontario,East,Atlantic,49,33,0.598,104,100.9,2.45,Greg Stiemsma,C,29,981084,1054353,17,0,3.9,0.4,0.5,0.75,0,0,,0.4,0.5,0.75,0.75,0.1,0.2,0.5,0.5,0.4,0.9,0.2,0.1,0,0.4,0.9,0.8,66,7.8,0.717,0,0.5,15.7,10.5,13.1,6.6,1.6,0,41.8,11.5,0,0,0.1,0.05,-1.1,-0.6,-1.7,0
2014/2015,63065000,68023079.46,507336,Sacramento Kings,26,SAC,California,West,Pacific,29,53,0.354,101.3,105,-3.07,David Stockton,PG,23,59686,64143,3,0,11,0.7,2,0.333,0.3,0.7,0.5,0.3,1.3,0.25,0.417,1,2,0.5,0,0.7,0.7,3,0.7,0,1.3,0.3,2.7,33,10.8,0.463,0.333,1,0,6.6,3.4,39.1,3.1,0,31.6,16.9,0,0,0,-0.014,-4.4,-4,-8.4,-0.1
2014/2015,63065000,68023079.46,507336,Memphis Grizzlies,15,MEM,Tennessee,West,Southwest,55,27,0.671,98.3,95.1,3.62,Jarnell Stokes,PF,21,507336,545225,19,2,6.6,1.1,1.9,0.568,0,0,,1.1,1.9,0.568,0.568,0.8,1.5,0.536,0.8,0.9,1.8,0.2,0.3,0.3,0.4,1.3,3,126,18.6,0.578,0,0.757,14.6,16.3,15.4,5.2,2.1,3.3,12.4,20.5,0.3,0.2,0.5,0.186,-0.2,0.7,0.5,0.1
2014/2015,63065000,68023079.46,507336,#N/A,#N/A,TOT,#N/A,#N/A,#N/A,#N/A,#N/A,#N/A,#N/A,#N/A,#N/A,Amare Stoudemire,PF,32,21896658,23531949,59,15,21.1,4.6,8.3,0.557,0,0.1,0,4.6,8.2,0.562,0.557,2.3,3.2,0.72,1.9,3.7,5.6,0.8,0.5,0.6,1.3,2.7,11.5,1245,20.3,0.595,0.008,0.38,9.9,20.5,15.1,6.8,1.2,2.5,12,23.8,2.6,1,3.6,0.138,-0.2,-1.3,-1.4,0.2
2014/2015,63065000,68023079.46,507336,New York Knicks,20,NYK,New York,East,Atlantic,17,65,0.207,91.9,101.2,-9.5,Amare Stoudemire,PF,32,21896658,23531949,36,14,24,4.7,8.6,0.543,0,0.1,0,4.7,8.6,0.549,0.543,2.6,3.5,0.74,2.3,4.5,6.8,1,0.6,0.9,1.8,3.1,12,865,19.5,0.589,0.01,0.408,10.8,22.3,16.4,8.1,1.2,3.3,14.7,22.9,1.5,0.7,2.2,0.12,-0.6,-0.5,-1.1,0.2
2014/2015,63065000,68023079.46,507336,Dallas Mavericks,7,DAL,Texas,West,Southwest,50,32,0.61,105.2,102.3,3.36,Amare Stoudemire,PF,32,21896658,23531949,23,1,16.5,4.5,7.8,0.581,0,0,0,4.5,7.7,0.584,0.581,1.7,2.6,0.678,1.2,2.5,3.7,0.3,0.4,0.2,0.7,2.2,10.8,380,22.3,0.605,0.006,0.33,7.8,16.5,12.1,3.9,1.2,0.9,6.8,25.8,1.1,0.3,1.4,0.181,0.8,-3.1,-2.2,0
2014/2015,63065000,68023079.46,507336,Indiana Pacers,12,IND,Indiana,East,Central,38,44,0.463,97.3,97,-0.23,Rodney Stuckey,PG,28,1227985,1319693,71,36,26.4,4.7,10.6,0.44,0.8,2,0.39,3.9,8.6,0.452,0.477,2.5,3,0.819,0.5,3,3.5,3.1,0.8,0.1,1.7,1.8,12.6,1874,15.4,0.528,0.187,0.286,2.1,12.4,7.3,20.2,1.5,0.4,12.2,23.4,1.9,2.2,4,0.103,0.2,-0.3,-0.1,0.9
2014/2015,63065000,68023079.46,507336,Boston Celtics,2,BOS,Massachusetts,East,Atlantic,40,42,0.488,101.4,101.2,-0.4,Jared Sullinger,PF,22,1424520,1530906,58,49,27,5.4,12.2,0.439,0.9,3.2,0.283,4.5,9,0.494,0.476,1.7,2.2,0.744,2.5,5.1,7.6,2.3,0.8,0.7,1.3,2.6,13.3,1566,17.9,0.503,0.26,0.182,10.1,20.9,15.4,14.2,1.4,2.1,9.3,23.6,1.9,2.1,4,0.123,1,1,2,1.6
2014/2015,63065000,68023079.46,507336,Charlotte Hornets,4,CHO,North Carolina,East,Southeast,33,49,0.402,94.2,97.3,-3.44,Jeffery Taylor,SF,25,915243,983595,29,13,14.8,1.6,3.9,0.395,0.4,1.2,0.306,1.2,2.7,0.436,0.443,0.9,1.4,0.634,0.5,1.3,1.8,0.8,0.4,0,0.7,1.2,4.4,430,8.2,0.481,0.316,0.36,3.5,10.3,6.8,8.2,1.4,0.2,12.6,16,-0.1,0.4,0.3,0.034,-3.3,-0.6,-4,-0.2
2014/2015,63065000,68023079.46,507336,Atlanta Hawks,1,ATL,Georgia,East,Southeast,60,22,0.732,102.5,97.1,4.75,Jeff Teague,PG,26,8000000,8597458,73,72,30.5,5.6,12.2,0.46,1,2.8,0.343,4.6,9.3,0.496,0.5,3.8,4.4,0.862,0.4,2.1,2.5,7,1.7,0.4,2.8,1.9,15.9,2228,20.6,0.566,0.233,0.36,1.6,7.7,4.7,37.9,2.9,1.2,16.6,25.3,5,2.8,7.7,0.166,2.5,-0.7,1.8,2.1
2014/2015,63065000,68023079.46,507336,Brooklyn Nets,3,BRK,New York,East,Atlantic,38,44,0.463,98,100.9,-3.13,Mirza Teletovic,PF,29,3368100,3619637,40,4,22.3,3.1,8,0.382,1.6,4.8,0.321,1.5,3.2,0.476,0.48,0.8,1.2,0.717,0.7,4.2,4.9,1.2,0.4,0.4,1.3,1.9,8.5,892,10.7,0.5,0.605,0.144,3.4,20.9,12.2,8.1,0.8,1.4,13.5,20.1,-0.3,0.8,0.5,0.026,-1.4,-1.1,-2.6,-0.1
2014/2015,63065000,68023079.46,507336,Oklahoma City Thunder,21,OKC,Oklahoma,West,Northwest,45,37,0.549,104,101.8,2.47,Sebastian Telfair,PG,29,1316809,1415151,16,1,20.4,2.9,7.8,0.368,1.1,3.8,0.3,1.8,4.1,0.431,0.44,1.5,2.1,0.706,0.1,1.8,1.9,2.8,0.6,0,1.1,1.8,8.4,327,11.4,0.479,0.48,0.272,0.7,9,4.9,20.8,1.5,0,11.4,20.8,0.2,0.2,0.4,0.063,-0.5,-2.9,-3.4,-0.1
2014/2015,63065000,68023079.46,507336,Washington Wizards,30,WAS,Washington DC,East,Southeast,46,36,0.561,98.5,97.8,0.17,Garrett Temple,SG,28,981084,1054353,52,18,14.1,1.3,3.3,0.4,0.6,1.7,0.375,0.7,1.6,0.427,0.497,0.7,0.9,0.729,0.5,1.3,1.7,1.1,0.8,0.2,0.7,1.5,3.9,735,10.9,0.534,0.518,0.282,3.8,9.9,6.9,11,2.9,1,15.1,13.9,0.4,1.1,1.5,0.1,-0.6,1.4,0.8,0.5
2014/2015,63065000,68023079.46,507336,Houston Rockets,11,HOU,Texas,West,Southwest,56,26,0.683,103.9,100.5,3.82,Jason Terry,SG,37,5450000,5857018,77,18,21.3,2.4,5.8,0.422,1.6,4.2,0.39,0.8,1.6,0.504,0.563,0.5,0.6,0.813,0.2,1.4,1.6,1.9,0.9,0.2,1,1.5,7,1641,11.4,0.579,0.724,0.108,1,7.1,4.1,13.8,2,0.9,13.7,14.3,2,1.5,3.6,0.104,0.3,-0.7,-0.4,0.7
2014/2015,63065000,68023079.46,507336,#N/A,#N/A,TOT,#N/A,#N/A,#N/A,#N/A,#N/A,#N/A,#N/A,#N/A,#N/A,Isaiah Thomas,PG,25,7238606,7779201,67,1,25.8,5,11.9,0.42,1.9,5.2,0.373,3.1,6.7,0.457,0.501,4.5,5.2,0.868,0.5,1.8,2.3,4.2,0.9,0.1,2.1,2.2,16.4,1726,20.6,0.579,0.434,0.437,2.1,7.7,4.9,27.2,1.6,0.2,13.1,27.8,5,1.1,6.1,0.169,4.6,-2.8,1.8,1.6
2014/2015,63065000,68023079.46,507336,Phoenix Suns,24,PHO,Arizona,West,Pacific,39,43,0.476,102.4,103.3,-0.38,Isaiah Thomas,PG,25,7238606,7779201,46,1,25.7,4.7,11.1,0.426,1.8,4.5,0.391,3,6.6,0.449,0.505,4,4.6,0.872,0.6,1.8,2.4,3.7,1,0.1,1.9,2.3,15.2,1181,19.7,0.579,0.404,0.412,2.4,7.8,5.1,23.6,1.9,0.3,12.8,25.8,3.2,0.7,4,0.162,3.8,-2.3,1.5,1
2014/2015,63065000,68023079.46,507336,Boston Celtics,2,BOS,Massachusetts,East,Atlantic,40,42,0.488,101.4,101.2,-0.4,Isaiah Thomas,PG,25,7238606,7779201,21,0,26,5.6,13.6,0.411,2.3,6.6,0.345,3.3,7,0.473,0.495,5.6,6.5,0.861,0.3,1.8,2.1,5.4,0.6,0,2.6,2.1,19,545,22.3,0.579,0.488,0.481,1.4,7.5,4.4,35.2,1.1,0,13.5,32.1,1.8,0.3,2.1,0.185,6.4,-3.9,2.5,0.6
2014/2015,63065000,68023079.46,507336,#N/A,#N/A,TOT,#N/A,#N/A,#N/A,#N/A,#N/A,#N/A,#N/A,#N/A,#N/A,Lance Thomas,PF-SF,26,937004,1006981,62,37,24,2.9,7.1,0.412,0.1,0.4,0.318,2.8,6.8,0.417,0.42,1.2,1.6,0.727,1,2.1,3.1,1.1,0.6,0.1,1.2,1.6,7.1,1490,8,0.456,0.05,0.224,4.8,9.9,7.3,7.4,1.3,0.4,13.2,17,-0.9,0.4,-0.4,-0.014,-4.1,-1.6,-5.7,-1.4
2014/2015,63065000,68023079.46,507336,Oklahoma City Thunder,21,OKC,Oklahoma,West,Northwest,45,37,0.549,104,101.8,2.47,Lance Thomas,SF,26,937004,1006981,22,13,20.5,2,5.7,0.357,0,0,0,2,5.7,0.36,0.357,1,1.5,0.697,1.3,2.1,3.4,0.9,0.5,0,0.8,1.7,5.1,450,6.6,0.402,0.008,0.262,6.8,11,8.9,6.3,1.2,0,10.8,15.1,-0.2,0.3,0,0.005,-4.5,-1.1,-5.5,-0.4
2014/2015,63065000,68023079.46,507336,New York Knicks,20,NYK,New York,East,Atlantic,17,65,0.207,91.9,101.2,-9.5,Lance Thomas,PF,26,937004,1006981,40,24,26,3.4,7.9,0.434,0.2,0.5,0.333,3.3,7.4,0.441,0.445,1.2,1.7,0.742,0.9,2.1,3,1.2,0.7,0.2,1.4,1.6,8.3,1040,8.6,0.478,0.066,0.209,4,9.5,6.7,7.9,1.3,0.6,14.2,17.8,-0.6,0.2,-0.5,-0.022,-4,-1.8,-5.7,-1
2014/2015,63065000,68023079.46,507336,Philadelphia 76ers,23,PHI,Pennsylvania,East,Atlantic,18,64,0.22,92,101,-9.04,Malcolm Thomas,PF,26,713910,767226,17,0,11.4,1.1,2.4,0.45,0,0.4,0,1.1,1.9,0.545,0.45,0.5,0.8,0.692,0.9,2.4,3.3,0.4,0.2,0.1,0.8,1,2.6,194,8.2,0.492,0.175,0.325,8.5,23.5,15.6,6,0.8,0.4,22.1,13.2,-0.1,0.2,0.1,0.023,-6.4,-1,-7.4,-0.3
2014/2015,63065000,68023079.46,507336,Memphis Grizzlies,15,MEM,Tennessee,West,Southwest,55,27,0.671,98.3,95.1,3.62,Tyrus Thomas,PF,28,9460664,10167207,2,0,3.5,0.5,0.5,1,0,0,,0.5,0.5,1,1,1,1,1,0,0,0,0.5,0,0,0,0,2,7,31.4,1.064,0,2,0,0,0,22.5,0,0,0,12.3,0.1,0,0.1,0.477,6.8,-8.5,-1.6,0
2014/2015,63065000,68023079.46,507336,Philadelphia 76ers,23,PHI,Pennsylvania,East,Atlantic,18,64,0.22,92,101,-9.04,Hollis Thompson,SG,23,816482,877458,71,23,25,3.2,7.6,0.413,1.6,4,0.401,1.5,3.6,0.426,0.518,0.9,1.3,0.708,0.7,2,2.8,1.2,0.8,0.4,0.9,2,8.8,1776,10.9,0.538,0.529,0.164,3.1,9.3,6,8.4,1.6,1.2,10.2,15.9,1.3,1.3,2.6,0.07,-1.1,-0.9,-2.1,0
2014/2015,63065000,68023079.46,507336,Sacramento Kings,26,SAC,California,West,Pacific,29,53,0.354,101.3,105,-3.07,Jason Thompson,PF,28,6037500,6488394,81,63,24.6,2.5,5.3,0.47,0,0,0,2.5,5.3,0.471,0.47,1.1,1.8,0.622,1.7,4.8,6.5,1,0.4,0.7,1,3,6.1,1991,10.2,0.5,0.002,0.334,8.2,21.5,15.1,6.5,0.8,2.3,14.6,12.7,0.9,1.5,2.4,0.057,-2.6,0.9,-1.7,0.1
2014/2015,63065000,68023079.46,507336,Golden State Warriors,10,GSW,California,West,Pacific,67,15,0.817,110,99.9,10.01,Klay Thompson,SG,24,3075880,3305593,77,77,31.9,7.8,16.9,0.463,3.1,7.1,0.439,4.7,9.8,0.481,0.555,2.9,3.3,0.879,0.4,2.9,3.2,2.9,1.1,0.8,1.9,1.6,21.7,2455,20.8,0.591,0.42,0.197,1.2,9.4,5.4,14.6,1.7,1.8,9.5,27.6,5.7,3.1,8.8,0.172,3.6,-1,2.7,2.9
2014/2015,63065000,68023079.46,507336,Cleveland Cavaliers,6,CLE,Ohio,East,Central,53,29,0.646,103.1,98.7,4.08,Tristan Thompson,PF,23,5421233,5826103,82,15,26.8,3.3,6,0.547,0,0,,3.3,6,0.547,0.547,1.9,3,0.641,3.3,4.7,8,0.5,0.4,0.7,1,2.3,8.5,2194,15.6,0.58,0,0.508,14.5,19.7,17.2,2.7,0.8,2.2,12.2,14,4.7,2.1,6.8,0.148,-0.3,-0.3,-0.6,0.8
2014/2015,63065000,68023079.46,507336,#N/A,#N/A,TOT,#N/A,#N/A,#N/A,#N/A,#N/A,#N/A,#N/A,#N/A,#N/A,Marcus Thornton,SG,27,8697500,9347049,48,0,15,2.9,7.2,0.406,1.1,3,0.378,1.8,4.2,0.426,0.484,1,1.2,0.821,0.5,1.3,1.8,0.8,0.6,0.1,0.6,0.8,7.9,721,15,0.514,0.414,0.162,3.4,9.7,6.5,8.2,1.9,0.8,6.8,24.1,0.6,0.7,1.2,0.083,0.1,-2.4,-2.4,-0.1
2014/2015,63065000,68023079.46,507336,Boston Celtics,2,BOS,Massachusetts,East,Atlantic,40,42,0.488,101.4,101.2,-0.4,Marcus Thornton,SG,27,8697500,9347049,39,0,16.4,3.3,7.8,0.416,1.3,3.2,0.419,1.9,4.6,0.414,0.502,1.1,1.3,0.824,0.5,1.4,1.9,0.9,0.5,0.2,0.6,0.9,8.9,640,15.8,0.531,0.407,0.167,3.2,9.4,6.2,8.8,1.6,0.8,6.3,23.9,0.8,0.6,1.4,0.104,0.7,-2.4,-1.7,0
2014/2015,63065000,68023079.46,507336,Phoenix Suns,24,PHO,Arizona,West,Pacific,39,43,0.476,102.4,103.3,-0.38,Marcus Thornton,SG,27,8697500,9347049,9,0,9,1.4,4.4,0.325,0.2,2.1,0.105,1.2,2.3,0.524,0.35,0.4,0.6,0.8,0.4,1,1.4,0.2,0.7,0,0.6,0.3,3.6,81,8.3,0.379,0.475,0.125,5.4,12.3,8.8,3.9,3.7,0,10.6,25.6,-0.2,0.1,-0.1,-0.077,-5.3,-2.4,-7.7,-0.1
2014/2015,63065000,68023079.46,507336,#N/A,#N/A,TOT,#N/A,#N/A,#N/A,#N/A,#N/A,#N/A,#N/A,#N/A,#N/A,Anthony Tolliver,PF,29,3000000,3224046,76,11,18.8,2.1,5.2,0.41,1.4,3.8,0.366,0.7,1.4,0.534,0.545,0.7,0.9,0.783,0.7,2.4,3.1,0.8,0.3,0.2,0.7,1.8,6.3,1432,11.1,0.569,0.738,0.176,3.7,14.5,9,6.3,0.9,0.9,10.8,14.7,1.8,0.9,2.7,0.092,0.5,-1.1,-0.6,0.5
2014/2015,63065000,68023079.46,507336,Phoenix Suns,24,PHO,Arizona,West,Pacific,39,43,0.476,102.4,103.3,-0.38,Anthony Tolliver,PF,29,3000000,3224046,24,0,11.3,1.1,3.1,0.351,1,2.6,0.387,0.1,0.5,0.167,0.514,0.2,0.3,0.667,0.3,1.6,1.8,0.4,0.2,0,0.5,0.8,3.3,272,7.8,0.522,0.838,0.081,2.4,15.5,8.9,5.2,0.7,0.3,12.6,14.2,0.1,0.2,0.2,0.04,-1.8,-2.2,-3.9,-0.1
2014/2015,63065000,68023079.46,507336,Detroit Pistons,9,DET,Michigan,East,Central,32,50,0.39,98.5,99.5,-1.39,Anthony Tolliver,PF,29,3000000,3224046,52,11,22.3,2.6,6.1,0.423,1.6,4.4,0.36,1,1.8,0.582,0.552,1,1.2,0.794,0.9,2.8,3.7,0.9,0.4,0.3,0.8,2.3,7.7,1160,11.8,0.58,0.715,0.197,4.1,14.3,9,6.5,0.9,1,10.3,14.8,1.8,0.8,2.5,0.104,1,-0.9,0.1,0.6
2014/2015,63065000,68023079.46,507336,Phoenix Suns,24,PHO,Arizona,West,Pacific,39,43,0.476,102.4,103.3,-0.38,PJ Tucker,SF,29,5700000,6125689,78,63,30.6,3.3,7.6,0.438,1.1,3.2,0.345,2.2,4.4,0.506,0.511,1.3,1.8,0.727,1.5,5,6.4,1.6,1.4,0.3,1.2,2.3,9.1,2383,12.5,0.541,0.423,0.24,5.2,18,11.5,7.4,2.2,0.7,12.7,13.9,2.2,2.7,4.9,0.098,-0.2,1.4,1.2,1.9
2014/2015,63065000,68023079.46,507336,Minnesota Timberwolves,18,MIN,Minnesota,West,Northwest,16,66,0.195,97.8,106.5,-8,Ronny Turiaf,C,32,1600000,1719491,2,0,9.5,0,0,,0,0,,0,0,,,0,0,,0,0.5,0.5,1,0,0,0,0,0,19,4.3,,,,0,6.2,3,14,0,0,,0,0,0,0,0.009,-5.6,-2.1,-7.7,0
2014/2015,63065000,68023079.46,507336,Los Angeles Clippers,13,LAC,California,West,Pacific,56,26,0.683,106.7,100.1,6.8,Hidayet Turkoglu,SF,35,1448490,1556666,62,2,11.4,1.3,3,0.441,1,2.2,0.432,0.4,0.8,0.469,0.601,0.1,0.2,0.545,0.1,1.5,1.6,0.6,0.3,0.1,0.5,1.1,3.7,705,10.5,0.602,0.739,0.059,0.8,14.7,7.9,7.5,1.4,0.8,13.1,14.2,0.6,0.6,1.2,0.081,-0.1,-0.8,-0.9,0.2
2014/2015,63065000,68023079.46,507336,Boston Celtics,2,BOS,Massachusetts,East,Atlantic,40,42,0.488,101.4,101.2,-0.4,Evan Turner,SG,26,3278000,3522808,82,57,27.6,3.9,9.1,0.429,0.4,1.5,0.277,3.5,7.6,0.458,0.451,1.3,1.7,0.752,0.5,4.6,5.1,5.5,1,0.2,2.4,2.2,9.5,2260,12.8,0.482,0.16,0.189,1.9,18.5,10.1,30,1.8,0.7,19.7,19.5,-0.3,2.8,2.5,0.054,-2.2,1.3,-1,0.6
2014/2015,63065000,68023079.46,507336,Los Angeles Clippers,13,LAC,California,West,Pacific,56,26,0.683,106.7,100.1,6.8,Ekpe Udoh,PF,27,981084,1054353,33,0,3.9,0.3,0.7,0.458,0,0,,0.3,0.7,0.458,0.458,0.2,0.3,0.778,0.2,0.6,0.8,0.2,0.2,0.2,0.2,0.6,0.9,128,11.6,0.519,0,0.375,6.3,16.4,11.4,8.5,3.2,4.5,20,12.3,0,0.2,0.3,0.101,-3.4,4.2,0.7,0.1
2014/2015,63065000,68023079.46,507336,Memphis Grizzlies,15,MEM,Tennessee,West,Southwest,55,27,0.671,98.3,95.1,3.62,Beno Udrih,PG,32,2077000,2232115,79,12,18.9,3.1,6.4,0.487,0.3,1.2,0.268,2.8,5.2,0.539,0.513,1.1,1.3,0.853,0.3,1.6,1.8,2.8,0.6,0.1,1.1,1.1,7.7,1494,15.4,0.55,0.192,0.202,1.5,9.4,5.5,24,1.6,0.4,13.9,19.6,2,1.6,3.6,0.115,0.2,-1,-0.8,0.5
2014/2015,63065000,68023079.46,507336,Toronto Raptors,28,TOR,Ontario,East,Atlantic,49,33,0.598,104,100.9,2.45,Jonas Valanciunas,C,22,3678360,3953068,80,80,26.2,4.7,8.2,0.572,0,0,0,4.7,8.1,0.573,0.572,2.7,3.5,0.786,2.7,6,8.7,0.5,0.4,1.2,1.4,2.8,12,2096,20.6,0.623,0.002,0.423,11.8,26.3,19.1,3.1,0.8,3.6,12.4,19.1,5.8,2.4,8.2,0.189,0.1,-0.6,-0.5,0.8
2014/2015,63065000,68023079.46,507336,Cleveland Cavaliers,6,CLE,Ohio,East,Central,53,29,0.646,103.1,98.7,4.08,Anderson Varejao,C,32,9800000,10531886,26,26,24.5,4.3,7.7,0.555,0,0.1,0,4.3,7.6,0.561,0.555,1.3,1.7,0.733,2.2,4.3,6.5,1.3,0.7,0.6,1.3,2.2,9.8,636,17.7,0.58,0.01,0.225,10.4,20.1,15.3,9.1,1.6,2,13.7,18.1,1.2,0.7,1.9,0.145,0,1,0.9,0.5
2014/2015,63065000,68023079.46,507336,Toronto Raptors,28,TOR,Ontario,East,Atlantic,49,33,0.598,104,100.9,2.45,Greivis Vasquez,PG,28,6400000,6877966,82,29,24.3,3.6,8.8,0.408,1.6,4.3,0.379,2,4.6,0.436,0.5,0.6,0.8,0.758,0.3,2.4,2.6,3.7,0.6,0.1,1.5,2.2,9.5,1991,12.6,0.514,0.484,0.091,1.3,11.2,6.3,23.9,1.2,0.4,13.6,19.8,1.9,0.9,2.8,0.066,1,-2.1,-1.1,0.4
2014/2015,63065000,68023079.46,507336,Dallas Mavericks,7,DAL,Texas,West,Southwest,50,32,0.61,105.2,102.3,3.36,Charlie Villanueva,PF,30,1316809,1415151,64,1,10.6,2.3,5.7,0.414,1.3,3.5,0.376,1,2.2,0.475,0.529,0.3,0.5,0.571,0.5,1.9,2.3,0.3,0.2,0.3,0.4,1,6.3,678,17.4,0.534,0.61,0.097,4.8,19.3,12.1,4.7,1.1,2.6,6.9,26.7,0.6,0.7,1.4,0.096,1.2,-3.1,-1.8,0
2014/2015,63065000,68023079.46,507336,Charlotte Hornets,4,CHO,North Carolina,East,Southeast,33,49,0.402,94.2,97.3,-3.44,Noah Vonleh,PF,19,2524200,2712713,25,0,10.4,1.2,3,0.395,0.2,0.5,0.385,1,2.5,0.397,0.428,0.7,1,0.692,1.1,2.3,3.4,0.2,0.2,0.4,0.4,0.8,3.3,259,13.2,0.475,0.171,0.342,11.6,25.3,18.3,2.5,0.8,2.7,11.2,17.3,0.1,0.4,0.5,0.085,-4.8,-0.9,-5.6,-0.2
2014/2015,63065000,68023079.46,507336,Orlando Magic,22,ORL,Florida,East,Southeast,25,57,0.305,95.7,101.4,-5.87,Nikola Vucevic,C,24,2902757,3119541,74,74,34.2,8.5,16.3,0.523,0,0.1,0.333,8.5,16.2,0.524,0.524,2.2,2.9,0.752,3.2,7.7,10.9,2,0.7,0.7,2,3,19.3,2529,21.5,0.548,0.005,0.181,10.4,26,18.1,11,1.1,1.7,10.2,26,4.5,2.5,7,0.133,0.7,-0.1,0.5,1.6
2014/2015,63065000,68023079.46,507336,Miami Heat,16,MIA,Florida,East,Southeast,37,45,0.451,94.7,97.3,-2.92,Dwyane Wade,SG,33,15000000,16120234,62,62,31.8,8.2,17.5,0.47,0.5,1.6,0.284,7.7,15.8,0.489,0.483,4.6,6,0.768,0.9,2.6,3.5,4.8,1.2,0.3,3.4,1.7,21.5,1971,21.4,0.534,0.094,0.341,3.6,9.6,6.7,32.1,2,0.9,14.4,34.7,2.1,1.4,3.5,0.086,2.4,-1.2,1.2,1.6
2014/2015,63065000,68023079.46,507336,#N/A,#N/A,TOT,#N/A,#N/A,#N/A,#N/A,#N/A,#N/A,#N/A,#N/A,#N/A,Dion Waiters,SG,23,4062000,4365359,80,23,27.6,4.7,11.8,0.396,0.9,3.1,0.297,3.8,8.8,0.431,0.435,1.5,2.2,0.68,0.5,1.9,2.4,2,1.1,0.3,1.4,1.9,11.8,2208,10.9,0.46,0.26,0.182,2.1,7.4,4.8,11.9,2.1,0.8,10,22.5,-0.6,1.7,1.1,0.025,-2.1,-1.5,-3.6,-0.9
2014/2015,63065000,68023079.46,507336,Cleveland Cavaliers,6,CLE,Ohio,East,Central,53,29,0.646,103.1,98.7,4.08,Dion Waiters,SG,23,4062000,4365359,33,3,23.8,4.2,10.4,0.404,0.7,2.6,0.256,3.5,7.8,0.453,0.436,1.4,1.8,0.783,0.4,1.4,1.7,2.2,1.3,0.3,1.5,1.8,10.5,786,12.2,0.468,0.251,0.175,1.8,6.5,4.2,15.6,2.9,1,12,24,-0.3,0.7,0.5,0.029,-2.1,-1,-3.1,-0.2
2014/2015,63065000,68023079.46,507336,Oklahoma City Thunder,21,OKC,Oklahoma,West,Northwest,45,37,0.549,104,101.8,2.47,Dion Waiters,SG,23,4062000,4365359,47,20,30.3,5,12.9,0.392,1.1,3.4,0.319,4,9.4,0.419,0.435,1.5,2.4,0.625,0.6,2.3,2.9,1.9,1,0.2,1.3,2,12.7,1422,10.1,0.455,0.265,0.185,2.2,7.9,5.1,9.8,1.6,0.6,8.8,21.7,-0.3,1,0.7,0.023,-2.2,-1.7,-3.8,-0.7
2014/2015,63065000,68023079.46,507336,Miami Heat,16,MIA,Florida,East,Southeast,37,45,0.451,94.7,97.3,-2.92,Henry Walker,SF,27,311634,334907,24,13,26.2,2.4,7,0.345,1.9,5.5,0.341,0.5,1.5,0.361,0.479,0.6,0.8,0.778,0.3,3.1,3.4,1.2,1,0.4,1,3.2,7.3,628,8,0.497,0.786,0.107,1.4,14,7.8,7.2,2,1.2,12,15,-0.1,0.6,0.5,0.039,-0.9,-0.1,-1,0.2
2014/2015,63065000,68023079.46,507336,Charlotte Hornets,4,CHO,North Carolina,East,Southeast,33,49,0.402,94.2,97.3,-3.44,Kemba Walker,PG,24,3452183,3709999,62,58,34.2,6.1,15.8,0.385,1.4,4.5,0.304,4.7,11.3,0.418,0.429,3.8,4.6,0.827,0.6,3,3.5,5.1,1.4,0.5,1.6,1.5,17.3,2119,17.6,0.486,0.285,0.288,1.8,9.9,5.7,27.1,2.2,1.2,8.3,25.9,1.8,2.6,4.5,0.101,2.2,0.1,2.2,2.3
2014/2015,63065000,68023079.46,507336,Washington Wizards,30,WAS,Washington DC,East,Southeast,46,36,0.561,98.5,97.8,0.17,John Wall,PG,24,13701250,14724490,79,79,35.9,6.6,14.8,0.445,0.8,2.7,0.3,5.7,12,0.478,0.473,3.6,4.6,0.785,0.5,4.2,4.6,10,1.7,0.6,3.8,2.3,17.6,2837,19.9,0.523,0.186,0.31,1.5,12.8,7.3,46.3,2.5,1.3,18.7,26.1,3.6,4.2,7.8,0.132,2.4,1.1,3.5,3.9
2014/2015,63065000,68023079.46,507336,Boston Celtics,2,BOS,Massachusetts,East,Atlantic,40,42,0.488,101.4,101.2,-0.4,Gerald Wallace,SF,32,10105855,10860583,32,0,8.9,0.4,1.1,0.412,0,0.1,0.333,0.4,1,0.419,0.426,0.2,0.5,0.4,0.5,1.3,1.8,0.3,0.5,0.1,0.6,0.6,1.1,286,6.2,0.431,0.088,0.441,6.4,15.5,10.9,5.1,2.6,1.1,30.7,9,-0.3,0.4,0.1,0.014,-5.8,2.6,-3.2,-0.1
2014/2015,63065000,68023079.46,507336,Phoenix Suns,24,PHO,Arizona,West,Pacific,39,43,0.476,102.4,103.3,-0.38,TJ Warren,SF,21,1953120,2098983,40,1,15.4,2.8,5.4,0.528,0.1,0.5,0.238,2.7,4.8,0.56,0.54,0.4,0.5,0.737,1,1.1,2.1,0.6,0.5,0.2,0.7,1.3,6.1,614,14,0.551,0.098,0.089,7.3,7.9,7.6,6.6,1.5,1.1,10.8,17.8,0.7,0.4,1.1,0.085,-1,-1.1,-2.1,0
2014/2015,63065000,68023079.46,507336,Indiana Pacers,12,IND,Indiana,East,Central,38,44,0.463,97.3,97,-0.23,CJ Watson,PG,30,2077000,2232115,57,21,24.9,3.2,7.3,0.434,1.2,3.1,0.4,1.9,4.2,0.459,0.518,2.4,2.9,0.826,0.3,2.5,2.9,3.6,1,0.2,1.8,1.9,10,1422,15.4,0.581,0.42,0.4,1.4,11.2,6.3,23.3,2.1,0.5,16.9,18.8,2.2,1.8,4,0.135,1.4,0.1,1.5,1.3
2014/2015,63065000,68023079.46,507336,Sacramento Kings,26,SAC,California,West,Pacific,29,53,0.354,101.3,105,-3.07,David Wear,PF,24,29843,32071,2,0,3.5,0,1,0,0,0.5,0,0,0.5,0,0,0,0,,1,0,1,0.5,0,0,0,0.5,0,7,2.4,0,0.5,0,33.6,0,16.2,18.8,0,0,0,12.6,0,0,0,-0.11,-0.3,-2.7,-3,0
2014/2015,63065000,68023079.46,507336,New York Knicks,20,NYK,New York,East,Atlantic,17,65,0.207,91.9,101.2,-9.5,Travis Wear,SF,24,507336,545225,51,1,13.2,1.6,4.1,0.402,0.2,0.6,0.367,1.4,3.5,0.408,0.428,0.4,0.5,0.769,0.6,1.5,2.1,0.8,0.3,0.2,0.7,1.1,3.9,672,8.5,0.451,0.144,0.124,5.2,13.3,9.1,9.9,1.2,1.4,13.7,17.5,-0.5,0.2,-0.3,-0.02,-4.5,-1.6,-6.1,-0.7
2014/2015,63065000,68023079.46,507336,Washington Wizards,30,WAS,Washington DC,East,Southeast,46,36,0.561,98.5,97.8,0.17,Martell Webster,SF,28,5381750,5783671,32,0,11,0.8,2.8,0.264,0.3,1.3,0.233,0.4,1.5,0.292,0.319,1.5,2,0.75,0.3,1.1,1.4,0.5,0.2,0,0.7,0.8,3.3,352,5.9,0.445,0.473,0.703,3.3,11.3,7.4,6.7,1,0.2,15.6,18.2,-0.3,0.3,0,0,-4.4,-1.6,-6.1,-0.4
2014/2015,63065000,68023079.46,507336,Indiana Pacers,12,IND,Indiana,East,Central,38,44,0.463,97.3,97,-0.23,David West,PF,34,12000000,12896187,66,66,28.7,4.9,10.4,0.471,0.1,0.3,0.2,4.8,10.1,0.479,0.474,1.8,2.4,0.739,1.6,5.2,6.8,3.4,0.7,0.7,1.8,2.4,11.7,1895,16,0.508,0.029,0.235,6.4,19.7,13.1,20.1,1.3,2,13.7,21,1.4,2.8,4.3,0.108,-0.7,2.4,1.7,1.8
2014/2015,63065000,68023079.46,507336,Oklahoma City Thunder,21,OKC,Oklahoma,West,Northwest,45,37,0.549,104,101.8,2.47,Russell Westbrook,PG,26,15719062,16892997,67,67,34.4,9.4,22,0.426,1.3,4.3,0.299,8.1,17.7,0.457,0.455,8.1,9.8,0.835,1.9,5.4,7.3,8.6,2.1,0.2,4.4,2.7,28.1,2302,29.1,0.536,0.196,0.445,5.9,16.7,11.4,47,3,0.5,14.3,38.4,7.5,3.2,10.6,0.222,8.8,2.2,11,7.6
2014/2015,63065000,68023079.46,507336,Miami Heat,16,MIA,Florida,East,Southeast,37,45,0.451,94.7,97.3,-2.92,Hassan Whiteside,C,25,775191,833083,48,32,23.8,5.1,8.1,0.628,0,0,,5.1,8.1,0.628,0.628,1.6,3.3,0.5,3,7,10,0.1,0.6,2.6,1.2,2.7,11.8,1142,26.2,0.619,0,0.403,15.6,34.7,25.4,1,1.2,9.2,11.3,21.1,2.8,2.4,5.3,0.221,-1.6,0.7,-0.9,0.3
2014/2015,63065000,68023079.46,507336,Indiana Pacers,12,IND,Indiana,East,Central,38,44,0.463,97.3,97,-0.23,Shayne Whittington,PF,23,507336,545225,20,0,5.4,1,2.1,0.452,0.1,0.3,0.167,0.9,1.8,0.5,0.464,0.9,1.2,0.783,0.5,1,1.5,0.3,0.3,0.1,0.3,0.9,2.9,108,20,0.547,0.143,0.548,10.3,19.3,14.8,9.6,2.4,1.5,8.8,23.9,0.3,0.2,0.4,0.2,0.5,0,0.5,0.1
2014/2015,63065000,68023079.46,507336,Minnesota Timberwolves,18,MIN,Minnesota,West,Northwest,16,66,0.195,97.8,106.5,-8,Andrew Wiggins,SF,19,5510640,5922187,82,82,36.2,6.1,13.9,0.437,0.5,1.5,0.31,5.6,12.3,0.453,0.454,4.3,5.7,0.76,1.6,2.9,4.6,2.1,1,0.6,2.2,2.3,16.9,2969,13.9,0.517,0.111,0.41,5,9.5,7.2,9.8,1.5,1.3,11.7,22.6,2.1,0,2.1,0.034,-0.5,-1.8,-2.3,-0.2
2014/2015,63065000,68023079.46,507336,Los Angeles Clippers,13,LAC,California,West,Pacific,56,26,0.683,106.7,100.1,6.8,CJ Wilcox,SG,24,1109760,1192639,21,0,4.8,0.8,1.8,0.421,0.3,0.9,0.368,0.4,0.9,0.474,0.513,0.1,0.1,1,0,0.3,0.3,0.4,0.1,0,0.5,0.3,2,101,8.5,0.527,0.5,0.053,1.1,6.5,3.9,12,1.5,0.8,20.5,21.8,-0.1,0.1,0,-0.024,-3.3,-2.7,-6,-0.1
2014/2015,63065000,68023079.46,507336,Brooklyn Nets,3,BRK,New York,East,Atlantic,38,44,0.463,98,100.9,-3.13,Deron Williams,PG,30,19754465,21229773,68,55,31.1,4.4,11.3,0.387,1.3,3.5,0.367,3.1,7.9,0.395,0.443,3,3.5,0.834,0.4,3.1,3.5,6.6,0.9,0.3,2.3,2.3,13,2114,15.7,0.504,0.307,0.313,1.5,11,6.3,33.7,1.6,0.6,14.9,22.3,2.3,1.3,3.6,0.083,1.3,-1.2,0.1,1.1
2014/2015,63065000,68023079.46,507336,Sacramento Kings,26,SAC,California,West,Pacific,29,53,0.354,101.3,105,-3.07,Derrick Williams,PF,23,6679866,7178733,74,6,19.8,2.9,6.6,0.447,0.7,2.1,0.314,2.3,4.4,0.511,0.498,1.8,2.6,0.684,0.6,2.2,2.7,0.7,0.5,0.1,0.8,0.9,8.3,1462,12.8,0.54,0.322,0.404,3.3,12.1,7.8,5.6,1.2,0.2,8.9,18.9,1.7,0.4,2.1,0.069,-0.5,-2.7,-3.2,-0.5
2014/2015,63065000,68023079.46,507336,#N/A,#N/A,TOT,#N/A,#N/A,#N/A,#N/A,#N/A,#N/A,#N/A,#N/A,#N/A,Elliot Williams,SG,25,161511,173572,13,0,9.2,1.1,2.8,0.378,0.6,1.4,0.444,0.5,1.5,0.316,0.486,0.1,0.3,0.25,0,0.6,0.6,0.9,0.3,0,0.3,0.9,2.8,119,8.7,0.477,0.486,0.108,0,7.7,3.8,15.5,1.8,0,9.4,16.4,0,0.1,0.1,0.039,-1.7,-2.9,-4.6,-0.1
2014/2015,63065000,68023079.46,507336,Utah Jazz,29,UTA,Utah,West,Northwest,38,44,0.463,95.1,94.9,0.71,Elliot Williams,SG,25,161511,173572,5,0,8.4,1.2,2.6,0.462,1,1.4,0.714,0.2,1.2,0.167,0.654,0.2,0.4,0.5,0,0.6,0.6,0.8,0.4,0,0.8,0.2,3.6,42,14.4,0.648,0.538,0.154,0,8.2,4.1,16.1,2.5,0,22.4,19.5,0,0,0.1,0.09,-0.1,-2.3,-2.4,0
2014/2015,63065000,68023079.46,507336,New Orleans Pelicans,19,NOP,Louisiana,West,Southwest,45,37,0.549,99.4,98.6,1.13,Elliot Williams,SG,25,161511,173572,8,0,9.6,1,3,0.333,0.4,1.4,0.273,0.6,1.6,0.385,0.396,0,0.3,0,0,0.6,0.6,1,0.3,0,0,1.4,2.4,77,5.6,0.382,0.458,0.083,0,7.4,3.7,15.2,1.4,0,0,14.7,0,0,0,0.012,-2.6,-3.2,-5.8,-0.1
2014/2015,63065000,68023079.46,507336,Toronto Raptors,28,TOR,Ontario,East,Atlantic,49,33,0.598,104,100.9,2.45,Louis Williams,SG,28,5450000,5857018,80,0,25.2,4.7,11.6,0.404,1.9,5.6,0.34,2.8,6,0.464,0.486,4.3,4.9,0.861,0.3,1.6,1.9,2.1,1.1,0.1,1.3,1.3,15.5,2016,19.9,0.564,0.482,0.426,1.4,7.3,4.3,13.6,2.3,0.4,8.4,27,5.4,1.1,6.6,0.157,4,-3.1,0.9,1.5
2014/2015,63065000,68023079.46,507336,Charlotte Hornets,4,CHO,North Carolina,East,Southeast,33,49,0.402,94.2,97.3,-3.44,Marvin Williams,PF,28,7000000,7522775,78,37,26.1,2.7,6.3,0.424,1.2,3.4,0.358,1.5,2.9,0.5,0.52,0.8,1.1,0.713,0.7,4.2,4.9,1.3,0.9,0.5,0.8,1.9,7.4,2035,11.8,0.541,0.535,0.176,3.1,18.2,10.4,7.8,1.8,1.4,10.1,13.3,1.5,2.9,4.3,0.102,-0.8,1.8,1,1.5
2014/2015,63065000,68023079.46,507336,#N/A,#N/A,TOT,#N/A,#N/A,#N/A,#N/A,#N/A,#N/A,#N/A,#N/A,#N/A,Maurice Williams,PG,32,3750000,4030058,68,33,29.1,5,12.6,0.397,1.8,5.1,0.342,3.3,7.5,0.434,0.466,2.4,2.8,0.872,0.3,2.2,2.6,6.2,0.7,0.2,2.5,2.4,14.2,1980,15.4,0.512,0.405,0.217,1.2,8.9,4.9,37.4,1.2,0.6,15.4,25.2,1.6,0.6,2.1,0.052,2.1,-3.5,-1.3,0.3
2014/2015,63065000,68023079.46,507336,Minnesota Timberwolves,18,MIN,Minnesota,West,Northwest,16,66,0.195,97.8,106.5,-8,Maurice Williams,PG,32,3750000,4030058,41,19,28,4.4,10.9,0.403,1.4,4.1,0.347,3,6.8,0.437,0.469,2,2.3,0.851,0.3,2.1,2.4,6.4,0.7,0.2,2.5,2.5,12.2,1149,14.4,0.511,0.38,0.21,1.3,8.7,4.9,38,1.3,0.5,17.3,22.7,0.9,-0.2,0.7,0.031,1.3,-4.2,-3,-0.3
2014/2015,63065000,68023079.46,507336,Charlotte Hornets,4,CHO,North Carolina,East,Southeast,33,49,0.402,94.2,97.3,-3.44,Maurice Williams,PG,32,3750000,4030058,27,14,30.8,6,15.3,0.39,2.2,6.6,0.337,3.7,8.7,0.43,0.462,3.1,3.4,0.892,0.3,2.5,2.8,6,0.6,0.2,2.6,2.2,17.2,831,16.9,0.512,0.431,0.225,1.2,9.1,5,36.5,1,0.6,13.4,28.8,0.7,0.7,1.4,0.08,3.4,-2.4,1,0.6
2014/2015,63065000,68023079.46,507336,San Antonio Spurs,27,SAS,Texas,West,Southwest,55,27,0.671,103.2,97,6.34,Reggie Williams,SF,28,487905,524342,20,0,5.3,0.8,2,0.385,0.2,1,0.158,0.6,1,0.6,0.423,0.2,0.2,1,0.3,0.6,0.9,0.5,0.1,0,0.1,0.6,1.9,105,10.5,0.454,0.487,0.103,5.5,12.7,9.2,14.4,0.5,0,4.7,18.5,0.1,0.1,0.2,0.083,-0.5,-2.2,-2.7,0
2014/2015,63065000,68023079.46,507336,#N/A,#N/A,TOT,#N/A,#N/A,#N/A,#N/A,#N/A,#N/A,#N/A,#N/A,#N/A,Shawne Williams,SF,28,1145685,1231246,63,22,17.3,1.9,4.8,0.403,1,2.8,0.36,0.9,1.9,0.467,0.51,0.6,0.6,0.875,0.6,2.1,2.6,0.7,0.4,0.3,0.5,2.1,5.4,1087,10.5,0.537,0.593,0.133,3.9,14,9,6.5,1.2,1.6,8.6,14.9,1.1,0.8,1.9,0.084,-0.2,-0.8,-1,0.3
2014/2015,63065000,68023079.46,507336,Miami Heat,16,MIA,Florida,East,Southeast,37,45,0.451,94.7,97.3,-2.92,Shawne Williams,SF,28,1145685,1231246,44,22,21,2.3,5.5,0.425,1.4,3.5,0.395,1,2,0.477,0.55,0.6,0.8,0.848,0.6,2.5,3.2,0.8,0.5,0.4,0.5,2.6,6.6,924,11.2,0.574,0.633,0.138,3.6,14.3,9,6.3,1.2,1.6,8.3,14.1,1.3,0.7,2,0.102,0.6,-0.7,-0.2,0.4
2014/2015,63065000,68023079.46,507336,Detroit Pistons,9,DET,Michigan,East,Central,32,50,0.39,98.5,99.5,-1.39,Shawne Williams,SF,28,1145685,1231246,19,0,8.6,1,3.2,0.317,0.2,1.4,0.154,0.8,1.8,0.441,0.35,0.4,0.4,1,0.5,0.9,1.4,0.4,0.2,0.2,0.4,1,2.6,163,6.7,0.388,0.433,0.117,5.8,12.5,9,7.5,1.3,1.9,10,19.1,-0.2,0.1,-0.1,-0.021,-4.3,-1.2,-5.5,-0.1
2014/2015,63065000,68023079.46,507336,New Orleans Pelicans,19,NOP,Louisiana,West,Southwest,45,37,0.549,99.4,98.6,1.13,Jeff Withey,C,24,816482,877458,37,0,7,0.9,1.7,0.5,0,0,,0.9,1.7,0.5,0.5,0.9,1.4,0.68,0.6,1.1,1.7,0.3,0.1,0.5,0.3,0.7,2.6,259,17.6,0.57,0,0.781,10.1,17.9,14,6.4,0.8,5.3,12.2,17.3,0.5,0.3,0.8,0.149,-1.6,0.6,-1,0.1
2014/2015,63065000,68023079.46,507336,#N/A,#N/A,TOT,#N/A,#N/A,#N/A,#N/A,#N/A,#N/A,#N/A,#N/A,#N/A,Nate Wolters,PG,23,904854,972429,21,0,11.8,1,2.7,0.351,0,0.3,0,1,2.4,0.4,0.351,0.1,0.3,0.333,0.4,1.2,1.6,1,0.4,0.1,0.6,0.9,2,247,4.6,0.352,0.123,0.105,3.7,11.9,7.8,12.2,1.7,0.6,17.9,13.3,-0.4,0.2,-0.2,-0.036,-6.1,0,-6.1,-0.3
2014/2015,63065000,68023079.46,507336,Milwaukee Bucks,17,MIL,Wisconsin,East,Central,41,41,0.5,97.8,97.4,-0.09,Nate Wolters,PG,23,904854,972429,11,0,12.9,1.1,2.8,0.387,0,0.5,0,1.1,2.4,0.462,0.387,0.1,0.4,0.25,0.2,1.3,1.5,0.9,0.5,0,0.3,1,2.3,142,5.4,0.382,0.161,0.129,1.6,11.2,6.4,10.2,1.8,0,8.4,11.3,-0.1,0.2,0.1,0.018,-5.2,-0.2,-5.3,-0.1
2014/2015,63065000,68023079.46,507336,New Orleans Pelicans,19,NOP,Louisiana,West,Southwest,45,37,0.549,99.4,98.6,1.13,Nate Wolters,PG,23,904854,972429,10,0,10.5,0.8,2.6,0.308,0,0.2,0,0.8,2.4,0.333,0.308,0.1,0.2,0.5,0.6,1.2,1.8,1.1,0.3,0.2,1,0.7,1.7,105,3.5,0.316,0.077,0.077,6.5,13,9.7,14.8,1.5,1.4,27.1,16,-0.3,0.1,-0.2,-0.109,-7.4,0.3,-7.1,-0.1
2014/2015,63065000,68023079.46,507336,#N/A,#N/A,TOT,#N/A,#N/A,#N/A,#N/A,#N/A,#N/A,#N/A,#N/A,#N/A,Brandan Wright,PF,27,5000000,5373411,75,7,19.3,3.1,4.8,0.642,0,0,0,3.1,4.8,0.647,0.642,1,1.5,0.696,1.7,2.6,4.3,0.5,0.7,1.3,0.5,1.4,7.3,1449,20.4,0.66,0.008,0.309,9.6,14.7,12.1,4.4,1.7,5.1,7.6,13.6,4.3,1.8,6.1,0.202,1.2,2.4,3.6,2
2014/2015,63065000,68023079.46,507336,Dallas Mavericks,7,DAL,Texas,West,Southwest,50,32,0.61,105.2,102.3,3.36,Brandan Wright,PF,27,5000000,5373411,27,0,18.7,3.7,5,0.748,0,0,,3.7,5,0.748,0.748,1.3,1.8,0.75,1.9,2.2,4.1,0.4,0.6,1.6,0.5,1.6,8.8,505,25.7,0.762,0,0.356,11,12.9,11.9,3.2,1.7,6.8,7.7,14.9,2.2,0.6,2.9,0.274,4,2.8,6.8,1.1
2014/2015,63065000,68023079.46,507336,Boston Celtics,2,BOS,Massachusetts,East,Atlantic,40,42,0.488,101.4,101.2,-0.4,Brandan Wright,PF,27,5000000,5373411,8,0,10.8,1.5,2.6,0.571,0,0,,1.5,2.6,0.571,0.571,0.3,0.5,0.5,0.9,1.3,2.1,1,0.1,0.6,0.6,0.5,3.3,86,15,0.571,0,0.19,8.8,12.9,10.8,14,0.6,4.5,18,14.1,0.1,0.1,0.2,0.106,-2.2,1.8,-0.4,0
2014/2015,63065000,68023079.46,507336,Phoenix Suns,24,PHO,Arizona,West,Pacific,39,43,0.476,102.4,103.3,-0.38,Brandan Wright,PF,27,5000000,5373411,40,7,21.5,3,5.2,0.58,0,0.1,0,3,5.1,0.588,0.58,1,1.5,0.667,1.8,3.1,4.9,0.6,0.8,1.2,0.4,1.4,7,858,17.8,0.6,0.014,0.29,8.9,16,12.4,4.1,1.9,4.2,6.4,12.8,2,1.1,3,0.17,-0.1,2.3,2.1,0.9
2014/2015,63065000,68023079.46,507336,Portland Trail Blazers,25,POR,Oregon,West,Northwest,51,31,0.622,102.8,98.6,4.41,Dorell Wright,SF,29,3145000,3379875,48,2,12.3,1.5,4,0.379,0.9,2.3,0.38,0.6,1.7,0.378,0.487,0.7,0.9,0.81,0.3,2,2.3,0.9,0.4,0.2,0.4,1.1,4.6,592,13.4,0.525,0.568,0.221,2.6,17.2,10,10.2,1.7,1.3,7.9,17.1,0.7,0.8,1.6,0.128,0.1,0.6,0.7,0.4
2014/2015,63065000,68023079.46,507336,Philadelphia 76ers,23,PHI,Pennsylvania,East,Atlantic,18,64,0.22,92,101,-9.04,Tony Wroten,PG,21,1210080,1300451,30,15,29.8,5.8,14.5,0.403,1.2,4.7,0.261,4.6,9.7,0.473,0.446,4,6,0.667,0.7,2.1,2.9,5.2,1.6,0.3,3.8,2.4,16.9,895,14.9,0.494,0.327,0.415,2.5,8.1,5.2,34.9,2.7,0.7,18,30.5,-0.6,0.9,0.3,0.014,0.3,-1.8,-1.5,0.1
2014/2015,63065000,68023079.46,507336,Boston Celtics,2,BOS,Massachusetts,East,Atlantic,40,42,0.488,101.4,101.2,-0.4,James Young,SG,19,1674480,1799533,31,0,10.7,1.2,3.3,0.353,0.5,2.1,0.258,0.6,1.2,0.528,0.436,0.5,0.9,0.552,0.3,1.1,1.4,0.4,0.3,0.1,0.2,0.7,3.4,332,8.5,0.457,0.647,0.284,2.9,11,6.9,5.6,1.2,0.5,4.2,15.8,0.1,0.3,0.3,0.047,-1.9,-1.9,-3.8,-0.2
2014/2015,63065000,68023079.46,507336,Los Angeles Lakers,14,LAL,California,West,Pacific,21,61,0.256,98.5,105.3,-6.17,Nick Young,SG,29,4994420,5367414,42,0,23.8,4.1,11.3,0.366,2,5.4,0.369,2.2,6,0.363,0.453,3.1,3.5,0.892,0.4,1.9,2.3,1,0.5,0.3,1,2,13.4,1000,14.2,0.52,0.473,0.311,1.8,9.1,5.3,6.9,1.2,0.9,7.5,26,1.1,0.1,1.2,0.058,0.9,-4.3,-3.5,-0.4
2014/2015,63065000,68023079.46,507336,#N/A,#N/A,TOT,#N/A,#N/A,#N/A,#N/A,#N/A,#N/A,#N/A,#N/A,#N/A,Thaddeus Young,PF,26,9160870,9845024,76,68,32,5.9,12.7,0.466,0.5,1.5,0.33,5.4,11.2,0.484,0.486,1.7,2.6,0.655,1.7,3.7,5.4,2.3,1.6,0.3,1.5,2.3,14.1,2434,15.7,0.507,0.119,0.207,5.8,13.5,9.6,12.4,2.6,0.8,10,21.5,1.6,1.4,3.1,0.061,0.2,-0.3,-0.1,1.2
2014/2015,63065000,68023079.46,507336,Minnesota Timberwolves,18,MIN,Minnesota,West,Northwest,16,66,0.195,97.8,106.5,-8,Thaddeus Young,PF,26,9160870,9845024,48,48,33.4,6,13.4,0.451,0.4,1.4,0.292,5.6,12,0.469,0.466,1.8,2.7,0.682,1.6,3.5,5.1,2.8,1.8,0.4,1.6,2.4,14.3,1605,15,0.491,0.101,0.201,5.2,12.5,8.7,14.7,2.7,0.8,9.7,21.2,0.8,0.6,1.4,0.043,0.1,-0.4,-0.4,0.7
2014/2015,63065000,68023079.46,507336,Brooklyn Nets,3,BRK,New York,East,Atlantic,38,44,0.463,98,100.9,-3.13,Thaddeus Young,PF,26,9160870,9845024,28,20,29.6,5.8,11.7,0.495,0.7,1.8,0.38,5.1,9.9,0.516,0.524,1.5,2.5,0.606,1.9,4.1,5.9,1.4,1.4,0.3,1.5,2,13.8,829,17.1,0.539,0.153,0.217,7.1,15.4,11.2,8,2.4,0.8,10.5,22,0.8,0.8,1.6,0.095,0.4,0,0.3,0.5
2014/2015,63065000,68023079.46,507336,Charlotte Hornets,4,CHO,North Carolina,East,Southeast,33,49,0.402,94.2,97.3,-3.44,Cody Zeller,C,22,4030560,4331571,62,45,24,2.8,6,0.461,0,0,1,2.8,6,0.46,0.462,2,2.6,0.774,1.6,4.3,5.8,1.6,0.5,0.8,1,2.5,7.6,1487,14.1,0.53,0.003,0.44,7,20.1,13.4,10.9,1.2,2.6,12.2,15.6,1.6,2.2,3.8,0.123,-2.1,2.5,0.4,0.9
2014/2015,63065000,68023079.46,507336,Boston Celtics,2,BOS,Massachusetts,East,Atlantic,40,42,0.488,101.4,101.2,-0.4,Tyler Zeller,C,25,1703760,1831000,82,59,21.1,4.1,7.5,0.549,0,0,,4.1,7.5,0.549,0.549,1.9,2.3,0.823,1.8,3.9,5.7,1.4,0.2,0.6,0.9,2.5,10.2,1731,18.9,0.594,0,0.3,9.1,20.5,14.7,10.8,0.5,2.3,9.8,19.6,4.5,2,6.5,0.179,0.4,0.4,0.9,1.2
2013/2014,58679000,63372330.19,490180,#N/A,#N/A,TOT,#N/A,#N/A,#N/A,#N/A,#N/A,#N/A,#N/A,#N/A,#N/A,Quincy Acy,SF,23,788872,865355,63,0,13.4,1,2.2,0.468,0.1,0.2,0.267,1,2,0.492,0.482,0.6,0.8,0.66,1.1,2.3,3.4,0.4,0.4,0.4,0.5,1.9,2.7,847,10.1,0.52,0.106,0.376,9.5,19.5,14.4,4.9,1.4,2.5,15.4,10.1,0.6,0.9,1.5,0.086,-2.5,1.4,-1.1,0.2
2013/2014,58679000,63372330.19,490180,Toronto Raptors,28,TOR,Ontario,East,Atlantic,48,34,0.585,101.3,98,2.55,Quincy Acy,SF,23,788872,865355,7,0,8.7,0.9,2,0.429,0.3,0.7,0.4,0.6,1.3,0.444,0.5,0.7,1.1,0.625,0.7,1.4,2.1,0.6,0.6,0.4,0.3,1.1,2.7,61,17.2,0.542,0.357,0.571,9.5,19.2,14.3,10.1,3.4,3.9,10.2,14.5,0.1,0.1,0.2,0.188,0.5,3.7,4.1,0.1
2013/2014,58679000,63372330.19,490180,Sacramento Kings,26,SAC,California,West,Pacific,28,54,0.341,100.5,103.4,-2.08,Quincy Acy,SF,23,788872,865355,56,0,14,1.1,2.3,0.472,0,0.2,0.2,1,2.1,0.496,0.48,0.5,0.8,0.667,1.2,2.4,3.6,0.4,0.3,0.4,0.5,2,2.7,786,9.6,0.518,0.079,0.354,9.5,19.5,14.4,4.4,1.2,2.4,16,9.8,0.5,0.7,1.3,0.078,-2.8,1.2,-1.5,0.1
2013/2014,58679000,63372330.19,490180,Oklahoma City Thunder,21,OKC,Oklahoma,West,Northwest,59,23,0.72,106.2,99.8,6.66,Steven Adams,C,20,2090880,2293597,81,20,14.8,1.1,2.3,0.503,0,0,,1.1,2.3,0.503,0.503,1,1.7,0.581,1.8,2.3,4.1,0.5,0.5,0.7,0.9,2.5,3.3,1197,11.2,0.541,0,0.735,14.1,17.1,15.6,4.9,1.7,3.9,22.5,11.7,0.9,1.9,2.9,0.114,-2.1,2.4,0.3,0.7
2013/2014,58679000,63372330.19,490180,#N/A,#N/A,TOT,#N/A,#N/A,#N/A,#N/A,#N/A,#N/A,#N/A,#N/A,#N/A,Jeff Adrien,PF,27,916099,1004917,53,12,18.1,2.7,5.2,0.52,0,0,,2.7,5.2,0.52,0.52,1.4,2.2,0.639,1.9,3.8,5.8,0.7,0.5,0.7,0.7,2,6.8,961,17.4,0.553,0,0.433,11.8,24.8,18.2,6.8,1.3,3,10.6,17.3,1.6,1.1,2.7,0.134,-1.4,0.3,-1.1,0.2
2013/2014,58679000,63372330.19,490180,Charlotte Bobcats,4,CHA,North Carolina,East,Southeast,43,39,0.524,96.9,97.1,-0.89,Jeff Adrien,PF,27,916099,1004917,25,0,10.2,0.9,1.6,0.55,0,0,,0.9,1.6,0.55,0.55,0.5,1,0.52,1.3,2.2,3.5,0.3,0.3,0.6,0.3,1.4,2.3,256,14.9,0.559,0,0.625,14.5,24.4,19.4,4.1,1.4,4.6,13.6,10.6,0.4,0.5,0.9,0.17,-2.5,2.9,0.4,0.2
2013/2014,58679000,63372330.19,490180,Milwaukee Bucks,17,MIL,Wisconsin,East,Central,15,67,0.183,95.5,103.7,-8.41,Jeff Adrien,PF,27,916099,1004917,28,12,25.2,4.3,8.4,0.515,0,0,,4.3,8.4,0.515,0.515,2.3,3.4,0.67,2.5,5.3,7.8,1.1,0.6,0.8,1.1,2.6,10.9,705,18.4,0.552,0,0.4,10.9,25,17.7,7.7,1.3,2.4,10.1,19.7,1.2,0.6,1.8,0.121,-0.9,-0.7,-1.6,0.1
2013/2014,58679000,63372330.19,490180,Orlando Magic,22,ORL,Florida,East,Southeast,23,59,0.28,96.5,102,-5.88,Arron Afflalo,SG,28,7562500,8295709,73,73,35,6.4,13.8,0.459,1.8,4.1,0.427,4.6,9.7,0.473,0.522,3.8,4.6,0.815,0.4,3.2,3.6,3.4,0.5,0,2,1.9,18.2,2552,16,0.574,0.297,0.332,1.4,10.2,5.8,16.9,0.7,0.1,11.2,23.3,4.3,1,5.3,0.099,1.7,-2.3,-0.6,0.9
2013/2014,58679000,63372330.19,490180,New Orleans Pelicans,19,NOP,Louisiana,West,Southwest,34,48,0.415,99.7,102.4,-1.98,Alexis Ajinca,C,25,635880,697530,56,30,17,2.4,4.4,0.546,0,0,0,2.4,4.4,0.548,0.546,1,1.2,0.836,1.7,3.3,4.9,0.7,0.4,0.8,1.1,3.3,5.9,951,14.6,0.589,0.004,0.269,11.3,22.7,16.9,6.6,1.3,4.1,18.4,16.3,1.2,0.9,2.1,0.104,-1.5,0.8,-0.7,0.3
2013/2014,58679000,63372330.19,490180,New York Knicks,20,NYK,New York,East,Atlantic,37,45,0.451,98.6,99.4,-1.4,Cole Aldrich,C,25,884293,970028,46,2,7.2,0.7,1.3,0.541,0,0,,0.7,1.3,0.541,0.541,0.6,0.7,0.867,0.8,2,2.8,0.3,0.2,0.7,0.4,0.9,2,330,19.1,0.62,0,0.492,12.8,33.8,23,6.4,1.3,8.1,19.5,13,0.6,0.6,1.2,0.178,-2.6,3.8,1.2,0.3
2013/2014,58679000,63372330.19,490180,Portland Trail Blazers,25,POR,Oregon,West,Northwest,54,28,0.659,106.7,102.8,4.44,LaMarcus Aldridge,PF,28,14100000,15467042,69,69,36.2,9.4,20.6,0.458,0,0.2,0.2,9.4,20.4,0.461,0.459,4.3,5.2,0.822,2.4,8.7,11.1,2.6,0.9,1,1.8,2.1,23.2,2498,21.8,0.507,0.011,0.253,7.2,25.5,16.5,13,1.3,1.9,7.2,29.8,4,3.5,7.5,0.144,-0.4,0.7,0.3,1.5
2013/2014,58679000,63372330.19,490180,#N/A,#N/A,TOT,#N/A,#N/A,#N/A,#N/A,#N/A,#N/A,#N/A,#N/A,#N/A,Lavoy Allen,PF,24,3120000,3422494,65,2,16.5,2.1,4.6,0.447,0,0.2,0.154,2,4.4,0.46,0.45,0.5,0.8,0.66,1.8,3,4.8,1.1,0.4,0.5,0.7,1.9,4.7,1072,12.5,0.47,0.043,0.167,11.7,20,15.7,10.1,1.1,2.4,12,14.6,0.6,0.9,1.5,0.066,-3.1,0.3,-2.8,-0.2
2013/2014,58679000,63372330.19,490180,Philadelphia 76ers,23,PHI,Pennsylvania,East,Atlantic,19,63,0.232,99.5,109.9,-10.66,Lavoy Allen,PF,24,3120000,3422494,51,2,18.8,2.3,5.2,0.44,0,0.3,0.154,2.3,5,0.455,0.444,0.5,0.8,0.675,2.1,3.4,5.4,1.3,0.4,0.5,0.8,2.3,5.2,960,11.9,0.464,0.049,0.15,11.5,20,15.6,10.2,1.1,2.2,12.4,14.3,0.4,0.7,1.1,0.053,-3.3,0.1,-3.2,-0.3
2013/2014,58679000,63372330.19,490180,Indiana Pacers,12,IND,Indiana,East,Central,56,26,0.683,96.7,92.3,3.63,Lavoy Allen,PF,24,3120000,3422494,14,0,8,1.2,2.4,0.5,0,0,,1.2,2.4,0.5,0.5,0.4,0.7,0.6,0.9,1.5,2.4,0.4,0.1,0.4,0.3,0.8,2.9,112,17.5,0.521,0,0.294,13.7,20.1,17.1,9,0.9,4.1,9.4,17.3,0.2,0.2,0.4,0.18,-1.7,2.2,0.4,0.1
2013/2014,58679000,63372330.19,490180,Miami Heat,16,MIA,Florida,East,Southeast,54,28,0.659,102.2,97.4,4.15,Ray Allen,SG,38,3229050,3542117,73,9,26.5,3.3,7.4,0.442,1.6,4.2,0.375,1.7,3.2,0.53,0.549,1.4,1.6,0.905,0.3,2.5,2.8,2,0.7,0.1,1.2,1.6,9.6,1936,12.8,0.59,0.569,0.214,1.6,11.4,6.7,11.1,1.5,0.4,12.4,16.8,2.5,1.5,4.1,0.101,1.3,-1.2,0.1,1
2013/2014,58679000,63372330.19,490180,Memphis Grizzlies,15,MEM,Tennessee,West,Southwest,50,32,0.61,96.1,94.6,2.18,Tony Allen,SG,32,5000000,5484766,55,28,23.2,3.7,7.5,0.494,0.2,0.9,0.234,3.5,6.7,0.527,0.507,1.4,2.2,0.628,1.4,2.3,3.8,1.7,1.6,0.3,1.6,2.2,9,1278,15.6,0.531,0.114,0.293,7.3,12,9.6,11.7,3.8,1.2,16.2,20.1,0.5,2.1,2.7,0.1,-0.1,2.4,2.3,1.4
2013/2014,58679000,63372330.19,490180,New Orleans Pelicans,19,NOP,Louisiana,West,Southwest,34,48,0.415,99.7,102.4,-1.98,Al-Farouq Aminu,SF,23,3700000,4058727,80,65,25.6,2.9,6.2,0.474,0.2,0.6,0.271,2.8,5.6,0.496,0.487,1.1,1.7,0.664,1.6,4.6,6.2,1.4,1,0.5,1.1,1.8,7.2,2045,13.2,0.516,0.097,0.277,7.2,21.2,14.1,8.4,2.1,1.6,13.7,14.3,1.3,1.8,3.1,0.072,-1.4,1,-0.3,0.9
2013/2014,58679000,63372330.19,490180,#N/A,#N/A,TOT,#N/A,#N/A,#N/A,#N/A,#N/A,#N/A,#N/A,#N/A,#N/A,Louis Amundson,PF,31,#N/A,#N/A,19,0,9.7,0.8,1.7,0.5,0,0,,0.8,1.7,0.5,0.5,0.3,1.3,0.25,1.5,1.4,2.9,0.3,0.5,0.6,0.7,2.6,2,185,9.1,0.446,0,0.75,17.3,17.2,17.3,4.7,2.5,5,24.8,13.9,-0.1,0.2,0.1,0.024,-3.4,2.1,-1.3,0
2013/2014,58679000,63372330.19,490180,New Orleans Pelicans,19,NOP,Louisiana,West,Southwest,34,48,0.415,99.7,102.4,-1.98,Louis Amundson,PF,31,#N/A,#N/A,18,0,10.2,0.9,1.8,0.5,0,0,,0.9,1.8,0.5,0.5,0.3,1.3,0.25,1.6,1.5,3.1,0.3,0.5,0.6,0.8,2.7,2.1,184,9.2,0.446,0,0.75,17.4,17.3,17.4,4.7,2.5,5,24.8,14,-0.1,0.2,0.1,0.024,-3.4,2.1,-1.3,0
2013/2014,58679000,63372330.19,490180,Chicago Bulls,5,CHI,Illinois,East,Central,48,34,0.585,93.7,91.8,1.2,Louis Amundson,PF,31,#N/A,#N/A,1,0,1,0,0,,0,0,,0,0,,,0,0,,0,0,0,0,0,0,0,0,0,1,0,,,,0,0,0,0,0,0,,0,0,0,0,0.029,-7.3,1,-6.3,0
2013/2014,58679000,63372330.19,490180,Miami Heat,16,MIA,Florida,East,Southeast,54,28,0.659,102.2,97.4,4.15,Chris Andersen,C,35,6217507,6820314,72,0,19.4,2.5,3.8,0.644,0,0.2,0.25,2.4,3.7,0.662,0.649,1.7,2.3,0.71,1.8,3.5,5.3,0.3,0.4,1.3,0.7,2.3,6.6,1396,18.5,0.683,0.044,0.615,12.1,21.7,17.1,2.1,1.2,6.1,13.2,13.8,3.8,2.2,6,0.205,0.1,1.5,1.6,1.3
2013/2014,58679000,63372330.19,490180,Brooklyn Nets,3,BRK,New York,East,Atlantic,44,38,0.537,98.5,99.5,-1.58,Alan Anderson,SF,31,947907,1039809,78,26,22.7,2.5,6.2,0.4,1.1,3.2,0.339,1.4,3,0.464,0.487,1.2,1.5,0.78,0.5,1.7,2.2,1,0.6,0.1,0.8,1.9,7.2,1773,9.5,0.525,0.511,0.243,2.7,9.1,5.9,7.3,1.4,0.5,10.4,15.9,0.8,0.9,1.7,0.047,-0.8,-1.4,-2.2,-0.1
2013/2014,58679000,63372330.19,490180,Philadelphia 76ers,23,PHI,Pennsylvania,East,Atlantic,19,63,0.232,99.5,109.9,-10.66,James Anderson,SG,24,916099,1004917,80,62,28.9,3.9,9,0.431,1.4,4.4,0.328,2.4,4.6,0.53,0.511,1,1.3,0.726,0.7,3,3.8,1.9,0.9,0.4,1.3,1.9,10.1,2309,10.9,0.53,0.49,0.148,2.7,11.7,7,9.9,1.6,1,12.2,15.9,0.9,0.9,1.9,0.039,-1.2,-1.3,-2.5,-0.3
2013/2014,58679000,63372330.19,490180,New Orleans Pelicans,19,NOP,Louisiana,West,Southwest,34,48,0.415,99.7,102.4,-1.98,Ryan Anderson,PF,25,8308500,9114037,22,14,36.1,7,16.1,0.438,3,7.5,0.409,4,8.6,0.463,0.532,2.7,2.8,0.952,3,3.5,6.5,0.8,0.5,0.3,0.9,2.1,19.8,795,18.8,0.572,0.463,0.175,9.5,11.3,10.4,3.6,0.7,0.7,5,22.9,2.2,0.1,2.3,0.138,4.3,-4.5,-0.1,0.4
2013/2014,58679000,63372330.19,490180,Milwaukee Bucks,17,MIL,Wisconsin,East,Central,15,67,0.183,95.5,103.7,-8.41,Giannis Antetokounmpo,SF,19,1792560,1966354,77,23,24.6,2.2,5.4,0.414,0.5,1.5,0.347,1.7,3.9,0.44,0.463,1.8,2.6,0.683,1,3.4,4.4,1.9,0.8,0.8,1.6,2.2,6.8,1897,10.8,0.518,0.282,0.483,4.6,16.3,10.2,12.1,1.7,2.6,19.4,15,0.1,1.1,1.2,0.031,-2.5,0.7,-1.8,0.1
2013/2014,58679000,63372330.19,490180,New York Knicks,20,NYK,New York,East,Atlantic,37,45,0.451,98.6,99.4,-1.4,Carmelo Anthony,PF,29,21490000,23573527,77,77,38.7,9.6,21.3,0.452,2.2,5.4,0.402,7.5,15.9,0.469,0.503,6,7,0.848,1.9,6.2,8.1,3.1,1.2,0.7,2.6,2.9,27.4,2982,24.4,0.561,0.253,0.329,5.6,19.4,12.3,15.8,1.7,1.5,9.5,32.4,8.1,2.5,10.7,0.172,4.6,-1,3.6,4.2
2013/2014,58679000,63372330.19,490180,#N/A,#N/A,TOT,#N/A,#N/A,#N/A,#N/A,#N/A,#N/A,#N/A,#N/A,#N/A,Joel Anthony,C,31,3800000,4168422,33,0,5.6,0.4,1,0.375,0,0,,0.4,1,0.375,0.375,0.1,0.2,0.5,0.5,0.7,1.2,0.1,0.1,0.4,0.1,0.5,0.8,186,8.1,0.394,0,0.25,9.1,14.6,11.8,1.6,0.8,5.2,7.8,9.3,0,0.2,0.2,0.044,-5.7,1,-4.7,-0.1
2013/2014,58679000,63372330.19,490180,Miami Heat,16,MIA,Florida,East,Southeast,54,28,0.659,102.2,97.4,4.15,Joel Anthony,C,31,3800000,4168422,12,0,3.1,0.2,0.5,0.333,0,0,,0.2,0.5,0.333,0.333,0.2,0.2,1,0.2,0.4,0.6,0,0,0.3,0.1,0.3,0.5,37,8,0.436,0,0.333,7.1,16.4,11.9,0,0,9.4,12.7,10.2,0,0,0,0.049,-7.3,0.8,-6.6,0
2013/2014,58679000,63372330.19,490180,Boston Celtics,2,BOS,Massachusetts,East,Atlantic,25,57,0.305,96.2,100.7,-4.97,Joel Anthony,C,31,3800000,4168422,21,0,7.1,0.5,1.2,0.385,0,0,,0.5,1.2,0.385,0.385,0.1,0.3,0.333,0.6,0.9,1.5,0.1,0.1,0.4,0.1,0.6,1,149,8.1,0.384,0,0.231,9.6,14.1,11.8,1.9,1,4.1,6.5,9.1,0,0.1,0.1,0.043,-5.3,1.1,-4.2,-0.1
2013/2014,58679000,63372330.19,490180,Atlanta Hawks,1,ATL,Georgia,East,Southeast,38,44,0.463,101,101.5,-0.88,Pero Antic,C,31,1200000,1316344,50,26,18.5,2.5,5.9,0.418,1.1,3.4,0.327,1.3,2.5,0.545,0.514,1,1.3,0.758,1.1,3,4.2,1.2,0.4,0.2,1.1,2.5,7,925,11.7,0.545,0.582,0.224,7.2,18.9,13.1,9.8,1,1,14.5,18.6,0.5,0.9,1.4,0.075,-0.5,-0.9,-1.4,0.1
2013/2014,58679000,63372330.19,490180,Washington Wizards,30,WAS,Washington DC,East,Southeast,44,38,0.537,100.7,99.4,0.48,Trevor Ariza,SF,28,7727280,8476465,77,77,35.4,5.1,11.1,0.456,2.3,5.7,0.407,2.7,5.3,0.509,0.562,1.9,2.5,0.772,1.3,4.9,6.2,2.5,1.6,0.3,1.7,2.3,14.4,2723,15.8,0.59,0.518,0.226,4.1,16.3,10.1,10.8,2.4,0.6,12.3,17.8,4.3,3.7,8,0.141,2.3,1.1,3.4,3.6
2013/2014,58679000,63372330.19,490180,Golden State Warriors,10,GSW,California,West,Pacific,51,31,0.622,104.3,99.5,5.15,Hilton Armstrong,C,29,296138,324849,15,1,6.5,0.6,1.3,0.474,0,0,,0.6,1.3,0.474,0.474,0.5,1.1,0.438,1.3,1.9,3.1,0.3,0.3,0.3,0.4,0.7,1.7,97,17,0.48,0,0.842,21.8,31,26.5,7.1,2.1,3.1,18.7,14.5,0.1,0.2,0.3,0.162,-2.5,3.1,0.6,0.1
2013/2014,58679000,63372330.19,490180,Denver Nuggets,8,DEN,Colorado,West,Northwest,36,46,0.439,104.4,106.5,-1.4,Darrell Arthur,SF,25,3231683,3545005,68,1,17.1,2.4,6,0.395,0.4,0.9,0.375,2,5.1,0.399,0.424,0.8,0.9,0.855,0.8,2.3,3.1,0.9,0.6,0.7,0.9,2.7,5.9,1161,9.4,0.459,0.156,0.151,4.8,14.7,9.8,8,1.6,3,11.7,18.1,-0.5,1.2,0.7,0.029,-3.8,1,-2.8,-0.2
2013/2014,58679000,63372330.19,490180,Houston Rockets,11,HOU,Texas,West,Southwest,54,28,0.659,107.7,103.1,5.06,Omer Asik,C,27,5225000,5731581,48,19,20.2,2.1,4,0.532,0,0,,2.1,4,0.532,0.532,1.6,2.6,0.619,2.1,5.8,7.9,0.5,0.3,0.8,1.2,1.9,5.8,968,14,0.57,0,0.663,12.3,30.1,21.7,3.8,0.7,2.8,19.4,13.8,1,1.5,2.4,0.121,-3.1,0.7,-2.4,-0.1
2013/2014,58679000,63372330.19,490180,#N/A,#N/A,TOT,#N/A,#N/A,#N/A,#N/A,#N/A,#N/A,#N/A,#N/A,#N/A,DJ Augustin,PG,26,592279,649702,71,9,27.3,4.2,10.1,0.415,1.9,4.7,0.401,2.3,5.4,0.427,0.508,2.8,3.2,0.885,0.2,1.6,1.8,4.4,0.7,0,1.8,2.1,13.1,1939,16.2,0.569,0.462,0.316,0.9,6.7,3.8,28.9,1.5,0.1,13.3,22.4,3.8,2.4,6.2,0.154,2.6,-2.2,0.4,1.2
2013/2014,58679000,63372330.19,490180,Toronto Raptors,28,TOR,Ontario,East,Atlantic,48,34,0.585,101.3,98,2.55,DJ Augustin,PG,26,592279,649702,10,0,8.2,0.7,2.4,0.292,0.1,1.1,0.091,0.6,1.3,0.462,0.313,0.6,0.6,1,0,0.4,0.4,1,0.1,0,0.9,0.7,2.1,82,1.2,0.394,0.458,0.25,0,5.7,2.8,18.4,0.6,0,25.3,19.8,-0.2,0,-0.2,-0.112,-7.4,-3.7,-11.2,-0.2
2013/2014,58679000,63372330.19,490180,Chicago Bulls,5,CHI,Illinois,East,Central,48,34,0.585,93.7,91.8,1.2,DJ Augustin,PG,26,592279,649702,61,9,30.4,4.8,11.4,0.419,2.2,5.3,0.411,2.6,6.1,0.426,0.514,3.2,3.6,0.882,0.2,1.8,2.1,5,0.9,0,1.9,2.3,14.9,1857,16.8,0.574,0.463,0.318,0.9,6.7,3.9,29.3,1.5,0.1,12.8,22.5,4,2.4,6.4,0.166,3.1,-2.1,1,1.4
2013/2014,58679000,63372330.19,490180,Atlanta Hawks,1,ATL,Georgia,East,Southeast,38,44,0.463,101,101.5,-0.88,Gustavo Ayon,C,28,1500000,1645430,26,14,16.5,2,3.9,0.51,0,0,,2,3.9,0.51,0.51,0.3,0.8,0.4,1.6,3.2,4.8,1.1,1,0.4,1.1,1.8,4.3,429,12.9,0.505,0,0.196,11.4,22.3,16.9,10,3,1.8,20.7,14.8,0,0.7,0.7,0.078,-3.2,3,-0.2,0.2
2013/2014,58679000,63372330.19,490180,San Antonio Spurs,27,SAS,Texas,West,Southwest,62,20,0.756,105.4,97.6,8,Jeff Ayres,PF,26,1750000,1919668,73,10,13,1.4,2.4,0.58,0,0,,1.4,2.4,0.58,0.58,0.5,0.8,0.691,1.2,2.3,3.5,0.8,0.2,0.3,0.9,2,3.3,952,11.1,0.605,0,0.316,11,19.2,15.3,8.6,0.7,1.9,24.1,12.4,1,1.4,2.4,0.121,-1.6,2.1,0.5,0.6
2013/2014,58679000,63372330.19,490180,Boston Celtics,2,BOS,Massachusetts,East,Atlantic,25,57,0.305,96.2,100.7,-4.97,Chris Babb,SG,23,138403,151821,14,0,9.4,0.6,2.1,0.267,0.4,1.9,0.222,0.1,0.2,0.667,0.367,0,0,,0.3,0.9,1.2,0.2,0.4,0,0.2,0.9,1.6,132,3.7,0.367,0.9,0,3.3,11.5,7.3,3.3,2.3,0,9.1,11.1,-0.1,0.1,0,-0.008,-3.7,-0.7,-4.4,-0.1
2013/2014,58679000,63372330.19,490180,New Orleans Pelicans,19,NOP,Louisiana,West,Southwest,34,48,0.415,99.7,102.4,-1.98,Luke Babbitt,PF,24,387995,425612,27,2,17.5,2.2,5.7,0.39,1.3,3.5,0.379,0.9,2.2,0.407,0.506,0.5,0.7,0.778,0.7,2.6,3.3,1.1,0.3,0.4,0.6,1.9,6.3,473,12.1,0.525,0.617,0.117,4.4,17.5,10.8,9.4,0.8,1.9,8.5,17,0.5,0.2,0.7,0.074,0.5,-1.9,-1.4,0.1
2013/2014,58679000,63372330.19,490180,Phoenix Suns,24,PHO,Arizona,West,Pacific,48,34,0.585,105.2,102.6,3.02,Leandro Barbosa,PG,31,650359,713413,20,0,18.4,2.8,6.6,0.427,0.4,1.3,0.28,2.5,5.3,0.462,0.454,1.6,2,0.795,0.3,1.6,1.9,1.6,0.4,0.2,1,1.5,7.5,368,11.5,0.506,0.191,0.298,1.5,9.7,5.6,13.4,1,0.8,11.4,20,0.2,0.2,0.4,0.058,-2.2,-1.8,-3.9,-0.2
2013/2014,58679000,63372330.19,490180,Minnesota Timberwolves,18,MIN,Minnesota,West,Northwest,40,42,0.488,106.9,104.3,3.1,Jose Juan Barea,PG,29,4687000,5141420,79,1,18.6,3.2,8.3,0.387,0.9,2.9,0.316,2.3,5.4,0.426,0.443,1,1.3,0.79,0.2,1.7,1.9,3.8,0.3,0,1.6,1.6,8.4,1471,11.6,0.471,0.352,0.152,1.2,10.5,5.7,32.7,0.9,0,15.2,23.9,-0.1,0.9,0.7,0.024,-0.9,-2.7,-3.6,-0.6
2013/2014,58679000,63372330.19,490180,New York Knicks,20,NYK,New York,East,Atlantic,37,45,0.451,98.6,99.4,-1.4,Andrea Bargnani,C,28,11000000,12066487,42,39,29.9,5.3,12,0.442,0.7,2.6,0.278,4.6,9.4,0.487,0.472,2,2.4,0.824,1.6,3.6,5.3,1.1,0.3,1.2,1.4,2.4,13.3,1257,14.5,0.51,0.215,0.203,6.3,14.7,10.4,6.1,0.6,3.7,9.6,22.4,0.8,0.7,1.5,0.058,-1.4,-1,-2.4,-0.1
2013/2014,58679000,63372330.19,490180,Golden State Warriors,10,GSW,California,West,Pacific,51,31,0.622,104.3,99.5,5.15,Harrison Barnes,SF,21,2923920,3207403,78,24,28.3,3.5,8.7,0.399,0.8,2.4,0.347,2.6,6.3,0.419,0.448,1.7,2.3,0.718,0.8,3.1,4,1.5,0.8,0.3,1.1,2,9.5,2204,9.8,0.486,0.28,0.267,3.3,11.9,7.7,7.6,1.5,0.7,10,16.8,0.4,2.8,3.2,0.07,-2.3,0.9,-1.4,0.3
2013/2014,58679000,63372330.19,490180,Los Angeles Clippers,13,LAC,California,West,Pacific,57,25,0.695,107.9,101,7.27,Matt Barnes,SF,33,3250000,3565098,63,40,27.5,3.7,8.4,0.438,1.5,4.5,0.343,2.1,3.9,0.549,0.53,1,1.4,0.733,1,3.7,4.6,2,0.9,0.4,1.3,2.9,9.9,1735,12,0.552,0.537,0.171,4,14.4,9.3,10.6,1.6,1.2,13,16.6,1.5,2,3.5,0.097,0.7,0.8,1.5,1.5
2013/2014,58679000,63372330.19,490180,Portland Trail Blazers,25,POR,Oregon,West,Northwest,54,28,0.659,106.7,102.8,4.44,Will Barton,SG,23,788872,865355,41,0,9.4,1.6,3.8,0.417,0.2,0.8,0.303,1.3,3,0.447,0.449,0.6,0.8,0.813,0.4,1.4,1.8,0.8,0.2,0.2,0.4,0.8,4,387,13.5,0.488,0.212,0.205,4.5,16,10.3,13.3,1.2,1.3,9.6,21.2,0.3,0.4,0.6,0.078,-1.9,-0.7,-2.7,-0.1
2013/2014,58679000,63372330.19,490180,Boston Celtics,2,BOS,Massachusetts,East,Atlantic,25,57,0.305,96.2,100.7,-4.97,Brandon Bass,PF,28,6750000,7404435,82,73,27.6,4.3,8.8,0.486,0,0.1,0.333,4.3,8.8,0.487,0.487,2.5,2.9,0.858,2,3.8,5.7,1.1,0.4,0.9,1.2,2.3,11.1,2266,15,0.549,0.008,0.33,7.8,15.9,11.8,6.4,0.8,2.4,10.9,18.2,3.2,1.9,5.1,0.107,-1.3,0.2,-1.2,0.5
2013/2014,58679000,63372330.19,490180,Miami Heat,16,MIA,Florida,East,Southeast,54,28,0.659,102.2,97.4,4.15,Shane Battier,SF,35,3270000,3587037,73,56,20.1,1.4,3.8,0.382,1,2.9,0.348,0.4,0.9,0.492,0.515,0.2,0.3,0.652,0.5,1.4,1.9,0.9,0.7,0.5,0.3,1.7,4.1,1468,8.7,0.523,0.764,0.084,3,8.6,5.9,6,1.8,2.3,6.9,10,1,1.4,2.4,0.078,0.1,0.7,0.8,1.1
2013/2014,58679000,63372330.19,490180,Portland Trail Blazers,25,POR,Oregon,West,Northwest,54,28,0.659,106.7,102.8,4.44,Nicolas Batum,SF,25,10920250,11979005,82,82,36,4.6,10,0.465,1.8,4.9,0.361,2.9,5.1,0.566,0.554,2,2.5,0.803,1.4,6,7.5,5.1,0.9,0.7,2.5,1.9,13,2956,15.8,0.589,0.491,0.248,4.3,17.8,11.1,20.9,1.3,1.3,18.6,16.5,4.8,3.1,7.9,0.128,2.4,1.8,4.2,4.6
2013/2014,58679000,63372330.19,490180,#N/A,#N/A,TOT,#N/A,#N/A,#N/A,#N/A,#N/A,#N/A,#N/A,#N/A,#N/A,Jerryd Bayless,PG,25,3135000,3438948,72,19,23.4,3.4,8.6,0.402,1.1,2.9,0.358,2.4,5.6,0.425,0.464,1.3,1.6,0.797,0.3,1.7,2,2.7,0.8,0.1,1.1,2.2,9.3,1686,12,0.498,0.344,0.191,1.5,8.6,5,18.5,1.9,0.4,10.9,20.1,1.1,1.3,2.4,0.069,-0.4,-1.4,-1.8,0.1
2013/2014,58679000,63372330.19,490180,Memphis Grizzlies,15,MEM,Tennessee,West,Southwest,50,32,0.61,96.1,94.6,2.18,Jerryd Bayless,PG,25,3135000,3438948,31,5,21,2.9,7.7,0.377,0.8,2.7,0.301,2.1,5,0.417,0.429,1.5,1.8,0.789,0.3,1.6,1.9,2.1,0.6,0.2,0.7,2.3,8.1,650,11.3,0.473,0.347,0.238,1.5,9.3,5.4,15.6,1.6,0.6,7.7,20.3,0.4,0.6,1,0.077,-0.6,-1.3,-2,0
2013/2014,58679000,63372330.19,490180,Boston Celtics,2,BOS,Massachusetts,East,Atlantic,25,57,0.305,96.2,100.7,-4.97,Jerryd Bayless,PG,25,3135000,3438948,41,14,25.3,3.9,9.2,0.418,1.2,3.1,0.395,2.6,6.1,0.43,0.485,1.2,1.5,0.803,0.3,1.8,2.1,3.1,1,0.1,1.5,2.2,10.1,1036,12.5,0.514,0.341,0.161,1.5,8.1,4.7,20.4,2,0.3,12.9,19.9,0.7,0.7,1.4,0.064,-0.2,-1.5,-1.7,0.1
2013/2014,58679000,63372330.19,490180,San Antonio Spurs,27,SAS,Texas,West,Southwest,62,20,0.756,105.4,97.6,8,Aron Baynes,C,27,788872,865355,53,4,9.3,1.3,3.1,0.436,0,0,,1.3,3.1,0.436,0.436,0.4,0.4,0.905,1.1,1.7,2.7,0.6,0,0.1,0.7,1.5,3,491,9.7,0.467,0,0.129,13.6,19.4,16.6,9.9,0.2,0.7,17.3,19.2,-0.1,0.6,0.6,0.055,-3.7,-0.3,-4,-0.2
2013/2014,58679000,63372330.19,490180,#N/A,#N/A,TOT,#N/A,#N/A,#N/A,#N/A,#N/A,#N/A,#N/A,#N/A,#N/A,Kent Bazemore,SG,24,762195,836092,67,15,13.6,2.2,5.1,0.429,0.6,1.9,0.336,1.6,3.2,0.484,0.491,1,1.6,0.606,0.1,1.6,1.7,1.4,0.6,0.2,1.2,1.5,6,911,11.2,0.515,0.373,0.318,1.2,12.6,6.9,15.7,2.3,1,16.8,22.6,-0.6,0.8,0.2,0.011,-2.1,-0.4,-2.5,-0.1
2013/2014,58679000,63372330.19,490180,Golden State Warriors,10,GSW,California,West,Pacific,51,31,0.622,104.3,99.5,5.15,Kent Bazemore,SG,24,762195,836092,44,0,6.1,0.8,2.2,0.371,0.2,0.9,0.256,0.6,1.3,0.448,0.423,0.4,0.8,0.528,0.1,0.8,0.9,0.5,0.3,0.1,0.6,1,2.3,268,6.2,0.448,0.402,0.371,2.1,14,8.1,10.9,2.2,1.7,19.9,23.1,-0.6,0.4,-0.2,-0.034,-6.1,0.3,-5.7,-0.3
2013/2014,58679000,63372330.19,490180,Los Angeles Lakers,14,LAL,California,West,Pacific,27,55,0.329,103,109.2,-5.33,Kent Bazemore,SG,24,762195,836092,23,15,28,4.8,10.7,0.451,1.4,3.9,0.371,3.4,6.8,0.497,0.518,2,3.2,0.644,0.2,3.1,3.3,3.1,1.3,0.3,2.2,2.6,13.1,643,13.3,0.543,0.362,0.297,0.8,12,6.4,17.7,2.3,0.8,15.5,22.3,0,0.4,0.4,0.029,-0.5,-0.7,-1.2,0.1
2013/2014,58679000,63372330.19,490180,Washington Wizards,30,WAS,Washington DC,East,Southeast,44,38,0.537,100.7,99.4,0.48,Bradley Beal,SG,20,4319280,4738048,73,73,34.7,6.6,15.7,0.419,1.9,4.7,0.402,4.7,11,0.426,0.479,2,2.6,0.788,0.7,3,3.7,3.3,1,0.2,1.8,2.1,17.1,2530,14.3,0.507,0.299,0.164,2.4,10.2,6.3,16,1.4,0.6,9.4,24.3,1.6,2.4,4,0.076,0.2,-1.3,-1.1,0.5
2013/2014,58679000,63372330.19,490180,Miami Heat,16,MIA,Florida,East,Southeast,54,28,0.659,102.2,97.4,4.15,Michael Beasley,SF,25,7027424,7708756,55,2,15.1,3.2,6.5,0.499,0.4,1,0.389,2.8,5.5,0.518,0.528,1.1,1.4,0.772,0.6,2.6,3.1,0.8,0.4,0.4,1,1.7,7.9,831,16.8,0.559,0.152,0.223,4.9,20.5,13,8.8,1.5,2.2,12.8,25.7,0.5,1.1,1.6,0.092,-2.2,-1.2,-3.5,-0.3
2013/2014,58679000,63372330.19,490180,San Antonio Spurs,27,SAS,Texas,West,Southwest,62,20,0.756,105.4,97.6,8,Marco Belinelli,SF,27,2750000,3016621,80,25,25.2,4.2,8.7,0.485,1.6,3.7,0.43,2.6,5,0.525,0.576,1.4,1.6,0.847,0.2,2.6,2.8,2.2,0.6,0.1,1.2,1.6,11.4,2016,15,0.605,0.422,0.188,1,11.2,6.3,13.2,1.3,0.3,11.2,19,3.5,2.4,5.9,0.14,1.9,-0.3,1.7,1.9
2013/2014,58679000,63372330.19,490180,Cleveland Cavaliers,6,CLE,Ohio,East,Central,33,49,0.402,98.2,101.5,-3.86,Anthony Bennett,PF,20,5324280,5840486,52,0,12.8,1.5,4.3,0.356,0.3,1,0.245,1.3,3.3,0.39,0.384,0.8,1.3,0.638,0.9,2,3,0.3,0.4,0.2,0.9,1.8,4.2,663,6.9,0.425,0.236,0.307,8.1,18.4,13.1,4,1.6,1,15.5,20.3,-1.1,0.7,-0.4,-0.028,-5.8,-1.5,-7.3,-0.9
2013/2014,58679000,63372330.19,490180,Houston Rockets,11,HOU,Texas,West,Southwest,54,28,0.659,107.7,103.1,5.06,Patrick Beverley,PG,25,788872,865355,56,55,31.3,3.6,8.6,0.414,1.6,4.6,0.361,1.9,4,0.473,0.509,1.5,1.8,0.814,1.3,2.2,3.5,2.7,1.4,0.4,1.2,3.1,10.2,1751,12.4,0.545,0.53,0.212,4.9,7.4,6.2,12.8,2.2,1,11.2,14.8,2.7,1.6,4.2,0.116,1.9,0.6,2.5,2
2013/2014,58679000,63372330.19,490180,Utah Jazz,29,UTA,Utah,West,Northwest,25,57,0.305,95,102.2,-6.27,Andris Biedrins,C,27,9000000,9872580,6,0,7.5,0.2,0.2,1,0,0,,0.2,0.2,1,1,0.2,1,0.167,0.3,2.5,2.8,0,0,0,0.3,1,0.5,45,2.4,0.412,0,6,5,39.7,21.8,0,0,0,35.5,5.7,-0.1,0,0,-0.033,-10.7,-4.3,-15,-0.1
2013/2014,58679000,63372330.19,490180,Detroit Pistons,9,DET,Michigan,East,Central,29,53,0.354,101,104.7,-4.13,Chauncey Billups,SG,37,2500000,2742383,19,7,16.3,1.3,4.2,0.304,0.7,2.5,0.292,0.5,1.6,0.323,0.392,0.5,0.6,0.833,0.2,1.3,1.5,2.2,0.4,0.1,1.3,1.3,3.8,309,5.3,0.427,0.608,0.152,1.3,8.9,4.9,18.7,1.3,0.3,22.9,15.1,-0.3,0.1,-0.3,-0.042,-3.8,-2.4,-6.3,-0.3
2013/2014,58679000,63372330.19,490180,Charlotte Bobcats,4,CHA,North Carolina,East,Southeast,43,39,0.524,96.9,97.1,-0.89,Bismack Biyombo,C,21,3217680,3529644,77,9,13.9,1.1,1.9,0.611,0,0,,1.1,1.9,0.611,0.611,0.6,1.2,0.517,1.4,3.4,4.8,0.1,0.1,1.1,0.5,1.6,2.9,1072,13.3,0.606,0,0.618,11,27.6,19.3,1.1,0.3,6.3,17.9,9.6,1.1,2.1,3.2,0.144,-4.7,2.2,-2.5,-0.1
2013/2014,58679000,63372330.19,490180,Dallas Mavericks,7,DAL,Texas,West,Southwest,49,33,0.598,104.8,102.4,2.91,DeJuan Blair,PF,24,941000,1032233,78,13,15.6,2.7,5,0.534,0,0,0,2.7,5,0.537,0.534,1,1.6,0.636,1.8,2.9,4.7,0.9,0.8,0.3,1,2.5,6.4,1214,17.3,0.557,0.005,0.308,13.3,21.6,17.5,8.9,2.5,1.4,14.7,19.6,1.8,1.5,3.4,0.133,-0.2,0.8,0.6,0.8
2013/2014,58679000,63372330.19,490180,#N/A,#N/A,TOT,#N/A,#N/A,#N/A,#N/A,#N/A,#N/A,#N/A,#N/A,#N/A,Steve Blake,PG,33,4000000,4387813,55,28,27.2,2.4,6.4,0.377,1.4,3.8,0.376,1,2.6,0.378,0.489,0.6,0.8,0.767,0.2,2.7,2.9,5.6,1,0.1,1.9,1.5,6.9,1498,11,0.508,0.595,0.122,0.9,10.4,5.7,28.8,1.8,0.4,21.5,13.8,0.7,1.1,1.8,0.058,-0.9,-0.7,-1.6,0.2
2013/2014,58679000,63372330.19,490180,Los Angeles Lakers,14,LAL,California,West,Pacific,27,55,0.329,103,109.2,-5.33,Steve Blake,PG,33,4000000,4387813,27,27,33,3.3,8.6,0.378,1.9,4.9,0.397,1.3,3.8,0.353,0.489,1,1.3,0.8,0.3,3.5,3.8,7.6,1.3,0.1,2.6,1.8,9.5,891,12.1,0.515,0.562,0.15,1,11.4,6.2,33,1.9,0.2,22.2,15.7,0.4,0.3,0.8,0.041,-0.3,-1.3,-1.6,0.1
2013/2014,58679000,63372330.19,490180,Golden State Warriors,10,GSW,California,West,Pacific,51,31,0.622,104.3,99.5,5.15,Steve Blake,PG,33,4000000,4387813,28,1,21.7,1.6,4.3,0.375,1,2.8,0.342,0.6,1.5,0.439,0.488,0.2,0.3,0.625,0.2,1.8,2,3.6,0.7,0.2,1.1,1.3,4.4,607,9.4,0.494,0.658,0.067,0.9,9,5,22.7,1.6,0.7,20.1,11.2,0.3,0.7,1.1,0.084,-1.8,0.2,-1.6,0.1
2013/2014,58679000,63372330.19,490180,Brooklyn Nets,3,BRK,New York,East,Atlantic,44,38,0.537,98.5,99.5,-1.58,Andray Blatche,PF,27,9170525,10059637,73,7,22.2,4.4,9.2,0.476,0.2,0.7,0.278,4.2,8.5,0.494,0.487,2.2,3,0.742,1.6,3.7,5.3,1.5,1,0.5,1.5,2.3,11.2,1618,18.8,0.532,0.08,0.328,8.9,19.9,14.4,12.8,2.4,2,12.5,25.6,1.6,2.1,3.7,0.109,-0.6,0.7,0.1,0.8
2013/2014,58679000,63372330.19,490180,Phoenix Suns,24,PHO,Arizona,West,Pacific,48,34,0.585,105.2,102.6,3.02,Eric Bledsoe,PG,24,2626473,2881118,43,40,32.9,6.2,12.9,0.477,1.2,3.3,0.357,5,9.7,0.517,0.522,4.3,5.5,0.772,0.6,4.1,4.7,5.5,1.6,0.3,3.3,2.3,17.7,1416,19.6,0.578,0.252,0.426,2.1,13.8,8,27,2.4,0.8,17.8,24.9,2.6,1.6,4.1,0.14,2.3,0.6,2.9,1.8
2013/2014,58679000,63372330.19,490180,Boston Celtics,2,BOS,Massachusetts,East,Atlantic,25,57,0.305,96.2,100.7,-4.97,Vander Blue,SG,21,28834,31629,3,0,5,0.7,1.3,0.5,0,0.3,0,0.7,1,0.667,0.5,0.3,1.7,0.2,0,1,1,0.3,0,0,0.7,0.3,1.7,15,0.5,0.403,0.25,1.25,0,23.4,11.4,10.7,0,0,24.4,24.3,-0.1,0,-0.1,-0.214,-10.9,-3.1,-13.9,0
2013/2014,58679000,63372330.19,490180,Boston Celtics,2,BOS,Massachusetts,East,Atlantic,25,57,0.305,96.2,100.7,-4.97,Keith Bogans,SG,33,5058198,5548607,6,0,9.2,0.5,1,0.5,0.5,1,0.5,0,0,,0.75,0.5,0.5,1,0,0.5,0.5,0.5,0.2,0,0.2,0.3,2,55,9.9,0.82,1,0.5,0,6.4,3.1,7.7,0.9,0,12,6.7,0.1,0,0.1,0.121,0.1,-2.2,-2.1,0
2013/2014,58679000,63372330.19,490180,Golden State Warriors,10,GSW,California,West,Pacific,51,31,0.622,104.3,99.5,5.15,Andrew Bogut,C,29,14200000,15576737,67,67,26.4,3.5,5.6,0.627,0,0,,3.5,5.6,0.627,0.627,0.3,1,0.344,2.7,7.3,10,1.7,0.7,1.8,1.4,3.1,7.3,1769,17,0.61,0,0.171,11.4,29.7,20.7,9.3,1.3,5.2,19.4,12.4,2.4,4,6.5,0.176,-1.2,5.6,4.4,2.8
2013/2014,58679000,63372330.19,490180,San Antonio Spurs,27,SAS,Texas,West,Southwest,62,20,0.756,105.4,97.6,8,Matt Bonner,PF,33,3945000,4327481,61,0,11.3,1.2,2.7,0.445,0.7,1.6,0.429,0.5,1.1,0.47,0.573,0.1,0.2,0.75,0.3,1.9,2.1,0.5,0.2,0.2,0.3,0.8,3.2,690,11.2,0.582,0.598,0.073,2.7,17.9,10.6,6.1,1.1,1.2,8.6,12.1,0.8,1,1.8,0.123,-0.4,0.7,0.3,0.4
2013/2014,58679000,63372330.19,490180,Washington Wizards,30,WAS,Washington DC,East,Southeast,44,38,0.537,100.7,99.4,0.48,Trevor Booker,PF,26,2350820,2578739,72,45,21.6,3.1,5.6,0.551,0,0,0,3.1,5.6,0.554,0.551,0.7,1.1,0.618,2.1,3.2,5.3,0.9,0.6,0.6,0.8,1.8,6.8,1553,15,0.563,0.005,0.189,10.9,17.5,14.1,6.3,1.4,2.4,11.7,14.4,2.3,2,4.3,0.132,-1.1,1.3,0.2,0.8
2013/2014,58679000,63372330.19,490180,Chicago Bulls,5,CHI,Illinois,East,Central,48,34,0.585,93.7,91.8,1.2,Carlos Boozer,PF,32,15300000,16783386,76,76,28.2,5.9,12.9,0.456,0,0,0,5.9,12.9,0.457,0.456,1.9,2.5,0.767,1.8,6.5,8.3,1.6,0.7,0.3,2,2.8,13.7,2141,14.4,0.489,0.002,0.197,7.4,25.9,16.8,10.9,1.3,0.8,12.6,26.3,-0.9,4.3,3.4,0.076,-4,0.6,-3.4,-0.7
2013/2014,58679000,63372330.19,490180,Miami Heat,16,MIA,Florida,East,Southeast,54,28,0.659,102.2,97.4,4.15,Chris Bosh,C,29,19067500,20916158,79,79,32,6.2,12.1,0.516,0.9,2.8,0.339,5.3,9.3,0.569,0.555,2.8,3.4,0.82,1.2,5.4,6.6,1.1,1,1,1.6,2.4,16.2,2531,19,0.597,0.229,0.285,5.1,20.3,13,5.8,1.7,2.7,10.4,22.6,4.6,3.4,8,0.152,0.5,0,0.5,1.6
2013/2014,58679000,63372330.19,490180,Boston Celtics,2,BOS,Massachusetts,East,Atlantic,25,57,0.305,96.2,100.7,-4.97,Avery Bradley,SG,23,2511432,2754923,60,58,30.9,6,13.8,0.438,1.3,3.3,0.395,4.7,10.4,0.451,0.485,1.5,1.9,0.804,0.8,3,3.8,1.4,1.1,0.2,1.6,2.4,14.9,1855,12.7,0.51,0.242,0.136,2.9,11.2,6.9,8.1,1.7,0.5,9.9,23.2,0.4,1.4,1.8,0.046,-1.1,-1.4,-2.5,-0.2
2013/2014,58679000,63372330.19,490180,Atlanta Hawks,1,ATL,Georgia,East,Southeast,38,44,0.463,101,101.5,-0.88,Elton Brand,C,34,4000000,4387813,73,15,19.4,2.5,4.5,0.539,0,0,0,2.5,4.5,0.542,0.539,0.8,1.3,0.649,1.3,3.6,4.9,1,0.5,1.2,0.8,2.6,5.7,1414,14,0.561,0.006,0.283,8,21.5,14.8,8.1,1.4,4.9,13.8,13.9,1.4,2.1,3.6,0.121,-2.7,3.1,0.5,0.9
2013/2014,58679000,63372330.19,490180,Minnesota Timberwolves,18,MIN,Minnesota,West,Northwest,40,42,0.488,106.9,104.3,3.1,Corey Brewer,SF,27,4500000,4936290,81,81,32.2,4.8,10,0.481,0.7,2.6,0.28,4.1,7.4,0.552,0.517,2,2.8,0.718,0.8,1.8,2.6,1.7,1.9,0.4,1.3,2.6,12.3,2609,12.7,0.55,0.261,0.281,2.6,6.2,4.3,7.9,2.9,0.9,10.4,16.5,2.4,2.7,5.2,0.095,0.4,1.3,1.7,2.4
2013/2014,58679000,63372330.19,490180,#N/A,#N/A,TOT,#N/A,#N/A,#N/A,#N/A,#N/A,#N/A,#N/A,#N/A,#N/A,Ronnie Brewer,SF,28,1256250,1378047,24,3,6.7,0.1,0.6,0.2,0,0.3,0.125,0.1,0.3,0.286,0.233,0,0.1,0,0.1,0.5,0.6,0.4,0.3,0,0.1,0.2,0.3,160,3.4,0.22,0.533,0.133,1.5,7.9,4.9,8.1,1.9,0.5,11.2,4.9,-0.1,0.1,0,0.004,-4.6,1.2,-3.4,-0.1
2013/2014,58679000,63372330.19,490180,Houston Rockets,11,HOU,Texas,West,Southwest,54,28,0.659,107.7,103.1,5.06,Ronnie Brewer,SF,28,1256250,1378047,23,3,6.9,0.1,0.7,0.2,0,0.3,0.125,0.1,0.3,0.286,0.233,0,0.1,0,0.1,0.5,0.6,0.4,0.3,0,0.1,0.2,0.3,158,3.5,0.22,0.533,0.133,1.5,8,4.9,8.2,1.9,0.5,11.2,5,-0.1,0.1,0,0.004,-4.6,1.2,-3.4,-0.1
2013/2014,58679000,63372330.19,490180,Chicago Bulls,5,CHI,Illinois,East,Central,48,34,0.585,93.7,91.8,1.2,Ronnie Brewer,SF,28,1256250,1378047,1,0,2,0,0,,0,0,,0,0,,,0,0,,0,0,0,0,0,0,0,0,0,2,0,,,,0,0,0,0,0,0,,0,0,0,0,0.029,-7.3,1,-6.3,0
2013/2014,58679000,63372330.19,490180,#N/A,#N/A,TOT,#N/A,#N/A,#N/A,#N/A,#N/A,#N/A,#N/A,#N/A,#N/A,Aaron Brooks,PG,29,1027424,1127036,72,12,21.6,3.2,8.1,0.401,1.3,3.4,0.387,1.9,4.6,0.411,0.484,1.2,1.3,0.874,0.6,1.3,1.9,3.2,0.7,0.2,1.6,2,9,1557,12.5,0.518,0.427,0.164,3.1,6.7,4.9,23.3,1.6,0.6,15.8,20.5,1.3,0.9,2.2,0.067,0.4,-1.9,-1.5,0.2
2013/2014,58679000,63372330.19,490180,Houston Rockets,11,HOU,Texas,West,Southwest,54,28,0.659,107.7,103.1,5.06,Aaron Brooks,PG,29,1027424,1127036,43,0,16.7,2.4,6.1,0.395,1.3,3.1,0.409,1.2,3,0.382,0.498,0.9,1,0.841,0.5,0.9,1.4,1.9,0.6,0.1,1.2,1.8,7,716,11.9,0.529,0.502,0.167,3.8,5.7,4.8,18.1,1.7,0.6,15.3,20.4,0.6,0.5,1.1,0.076,0.3,-2.1,-1.9,0
2013/2014,58679000,63372330.19,490180,Denver Nuggets,8,DEN,Colorado,West,Northwest,36,46,0.439,104.4,106.5,-1.4,Aaron Brooks,PG,29,1027424,1127036,29,12,29,4.4,11,0.406,1.4,4,0.362,3,7,0.431,0.472,1.6,1.8,0.902,0.7,2,2.7,5.2,0.9,0.2,2.3,2.4,11.9,841,12.9,0.508,0.365,0.16,2.6,7.5,5,27.7,1.6,0.6,16.2,20.5,0.6,0.4,1,0.058,0.4,-1.6,-1.2,0.2
2013/2014,58679000,63372330.19,490180,#N/A,#N/A,TOT,#N/A,#N/A,#N/A,#N/A,#N/A,#N/A,#N/A,#N/A,#N/A,MarShon Brooks,SG,25,1276560,1400326,35,0,9,1.6,3.6,0.456,0.4,0.7,0.52,1.3,2.9,0.44,0.508,0.9,1.3,0.727,0.3,1.3,1.5,0.7,0.4,0.1,0.7,0.6,4.5,316,15.5,0.551,0.2,0.352,3.4,15.5,9.3,12.9,2.2,0.9,14.3,23.4,0.1,0.3,0.4,0.06,-2.1,-1.6,-3.7,-0.1
2013/2014,58679000,63372330.19,490180,Boston Celtics,2,BOS,Massachusetts,East,Atlantic,25,57,0.305,96.2,100.7,-4.97,MarShon Brooks,SG,25,1276560,1400326,10,0,7.3,0.9,2.4,0.375,0.2,0.4,0.5,0.7,2,0.35,0.417,1.1,1.4,0.786,0.1,1.8,1.9,0.4,0.1,0.1,0.7,0.5,3.1,73,10.7,0.514,0.167,0.583,1.5,28.8,14.8,8.6,0.7,1.1,18.8,22.6,-0.1,0.1,0,0.017,-6.7,-1.6,-8.3,-0.1
2013/2014,58679000,63372330.19,490180,Golden State Warriors,10,GSW,California,West,Pacific,51,31,0.622,104.3,99.5,5.15,MarShon Brooks,SG,25,1276560,1400326,7,0,2.1,0.7,1.9,0.385,0,0.3,0,0.7,1.6,0.455,0.385,0.4,0.6,0.75,0.1,0.6,0.7,0,0.1,0,0,0,1.9,15,24.3,0.44,0.154,0.308,7.4,28.6,18.2,0,3.3,0,0,43.3,0,0,0,0.087,-7.8,-10.6,-18.4,-0.1
2013/2014,58679000,63372330.19,490180,Los Angeles Lakers,14,LAL,California,West,Pacific,27,55,0.329,103,109.2,-5.33,MarShon Brooks,SG,25,1276560,1400326,18,0,12.7,2.4,4.9,0.489,0.6,1.1,0.579,1.8,3.8,0.464,0.551,1,1.4,0.692,0.4,1.2,1.7,1.2,0.7,0.2,0.9,0.9,6.4,228,16.5,0.578,0.216,0.295,3.7,10.3,7,15.2,2.6,0.9,14.6,22.3,0.2,0.1,0.3,0.072,-0.2,-1,-1.3,0
2013/2014,58679000,63372330.19,490180,Philadelphia 76ers,23,PHI,Pennsylvania,East,Atlantic,19,63,0.232,99.5,109.9,-10.66,Lorenzo Brown,PG,23,#N/A,#N/A,26,0,8.6,1,3.3,0.302,0.1,1.2,0.1,0.9,2.2,0.411,0.32,0.3,0.5,0.692,0.3,0.8,1.1,1.6,0.5,0.1,0.6,0.7,2.5,224,8.2,0.349,0.349,0.151,3.7,10,6.8,27.5,2.8,1.1,14.9,20.4,-0.5,0.2,-0.3,-0.068,-5,-1.8,-6.8,-0.3
2013/2014,58679000,63372330.19,490180,#N/A,#N/A,TOT,#N/A,#N/A,#N/A,#N/A,#N/A,#N/A,#N/A,#N/A,#N/A,Shannon Brown,SG,28,481562,528251,29,1,8.7,0.8,2.3,0.364,0,0.1,0,0.8,2.2,0.375,0.364,0.5,0.7,0.714,0.2,0.7,1,0.3,0.4,0,0.6,0.8,2.2,251,4.7,0.419,0.03,0.318,3.2,9.5,6.4,5,2.7,0,19.3,17.1,-0.5,0.3,-0.3,-0.05,-6.8,-0.3,-7,-0.3
2013/2014,58679000,63372330.19,490180,San Antonio Spurs,27,SAS,Texas,West,Southwest,62,20,0.756,105.4,97.6,8,Shannon Brown,SG,28,481562,528251,10,1,10.3,0.8,2.8,0.286,0,0.2,0,0.8,2.6,0.308,0.286,0.7,0.9,0.778,0.1,1.2,1.3,0.5,0.1,0,0.8,1.2,2.3,103,-0.5,0.36,0.071,0.321,1.1,12.6,7.1,6.4,0.5,0,20,17.5,-0.3,0.1,-0.2,-0.102,-9.2,-0.9,-10.1,-0.2
2013/2014,58679000,63372330.19,490180,New York Knicks,20,NYK,New York,East,Atlantic,37,45,0.451,98.6,99.4,-1.4,Shannon Brown,SG,28,481562,528251,19,0,7.8,0.8,2,0.421,0,0,,0.8,2,0.421,0.421,0.4,0.6,0.667,0.3,0.5,0.8,0.2,0.6,0,0.5,0.6,2.1,148,8.4,0.462,0,0.316,4.6,7.4,6,4.1,4.3,0,18.8,16.7,-0.2,0.2,0,-0.013,-5,0.2,-4.9,-0.1
2013/2014,58679000,63372330.19,490180,Los Angeles Lakers,14,LAL,California,West,Pacific,27,55,0.329,103,109.2,-5.33,Kobe Bryant,SG,35,30453000,33405521,6,6,29.5,5.2,12.2,0.425,0.5,2.7,0.188,4.7,9.5,0.491,0.445,3,3.5,0.857,0.3,4,4.3,6.3,1.2,0.2,5.7,1.5,13.8,177,10.7,0.505,0.219,0.288,1.2,14.5,7.8,34.6,1.9,0.4,29.2,28.7,-0.5,0.1,-0.4,-0.097,-4.7,-1.3,-5.9,-0.2
2013/2014,58679000,63372330.19,490180,Minnesota Timberwolves,18,MIN,Minnesota,West,Northwest,40,42,0.488,106.9,104.3,3.1,Chase Budinger,SF,25,5000000,5484766,41,8,18.3,2.4,6.2,0.394,1,2.9,0.35,1.4,3.3,0.433,0.476,0.8,1,0.821,0.5,2,2.5,0.8,0.5,0,0.6,1.4,6.7,751,9.7,0.505,0.472,0.154,2.7,12.5,7.5,6.2,1.2,0.2,8.1,16.7,0.3,0.6,0.9,0.059,-1.3,-1.3,-2.6,-0.1
2013/2014,58679000,63372330.19,490180,Los Angeles Clippers,13,LAC,California,West,Pacific,57,25,0.695,107.9,101,7.27,Reggie Bullock,SF,22,1149000,1260399,43,0,9.2,1,2.8,0.355,0.5,1.7,0.301,0.5,1.1,0.438,0.446,0.2,0.2,0.778,0.3,1,1.3,0.3,0.2,0,0.3,0.6,2.7,395,6.7,0.46,0.603,0.074,3.2,11.7,7.6,4.3,1.1,0.2,9.4,15.4,-0.2,0.3,0.2,0.019,-2.9,-1.8,-4.7,-0.3
2013/2014,58679000,63372330.19,490180,Utah Jazz,29,UTA,Utah,West,Northwest,25,57,0.305,95,102.2,-6.27,Trey Burke,PG,21,2438760,2675206,70,68,32.3,4.9,12.8,0.38,1.6,4.8,0.33,3.3,8,0.41,0.442,1.5,1.6,0.903,0.5,2.4,3,5.7,0.6,0.1,1.9,2.1,12.8,2262,12.6,0.473,0.375,0.126,1.8,9,5.3,29.4,1,0.2,12.2,21.8,1,0,0.9,0.02,0.5,-3,-2.5,-0.3
2013/2014,58679000,63372330.19,490180,Utah Jazz,29,UTA,Utah,West,Northwest,25,57,0.305,95,102.2,-6.27,Alec Burks,SG,22,2323200,2548442,78,12,28.1,4.9,10.7,0.457,0.6,1.8,0.35,4.2,8.8,0.48,0.487,3.6,4.8,0.748,0.8,2.5,3.3,2.7,0.9,0.2,1.9,2.4,14,2193,15.8,0.547,0.172,0.449,3,10.7,6.8,16.9,1.7,0.5,13,23.9,2.6,0.6,3.2,0.07,0.5,-1.7,-1.2,0.5
2013/2014,58679000,63372330.19,490180,#N/A,#N/A,TOT,#N/A,#N/A,#N/A,#N/A,#N/A,#N/A,#N/A,#N/A,#N/A,Caron Butler,SF,33,8386992,9200138,56,13,25.3,3.8,9.6,0.394,1.8,4.4,0.394,2.1,5.2,0.395,0.485,1.1,1.3,0.84,0.4,3.7,4.1,1.5,0.8,0.3,1.1,2.1,10.5,1419,12.2,0.512,0.461,0.139,1.7,16.8,9.2,9.6,1.7,1,9.5,20.1,0.6,1.2,1.8,0.062,-0.7,-1.4,-2.1,0
2013/2014,58679000,63372330.19,490180,Milwaukee Bucks,17,MIL,Wisconsin,East,Central,15,67,0.183,95.5,103.7,-8.41,Caron Butler,SF,33,8386992,9200138,34,13,24.1,4,10.4,0.387,1.6,4.3,0.361,2.5,6.1,0.406,0.462,1.4,1.6,0.839,0.5,4.2,4.6,1.6,0.7,0.3,1.5,1.9,11,821,12.4,0.494,0.415,0.158,2.2,20.5,11,11.9,1.5,1.1,12.1,23.7,-0.2,0.5,0.2,0.014,-1.7,-2.1,-3.9,-0.4
2013/2014,58679000,63372330.19,490180,Oklahoma City Thunder,21,OKC,Oklahoma,West,Northwest,59,23,0.72,106.2,99.8,6.66,Caron Butler,SF,33,8386992,9200138,22,0,27.2,3.5,8.5,0.409,2,4.6,0.441,1.4,3.8,0.369,0.53,0.7,0.9,0.842,0.2,3,3.2,1.2,1.1,0.3,0.4,2.5,9.7,598,11.9,0.548,0.548,0.102,1,11.9,6.7,6.4,2,0.8,4,15,0.9,0.7,1.6,0.127,0.6,-0.4,0.2,0.3
2013/2014,58679000,63372330.19,490180,Chicago Bulls,5,CHI,Illinois,East,Central,48,34,0.585,93.7,91.8,1.2,Jimmy Butler,SG,24,1174080,1287911,67,67,38.7,4.1,10.3,0.397,1,3.6,0.283,3.1,6.8,0.457,0.446,3.9,5,0.769,1.3,3.6,4.9,2.6,1.9,0.5,1.5,1.6,13.1,2591,13.5,0.522,0.346,0.488,3.9,10.5,7.2,11.1,2.6,1.1,10.8,16.8,2.4,4.6,7.1,0.131,0,2.4,2.4,2.9
2013/2014,58679000,63372330.19,490180,Indiana Pacers,12,IND,Indiana,East,Central,56,26,0.683,96.7,92.3,3.63,Rasual Butler,SG,34,1399507,1535193,50,2,7.6,1,2.2,0.464,0.5,1.2,0.419,0.5,1,0.521,0.582,0.2,0.3,0.571,0.1,0.7,0.8,0.3,0.1,0.2,0.2,0.6,2.7,378,12.2,0.585,0.564,0.127,1.9,9.9,6.1,7.4,1,1.8,8.7,15.4,0.5,0.6,1.1,0.138,-0.6,-0.3,-0.9,0.1
2013/2014,58679000,63372330.19,490180,Toronto Raptors,28,TOR,Ontario,East,Atlantic,48,34,0.585,101.3,98,2.55,Dwight Buycks,PG,24,700000,767867,14,0,10.4,1.1,3.4,0.313,0.4,1.2,0.294,0.7,2.2,0.323,0.365,0.6,0.6,0.889,0.3,1.4,1.6,0.7,0.6,0,0.7,0.8,3.1,146,7.2,0.414,0.354,0.188,3.2,15.2,9.2,10.6,2.9,0,16.1,19.3,-0.2,0.2,0,-0.009,-4.8,0.2,-4.5,-0.1
2013/2014,58679000,63372330.19,490180,#N/A,#N/A,TOT,#N/A,#N/A,#N/A,#N/A,#N/A,#N/A,#N/A,#N/A,#N/A,Andrew Bynum,C,26,7000000,7678673,26,19,19.8,3.6,8.7,0.418,0,0,,3.6,8.7,0.418,0.418,1.4,1.9,0.755,2,3.5,5.6,1.1,0.2,1.1,1.3,1.2,8.7,516,15.2,0.456,0,0.218,11.4,20.3,15.8,9.7,0.6,4.7,12.1,24.3,-0.2,0.6,0.4,0.038,-4.1,0.6,-3.4,-0.2
2013/2014,58679000,63372330.19,490180,Cleveland Cavaliers,6,CLE,Ohio,East,Central,33,49,0.402,98.2,101.5,-3.86,Andrew Bynum,C,26,7000000,7678673,24,19,20,3.5,8.5,0.419,0,0,,3.5,8.5,0.419,0.419,1.3,1.8,0.762,2,3.3,5.3,1.1,0.3,1.2,1.3,1.2,8.4,480,14.8,0.456,0,0.207,10.7,18.9,14.7,9.6,0.6,4.9,11.9,23.4,-0.2,0.5,0.4,0.036,-4,0.8,-3.1,-0.1
2013/2014,58679000,63372330.19,490180,Indiana Pacers,12,IND,Indiana,East,Central,56,26,0.683,96.7,92.3,3.63,Andrew Bynum,C,26,7000000,7678673,2,0,18,4.5,11,0.409,0,0,,4.5,11,0.409,0.409,2.5,3.5,0.714,3,6.5,9.5,1,0,0.5,2,1.5,11.5,36,19.9,0.459,0,0.318,19.7,38.8,29.7,11.2,0,2.1,13.8,36.9,0,0.1,0,0.063,-5.7,-1.7,-7.4,0
2013/2014,58679000,63372330.19,490180,Detroit Pistons,9,DET,Michigan,East,Central,29,53,0.354,101,104.7,-4.13,Will Bynum,PG,31,2790343,3060876,56,3,18.8,3.3,7.7,0.428,0.4,1.1,0.323,2.9,6.6,0.446,0.451,1.7,2.2,0.802,0.4,1.3,1.8,3.9,0.7,0.1,1.8,2.2,8.7,1054,14.4,0.502,0.144,0.281,2.4,8.2,5.1,32.5,1.9,0.5,17.6,23.8,0.6,0.4,1,0.047,-0.7,-2.8,-3.5,-0.4
2013/2014,58679000,63372330.19,490180,Memphis Grizzlies,15,MEM,Tennessee,West,Southwest,50,32,0.61,96.1,94.6,2.18,Nick Calathes,SG,24,490180,537704,71,7,16.5,2,4.4,0.457,0.3,0.9,0.311,1.7,3.5,0.492,0.487,0.6,1,0.611,0.3,1.6,1.9,2.9,0.9,0.1,1.4,1.6,4.9,1173,12.3,0.506,0.196,0.232,2.3,11.5,6.9,26.5,3,0.6,22.8,17.5,-0.1,1.6,1.5,0.062,-1.9,0.8,-1.1,0.3
2013/2014,58679000,63372330.19,490180,Dallas Mavericks,7,DAL,Texas,West,Southwest,49,33,0.598,104.8,102.4,2.91,Jose Calderon,PG,32,6791570,7450035,81,81,30.5,4.2,9.2,0.456,2.4,5.2,0.449,1.9,4,0.464,0.584,0.6,0.8,0.825,0.4,2,2.4,4.7,0.9,0.1,1.3,1.7,11.4,2468,15.2,0.596,0.568,0.084,1.4,7.6,4.5,22.4,1.4,0.4,11.7,16.2,5.4,0.8,6.3,0.122,3.3,-2,1.3,2.1
2013/2014,58679000,63372330.19,490180,Detroit Pistons,9,DET,Michigan,East,Central,29,53,0.354,101,104.7,-4.13,Kentavious Caldwell-Pope,SG,20,2653080,2910305,80,41,19.8,2.3,5.8,0.396,0.7,2.3,0.319,1.5,3.4,0.447,0.46,0.6,0.8,0.77,0.5,1.5,2,0.7,0.9,0.2,0.4,1.8,5.9,1583,9.4,0.483,0.402,0.133,2.5,8.6,5.4,5,2.4,0.6,5.4,13.9,1,0.8,1.8,0.055,-1.2,-0.8,-2.1,0
2013/2014,58679000,63372330.19,490180,Houston Rockets,11,HOU,Texas,West,Southwest,54,28,0.659,107.7,103.1,5.06,Isaiah Canaan,PG,22,570515,625828,22,0,11.5,1.4,4,0.356,0.8,2.5,0.327,0.6,1.5,0.406,0.46,1,1.3,0.724,0.3,0.8,1.1,1,0.4,0.2,1,1.1,4.6,252,9.5,0.506,0.632,0.333,3.3,7.1,5.3,13.2,1.6,1.2,17.4,21,0,0.2,0.2,0.031,-1.4,-2.1,-3.4,-0.1
2013/2014,58679000,63372330.19,490180,Atlanta Hawks,1,ATL,Georgia,East,Southeast,38,44,0.463,101,101.5,-0.88,DeMarre Carroll,SF,27,2500000,2742383,73,73,32.1,4.1,8.8,0.47,1.3,3.7,0.362,2.8,5.1,0.548,0.546,1.5,1.9,0.773,1.5,4.1,5.5,1.8,1.5,0.3,1.1,2.6,11.1,2341,13.9,0.575,0.417,0.22,5.3,14.5,10,8.9,2.3,0.7,10.1,15.2,3.2,2.6,5.8,0.119,1,1.1,2.1,2.4
2013/2014,58679000,63372330.19,490180,Dallas Mavericks,7,DAL,Texas,West,Southwest,49,33,0.598,104.8,102.4,2.91,Vince Carter,SG,37,3180000,3488311,81,0,24.4,4.1,10,0.407,1.8,4.6,0.394,2.3,5.4,0.418,0.497,2,2.4,0.821,0.8,2.7,3.5,2.6,0.8,0.4,1.3,2.6,11.9,1973,15.9,0.539,0.457,0.242,4,12.6,8.3,16.5,1.6,1.5,10.7,23.1,3,1.3,4.3,0.105,2.2,-1,1.1,1.6
2013/2014,58679000,63372330.19,490180,Philadelphia 76ers,23,PHI,Pennsylvania,East,Atlantic,19,63,0.232,99.5,109.9,-10.66,Michael Carter-Williams,PG,22,2200920,2414306,70,70,34.5,6.1,15.1,0.405,0.8,3,0.264,5.3,12.1,0.44,0.431,3.7,5.2,0.703,1.4,4.8,6.2,6.3,1.9,0.6,3.5,3,16.7,2414,15.5,0.48,0.197,0.348,4.3,15.6,9.8,30.2,2.6,1.4,16.9,25.7,-0.8,2.1,1.3,0.026,-0.6,0.4,-0.2,1.1
2013/2014,58679000,63372330.19,490180,Houston Rockets,11,HOU,Texas,West,Southwest,54,28,0.659,107.7,103.1,5.06,Omri Casspi,PF,25,947907,1039809,71,2,18.1,2.4,5.8,0.422,0.9,2.5,0.347,1.6,3.3,0.479,0.496,1.2,1.7,0.68,0.8,2.9,3.7,1.2,0.6,0.2,1,1.4,6.9,1283,12.9,0.528,0.429,0.298,5.1,16.8,11.3,10.5,1.7,0.8,13.4,18.3,1,1.4,2.4,0.091,-0.6,-0.2,-0.8,0.4
2013/2014,58679000,63372330.19,490180,Miami Heat,16,MIA,Florida,East,Southeast,54,28,0.659,102.2,97.4,4.15,Mario Chalmers,PG,27,4000000,4387813,73,73,29.8,3.5,7.7,0.454,1.2,3.1,0.385,2.3,4.6,0.5,0.531,1.7,2.2,0.742,0.6,2.4,2.9,4.9,1.6,0.2,2.2,2.9,9.8,2178,14,0.567,0.404,0.291,2.5,9.6,6.2,24.3,2.9,0.6,20.4,17.4,2.4,2.5,4.8,0.106,1,0.2,1.2,1.7
2013/2014,58679000,63372330.19,490180,New York Knicks,20,NYK,New York,East,Atlantic,37,45,0.451,98.6,99.4,-1.4,Tyson Chandler,C,31,14100538,15467632,55,55,30.2,3.5,5.9,0.593,0,0,0,3.5,5.8,0.595,0.593,1.8,2.8,0.632,2.9,6.7,9.6,1.1,0.7,1.1,1.3,2.6,8.7,1662,16.4,0.615,0.003,0.481,10.9,27,18.7,5.5,1.2,3.4,15.4,12.9,3.1,1.9,4.9,0.143,-0.6,1.8,1.3,1.4
2013/2014,58679000,63372330.19,490180,Denver Nuggets,8,DEN,Colorado,West,Northwest,36,46,0.439,104.4,106.5,-1.4,Wilson Chandler,SF,26,6344164,6959252,62,55,31.1,5,11.9,0.416,2,5.7,0.348,3,6.2,0.478,0.499,1.8,2.5,0.724,0.9,3.8,4.7,1.8,0.7,0.5,1.3,3.1,13.6,1927,12.4,0.526,0.476,0.206,3.2,13.3,8.2,9.3,1.2,1.2,8.9,19.5,1.8,1.2,3.1,0.076,0.7,-0.6,0.2,1.1
2013/2014,58679000,63372330.19,490180,New Orleans Pelicans,19,NOP,Louisiana,West,Southwest,34,48,0.415,99.7,102.4,-1.98,Josh Childress,SF,30,7405833,8123852,4,0,6,0,0,,0,0,,0,0,,,0,0,,0,0.8,0.8,0.5,0.3,0,0.3,0.3,0,24,3.9,,,,0,14.7,7.3,10.7,2.2,0,100,1.9,0,0,0,-0.003,-6.2,2,-4.3,0
2013/2014,58679000,63372330.19,490180,Phoenix Suns,24,PHO,Arizona,West,Pacific,48,34,0.585,105.2,102.6,3.02,Dionte Christmas,SF,27,490180,537704,31,0,6.4,0.7,2,0.355,0.3,1,0.29,0.4,1,0.419,0.427,0.6,0.8,0.75,0.4,0.8,1.2,0.3,0.1,0.1,0.2,0.6,2.3,198,11.1,0.489,0.5,0.387,7.4,14.1,10.8,5.8,0.5,1.1,7.6,17.4,0.2,0.1,0.3,0.083,-1.1,-2.5,-3.6,-0.1
2013/2014,58679000,63372330.19,490180,#N/A,#N/A,TOT,#N/A,#N/A,#N/A,#N/A,#N/A,#N/A,#N/A,#N/A,#N/A,Earl Clark,PF,26,4361518,4784381,54,17,14.2,1.8,4.8,0.372,0.8,2.3,0.336,1,2.6,0.403,0.45,0.4,0.6,0.647,0.4,2.2,2.6,0.3,0.3,0.5,0.6,1.2,4.8,768,9.1,0.466,0.467,0.13,3.2,18.2,10.5,3.7,1.1,2.8,10.1,17.9,-0.4,0.8,0.3,0.02,-3.9,-0.9,-4.8,-0.5
2013/2014,58679000,63372330.19,490180,Cleveland Cavaliers,6,CLE,Ohio,East,Central,33,49,0.402,98.2,101.5,-3.86,Earl Clark,PF,26,4361518,4784381,45,17,15.5,2,5.3,0.375,0.9,2.6,0.345,1.1,2.8,0.403,0.458,0.3,0.5,0.583,0.4,2.4,2.8,0.4,0.4,0.4,0.7,1.4,5.2,698,8.6,0.467,0.483,0.1,3.1,17.6,10.2,3.6,1.2,2.3,10.7,17.9,-0.5,0.7,0.2,0.014,-3.8,-1,-4.9,-0.5
2013/2014,58679000,63372330.19,490180,New York Knicks,20,NYK,New York,East,Atlantic,37,45,0.451,98.6,99.4,-1.4,Earl Clark,PF,26,4361518,4784381,9,0,7.8,0.8,2.3,0.333,0.1,0.7,0.167,0.7,1.7,0.4,0.357,0.9,1.1,0.8,0.2,1.6,1.8,0.2,0.1,0.7,0.1,0.7,2.6,70,13.5,0.453,0.286,0.476,3.3,24.2,13.4,4.3,0.8,7.6,3.8,17.5,0,0.1,0.1,0.08,-4.8,0.9,-3.9,0
2013/2014,58679000,63372330.19,490180,Utah Jazz,29,UTA,Utah,West,Northwest,25,57,0.305,95,102.2,-6.27,Ian Clark,SG,22,490180,537704,23,0,7.5,1.1,2.9,0.388,0.5,1.3,0.355,0.7,1.6,0.417,0.47,0.2,0.3,0.714,0.1,0.7,0.8,0.7,0.3,0.1,0.6,1,3,172,9.2,0.485,0.463,0.104,1.9,11.1,6.4,14.7,2.4,0.9,16.7,22.4,-0.2,0.1,-0.1,-0.025,-2.6,-2.1,-4.7,-0.1
2013/2014,58679000,63372330.19,490180,Portland Trail Blazers,25,POR,Oregon,West,Northwest,54,28,0.659,106.7,102.8,4.44,Victor Claver,SF,25,1311240,1438369,21,0,8.8,0.8,2,0.405,0.1,0.9,0.167,0.7,1.1,0.583,0.44,0.5,0.5,0.909,0.4,1.4,1.9,0.6,0.1,0.1,0.5,0.8,2.2,184,8.8,0.502,0.429,0.262,5.3,17.4,11.4,9.1,0.8,1.1,19,13.7,0,0.2,0.2,0.047,-3,0,-3,0
2013/2014,58679000,63372330.19,490180,Miami Heat,16,MIA,Florida,East,Southeast,54,28,0.659,102.2,97.4,4.15,Norris Cole,PG,25,1191240,1306734,82,6,24.6,2.5,6.1,0.414,0.7,2.1,0.345,1.8,4,0.451,0.474,0.6,0.8,0.779,0.2,1.7,2,3,0.9,0.1,1.5,1.9,6.4,2014,8.8,0.497,0.348,0.136,1.1,8.6,5,17.9,2,0.2,19.3,15.6,-0.5,1.7,1.2,0.029,-2.2,-0.8,-3,-0.5
2013/2014,58679000,63372330.19,490180,Brooklyn Nets,3,BRK,New York,East,Atlantic,44,38,0.537,98.5,99.5,-1.58,Jason Collins,C,35,436316,478618,22,1,7.8,0.5,1.1,0.458,0,0.1,0,0.5,1,0.524,0.458,0.1,0.2,0.75,0.3,0.5,0.9,0.2,0.4,0,0.3,1.4,1.1,172,4.1,0.485,0.125,0.167,4.9,8.3,6.6,3.5,2.4,0.5,21.4,8.9,-0.1,0.1,0.1,0.017,-4.1,0.5,-3.6,-0.1
2013/2014,58679000,63372330.19,490180,Los Angeles Clippers,13,LAC,California,West,Pacific,57,25,0.695,107.9,101,7.27,Darren Collison,PG,26,1900000,2084211,80,35,25.9,4.1,8.7,0.467,0.9,2.4,0.376,3.2,6.3,0.501,0.518,2.4,2.8,0.857,0.6,1.8,2.4,3.7,1.2,0.2,1.7,1.9,11.4,2069,16.2,0.575,0.272,0.323,2.6,7.3,5,21.9,2.2,0.6,14.3,19.7,3.8,2,5.9,0.136,1.4,-0.4,1,1.6
2013/2014,58679000,63372330.19,490180,Oklahoma City Thunder,21,OKC,Oklahoma,West,Northwest,59,23,0.72,106.2,99.8,6.66,Nick Collison,PF,33,2585668,2836357,81,0,16.7,1.7,3,0.556,0,0.2,0.235,1.6,2.8,0.58,0.564,0.8,1.1,0.71,1.4,2.2,3.6,1.3,0.4,0.3,0.9,2.3,4.2,1353,11.8,0.599,0.071,0.386,10.2,14.1,12.2,10.9,1.1,1.7,20.1,11.6,2,1.6,3.6,0.128,-0.5,1.1,0.6,0.9
2013/2014,58679000,63372330.19,490180,Memphis Grizzlies,15,MEM,Tennessee,West,Southwest,50,32,0.61,96.1,94.6,2.18,Mike Conley,PG,26,7900000,8665931,73,73,33.5,6.3,14.1,0.45,1.4,4,0.361,4.9,10.1,0.484,0.5,3.1,3.8,0.815,0.6,2.4,2.9,6,1.5,0.2,2.1,1.9,17.2,2446,20,0.545,0.283,0.268,2,8.4,5.2,30.1,2.4,0.4,11.5,24.6,5.5,2.7,8.2,0.161,4.1,-0.7,3.4,3.3
2013/2014,58679000,63372330.19,490180,Indiana Pacers,12,IND,Indiana,East,Central,56,26,0.683,96.7,92.3,3.63,Chris Copeland,SF,29,3000000,3290860,41,0,6.5,1.3,2.9,0.47,0.8,1.9,0.418,0.5,0.9,0.579,0.611,0.2,0.3,0.714,0.2,0.6,0.8,0.4,0.1,0.2,0.3,0.9,3.7,265,17.6,0.621,0.675,0.12,3.1,10.1,6.8,12.6,0.6,2,10.2,23.7,0.6,0.4,1,0.186,3.5,-2.1,1.4,0.2
2013/2014,58679000,63372330.19,490180,Sacramento Kings,26,SAC,California,West,Pacific,28,54,0.341,100.5,103.4,-2.08,DeMarcus Cousins,C,23,4916973,5393690,71,71,32.4,8.3,16.8,0.496,0,0.1,0,8.3,16.7,0.499,0.496,6.1,8.4,0.726,3.1,8.6,11.7,2.9,1.5,1.3,3.5,3.8,22.7,2298,26.1,0.555,0.006,0.5,10.6,30.5,20.4,17.8,2.4,3.2,14.7,32.7,4.1,3.8,7.9,0.166,1.9,2.9,4.7,3.9
2013/2014,58679000,63372330.19,490180,Houston Rockets,11,HOU,Texas,West,Southwest,54,28,0.659,107.7,103.1,5.06,Robert Covington,SF,23,490180,537704,7,0,4.9,0.9,2,0.429,0.6,1.6,0.364,0.3,0.4,0.667,0.571,0,0,,0.3,0.4,0.7,0,0.3,0,0.1,0.4,2.3,34,15,0.571,0.786,0,6.9,9.3,8.2,0,2.9,0,6.7,19.3,0.1,0,0.1,0.122,1.3,-4.9,-3.6,0
2013/2014,58679000,63372330.19,490180,Portland Trail Blazers,25,POR,Oregon,West,Northwest,54,28,0.659,106.7,102.8,4.44,Allen Crabbe,SG,21,825000,904986,15,0,6.7,0.8,2.2,0.364,0.4,0.9,0.429,0.4,1.3,0.316,0.455,0.2,0.3,0.75,0.1,0.5,0.6,0.4,0.1,0.1,0.2,0.7,2.2,100,7.7,0.475,0.424,0.121,1.1,8.5,4.8,8.7,1,0.7,7.9,16.5,0,0.1,0.1,0.037,-2.7,-2.1,-4.7,-0.1
2013/2014,58679000,63372330.19,490180,Los Angeles Clippers,13,LAC,California,West,Pacific,57,25,0.695,107.9,101,7.27,Jamal Crawford,SG,33,5225000,5731581,69,24,30.3,6.1,14.7,0.416,2.3,6.5,0.361,3.8,8.2,0.46,0.496,4,4.7,0.866,0.5,1.8,2.3,3.2,0.9,0.2,2,1.7,18.6,2094,17.3,0.556,0.441,0.318,1.9,6.4,4.2,17.4,1.4,0.4,10.5,27.2,3.8,1.5,5.3,0.122,2.7,-2.6,0.2,1.2
2013/2014,58679000,63372330.19,490180,#N/A,#N/A,TOT,#N/A,#N/A,#N/A,#N/A,#N/A,#N/A,#N/A,#N/A,#N/A,Jordan Crawford,SG-PG,25,2162418,2372071,81,35,23,4,9.7,0.415,1.1,3.5,0.316,2.9,6.2,0.471,0.472,1.8,2.1,0.864,0.3,1.9,2.3,3.5,0.6,0.1,1.7,1.5,11,1859,14.3,0.516,0.362,0.214,1.7,9.5,5.5,25.1,1.3,0.2,13.4,23.7,1.5,1.4,2.8,0.073,0.4,-2.2,-1.8,0.1
2013/2014,58679000,63372330.19,490180,Boston Celtics,2,BOS,Massachusetts,East,Atlantic,25,57,0.305,96.2,100.7,-4.97,Jordan Crawford,PG,25,2162418,2372071,39,35,30.7,4.8,11.7,0.413,1.3,4,0.318,3.5,7.6,0.463,0.468,2.8,3.2,0.873,0.5,2.6,3.1,5.7,0.9,0.1,2.2,1.9,13.7,1198,15.7,0.525,0.345,0.277,1.7,10,5.7,31,1.5,0.2,14.1,22,1.7,0.7,2.4,0.096,1.6,-1.9,-0.3,0.5
2013/2014,58679000,63372330.19,490180,Golden State Warriors,10,GSW,California,West,Pacific,51,31,0.622,104.3,99.5,5.15,Jordan Crawford,SG,25,2162418,2372071,42,0,15.7,3.3,7.9,0.417,1,3,0.313,2.4,4.9,0.483,0.477,0.9,1,0.837,0.2,1.3,1.5,1.4,0.3,0,1.2,1,8.4,661,11.9,0.503,0.384,0.129,1.7,8.6,5.2,14.2,1,0.2,12.4,26.8,-0.2,0.7,0.4,0.033,-1.9,-2.7,-4.6,-0.4
2013/2014,58679000,63372330.19,490180,Dallas Mavericks,7,DAL,Texas,West,Southwest,49,33,0.598,104.8,102.4,2.91,Jae Crowder,SF,23,788872,865355,78,8,16.1,1.7,3.8,0.439,0.6,1.9,0.331,1,1.9,0.552,0.524,0.6,0.8,0.754,0.6,1.9,2.5,0.8,0.8,0.3,0.5,1.3,4.6,1254,11.9,0.551,0.51,0.206,4.3,13.5,8.9,6.7,2.4,1.4,11.3,13.2,1.2,1.1,2.3,0.089,0,0.6,0.6,0.8
2013/2014,58679000,63372330.19,490180,Minnesota Timberwolves,18,MIN,Minnesota,West,Northwest,40,42,0.488,106.9,104.3,3.1,Dante Cunningham,PF,26,2180000,2391358,81,7,20.2,2.9,6.3,0.464,0,0.1,0,2.9,6.2,0.468,0.464,0.5,0.8,0.567,1.4,2.7,4.1,1,0.8,0.7,0.5,1.8,6.3,1635,12.6,0.474,0.01,0.132,7.3,14.9,11,7.7,1.9,2.7,7.2,15.1,0.9,2,2.9,0.085,-2.2,2.1,-0.1,0.8
2013/2014,58679000,63372330.19,490180,#N/A,#N/A,TOT,#N/A,#N/A,#N/A,#N/A,#N/A,#N/A,#N/A,#N/A,#N/A,Jared Cunningham,SG,22,1301208,1427364,13,0,6.2,0.5,1.6,0.286,0.1,0.5,0.143,0.4,1.1,0.357,0.31,1,1.2,0.813,0.1,0.4,0.5,0.6,0.2,0,0.2,1.2,2,80,8.5,0.464,0.333,0.762,1.4,7.2,4.3,14.4,1.9,0,6.7,16.6,0.1,0,0.1,0.075,-2.4,-2.7,-5.1,-0.1
2013/2014,58679000,63372330.19,490180,Atlanta Hawks,1,ATL,Georgia,East,Southeast,38,44,0.463,101,101.5,-0.88,Jared Cunningham,SG,22,1301208,1427364,5,0,4.4,0.2,0.4,0.5,0,0.2,0,0.2,0.2,1,0.5,0,0.4,0,0,0.2,0.2,0.6,0,0,0.4,0.6,0.4,22,-1.8,0.347,0.5,1,0,5.2,2.6,18.8,0,0,41,10.1,-0.1,0,-0.1,-0.11,-8.8,-3.5,-12.4,-0.1
2013/2014,58679000,63372330.19,490180,Sacramento Kings,26,SAC,California,West,Pacific,28,54,0.341,100.5,103.4,-2.08,Jared Cunningham,SG,22,1301208,1427364,8,0,7.3,0.6,2.4,0.263,0.1,0.8,0.167,0.5,1.6,0.308,0.289,1.6,1.8,0.929,0.1,0.5,0.6,0.6,0.4,0,0,1.6,3,58,12.4,0.477,0.316,0.737,1.9,7.9,4.9,12.7,2.6,0,0,19.1,0.1,0,0.2,0.145,0,-2.3,-2.3,0
2013/2014,58679000,63372330.19,490180,#N/A,#N/A,TOT,#N/A,#N/A,#N/A,#N/A,#N/A,#N/A,#N/A,#N/A,#N/A,Seth Curry,PG,23,66318,72747,2,0,6.5,0.5,1.5,0.333,0.5,0.5,1,0,1,0,0.5,0,0,,0,0.5,0.5,0,1,0,0,0,1.5,13,13.8,0.5,0.333,0,0,8.8,4.3,0,7.9,0,0,10.3,0,0,0,0.131,-2.4,3.5,1.1,0
2013/2014,58679000,63372330.19,490180,Memphis Grizzlies,15,MEM,Tennessee,West,Southwest,50,32,0.61,96.1,94.6,2.18,Seth Curry,PG,23,66318,72747,1,0,4,0,0,,0,0,,0,0,,,0,0,,0,0,0,0,0,0,0,0,0,4,0,,,,0,0,0,0,0,0,,0,0,0,0,0.006,-5.8,0.6,-5.2,0
2013/2014,58679000,63372330.19,490180,Cleveland Cavaliers,6,CLE,Ohio,East,Central,33,49,0.402,98.2,101.5,-3.86,Seth Curry,PG,23,66318,72747,1,0,9,1,3,0.333,1,1,1,0,2,0,0.5,0,0,,0,1,1,0,2,0,0,0,3,9,19.9,0.5,0.333,0,0,12.8,6.2,0,11.5,0,0,14.9,0,0,0,0.187,-0.9,4.8,3.9,0
2013/2014,58679000,63372330.19,490180,Golden State Warriors,10,GSW,California,West,Pacific,51,31,0.622,104.3,99.5,5.15,Stephen Curry,PG,25,9887642,10846282,78,78,36.5,8.4,17.7,0.471,3.3,7.9,0.424,5,9.8,0.509,0.566,3.9,4.5,0.885,0.6,3.7,4.3,8.5,1.6,0.2,3.8,2.5,24,2846,24.1,0.61,0.445,0.252,1.8,10.9,6.4,39.9,2.2,0.4,16.1,28.3,9.3,4,13.4,0.225,7.4,0,7.4,6.7
2013/2014,58679000,63372330.19,490180,Dallas Mavericks,7,DAL,Texas,West,Southwest,49,33,0.598,104.8,102.4,2.91,Samuel Dalembert,C,32,3700748,4059547,80,68,20.2,2.7,4.7,0.568,0,0,0,2.7,4.7,0.569,0.568,1.3,1.7,0.737,2.5,4.3,6.8,0.5,0.5,1.2,1.1,2.6,6.6,1614,16.8,0.605,0.003,0.363,14.4,24.2,19.4,3.4,1.3,4.8,17.1,14.8,2.9,2.1,4.9,0.147,-0.9,1.5,0.6,1.1
2013/2014,58679000,63372330.19,490180,Houston Rockets,11,HOU,Texas,West,Southwest,54,28,0.659,107.7,103.1,5.06,Troy Daniels,SG,22,158587,173962,5,1,15,3,6.2,0.484,2.4,5,0.48,0.6,1.2,0.5,0.677,0,0,,0,0.8,0.8,1,0,0,0.6,1.2,8.4,75,16,0.677,0.806,0,0,5.6,3,11.4,0,0,8.8,19.9,0.2,0,0.2,0.15,4.3,-5.5,-1.2,0
2013/2014,58679000,63372330.19,490180,Detroit Pistons,9,DET,Michigan,East,Central,29,53,0.354,101,104.7,-4.13,Gigi Datome,SF,26,1750000,1919668,34,0,7,1,2.9,0.351,0.2,1.1,0.179,0.8,1.7,0.466,0.387,0.2,0.3,0.8,0.4,0.9,1.4,0.3,0.2,0,0.3,0.6,2.4,238,8,0.409,0.402,0.103,6.1,15.5,10.6,7,1.3,0.3,9.8,20.2,-0.2,0.1,-0.1,-0.023,-3.8,-3.2,-7,-0.3
2013/2014,58679000,63372330.19,490180,Philadelphia 76ers,23,PHI,Pennsylvania,East,Atlantic,19,63,0.232,99.5,109.9,-10.66,Brandon Davies,PF,22,490180,537704,51,0,11.3,1.1,2.5,0.422,0,0.2,0.2,1,2.3,0.441,0.43,0.7,1,0.642,0.7,1.4,2.1,0.5,0.5,0.2,0.7,1.8,2.8,575,7.5,0.476,0.078,0.414,6.9,13.9,10.2,7.1,2,1.1,18.8,13.7,-0.3,0.4,0.1,0.008,-5.3,-0.6,-5.9,-0.6
2013/2014,58679000,63372330.19,490180,New Orleans Pelicans,19,NOP,Louisiana,West,Southwest,34,48,0.415,99.7,102.4,-1.98,Anthony Davis,PF,20,5375760,5896958,67,66,35.2,7.8,15,0.519,0,0.1,0.222,7.8,14.9,0.522,0.52,5.2,6.6,0.791,3.1,7,10,1.6,1.3,2.8,1.6,3,20.8,2358,26.5,0.582,0.009,0.438,10,23.3,16.6,8,2,6.7,8.3,25.2,7.2,3.2,10.4,0.212,2.3,2.2,4.5,3.9
2013/2014,58679000,63372330.19,490180,Memphis Grizzlies,15,MEM,Tennessee,West,Southwest,50,32,0.61,96.1,94.6,2.18,Ed Davis,PF,24,3153860,3459637,63,4,15.2,2.5,4.6,0.534,0,0,,2.5,4.6,0.534,0.534,0.7,1.4,0.528,1.5,2.7,4.1,0.4,0.3,0.7,0.6,1.8,5.7,956,15.9,0.542,0,0.307,11.4,20.9,16.1,4.5,0.9,3.7,10.8,17.8,1.2,1.4,2.6,0.129,-1.9,0.5,-1.3,0.2
2013/2014,58679000,63372330.19,490180,#N/A,#N/A,TOT,#N/A,#N/A,#N/A,#N/A,#N/A,#N/A,#N/A,#N/A,#N/A,Glen Davis,PF,28,6750000,7404434,68,44,24.4,4,8.7,0.457,0.1,0.2,0.364,3.9,8.6,0.459,0.46,1.4,2,0.693,1.6,3.6,5.2,1.1,0.9,0.4,1.1,2.3,9.4,1662,13.1,0.491,0.019,0.231,7.4,16.4,11.9,7.8,1.8,1.4,10.4,19.9,0.2,1.8,2,0.058,-2.8,0.3,-2.5,-0.2
2013/2014,58679000,63372330.19,490180,Orlando Magic,22,ORL,Florida,East,Southeast,23,59,0.28,96.5,102,-5.88,Glen Davis,PF,28,6750000,7404434,45,43,30.1,5.2,11.4,0.453,0.1,0.2,0.4,5.1,11.2,0.454,0.457,1.7,2.5,0.675,1.9,4.3,6.3,1.6,1,0.5,1.3,2.5,12.1,1354,13.7,0.485,0.02,0.223,7.2,16.4,11.8,8.8,1.7,1.3,9.5,20.9,0.2,1.3,1.5,0.053,-2.5,0.2,-2.3,-0.1
2013/2014,58679000,63372330.19,490180,Los Angeles Clippers,13,LAC,California,West,Pacific,57,25,0.695,107.9,101,7.27,Glen Davis,PF,28,6750000,7404434,23,1,13.4,1.7,3.5,0.481,0,0,0,1.7,3.5,0.488,0.481,0.8,1,0.783,0.9,2.1,3,0.3,0.5,0.3,0.7,2.1,4.2,308,10.3,0.527,0.012,0.284,7.8,16.7,12.4,3.3,1.9,1.7,15.7,15.5,0.1,0.4,0.5,0.079,-3.8,0.6,-3.2,-0.1
2013/2014,58679000,63372330.19,490180,#N/A,#N/A,TOT,#N/A,#N/A,#N/A,#N/A,#N/A,#N/A,#N/A,#N/A,#N/A,Austin Daye,SF,25,947907,1039809,22,1,6.7,1.1,3.1,0.353,0.5,1.7,0.324,0.5,1.4,0.387,0.441,0.3,0.5,0.6,0.2,1,1.2,0.4,0.2,0.2,0.2,0.8,3,148,11,0.456,0.544,0.147,3.9,16.4,10.4,8.2,1.4,2,6.5,23.7,-0.1,0.2,0.1,0.047,-1.8,-1.4,-3.2,0
2013/2014,58679000,63372330.19,490180,Toronto Raptors,28,TOR,Ontario,East,Atlantic,48,34,0.585,101.3,98,2.55,Austin Daye,SF,25,947907,1039809,8,0,4.1,0.4,1.6,0.231,0,1,0,0.4,0.6,0.6,0.231,0.3,0.4,0.667,0.3,0.6,0.9,0.3,0,0,0,0.5,1,33,2.4,0.279,0.615,0.231,7,17.8,12.4,9.2,0,0,0,19.7,-0.1,0,0,-0.067,-5,-3.6,-8.6,-0.1
2013/2014,58679000,63372330.19,490180,San Antonio Spurs,27,SAS,Texas,West,Southwest,62,20,0.756,105.4,97.6,8,Austin Daye,SF,25,947907,1039809,14,1,8.2,1.5,3.9,0.382,0.9,2.1,0.414,0.6,1.9,0.346,0.491,0.3,0.5,0.571,0.2,1.2,1.4,0.4,0.3,0.3,0.4,1,4.1,115,13.5,0.499,0.527,0.127,3.1,16,9.8,7.9,1.8,2.5,7.9,24.8,0,0.2,0.2,0.08,-0.9,-0.7,-1.6,0
2013/2014,58679000,63372330.19,490180,#N/A,#N/A,TOT,#N/A,#N/A,#N/A,#N/A,#N/A,#N/A,#N/A,#N/A,#N/A,Nando De Colo,SF,26,1463000,1604842,47,3,10.5,1.4,3.3,0.418,0.4,1.1,0.34,1,2.1,0.46,0.477,0.7,0.7,0.886,0.3,1.3,1.6,1.4,0.5,0.1,0.7,1,3.8,494,13.1,0.526,0.346,0.229,3.3,13.3,8.4,19.7,2.3,0.9,17.2,18.6,0.3,0.7,1,0.1,-1,0.6,-0.4,0.2
2013/2014,58679000,63372330.19,490180,San Antonio Spurs,27,SAS,Texas,West,Southwest,62,20,0.756,105.4,97.6,8,Nando De Colo,SF,26,1463000,1604842,26,3,11.6,1.6,3.6,0.452,0.4,1.2,0.323,1.2,2.4,0.516,0.505,0.7,0.8,0.818,0.2,1.5,1.7,1.2,0.6,0.1,0.8,1,4.3,301,13.2,0.545,0.333,0.237,2.3,14,8.4,15.1,2.5,0.7,17,18.6,0.1,0.5,0.6,0.101,-1.2,1.2,-0.1,0.1
2013/2014,58679000,63372330.19,490180,Toronto Raptors,28,TOR,Ontario,East,Atlantic,48,34,0.585,101.3,98,2.55,Nando De Colo,SF,26,1463000,1604842,21,0,9.2,1,2.9,0.367,0.4,1,0.364,0.7,1.8,0.368,0.433,0.6,0.6,1,0.4,1,1.3,1.6,0.3,0.1,0.7,1.1,3.1,193,12.9,0.495,0.367,0.217,4.8,12.1,8.5,26.9,1.9,1.2,17.6,18.8,0.2,0.2,0.4,0.098,-0.7,-0.2,-0.9,0.1
2013/2014,58679000,63372330.19,490180,#N/A,#N/A,TOT,#N/A,#N/A,#N/A,#N/A,#N/A,#N/A,#N/A,#N/A,#N/A,Dewayne Dedmon,C,24,256623,281502,31,6,12.6,1.2,2.7,0.458,0,0,,1.2,2.7,0.458,0.458,0.7,1,0.656,1.2,2.9,4.1,0.2,0.2,0.7,0.6,2.1,3.1,390,10.7,0.5,0,0.386,10.7,25.8,18.1,1.9,0.9,4.5,15.6,13.1,0.1,0.5,0.6,0.07,-6,0,-6,-0.4
2013/2014,58679000,63372330.19,490180,Golden State Warriors,10,GSW,California,West,Pacific,51,31,0.622,104.3,99.5,5.15,Dewayne Dedmon,C,24,256623,281502,4,0,1.5,0,0.3,0,0,0,,0,0.3,0,0,0.3,0.5,0.5,0,0,0,0,0,0,0,0.3,0.3,6,-5.1,0.266,0,2,0,0,0,0,0,0,0,13.8,0,0,0,-0.107,-10.1,-3.1,-13.3,0
2013/2014,58679000,63372330.19,490180,Philadelphia 76ers,23,PHI,Pennsylvania,East,Atlantic,19,63,0.232,99.5,109.9,-10.66,Dewayne Dedmon,C,24,256623,281502,11,0,13.6,1.4,2.6,0.517,0,0,,1.4,2.6,0.517,0.517,0.6,1.2,0.538,1,3.5,4.5,0.3,0,0.8,0.8,2.5,3.4,150,8.7,0.533,0,0.448,7.6,28.5,17.6,2.9,0,4.8,20.6,12.3,0,0.1,0.1,0.035,-7.4,-0.5,-7.9,-0.2
2013/2014,58679000,63372330.19,490180,Orlando Magic,22,ORL,Florida,East,Southeast,23,59,0.28,96.5,102,-5.88,Dewayne Dedmon,C,24,256623,281502,16,6,14.6,1.4,3.3,0.434,0,0,,1.4,3.3,0.434,0.434,0.8,1.1,0.765,1.7,3.2,4.9,0.1,0.4,0.8,0.6,2.3,3.7,234,12.5,0.488,0,0.321,13,24.8,18.9,1.3,1.5,4.4,13,13.5,0.1,0.4,0.5,0.096,-5.1,0.4,-4.6,-0.2
2013/2014,58679000,63372330.19,490180,Cleveland Cavaliers,6,CLE,Ohio,East,Central,33,49,0.402,98.2,101.5,-3.86,Matthew Dellavedova,SG,23,490180,537704,72,4,17.7,1.7,4.1,0.412,0.8,2.2,0.368,0.9,2,0.461,0.508,0.5,0.7,0.792,0.4,1.3,1.7,2.6,0.5,0.1,0.8,1.7,4.7,1271,10.7,0.534,0.524,0.162,2.5,8.5,5.4,22.1,1.3,0.3,15.9,13.2,1.4,0.7,2.1,0.078,-0.5,-1.7,-2.1,0
2013/2014,58679000,63372330.19,490180,#N/A,#N/A,TOT,#N/A,#N/A,#N/A,#N/A,#N/A,#N/A,#N/A,#N/A,#N/A,Luol Deng,SF,28,14312125,15699733,63,63,35.1,5.9,13.7,0.431,0.9,3,0.302,5,10.7,0.468,0.465,3.4,4.3,0.791,1.6,4.2,5.7,2.9,1,0.1,1.8,1.8,16,2213,15.2,0.517,0.22,0.312,5,13.4,9.2,14.6,1.5,0.3,10.4,22.3,2.2,2.3,4.5,0.098,0.4,-0.2,0.2,1.2
2013/2014,58679000,63372330.19,490180,Chicago Bulls,5,CHI,Illinois,East,Central,48,34,0.585,93.7,91.8,1.2,Luol Deng,SF,28,14312125,15699733,23,23,37.4,7,15.4,0.452,0.7,2.7,0.274,6.2,12.7,0.49,0.476,4.4,5.4,0.815,1.7,5.1,6.9,3.7,1,0.2,2.6,2.3,19,860,17,0.536,0.175,0.35,5.4,15.4,10.5,18.7,1.5,0.4,12.6,25.1,1,1.4,2.4,0.132,0.7,0.7,1.4,0.7
2013/2014,58679000,63372330.19,490180,Cleveland Cavaliers,6,CLE,Ohio,East,Central,33,49,0.402,98.2,101.5,-3.86,Luol Deng,SF,28,14312125,15699733,40,40,33.8,5.3,12.7,0.417,1,3.2,0.315,4.3,9.5,0.451,0.457,2.8,3.6,0.771,1.5,3.6,5.1,2.5,1,0.1,1.4,1.5,14.3,1353,14,0.503,0.251,0.285,4.8,12.2,8.4,12,1.4,0.3,8.8,20.6,1.3,0.9,2.2,0.077,0.1,-0.8,-0.6,0.5
2013/2014,58679000,63372330.19,490180,Toronto Raptors,28,TOR,Ontario,East,Atlantic,48,34,0.585,101.3,98,2.55,DeMar DeRozan,SG,24,9500000,10421057,79,79,38.2,7.6,17.8,0.429,0.8,2.7,0.305,6.8,15.2,0.451,0.452,6.6,8,0.824,0.6,3.7,4.3,4,1.1,0.4,2.2,2.5,22.7,3017,18.4,0.532,0.149,0.448,2,11.3,6.6,18.9,1.5,0.7,9.5,28,5.8,3,8.8,0.141,1.4,-0.7,0.7,2
2013/2014,58679000,63372330.19,490180,San Antonio Spurs,27,SAS,Texas,West,Southwest,62,20,0.756,105.4,97.6,8,Boris Diaw,PF,31,4702500,5158423,79,24,25,3.8,7.3,0.521,0.6,1.4,0.402,3.3,5.9,0.549,0.559,0.9,1.2,0.739,0.9,3.2,4.1,2.8,0.6,0.4,1.5,1.8,9.1,1974,14.1,0.578,0.193,0.159,4.4,13.8,9.3,16.3,1.1,1.2,16.3,17,2.3,2.6,4.9,0.12,0.2,1.4,1.6,1.8
2013/2014,58679000,63372330.19,490180,Minnesota Timberwolves,18,MIN,Minnesota,West,Northwest,40,42,0.488,106.9,104.3,3.1,Gorgui Dieng,C,24,1352640,1483783,60,15,13.6,1.9,3.8,0.498,0,0,1,1.9,3.8,0.496,0.5,1,1.6,0.634,1.7,3.3,5,0.7,0.5,0.8,0.9,1.8,4.8,818,16.5,0.534,0.004,0.41,13.4,26.9,20,7.2,1.8,4.6,16.8,16.8,0.7,1.5,2.2,0.129,-2.4,3.1,0.7,0.5
2013/2014,58679000,63372330.19,490180,#N/A,#N/A,TOT,#N/A,#N/A,#N/A,#N/A,#N/A,#N/A,#N/A,#N/A,#N/A,Toney Douglas,PG,27,1600000,1755125,51,17,13.2,1.4,3.7,0.384,0.6,2,0.304,0.8,1.7,0.477,0.466,0.5,0.7,0.735,0.4,1.4,1.7,1.3,0.4,0.1,0.7,1.6,4,675,9.2,0.493,0.537,0.179,3.4,11.9,7.8,14.6,1.5,0.6,14.2,16.3,0.2,0.7,0.9,0.061,-1.5,-0.8,-2.3,-0.1
2013/2014,58679000,63372330.19,490180,Golden State Warriors,10,GSW,California,West,Pacific,51,31,0.622,104.3,99.5,5.15,Toney Douglas,PG,27,1600000,1755125,24,0,11,1.3,3.6,0.372,0.8,2.5,0.322,0.5,1.1,0.481,0.483,0.2,0.3,0.625,0.2,0.9,1.1,0.8,0.3,0.1,0.7,1.4,3.7,265,6.5,0.492,0.686,0.093,1.7,8.9,5.4,10.3,1.1,0.6,15.2,17.5,-0.1,0.3,0.2,0.028,-2.5,-1.2,-3.7,-0.1
2013/2014,58679000,63372330.19,490180,Miami Heat,16,MIA,Florida,East,Southeast,54,28,0.659,102.2,97.4,4.15,Toney Douglas,PG,27,1600000,1755125,27,17,15.2,1.5,3.9,0.394,0.4,1.6,0.279,1.1,2.3,0.475,0.452,0.7,1,0.769,0.5,1.7,2.3,1.8,0.5,0.1,0.7,1.7,4.2,410,10.9,0.494,0.413,0.25,4.5,13.9,9.3,17.3,1.7,0.6,13.5,15.6,0.3,0.4,0.7,0.083,-0.8,-0.5,-1.4,0.1
2013/2014,58679000,63372330.19,490180,Charlotte Bobcats,4,CHA,North Carolina,East,Southeast,43,39,0.524,96.9,97.1,-0.89,Chris Douglas-Roberts,SF,27,535288,587185,49,8,20.7,2.3,5.1,0.44,1,2.7,0.386,1.2,2.4,0.5,0.542,1.3,1.7,0.805,0.3,2.1,2.4,1,0.6,0.3,0.7,1.2,6.9,1016,12.2,0.588,0.524,0.325,1.8,11.5,6.6,7.9,1.5,1.2,11.1,14.7,1.1,1.2,2.4,0.113,-0.3,0.4,0.1,0.5
2013/2014,58679000,63372330.19,490180,Phoenix Suns,24,PHO,Arizona,West,Pacific,48,34,0.585,105.2,102.6,3.02,Goran Dragic,SG,27,7500000,8227150,76,75,35.1,7.3,14.4,0.505,1.6,3.9,0.408,5.7,10.4,0.542,0.561,4.2,5.5,0.76,0.9,2.3,3.2,5.9,1.4,0.3,2.8,2.7,20.3,2668,21.4,0.604,0.274,0.381,2.9,7.4,5.2,28.1,2,0.6,14.3,24.5,8.4,2,10.3,0.186,4.9,-1.1,3.9,4
2013/2014,58679000,63372330.19,490180,Detroit Pistons,9,DET,Michigan,East,Central,29,53,0.354,101,104.7,-4.13,Andre Drummond,C,20,2462400,2701137,81,81,32.3,5.9,9.5,0.623,0,0,0,5.9,9.5,0.625,0.623,1.7,4,0.418,5.4,7.8,13.2,0.4,1.2,1.6,1.4,3.4,13.5,2619,22.6,0.599,0.003,0.427,17.5,27.7,22.3,2.2,2,4,10.7,16.7,6.4,3.5,9.9,0.182,1.1,0.5,1.6,2.4
2013/2014,58679000,63372330.19,490180,Los Angeles Clippers,13,LAC,California,West,Pacific,57,25,0.695,107.9,101,7.27,Jared Dudley,SF,28,4250000,4662051,74,43,23.4,2.6,6,0.438,1.1,3,0.36,1.6,3,0.518,0.529,0.5,0.8,0.655,0.5,1.7,2.2,1.4,0.6,0.1,0.8,2,6.9,1729,8.9,0.541,0.503,0.13,2.4,7.7,5.1,8.6,1.2,0.4,10.6,13.5,1.2,1.2,2.4,0.068,-0.3,-0.4,-0.8,0.5
2013/2014,58679000,63372330.19,490180,San Antonio Spurs,27,SAS,Texas,West,Southwest,62,20,0.756,105.4,97.6,8,Tim Duncan,C,37,10361446,11366023,74,74,29.2,6,12.2,0.49,0,0.1,0,6,12.2,0.493,0.49,3.1,4.3,0.731,2.1,7.6,9.7,3,0.6,1.9,2.1,1.8,15.1,2158,21.3,0.535,0.006,0.349,8.6,28.3,18.8,16,1,4.6,13.2,25.2,2.8,4.6,7.4,0.164,-0.9,4,3.2,2.8
2013/2014,58679000,63372330.19,490180,Chicago Bulls,5,CHI,Illinois,East,Central,48,34,0.585,93.7,91.8,1.2,Mike Dunleavy,SF,33,3000000,3290860,82,61,31.5,4.1,9.4,0.43,1.5,4,0.38,2.6,5.5,0.467,0.51,1.7,2,0.854,0.6,3.6,4.2,2.3,0.8,0.6,1.3,2,11.3,2584,12.6,0.549,0.419,0.212,2.1,13,7.6,12.3,1.3,1.4,11.3,17,2.4,4.1,6.5,0.121,-0.3,1.1,0.7,1.8
2013/2014,58679000,63372330.19,490180,Oklahoma City Thunder,21,OKC,Oklahoma,West,Northwest,59,23,0.72,106.2,99.8,6.66,Kevin Durant,SF,25,18773176,20593298,81,81,38.5,10.5,20.8,0.503,2.4,6.1,0.391,8.1,14.8,0.549,0.56,8.7,9.9,0.873,0.7,6.7,7.4,5.5,1.3,0.7,3.5,2.1,32,3122,29.8,0.635,0.291,0.477,2.2,18.6,10.8,26.7,1.7,1.5,12.2,33,14.8,4.4,19.2,0.295,8.4,0.4,8.8,8.5
2013/2014,58679000,63372330.19,490180,Cleveland Cavaliers,6,CLE,Ohio,East,Central,33,49,0.402,98.2,101.5,-3.86,Shane Edwards,SF,26,28834,31629,2,0,6,0.5,1.5,0.333,0,0,,0.5,1.5,0.333,0.333,0,0,,0.5,0.5,1,0,0,0,0.5,0.5,1,12,-1,0.333,0,0,9.1,9.6,9.3,0,0,0,25,14.9,0,0,0,-0.141,-10.5,-4.7,-15.2,0
2013/2014,58679000,63372330.19,490180,Dallas Mavericks,7,DAL,Texas,West,Southwest,49,33,0.598,104.8,102.4,2.91,Wayne Ellington,SG,26,2500000,2742383,45,1,8.7,1.2,2.8,0.437,0.6,1.3,0.424,0.7,1.5,0.448,0.536,0.2,0.2,0.909,0.2,0.8,1,0.4,0.4,0,0.2,0.7,3.2,393,12.2,0.554,0.468,0.087,2.4,10.2,6.3,7.1,2.1,0.4,7.8,16.4,0.4,0.2,0.7,0.084,0,-1.7,-1.7,0
2013/2014,58679000,63372330.19,490180,Dallas Mavericks,7,DAL,Texas,West,Southwest,49,33,0.598,104.8,102.4,2.91,Monta Ellis,SG,28,8360000,9170530,82,82,36.9,7,15.6,0.451,0.8,2.5,0.33,6.2,13,0.474,0.478,4.1,5.2,0.788,0.5,3.1,3.6,5.7,1.7,0.3,3.2,2.4,19,3023,16.8,0.532,0.164,0.336,1.5,9.8,5.6,24.8,2.4,0.6,15.2,26,2.8,2.1,4.9,0.078,0.6,-0.6,0,1.5
2013/2014,58679000,63372330.19,490180,New Orleans Pelicans,19,NOP,Louisiana,West,Southwest,34,48,0.415,99.7,102.4,-1.98,Melvin Ely,C,35,74469,81689,2,0,13.5,1.5,3,0.5,0,0,,1.5,3,0.5,0.5,0,0,,0,0.5,0.5,0,0,0.5,0,2.5,3,27,3.9,0.5,0,0,0,4.4,2.2,0,0,3.1,0,10.1,0,0,0,0.011,-4.9,-2.8,-7.6,0
2013/2014,58679000,63372330.19,490180,Utah Jazz,29,UTA,Utah,West,Northwest,25,57,0.305,95,102.2,-6.27,Jeremy Evans,SF,26,1660000,1820942,66,4,18.3,2.7,5,0.527,0,0,0,2.7,5,0.53,0.527,0.8,1.1,0.68,1.8,2.9,4.7,0.7,0.6,0.7,0.6,2.1,6.1,1209,16.2,0.549,0.006,0.226,11.1,18.7,14.8,6.1,1.8,3,9.9,15.3,1.9,1,2.8,0.112,-0.9,0.8,-0.1,0.6
2013/2014,58679000,63372330.19,490180,#N/A,#N/A,TOT,#N/A,#N/A,#N/A,#N/A,#N/A,#N/A,#N/A,#N/A,#N/A,Reggie Evans,PF,33,1695636,1860033,54,20,16.6,1.3,2.8,0.473,0,0,,1.3,2.8,0.473,0.473,1.3,2.4,0.554,2.1,4.1,6.2,0.4,0.7,0.1,1.1,2.2,4,899,11.7,0.516,0,0.867,14.8,28.4,21.5,3.5,2.1,0.3,21.9,13.4,0.3,1.2,1.5,0.08,-3.5,-0.1,-3.6,-0.4
2013/2014,58679000,63372330.19,490180,Brooklyn Nets,3,BRK,New York,East,Atlantic,44,38,0.537,98.5,99.5,-1.58,Reggie Evans,PF,33,1695636,1860033,30,6,13.3,0.8,2,0.39,0,0,,0.8,2,0.39,0.39,1.2,2.2,0.538,1.8,3.2,5,0.2,0.4,0.1,0.9,1.8,2.7,399,9,0.462,0,1.102,15.9,28.7,22.4,1.8,1.7,0.4,24.2,13.6,-0.1,0.5,0.4,0.046,-5.6,-1.3,-6.9,-0.5
2013/2014,58679000,63372330.19,490180,Sacramento Kings,26,SAC,California,West,Pacific,28,54,0.341,100.5,103.4,-2.08,Reggie Evans,PF,33,1695636,1860033,24,14,20.8,2,3.8,0.527,0,0,,2,3.8,0.527,0.527,1.5,2.7,0.569,2.6,5.1,7.7,0.7,1,0,1.3,2.7,5.5,500,13.8,0.556,0,0.714,13.8,28.1,20.9,4.8,2.4,0.2,20.1,13.2,0.5,0.7,1.1,0.107,-1.9,0.9,-0.9,0.1
2013/2014,58679000,63372330.19,490180,New Orleans Pelicans,19,NOP,Louisiana,West,Southwest,34,48,0.415,99.7,102.4,-1.98,Tyreke Evans,SF,24,11796247,12939932,72,22,28.2,5.4,12.5,0.436,0.3,1.3,0.221,5.1,11.1,0.461,0.448,3.3,4.3,0.771,1.1,3.7,4.7,5,1.2,0.3,2.4,2.2,14.5,2028,18.4,0.504,0.106,0.346,4.3,15.4,9.8,30.4,2.2,0.9,14.5,27.1,1.8,1.3,3.1,0.073,1.2,-0.4,0.8,1.4
2013/2014,58679000,63372330.19,490180,Denver Nuggets,8,DEN,Colorado,West,Northwest,36,46,0.439,104.4,106.5,-1.4,Kenneth Faried,PF,24,1442880,1582772,80,77,27.2,5.6,10.3,0.545,0,0,0,5.6,10.2,0.547,0.545,2.5,3.9,0.65,3,5.6,8.6,1.2,0.9,0.9,1.7,2.4,13.7,2178,19.8,0.573,0.004,0.379,11.8,22.2,16.9,7.5,1.6,2.3,12.4,21.3,4,2.5,6.5,0.144,0.3,0.9,1.2,1.8
2013/2014,58679000,63372330.19,490180,Los Angeles Lakers,14,LAL,California,West,Pacific,27,55,0.329,103,109.2,-5.33,Jordan Farmar,PG,27,1106942,1214263,41,5,22.2,3.7,8.9,0.415,1.7,3.9,0.438,2,5,0.397,0.511,1.1,1.4,0.746,0.5,2,2.5,4.9,0.9,0.2,2.3,1.6,10.1,912,15,0.533,0.44,0.162,2.3,9.8,6.1,34.6,2,0.6,19.6,23.2,0.4,0.4,0.7,0.039,0.9,-2,-1.1,0.2
2013/2014,58679000,63372330.19,490180,Boston Celtics,2,BOS,Massachusetts,East,Atlantic,25,57,0.305,96.2,100.7,-4.97,Vitor Faverani,C,25,2000000,2193906,37,8,13.2,1.7,4,0.435,0.3,1.1,0.3,1.4,2.9,0.486,0.476,0.6,1,0.649,1.1,2.3,3.5,0.4,0.4,0.7,1.1,2,4.4,488,11,0.502,0.272,0.252,9.5,20.6,14.9,5.2,1.5,4.3,20.1,18.6,-0.3,0.7,0.3,0.031,-4.2,1.1,-3.1,-0.1
2013/2014,58679000,63372330.19,490180,Utah Jazz,29,UTA,Utah,West,Northwest,25,57,0.305,95,102.2,-6.27,Derrick Favors,PF,22,6008106,6590612,73,73,30.2,5.3,10.2,0.522,0,0,0,5.3,10.2,0.523,0.522,2.6,3.9,0.669,2.7,6,8.7,1.2,1,1.5,1.8,3.2,13.3,2201,19,0.556,0.001,0.38,10.1,23.7,16.7,7.3,1.8,3.8,12.9,20.8,2.9,2.3,5.1,0.112,-0.8,1.4,0.7,1.5
2013/2014,58679000,63372330.19,490180,Cleveland Cavaliers,6,CLE,Ohio,East,Central,33,49,0.402,98.2,101.5,-3.86,Carrick Felix,SG,23,490180,537704,7,0,5.4,1,2,0.5,0.3,0.7,0.4,0.7,1.3,0.556,0.571,0.4,0.6,0.75,0.1,0.7,0.9,0.6,0,0,0.6,0.6,2.7,38,13.3,0.603,0.357,0.286,2.9,15.1,8.9,18.2,0,0,20.2,23.2,0,0,0,0.057,-1.1,-3.5,-4.7,0
2013/2014,58679000,63372330.19,490180,New York Knicks,20,NYK,New York,East,Atlantic,37,45,0.451,98.6,99.4,-1.4,Raymond Felton,PG,29,4180000,4585265,65,65,31,3.7,9.4,0.395,1,3,0.318,2.7,6.4,0.431,0.446,1.4,1.9,0.721,0.8,2.2,3,5.6,1.2,0.4,2,2.4,9.7,2017,12.9,0.476,0.321,0.201,3.1,8.6,5.7,28.1,2.1,1.2,16.3,18.2,1.1,1.1,2.2,0.053,-0.1,-0.8,-0.9,0.5
2013/2014,58679000,63372330.19,490180,Toronto Raptors,28,TOR,Ontario,East,Atlantic,48,34,0.585,101.3,98,2.55,Landry Fields,SF,25,5225000,5731581,30,2,10.7,0.9,2.2,0.403,0,0.2,0,0.9,2.1,0.435,0.403,0.5,0.7,0.636,0.5,1.5,2,0.7,0.3,0.1,0.4,0.8,2.3,322,8.6,0.443,0.075,0.328,5.4,16,10.7,9.3,1.6,0.7,12.5,12.4,0,0.4,0.4,0.057,-3.9,0.9,-2.9,-0.1
2013/2014,58679000,63372330.19,490180,Oklahoma City Thunder,21,OKC,Oklahoma,West,Northwest,59,23,0.72,106.2,99.8,6.66,Derek Fisher,SG,39,1399507,1535193,81,0,17.6,1.7,4.5,0.391,1.1,2.8,0.384,0.7,1.6,0.402,0.512,0.7,0.9,0.775,0.1,1.4,1.5,1.4,0.9,0,0.6,1.9,5.2,1428,10.1,0.542,0.634,0.197,1,8.3,4.8,11.6,2.5,0.2,11.1,13.7,1.4,1.7,3.1,0.103,0,-0.5,-0.5,0.5
2013/2014,58679000,63372330.19,490180,Denver Nuggets,8,DEN,Colorado,West,Northwest,36,46,0.439,104.4,106.5,-1.4,Evan Fournier,SG,21,1422720,1560657,76,4,19.8,3,7.2,0.419,1.2,3.1,0.376,1.8,4,0.453,0.501,1.2,1.6,0.756,0.4,2.2,2.7,1.5,0.4,0.1,1.3,2.4,8.4,1503,10.3,0.533,0.436,0.226,2.4,12.1,7.3,11.6,1.1,0.3,14.3,19.7,0.6,0.8,1.4,0.043,-0.9,-1.6,-2.5,-0.2
2013/2014,58679000,63372330.19,490180,Denver Nuggets,8,DEN,Colorado,West,Northwest,36,46,0.439,104.4,106.5,-1.4,Randy Foye,SG,30,3000000,3290860,81,78,30.7,4.5,10.8,0.413,2.3,6.1,0.38,2.1,4.7,0.456,0.521,1.9,2.3,0.849,0.4,2.4,2.9,3.5,0.8,0.5,1.8,2.5,13.2,2485,13.3,0.558,0.569,0.211,1.6,8.5,5,17.7,1.3,1.2,13.2,18.8,3.3,1.3,4.6,0.089,1.9,-1,0.9,1.8
2013/2014,58679000,63372330.19,490180,Memphis Grizzlies,15,MEM,Tennessee,West,Southwest,50,32,0.61,96.1,94.6,2.18,Jamaal Franklin,SG,22,535000,586870,21,0,7.7,0.8,1.9,0.41,0.2,0.5,0.455,0.5,1.3,0.393,0.474,0.1,0.1,1,0.2,0.9,1.1,0.3,0.2,0.1,0.5,1.1,1.9,161,4.7,0.489,0.282,0.051,2.9,14,8.5,5.4,1.3,1,21.6,14.6,-0.2,0.2,0,-0.002,-5.1,-0.2,-5.4,-0.1
2013/2014,58679000,63372330.19,490180,#N/A,#N/A,TOT,#N/A,#N/A,#N/A,#N/A,#N/A,#N/A,#N/A,#N/A,#N/A,Jimmer Fredette,SG,24,2813399,3086166,49,0,10.6,2.2,4.6,0.471,0.8,1.7,0.476,1.4,2.9,0.469,0.559,0.4,0.4,0.905,0.2,0.9,1.1,1.3,0.3,0.1,1,0.7,5.6,519,15.8,0.578,0.37,0.093,1.7,9.7,5.7,22.2,1.4,0.5,16.9,24.3,0.5,0.3,0.8,0.078,0.6,-3,-2.4,0
2013/2014,58679000,63372330.19,490180,Sacramento Kings,26,SAC,California,West,Pacific,28,54,0.341,100.5,103.4,-2.08,Jimmer Fredette,SG,24,2813399,3086166,41,0,11.3,2.3,4.8,0.475,0.9,1.8,0.493,1.4,3,0.464,0.566,0.4,0.5,0.895,0.2,0.9,1.1,1.5,0.3,0.1,1.1,0.7,5.9,463,16.3,0.584,0.369,0.096,1.7,9.4,5.5,23.5,1.5,0.5,17.6,23.8,0.6,0.2,0.8,0.082,1,-2.8,-1.9,0
2013/2014,58679000,63372330.19,490180,Chicago Bulls,5,CHI,Illinois,East,Central,48,34,0.585,93.7,91.8,1.2,Jimmer Fredette,SG,24,2813399,3086166,8,0,7,1.6,3.6,0.448,0.5,1.4,0.364,1.1,2.3,0.5,0.517,0.3,0.3,1,0.1,0.8,0.9,0.4,0,0,0.5,0.9,4,56,11.6,0.535,0.379,0.069,2.1,12,7.1,11.1,0,0,11.8,27.9,0,0.1,0,0.043,-2,-4.4,-6.5,-0.1
2013/2014,58679000,63372330.19,490180,Portland Trail Blazers,25,POR,Oregon,West,Northwest,54,28,0.659,106.7,102.8,4.44,Joel Freeland,C,26,3000000,3290860,52,0,14,1.5,3.1,0.475,0,0,0,1.5,3.1,0.481,0.475,0.4,0.6,0.69,1.7,2.3,4,0.7,0.2,0.4,0.6,1.8,3.3,727,11.3,0.498,0.012,0.179,13.2,17.6,15.4,7.1,0.7,2.1,15.5,12.4,0.7,0.7,1.4,0.093,-1.8,1.1,-0.7,0.2
2013/2014,58679000,63372330.19,490180,Phoenix Suns,24,PHO,Arizona,West,Pacific,48,34,0.585,105.2,102.6,3.02,Channing Frye,PF,30,6400000,7020501,82,82,28.2,4.1,9.5,0.432,2,5.3,0.37,2.1,4.2,0.509,0.535,1,1.2,0.821,0.9,4.2,5.1,1.2,0.7,0.8,1.1,3,11.1,2312,13.2,0.555,0.555,0.122,3.6,16.6,10.1,6.4,1.3,2.1,9.8,17.3,2.9,2.4,5.3,0.109,0.9,0.2,1.1,1.8
2013/2014,58679000,63372330.19,490180,Houston Rockets,11,HOU,Texas,West,Southwest,54,28,0.659,107.7,103.1,5.06,Francisco Garcia,SF,32,1265977,1388717,55,4,19.7,2.1,5.3,0.401,1.3,3.5,0.358,0.9,1.8,0.485,0.519,0.2,0.3,0.526,0.4,1.8,2.2,1.1,0.5,0.6,0.5,2.2,5.7,1083,9.3,0.521,0.656,0.065,2.3,9.8,6.3,8.6,1.2,2.3,9,13.5,0.8,0.9,1.8,0.078,-0.3,0.1,-0.2,0.5
2013/2014,58679000,63372330.19,490180,Brooklyn Nets,3,BRK,New York,East,Atlantic,44,38,0.537,98.5,99.5,-1.58,Kevin Garnett,C,37,11532468,12650579,54,54,20.5,2.9,6.6,0.441,0,0.1,0,2.9,6.5,0.445,0.441,0.7,0.9,0.809,1.1,5.5,6.6,1.5,0.8,0.7,1.3,2.3,6.5,1109,13.3,0.467,0.008,0.132,6.5,32.1,19.3,12.4,2,3,15.5,18.9,-0.7,1.9,1.2,0.054,-4.7,2.8,-1.9,0
2013/2014,58679000,63372330.19,490180,Utah Jazz,29,UTA,Utah,West,Northwest,25,57,0.305,95,102.2,-6.27,Diante Garrett,PG,25,719266,789001,71,0,14.8,1.4,3.7,0.381,0.5,1.4,0.375,0.9,2.4,0.385,0.449,0.1,0.2,0.833,0.2,1.2,1.4,1.7,0.6,0.1,1.1,1.1,3.5,1048,7.1,0.459,0.362,0.045,1.2,9.8,5.3,17.6,2.1,0.4,21.7,15.1,-1.1,0.3,-0.8,-0.036,-4,-1.2,-5.2,-0.8
2013/2014,58679000,63372330.19,490180,Memphis Grizzlies,15,MEM,Tennessee,West,Southwest,50,32,0.61,96.1,94.6,2.18,Marc Gasol,C,29,14860523,16301300,59,59,33.4,5.7,12.1,0.473,0,0.2,0.182,5.7,11.9,0.477,0.474,3.1,4.1,0.768,1.4,5.8,7.2,3.6,1,1.3,1.9,2.5,14.6,1970,18.2,0.526,0.015,0.339,5,20.5,12.7,17.7,1.6,3.2,12,21.7,2.6,3.1,5.6,0.137,0,2.9,2.9,2.4
2013/2014,58679000,63372330.19,490180,Los Angeles Lakers,14,LAL,California,West,Pacific,27,55,0.329,103,109.2,-5.33,Pau Gasol,C,33,19285850,21155678,60,60,31.4,7.1,14.8,0.48,0.1,0.2,0.286,7,14.5,0.483,0.482,3.1,4.2,0.736,2.1,7.6,9.7,3.4,0.5,1.5,2.4,2.1,17.4,1884,19.3,0.522,0.016,0.287,7,25.9,16.4,18.7,0.7,3.5,12.4,26.4,1.3,1.7,3,0.076,-1,1.6,0.6,1.3
2013/2014,58679000,63372330.19,490180,#N/A,#N/A,TOT,#N/A,#N/A,#N/A,#N/A,#N/A,#N/A,#N/A,#N/A,#N/A,Rudy Gay,SF,27,17888932,19623324,73,73,34.7,7.4,16.2,0.455,0.9,2.7,0.33,6.5,13.5,0.481,0.483,4.4,5.3,0.822,1.5,4.4,6,2.9,1.3,0.8,3.1,2.3,20,2531,18.3,0.54,0.167,0.328,5,14.8,9.8,15.1,1.9,1.8,14.2,27.6,2.3,2.5,4.8,0.091,0.6,0.3,0.9,1.8
2013/2014,58679000,63372330.19,490180,Toronto Raptors,28,TOR,Ontario,East,Atlantic,48,34,0.585,101.3,98,2.55,Rudy Gay,SF,27,17888932,19623324,18,18,35.5,7.2,18.6,0.388,1.2,3.3,0.373,6,15.3,0.391,0.421,3.8,4.9,0.773,1.6,5.8,7.4,2.2,1.6,1.3,3.3,2.6,19.4,639,14.7,0.468,0.176,0.263,5.3,19.1,12.1,11.5,2.3,2.9,13.6,30.8,-0.8,1.1,0.3,0.021,-3.2,1.1,-2.1,0
2013/2014,58679000,63372330.19,490180,Sacramento Kings,26,SAC,California,West,Pacific,28,54,0.341,100.5,103.4,-2.08,Rudy Gay,SF,27,17888932,19623324,55,55,34.4,7.4,15.3,0.482,0.8,2.5,0.312,6.6,12.8,0.516,0.508,4.5,5.4,0.836,1.5,4,5.5,3.1,1.2,0.6,3,2.3,20.1,1892,19.6,0.567,0.164,0.354,4.9,13.3,9.1,16.3,1.8,1.4,14.5,26.6,3,1.5,4.5,0.114,1.9,0,1.9,1.9
2013/2014,58679000,63372330.19,490180,Cleveland Cavaliers,6,CLE,Ohio,East,Central,33,49,0.402,98.2,101.5,-3.86,Alonzo Gee,SF,26,3250000,3565098,65,24,15.7,1.5,3.6,0.415,0.3,0.9,0.328,1.2,2.7,0.444,0.456,0.7,0.9,0.705,0.5,1.8,2.3,0.7,0.6,0.2,0.7,1.5,4,1020,8.6,0.491,0.246,0.258,3.8,12.8,8.2,6.9,2,1.2,14.3,13.4,-0.1,1,0.9,0.041,-3.3,0.7,-2.6,-0.2
2013/2014,58679000,63372330.19,490180,Indiana Pacers,12,IND,Indiana,East,Central,56,26,0.683,96.7,92.3,3.63,Paul George,SF,23,3282003,3600204,80,80,36.2,7.2,17,0.424,2.3,6.3,0.364,4.9,10.8,0.458,0.49,5,5.8,0.864,0.8,6,6.8,3.5,1.9,0.3,2.8,2.5,21.7,2898,20.1,0.555,0.367,0.341,2.6,17.7,10.5,17.9,2.7,0.6,12.5,28.3,4.4,6.4,10.8,0.178,2.9,1.8,4.7,4.9
2013/2014,58679000,63372330.19,490180,Chicago Bulls,5,CHI,Illinois,East,Central,48,34,0.585,93.7,91.8,1.2,Taj Gibson,PF,28,7550000,8281997,82,8,28.7,5.2,10.9,0.479,0,0.1,0,5.2,10.8,0.483,0.479,2.6,3.4,0.751,2.4,4.4,6.8,1.1,0.5,1.4,1.8,2.5,13,2351,16,0.524,0.008,0.314,9.8,17.1,13.5,7.3,0.9,3.7,12.8,23,1.4,4.4,5.7,0.117,-2.6,1.4,-1.1,0.5
2013/2014,58679000,63372330.19,490180,San Antonio Spurs,27,SAS,Texas,West,Southwest,62,20,0.756,105.4,97.6,8,Manu Ginobili,SG,36,7000000,7678673,68,3,22.8,4.3,9.2,0.469,1.3,3.8,0.349,3,5.4,0.553,0.541,2.4,2.8,0.851,0.4,2.5,3,4.3,1,0.3,2,1.9,12.3,1550,20,0.59,0.411,0.3,2.3,12,7.3,29,2.3,0.8,16.4,24.7,3.3,2.4,5.7,0.176,3.6,0.4,4,2.4
2013/2014,58679000,63372330.19,490180,Utah Jazz,29,UTA,Utah,West,Northwest,25,57,0.305,95,102.2,-6.27,Rudy Gobert,C,21,1078800,1183393,45,0,9.6,0.8,1.6,0.486,0,0,,0.8,1.6,0.486,0.486,0.7,1.4,0.492,1.1,2.3,3.4,0.2,0.2,0.9,0.7,1.3,2.3,434,12.9,0.507,0,0.878,13.1,28.5,20.6,2.4,1,7.4,23.8,14.2,-0.2,0.6,0.4,0.045,-6.1,1.8,-4.3,-0.3
2013/2014,58679000,63372330.19,490180,Oklahoma City Thunder,21,OKC,Oklahoma,West,Northwest,59,23,0.72,106.2,99.8,6.66,Ryan Gomes,SF,31,495521,543563,5,0,6.8,0.6,1.6,0.375,0,0.4,0,0.6,1.2,0.5,0.375,0,0,,0,0.8,0.8,0.2,0,0,0.2,1,1.2,34,0.2,0.375,0.25,0,0,12.7,6.6,4.1,0,0,11.1,11.7,-0.1,0,0,-0.039,-7.2,-2.4,-9.6,-0.1
2013/2014,58679000,63372330.19,490180,Washington Wizards,30,WAS,Washington DC,East,Southeast,44,38,0.537,100.7,99.4,0.48,Drew Gooden,C,32,7091619,7779174,22,0,18,3.5,6.5,0.531,0.3,0.8,0.412,3.1,5.7,0.548,0.556,1.1,1.2,0.889,1.7,3.5,5.2,0.7,0.5,0.3,0.8,2.4,8.3,395,18.4,0.591,0.119,0.189,10.7,23,16.7,6.3,1.3,1.5,9.9,19.7,0.9,0.6,1.4,0.173,-0.2,-0.8,-0.9,0.1
2013/2014,58679000,63372330.19,490180,Phoenix Suns,24,PHO,Arizona,West,Pacific,48,34,0.585,105.2,102.6,3.02,Archie Goodwin,SG,19,1064400,1167597,52,0,10.3,1.5,3.2,0.455,0.1,0.7,0.139,1.4,2.5,0.542,0.47,0.7,1.1,0.673,0.5,1.2,1.7,0.4,0.4,0.2,0.8,0.9,3.7,533,10.3,0.507,0.216,0.329,5.3,13,9.2,5.7,1.9,1.6,18.7,19.4,-0.3,0.5,0.2,0.018,-3.9,-0.4,-4.3,-0.3
2013/2014,58679000,63372330.19,490180,Charlotte Bobcats,4,CHA,North Carolina,East,Southeast,43,39,0.524,96.9,97.1,-0.89,Ben Gordon,SG,30,13200000,14479784,19,0,14.7,1.9,5.7,0.343,0.4,1.5,0.276,1.5,4.2,0.367,0.38,0.9,1.1,0.81,0.2,1.3,1.4,1.1,0.5,0.1,1.1,0.9,5.2,279,6.4,0.422,0.269,0.194,1.2,9.8,5.5,12.2,1.9,0.6,15.2,22.9,-0.7,0.3,-0.3,-0.058,-5.9,-1,-6.8,-0.3
2013/2014,58679000,63372330.19,490180,New Orleans Pelicans,19,NOP,Louisiana,West,Southwest,34,48,0.415,99.7,102.4,-1.98,Eric Gordon,SG,25,14283844,15668710,64,64,32.1,5.6,12.8,0.436,1.6,4,0.391,4,8.7,0.456,0.498,2.7,3.5,0.785,0.5,2.1,2.6,3.3,1.2,0.2,2.1,1.8,15.4,2057,14.9,0.54,0.316,0.273,1.7,7.7,4.7,16.6,1.9,0.5,12.8,23.2,2,0.5,2.5,0.058,1.2,-2.5,-1.2,0.4
2013/2014,58679000,63372330.19,490180,Washington Wizards,30,WAS,Washington DC,East,Southeast,44,38,0.537,100.7,99.4,0.48,Marcin Gortat,C,29,7727280,8476465,81,80,32.8,5.6,10.4,0.542,0,0,1,5.6,10.4,0.541,0.542,1.9,2.8,0.686,2.5,7,9.5,1.7,0.5,1.5,1.6,2.5,13.2,2655,17.6,0.568,0.001,0.273,8.7,25.1,16.7,8.4,0.8,3.8,11.8,18.2,4.1,4,8.1,0.146,-1.1,2.1,1,2
2013/2014,58679000,63372330.19,490180,#N/A,#N/A,TOT,#N/A,#N/A,#N/A,#N/A,#N/A,#N/A,#N/A,#N/A,#N/A,Danny Granger,SF,30,14379240,15773355,41,2,20.7,2.8,7.5,0.378,1,3.1,0.336,1.8,4.4,0.408,0.448,1.5,1.6,0.94,0.8,2.5,3.2,1,0.3,0.4,1.1,1.5,8.2,847,10.9,0.502,0.417,0.218,4.3,12.9,8.8,7.8,0.7,1.5,12,20.5,0.1,1.2,1.3,0.073,-2.2,-0.6,-2.8,-0.2
2013/2014,58679000,63372330.19,490180,Indiana Pacers,12,IND,Indiana,East,Central,56,26,0.683,96.7,92.3,3.63,Danny Granger,SF,30,14379240,15773355,29,2,22.5,2.8,7.7,0.359,1.1,3.2,0.33,1.7,4.4,0.38,0.428,1.8,1.8,0.962,0.8,2.8,3.6,1.1,0.3,0.4,1.2,1.4,8.3,653,10.3,0.491,0.422,0.238,4.3,13.3,9,8.1,0.7,1.5,12.8,19.8,0,1,1,0.075,-2.5,-0.1,-2.6,-0.1
2013/2014,58679000,63372330.19,490180,Los Angeles Clippers,13,LAC,California,West,Pacific,57,25,0.695,107.9,101,7.27,Danny Granger,SF,30,14379240,15773355,12,0,16.2,3,7,0.429,1,2.8,0.353,2,4.2,0.48,0.5,1,1.2,0.857,0.6,1.8,2.3,0.7,0.3,0.3,0.8,1.8,8,194,12.6,0.532,0.405,0.167,4.2,11.6,8,6.6,0.8,1.6,10,22.8,0.1,0.2,0.3,0.07,-1.1,-2.3,-3.4,-0.1
2013/2014,58679000,63372330.19,490180,#N/A,#N/A,TOT,#N/A,#N/A,#N/A,#N/A,#N/A,#N/A,#N/A,#N/A,#N/A,Aaron Gray,C,29,2612500,2865790,37,6,9.6,0.7,1.6,0.443,0,0,0,0.7,1.6,0.45,0.443,0.3,0.5,0.55,1.1,1.9,3,0.6,0.3,0.2,0.8,1.7,1.8,355,7.8,0.466,0.016,0.328,13.2,22.3,17.7,9.1,1.4,1.8,30.8,12.5,-0.3,0.4,0.1,0.016,-4.3,1.7,-2.6,-0.1
2013/2014,58679000,63372330.19,490180,Toronto Raptors,28,TOR,Ontario,East,Atlantic,48,34,0.585,101.3,98,2.55,Aaron Gray,C,29,2612500,2865790,4,0,5,0.5,0.8,0.667,0,0,,0.5,0.8,0.667,0.667,0.3,0.5,0.5,0.8,1.3,2,0.8,0,0,1,1.8,1.3,20,5.7,0.644,0,0.667,17.4,29.3,23.3,23.1,0,0,50.8,17.9,0,0,0,-0.007,-4.7,0.7,-4,0
2013/2014,58679000,63372330.19,490180,Sacramento Kings,26,SAC,California,West,Pacific,28,54,0.341,100.5,103.4,-2.08,Aaron Gray,C,29,2612500,2865790,33,6,10.2,0.8,1.8,0.431,0,0,0,0.8,1.7,0.439,0.431,0.3,0.5,0.556,1.2,1.9,3.1,0.6,0.3,0.2,0.8,1.7,1.8,335,7.9,0.455,0.017,0.31,13,21.8,17.4,8.2,1.5,1.9,29.1,12.2,-0.2,0.4,0.1,0.018,-4.2,1.7,-2.5,0
2013/2014,58679000,63372330.19,490180,San Antonio Spurs,27,SAS,Texas,West,Southwest,62,20,0.756,105.4,97.6,8,Danny Green,SG,26,3762500,4127287,68,59,24.3,3.2,7.4,0.432,1.9,4.7,0.415,1.3,2.8,0.46,0.562,0.7,0.9,0.794,0.4,3,3.4,1.5,1,0.9,1.1,1.6,9.1,1651,13.9,0.58,0.63,0.125,1.8,13.4,7.8,8.9,2,2.7,12.5,16.7,1.4,2.8,4.2,0.122,1.2,2.1,3.3,2.2
2013/2014,58679000,63372330.19,490180,Golden State Warriors,10,GSW,California,West,Pacific,51,31,0.622,104.3,99.5,5.15,Draymond Green,SF,23,875500,960382,82,12,21.9,2.3,5.6,0.407,0.7,2,0.333,1.6,3.6,0.449,0.467,1,1.5,0.667,1,3.9,5,1.9,1.2,0.9,1.1,2.8,6.2,1797,12.7,0.498,0.359,0.268,5.3,19.3,12.4,11.9,2.8,3,15.1,14.8,0.7,3.8,4.5,0.119,-1.6,4.4,2.8,2.2
2013/2014,58679000,63372330.19,490180,Phoenix Suns,24,PHO,Arizona,West,Pacific,48,34,0.585,105.2,102.6,3.02,Gerald Green,SG,28,3500000,3839336,82,48,28.4,5.5,12.3,0.445,2.5,6.2,0.4,3,6,0.492,0.547,2.4,2.8,0.848,0.6,2.8,3.4,1.5,0.9,0.5,1.8,2.7,15.8,2330,16.5,0.585,0.507,0.229,2.3,10.9,6.6,8.6,1.5,1.4,11.6,23.6,4.2,1.9,6.1,0.126,2.4,-1.4,1,1.8
2013/2014,58679000,63372330.19,490180,Boston Celtics,2,BOS,Massachusetts,East,Atlantic,25,57,0.305,96.2,100.7,-4.97,Jeff Green,SF,27,8700000,9543494,82,82,34.2,5.9,14.3,0.412,1.6,4.8,0.341,4.2,9.5,0.448,0.469,3.5,4.3,0.795,0.7,4,4.6,1.7,0.7,0.6,2,2.2,16.9,2805,13.1,0.52,0.338,0.304,2.1,13.6,7.7,8.4,1,1.3,11.1,23.6,1.3,2,3.3,0.057,-0.7,-1.3,-2.1,0
2013/2014,58679000,63372330.19,490180,Los Angeles Clippers,13,LAC,California,West,Pacific,57,25,0.695,107.9,101,7.27,Willie Green,SG,32,1399507,1535193,55,9,15.8,1.9,4.9,0.376,0.7,2.2,0.339,1.1,2.7,0.407,0.452,0.5,0.6,0.824,0.2,1.2,1.4,0.9,0.4,0.2,0.6,1.7,5,869,7.1,0.477,0.446,0.125,1.6,8.2,5,8.3,1.3,1,10.6,16.3,-0.2,0.7,0.5,0.028,-2.6,-0.8,-3.4,-0.3
2013/2014,58679000,63372330.19,490180,Los Angeles Clippers,13,LAC,California,West,Pacific,57,25,0.695,107.9,101,7.27,Blake Griffin,PF,24,16402500,17992777,80,80,35.8,9,17,0.528,0.2,0.6,0.273,8.8,16.4,0.537,0.533,6,8.4,0.715,2.4,7.1,9.5,3.9,1.2,0.6,2.8,3.3,24.1,2863,23.9,0.583,0.032,0.496,7.7,21.2,14.7,19.2,1.6,1.4,11.9,29,8.1,4.1,12.2,0.205,3,1.6,4.6,4.8
2013/2014,58679000,63372330.19,490180,Brooklyn Nets,3,BRK,New York,East,Atlantic,44,38,0.537,98.5,99.5,-1.58,Jorge Gutierrez,PG,25,121103,132844,15,2,16.3,1.7,3.6,0.463,0.2,0.8,0.25,1.5,2.8,0.524,0.491,0.6,0.8,0.75,0.2,1.3,1.5,2,0.7,0.1,0.9,2.5,4.1,244,8.7,0.523,0.222,0.222,1.5,9.3,5.4,19.4,2.2,0.3,19.1,14.1,0.1,0.2,0.2,0.048,-2.6,-0.8,-3.4,-0.1
2013/2014,58679000,63372330.19,490180,#N/A,#N/A,TOT,#N/A,#N/A,#N/A,#N/A,#N/A,#N/A,#N/A,#N/A,#N/A,Jordan Hamilton,SF,23,1234320,1353991,60,12,17,2.5,6.3,0.391,1.2,3.3,0.354,1.3,3,0.433,0.484,0.7,0.9,0.784,0.5,2.7,3.2,0.9,0.7,0.3,0.8,1.1,6.7,1019,12.7,0.507,0.527,0.136,3.5,17.1,10.4,7.9,2.1,1.5,10.4,18.7,0.4,1.1,1.6,0.073,-0.9,-0.1,-1,0.3
2013/2014,58679000,63372330.19,490180,Denver Nuggets,8,DEN,Colorado,West,Northwest,36,46,0.439,104.4,106.5,-1.4,Jordan Hamilton,SF,23,1234320,1353991,39,11,17.2,2.5,6.5,0.39,1.2,3.3,0.349,1.4,3.2,0.432,0.478,0.6,0.8,0.742,0.6,2.8,3.4,0.9,0.8,0.3,0.7,0.8,6.8,670,13.2,0.497,0.508,0.122,3.7,17.8,10.7,7.8,2.3,1.4,9.2,18.7,0.2,0.7,1,0.069,-0.9,0.1,-0.8,0.2
2013/2014,58679000,63372330.19,490180,Houston Rockets,11,HOU,Texas,West,Southwest,54,28,0.659,107.7,103.1,5.06,Jordan Hamilton,SF,23,1234320,1353991,21,1,16.6,2.3,5.8,0.393,1.2,3.3,0.362,1.1,2.5,0.434,0.496,0.8,1,0.85,0.4,2.5,2.9,0.9,0.6,0.3,0.9,1.7,6.6,349,11.7,0.528,0.566,0.164,3,15.7,9.7,8,1.9,1.5,12.7,18.8,0.2,0.4,0.6,0.08,-1,-0.4,-1.4,0.1
2013/2014,58679000,63372330.19,490180,#N/A,#N/A,TOT,#N/A,#N/A,#N/A,#N/A,#N/A,#N/A,#N/A,#N/A,#N/A,Justin Hamilton,C,23,126870,139169,8,0,9,1.1,2.5,0.45,0.4,1.1,0.333,0.8,1.4,0.545,0.525,0.6,0.6,1,0.5,0.4,0.9,0,0.6,0,0.5,1,3.3,72,11.9,0.586,0.45,0.25,7.2,5,6.1,0,3.6,0,15.3,17.4,0.1,0.1,0.1,0.089,-1.2,-2.8,-4,0
2013/2014,58679000,63372330.19,490180,Charlotte Bobcats,4,CHA,North Carolina,East,Southeast,43,39,0.524,96.9,97.1,-0.89,Justin Hamilton,C,23,126870,139169,1,0,4,0,0,,0,0,,0,0,,,0,0,,0,0,0,0,1,0,1,0,0,4,0,,,,0,0,0,0,13,0,100,11.5,0,0,0,-0.19,-13,12.9,-0.1,0
2013/2014,58679000,63372330.19,490180,Miami Heat,16,MIA,Florida,East,Southeast,54,28,0.659,102.2,97.4,4.15,Justin Hamilton,C,23,126870,139169,7,0,9.7,1.3,2.9,0.45,0.4,1.3,0.333,0.9,1.6,0.545,0.525,0.7,0.7,1,0.6,0.4,1,0,0.6,0,0.4,1.1,3.7,68,12.6,0.586,0.45,0.25,7.7,5.3,6.5,0,3.1,0,11.9,17.7,0.1,0.1,0.1,0.105,-0.5,-3.7,-4.2,0
2013/2014,58679000,63372330.19,490180,Toronto Raptors,28,TOR,Ontario,East,Atlantic,48,34,0.585,101.3,98,2.55,Tyler Hansbrough,PF,28,3183000,3491602,64,4,15.3,1.5,3.1,0.474,0,0,0,1.5,3,0.479,0.474,2,2.9,0.681,1.9,2.6,4.5,0.3,0.4,0.3,0.7,2.1,4.9,978,14.2,0.562,0.01,0.944,14.2,20,17.1,2.7,1.5,1.6,14.5,15.1,1.7,1.4,3,0.149,-1.7,-0.2,-1.8,0
2013/2014,58679000,63372330.19,490180,New York Knicks,20,NYK,New York,East,Atlantic,37,45,0.451,98.6,99.4,-1.4,Tim Hardaway Jr,SG,21,1196760,1312789,81,1,23.1,3.6,8.5,0.428,1.6,4.4,0.363,2,4.1,0.498,0.523,1.3,1.6,0.828,0.2,1.3,1.5,0.8,0.5,0.1,0.6,1.8,10.2,1875,12.7,0.554,0.521,0.186,1.2,6.6,3.8,5.8,1.2,0.3,5.9,19.6,2.7,0.4,3.1,0.08,1.3,-3.5,-2.3,-0.1
2013/2014,58679000,63372330.19,490180,Houston Rockets,11,HOU,Texas,West,Southwest,54,28,0.659,107.7,103.1,5.06,James Harden,SG,24,13668750,14993981,73,73,38,7.5,16.5,0.456,2.4,6.6,0.366,5.1,9.9,0.515,0.529,7.9,9.1,0.866,0.8,3.9,4.7,6.1,1.6,0.4,3.6,2.4,25.4,2777,23.5,0.618,0.401,0.552,2.6,10.7,6.9,27.3,2.1,0.8,15,27.8,10.1,2.7,12.8,0.221,6.2,-0.5,5.7,5.4
2013/2014,58679000,63372330.19,490180,Orlando Magic,22,ORL,Florida,East,Southeast,23,59,0.28,96.5,102,-5.88,Moe Harkless,SF,20,1809840,1985310,80,41,24.4,2.8,6,0.464,0.7,1.9,0.383,2.1,4.1,0.502,0.525,1.1,1.8,0.594,0.9,2.4,3.3,1,1.2,0.6,1.1,1.8,7.4,1950,11.8,0.542,0.319,0.296,4,11.4,7.7,6.4,2.6,2,13.6,14.8,0.6,2.1,2.8,0.068,-1.6,1.5,0,1
2013/2014,58679000,63372330.19,490180,Detroit Pistons,9,DET,Michigan,East,Central,29,53,0.354,101,104.7,-4.13,Josh Harrellson,C,24,884293,970028,32,0,9.9,1.2,2.6,0.463,0.4,1,0.387,0.8,1.6,0.51,0.537,0.2,0.2,0.714,0.9,1.4,2.4,0.5,0.2,0.5,0.3,1.4,2.9,317,13.4,0.547,0.378,0.085,9.8,16.7,13.1,6.9,1,3.8,10.5,12.8,0.5,0.2,0.7,0.108,-0.5,0.2,-0.2,0.1
2013/2014,58679000,63372330.19,490180,Washington Wizards,30,WAS,Washington DC,East,Southeast,44,38,0.537,100.7,99.4,0.48,Al Harrington,PF,33,8548107,9376873,34,0,15,2.4,6.1,0.396,1,2.9,0.34,1.4,3.1,0.449,0.478,0.8,1,0.771,0.4,1.9,2.4,0.8,0.4,0,1,2.1,6.6,511,9.7,0.506,0.483,0.169,3.3,15,9.1,8.7,1.4,0,13.3,22.7,-0.2,0.5,0.4,0.035,-2.2,-2.4,-4.6,-0.3
2013/2014,58679000,63372330.19,490180,Dallas Mavericks,7,DAL,Texas,West,Southwest,49,33,0.598,104.8,102.4,2.91,Devin Harris,PG,30,1272279,1395630,40,0,20.5,2.4,6.4,0.378,0.8,2.5,0.307,1.6,3.8,0.425,0.439,2.3,2.9,0.8,0.2,1.9,2.1,4.5,0.7,0.1,1.5,1.8,7.9,818,14.6,0.517,0.398,0.453,1.1,10.8,6,31,1.8,0.2,16.2,20.2,1.2,0.4,1.6,0.094,0.5,-2.1,-1.6,0.1
2013/2014,58679000,63372330.19,490180,Los Angeles Lakers,14,LAL,California,West,Pacific,27,55,0.329,103,109.2,-5.33,Elias Harris,SF,24,100000,109695,2,0,5.5,0,0.5,0,0,0,,0,0.5,0,0,0,0,,0.5,0,0.5,0.5,0.5,0,0,0,0,11,7.6,0,0,0,9.7,0,4.9,11.4,4.4,0,0,4,0,0,0,0.018,-3.7,2.7,-0.9,0
2013/2014,58679000,63372330.19,490180,Los Angeles Lakers,14,LAL,California,West,Pacific,27,55,0.329,103,109.2,-5.33,Manny Harris,SG,24,104034,114120,9,0,20,3.1,7.8,0.4,0.8,2.2,0.35,2.3,5.6,0.42,0.45,1.1,1.3,0.833,0.8,3,3.8,1.2,0.4,0.1,1,1.1,8.1,180,10.9,0.485,0.286,0.171,4.1,16,10.1,9.5,1.1,0.4,10.7,20.4,-0.1,0.1,0,0.002,-2.9,-2,-4.9,-0.1
2013/2014,58679000,63372330.19,490180,Utah Jazz,29,UTA,Utah,West,Northwest,25,57,0.305,95,102.2,-6.27,Mike Harris,PF,30,#N/A,#N/A,20,0,11.3,1.5,3.1,0.475,0,0.1,0,1.5,3,0.492,0.475,1.3,1.4,0.963,0.8,0.9,1.7,0.3,0.8,0.4,0.6,1.8,4.2,225,15.3,0.576,0.033,0.443,7.4,9.5,8.4,3.6,3.7,2.4,13.1,17.1,0.3,0.2,0.5,0.116,-1.4,0.6,-0.7,0.1
2013/2014,58679000,63372330.19,490180,Orlando Magic,22,ORL,Florida,East,Southeast,23,59,0.28,96.5,102,-5.88,Tobias Harris,PF,21,1630800,1788911,61,36,30.3,5.4,11.7,0.464,0.5,2.1,0.254,4.9,9.7,0.508,0.486,3.2,4,0.807,1.4,5.5,7,1.3,0.7,0.4,1.3,2.3,14.6,1850,16.5,0.542,0.176,0.341,5.4,20.6,13,7.7,1.1,1,8.7,22.2,2.4,1.7,4.1,0.107,-0.8,-1,-1.7,0.1
2013/2014,58679000,63372330.19,490180,Miami Heat,16,MIA,Florida,East,Southeast,54,28,0.659,102.2,97.4,4.15,Udonis Haslem,PF,33,4340000,4760777,46,18,14.2,1.6,3.2,0.507,0,0,,1.6,3.2,0.507,0.507,0.5,1,0.568,0.9,2.9,3.8,0.3,0.2,0.3,0.5,1.7,3.8,653,10.5,0.523,0,0.301,8.4,24.7,16.8,2.9,0.9,2,12.7,13.9,0.3,0.8,1.1,0.083,-4.1,-0.7,-4.9,-0.5
2013/2014,58679000,63372330.19,490180,#N/A,#N/A,TOT,#N/A,#N/A,#N/A,#N/A,#N/A,#N/A,#N/A,#N/A,#N/A,Spencer Hawes,C,25,6500000,7130196,80,78,30.9,5,11,0.456,1.6,3.9,0.416,3.4,7.2,0.478,0.529,1.5,1.9,0.783,1.6,6.6,8.3,3,0.6,1.2,2.2,3,13.2,2470,15.7,0.554,0.349,0.172,5.6,24.2,14.6,15.8,0.9,3.1,15.4,19.6,2.2,2.3,4.5,0.088,-0.4,0.9,0.5,1.6
2013/2014,58679000,63372330.19,490180,Philadelphia 76ers,23,PHI,Pennsylvania,East,Atlantic,19,63,0.232,99.5,109.9,-10.66,Spencer Hawes,C,25,6500000,7130196,53,53,31.4,5,11.1,0.451,1.5,3.8,0.399,3.5,7.2,0.478,0.52,1.5,1.9,0.782,1.7,6.9,8.5,3.3,0.6,1.3,2.2,2.9,13,1666,15.3,0.546,0.346,0.172,5.5,24.6,14.7,16.9,0.9,3.2,15.9,19,1.2,1.4,2.6,0.075,-0.8,0.8,0,0.8
2013/2014,58679000,63372330.19,490180,Cleveland Cavaliers,6,CLE,Ohio,East,Central,33,49,0.402,98.2,101.5,-3.86,Spencer Hawes,C,25,6500000,7130196,27,25,29.8,5.1,11,0.468,1.7,3.9,0.448,3.4,7.1,0.479,0.547,1.5,1.9,0.784,1.6,6.1,7.7,2.4,0.5,1,2,3.1,13.5,804,16.6,0.571,0.354,0.172,5.9,23.6,14.5,13.5,0.8,2.8,14.5,20.7,1,0.9,1.9,0.114,0.6,1,1.6,0.7
2013/2014,58679000,63372330.19,490180,#N/A,#N/A,TOT,#N/A,#N/A,#N/A,#N/A,#N/A,#N/A,#N/A,#N/A,#N/A,Chuck Hayes,C,30,5722500,6277315,61,1,12.4,0.9,2.1,0.431,0,0,0,0.9,2.1,0.434,0.431,0.3,0.4,0.8,1.1,2.3,3.4,0.6,0.6,0.2,0.5,1.6,2.2,754,10,0.468,0.008,0.192,10.5,21.8,16.1,6.8,2.3,1.3,19,10.4,0.2,1.2,1.4,0.086,-3.1,2.5,-0.6,0.3
2013/2014,58679000,63372330.19,490180,Sacramento Kings,26,SAC,California,West,Pacific,28,54,0.341,100.5,103.4,-2.08,Chuck Hayes,C,30,5722500,6277315,16,1,11.2,0.9,2,0.438,0,0,,0.9,2,0.438,0.438,0.3,0.4,0.714,1.3,1.7,2.9,0.4,0.7,0.1,0.4,1.1,2.1,179,11.4,0.47,0,0.219,12.5,17.2,14.8,4.9,3.1,0.9,16.6,10.4,0.1,0.2,0.3,0.081,-2.2,1.8,-0.4,0.1
2013/2014,58679000,63372330.19,490180,Toronto Raptors,28,TOR,Ontario,East,Atlantic,48,34,0.585,101.3,98,2.55,Chuck Hayes,C,30,5722500,6277315,45,0,12.8,0.9,2.2,0.429,0,0,0,0.9,2.2,0.433,0.429,0.3,0.4,0.833,1.1,2.5,3.6,0.6,0.5,0.2,0.6,1.7,2.2,575,9.6,0.467,0.01,0.184,9.9,23.2,16.5,7.5,2.1,1.4,19.7,10.4,0.1,0.9,1.1,0.088,-3.4,2.7,-0.7,0.2
2013/2014,58679000,63372330.19,490180,Utah Jazz,29,UTA,Utah,West,Northwest,25,57,0.305,95,102.2,-6.27,Gordon Hayward,SF,23,3452183,3786883,77,77,36.4,5.5,13.4,0.413,1.1,3.6,0.304,4.4,9.8,0.453,0.454,4,4.9,0.816,0.8,4.3,5.1,5.2,1.4,0.5,2.8,2,16.2,2800,16.2,0.52,0.271,0.369,2.5,14,8,24.1,2.1,1.1,15,23.1,2.2,1.5,3.6,0.062,1,0,1,2.1
2013/2014,58679000,63372330.19,490180,Charlotte Bobcats,4,CHA,North Carolina,East,Southeast,43,39,0.524,96.9,97.1,-0.89,Gerald Henderson,SG,26,6000000,6581720,77,77,32,5.2,12.1,0.433,0.5,1.5,0.348,4.7,10.6,0.445,0.455,3.1,4,0.761,0.4,3.6,4,2.6,0.7,0.4,1.5,2.1,14,2461,13.1,0.507,0.124,0.332,1.4,12.9,7.1,13.9,1.1,1,9.6,22.1,0.8,2.8,3.6,0.071,-1.7,0,-1.7,0.2
2013/2014,58679000,63372330.19,490180,Los Angeles Lakers,14,LAL,California,West,Pacific,27,55,0.329,103,109.2,-5.33,Xavier Henry,SF,22,916099,1004917,43,5,21.1,3.3,8,0.417,0.7,1.9,0.346,2.7,6.1,0.439,0.458,2.7,4.1,0.655,0.6,2.1,2.7,1.2,1,0.2,1.3,1.8,10,908,12.3,0.511,0.235,0.513,2.9,10.5,6.7,8.8,2.4,0.6,11.9,23.1,-0.1,0.5,0.3,0.017,-2.2,-1.4,-3.6,-0.4
2013/2014,58679000,63372330.19,490180,Milwaukee Bucks,17,MIL,Wisconsin,East,Central,15,67,0.183,95.5,103.7,-8.41,John Henson,PF,23,1905360,2090091,70,23,26.5,4.9,9.1,0.538,0,0,0,4.9,9.1,0.539,0.538,1.3,2.5,0.514,2.4,4.7,7.1,1.6,0.6,1.7,1.6,2.6,11.1,1856,17.9,0.543,0.002,0.277,10.2,20.8,15.3,10.9,1.2,5.1,13.7,20.3,1.7,1.5,3.3,0.084,-1,1.4,0.3,1.1
2013/2014,58679000,63372330.19,490180,Indiana Pacers,12,IND,Indiana,East,Central,56,26,0.683,96.7,92.3,3.63,Roy Hibbert,C,27,14283844,15668710,81,81,29.7,4.1,9.3,0.439,0,0.1,0.4,4.1,9.2,0.439,0.44,2.6,3.3,0.77,2.5,4.1,6.6,1.1,0.4,2.2,1.8,3.3,10.8,2409,13.5,0.499,0.007,0.357,9.9,15,12.5,6.2,0.6,5.7,14.5,19.4,0.5,5,5.4,0.108,-3.4,3.3,-0.2,1.1
2013/2014,58679000,63372330.19,490180,Denver Nuggets,8,DEN,Colorado,West,Northwest,36,46,0.439,104.4,106.5,-1.4,JJ Hickson,PF,25,5150000,5649309,69,52,26.9,4.8,9.5,0.508,0,0.1,0,4.8,9.4,0.514,0.508,2.2,4.2,0.517,3,6.2,9.2,1.4,0.7,0.7,1.9,2.6,11.8,1859,16.2,0.521,0.012,0.443,11.9,24.8,18.3,8.4,1.2,2,14.1,20.8,1.3,2.1,3.3,0.086,-1.7,0.8,-0.8,0.6
2013/2014,58679000,63372330.19,490180,Washington Wizards,30,WAS,Washington DC,East,Southeast,44,38,0.537,100.7,99.4,0.48,Nenê,PF,31,13000000,14260393,53,37,29.4,5.6,11.2,0.503,0,0.1,0.2,5.6,11.1,0.506,0.504,2.9,5,0.583,1.2,4.3,5.5,2.9,1.2,0.9,2.2,3.1,14.2,1560,16.6,0.53,0.008,0.448,4.7,17.3,10.9,16.3,2.1,2.5,14.1,24,0.8,2.4,3.2,0.098,-1.6,1.8,0.2,0.9
2013/2014,58679000,63372330.19,490180,Indiana Pacers,12,IND,Indiana,East,Central,56,26,0.683,96.7,92.3,3.63,George Hill,PG,27,8000000,8775626,76,76,32,3.6,8.1,0.442,1.3,3.4,0.365,2.3,4.7,0.497,0.519,1.9,2.3,0.807,0.7,3,3.7,3.5,1,0.3,1.2,2.1,10.3,2434,13.4,0.563,0.422,0.286,2.6,10.1,6.5,17.2,1.6,0.7,11.7,14.8,3.8,4,7.8,0.154,1,1.4,2.4,2.7
2013/2014,58679000,63372330.19,490180,Los Angeles Lakers,14,LAL,California,West,Pacific,27,55,0.329,103,109.2,-5.33,Jordan Hill,PF,26,3500000,3839336,72,32,20.8,4,7.2,0.549,0,0,0,4,7.2,0.55,0.549,1.7,2.5,0.685,2.7,4.7,7.4,0.8,0.4,0.9,1,2.4,9.7,1500,19.3,0.579,0.002,0.347,13.8,24.3,19,5.9,0.9,3.1,11.1,19.7,3.1,1.3,4.4,0.141,-0.5,-0.2,-0.7,0.5
2013/2014,58679000,63372330.19,490180,Indiana Pacers,12,IND,Indiana,East,Central,56,26,0.683,96.7,92.3,3.63,Solomon Hill,SF,22,1246680,1367549,28,0,8.1,0.6,1.4,0.425,0.3,0.8,0.304,0.4,0.6,0.588,0.513,0.2,0.3,0.857,0.3,1.1,1.5,0.4,0.2,0.1,0.5,0.7,1.7,226,7.6,0.545,0.575,0.175,4.7,15.2,10.2,7.9,1.1,0.7,23.2,11.3,0,0.4,0.4,0.08,-3.3,1,-2.3,0
2013/2014,58679000,63372330.19,490180,Chicago Bulls,5,CHI,Illinois,East,Central,48,34,0.585,93.7,91.8,1.2,Kirk Hinrich,PG,33,4059000,4452533,73,61,29,3.3,8.5,0.393,1.2,3.3,0.351,2.2,5.2,0.419,0.461,1.3,1.7,0.76,0.4,2.2,2.6,3.9,1.1,0.4,1.6,2.8,9.1,2116,10.8,0.494,0.391,0.202,1.7,8.5,5.2,22.6,2,1,15.1,17.3,0.4,3.3,3.8,0.085,-1.3,0.5,-0.8,0.6
2013/2014,58679000,63372330.19,490180,New Orleans Pelicans,19,NOP,Louisiana,West,Southwest,34,48,0.415,99.7,102.4,-1.98,Jrue Holiday,PG,23,11000000,12066487,34,34,33.6,6,13.4,0.447,0.9,2.3,0.39,5.1,11.1,0.459,0.48,1.5,1.9,0.81,0.8,3.4,4.2,7.9,1.6,0.4,3.1,2.7,14.3,1143,17.1,0.505,0.17,0.139,2.8,11.8,7.2,38.9,2.6,0.9,17.9,23.3,0.8,0.7,1.5,0.064,1.5,-0.8,0.7,0.8
2013/2014,58679000,63372330.19,490180,Los Angeles Clippers,13,LAC,California,West,Pacific,57,25,0.695,107.9,101,7.27,Ryan Hollins,PF,29,1186459,1301490,61,0,7.9,0.9,1.2,0.736,0,0,,0.9,1.2,0.736,0.736,0.6,0.9,0.625,0.5,1,1.5,0.1,0.1,0.5,0.5,1.4,2.3,482,11.9,0.73,0,0.778,7.4,13.1,10.4,2.4,0.9,4.9,23.1,11.5,0.7,0.6,1.3,0.126,-2,1.7,-0.3,0.2
2013/2014,58679000,63372330.19,490180,Cleveland Cavaliers,6,CLE,Ohio,East,Central,33,49,0.402,98.2,101.5,-3.86,Scotty Hopson,SG,24,1350000,1480887,2,0,3.5,0,2,0,0,1,0,0,1,0,0,0.5,1,0.5,0,0,0,0.5,0.5,0,0,0,0.5,7,-6.5,0.102,0.5,0.5,0,0,0,18.8,7.4,0,0,31.1,-0.1,0,-0.1,-0.412,-12.9,-4.3,-17.2,0
2013/2014,58679000,63372330.19,490180,Atlanta Hawks,1,ATL,Georgia,East,Southeast,38,44,0.463,101,101.5,-0.88,Al Horford,C,27,12000000,13163440,29,29,33,8.2,14.5,0.567,0.1,0.4,0.364,8.1,14.1,0.572,0.571,2,2.9,0.682,2.3,6.1,8.4,2.6,0.9,1.5,2.2,1.9,18.6,958,22,0.588,0.026,0.202,8,21.4,14.8,15.2,1.4,3.6,12.3,24.7,1.5,1.3,2.8,0.141,0.8,2,2.8,1.1
2013/2014,58679000,63372330.19,490180,Houston Rockets,11,HOU,Texas,West,Southwest,54,28,0.659,107.7,103.1,5.06,Dwight Howard,C,28,20513178,22501999,71,71,33.7,6.7,11.3,0.591,0,0.1,0.286,6.6,11.2,0.594,0.593,4.9,9,0.547,3.3,8.9,12.2,1.8,0.8,1.8,3.2,3.4,18.3,2396,21.3,0.6,0.009,0.798,11.4,27.9,20.1,9.3,1.2,4,17.5,24,4,4.1,8,0.161,-0.3,2.2,1.9,2.4
2013/2014,58679000,63372330.19,490180,Minnesota Timberwolves,18,MIN,Minnesota,West,Northwest,40,42,0.488,106.9,104.3,3.1,Robbie Hummel,SF,24,490180,537704,53,5,12.4,1.3,3.3,0.379,0.6,1.7,0.36,0.7,1.7,0.398,0.469,0.3,0.3,0.938,0.7,1.8,2.5,0.4,0.3,0,0.2,1.1,3.4,655,9.6,0.492,0.503,0.09,5.7,16.6,11,5,1.2,0.2,5.2,12.6,0.6,0.6,1.1,0.084,-1.4,-0.7,-2.1,0
2013/2014,58679000,63372330.19,490180,Boston Celtics,2,BOS,Massachusetts,East,Atlantic,25,57,0.305,96.2,100.7,-4.97,Kris Humphries,PF,28,12000000,13163440,69,30,19.9,3.3,6.7,0.501,0,0,0,3.3,6.7,0.503,0.501,1.7,2.1,0.813,1.8,4.1,5.9,1,0.4,0.9,0.9,2,8.4,1376,18.2,0.552,0.004,0.312,10.2,24,16.9,8.2,1.2,3.4,10.9,19,2.3,1.8,4.1,0.143,-1.2,1.2,0,0.7
2013/2014,58679000,63372330.19,490180,Oklahoma City Thunder,21,OKC,Oklahoma,West,Northwest,59,23,0.72,106.2,99.8,6.66,Serge Ibaka,PF,24,12250000,13437678,81,81,32.9,6.5,12.1,0.536,0.3,0.7,0.383,6.2,11.3,0.546,0.548,1.9,2.5,0.784,2.8,6,8.8,1,0.5,2.7,1.5,2.9,15.1,2666,19.6,0.576,0.061,0.203,10,19.6,15,5.2,0.7,6.7,10.3,19.8,5.2,4.4,9.6,0.173,-0.4,2.3,1.9,2.6
2013/2014,58679000,63372330.19,490180,Golden State Warriors,10,GSW,California,West,Pacific,51,31,0.622,104.3,99.5,5.15,Andre Iguodala,SF,30,12868632,14116289,63,63,32.4,3.5,7.3,0.48,1,2.8,0.354,2.5,4.5,0.558,0.548,1.4,2.1,0.652,0.8,3.8,4.7,4.2,1.5,0.3,1.6,1.6,9.3,2040,13.7,0.57,0.382,0.288,2.9,12.6,7.8,18.2,2.3,0.7,16.2,13.3,2.7,3.1,5.8,0.135,0.5,2.5,3,2.6
2013/2014,58679000,63372330.19,490180,Milwaukee Bucks,17,MIL,Wisconsin,East,Central,15,67,0.183,95.5,103.7,-8.41,Ersan Ilyasova,PF,26,7900000,8665931,55,47,26.9,4.3,10.5,0.409,0.7,2.4,0.282,3.6,8.1,0.446,0.441,1.9,2.4,0.823,1.9,4.3,6.2,1.3,0.8,0.1,1.1,2.5,11.2,1478,13.8,0.486,0.226,0.225,8,18.8,13.3,8.4,1.6,0.4,8.7,21.3,0.9,0.8,1.6,0.053,-1.1,-2.1,-3.2,-0.5
2013/2014,58679000,63372330.19,490180,Cleveland Cavaliers,6,CLE,Ohio,East,Central,33,49,0.402,98.2,101.5,-3.86,Kyrie Irving,PG,21,5915880,6489444,71,71,35.2,7.5,17.4,0.43,1.7,4.8,0.358,5.8,12.6,0.458,0.48,4.1,4.8,0.861,0.7,2.9,3.6,6.1,1.5,0.3,2.7,2.3,20.8,2496,20.1,0.533,0.278,0.273,2.3,9.5,5.8,31.6,2.2,0.8,12.1,28.2,4.6,2.1,6.7,0.128,4.1,-0.9,3.2,3.3
2013/2014,58679000,63372330.19,490180,Oklahoma City Thunder,21,OKC,Oklahoma,West,Northwest,59,23,0.72,106.2,99.8,6.66,Royal Ivey,SG,32,74839,82094,2,0,2.5,0,1,0,0,0.5,0,0,0.5,0,0,0,0,,0,0.5,0.5,0,0,0,0,0.5,0,5,-16.5,0,0.5,0,0,21.5,11.3,0,0,0,0,17.7,0,0,0,-0.362,-18.1,-6.6,-24.7,0
2013/2014,58679000,63372330.19,490180,Cleveland Cavaliers,6,CLE,Ohio,East,Central,33,49,0.402,98.2,101.5,-3.86,Jarrett Jack,PG,30,6300000,6910806,80,31,28.2,3.6,8.7,0.41,0.8,2.3,0.341,2.8,6.4,0.435,0.455,1.6,1.9,0.839,0.3,2.5,2.8,4.1,0.7,0.3,1.7,1.7,9.5,2252,11.5,0.498,0.265,0.213,1.1,10.3,5.6,22.7,1.3,0.8,14.8,17.8,0.9,1.4,2.3,0.049,-1.4,-0.9,-2.3,-0.2
2013/2014,58679000,63372330.19,490180,Oklahoma City Thunder,21,OKC,Oklahoma,West,Northwest,59,23,0.72,106.2,99.8,6.66,Reggie Jackson,PG,23,1329720,1458640,80,36,28.5,5,11.5,0.44,1,3.1,0.339,4,8.4,0.477,0.485,2,2.2,0.893,0.5,3.4,3.9,4.1,1.1,0.1,2.1,1.8,13.1,2277,15.4,0.527,0.267,0.193,2.2,12.8,7.8,23.1,1.9,0.3,14.5,22.6,2.3,2.6,4.9,0.104,0.1,-0.5,-0.4,0.9
2013/2014,58679000,63372330.19,490180,Los Angeles Clippers,13,LAC,California,West,Pacific,57,25,0.695,107.9,101,7.27,Stephen Jackson,SF,35,238739,261885,9,0,11.9,0.7,2.9,0.231,0.1,1.6,0.071,0.6,1.3,0.417,0.25,0.2,0.4,0.5,0.2,0.9,1.1,0.6,0.7,0.1,0.7,1.2,1.7,107,0.1,0.27,0.538,0.154,2.2,8,5.2,6.2,2.8,0.7,17.8,13.9,-0.3,0.1,-0.2,-0.099,-6.8,0.9,-5.9,-0.1
2013/2014,58679000,63372330.19,490180,Dallas Mavericks,7,DAL,Texas,West,Southwest,49,33,0.598,104.8,102.4,2.91,Bernard James,C,28,788872,865355,30,0,4.9,0.4,0.8,0.478,0,0,0,0.4,0.7,0.5,0.478,0.2,0.4,0.545,0.5,0.9,1.4,0.1,0.1,0.3,0.3,0.8,0.9,146,8.5,0.503,0.043,0.478,12,21.2,16.6,2.8,1.1,4.5,26.4,11.8,0,0.2,0.1,0.04,-4.8,1.1,-3.7,-0.1
2013/2014,58679000,63372330.19,490180,San Antonio Spurs,27,SAS,Texas,West,Southwest,62,20,0.756,105.4,97.6,8,Damion James,SF,26,107776,118225,5,1,10,0.4,1.8,0.222,0,0.4,0,0.4,1.4,0.286,0.222,0.4,0.4,1,0.2,2.2,2.4,0.6,0,0.2,0.2,0.6,1.2,50,4.1,0.304,0.222,0.222,2.4,23.8,13.5,7.5,0,1.4,9.2,9.8,-0.1,0.1,0,0.01,-6.7,1.2,-5.5,0
2013/2014,58679000,63372330.19,490180,Miami Heat,16,MIA,Florida,East,Southeast,54,28,0.659,102.2,97.4,4.15,LeBron James,PF,29,19067500,20916158,77,77,37.7,10,17.6,0.567,1.5,4,0.379,8.5,13.6,0.622,0.61,5.7,7.6,0.75,1.1,5.9,6.9,6.3,1.6,0.3,3.5,1.6,27.1,2902,29.3,0.649,0.226,0.432,3.6,18.9,11.5,32,2.2,0.8,14.4,31,12.3,3.7,15.9,0.264,8,0.9,8.9,8
2013/2014,58679000,63372330.19,490180,Chicago Bulls,5,CHI,Illinois,East,Central,48,34,0.585,93.7,91.8,1.2,Mike James,PG,38,889097,975297,11,0,7,0.5,1.9,0.238,0.1,0.5,0.2,0.4,1.5,0.25,0.262,0,0.2,0,0,0.6,0.6,1.5,0.2,0,0.5,1,1,77,1.5,0.251,0.238,0.095,0,10.2,5.2,34.1,1.4,0,18.6,16.1,-0.2,0.1,-0.1,-0.073,-8.6,-2.1,-10.6,-0.2
2013/2014,58679000,63372330.19,490180,Los Angeles Clippers,13,LAC,California,West,Pacific,57,25,0.695,107.9,101,7.27,Antawn Jamison,PF,37,1399507,1535193,22,0,11.3,1.3,4.2,0.315,0.4,1.9,0.195,1,2.3,0.412,0.359,0.8,1.1,0.72,0.4,2.1,2.5,0.3,0.4,0.1,0.3,1.3,3.8,248,7.8,0.408,0.446,0.272,4.2,19.9,12.3,4.1,1.8,0.9,6.4,19.6,-0.3,0.4,0.1,0.019,-4.6,-1.4,-6,-0.2
2013/2014,58679000,63372330.19,490180,#N/A,#N/A,TOT,#N/A,#N/A,#N/A,#N/A,#N/A,#N/A,#N/A,#N/A,#N/A,Othyus Jeffers,SG,28,104034,114120,6,1,7.8,0.5,1,0.5,0,0.3,0,0.5,0.7,0.75,0.5,0.5,0.7,0.75,0.2,1.3,1.5,0.2,0,0,0.2,0.5,1.5,47,6.9,0.58,0.333,0.667,2.5,18.7,10.7,2.8,0,0,11.4,8.3,0,0,0.1,0.082,-3.7,-1.5,-5.2,0
2013/2014,58679000,63372330.19,490180,San Antonio Spurs,27,SAS,Texas,West,Southwest,62,20,0.756,105.4,97.6,8,Othyus Jeffers,SG,28,104034,114120,4,1,8.5,0.8,1.3,0.6,0,0.3,0,0.8,1,0.75,0.6,0.3,0.5,0.5,0.3,1.3,1.5,0.3,0,0,0,0.5,1.8,34,8.9,0.595,0.2,0.4,3.5,15.9,9.9,3.9,0,0,0,7.8,0.1,0,0.1,0.121,-1.9,-0.7,-2.6,0
2013/2014,58679000,63372330.19,490180,Minnesota Timberwolves,18,MIN,Minnesota,West,Northwest,40,42,0.488,106.9,104.3,3.1,Othyus Jeffers,SG,28,104034,114120,2,0,6.5,0,0.5,0,0,0.5,0,0,0,,0,1,1,1,0,1.5,1.5,0,0,0,0.5,0.5,1,13,1.7,0.532,1,2,0,25.8,12.6,0,0,0,34.7,9.4,0,0,0,-0.02,-8.3,-3.7,-12,0
2013/2014,58679000,63372330.19,490180,Charlotte Bobcats,4,CHA,North Carolina,East,Southeast,43,39,0.524,96.9,97.1,-0.89,Al Jefferson,C,29,13500000,14808870,73,73,35,9.6,18.8,0.509,0,0.2,0.2,9.5,18.6,0.512,0.51,2.6,3.8,0.69,2.1,8.7,10.8,2.1,0.9,1.1,1.7,2.4,21.8,2553,22.7,0.532,0.011,0.201,6.9,28.3,17.5,12.8,1.4,2.4,7.6,29.3,3.1,4.7,7.8,0.146,0.3,1.5,1.8,2.5
2013/2014,58679000,63372330.19,490180,Utah Jazz,29,UTA,Utah,West,Northwest,25,57,0.305,95,102.2,-6.27,Richard Jefferson,SF,33,11046000,12116946,82,78,27,3.6,8,0.45,1.5,3.7,0.409,2.1,4.3,0.484,0.544,1.5,2,0.741,0.2,2.5,2.7,1.6,0.7,0.2,1.1,2,10.1,2213,11.8,0.573,0.46,0.248,0.9,10.8,5.7,9.6,1.3,0.5,11.5,16.9,2.3,0.4,2.7,0.058,0.3,-1.7,-1.4,0.3
2013/2014,58679000,63372330.19,490180,Atlanta Hawks,1,ATL,Georgia,East,Southeast,38,44,0.463,101,101.5,-0.88,John Jenkins,SG,22,1258800,1380844,13,0,12.2,1.2,3.2,0.381,0.3,1.4,0.222,0.9,1.8,0.5,0.429,0.3,0.3,1,0.2,1.5,1.7,0.8,0.1,0.1,0.8,0.8,3.1,158,4.7,0.457,0.429,0.095,2.2,13.8,8.1,10.4,0.3,0.5,20.1,15.8,-0.2,0.1,-0.1,-0.043,-5.7,-1.8,-7.5,-0.2
2013/2014,58679000,63372330.19,490180,Detroit Pistons,9,DET,Michigan,East,Central,29,53,0.354,101,104.7,-4.13,Brandon Jennings,PG,24,7655503,8397729,80,79,34.1,5.3,14.2,0.373,1.9,5.7,0.337,3.4,8.5,0.397,0.441,3,4,0.751,0.7,2.3,3.1,7.6,1.3,0.1,2.7,2,15.5,2728,15.6,0.486,0.403,0.283,2.2,7.8,4.9,34.4,1.9,0.2,14.4,23.4,3,0.9,3.9,0.068,2.1,-2.6,-0.5,1
2013/2014,58679000,63372330.19,490180,Detroit Pistons,9,DET,Michigan,East,Central,29,53,0.354,101,104.7,-4.13,Jonas Jerebko,PF,26,4500000,4936290,64,0,11.6,1.5,3.3,0.471,0.5,1.2,0.419,1,2.1,0.5,0.546,0.7,0.9,0.729,0.8,1.9,2.7,0.6,0.3,0.1,0.7,1.3,4.2,741,13.4,0.577,0.356,0.284,7.2,19.3,12.9,7.8,1.4,0.6,15.5,16,1,0.5,1.4,0.092,-0.7,-1.4,-2.1,0
2013/2014,58679000,63372330.19,490180,Toronto Raptors,28,TOR,Ontario,East,Atlantic,48,34,0.585,101.3,98,2.55,Amir Johnson,PF,26,6500000,7130196,77,72,28.8,4.5,7.9,0.562,0.3,0.9,0.303,4.2,7.1,0.593,0.578,1.2,1.9,0.636,2.2,4.3,6.6,1.5,0.7,1.1,1.6,3.5,10.4,2214,15.4,0.592,0.108,0.234,9,17.6,13.3,8.7,1.3,3.2,15.4,16.4,3.2,3.1,6.3,0.136,0.2,2.4,2.6,2.6
2013/2014,58679000,63372330.19,490180,Boston Celtics,2,BOS,Massachusetts,East,Atlantic,25,57,0.305,96.2,100.7,-4.97,Chris Johnson,SF,23,916099,1004917,40,0,19.7,2.1,5.4,0.397,1.1,3.2,0.339,1.1,2.2,0.483,0.498,0.9,1.1,0.86,0.8,1.7,2.4,0.8,0.7,0.1,0.6,1.6,6.3,789,10.8,0.537,0.593,0.201,4.3,9.8,7,6,1.8,0.4,8.6,14.3,0.9,0.5,1.4,0.085,0.1,-0.9,-0.8,0.2
2013/2014,58679000,63372330.19,490180,Memphis Grizzlies,15,MEM,Tennessee,West,Southwest,50,32,0.61,96.1,94.6,2.18,James Johnson,SF,26,507409,556604,52,4,18.4,2.8,5.9,0.464,0.4,1.7,0.253,2.3,4.3,0.548,0.5,1.5,1.7,0.844,1.2,2,3.2,2.1,0.8,1.1,1.3,2,7.4,956,18.5,0.552,0.282,0.292,7.4,13.2,10.3,18.2,2.3,5,16,20,1.4,1.6,3,0.15,1.3,3.2,4.5,1.6
2013/2014,58679000,63372330.19,490180,Brooklyn Nets,3,BRK,New York,East,Atlantic,44,38,0.537,98.5,99.5,-1.58,Joe Johnson,SG,32,21466718,23547988,79,79,32.6,5.8,12.9,0.454,2.1,5.1,0.401,3.8,7.8,0.489,0.533,2,2.5,0.815,0.6,2.8,3.4,2.7,0.6,0.1,1.5,1.6,15.8,2575,15.5,0.564,0.397,0.192,2.2,10.3,6.3,15,1,0.3,9.8,22.3,3.9,1,4.9,0.091,2,-2.2,-0.2,1.2
2013/2014,58679000,63372330.19,490180,#N/A,#N/A,TOT,#N/A,#N/A,#N/A,#N/A,#N/A,#N/A,#N/A,#N/A,#N/A,Orlando Johnson,SG,24,788872,865355,45,0,8.7,0.8,2.5,0.319,0.2,1,0.191,0.6,1.5,0.409,0.358,0.4,0.6,0.731,0.2,1,1.2,0.4,0.1,0,0.3,0.6,2.2,392,5.3,0.402,0.416,0.23,2.7,12.6,7.9,7.7,0.8,0.4,10.8,16.2,-0.5,0.5,0.1,0.008,-5.2,-0.9,-6.2,-0.4
2013/2014,58679000,63372330.19,490180,Indiana Pacers,12,IND,Indiana,East,Central,56,26,0.683,96.7,92.3,3.63,Orlando Johnson,SG,24,788872,865355,38,0,9,0.9,2.5,0.344,0.2,1.1,0.195,0.7,1.4,0.455,0.385,0.4,0.6,0.773,0.2,1.2,1.3,0.4,0.2,0,0.4,0.6,2.4,342,6.1,0.431,0.427,0.229,2.4,13.8,8.4,7.2,0.9,0.2,11.7,16,-0.3,0.5,0.2,0.031,-4.9,-0.6,-5.5,-0.3
2013/2014,58679000,63372330.19,490180,Sacramento Kings,26,SAC,California,West,Pacific,28,54,0.341,100.5,103.4,-2.08,Orlando Johnson,SG,24,788872,865355,7,0,7.1,0.4,2.4,0.176,0.1,0.9,0.167,0.3,1.6,0.182,0.206,0.3,0.6,0.5,0.3,0.3,0.6,0.6,0,0.1,0.1,0.4,1.3,50,-0.3,0.24,0.353,0.235,4.5,4.6,4.5,11.4,0,1.6,5.1,17.4,-0.2,0,-0.1,-0.144,-7.2,-3.2,-10.4,-0.1
2013/2014,58679000,63372330.19,490180,Los Angeles Lakers,14,LAL,California,West,Pacific,27,55,0.329,103,109.2,-5.33,Wesley Johnson,SF,26,916099,1004917,79,62,28.4,3.5,8.2,0.425,1.3,3.4,0.369,2.2,4.8,0.466,0.502,0.8,1,0.792,0.9,3.5,4.4,1.6,1.1,1,1.1,2.6,9.1,2240,11,0.522,0.416,0.118,3.3,13.3,8.3,8.2,1.9,2.5,11.6,15.1,0.4,1.5,1.9,0.041,-1.1,1.3,0.2,1.2
2013/2014,58679000,63372330.19,490180,Philadelphia 76ers,23,PHI,Pennsylvania,East,Atlantic,19,63,0.232,99.5,109.9,-10.66,Darius Johnson-Odom,SG,24,46404,50903,3,0,5,0,2.3,0,0,1,0,0,1.3,0,0,0,0.7,0,0,0.7,0.7,0.3,0.3,0,0.7,1,0,15,-23,0,0.429,0.286,0,15,7.2,8.5,3.2,0,20.2,27.9,-0.2,0,-0.2,-0.661,-22.4,-3,-25.5,-0.1
2013/2014,58679000,63372330.19,490180,Miami Heat,16,MIA,Florida,East,Southeast,54,28,0.659,102.2,97.4,4.15,James Jones,SF,33,1500000,1645430,20,6,11.8,1.6,3.4,0.456,1.4,2.7,0.519,0.2,0.7,0.214,0.662,0.4,0.6,0.636,0.1,1.1,1.2,0.5,0.2,0.2,0.2,0.3,4.9,236,15.4,0.666,0.794,0.162,1.1,10.8,6.1,5.8,0.7,1.5,5.2,15.6,0.6,0.1,0.7,0.147,2.9,-2.8,0,0.1
2013/2014,58679000,63372330.19,490180,Oklahoma City Thunder,21,OKC,Oklahoma,West,Northwest,59,23,0.72,106.2,99.8,6.66,Perry Jones,PF,22,1082520,1187473,62,7,12.3,1.3,2.9,0.459,0.4,1,0.361,1,1.9,0.508,0.519,0.5,0.7,0.667,0.5,1.4,1.8,0.4,0.2,0.3,0.3,1,3.5,764,10.1,0.541,0.337,0.232,4.3,12.1,8.4,4.9,0.9,2,9.5,12.8,0.7,0.8,1.5,0.094,-2,-0.5,-2.5,-0.1
2013/2014,58679000,63372330.19,490180,Orlando Magic,22,ORL,Florida,East,Southeast,23,59,0.28,96.5,102,-5.88,Solomon Jones,PF,29,474583,520595,11,0,7.7,0.5,1.5,0.353,0,0,,0.5,1.5,0.353,0.353,0.2,0.4,0.5,0.7,0.7,1.5,0.2,0.2,0.2,0.2,1.1,1.3,85,5.8,0.373,0,0.235,10.6,10.7,10.7,3.4,1.2,1.8,9.6,11.1,0,0.1,0,0.013,-5.3,-0.2,-5.5,-0.1
2013/2014,58679000,63372330.19,490180,Houston Rockets,11,HOU,Texas,West,Southwest,54,28,0.659,107.7,103.1,5.06,Terrence Jones,PF,22,1551840,1702296,76,71,27.3,5.1,9.4,0.542,0.4,1.3,0.307,4.7,8,0.581,0.564,1.6,2.6,0.605,2.1,4.8,6.9,1.1,0.7,1.3,0.9,1.8,12.1,2078,19.1,0.577,0.142,0.274,9.2,18.5,14.1,7,1.3,3.5,8.2,18.3,4.6,2.7,7.3,0.169,0.9,1.3,2.2,2.2
2013/2014,58679000,63372330.19,490180,Los Angeles Clippers,13,LAC,California,West,Pacific,57,25,0.695,107.9,101,7.27,DeAndre Jordan,C,25,10986550,12051733,82,82,35,4.2,6.3,0.676,0,0,,4.2,6.3,0.676,0.676,2,4.6,0.428,4,9.5,13.6,0.9,1,2.5,1.5,3.2,10.4,2870,18.2,0.63,0,0.726,13.3,29.3,21.6,3.7,1.4,5.4,15.3,12.4,5.3,5.8,11.1,0.186,-0.1,4.2,4.1,4.4
2013/2014,58679000,63372330.19,490180,San Antonio Spurs,27,SAS,Texas,West,Southwest,62,20,0.756,105.4,97.6,8,Cory Joseph,SG,22,1182600,1297257,68,19,13.8,1.9,3.9,0.475,0.2,0.6,0.316,1.7,3.3,0.502,0.498,1.2,1.4,0.823,0.5,1.1,1.6,1.7,0.5,0.2,0.6,1.2,5,936,14.7,0.558,0.143,0.362,4,8.7,6.4,17.2,1.9,1.1,12.3,16.9,1.6,1.3,2.9,0.148,0,0.6,0.6,0.6
2013/2014,58679000,63372330.19,490180,Los Angeles Lakers,14,LAL,California,West,Pacific,27,55,0.329,103,109.2,-5.33,Chris Kaman,C,31,3183000,3491602,39,13,18.9,4.5,8.9,0.509,0,0.1,0,4.5,8.8,0.513,0.509,1.3,1.7,0.765,1.4,4.5,5.9,1.5,0.3,1,1.9,2.4,10.4,736,17,0.537,0.009,0.197,7.8,25.4,16.6,14.1,0.7,3.9,16.4,26.7,-0.2,0.7,0.5,0.036,-3.1,0.7,-2.4,-0.1
2013/2014,58679000,63372330.19,490180,Utah Jazz,29,UTA,Utah,West,Northwest,25,57,0.305,95,102.2,-6.27,Enes Kanter,C,21,4753320,5214170,80,37,26.7,5.2,10.7,0.491,0,0,0,5.2,10.7,0.492,0.491,1.9,2.6,0.73,2.8,4.7,7.5,0.9,0.4,0.5,1.8,2.9,12.3,2138,15.6,0.523,0.001,0.239,11.6,20.9,16.1,6.4,0.7,1.5,13.3,23.3,1.3,0.9,2.2,0.05,-2.1,-1.8,-3.9,-1
2013/2014,58679000,63372330.19,490180,Cleveland Cavaliers,6,CLE,Ohio,East,Central,33,49,0.402,98.2,101.5,-3.86,Sergey Karasev,SF,20,1467840,1610152,22,1,7.1,0.5,1.6,0.343,0.2,0.9,0.211,0.4,0.7,0.5,0.4,0.4,0.5,0.9,0,0.7,0.7,0.3,0.1,0,0.5,1,1.7,156,2.3,0.47,0.543,0.286,0,11.8,5.8,5.6,1,0.5,21.8,14.4,-0.2,0.1,-0.1,-0.041,-5.9,-1.6,-7.5,-0.2
2013/2014,58679000,63372330.19,490180,Los Angeles Lakers,14,LAL,California,West,Pacific,27,55,0.329,103,109.2,-5.33,Ryan Kelly,PF,22,490180,537704,59,25,22.2,2.7,6.3,0.423,0.8,2.4,0.338,1.8,3.9,0.476,0.488,1.9,2.3,0.815,0.7,3,3.7,1.6,0.5,0.8,0.8,2.5,8,1312,12.6,0.548,0.383,0.364,3.4,14.4,8.9,10.7,1.2,2.5,9.8,15.9,1.5,0.7,2.2,0.081,-0.5,0.3,-0.2,0.6
2013/2014,58679000,63372330.19,490180,Charlotte Bobcats,4,CHA,North Carolina,East,Southeast,43,39,0.524,96.9,97.1,-0.89,Michael Kidd-Gilchrist,SF,20,4809840,5276170,62,62,24.2,2.7,5.7,0.473,0,0.1,0.111,2.7,5.5,0.483,0.475,1.8,3,0.614,1.8,3.5,5.2,0.8,0.7,0.6,1,2.3,7.2,1502,12,0.516,0.025,0.521,8.2,16.2,12.2,5.4,1.5,2.1,12.1,15.2,0.9,2.2,3.1,0.098,-2.7,1.7,-0.9,0.4
2013/2014,58679000,63372330.19,490180,Brooklyn Nets,3,BRK,New York,East,Atlantic,44,38,0.537,98.5,99.5,-1.58,Andrei Kirilenko,PF,32,3183000,3491602,45,4,19,1.8,3.6,0.513,0,0.1,0.2,1.8,3.4,0.523,0.516,1.4,2.6,0.513,1.2,2,3.2,1.6,0.9,0.4,1.2,1.4,5,857,12.4,0.532,0.031,0.744,7.7,12.7,10.2,13.1,2.5,1.9,20.3,14.6,0.4,0.9,1.3,0.07,-1.9,1.9,0.1,0.4
2013/2014,58679000,63372330.19,490180,Milwaukee Bucks,17,MIL,Wisconsin,East,Central,15,67,0.183,95.5,103.7,-8.41,Brandon Knight,PG,22,2947800,3233599,72,69,33.3,6.4,15.2,0.422,1.5,4.7,0.325,4.9,10.5,0.466,0.473,3.6,4.5,0.802,0.6,2.9,3.5,4.9,1,0.2,2.6,2,17.9,2400,16.5,0.523,0.31,0.296,2.1,10.3,6.1,26.6,1.5,0.6,13.2,26.8,2.4,0.4,2.8,0.055,2,-2.9,-0.9,0.7
2013/2014,58679000,63372330.19,490180,Atlanta Hawks,1,ATL,Georgia,East,Southeast,38,44,0.463,101,101.5,-0.88,Kyle Korver,SG,32,6760563,7416022,71,71,33.9,4.1,8.6,0.475,2.6,5.5,0.472,1.5,3.1,0.479,0.626,1.2,1.3,0.926,0.3,3.7,4,2.9,1,0.3,1.4,2.1,12,2408,13.5,0.653,0.644,0.154,1.1,12.4,6.8,13.3,1.5,0.8,13.6,14.2,3.9,2,5.9,0.118,2,0.2,2.2,2.5
2013/2014,58679000,63372330.19,490180,Memphis Grizzlies,15,MEM,Tennessee,West,Southwest,50,32,0.61,96.1,94.6,2.18,Kosta Koufos,C,24,3000000,3290860,80,22,16.9,2.8,5.7,0.495,0,0,,2.8,5.7,0.495,0.495,0.8,1.2,0.645,2,3.2,5.2,0.5,0.4,0.9,0.8,2.3,6.4,1349,16.5,0.514,0,0.203,14,22.7,18.4,4.7,1.3,4.4,11.8,19.4,1.3,2.2,3.5,0.124,-2.1,1.2,-0.9,0.4
2013/2014,58679000,63372330.19,490180,Phoenix Suns,24,PHO,Arizona,West,Pacific,48,34,0.585,105.2,102.6,3.02,Vyacheslav Kravtsov,C,26,1500000,1645430,20,0,3,0.4,0.8,0.533,0,0,,0.4,0.8,0.533,0.533,0.2,0.4,0.5,0.5,0.4,0.9,0.1,0,0.1,0.3,0.4,1,59,10.5,0.54,0,0.533,17.2,15.2,16.2,2.5,0,1.3,24.5,18.3,0,0,0,0.027,-4.1,-3.1,-7.2,-0.1
2013/2014,58679000,63372330.19,490180,Golden State Warriors,10,GSW,California,West,Pacific,51,31,0.622,104.3,99.5,5.15,Ognjen Kuzmic,C,23,490180,537704,21,0,4.4,0.2,0.6,0.385,0,0,,0.2,0.6,0.385,0.385,0.2,0.5,0.455,0.5,0.5,1,0.1,0.1,0.2,0.5,0.8,0.7,92,3.4,0.42,0,0.846,12.1,12.8,12.5,2.9,1.6,3.3,35.9,13.3,-0.2,0.1,0,-0.025,-7.5,2.3,-5.2,-0.1
2013/2014,58679000,63372330.19,490180,Orlando Magic,22,ORL,Florida,East,Southeast,23,59,0.28,96.5,102,-5.88,Doron Lamb,SG,22,788872,865355,53,0,13.1,1.2,3,0.394,0.7,1.7,0.4,0.5,1.3,0.386,0.506,0.5,0.7,0.806,0.2,0.8,0.9,0.8,0.2,0,0.5,1,3.6,695,7.5,0.543,0.563,0.225,1.3,6.7,4,9.3,0.8,0.1,13.3,13.3,0.3,0.2,0.5,0.036,-2.2,-2.4,-4.6,-0.4
2013/2014,58679000,63372330.19,490180,Oklahoma City Thunder,21,OKC,Oklahoma,West,Northwest,59,23,0.72,106.2,99.8,6.66,Jeremy Lamb,SG,21,2111160,2315844,78,0,19.7,3.4,7.8,0.432,1.1,3.2,0.356,2.2,4.6,0.483,0.504,0.7,0.8,0.797,0.3,2.1,2.4,1.5,0.7,0.3,0.8,1.8,8.5,1538,13.4,0.522,0.406,0.105,2.1,11.3,6.9,11.8,1.8,1.4,8.7,20.1,1.4,1.8,3.3,0.102,-0.3,-0.9,-1.2,0.3
2013/2014,58679000,63372330.19,490180,Sacramento Kings,26,SAC,California,West,Pacific,28,54,0.341,100.5,103.4,-2.08,Carl Landry,PF,30,6750000,7404435,18,1,12.9,1.7,3.3,0.517,0,0,,1.7,3.3,0.517,0.517,0.8,0.9,0.824,0.8,2.3,3.2,0.3,0.2,0.1,0.5,1.9,4.2,233,11.2,0.563,0,0.283,7.2,20.6,13.8,3.4,0.7,0.3,11.8,14.5,0.3,0.1,0.4,0.088,-3,-1.9,-4.9,-0.2
2013/2014,58679000,63372330.19,490180,Dallas Mavericks,7,DAL,Texas,West,Southwest,49,33,0.598,104.8,102.4,2.91,Shane Larkin,PG,21,1536960,1685973,48,0,10.2,1.1,2.9,0.38,0.3,0.8,0.316,0.8,2.1,0.404,0.423,0.3,0.5,0.64,0.2,0.6,0.9,1.5,0.5,0,0.8,1,2.8,489,8.3,0.446,0.277,0.182,2.6,7.3,5,20.4,2.7,0.2,20.9,17.4,-0.4,0.3,-0.1,-0.01,-3.5,-1.2,-4.7,-0.3
2013/2014,58679000,63372330.19,490180,Denver Nuggets,8,DEN,Colorado,West,Northwest,36,46,0.439,104.4,106.5,-1.4,Ty Lawson,PG,26,10786517,11832306,62,61,35.8,5.6,13,0.431,1.2,3.3,0.356,4.4,9.7,0.455,0.475,5.2,6.5,0.798,0.6,2.8,3.5,8.8,1.6,0.2,3.2,1.8,17.6,2222,19,0.554,0.251,0.504,1.9,8.5,5.2,38.2,2.2,0.3,16.9,22.7,4.8,1.5,6.3,0.136,2.9,-1.2,1.7,2.1
2013/2014,58679000,63372330.19,490180,Dallas Mavericks,7,DAL,Texas,West,Southwest,49,33,0.598,104.8,102.4,2.91,Ricky Ledo,SG,21,550000,603324,11,0,3,0.5,1.5,0.353,0.3,0.7,0.375,0.3,0.8,0.333,0.441,0.4,0.4,1,0,0.2,0.2,0.2,0.1,0,0.2,0.2,1.7,33,12.7,0.506,0.471,0.235,0,7,3.5,9.5,1.6,0,9.6,28.6,0,0,0,0.024,-1.6,-5.6,-7.2,0
2013/2014,58679000,63372330.19,490180,#N/A,#N/A,TOT,#N/A,#N/A,#N/A,#N/A,#N/A,#N/A,#N/A,#N/A,#N/A,Courtney Lee,SG,28,5225000,5731581,79,47,25,3.7,7.8,0.48,0.9,2.5,0.371,2.8,5.3,0.531,0.539,1.3,1.4,0.884,0.4,2,2.4,1.5,0.8,0.4,0.9,1.6,9.6,1973,13.8,0.574,0.316,0.182,1.7,9.5,5.6,9.3,1.7,1.2,9.9,17,2.8,1.9,4.7,0.114,0.5,-0.1,0.4,1.2
2013/2014,58679000,63372330.19,490180,Boston Celtics,2,BOS,Massachusetts,East,Atlantic,25,57,0.305,96.2,100.7,-4.97,Courtney Lee,SG,28,5225000,5731581,30,0,16.8,3,6.1,0.492,0.8,1.7,0.442,2.2,4.4,0.511,0.555,0.6,0.7,0.818,0.3,1.4,1.6,1.1,0.7,0.3,0.8,1.2,7.4,504,14.6,0.573,0.284,0.12,1.8,9.5,5.5,10.9,2,1.4,11.5,19.2,0.6,0.4,1,0.094,-0.4,-0.9,-1.2,0.1
2013/2014,58679000,63372330.19,490180,Memphis Grizzlies,15,MEM,Tennessee,West,Southwest,50,32,0.61,96.1,94.6,2.18,Courtney Lee,SG,28,5225000,5731581,49,47,30,4.2,8.8,0.476,1,2.9,0.345,3.2,5.9,0.54,0.532,1.7,1.8,0.9,0.4,2.4,2.8,1.7,0.9,0.4,1,1.8,11,1469,13.5,0.574,0.329,0.209,1.7,9.5,5.6,8.7,1.6,1.1,9.3,16.3,2.2,1.5,3.7,0.12,0.8,0.2,1,1.1
2013/2014,58679000,63372330.19,490180,Golden State Warriors,10,GSW,California,West,Pacific,51,31,0.622,104.3,99.5,5.15,David Lee,PF,30,13878000,15223518,69,67,33.2,7.4,14.2,0.523,0,0,0,7.4,14.2,0.523,0.523,3.3,4.3,0.78,2.6,6.7,9.3,2.1,0.7,0.4,2.2,3,18.2,2288,19.1,0.566,0.001,0.302,8.8,21.6,15.3,10.9,1,0.9,12,24.3,4.1,3.5,7.6,0.16,-0.1,0.8,0.8,1.6
2013/2014,58679000,63372330.19,490180,Phoenix Suns,24,PHO,Arizona,West,Pacific,48,34,0.585,105.2,102.6,3.02,Alex Len,C,20,3492720,3831350,42,3,8.6,0.8,1.9,0.423,0,0,,0.8,1.9,0.423,0.423,0.5,0.7,0.645,0.9,1.4,2.4,0.1,0.1,0.4,0.6,1.6,2,362,7.3,0.469,0,0.397,12.1,18.6,15.3,1.6,0.6,3.8,22.1,14.3,-0.2,0.4,0.2,0.024,-5.7,-0.2,-5.9,-0.4
2013/2014,58679000,63372330.19,490180,San Antonio Spurs,27,SAS,Texas,West,Southwest,62,20,0.756,105.4,97.6,8,Kawhi Leonard,SF,22,1991760,2184867,66,65,29.1,5.1,9.8,0.522,1,2.8,0.379,4.1,7,0.579,0.576,1.5,1.9,0.802,1.2,5.1,6.2,2,1.7,0.8,1.2,1.9,12.8,1923,19.4,0.602,0.282,0.195,4.6,18.9,12.1,10.4,3,1.9,10.3,18.3,3.8,3.9,7.7,0.193,2.3,3.4,5.8,3.8
2013/2014,58679000,63372330.19,490180,Portland Trail Blazers,25,POR,Oregon,West,Northwest,54,28,0.659,106.7,102.8,4.44,Meyers Leonard,C,21,2222160,2437605,40,0,8.9,1,2.3,0.451,0,0.2,0,1,2.1,0.482,0.451,0.4,0.5,0.762,0.7,2.1,2.8,0.5,0.2,0.1,0.4,1.9,2.5,355,9.4,0.489,0.066,0.231,8,25.5,16.8,7.3,1,1,13,14.2,0.2,0.5,0.6,0.086,-3.6,0.4,-3.3,-0.1
2013/2014,58679000,63372330.19,490180,Memphis Grizzlies,15,MEM,Tennessee,West,Southwest,50,32,0.61,96.1,94.6,2.18,Jon Leuer,PF,24,900000,987258,49,0,13.1,2.5,5,0.492,0.5,1,0.469,2,4,0.497,0.539,0.8,1,0.787,0.8,2.5,3.2,0.4,0.4,0.3,0.6,1.3,6.2,642,17.6,0.566,0.199,0.191,6.8,22.4,14.6,5.2,1.5,1.7,9.2,21.1,1.1,0.9,2,0.149,-0.6,-0.9,-1.6,0.1
2013/2014,58679000,63372330.19,490180,Miami Heat,16,MIA,Florida,East,Southeast,54,28,0.659,102.2,97.4,4.15,Rashard Lewis,SF,34,1399507,1535193,60,6,16.2,1.6,3.9,0.415,0.8,2.2,0.343,0.9,1.7,0.51,0.513,0.4,0.6,0.788,0.4,1.4,1.8,1,0.9,0.1,0.6,1.5,4.5,971,10.7,0.535,0.568,0.14,3.2,10.7,7.1,8.5,2.9,0.7,12.3,14.1,0.5,1.1,1.7,0.083,-0.2,0.2,0.1,0.5
2013/2014,58679000,63372330.19,490180,Miami Heat,16,MIA,Florida,East,Southeast,54,28,0.659,102.2,97.4,4.15,DeAndre Liggins,SG,25,88429,97002,1,0,1,1,1,1,0,0,,1,1,1,1,0,0,,1,0,1,0,0,0,0,0,2,1,129.1,1,0,0,100,0,62.8,0,0,0,0,47.8,0,0,0,2.123,47.8,-23.1,24.8,0
2013/2014,58679000,63372330.19,490180,Portland Trail Blazers,25,POR,Oregon,West,Northwest,54,28,0.659,106.7,102.8,4.44,Damian Lillard,PG,23,3202920,3513453,82,82,35.8,6.7,15.9,0.424,2.7,6.8,0.394,4.1,9.1,0.447,0.508,4.5,5.2,0.871,0.4,3.1,3.5,5.6,0.8,0.3,2.4,2.4,20.7,2937,18.6,0.568,0.425,0.327,1.3,9.2,5.3,25.1,1.1,0.5,11.5,25,7.8,1.8,9.6,0.157,4.4,-1.7,2.7,3.5
2013/2014,58679000,63372330.19,490180,Houston Rockets,11,HOU,Texas,West,Southwest,54,28,0.659,107.7,103.1,5.06,Jeremy Lin,PG,25,5225000,5731581,71,33,28.9,4.2,9.3,0.446,1.2,3.2,0.358,3,6.1,0.492,0.508,3.1,3.7,0.823,0.5,2.2,2.6,4.1,1,0.4,2.5,2.3,12.5,2054,14.3,0.572,0.346,0.4,2,7.8,5.1,22.3,1.7,1,18.4,20.4,2.8,1.6,4.4,0.103,0.6,-0.9,-0.3,0.9
2013/2014,58679000,63372330.19,490180,Brooklyn Nets,3,BRK,New York,East,Atlantic,44,38,0.537,98.5,99.5,-1.58,Shaun Livingston,PG,28,1265977,1388717,76,54,26,3.1,6.4,0.483,0,0.1,0.167,3.1,6.3,0.486,0.484,2.1,2.5,0.827,0.9,2.4,3.2,3.2,1.2,0.4,1.4,2.3,8.3,1974,14.5,0.551,0.012,0.392,4.1,10.8,7.5,20.1,2.5,1.3,15.5,16.1,2.6,1.8,4.4,0.108,-0.5,1.1,0.6,1.3
2013/2014,58679000,63372330.19,490180,Brooklyn Nets,3,BRK,New York,East,Atlantic,44,38,0.537,98.5,99.5,-1.58,Brook Lopez,C,25,14694000,16118632,17,17,31.4,7.6,13.5,0.563,0,0.1,0,7.6,13.4,0.566,0.563,5.5,6.8,0.817,2.3,3.7,6,0.9,0.5,1.8,1.6,3.1,20.7,533,25.4,0.629,0.004,0.502,8.8,14.1,11.5,6.1,0.9,4.8,9.1,27.1,1.9,0.5,2.3,0.211,1.8,-0.7,1.1,0.4
2013/2014,58679000,63372330.19,490180,Portland Trail Blazers,25,POR,Oregon,West,Northwest,54,28,0.659,106.7,102.8,4.44,Robin Lopez,C,25,5119761,5616139,82,82,31.7,4.3,7.9,0.551,0,0,0,4.3,7.8,0.552,0.551,2.4,3,0.818,4,4.6,8.5,0.9,0.3,1.7,1,2.4,11.1,2603,17.7,0.605,0.002,0.376,13.6,15.3,14.5,4.2,0.5,3.7,10.1,14,7,2.6,9.5,0.176,1.4,1.6,3,3.3
2013/2014,58679000,63372330.19,490180,Minnesota Timberwolves,18,MIN,Minnesota,West,Northwest,40,42,0.488,106.9,104.3,3.1,Kevin Love,PF,25,14693906,16118529,77,77,36.3,8.4,18.5,0.457,2.5,6.6,0.376,6,11.9,0.502,0.524,6.8,8.2,0.821,2.9,9.6,12.5,4.4,0.8,0.5,2.5,1.8,26.1,2797,26.9,0.591,0.355,0.445,8.5,29.5,18.7,21.4,1,1,10.3,28.8,10.6,3.7,14.3,0.245,7.2,1.2,8.4,7.3
2013/2014,58679000,63372330.19,490180,Toronto Raptors,28,TOR,Ontario,East,Atlantic,48,34,0.585,101.3,98,2.55,Kyle Lowry,PG,27,6210000,6812080,79,79,36.2,5.8,13.7,0.423,2.4,6.3,0.38,3.4,7.3,0.46,0.511,4,4.9,0.813,1.1,3.6,4.7,7.4,1.5,0.2,2.5,3.4,17.9,2862,20.1,0.567,0.463,0.356,3.6,11.5,7.5,34.7,2.2,0.4,13.4,22.9,8.4,3.3,11.7,0.197,5.8,0.1,5.9,5.7
2013/2014,58679000,63372330.19,490180,Utah Jazz,29,UTA,Utah,West,Northwest,25,57,0.305,95,102.2,-6.27,John Lucas,PG,31,1600000,1755125,42,6,14.1,1.5,4.5,0.326,0.6,2,0.298,0.9,2.5,0.349,0.392,0.2,0.4,0.625,0.3,0.6,0.9,1,0.3,0,0.5,1,3.8,591,5.2,0.403,0.442,0.084,2.3,5.4,3.8,11.1,1.2,0,10,17,-0.7,0,-0.7,-0.058,-3.7,-3.3,-7,-0.7
2013/2014,58679000,63372330.19,490180,Atlanta Hawks,1,ATL,Georgia,East,Southeast,38,44,0.463,101,101.5,-0.88,Shelvin Mack,PG,23,884293,970028,73,11,20.4,2.9,6.9,0.417,0.8,2.5,0.337,2,4.3,0.464,0.479,0.9,1,0.865,0.3,1.9,2.2,3.7,0.7,0,1.2,1.4,7.5,1490,13.2,0.51,0.367,0.148,1.6,10.7,6.2,28.8,1.7,0.1,14.3,19,1.2,1.2,2.3,0.074,-0.7,-1.7,-2.4,-0.1
2013/2014,58679000,63372330.19,490180,Indiana Pacers,12,IND,Indiana,East,Central,56,26,0.683,96.7,92.3,3.63,Ian Mahinmi,C,27,4000000,4387813,77,1,16.2,1.2,2.5,0.481,0,0,0,1.2,2.4,0.484,0.481,1.2,1.9,0.621,1.4,1.9,3.3,0.3,0.5,0.9,0.8,2.7,3.5,1248,10.2,0.538,0.005,0.767,10.1,12.9,11.6,2.9,1.7,4.4,18.7,11.4,0.7,2.7,3.3,0.129,-3.3,3.6,0.3,0.7
2013/2014,58679000,63372330.19,490180,Dallas Mavericks,7,DAL,Texas,West,Southwest,49,33,0.598,104.8,102.4,2.91,Shawn Marion,SF,35,9316796,10220090,76,76,31.7,4.5,9.3,0.482,0.8,2.1,0.358,3.7,7.2,0.518,0.523,0.7,0.9,0.785,1.7,4.8,6.5,1.6,1.2,0.5,1.3,1.6,10.4,2409,13.7,0.537,0.229,0.092,6.4,17.4,11.9,7.6,1.9,1.3,11.4,15.7,2.2,2.1,4.3,0.086,0,1.1,1.1,1.9
2013/2014,58679000,63372330.19,490180,Los Angeles Lakers,14,LAL,California,West,Pacific,27,55,0.329,103,109.2,-5.33,Kendall Marshall,PG,22,547570,600658,54,45,29,3.1,7.8,0.406,1.3,3.3,0.399,1.8,4.5,0.411,0.49,0.4,0.7,0.528,0.3,2.6,2.9,8.8,0.9,0.1,2.8,1.4,8,1564,12.6,0.494,0.425,0.086,1,9.6,5.3,44.3,1.5,0.2,25.6,16.3,0.6,0.3,0.9,0.029,-1.3,-3.2,-4.5,-1
2013/2014,58679000,63372330.19,490180,#N/A,#N/A,TOT,#N/A,#N/A,#N/A,#N/A,#N/A,#N/A,#N/A,#N/A,#N/A,Cartier Martin,SF,29,1003248,1100516,59,6,14.7,1.9,4.5,0.42,1,2.6,0.391,0.9,1.9,0.46,0.532,0.8,1.1,0.738,0.2,1.6,1.9,0.6,0.5,0.1,0.6,1.2,5.6,870,11,0.562,0.572,0.246,1.7,12.8,7.3,5.9,1.6,0.6,10.4,17.1,0.5,0.8,1.3,0.07,-1.2,-1.5,-2.8,-0.2
2013/2014,58679000,63372330.19,490180,Atlanta Hawks,1,ATL,Georgia,East,Southeast,38,44,0.463,101,101.5,-0.88,Cartier Martin,SF,29,1003248,1100516,53,6,15.5,2,4.8,0.414,1.1,2.8,0.384,0.9,2.1,0.455,0.523,0.9,1.2,0.754,0.2,1.8,2,0.6,0.5,0.1,0.6,1.3,5.9,822,10.9,0.555,0.57,0.238,1.7,13,7.4,5.9,1.6,0.7,10.4,17.5,0.4,0.7,1.1,0.064,-1.3,-1.5,-2.9,-0.2
2013/2014,58679000,63372330.19,490180,Chicago Bulls,5,CHI,Illinois,East,Central,48,34,0.585,93.7,91.8,1.2,Cartier Martin,SF,29,1003248,1100516,6,0,8,0.8,1.3,0.625,0.5,0.8,0.6,0.3,0.5,0.667,0.813,0.3,0.7,0.5,0.2,0.7,0.8,0.3,0.2,0,0.2,0.5,2.5,48,13.3,0.768,0.625,0.5,2.4,9.3,5.9,6.8,1.1,0,9.3,10.3,0.1,0.1,0.2,0.174,0.7,-1.1,-0.4,0
2013/2014,58679000,63372330.19,490180,New York Knicks,20,NYK,New York,East,Atlantic,37,45,0.451,98.6,99.4,-1.4,Kenyon Martin,PF,36,1399507,1535193,32,15,19.8,2,3.8,0.512,0,0,0,2,3.8,0.516,0.512,0.3,0.6,0.579,1.1,3.1,4.2,1.6,0.8,0.8,0.8,2.7,4.3,633,12.2,0.521,0.008,0.154,6.5,18.7,12.5,11.9,2.1,3.8,16.5,11.6,0.5,0.7,1.2,0.09,-2,3.1,1.1,0.5
2013/2014,58679000,63372330.19,490180,Minnesota Timberwolves,18,MIN,Minnesota,West,Northwest,40,42,0.488,106.9,104.3,3.1,Kevin Martin,SG,30,6500000,7130196,68,68,32,6.5,15,0.43,1.7,4.4,0.387,4.8,10.7,0.448,0.486,4.5,5,0.891,0.5,2.5,3,1.8,1,0.1,1.6,1.8,19.1,2177,16.3,0.553,0.29,0.332,1.7,8.7,5.1,9.2,1.5,0.2,8.3,25,3.8,1.5,5.3,0.117,1.4,-2,-0.6,0.8
2013/2014,58679000,63372330.19,490180,Miami Heat,16,MIA,Florida,East,Southeast,54,28,0.659,102.2,97.4,4.15,Roger Mason,SG,33,1272279,1395630,25,2,10.4,1,2.7,0.373,0.7,1.9,0.354,0.3,0.8,0.421,0.5,0.3,0.3,1,0,0.8,0.9,0.8,0.2,0,0.4,1,3,260,8.2,0.528,0.716,0.104,0.5,9.8,5.3,10.5,1.2,0.3,11.4,14.5,0.1,0.2,0.3,0.055,-1,-2.4,-3.4,-0.1
2013/2014,58679000,63372330.19,490180,Portland Trail Blazers,25,POR,Oregon,West,Northwest,54,28,0.659,106.7,102.8,4.44,Wesley Matthews,SG,27,6875480,7542080,82,82,33.9,5.4,12.3,0.441,2.5,6.2,0.393,3,6.1,0.49,0.541,3.1,3.7,0.837,0.6,2.9,3.5,2.4,0.9,0.2,1.3,2.1,16.4,2780,15.7,0.588,0.506,0.298,2,9.1,5.6,10.9,1.4,0.4,8.8,19.6,6.3,1.9,8.2,0.142,3.4,-0.9,2.4,3.1
2013/2014,58679000,63372330.19,490180,Orlando Magic,22,ORL,Florida,East,Southeast,23,59,0.28,96.5,102,-5.88,Jason Maxiell,PF,30,2500000,2742383,34,13,14.4,1.4,3.1,0.448,0,0,,1.4,3.1,0.448,0.448,0.4,0.9,0.484,0.8,1.7,2.5,0.3,0.2,0.6,0.4,1.4,3.2,488,8.1,0.459,0,0.295,6.5,13.5,10,2.8,0.8,3.2,10.6,12.4,-0.1,0.4,0.3,0.029,-5.3,0.3,-5,-0.4
2013/2014,58679000,63372330.19,490180,#N/A,#N/A,TOT,#N/A,#N/A,#N/A,#N/A,#N/A,#N/A,#N/A,#N/A,#N/A,Eric Maynor,PG,26,2016000,2211457,31,0,10.5,1,3.3,0.317,0.4,1.2,0.324,0.6,2.1,0.313,0.376,0.2,0.4,0.545,0.3,1,1.3,1.7,0.3,0.1,0.9,0.5,2.6,327,6.2,0.387,0.366,0.109,3.1,10.6,6.7,23,1.4,0.7,21.5,18.2,-0.6,0.2,-0.4,-0.058,-5.8,-1.9,-7.6,-0.5
2013/2014,58679000,63372330.19,490180,Washington Wizards,30,WAS,Washington DC,East,Southeast,44,38,0.537,100.7,99.4,0.48,Eric Maynor,PG,26,2016000,2211457,23,0,9.3,0.9,3.1,0.292,0.3,1.1,0.32,0.6,2,0.277,0.347,0.1,0.1,0.667,0.3,0.7,1,1.7,0.2,0,0.7,0.6,2.3,215,6,0.355,0.347,0.042,3.7,9.3,6.5,26.8,1.2,0.4,18.8,19,-0.4,0.2,-0.2,-0.052,-5.4,-2.1,-7.5,-0.3
2013/2014,58679000,63372330.19,490180,Philadelphia 76ers,23,PHI,Pennsylvania,East,Atlantic,19,63,0.232,99.5,109.9,-10.66,Eric Maynor,PG,26,2016000,2211457,8,0,14,1.4,3.6,0.379,0.5,1.5,0.333,0.9,2.1,0.412,0.448,0.5,1,0.5,0.3,1.6,1.9,1.5,0.5,0.3,1.5,0.5,3.8,112,6.6,0.461,0.414,0.276,1.9,13,7.2,15.7,1.7,1.4,27,16.8,-0.2,0.1,-0.2,-0.07,-6.5,-1.4,-7.8,-0.2
2013/2014,58679000,63372330.19,490180,Milwaukee Bucks,17,MIL,Wisconsin,East,Central,15,67,0.183,95.5,103.7,-8.41,OJ Mayo,SG,26,8000000,8775626,52,23,25.9,4.3,10.6,0.407,1.6,4.4,0.37,2.7,6.2,0.433,0.484,1.5,1.7,0.864,0.5,1.9,2.4,2.2,0.5,0.3,1.8,2.1,11.7,1346,11.2,0.516,0.413,0.16,2,8.8,5.3,14.6,1.1,0.8,13.9,23,0,0,0.1,0.002,-0.7,-3.5,-4.2,-0.7
2013/2014,58679000,63372330.19,490180,#N/A,#N/A,TOT,#N/A,#N/A,#N/A,#N/A,#N/A,#N/A,#N/A,#N/A,#N/A,Luc Mbah a Moute,PF-SF,27,4588384,5033243,64,7,15.7,1.4,3,0.451,0.1,0.3,0.235,1.3,2.8,0.472,0.461,0.7,1,0.687,0.9,1.4,2.3,0.6,0.5,0.2,0.6,1.1,3.5,1003,8.3,0.503,0.088,0.347,6,10.1,8,5.1,1.5,1.1,15.2,11.2,0.2,0.8,1,0.049,-3,0.6,-2.4,-0.1
2013/2014,58679000,63372330.19,490180,Sacramento Kings,26,SAC,California,West,Pacific,28,54,0.341,100.5,103.4,-2.08,Luc Mbah a Moute,SF,27,4588384,5033243,9,5,21.8,1.7,3.6,0.469,0.1,0.3,0.333,1.6,3.2,0.483,0.484,1,1.4,0.692,1,2,3,1.7,1,0.6,0.4,2,4.4,196,11.7,0.53,0.094,0.406,5.1,10.5,7.8,11.1,2.3,2.1,9.6,9.4,0.3,0.2,0.4,0.106,-0.9,2.1,1.1,0.2
2013/2014,58679000,63372330.19,490180,Minnesota Timberwolves,18,MIN,Minnesota,West,Northwest,40,42,0.488,106.9,104.3,3.1,Luc Mbah a Moute,PF,27,4588384,5033243,55,2,14.7,1.3,2.9,0.447,0.1,0.3,0.214,1.3,2.7,0.469,0.457,0.7,1,0.685,0.9,1.3,2.2,0.4,0.4,0.2,0.7,0.9,3.3,807,7.5,0.498,0.087,0.335,6.2,10,8,3.6,1.3,0.8,16.3,11.6,0,0.6,0.6,0.035,-3.6,0.3,-3.3,-0.3
2013/2014,58679000,63372330.19,490180,Sacramento Kings,26,SAC,California,West,Pacific,28,54,0.341,100.5,103.4,-2.08,Ray McCallum,PG,22,524616,575479,45,10,19.9,2.5,6.7,0.377,0.5,1.3,0.373,2,5.4,0.378,0.413,0.7,1,0.744,0.4,1.4,1.8,2.7,0.5,0.2,0.9,1.5,6.2,897,9.7,0.439,0.197,0.143,2.2,7.8,5,21,1.2,0.8,10.9,17.6,0,0.4,0.4,0.02,-2.3,-1.7,-4.1,-0.5
2013/2014,58679000,63372330.19,490180,Portland Trail Blazers,25,POR,Oregon,West,Northwest,54,28,0.659,106.7,102.8,4.44,CJ McCollum,SG,22,2316720,2541333,38,0,12.5,1.9,4.7,0.416,0.8,2.1,0.375,1.2,2.6,0.449,0.5,0.6,0.9,0.676,0.2,1.1,1.3,0.7,0.4,0.1,0.9,1.4,5.3,476,9,0.521,0.449,0.191,1.6,9.2,5.4,8.7,1.5,0.3,15.4,20.9,-0.2,0.3,0.2,0.019,-2.1,-2,-4.1,-0.3
2013/2014,58679000,63372330.19,490180,Denver Nuggets,8,DEN,Colorado,West,Northwest,36,46,0.439,104.4,106.5,-1.4,JaVale McGee,C,26,10750000,11792248,5,5,15.8,3.4,7.6,0.447,0,0,,3.4,7.6,0.447,0.447,0.2,0.2,1,2,1.4,3.4,0.4,0.2,1.4,1.6,3.2,7,79,10.2,0.455,0,0.026,13.6,9.6,11.6,4.4,0.6,6.5,17.2,25,-0.1,0.1,-0.1,-0.039,-5.8,-0.1,-5.9,-0.1
2013/2014,58679000,63372330.19,490180,Sacramento Kings,26,SAC,California,West,Pacific,28,54,0.341,100.5,103.4,-2.08,Ben McLemore,SG,20,2895960,3176733,82,55,26.7,3.1,8.3,0.376,1.2,3.6,0.32,2,4.7,0.419,0.446,1.4,1.7,0.804,0.6,2.2,2.9,1,0.5,0.2,1.2,2.5,8.8,2187,7.7,0.485,0.437,0.211,2.7,9.5,6.1,5.8,1,0.7,11.5,16.9,-0.1,0.9,0.8,0.016,-1.8,-1.3,-3.2,-0.6
2013/2014,58679000,63372330.19,490180,Charlotte Bobcats,4,CHA,North Carolina,East,Southeast,43,39,0.524,96.9,97.1,-0.89,Josh McRoberts,PF,26,2652000,2909120,78,78,30.3,3.2,7.3,0.436,1.3,3.7,0.361,1.8,3.5,0.516,0.529,0.8,1.1,0.729,1.1,3.7,4.8,4.3,0.7,0.6,1.1,2.4,8.5,2360,13.8,0.548,0.514,0.15,4,13.8,8.9,21.9,1.3,1.5,12.1,13.4,3.5,3,6.5,0.132,1.3,1.6,2.9,2.9
2013/2014,58679000,63372330.19,490180,Los Angeles Lakers,14,LAL,California,West,Pacific,27,55,0.329,103,109.2,-5.33,Jodie Meeks,SG,26,1550000,1700277,77,70,33.2,5.4,11.6,0.463,2.1,5.2,0.401,3.3,6.3,0.514,0.554,2.9,3.4,0.857,0.4,2.1,2.5,1.8,1.4,0.1,1.4,1.5,15.7,2556,14.7,0.601,0.453,0.289,1.3,6.9,4.1,8.5,2.1,0.1,9.9,19.1,3.8,0.7,4.5,0.084,2.2,-1.4,0.7,1.8
2013/2014,58679000,63372330.19,490180,Dallas Mavericks,7,DAL,Texas,West,Southwest,49,33,0.598,104.8,102.4,2.91,Gal Mekel,PG,25,490180,537704,31,1,9.4,1,2.8,0.349,0.2,0.6,0.25,0.8,2.1,0.379,0.378,0.3,0.4,0.667,0.2,0.7,0.9,2,0.1,0,1,1,2.4,292,5.4,0.4,0.233,0.14,2,8.6,5.3,30.1,0.7,0.3,25.4,19,-0.5,0.1,-0.4,-0.073,-5.7,-3.4,-9.2,-0.5
2013/2014,58679000,63372330.19,490180,Milwaukee Bucks,17,MIL,Wisconsin,East,Central,15,67,0.183,95.5,103.7,-8.41,Khris Middleton,SF,22,788872,865355,82,64,30,4.6,10.4,0.44,1.5,3.5,0.414,3.1,6.9,0.454,0.511,1.4,1.7,0.861,0.7,3,3.8,2.1,1,0.2,1.5,3,12.1,2460,12.5,0.541,0.34,0.16,2.7,12,7.2,11.7,1.8,0.7,11.9,19.1,1.9,0.8,2.7,0.053,0.1,-1.6,-1.5,0.3
2013/2014,58679000,63372330.19,490180,Cleveland Cavaliers,6,CLE,Ohio,East,Central,33,49,0.402,98.2,101.5,-3.86,CJ Miles,SG,26,2225000,2440721,51,34,19.3,3.5,8,0.435,1.6,4.1,0.393,1.9,3.9,0.48,0.537,1.3,1.5,0.853,0.4,1.7,2,1,0.9,0.3,0.9,2,9.9,984,16,0.569,0.516,0.183,2,9.9,5.9,9.1,2.4,1.3,9.1,22,1.5,0.9,2.5,0.122,2,-1.2,0.7,0.7
2013/2014,58679000,63372330.19,490180,#N/A,#N/A,TOT,#N/A,#N/A,#N/A,#N/A,#N/A,#N/A,#N/A,#N/A,#N/A,Andre Miller,SG,37,5000000,5484766,58,2,16.9,1.8,4,0.459,0.2,0.4,0.524,1.6,3.6,0.452,0.483,1,1.3,0.779,0.5,1.8,2.2,3.4,0.6,0.2,1.1,1.3,4.9,982,13.9,0.534,0.091,0.333,3.1,11.7,7.4,29.2,1.7,0.7,18.7,14.5,1.4,0.8,2.2,0.108,-1.3,-0.4,-1.8,0.1
2013/2014,58679000,63372330.19,490180,Denver Nuggets,8,DEN,Colorado,West,Northwest,36,46,0.439,104.4,106.5,-1.4,Andre Miller,SG,37,5000000,5484766,30,2,19,2.2,4.8,0.458,0.3,0.6,0.5,1.9,4.2,0.452,0.49,1.2,1.6,0.745,0.5,1.9,2.4,3.3,0.5,0.2,1.1,1.1,5.9,570,13.4,0.534,0.125,0.326,3,10.8,6.9,25.8,1.3,0.9,16.7,14.7,0.8,0.3,1.1,0.091,-1,-0.6,-1.7,0.1
2013/2014,58679000,63372330.19,490180,Washington Wizards,30,WAS,Washington DC,East,Southeast,44,38,0.537,100.7,99.4,0.48,Andre Miller,SG,37,5000000,5484766,28,0,14.7,1.4,3.1,0.46,0.1,0.1,0.667,1.4,3,0.452,0.471,0.9,1.1,0.833,0.4,1.6,2,3.5,0.7,0.1,1,1.5,3.8,412,14.6,0.534,0.034,0.345,3.3,12.9,8,33.9,2.4,0.4,21.8,14.1,0.6,0.5,1.1,0.132,-1.8,-0.2,-2,0
2013/2014,58679000,63372330.19,490180,New Orleans Pelicans,19,NOP,Louisiana,West,Southwest,34,48,0.415,99.7,102.4,-1.98,Darius Miller,SF,23,788872,865355,45,7,16.1,1.6,3.7,0.44,0.6,1.7,0.325,1.1,2,0.539,0.515,0.6,0.8,0.806,0.2,1,1.2,1,0.5,0.2,0.5,2,4.4,723,9,0.55,0.464,0.217,1.4,7,4.2,8.7,1.7,1,10.8,12.8,0.6,0.2,0.8,0.055,-0.7,-1.7,-2.3,-0.1
2013/2014,58679000,63372330.19,490180,Memphis Grizzlies,15,MEM,Tennessee,West,Southwest,50,32,0.61,96.1,94.6,2.18,Mike Miller,SF,33,7599507,8336303,82,4,20.8,2.6,5.4,0.481,1.3,2.8,0.459,1.3,2.6,0.505,0.602,0.6,0.7,0.821,0.4,2.2,2.5,1.6,0.3,0.1,0.9,1.2,7.1,1707,12.5,0.619,0.526,0.126,2.1,12.3,7.2,11.5,0.8,0.2,14.1,14.7,2.6,1.4,3.9,0.111,1,-1,0.1,0.9
2013/2014,58679000,63372330.19,490180,Denver Nuggets,8,DEN,Colorado,West,Northwest,36,46,0.439,104.4,106.5,-1.4,Quincy Miller,PF,21,788872,865355,52,16,15.2,1.8,4.9,0.367,0.6,1.8,0.319,1.2,3.1,0.395,0.426,0.8,1.1,0.709,0.7,2.1,2.8,0.5,0.4,0.6,0.9,1.3,4.9,789,8.6,0.459,0.367,0.215,4.9,15.2,10.1,4.9,1.4,3,14.6,17.7,-0.7,0.7,0,0.002,-4.1,0.3,-3.8,-0.4
2013/2014,58679000,63372330.19,490180,San Antonio Spurs,27,SAS,Texas,West,Southwest,62,20,0.756,105.4,97.6,8,Patrick Mills,PG,25,1133950,1243890,81,2,18.9,3.8,8.2,0.464,1.7,3.9,0.425,2.1,4.3,0.5,0.565,0.9,1,0.89,0.4,1.7,2.1,1.8,0.8,0.1,0.8,1.4,10.2,1527,18.7,0.588,0.477,0.123,2.6,9.6,6.2,15.3,2.3,0.4,8.2,22.6,3.4,2.1,5.6,0.175,3.9,-0.6,3.3,2
2013/2014,58679000,63372330.19,490180,Atlanta Hawks,1,ATL,Georgia,East,Southeast,38,44,0.463,101,101.5,-0.88,Paul Millsap,PF,28,9500000,10421057,74,73,33.5,6.5,14.1,0.461,1,2.9,0.358,5.5,11.3,0.487,0.498,3.9,5.3,0.731,2.1,6.4,8.5,3.1,1.7,1.1,2.5,2.8,17.9,2482,19.8,0.545,0.202,0.373,7.2,21.9,14.6,16.2,2.6,2.5,13.2,25.7,2.7,4,6.7,0.129,0.7,2.4,3.1,3.2
2013/2014,58679000,63372330.19,490180,Detroit Pistons,9,DET,Michigan,East,Central,29,53,0.354,101,104.7,-4.13,Tony Mitchell,PF,21,490180,537704,21,0,3.8,0.2,0.6,0.417,0,0,1,0.2,0.5,0.364,0.458,0.5,0.9,0.579,0.7,0.5,1.2,0.1,0.3,0.1,0.2,0.4,1,79,18.1,0.54,0.083,1.583,19.7,16,18,3.4,3.8,3,16.4,13.2,0.1,0.1,0.2,0.151,-0.1,1.4,1.3,0.1
2013/2014,58679000,63372330.19,490180,Milwaukee Bucks,17,MIL,Wisconsin,East,Central,15,67,0.183,95.5,103.7,-8.41,Tony Mitchell,SF,24,490180,537704,3,0,3.3,1,1.7,0.6,0,0.3,0,1,1.3,0.75,0.6,0,0,,0.3,0,0.3,0.3,0.3,0,0,0,2,10,30.9,0.6,0.2,0,11.1,0,5.7,22.6,5.2,0,0,22.6,0,0,0.1,0.242,8.6,-2.1,6.5,0
2013/2014,58679000,63372330.19,490180,Chicago Bulls,5,CHI,Illinois,East,Central,48,34,0.585,93.7,91.8,1.2,Nazr Mohammed,C,36,1399507,1535193,80,1,7,0.7,1.6,0.429,0,0,,0.7,1.6,0.429,0.429,0.2,0.4,0.533,0.8,1.4,2.2,0.3,0.2,0.4,0.5,1,1.6,562,10.1,0.445,0,0.238,13.6,21.7,17.7,5.8,1.3,4.1,21,14.5,-0.4,1.2,0.8,0.07,-6,2.6,-3.3,-0.2
2013/2014,58679000,63372330.19,490180,Detroit Pistons,9,DET,Michigan,East,Central,29,53,0.354,101,104.7,-4.13,Greg Monroe,PF,23,4086453,4482648,82,82,32.8,6.1,12.4,0.497,0,0,0,6.1,12.4,0.497,0.497,2.9,4.5,0.657,3.1,6.1,9.3,2.1,1.1,0.6,2,2.5,15.2,2690,18.1,0.531,0.001,0.362,9.9,21.6,15.4,10.3,1.7,1.4,12.4,21.4,3.7,2.3,5.9,0.106,0,0.4,0.3,1.6
2013/2014,58679000,63372330.19,490180,Orlando Magic,22,ORL,Florida,East,Southeast,23,59,0.28,96.5,102,-5.88,E'Twaun Moore,SG,24,884293,970028,79,3,19.1,2.5,5.8,0.428,0.7,2,0.354,1.7,3.7,0.468,0.49,0.7,0.9,0.765,0.4,1.4,1.7,1.4,0.8,0.2,0.7,1.3,6.3,1506,11.1,0.513,0.353,0.149,2.2,8.1,5.1,11.8,2,0.7,10.2,16.4,0.6,1.1,1.7,0.055,-1.5,-0.8,-2.3,-0.1
2013/2014,58679000,63372330.19,490180,#N/A,#N/A,TOT,#N/A,#N/A,#N/A,#N/A,#N/A,#N/A,#N/A,#N/A,#N/A,Darius Morris,PG,23,944923,1036535,27,0,11.6,1.4,3.6,0.406,0.4,1.4,0.316,1,2.1,0.466,0.469,0.6,1,0.654,0.3,0.7,1,1.6,0.5,0,1,1.2,4,313,9.2,0.498,0.396,0.271,2.5,6.8,4.6,21.5,2.1,0,20.1,18.6,-0.1,0.2,0,0.006,-2.9,-2.9,-5.7,-0.3
2013/2014,58679000,63372330.19,490180,Philadelphia 76ers,23,PHI,Pennsylvania,East,Atlantic,19,63,0.232,99.5,109.9,-10.66,Darius Morris,PG,23,944923,1036535,12,0,16.1,2.4,5.6,0.433,0.8,2,0.417,1.6,3.6,0.442,0.507,1.3,1.8,0.714,0.3,0.8,1.1,2.6,0.7,0,1.6,1.8,6.9,193,11.9,0.544,0.358,0.313,1.6,5.8,3.6,25.4,2,0,19.9,20.9,0.1,0.1,0.1,0.027,-2.1,-4.4,-6.5,-0.2
2013/2014,58679000,63372330.19,490180,Los Angeles Clippers,13,LAC,California,West,Pacific,57,25,0.695,107.9,101,7.27,Darius Morris,PG,23,944923,1036535,10,0,5.4,0.4,1.3,0.308,0,0.7,0,0.4,0.6,0.667,0.308,0.1,0.2,0.5,0,0.5,0.5,0.5,0.2,0,0.2,0.9,0.9,54,1.5,0.324,0.538,0.154,0,9.9,5.1,12.5,1.9,0,12.6,13,-0.1,0.1,0,-0.041,-5.6,-0.6,-6.2,-0.1
2013/2014,58679000,63372330.19,490180,Memphis Grizzlies,15,MEM,Tennessee,West,Southwest,50,32,0.61,96.1,94.6,2.18,Darius Morris,PG,23,944923,1036535,5,0,13.2,1.2,3.2,0.375,0.4,1.4,0.286,0.8,1.8,0.444,0.438,0.2,0.6,0.333,0.8,0.8,1.6,1.6,0.6,0,1.2,0.6,3,66,7.9,0.433,0.438,0.188,7.2,7.2,7.2,17.4,2.4,0,25.7,16.3,-0.1,0.1,0,-0.016,-3,-0.2,-3.2,0
2013/2014,58679000,63372330.19,490180,Phoenix Suns,24,PHO,Arizona,West,Pacific,48,34,0.585,105.2,102.6,3.02,Marcus Morris,SF,24,2096760,2300047,82,1,22,3.5,7.9,0.442,1.2,3.2,0.381,2.3,4.8,0.483,0.518,1.5,1.9,0.761,1,2.9,3.9,1.1,0.9,0.2,1.2,1.9,9.7,1800,14.8,0.552,0.399,0.244,5.2,14.6,9.9,7.6,2,0.8,11.6,19.9,2.3,1.8,4.2,0.111,0.6,-0.5,0.2,1
2013/2014,58679000,63372330.19,490180,Phoenix Suns,24,PHO,Arizona,West,Pacific,48,34,0.585,105.2,102.6,3.02,Markieff Morris,PF,24,2207040,2421019,81,0,26.6,5.1,10.4,0.486,0.4,1.3,0.315,4.7,9.1,0.512,0.507,3.2,4,0.792,1.7,4.3,6,1.8,0.8,0.6,1.8,2.9,13.8,2153,18.4,0.564,0.128,0.387,7.3,18,12.6,10.9,1.6,1.8,12.9,23.2,4,2.4,6.4,0.143,0.5,0.4,1,1.6
2013/2014,58679000,63372330.19,490180,New Orleans Pelicans,19,NOP,Louisiana,West,Southwest,34,48,0.415,99.7,102.4,-1.98,Anthony Morrow,SG,28,1027424,1127036,76,9,18.8,3.1,6.8,0.458,1.2,2.6,0.451,2,4.3,0.462,0.542,0.9,1.1,0.828,0.4,1.5,1.8,0.8,0.5,0.2,0.7,1.3,8.4,1426,13.9,0.57,0.375,0.167,2.3,9.2,5.7,6.7,1.4,0.7,8.4,19.4,2.1,0.3,2.4,0.081,0.8,-3.1,-2.4,-0.1
2013/2014,58679000,63372330.19,490180,Houston Rockets,11,HOU,Texas,West,Southwest,54,28,0.659,107.7,103.1,5.06,Donatas Motiejunas,PF,23,1422720,1560657,62,3,15.4,2.1,4.8,0.443,0.3,1.4,0.25,1.8,3.4,0.519,0.478,0.9,1.5,0.604,1,2.7,3.6,0.5,0.3,0.3,0.8,2.1,5.5,952,10.7,0.504,0.284,0.324,7.4,18.2,13.1,5.5,1,1.6,12.7,17.8,0.3,1,1.4,0.069,-2.7,-0.8,-3.5,-0.4
2013/2014,58679000,63372330.19,490180,Philadelphia 76ers,23,PHI,Pennsylvania,East,Atlantic,19,63,0.232,99.5,109.9,-10.66,Arnett Moultrie,PF,23,1089240,1194845,12,2,15.6,1.3,3.2,0.421,0,0,,1.3,3.2,0.421,0.421,0.3,0.4,0.8,0.9,2,2.9,0.2,0.7,0.3,0.6,1.8,3,187,6.7,0.448,0,0.132,6.1,14.4,10.1,1.5,2.1,1.7,14.8,10.7,-0.1,0.1,0,0.007,-6.4,-0.5,-7,-0.2
2013/2014,58679000,63372330.19,490180,Denver Nuggets,8,DEN,Colorado,West,Northwest,36,46,0.439,104.4,106.5,-1.4,Timofey Mozgov,C,27,4400000,4826594,82,30,21.6,3.5,6.6,0.523,0,0.3,0.167,3.4,6.4,0.539,0.527,2.4,3.2,0.754,2.1,4.4,6.4,0.8,0.3,1.2,1.5,2.6,9.4,1770,16.7,0.584,0.044,0.477,10.4,21.9,16.1,5.5,0.7,4.2,15.6,18.8,2.6,1.9,4.5,0.123,-1.5,1,-0.5,0.7
2013/2014,58679000,63372330.19,490180,Minnesota Timberwolves,18,MIN,Minnesota,West,Northwest,40,42,0.488,106.9,104.3,3.1,Shabazz Muhammad,SG,21,1887120,2070082,37,0,7.8,1.5,3.4,0.46,0.1,0.3,0.273,1.5,3.1,0.478,0.472,0.7,1.1,0.65,0.6,0.8,1.4,0.2,0.2,0,0.4,0.6,3.9,290,13.1,0.505,0.089,0.323,8.8,11.2,10,3.4,1.4,0.3,10.2,23.1,0.1,0.2,0.3,0.053,-3.1,-3.1,-6.2,-0.3
2013/2014,58679000,63372330.19,490180,#N/A,#N/A,TOT,#N/A,#N/A,#N/A,#N/A,#N/A,#N/A,#N/A,#N/A,#N/A,Byron Mullens,C,24,947907,1031417.607,45,0,9.2,1.6,3.7,0.442,0.7,2,0.371,0.9,1.7,0.526,0.542,0.2,0.4,0.5,0.5,1.5,2,0.3,0.3,0.2,0.6,1.4,4.2,414,12.8,0.544,0.539,0.121,6.2,18.2,12.1,5.5,1.8,2.1,13.4,20.9,0.1,0.4,0.5,0.057,-1.5,-1.8,-3.3,-0.1
2013/2014,58679000,63372330.19,490180,Los Angeles Clippers,13,LAC,California,West,Pacific,57,25,0.695,107.9,101,7.27,Byron Mullens,C,24,947907,1031417.607,27,0,6.2,1,2.4,0.406,0.5,1.4,0.333,0.5,0.9,0.52,0.508,0.1,0.2,0.333,0.3,0.9,1.2,0.2,0.2,0.1,0.5,1.2,2.5,167,7.8,0.503,0.609,0.094,4.8,16.1,10.6,5.5,1.8,1.4,16.3,21.1,-0.2,0.2,0,0.012,-2.8,-1.3,-4.1,-0.1
2013/2014,58679000,63372330.19,490180,Philadelphia 76ers,23,PHI,Pennsylvania,East,Atlantic,19,63,0.232,99.5,109.9,-10.66,Byron Mullens,C,24,947907,1031417.607,18,0,13.7,2.6,5.6,0.465,1.1,2.8,0.4,1.5,2.8,0.529,0.564,0.4,0.8,0.571,0.9,2.4,3.3,0.4,0.5,0.4,0.8,1.7,6.8,247,16.1,0.569,0.495,0.139,7.2,19.6,13.1,5.5,1.8,2.6,11.6,20.8,0.2,0.2,0.4,0.087,-0.7,-2.1,-2.8,0
2013/2014,58679000,63372330.19,490180,Chicago Bulls,5,CHI,Illinois,East,Central,48,34,0.585,93.7,91.8,1.2,Erik Murphy,C,23,455580,499750,24,0,2.6,0.1,0.5,0.231,0,0.1,0,0.1,0.4,0.3,0.231,0,0,,0.1,0.3,0.3,0.1,0,0.2,0.1,0.3,0.3,62,0.2,0.231,0.231,0,3.7,10.8,7.3,4.9,0,5,13.3,11.2,-0.2,0.1,-0.1,-0.055,-9.8,1.8,-8.1,-0.1
2013/2014,58679000,63372330.19,490180,New York Knicks,20,NYK,New York,East,Atlantic,37,45,0.451,98.6,99.4,-1.4,Toure Murry,PG,24,490180,537704,51,0,7.3,1.1,2.5,0.434,0.1,0.2,0.417,1,2.3,0.436,0.453,0.5,0.8,0.59,0.3,0.6,0.9,1,0.4,0,0.7,0.9,2.7,373,11.1,0.479,0.093,0.302,4,10.1,6.9,21.5,2.7,0.2,18.9,22.5,-0.3,0.3,0,0.002,-3.4,-1.6,-4.9,-0.3
2013/2014,58679000,63372330.19,490180,Atlanta Hawks,1,ATL,Georgia,East,Southeast,38,44,0.463,101,101.5,-0.88,Mike Muscala,PF,22,161471,177126,20,0,10.8,1.6,3.7,0.425,0,0.2,0,1.6,3.5,0.443,0.425,0.7,0.7,1,0.9,1.8,2.6,0.4,0.2,0.5,0.6,1.5,3.8,215,10.8,0.48,0.041,0.192,9.2,18.7,14,5.2,0.7,3.7,13.2,19.3,-0.1,0.2,0.2,0.04,-5.6,-0.4,-6,-0.2
2013/2014,58679000,63372330.19,490180,Sacramento Kings,26,SAC,California,West,Pacific,28,54,0.341,100.5,103.4,-2.08,Hamady N'Diaye,C,27,#N/A,#N/A,14,0,5.3,0.2,0.6,0.333,0,0,,0.2,0.6,0.333,0.333,0,0.1,0,0.4,0.9,1.3,0.2,0,0.3,0.2,1.1,0.4,74,2.9,0.318,0,0.111,7.5,20.1,13.7,5.6,0,4.4,24.1,7.4,-0.1,0.1,0,-0.008,-6.7,2.1,-4.6,0
2013/2014,58679000,63372330.19,490180,Los Angeles Lakers,14,LAL,California,West,Pacific,27,55,0.329,103,109.2,-5.33,Steve Nash,PG,39,9300500,10202214,15,10,20.9,2.4,6.3,0.383,0.5,1.6,0.333,1.9,4.7,0.4,0.426,1.5,1.6,0.917,0.3,1.7,1.9,5.7,0.5,0.1,2.1,1.2,6.8,313,12.2,0.488,0.255,0.255,1.4,8.5,4.9,40.3,1.1,0.5,22.9,18.9,0.1,0,0.1,0.017,-2.5,-3.7,-6.2,-0.3
2013/2014,58679000,63372330.19,490180,#N/A,#N/A,TOT,#N/A,#N/A,#N/A,#N/A,#N/A,#N/A,#N/A,#N/A,#N/A,Gary Neal,SG,29,3250000,3565098,52,3,21.4,3.7,9.1,0.41,1.3,3.5,0.378,2.4,5.6,0.43,0.482,1.8,2,0.895,0.2,1.5,1.7,1.6,0.3,0,1.2,1.3,10.5,1114,12.5,0.53,0.382,0.223,1,8.3,4.6,13,0.8,0,11,23.8,0.6,0.3,1,0.041,-0.6,-4,-4.6,-0.7
2013/2014,58679000,63372330.19,490180,Milwaukee Bucks,17,MIL,Wisconsin,East,Central,15,67,0.183,95.5,103.7,-8.41,Gary Neal,SG,29,3250000,3565098,30,2,20.2,3.6,9.2,0.39,1.3,3.7,0.36,2.3,5.5,0.41,0.462,1.5,1.8,0.833,0.3,1.4,1.7,1.5,0.2,0,1.3,0.9,10,607,11.2,0.5,0.401,0.195,1.5,8.2,4.7,13.4,0.6,0,11.5,25.3,0,-0.1,-0.2,-0.012,-1.3,-5.4,-6.8,-0.7
2013/2014,58679000,63372330.19,490180,Charlotte Bobcats,4,CHA,North Carolina,East,Southeast,43,39,0.524,96.9,97.1,-0.89,Gary Neal,SG,29,3250000,3565098,22,1,23,3.9,8.8,0.438,1.3,3.1,0.406,2.6,5.7,0.456,0.51,2.2,2.3,0.961,0.1,1.7,1.8,1.7,0.5,0,1.1,1.8,11.2,507,14,0.571,0.356,0.263,0.4,8.5,4.5,12.6,1.1,0,10.4,22,0.6,0.5,1.1,0.105,0.2,-2.2,-2,0
2013/2014,58679000,63372330.19,490180,Golden State Warriors,10,GSW,California,West,Pacific,51,31,0.622,104.3,99.5,5.15,Nemanja Nedovic,SG,22,1056720,1159172,24,0,5.9,0.3,1.6,0.205,0.1,0.8,0.167,0.2,0.9,0.238,0.244,0.3,0.3,0.875,0.1,0.5,0.6,0.5,0,0,0.5,0.5,1.1,142,-1.7,0.306,0.462,0.205,2.3,9.1,5.8,12.1,0,0.5,23.4,17.2,-0.5,0.1,-0.4,-0.132,-8.9,-1.6,-10.6,-0.3
2013/2014,58679000,63372330.19,490180,Orlando Magic,22,ORL,Florida,East,Southeast,23,59,0.28,96.5,102,-5.88,Jameer Nelson,PG,31,8600000,9433798,68,68,32,4.3,11,0.394,2,5.8,0.348,2.3,5.2,0.444,0.485,1.4,1.6,0.857,0.4,3,3.4,7,0.8,0.1,2.4,2.1,12.1,2179,13.9,0.515,0.523,0.15,1.5,10.5,6,35.1,1.2,0.2,17.3,20.1,1.6,1.2,2.8,0.062,1.1,-2.2,-1.1,0.5
2013/2014,58679000,63372330.19,490180,Orlando Magic,22,ORL,Florida,East,Southeast,23,59,0.28,96.5,102,-5.88,Andrew Nicholson,PF,24,1482000,1625684,76,5,15.4,2.4,5.5,0.429,0.4,1.2,0.315,2,4.4,0.459,0.462,0.6,0.8,0.825,0.7,2.7,3.4,0.3,0.2,0.3,0.7,2,5.7,1174,9.9,0.489,0.212,0.136,5.1,19.5,12.3,3.5,0.8,1.5,10.3,19.3,-0.4,1,0.6,0.025,-4.7,-2,-6.7,-1.4
2013/2014,58679000,63372330.19,490180,Chicago Bulls,5,CHI,Illinois,East,Central,48,34,0.585,93.7,91.8,1.2,Joakim Noah,C,28,11600000,12724659,80,80,35.3,4.8,10,0.475,0,0,0,4.8,10,0.476,0.475,3.1,4.2,0.737,3.5,7.7,11.3,5.4,1.2,1.5,2.4,3.1,12.6,2820,20,0.531,0.003,0.419,11.6,24.5,18.2,26.4,1.9,3.3,17,18.7,4.5,6.6,11.2,0.19,1.1,5.5,6.6,6.1
2013/2014,58679000,63372330.19,490180,Toronto Raptors,28,TOR,Ontario,East,Atlantic,48,34,0.585,101.3,98,2.55,Steve Novak,PF,30,3750001,4113576,54,1,10,1.1,2.7,0.411,1,2.3,0.426,0.1,0.4,0.333,0.589,0.1,0.1,1,0.1,0.9,1.1,0.2,0.2,0.1,0.1,0.8,3.3,540,11.1,0.599,0.836,0.041,1.7,10.8,6.3,3.8,1.2,0.6,3.3,12.9,1,0.5,1.4,0.127,1.1,-1.7,-0.5,0.2
2013/2014,58679000,63372330.19,490180,Dallas Mavericks,7,DAL,Texas,West,Southwest,49,33,0.598,104.8,102.4,2.91,Dirk Nowitzki,PF,35,22721381,24924295,80,80,32.9,7.9,15.9,0.497,1.6,4.1,0.398,6.3,11.8,0.532,0.549,4.2,4.7,0.899,0.5,5.7,6.2,2.7,0.9,0.6,1.5,2.1,21.7,2628,23.6,0.603,0.258,0.295,1.8,20,10.9,14.2,1.4,1.4,7.5,26.9,8.6,2.3,10.9,0.199,4.1,-0.8,3.3,3.5
2013/2014,58679000,63372330.19,490180,#N/A,#N/A,TOT,#N/A,#N/A,#N/A,#N/A,#N/A,#N/A,#N/A,#N/A,#N/A,James Nunnally,SF,23,57668,63259,13,0,12.7,1.2,3.5,0.326,0.6,1.9,0.32,0.5,1.6,0.333,0.413,0.5,0.7,0.667,0.1,1.4,1.5,0.6,0.5,0.2,0.5,0.8,3.4,165,6.1,0.44,0.543,0.196,0.7,12.4,6.4,7,1.8,1,12.3,15.1,-0.2,0.1,-0.1,-0.021,-5.2,-1.8,-7,-0.2
2013/2014,58679000,63372330.19,490180,Atlanta Hawks,1,ATL,Georgia,East,Southeast,38,44,0.463,101,101.5,-0.88,James Nunnally,SF,23,57668,63259,4,0,13.5,1.5,4.5,0.333,0.8,2.5,0.3,0.8,2,0.375,0.417,0.8,1,0.75,0.3,1.8,2,0.5,0.3,0.3,1,0.5,4.5,54,6.2,0.455,0.556,0.222,2.2,14.9,8.6,5.6,0.9,1.5,16.8,20,-0.1,0,-0.1,-0.055,-5.9,-2.2,-8.1,-0.1
2013/2014,58679000,63372330.19,490180,Philadelphia 76ers,23,PHI,Pennsylvania,East,Atlantic,19,63,0.232,99.5,109.9,-10.66,James Nunnally,SF,23,57668,63259,9,0,12.3,1,3.1,0.321,0.6,1.7,0.333,0.4,1.4,0.308,0.411,0.3,0.6,0.6,0,1.2,1.2,0.7,0.6,0.1,0.3,1,2.9,111,6.1,0.43,0.536,0.179,0,11.1,5.4,7.7,2.2,0.7,9,12.7,-0.1,0.1,0,-0.005,-4.8,-1.6,-6.4,-0.1
2013/2014,58679000,63372330.19,490180,Golden State Warriors,10,GSW,California,West,Pacific,51,31,0.622,104.3,99.5,5.15,Jermaine O'Neal,PF,35,2000000,2193906,44,13,20.1,2.8,5.6,0.504,0,0,,2.8,5.6,0.504,0.504,2.3,3,0.75,1.9,3.6,5.5,0.6,0.3,0.9,1.2,2.3,7.9,883,15.3,0.57,0,0.532,10.7,19.1,15,4.2,0.8,3.4,14.5,17.8,1.3,1.4,2.7,0.146,-2.5,1.2,-1.3,0.2
2013/2014,58679000,63372330.19,490180,Orlando Magic,22,ORL,Florida,East,Southeast,23,59,0.28,96.5,102,-5.88,Kyle O'Quinn,C,23,788872,865355,69,19,17.2,2.7,5.4,0.501,0,0,0,2.7,5.3,0.505,0.501,0.8,1.2,0.687,1.4,3.8,5.3,1.1,0.6,1.3,1.1,2.4,6.2,1188,16.5,0.526,0.008,0.224,9.5,25.2,17.3,10.9,1.7,5.8,16.1,18.6,0.5,2,2.5,0.101,-3.1,3.6,0.5,0.7
2013/2014,58679000,63372330.19,490180,Miami Heat,16,MIA,Florida,East,Southeast,54,28,0.659,102.2,97.4,4.15,Greg Oden,C,26,1027424,1127036,23,6,9.2,1.2,2.1,0.551,0,0,,1.2,2.1,0.551,0.551,0.6,1,0.565,1,1.3,2.3,0,0.3,0.6,0.5,2.3,2.9,212,12.4,0.567,0,0.469,14.2,17.7,16,0.7,1.7,5.3,16.9,16,0.2,0.3,0.5,0.119,-3.3,-0.3,-3.6,-0.1
2013/2014,58679000,63372330.19,490180,Orlando Magic,22,ORL,Florida,East,Southeast,23,59,0.28,96.5,102,-5.88,Victor Oladipo,PG,21,4763760,5225622,80,44,31.1,4.9,11.7,0.419,0.9,2.8,0.327,4,8.9,0.448,0.458,3.1,4,0.78,0.5,3.6,4.1,4.1,1.6,0.5,3.2,2.6,13.8,2487,13.6,0.514,0.241,0.34,1.9,13.1,7.5,21.9,2.7,1.2,19.2,24.4,-1.4,2.8,1.3,0.026,-1.6,0.8,-0.8,0.7
2013/2014,58679000,63372330.19,490180,Boston Celtics,2,BOS,Massachusetts,East,Atlantic,25,57,0.305,96.2,100.7,-4.97,Kelly Olynyk,C,22,1986360,2178944,70,9,20,3.3,7.2,0.466,0.6,1.6,0.351,2.8,5.5,0.5,0.506,1.4,1.7,0.811,2,3.2,5.2,1.6,0.5,0.4,1.5,3.2,8.7,1400,15.2,0.546,0.227,0.243,11,18.8,14.8,13.1,1.3,1.5,16,21,1.5,1.4,2.9,0.101,0.3,0.2,0.5,0.9
2013/2014,58679000,63372330.19,490180,#N/A,#N/A,TOT,#N/A,#N/A,#N/A,#N/A,#N/A,#N/A,#N/A,#N/A,#N/A,Arinze Onuaku,PF,26,106776,117128,5,0,6,0.2,1,0.2,0,0,,0.2,1,0.2,0.2,0.2,0.4,0.5,0.4,1.2,1.6,0.6,0,0,0.2,0.6,0.6,30,3.8,0.255,0,0.4,7.6,23.5,15.4,13.5,0,0,14.5,10.4,0,0,0,-0.044,-6.8,-1.6,-8.4,0
2013/2014,58679000,63372330.19,490180,New Orleans Pelicans,19,NOP,Louisiana,West,Southwest,34,48,0.415,99.7,102.4,-1.98,Arinze Onuaku,PF,26,106776,117128,3,0,8.3,0.3,1.3,0.25,0,0,,0.3,1.3,0.25,0.25,0.3,0.7,0.5,0.7,1.7,2.3,1,0,0,0.3,1,1,25,5.6,0.307,0,0.5,9.2,23.6,16.3,16.2,0,0,17,10.7,0,0,0,-0.016,-5.2,-1.2,-6.4,0
2013/2014,58679000,63372330.19,490180,Cleveland Cavaliers,6,CLE,Ohio,East,Central,33,49,0.402,98.2,101.5,-3.86,Arinze Onuaku,PF,26,106776,117128,2,0,2.5,0,0.5,0,0,0,,0,0.5,0,0,0,0,,0,0.5,0.5,0,0,0,0,0,0,5,-5.3,0,0,0,0,23,11.2,0,0,0,0,8.9,0,0,0,-0.179,-14.8,-3.4,-18.2,0
2013/2014,58679000,63372330.19,490180,Philadelphia 76ers,23,PHI,Pennsylvania,East,Atlantic,19,63,0.232,99.5,109.9,-10.66,Daniel Orton,C,23,369322,405129,22,4,11.4,1,2.1,0.447,0,0,,1,2.1,0.447,0.447,1,1.4,0.767,0.7,2,2.8,0.7,0.3,0.7,0.8,1.7,3,251,10.5,0.54,0,0.638,6.6,20.2,13.1,8.5,1.2,5.1,23,13.2,0,0.2,0.3,0.049,-5.7,1.6,-4.1,-0.1
2013/2014,58679000,63372330.19,490180,Sacramento Kings,26,SAC,California,West,Pacific,28,54,0.341,100.5,103.4,-2.08,Travis Outlaw,SF,29,3000000,3264300,63,4,16.9,2.1,5.2,0.399,0.7,1.9,0.35,1.4,3.3,0.426,0.462,0.7,0.8,0.808,0.6,2.1,2.7,0.8,0.3,0.3,0.4,1.5,5.4,1065,10.4,0.492,0.359,0.16,3.8,14.2,8.9,7,1,1.4,6.9,15.5,0.8,0.6,1.4,0.062,-1.6,-0.9,-2.5,-0.1
2013/2014,58679000,63372330.19,490180,Milwaukee Bucks,17,MIL,Wisconsin,East,Central,15,67,0.183,95.5,103.7,-8.41,Zaza Pachulia,C,29,5200000,5704157,53,43,25,2.8,6.6,0.427,0,0,0,2.8,6.6,0.428,0.427,2.1,2.5,0.846,2.7,3.6,6.3,2.6,0.8,0.3,1.7,2.3,7.7,1325,14,0.502,0.003,0.372,11.8,17.1,14.4,16.3,1.8,0.9,18.5,17,1,0.7,1.7,0.06,-1,0.3,-0.7,0.4
2013/2014,58679000,63372330.19,490180,Charlotte Bobcats,4,CHA,North Carolina,East,Southeast,43,39,0.524,96.9,97.1,-0.89,Jannero Pargo,PG,34,1399507,1535193,29,0,8.3,1.8,4.1,0.441,0.8,2.1,0.4,1,2,0.483,0.542,0.3,0.4,0.727,0,0.7,0.7,1.8,0.5,0,0.9,0.6,4.7,242,18.9,0.554,0.508,0.093,0.5,8.9,4.7,40.3,3,0.3,17.5,28.4,0.2,0.4,0.5,0.105,3.1,-2.2,0.9,0.2
2013/2014,58679000,63372330.19,490180,San Antonio Spurs,27,SAS,Texas,West,Southwest,62,20,0.756,105.4,97.6,8,Tony Parker,PG,31,12500000,13711917,68,68,29.4,6.7,13.4,0.499,0.4,1,0.373,6.3,12.5,0.509,0.513,2.9,3.6,0.811,0.3,2,2.3,5.7,0.5,0.1,2.2,1.3,16.7,1997,18.9,0.555,0.073,0.266,1,7.5,4.4,31.7,0.9,0.3,12.9,26.5,3.9,1.9,5.9,0.141,1.3,-1.8,-0.5,0.8
2013/2014,58679000,63372330.19,490180,Houston Rockets,11,HOU,Texas,West,Southwest,54,28,0.659,107.7,103.1,5.06,Chandler Parsons,SF,25,926500,1016327,74,74,37.6,6.3,13.3,0.472,1.8,4.7,0.37,4.5,8.6,0.528,0.538,2.2,3,0.742,0.9,4.6,5.5,4,1.2,0.4,1.9,2.3,16.6,2783,15.9,0.565,0.356,0.224,2.9,12.8,8.2,17.3,1.6,0.8,11.7,19.3,5.1,2.5,7.6,0.131,2.2,0.4,2.6,3.2
2013/2014,58679000,63372330.19,490180,#N/A,#N/A,TOT,#N/A,#N/A,#N/A,#N/A,#N/A,#N/A,#N/A,#N/A,#N/A,Patrick Patterson,PF,24,3105301,3406370,65,13,23.6,3.5,7.5,0.46,0.8,2.3,0.364,2.6,5.2,0.503,0.516,0.8,1.1,0.704,1.8,3.5,5.3,1.2,0.8,0.6,1,2.4,8.5,1533,14.6,0.533,0.309,0.145,8.8,17.1,12.9,8.5,1.9,1.9,11.1,17.2,1.8,2,3.8,0.118,0.4,1.1,1.5,1.3
2013/2014,58679000,63372330.19,490180,Sacramento Kings,26,SAC,California,West,Pacific,28,54,0.341,100.5,103.4,-2.08,Patrick Patterson,PF,24,3105301,3406370,17,6,24.4,2.9,7.2,0.41,0.5,2.3,0.231,2.4,4.9,0.494,0.447,0.5,0.9,0.563,2,3.8,5.8,0.9,0.8,0.2,0.9,2.3,6.9,415,10.3,0.457,0.32,0.131,9.1,17.9,13.5,5.6,1.6,0.6,11,15.4,0,0.3,0.4,0.042,-1.8,-0.3,-2.1,0
2013/2014,58679000,63372330.19,490180,Toronto Raptors,28,TOR,Ontario,East,Atlantic,48,34,0.585,101.3,98,2.55,Patrick Patterson,PF,24,3105301,3406370,48,7,23.3,3.6,7.6,0.477,1,2.3,0.411,2.7,5.3,0.506,0.54,0.9,1.1,0.745,1.7,3.3,5.1,1.3,0.9,0.7,1,2.5,9.1,1118,16.2,0.559,0.305,0.15,8.6,16.8,12.7,9.5,2,2.4,11.1,17.9,1.8,1.6,3.4,0.147,1.2,1.7,2.8,1.4
2013/2014,58679000,63372330.19,490180,Los Angeles Clippers,13,LAC,California,West,Pacific,57,25,0.695,107.9,101,7.27,Chris Paul,PG,28,18668431,20478398,62,62,35,6.5,14,0.467,1.3,3.4,0.368,5.3,10.6,0.498,0.511,4.8,5.6,0.855,0.6,3.7,4.3,10.7,2.5,0.1,2.3,2.5,19.1,2171,25.9,0.58,0.244,0.397,2,11.4,6.9,48.9,3.5,0.1,12.4,23.7,9,3.2,12.2,0.27,6.8,0.6,7.4,5.2
2013/2014,58679000,63372330.19,490180,Minnesota Timberwolves,18,MIN,Minnesota,West,Northwest,40,42,0.488,106.9,104.3,3.1,Nikola Pekovic,C,28,12100000,13273135,54,54,30.8,7,13,0.541,0,0,,7,13,0.541,0.541,3.4,4.6,0.747,3.8,4.9,8.7,0.9,0.6,0.4,1.6,2.4,17.5,1663,20.7,0.582,0,0.355,13.1,17.6,15.3,5.2,0.9,1.1,9.4,22.9,4.3,1.5,5.9,0.169,1.4,-1.2,0.2,0.9
2013/2014,58679000,63372330.19,490180,Oklahoma City Thunder,21,OKC,Oklahoma,West,Northwest,59,23,0.72,106.2,99.8,6.66,Kendrick Perkins,C,29,8477437,9299353,62,62,19.5,1.4,3.1,0.451,0,0,0,1.4,3.1,0.453,0.451,0.6,1.1,0.552,1.3,3.6,4.9,1.1,0.4,0.5,1.5,2.9,3.4,1207,6.3,0.474,0.005,0.347,8,19.9,14.2,7.6,1.1,2.2,28.8,11.5,-0.9,1.7,0.8,0.031,-4.7,2.1,-2.7,-0.2
2013/2014,58679000,63372330.19,490180,Brooklyn Nets,3,BRK,New York,East,Atlantic,44,38,0.537,98.5,99.5,-1.58,Paul Pierce,SF,36,15333334,16819952,75,68,28,4.3,9.5,0.451,1.5,4,0.373,2.8,5.5,0.507,0.529,3.4,4.1,0.826,0.3,4.3,4.6,2.4,1.1,0.4,2,2.5,13.5,2098,16.8,0.595,0.421,0.435,1.5,18.3,9.9,14.5,2.2,1.2,15.3,22.4,2.9,2.3,5.2,0.119,1.3,0.2,1.5,1.8
2013/2014,58679000,63372330.19,490180,Atlanta Hawks,1,ATL,Georgia,East,Southeast,38,44,0.463,101,101.5,-0.88,Dexter Pittman,C,25,107776,118224,2,0,1.5,0,0.5,0,0,0,,0,0.5,0,0,0,1,0,1.5,0,1.5,0,0,0,0,0,0,3,13.1,0,0,2,100,0,57.9,0,0,0,0,28.5,0,0,0,-0.18,-5.4,-17.3,-22.7,0
2013/2014,58679000,63372330.19,490180,Brooklyn Nets,3,BRK,New York,East,Atlantic,44,38,0.537,98.5,99.5,-1.58,Mason Plumlee,C,23,1298640,1424547,70,22,18.2,2.8,4.3,0.659,0,0,0,2.8,4.3,0.666,0.659,1.7,2.8,0.626,1.4,3,4.4,0.9,0.7,0.8,1.1,2.4,7.4,1275,19,0.67,0.01,0.646,9.3,19.6,14.5,8.1,2,3.6,16.6,17.1,3,1.7,4.7,0.176,0.5,1.9,2.4,1.4
2013/2014,58679000,63372330.19,490180,Phoenix Suns,24,PHO,Arizona,West,Pacific,48,34,0.585,105.2,102.6,3.02,Miles Plumlee,C,25,1121520,1230255,80,79,24.6,3.6,6.9,0.517,0,0,,3.6,6.9,0.517,0.517,0.9,1.7,0.561,2.5,5.4,7.8,0.5,0.6,1.1,1.4,2.3,8.1,1964,14.6,0.529,0,0.239,11.3,24.4,17.9,3.3,1.3,3.5,15.4,16.2,1.2,2.8,4,0.098,-2.8,1.3,-1.5,0.2
2013/2014,58679000,63372330.19,490180,Memphis Grizzlies,15,MEM,Tennessee,West,Southwest,50,32,0.61,96.1,94.6,2.18,Quincy Pondexter,SG,25,2225478,2441245,15,2,18,2.1,5.3,0.392,0.7,2.3,0.324,1.3,3,0.444,0.462,1.4,1.7,0.808,0.7,1.1,1.7,1.3,0.3,0.1,1,1.2,6.3,270,10.3,0.52,0.43,0.329,4.4,7,5.7,11,1,0.3,14.2,18,0.2,0.2,0.4,0.063,-0.7,-1.9,-2.6,0
2013/2014,58679000,63372330.19,490180,Washington Wizards,30,WAS,Washington DC,East,Southeast,44,38,0.537,100.7,99.4,0.48,Otto Porter,SF,20,4278000,4692766,37,0,8.6,0.9,2.5,0.363,0.1,0.6,0.19,0.8,1.9,0.414,0.385,0.2,0.3,0.667,0.6,1,1.5,0.3,0.2,0,0.4,0.7,2.1,319,6,0.405,0.231,0.132,7.5,13.3,10.4,4.6,1.3,0.3,12.7,15.6,-0.4,0.3,0,-0.006,-5.4,-1.4,-6.8,-0.4
2013/2014,58679000,63372330.19,490180,Houston Rockets,11,HOU,Texas,West,Southwest,54,28,0.659,107.7,103.1,5.06,Josh Powell,PF,31,#N/A,#N/A,1,0,19,2,6,0.333,0,0,,2,6,0.333,0.333,0,0,,0,5,5,0,0,1,1,1,4,19,2.5,0.333,0,0,0,27.7,14.6,0,0,3.9,14.3,16.1,-0.1,0,0,-0.094,-13.5,-3,-16.4,-0.1
2013/2014,58679000,63372330.19,490180,Boston Celtics,2,BOS,Massachusetts,East,Atlantic,25,57,0.305,96.2,100.7,-4.97,Phil Pressey,PG,22,490180,537704,75,11,15.1,1,3.4,0.308,0.4,1.4,0.264,0.7,2,0.34,0.364,0.4,0.6,0.644,0.3,1.1,1.4,3.2,0.9,0.1,1.2,1.3,2.8,1132,8.8,0.39,0.419,0.178,1.9,8.8,5.3,30.8,3.1,0.3,24.2,14.1,-1,1.1,0.1,0.005,-3.7,-0.6,-4.4,-0.7
2013/2014,58679000,63372330.19,490180,Minnesota Timberwolves,18,MIN,Minnesota,West,Northwest,40,42,0.488,106.9,104.3,3.1,AJ Price,SG,27,947907,1039809,28,0,3.5,0.7,1.6,0.413,0.2,0.8,0.273,0.5,0.9,0.542,0.478,0,0.1,0,0,0.3,0.4,0.5,0,0,0.3,0.2,1.6,99,9.7,0.469,0.478,0.043,1.1,10.2,5.5,21.5,0.5,0,13,23.2,-0.1,0,0,-0.012,-2.1,-3.9,-6,-0.1
2013/2014,58679000,63372330.19,490180,Orlando Magic,22,ORL,Florida,East,Southeast,23,59,0.28,96.5,102,-5.88,Ronnie Price,SG,30,1265977,1388717,31,2,12.2,0.9,3,0.304,0.3,1.4,0.209,0.6,1.6,0.388,0.353,0.3,0.4,0.692,0.3,1.1,1.4,2.1,0.8,0.1,0.8,1.6,2.4,377,7.6,0.379,0.467,0.141,2.4,10.5,6.5,25.6,3.4,0.4,21,15,-0.5,0.4,-0.1,-0.007,-4,0.2,-3.8,-0.2
2013/2014,58679000,63372330.19,490180,New York Knicks,20,NYK,New York,East,Atlantic,37,45,0.451,98.6,99.4,-1.4,Pablo Prigioni,PG,36,1591350,1745636,66,27,19.4,1.3,2.9,0.461,1,2.1,0.464,0.3,0.8,0.451,0.631,0.2,0.2,0.917,0.5,1.4,2,3.5,1,0,0.9,2,3.8,1283,13,0.642,0.733,0.063,3.2,8.8,5.9,25.6,2.8,0.1,23.4,9.3,2.5,0.9,3.4,0.127,1.5,-0.9,0.6,0.8
2013/2014,58679000,63372330.19,490180,Memphis Grizzlies,15,MEM,Tennessee,West,Southwest,50,32,0.61,96.1,94.6,2.18,Tayshaun Prince,SF,33,7235955,7937505,76,76,25.6,2.6,6.5,0.407,0.3,0.9,0.29,2.4,5.6,0.426,0.427,0.4,0.8,0.567,0.4,2.7,3.1,1.6,0.5,0.3,0.5,0.8,6,1948,8.2,0.438,0.14,0.122,1.9,12.3,7.1,8.9,1.1,0.8,7.3,13.3,-0.2,1.8,1.5,0.038,-3.1,0.6,-2.6,-0.3
2013/2014,58679000,63372330.19,490180,Milwaukee Bucks,17,MIL,Wisconsin,East,Central,15,67,0.183,95.5,103.7,-8.41,Miroslav Raduljica,C,26,490180,537704,48,2,9.7,1.4,2.6,0.54,0,0,,1.4,2.6,0.54,0.54,0.9,1.1,0.818,1.1,1.1,2.3,0.5,0.1,0.3,0.6,1.8,3.8,465,15.3,0.603,0,0.437,12.9,13.7,13.3,8.3,0.8,2.3,15.7,17.3,1,0.1,1.1,0.112,-0.6,-1.8,-2.3,0
2013/2014,58679000,63372330.19,490180,Denver Nuggets,8,DEN,Colorado,West,Northwest,36,46,0.439,104.4,106.5,-1.4,Anthony Randolph,PF,24,1750000,1919668,43,5,12.3,1.6,4.1,0.386,0.4,1.4,0.295,1.2,2.7,0.435,0.438,1.2,1.6,0.754,0.5,2.4,2.8,0.7,0.6,0.4,0.9,1.5,4.8,527,12.2,0.499,0.347,0.392,4.1,21,12.5,9.1,2.4,2.7,15.9,19.8,-0.1,0.7,0.6,0.055,-3.1,1.3,-1.8,0
2013/2014,58679000,63372330.19,490180,Phoenix Suns,24,PHO,Arizona,West,Pacific,48,34,0.585,105.2,102.6,3.02,Shavlik Randolph,PF,30,306036,335707,14,0,6.8,0.5,1,0.5,0,0,,0.5,1,0.5,0.5,0.4,0.8,0.545,0.5,1.3,1.8,0.1,0.2,0.1,0.4,1.1,1.4,95,7.7,0.531,0,0.786,8.3,21.2,14.8,1.4,1.6,0.8,21,11,0,0.1,0.1,0.06,-4.7,-0.6,-5.3,-0.1
2013/2014,58679000,63372330.19,490180,Memphis Grizzlies,15,MEM,Tennessee,West,Southwest,50,32,0.61,96.1,94.6,2.18,Zach Randolph,PF,32,17800000,19525770,79,79,34.2,7.1,15.2,0.467,0,0.3,0.1,7.1,14.9,0.474,0.468,3.2,4.3,0.742,3.4,6.7,10.1,2.5,0.7,0.3,2.3,2.7,17.4,2705,18.3,0.51,0.017,0.281,11.6,23.3,17.4,12.7,1.1,0.7,12,26.1,2.9,3.5,6.4,0.113,0.1,0.4,0.4,1.7
2013/2014,58679000,63372330.19,490180,Los Angeles Clippers,13,LAC,California,West,Pacific,57,25,0.695,107.9,101,7.27,JJ Redick,SG,29,6500000,7130196,35,34,28.2,5.2,11.4,0.455,2.1,5.3,0.395,3.1,6.1,0.507,0.546,2.8,3,0.915,0.3,1.9,2.1,2.2,0.8,0.1,1.2,1.9,15.2,987,16.6,0.598,0.465,0.266,1,7.1,4.2,12.6,1.4,0.2,8.6,21.8,2.3,0.7,3,0.147,2.9,-2.1,0.8,0.7
2013/2014,58679000,63372330.19,490180,Washington Wizards,30,WAS,Washington DC,East,Southeast,44,38,0.537,100.7,99.4,0.48,Glen Rice Jr,SG,23,490180,537704,11,1,9.9,1,3.4,0.297,0.5,1.5,0.294,0.5,1.8,0.3,0.365,0.5,0.6,0.714,0.4,1.5,1.8,0.6,0.5,0.1,0.8,0.6,2.9,109,6.6,0.399,0.459,0.189,4.2,17.3,10.6,9.3,2.8,0.8,18.3,20.3,-0.3,0.2,-0.1,-0.043,-5.9,0,-5.8,-0.1
2013/2014,58679000,63372330.19,490180,#N/A,#N/A,TOT,#N/A,#N/A,#N/A,#N/A,#N/A,#N/A,#N/A,#N/A,#N/A,Luke Ridnour,PG,32,4320000,4738838,61,14,18.7,2.1,5.4,0.385,0.6,1.8,0.343,1.5,3.6,0.406,0.442,0.3,0.4,0.654,0.4,1.2,1.6,2.9,0.5,0.1,1.1,1.5,5,1141,9,0.452,0.33,0.08,2.2,7.6,4.8,24.3,1.5,0.6,16.3,16.1,-0.3,0.4,0.1,0.005,-2.7,-2.4,-5.1,-0.9
2013/2014,58679000,63372330.19,490180,Milwaukee Bucks,17,MIL,Wisconsin,East,Central,15,67,0.183,95.5,103.7,-8.41,Luke Ridnour,PG,32,4320000,4738838,36,12,21.2,2.3,6.1,0.384,0.7,1.9,0.368,1.6,4.2,0.391,0.441,0.4,0.5,0.684,0.4,1.3,1.7,3.4,0.6,0.1,1.3,1.5,5.7,763,9.1,0.453,0.311,0.087,2.2,7.3,4.7,25.3,1.6,0.2,16.8,16.2,-0.2,0,-0.1,-0.008,-2.5,-3.2,-5.7,-0.7
2013/2014,58679000,63372330.19,490180,Charlotte Bobcats,4,CHA,North Carolina,East,Southeast,43,39,0.524,96.9,97.1,-0.89,Luke Ridnour,PG,32,4320000,4738838,25,2,15.1,1.7,4.3,0.389,0.5,1.6,0.3,1.2,2.7,0.441,0.444,0.2,0.3,0.571,0.3,1.1,1.4,2.2,0.4,0.2,0.8,1.5,4,378,8.6,0.45,0.37,0.065,2.4,8.1,5.2,22.4,1.2,1.3,15.3,16,-0.2,0.4,0.2,0.03,-3,-0.8,-3.8,-0.2
2013/2014,58679000,63372330.19,490180,New Orleans Pelicans,19,NOP,Louisiana,West,Southwest,34,48,0.415,99.7,102.4,-1.98,Austin Rivers,PG,21,2339040,2565817,69,4,19.4,2.8,6.9,0.405,0.5,1.4,0.364,2.3,5.4,0.416,0.443,1.6,2.5,0.636,0.4,1.5,1.9,2.3,0.7,0.1,1.1,1.9,7.7,1339,11.6,0.482,0.209,0.365,2.2,9.1,5.6,18.7,1.8,0.6,12.3,21.3,0.2,0.4,0.6,0.023,-1.5,-2.5,-3.9,-0.7
2013/2014,58679000,63372330.19,490180,Oklahoma City Thunder,21,OKC,Oklahoma,West,Northwest,59,23,0.72,106.2,99.8,6.66,Andre Roberson,SG,22,1110840,1218539,40,16,10,0.8,1.7,0.485,0.1,0.3,0.154,0.8,1.4,0.564,0.5,0.2,0.3,0.7,0.9,1.5,2.4,0.4,0.5,0.3,0.5,1.9,1.9,399,9,0.518,0.191,0.147,10.7,15.6,13.3,5.2,2.4,2,20.8,10.1,0.2,0.6,0.8,0.099,-2.2,1.9,-0.3,0.2
2013/2014,58679000,63372330.19,490180,New Orleans Pelicans,19,NOP,Louisiana,West,Southwest,34,48,0.415,99.7,102.4,-1.98,Brian Roberts,PG,28,788872,865355,72,42,23.2,3.4,8.1,0.42,0.9,2.5,0.36,2.5,5.6,0.447,0.475,1.7,1.8,0.94,0.2,1.7,1.9,3.3,0.6,0.1,1.3,1.8,9.4,1667,13.4,0.529,0.306,0.229,1.2,8.4,4.7,22.1,1.3,0.4,12.9,20,2,0.2,2.2,0.063,0.3,-3.2,-2.9,-0.4
2013/2014,58679000,63372330.19,490180,Denver Nuggets,8,DEN,Colorado,West,Northwest,36,46,0.439,104.4,106.5,-1.4,Nate Robinson,PG,29,2016000,2211457,44,1,19.7,3.7,8.7,0.428,1.3,3.5,0.377,2.4,5.2,0.463,0.504,1.6,1.9,0.835,0.5,1.4,1.8,2.5,0.8,0.1,1.3,2.1,10.4,866,15.6,0.544,0.402,0.222,2.6,7.5,5,21.3,2,0.3,12.1,23.5,1.3,0.5,1.8,0.101,1.9,-2.1,-0.2,0.4
2013/2014,58679000,63372330.19,490180,Portland Trail Blazers,25,POR,Oregon,West,Northwest,54,28,0.659,106.7,102.8,4.44,Thomas Robinson,PF,22,3526440,3868340,70,0,12.5,2,4.2,0.481,0,0,0,2,4.2,0.483,0.481,0.8,1.4,0.564,1.5,2.9,4.4,0.5,0.3,0.3,0.8,1.9,4.8,873,14.1,0.502,0.003,0.345,13.1,24.6,18.9,6,1.3,1.6,14.5,19.7,0.4,1.2,1.6,0.09,-3.1,-0.1,-3.2,-0.3
2013/2014,58679000,63372330.19,490180,Boston Celtics,2,BOS,Massachusetts,East,Atlantic,25,57,0.305,96.2,100.7,-4.97,Rajon Rondo,PG,27,12000000,13163440,30,30,33.3,4.7,11.7,0.403,0.9,3,0.289,3.8,8.7,0.442,0.44,1.4,2.2,0.627,0.7,4.7,5.5,9.8,1.3,0.1,3.3,2.2,11.7,998,15.3,0.461,0.257,0.191,2.4,16.6,9.3,47.7,2.1,0.2,20.7,21.3,0.2,1,1.1,0.054,0.2,-0.2,0,0.5
2013/2014,58679000,63372330.19,490180,Chicago Bulls,5,CHI,Illinois,East,Central,48,34,0.585,93.7,91.8,1.2,Derrick Rose,PG,25,17632688,19342236,10,10,31.1,5.8,16.4,0.354,1.6,4.7,0.34,4.2,11.7,0.359,0.402,2.7,3.2,0.844,0.9,2.3,3.2,4.3,0.5,0.1,3.4,1.5,15.9,311,9.7,0.446,0.287,0.195,3.3,8.3,5.9,26.2,0.9,0.2,16,31.5,-0.6,0.4,-0.2,-0.036,-2.8,-2.3,-5.1,-0.2
2013/2014,58679000,63372330.19,490180,Toronto Raptors,28,TOR,Ontario,East,Atlantic,48,34,0.585,101.3,98,2.55,Terrence Ross,SG,22,2678640,2938343,81,62,26.7,3.9,9.3,0.423,2,5,0.395,1.9,4.2,0.458,0.531,1,1.2,0.837,0.5,2.6,3.1,1,0.8,0.3,1.1,2.3,10.9,2159,12,0.553,0.543,0.13,2.3,11.3,6.8,6.1,1.5,1,10,18.6,2,2.2,4.2,0.094,0.6,-0.7,-0.1,1
2013/2014,58679000,63372330.19,490180,Minnesota Timberwolves,18,MIN,Minnesota,West,Northwest,40,42,0.488,106.9,104.3,3.1,Ricky Rubio,PG,23,4002120,4390139,82,82,32.2,3.1,8.2,0.381,0.5,1.6,0.331,2.6,6.5,0.393,0.413,2.8,3.5,0.802,0.7,3.4,4.2,8.6,2.3,0.1,2.7,2.7,9.5,2638,15.4,0.491,0.199,0.422,2.5,11.9,7.1,37.8,3.6,0.3,21.8,16.4,2.2,3.6,5.9,0.107,0,1.5,1.5,2.3
2013/2014,58679000,63372330.19,490180,Utah Jazz,29,UTA,Utah,West,Northwest,25,57,0.305,95,102.2,-6.27,Brandon Rush,SG,28,4000000,4387813,38,0,11,0.8,2.4,0.333,0.4,1.2,0.34,0.4,1.1,0.326,0.422,0.1,0.1,0.6,0.1,1,1.2,0.6,0.1,0.2,0.5,0.8,2.1,418,4.1,0.428,0.522,0.056,1.3,11.1,6.1,8.5,0.6,1.7,17.8,12.3,-0.5,0,-0.4,-0.05,-5,-1.3,-6.3,-0.4
2013/2014,58679000,63372330.19,490180,Los Angeles Lakers,14,LAL,California,West,Pacific,27,55,0.329,103,109.2,-5.33,Robert Sacre,C,24,788873,865356,65,13,16.8,2.2,4.6,0.477,0,0,,2.2,4.6,0.477,0.477,1,1.4,0.681,1.3,2.6,3.9,0.8,0.4,0.7,0.7,2.1,5.4,1089,12.1,0.513,0,0.313,8,16.9,12.5,7,1.1,3.1,11.4,15.5,0.7,0.7,1.4,0.061,-3.1,0.7,-2.3,-0.1
2013/2014,58679000,63372330.19,490180,#N/A,#N/A,TOT,#N/A,#N/A,#N/A,#N/A,#N/A,#N/A,#N/A,#N/A,#N/A,John Salmons,SG-SF,34,7580000,8314906,78,8,22.1,1.9,5.3,0.363,0.8,2.1,0.387,1.1,3.2,0.348,0.439,0.5,0.7,0.769,0.3,1.8,2.1,1.9,0.6,0.2,0.7,1.6,5.2,1726,7.8,0.462,0.395,0.126,1.3,9.6,5.5,12.8,1.4,0.9,11,12.8,0.2,1.4,1.7,0.046,-2.2,0.1,-2.1,0
2013/2014,58679000,63372330.19,490180,Sacramento Kings,26,SAC,California,West,Pacific,28,54,0.341,100.5,103.4,-2.08,John Salmons,SF,34,7580000,8314906,18,8,24.7,2.3,6.5,0.35,0.9,2.3,0.381,1.4,4.2,0.333,0.419,0.4,0.4,1,0.4,2.1,2.6,2.4,0.7,0.4,0.8,1.8,5.8,445,8.3,0.437,0.359,0.06,2,9.8,5.8,14.7,1.4,1.5,10.4,13.3,0,0.3,0.3,0.029,-2.2,0,-2.1,0
2013/2014,58679000,63372330.19,490180,Toronto Raptors,28,TOR,Ontario,East,Atlantic,48,34,0.585,101.3,98,2.55,John Salmons,SG,34,7580000,8314906,60,0,21.4,1.8,4.9,0.368,0.8,2,0.388,1,2.9,0.354,0.448,0.6,0.8,0.733,0.2,1.8,2,1.7,0.6,0.2,0.7,1.5,5,1281,7.6,0.472,0.409,0.152,1.1,9.6,5.3,12.1,1.4,0.7,11.2,12.6,0.2,1.2,1.4,0.052,-2.2,0.1,-2,0
2013/2014,58679000,63372330.19,490180,Milwaukee Bucks,17,MIL,Wisconsin,East,Central,15,67,0.183,95.5,103.7,-8.41,Larry Sanders,C,25,3053368,3349402,23,20,25.4,3.3,7,0.469,0,0,0,3.3,7,0.472,0.469,1.1,2.4,0.473,2.6,4.6,7.2,0.8,0.8,1.7,1.1,3.2,7.7,584,14,0.478,0.006,0.34,11.4,21.3,16.2,5.3,1.6,5.6,12.3,16.4,0.1,0.6,0.7,0.057,-3.3,1.6,-1.8,0
2013/2014,58679000,63372330.19,490180,Atlanta Hawks,1,ATL,Georgia,East,Southeast,38,44,0.463,101,101.5,-0.88,Dennis Schroeder,PG,20,1617840,1774695,49,0,13.1,1.5,3.8,0.383,0.2,0.9,0.238,1.3,3,0.425,0.41,0.6,0.9,0.674,0.1,1.1,1.2,1.9,0.3,0,1.2,1.1,3.7,641,5.8,0.442,0.223,0.229,0.9,9.9,5.4,22,1.3,0,22.8,19,-1.1,0.4,-0.7,-0.054,-6.2,-2.1,-8.3,-1
2013/2014,58679000,63372330.19,490180,Indiana Pacers,12,IND,Indiana,East,Central,56,26,0.683,96.7,92.3,3.63,Luis Scola,PF,33,4500000,4936290,82,2,17.1,3.2,6.8,0.47,0,0.1,0.143,3.2,6.7,0.474,0.471,1.2,1.7,0.728,1,3.7,4.8,1,0.3,0.2,1.3,2,7.6,1399,13.4,0.505,0.013,0.243,7.2,23.4,15.7,10.4,1,0.9,14.8,23.8,-0.4,2.8,2.5,0.084,-4.3,0.5,-3.8,-0.6
2013/2014,58679000,63372330.19,490180,Atlanta Hawks,1,ATL,Georgia,East,Southeast,38,44,0.463,101,101.5,-0.88,Mike Scott,PF,25,788872,865355,80,6,18.5,3.8,7.9,0.479,0.8,2.5,0.31,3,5.4,0.558,0.529,1.3,1.7,0.78,0.8,2.8,3.6,0.9,0.4,0.1,1,1.5,9.6,1482,15.3,0.559,0.318,0.21,4.9,17.2,11.1,8.9,1,0.4,10.3,23.5,1.3,1.2,2.6,0.084,-0.7,-2.3,-3,-0.4
2013/2014,58679000,63372330.19,490180,Oklahoma City Thunder,21,OKC,Oklahoma,West,Northwest,59,23,0.72,106.2,99.8,6.66,Thabo Sefolosha,SG,29,3900000,4278118,61,61,26,2.3,5.6,0.415,0.8,2.5,0.316,1.5,3.1,0.495,0.485,0.9,1.1,0.768,0.8,2.8,3.6,1.5,1.3,0.3,0.9,1.5,6.3,1584,10.4,0.517,0.447,0.203,3.7,11.5,7.8,8.3,2.5,0.9,12.9,11.9,0.9,2.1,3,0.092,-0.7,1.5,0.8,1.1
2013/2014,58679000,63372330.19,490180,Washington Wizards,30,WAS,Washington DC,East,Southeast,44,38,0.537,100.7,99.4,0.48,Kevin Seraphin,C,24,2761113,3028812,53,1,10.9,2.1,4.2,0.505,0,0,,2.1,4.2,0.505,0.505,0.5,0.6,0.871,1,1.4,2.4,0.3,0.1,0.5,0.8,1.9,4.7,578,12.5,0.533,0,0.141,10.5,15.3,12.8,4.9,0.3,3.7,14.9,21.5,0.2,0.6,0.8,0.066,-4.1,-1.2,-5.2,-0.5
2013/2014,58679000,63372330.19,490180,#N/A,#N/A,TOT,#N/A,#N/A,#N/A,#N/A,#N/A,#N/A,#N/A,#N/A,#N/A,Ramon Sessions,PG,27,5000000,5484766,83,19,26.7,4,9.3,0.429,0.4,1.5,0.282,3.6,7.8,0.457,0.452,3.9,4.9,0.807,0.5,2,2.4,4.1,0.6,0.1,1.8,1.1,12.3,2214,16,0.539,0.161,0.525,1.9,8.6,5.2,25.7,1.2,0.3,13.5,22.7,3.1,1.2,4.3,0.094,0.1,-2.3,-2.2,-0.1
2013/2014,58679000,63372330.19,490180,Charlotte Bobcats,4,CHA,North Carolina,East,Southeast,43,39,0.524,96.9,97.1,-0.89,Ramon Sessions,PG,27,5000000,5484766,55,7,23.7,3.5,8.5,0.409,0.3,1.2,0.221,3.2,7.2,0.441,0.425,3.3,4.3,0.782,0.4,1.7,2.1,3.7,0.6,0.1,1.7,0.9,10.5,1305,14.6,0.509,0.146,0.503,1.9,8.3,5.1,26.2,1.3,0.4,14.1,23.4,0.8,1.3,2,0.075,-1.1,-1.4,-2.6,-0.2
2013/2014,58679000,63372330.19,490180,Milwaukee Bucks,17,MIL,Wisconsin,East,Central,15,67,0.183,95.5,103.7,-8.41,Ramon Sessions,PG,27,5000000,5484766,28,12,32.5,5,10.9,0.461,0.7,2,0.357,4.3,8.9,0.484,0.493,5.1,6.1,0.841,0.6,2.5,3.1,4.8,0.6,0.1,2,1.4,15.8,909,18,0.585,0.184,0.559,2,9.1,5.4,25.1,0.9,0.3,12.7,21.6,2.4,-0.1,2.3,0.121,1.9,-3.5,-1.6,0.1
2013/2014,58679000,63372330.19,490180,Oklahoma City Thunder,21,OKC,Oklahoma,West,Northwest,59,23,0.72,106.2,99.8,6.66,Mustafa Shakur,PG,29,46404,50903,3,0,3.7,0,1,0,0,0.3,0,0,0.7,0,0,0.3,0.7,0.5,0,0,0,1.3,0,0,0.7,0.7,0.3,11,-8.8,0.129,0.333,0.667,0,0,0,45.1,0,0,34,23.7,-0.1,0,-0.1,-0.347,-17.4,-12.5,-29.9,-0.1
2013/2014,58679000,63372330.19,490180,#N/A,#N/A,TOT,#N/A,#N/A,#N/A,#N/A,#N/A,#N/A,#N/A,#N/A,#N/A,Tornike Shengelia,SF,22,788872,865355,26,0,5.9,0.5,1.1,0.464,0,0.2,0,0.5,0.8,0.591,0.464,0.1,0.3,0.375,0.2,0.5,0.6,0.5,0.1,0,0.5,0.7,1.1,154,3.9,0.46,0.214,0.286,3.1,9.2,6.2,14,1,0.5,27.6,13.2,-0.2,0.1,-0.1,-0.04,-5.7,-1.1,-6.8,-0.2
2013/2014,58679000,63372330.19,490180,Brooklyn Nets,3,BRK,New York,East,Atlantic,44,38,0.537,98.5,99.5,-1.58,Tornike Shengelia,SF,22,788872,865355,17,0,8.1,0.6,1.4,0.458,0,0.4,0,0.6,1.1,0.611,0.458,0.2,0.5,0.375,0.2,0.6,0.8,0.7,0.1,0.1,0.6,0.9,1.5,137,3.3,0.454,0.25,0.333,3.5,8.7,6.1,13.3,0.8,0.6,28.6,13.2,-0.2,0,-0.2,-0.054,-5.7,-1.4,-7.1,-0.2
2013/2014,58679000,63372330.19,490180,Chicago Bulls,5,CHI,Illinois,East,Central,48,34,0.585,93.7,91.8,1.2,Tornike Shengelia,SF,22,788872,865355,9,0,1.9,0.2,0.4,0.5,0,0,,0.2,0.4,0.5,0.5,0,0,,0,0.2,0.2,0.2,0.1,0,0.1,0.2,0.4,17,9,0.5,0,0,0,13.2,6.7,19.8,3.1,0,20,13.6,0,0,0,0.073,-5.5,1.1,-4.4,0
2013/2014,58679000,63372330.19,490180,New York Knicks,20,NYK,New York,East,Atlantic,37,45,0.451,98.6,99.4,-1.4,Iman Shumpert,SG,23,1797600,1971883,74,58,26.5,2.5,6.5,0.378,1,3.1,0.333,1.4,3.5,0.418,0.457,0.7,1,0.746,1.1,3.1,4.2,1.7,1.2,0.2,1.1,2.8,6.7,1962,9.6,0.48,0.471,0.147,4.7,14,9.2,9.8,2.5,0.6,13.3,14.1,0.4,1.6,2,0.048,-0.8,0.7,-0.1,0.9
2013/2014,58679000,63372330.19,490180,Minnesota Timberwolves,18,MIN,Minnesota,West,Northwest,40,42,0.488,106.9,104.3,3.1,Alexey Shved,SG,25,3066667,3363990,63,0,10.5,1.2,3.8,0.321,0.5,1.6,0.294,0.7,2.1,0.341,0.384,1.1,1.4,0.756,0.3,1,1.3,1.1,0.4,0.3,0.8,0.6,4,664,10.2,0.452,0.43,0.38,3.4,10.1,6.6,14.9,1.9,1.8,14.8,20.8,-0.4,0.7,0.2,0.017,-2.7,-0.4,-3.1,-0.2
2013/2014,58679000,63372330.19,490180,#N/A,#N/A,TOT,#N/A,#N/A,#N/A,#N/A,#N/A,#N/A,#N/A,#N/A,#N/A,Henry Sims,C,23,788872,865355,46,25,19,2.8,6,0.474,0,0,0,2.8,5.9,0.476,0.474,2,2.6,0.744,2.3,2.9,5.2,1.1,0.6,0.4,0.9,2.5,7.6,875,16.1,0.535,0.004,0.442,12.5,17.2,14.8,9.5,1.6,1.9,11.1,18,1.4,0.7,2.1,0.115,-1,-0.3,-1.3,0.2
2013/2014,58679000,63372330.19,490180,Cleveland Cavaliers,6,CLE,Ohio,East,Central,33,49,0.402,98.2,101.5,-3.86,Henry Sims,C,23,788872,865355,20,0,8.4,0.9,2.3,0.4,0,0,,0.9,2.3,0.4,0.4,0.4,0.7,0.571,1.1,1.7,2.8,0.3,0.3,0.4,0.4,1.6,2.2,168,10.7,0.43,0,0.311,14.4,23.2,18.7,4.5,1.5,3.5,13.5,15.7,0,0.2,0.2,0.059,-4.8,0.8,-4.1,-0.1
2013/2014,58679000,63372330.19,490180,Philadelphia 76ers,23,PHI,Pennsylvania,East,Atlantic,19,63,0.232,99.5,109.9,-10.66,Henry Sims,C,23,788872,865355,26,25,27.2,4.3,8.8,0.489,0,0,0,4.3,8.8,0.491,0.489,3.2,4.1,0.766,3.2,3.8,7,1.8,0.9,0.5,1.3,3.2,11.8,707,17.4,0.554,0.004,0.467,12.1,15.7,13.8,10.6,1.6,1.5,10.7,18.5,1.5,0.4,1.9,0.128,0,-0.6,-0.6,0.3
2013/2014,58679000,63372330.19,490180,Detroit Pistons,9,DET,Michigan,East,Central,29,53,0.354,101,104.7,-4.13,Kyle Singler,SF,25,1045000,1146316,82,36,28.5,3.3,7.3,0.447,1.1,3,0.382,2.1,4.3,0.492,0.525,1.9,2.2,0.826,1.4,2.3,3.7,0.9,0.7,0.5,1,2.6,9.6,2337,11.8,0.574,0.409,0.306,5.2,9.2,7.1,4.7,1.3,1.3,10.4,14,3.6,0.7,4.4,0.09,0.7,-0.8,-0.1,1.1
2013/2014,58679000,63372330.19,490180,Washington Wizards,30,WAS,Washington DC,East,Southeast,44,38,0.537,100.7,99.4,0.48,Chris Singleton,SF,24,1707720,1873289,25,0,10,1,2.7,0.373,0.3,0.8,0.368,0.7,1.9,0.375,0.425,0.7,1,0.72,0.7,1.5,2.2,0.2,0.4,0.1,0.7,1,3,250,8.8,0.481,0.284,0.373,8.2,17.5,12.8,3.5,1.9,1,17.9,17.2,-0.2,0.3,0.2,0.033,-4.8,-0.9,-5.6,-0.2
2013/2014,58679000,63372330.19,490180,Detroit Pistons,9,DET,Michigan,East,Central,29,53,0.354,101,104.7,-4.13,Peyton Siva,SG,23,490180,537704,24,0,9.3,0.8,2.4,0.316,0.3,1,0.28,0.5,1.3,0.344,0.377,0.5,0.6,0.733,0.1,0.5,0.6,1.4,0.4,0,0.8,1.1,2.3,224,5.7,0.425,0.439,0.263,0.9,6.2,3.4,21,2,0.4,22.1,15.6,-0.2,0.1,-0.2,-0.032,-4.4,-2.8,-7.3,-0.3
2013/2014,58679000,63372330.19,490180,Indiana Pacers,12,IND,Indiana,East,Central,56,26,0.683,96.7,92.3,3.63,Donald Sloan,SG,26,884293,970028,48,1,8.2,0.9,2.4,0.376,0.2,0.9,0.238,0.7,1.6,0.453,0.419,0.3,0.4,0.6,0.1,0.8,0.9,1,0.2,0,0.5,0.4,2.3,392,8.5,0.437,0.359,0.171,1.2,11,6.3,20.1,1.3,0.2,14.9,17.2,-0.3,0.6,0.3,0.039,-4.1,-0.7,-4.8,-0.3
2013/2014,58679000,63372330.19,490180,New York Knicks,20,NYK,New York,East,Atlantic,37,45,0.451,98.6,99.4,-1.4,Chris Smith,PG,26,184538,202429,2,0,1,0,0,,0,0,,0,0,,,0,0,,0,0,0,0,0,0,0,0,0,2,0,,,,0,0,0,0,0,0,,0,0,0,0,-0.02,-5.8,-0.5,-6.2,0
2013/2014,58679000,63372330.19,490180,Houston Rockets,11,HOU,Texas,West,Southwest,54,28,0.659,107.7,103.1,5.06,Greg Smith,C,23,884293,970027,11,0,9.1,1.6,2.5,0.643,0,0,,1.6,2.5,0.643,0.643,0.2,0.5,0.4,1,1.5,2.5,0,0.1,0.2,0.5,1.5,3.5,100,13.7,0.629,0,0.179,13,16.8,15,0,0.5,1.5,14.2,15.4,0.2,0.1,0.2,0.119,-2.8,-4.7,-7.5,-0.1
2013/2014,58679000,63372330.19,490180,Phoenix Suns,24,PHO,Arizona,West,Pacific,48,34,0.585,105.2,102.6,3.02,Ishmael Smith,PG,25,985000,1080499,70,1,14.4,1.7,4,0.423,0,0.3,0.043,1.7,3.7,0.457,0.425,0.3,0.6,0.564,0.4,1.4,1.8,2.6,0.7,0.2,0.9,0.9,3.7,1006,11.7,0.438,0.082,0.139,3.5,10.9,7.2,26,2.4,1,17.9,15.9,0,1,1,0.048,-2.7,0.5,-2.3,-0.1
2013/2014,58679000,63372330.19,490180,New York Knicks,20,NYK,New York,East,Atlantic,37,45,0.451,98.6,99.4,-1.4,JR Smith,SF,28,5565000,6104545,74,37,32.7,5.4,12.9,0.415,2.6,6.5,0.394,2.8,6.4,0.436,0.514,1.2,1.9,0.652,0.5,3.5,4,3,0.9,0.3,1.5,2.6,14.5,2421,14,0.527,0.503,0.145,1.7,13.1,7.2,15.1,1.4,0.7,9.6,21.6,2.5,1.2,3.7,0.073,1.8,-1.6,0.1,1.3
2013/2014,58679000,63372330.19,490180,New Orleans Pelicans,19,NOP,Louisiana,West,Southwest,34,48,0.415,99.7,102.4,-1.98,Jason Smith,PF,27,2500000,2742383,31,27,26.8,4.2,9.1,0.465,0,0,,4.2,9.1,0.465,0.465,1.3,1.6,0.78,1.6,4.2,5.8,0.9,0.4,0.9,0.9,3.2,9.7,830,12.4,0.495,0,0.177,7,18.5,12.7,5.6,0.7,2.9,8.4,18.2,0.5,0.4,0.9,0.054,-2.6,-0.9,-3.5,-0.3
2013/2014,58679000,63372330.19,490180,Detroit Pistons,9,DET,Michigan,East,Central,29,53,0.354,101,104.7,-4.13,Josh Smith,SF,28,14000000,15357347,77,76,35.5,6.7,16,0.419,0.9,3.4,0.264,5.8,12.6,0.462,0.448,2.1,3.9,0.532,1.3,5.4,6.8,3.3,1.4,1.4,2.6,2.6,16.4,2730,14.1,0.463,0.215,0.244,3.9,17.6,10.4,15,1.9,3.2,12.7,24.5,-1.4,2.5,1.1,0.02,-1.7,1.1,-0.6,0.9
2013/2014,58679000,63372330.19,490180,Chicago Bulls,5,CHI,Illinois,East,Central,48,34,0.585,93.7,91.8,1.2,Tony Snell,SG,22,1409040,1545651,77,12,16,1.7,4.4,0.384,0.7,2.3,0.32,0.9,2.1,0.456,0.469,0.4,0.5,0.756,0.2,1.4,1.6,0.9,0.4,0.2,0.6,1.1,4.5,1231,8,0.489,0.53,0.122,1.8,9.6,5.7,9.1,1.3,0.9,11.1,14.9,-0.1,1.7,1.6,0.063,-2.9,-0.2,-3,-0.3
2013/2014,58679000,63372330.19,490180,#N/A,#N/A,TOT,#N/A,#N/A,#N/A,#N/A,#N/A,#N/A,#N/A,#N/A,#N/A,James Southerland,SF,23,155704,170799,4,0,7.5,1.3,3.8,0.333,0.8,1.5,0.5,0.5,2.3,0.222,0.433,0.3,0.5,0.5,0,2,2,0,0.3,0.5,0.3,0.8,3.5,30,11.8,0.441,0.4,0.133,0,31.5,15.5,0,1.7,5.6,5.9,25.6,-0.1,0,0,-0.023,-8.1,-5.2,-13.3,-0.1
2013/2014,58679000,63372330.19,490180,Charlotte Bobcats,4,CHA,North Carolina,East,Southeast,43,39,0.524,96.9,97.1,-0.89,James Southerland,SF,23,155704,170799,1,0,3,0,3,0,0,1,0,0,2,0,0,0,0,,0,0,0,0,0,0,0,0,0,3,-40.6,0,0.333,0,0,0,0,0,0,0,0,46.2,-0.1,0,-0.1,-1.119,-33.1,-13.3,-46.4,0
2013/2014,58679000,63372330.19,490180,New Orleans Pelicans,19,NOP,Louisiana,West,Southwest,34,48,0.415,99.7,102.4,-1.98,James Southerland,SF,23,155704,170799,3,0,9,1.7,4,0.417,1,1.7,0.6,0.7,2.3,0.286,0.542,0.3,0.7,0.5,0,2.7,2.7,0,0.3,0.7,0.3,1,4.7,27,17.7,0.543,0.417,0.167,0,34.9,17.2,0,1.9,6.2,7.2,23.4,0,0,0.1,0.098,-5.3,-4.3,-9.6,-0.1
2013/2014,58679000,63372330.19,490180,Golden State Warriors,10,GSW,California,West,Pacific,51,31,0.622,104.3,99.5,5.15,Marreese Speights,C,26,3500000,3839336,79,3,12.4,2.5,5.6,0.441,0.1,0.4,0.258,2.4,5.2,0.455,0.45,1.4,1.7,0.821,1.3,2.4,3.7,0.4,0.1,0.4,0.8,1.9,6.4,982,15.2,0.507,0.07,0.303,11.4,20.6,16.1,5.3,0.5,2.6,11.6,25.4,0.6,1.5,2.1,0.103,-3.9,-1.3,-5.2,-0.8
2013/2014,58679000,63372330.19,490180,San Antonio Spurs,27,SAS,Texas,West,Southwest,62,20,0.756,105.4,97.6,8,Tiago Splitter,C,29,10000000,10969533,59,50,21.5,3.1,5.9,0.523,0,0.1,0,3.1,5.8,0.528,0.523,2.1,2.9,0.699,2.1,4.1,6.2,1.5,0.5,0.5,1.3,2,8.2,1271,16.5,0.572,0.009,0.5,11.4,20.5,16.1,10.1,1.2,1.8,15.1,17.7,2.3,2.1,4.3,0.163,-0.1,2.1,1.9,1.3
2013/2014,58679000,63372330.19,490180,Milwaukee Bucks,17,MIL,Wisconsin,East,Central,15,67,0.183,95.5,103.7,-8.41,DJ Stephens,SG,23,28834,31629,3,0,5,1,2.3,0.429,0,0,,1,2.3,0.429,0.429,0.3,0.3,1,0.3,1.3,1.7,0,0,0,0,0,2.3,15,16.1,0.47,0,0.143,7.4,31.6,19.1,0,0,0,0,22.4,0,0,0,0.067,-7.6,-10.1,-17.7,-0.1
2013/2014,58679000,63372330.19,490180,Indiana Pacers,12,IND,Indiana,East,Central,56,26,0.683,96.7,92.3,3.63,Lance Stephenson,SG,23,981349,1076494,78,78,35.3,5.5,11.2,0.491,1.1,3.1,0.352,4.4,8,0.545,0.54,1.8,2.5,0.711,1.2,5.9,7.2,4.6,0.7,0.1,2.7,2.5,13.8,2752,14.7,0.564,0.28,0.226,4.1,18.1,11.4,22.1,1,0.2,18,19.4,2.6,4.8,7.4,0.13,0.7,1.7,2.3,3
2013/2014,58679000,63372330.19,490180,New Orleans Pelicans,19,NOP,Louisiana,West,Southwest,34,48,0.415,99.7,102.4,-1.98,Greg Stiemsma,C,28,2676000,2935447,55,20,18.3,1.3,2.2,0.574,0,0,0,1.3,2.2,0.579,0.574,0.3,0.6,0.594,1.3,2.8,4.1,0.7,0.6,1,0.8,3.1,2.9,1007,9.7,0.584,0.008,0.262,8.2,18,13,5,1.8,4.7,24.4,8.1,0.5,1,1.5,0.072,-2.3,2.9,0.6,0.7
2013/2014,58679000,63372330.19,490180,Toronto Raptors,28,TOR,Ontario,East,Atlantic,48,34,0.585,101.3,98,2.55,Julyan Stone,SG,25,884293,970028,21,0,5.7,0.3,0.8,0.412,0.1,0.4,0.25,0.2,0.4,0.556,0.471,0.1,0.1,0.667,0.1,0.9,1,0.6,0.1,0,0.2,0.6,0.9,120,6.6,0.491,0.471,0.176,1.9,17.6,9.7,14.5,1.3,0,21.4,8.8,0,0.1,0.2,0.061,-3.5,0.5,-3,0
2013/2014,58679000,63372330.19,490180,New York Knicks,20,NYK,New York,East,Atlantic,37,45,0.451,98.6,99.4,-1.4,Amare Stoudemire,C,31,21679893,23781831,65,21,22.6,4.8,8.6,0.557,0,0,,4.8,8.6,0.557,0.557,2.3,3.1,0.739,1.7,3.2,4.9,0.5,0.4,0.6,1.4,2.4,11.9,1466,18.8,0.596,0,0.364,8.7,17.2,12.8,4.2,0.8,2.2,12.3,23.4,2.9,0.9,3.8,0.124,-0.8,-2.3,-3.1,-0.4
2013/2014,58679000,63372330.19,490180,Detroit Pistons,9,DET,Michigan,East,Central,29,53,0.354,101,104.7,-4.13,Rodney Stuckey,SG,27,8500000,9324103,73,5,26.7,5.1,11.7,0.436,0.3,1.2,0.273,4.8,10.5,0.455,0.45,3.3,4,0.836,0.5,1.8,2.3,2.1,0.7,0.1,1.7,1.8,13.9,1950,14,0.516,0.103,0.342,2.1,7.7,4.7,12.7,1.4,0.4,11.3,24.3,1.8,0.4,2.2,0.053,-1.2,-2.9,-4.1,-1
2013/2014,58679000,63372330.19,490180,Boston Celtics,2,BOS,Massachusetts,East,Atlantic,25,57,0.305,96.2,100.7,-4.97,Jared Sullinger,PF,21,1365720,1498131,74,44,27.6,5.2,12.1,0.427,0.8,2.8,0.269,4.4,9.3,0.475,0.458,2.1,2.7,0.778,3.3,4.9,8.1,1.6,0.5,0.7,1.6,3.4,13.3,2041,16.4,0.497,0.231,0.226,13,20.6,16.7,10.1,0.9,1.8,10.7,24.1,1.9,2,3.9,0.091,0.3,-0.6,-0.3,0.9
2013/2014,58679000,63372330.19,490180,Charlotte Bobcats,4,CHA,North Carolina,East,Southeast,43,39,0.524,96.9,97.1,-0.89,Jeffery Taylor,SF,24,788872,865355,26,8,24.2,3.2,8.4,0.376,0.7,2.6,0.269,2.5,5.8,0.424,0.417,1,1.8,0.553,0.6,1.7,2.3,0.8,0.5,0.2,1,2.4,8,629,5.9,0.436,0.307,0.216,2.7,8.1,5.4,5.7,1.1,0.6,9.5,19.4,-0.8,0.6,-0.2,-0.019,-4.2,-1.2,-5.4,-0.5
2013/2014,58679000,63372330.19,490180,Brooklyn Nets,3,BRK,New York,East,Atlantic,44,38,0.537,98.5,99.5,-1.58,Tyshawn Taylor,PG,23,788872,858371.6232,23,3,11.7,1.3,4,0.341,0.1,0.5,0.25,1.2,3.4,0.354,0.357,1,1.3,0.8,0.1,0.5,0.7,1.6,0.5,0,1.3,1.3,3.9,270,5.4,0.427,0.132,0.33,1.3,5.3,3.3,21.4,2.3,0.3,22.9,23.5,-0.7,0.2,-0.6,-0.098,-7,-2.7,-9.7,-0.5
2013/2014,58679000,63372330.19,490180,Atlanta Hawks,1,ATL,Georgia,East,Southeast,38,44,0.463,101,101.5,-0.88,Jeff Teague,PG,25,8000000,8775626,79,79,32.2,5.8,13.2,0.438,0.9,2.8,0.329,4.8,10.3,0.469,0.474,4,4.8,0.846,0.4,2.2,2.6,6.7,1.1,0.2,2.9,2,16.5,2542,17.1,0.541,0.216,0.362,1.6,7.9,4.7,35.1,1.8,0.5,16.1,25.7,3.3,1.9,5.2,0.098,0.9,-2,-1.1,0.6
2013/2014,58679000,63372330.19,490180,#N/A,#N/A,TOT,#N/A,#N/A,#N/A,#N/A,#N/A,#N/A,#N/A,#N/A,#N/A,Marquis Teague,SG,20,1074720,1178917,40,3,11.1,1,3,0.319,0.1,0.5,0.278,0.8,2.5,0.327,0.34,0.7,0.9,0.743,0,1,1,1.5,0.3,0.1,1,1.2,2.7,443,3.8,0.398,0.151,0.294,0.3,10.2,5.3,20.6,1.2,0.9,22.5,18.2,-1,0.4,-0.5,-0.059,-7.6,-1.2,-8.8,-0.8
2013/2014,58679000,63372330.19,490180,Chicago Bulls,5,CHI,Illinois,East,Central,48,34,0.585,93.7,91.8,1.2,Marquis Teague,SG,20,1074720,1178917,19,2,12.7,0.8,3.5,0.242,0.1,0.5,0.2,0.7,2.9,0.25,0.258,0.6,0.8,0.688,0.1,0.9,1,1.5,0.1,0.2,0.9,1.3,2.4,242,0,0.308,0.152,0.242,0.5,8.3,4.5,17.9,0.4,1.3,18.9,17.2,-0.8,0.3,-0.5,-0.094,-9.5,-1.1,-10.6,-0.5
2013/2014,58679000,63372330.19,490180,Brooklyn Nets,3,BRK,New York,East,Atlantic,44,38,0.537,98.5,99.5,-1.58,Marquis Teague,SG,20,1074720,1178917,21,1,9.6,1,2.5,0.415,0.1,0.4,0.375,0.9,2.1,0.422,0.443,0.7,0.9,0.789,0,1,1,1.4,0.4,0,1,1,3,201,8.4,0.505,0.151,0.358,0,12.5,6.3,23.8,2.1,0.4,26.4,19.5,-0.2,0.2,-0.1,-0.017,-5.3,-1.3,-6.6,-0.2
2013/2014,58679000,63372330.19,490180,Brooklyn Nets,3,BRK,New York,East,Atlantic,44,38,0.537,98.5,99.5,-1.58,Mirza Teletovic,SF,28,3229050,3542117,72,7,19.4,3.1,7.3,0.418,1.9,4.8,0.39,1.2,2.5,0.472,0.546,0.6,0.9,0.71,0.8,2.9,3.7,0.8,0.4,0.3,0.8,2,8.6,1396,14.3,0.559,0.66,0.117,5.2,17.6,11.4,7.1,1.1,1.4,8.8,20.5,1.6,1.1,2.7,0.094,1.5,-2,-0.5,0.5
2013/2014,58679000,63372330.19,490180,Washington Wizards,30,WAS,Washington DC,East,Southeast,44,38,0.537,100.7,99.4,0.48,Garrett Temple,SG,27,916099,1004917,75,0,8.5,0.7,1.9,0.362,0.1,0.4,0.207,0.6,1.5,0.402,0.383,0.4,0.6,0.698,0.3,0.6,0.9,1,0.5,0.1,0.6,1,1.8,638,7.8,0.431,0.206,0.305,3.8,8.7,6.2,15.8,2.8,1.4,20.8,14.3,-0.5,0.9,0.3,0.025,-4.6,1,-3.7,-0.3
2013/2014,58679000,63372330.19,490180,Brooklyn Nets,3,BRK,New York,East,Atlantic,44,38,0.537,98.5,99.5,-1.58,Jason Terry,PG,36,5225000,5731581,35,0,16.3,1.6,4.3,0.362,1.1,2.9,0.379,0.5,1.4,0.327,0.49,0.3,0.4,0.667,0.1,0.9,1.1,1.6,0.4,0,0.8,1.4,4.5,570,7.4,0.501,0.678,0.099,0.8,6.9,3.9,15.3,1.2,0,14.5,15.3,0,0.2,0.2,0.016,-1.4,-2.8,-4.2,-0.3
2013/2014,58679000,63372330.19,490180,Oklahoma City Thunder,21,OKC,Oklahoma,West,Northwest,59,23,0.72,106.2,99.8,6.66,Hasheem Thabeet,C,26,1200000,1316344,23,0,8.3,0.6,1,0.565,0,0,,0.6,1,0.565,0.565,0,0.2,0.2,0.4,1.3,1.7,0,0.2,0.4,0.6,2,1.2,192,2.6,0.536,0,0.217,5.6,17.4,11.7,0.7,1,3.8,35.7,9,-0.2,0.3,0,0.012,-6.8,1,-5.8,-0.2
2013/2014,58679000,63372330.19,490180,#N/A,#N/A,TOT,#N/A,#N/A,#N/A,#N/A,#N/A,#N/A,#N/A,#N/A,#N/A,Adonis Thomas,SF,20,#N/A,#N/A,6,1,6.2,1,2.3,0.429,0.2,0.8,0.2,0.8,1.5,0.556,0.464,0.2,0.2,1,0,0.5,0.5,0.5,0,0,0.2,1,2.3,37,7.3,0.485,0.357,0.071,0,9.2,4.6,13.4,0,0,6.5,18.5,0,0,0,0.001,-4,-5.7,-9.7,-0.1
2013/2014,58679000,63372330.19,490180,Orlando Magic,22,ORL,Florida,East,Southeast,23,59,0.28,96.5,102,-5.88,Adonis Thomas,SF,20,#N/A,#N/A,4,0,6,0.8,2.3,0.333,0,0.8,0,0.8,1.5,0.5,0.333,0.3,0.3,1,0,0.8,0.8,0.5,0,0,0,0.5,1.8,24,5.8,0.371,0.333,0.111,0,14.2,7.1,13.2,0,0,0,17.9,0,0,0,-0.031,-5.3,-3.8,-9.1,0
2013/2014,58679000,63372330.19,490180,Philadelphia 76ers,23,PHI,Pennsylvania,East,Atlantic,19,63,0.232,99.5,109.9,-10.66,Adonis Thomas,SF,20,#N/A,#N/A,2,1,6.5,1.5,2.5,0.6,0.5,1,0.5,1,1.5,0.667,0.7,0,0,,0,0,0,0.5,0,0,0.5,2,3.5,13,10.1,0.7,0.4,0,0,0,0,13.9,0,0,16.7,19.5,0,0,0,0.06,-1.4,-9.3,-10.7,0
2013/2014,58679000,63372330.19,490180,Sacramento Kings,26,SAC,California,West,Pacific,28,54,0.341,100.5,103.4,-2.08,Isaiah Thomas,PG,24,884293,970028,72,54,34.7,6.9,15.2,0.453,1.8,5.1,0.349,5.1,10.2,0.504,0.51,4.8,5.7,0.85,0.7,2.3,2.9,6.3,1.3,0.1,3,2.6,20.3,2497,20.5,0.574,0.332,0.371,2.1,7.5,4.7,32.2,1.9,0.3,14.3,26.3,6.4,1.3,7.7,0.149,5,-2.1,2.9,3.1
2013/2014,58679000,63372330.19,490180,New Orleans Pelicans,19,NOP,Louisiana,West,Southwest,34,48,0.415,99.7,102.4,-1.98,Lance Thomas,SF,25,884293,970028,5,0,8.4,0.4,1.8,0.222,0,0,,0.4,1.8,0.222,0.222,0.4,0.8,0.5,0.4,1,1.4,0.6,0,0,0.4,0.8,1.2,42,0.5,0.279,0,0.444,5.4,14,9.7,9.7,0,0,15.7,13.8,-0.1,0,-0.1,-0.117,-8,-2.7,-10.7,-0.1
2013/2014,58679000,63372330.19,490180,#N/A,#N/A,TOT,#N/A,#N/A,#N/A,#N/A,#N/A,#N/A,#N/A,#N/A,#N/A,Malcolm Thomas,PF,25,702233,770316,8,0,7.9,0.9,2,0.438,0.1,0.5,0.25,0.8,1.5,0.5,0.469,0,0.3,0,0.6,2,2.6,0.3,0,0.4,1.1,0.6,1.9,63,4.6,0.444,0.25,0.125,9,28.9,19,5.1,0,3.5,34.8,18.7,-0.2,0.1,-0.2,-0.132,-10.4,-1.6,-12,-0.2
2013/2014,58679000,63372330.19,490180,San Antonio Spurs,27,SAS,Texas,West,Southwest,62,20,0.756,105.4,97.6,8,Malcolm Thomas,PF,25,702233,770316,1,0,15,1,4,0.25,0,0,,1,4,0.25,0.25,0,2,0,1,8,9,0,0,2,1,0,2,15,6.6,0.205,0,0.5,7.8,57.8,33.8,0,0,9.6,17,17.7,-0.1,0,0,-0.107,-18.9,-0.7,-19.6,-0.1
2013/2014,58679000,63372330.19,490180,Utah Jazz,29,UTA,Utah,West,Northwest,25,57,0.305,95,102.2,-6.27,Malcolm Thomas,PF,25,702233,770316,7,0,6.9,0.9,1.7,0.5,0.1,0.6,0.25,0.7,1.1,0.625,0.542,0,0,,0.6,1.1,1.7,0.3,0,0.1,1.1,0.7,1.9,48,4,0.542,0.333,0,9.3,19.8,14.4,6.7,0,1.6,40,19.1,-0.2,0,-0.1,-0.14,-7.7,-2,-9.7,-0.1
2013/2014,58679000,63372330.19,490180,Philadelphia 76ers,23,PHI,Pennsylvania,East,Atlantic,19,63,0.232,99.5,109.9,-10.66,Hollis Thompson,SF,22,490180,537704,77,41,22.6,2.2,4.8,0.46,0.9,2.2,0.401,1.4,2.7,0.507,0.55,0.7,0.9,0.712,0.9,2.3,3.2,0.9,0.7,0.2,0.8,1.9,6,1742,9.5,0.57,0.449,0.196,4.4,11.2,7.7,6.1,1.5,0.5,12.9,11.3,1.4,0.6,2,0.055,-1.8,-1.2,-3,-0.4
2013/2014,58679000,63372330.19,490180,Sacramento Kings,26,SAC,California,West,Pacific,28,54,0.341,100.5,103.4,-2.08,Jason Thompson,PF,27,5643750,6190930,82,61,24.5,3.1,6,0.506,0,0,,3.1,6,0.506,0.506,1,1.8,0.579,1.9,4.6,6.4,0.6,0.4,0.7,1.2,3.1,7.1,2007,11.1,0.523,0,0.292,8.5,21.3,14.8,4.1,0.8,2.3,14.5,14.4,0.9,1.7,2.7,0.064,-3,0.5,-2.5,-0.3
2013/2014,58679000,63372330.19,490180,Golden State Warriors,10,GSW,California,West,Pacific,51,31,0.622,104.3,99.5,5.15,Klay Thompson,SG,23,3245151,3559779,81,81,35.4,6.9,15.5,0.444,2.8,6.6,0.417,4.1,8.9,0.464,0.533,1.8,2.3,0.795,0.5,2.6,3.1,2.2,0.9,0.5,1.7,2.9,18.4,2868,14.3,0.555,0.425,0.147,1.5,7.9,4.7,10.2,1.3,1,9.2,22.6,3.5,3.2,6.7,0.112,1.3,-0.6,0.7,1.9
2013/2014,58679000,63372330.19,490180,Cleveland Cavaliers,6,CLE,Ohio,East,Central,33,49,0.402,98.2,101.5,-3.86,Tristan Thompson,PF,22,4285560,4701059,82,82,31.6,4.4,9.3,0.477,0,0,0,4.4,9.3,0.478,0.477,2.9,4.1,0.693,3.3,5.9,9.2,0.9,0.5,0.4,1.3,2.3,11.7,2594,14.9,0.528,0.001,0.445,11.4,21.5,16.3,4.5,0.8,1.1,10.6,17.5,3.4,2.3,5.7,0.106,-1.5,-0.5,-2,0
2013/2014,58679000,63372330.19,490180,#N/A,#N/A,TOT,#N/A,#N/A,#N/A,#N/A,#N/A,#N/A,#N/A,#N/A,#N/A,Marcus Thornton,SG,26,8165000,8956624,72,27,24.2,3.5,8.9,0.394,1.5,4.4,0.345,2,4.5,0.443,0.48,1.3,1.6,0.804,0.8,2,2.8,1.1,0.8,0.2,0.9,1.5,9.8,1741,12,0.511,0.495,0.175,3.7,9.4,6.6,7.3,1.7,0.5,8.9,19.7,1,1,2,0.055,0.1,-1.7,-1.6,0.2
2013/2014,58679000,63372330.19,490180,Sacramento Kings,26,SAC,California,West,Pacific,28,54,0.341,100.5,103.4,-2.08,Marcus Thornton,SG,26,8165000,8956624,46,26,24.4,3.1,8.1,0.381,1.2,3.9,0.318,1.8,4.2,0.438,0.457,0.9,1.1,0.808,0.8,1.8,2.7,1,0.7,0.2,0.8,1.6,8.3,1121,9.7,0.484,0.48,0.139,3.9,8.7,6.2,6.6,1.4,0.6,8.8,17.1,0.4,0.5,0.9,0.038,-0.7,-1.4,-2.1,0
2013/2014,58679000,63372330.19,490180,Brooklyn Nets,3,BRK,New York,East,Atlantic,44,38,0.537,98.5,99.5,-1.58,Marcus Thornton,SG,26,8165000,8956624,26,1,23.8,4.2,10.2,0.414,2,5.3,0.38,2.2,5,0.45,0.511,1.8,2.3,0.8,0.7,2.2,2.8,1.2,1,0.1,1.1,1.4,12.3,620,16.1,0.547,0.515,0.226,3.5,10.8,7.1,8.6,2.3,0.4,9,24.4,0.6,0.5,1.1,0.087,1.6,-2.4,-0.7,0.2
2013/2014,58679000,63372330.19,490180,Utah Jazz,29,UTA,Utah,West,Northwest,25,57,0.305,95,102.2,-6.27,Jamaal Tinsley,PG,35,139951,153519,8,5,13.8,0.5,2.5,0.2,0.1,1.9,0.067,0.4,0.6,0.6,0.225,0,0,,0.3,1.1,1.4,2.9,0.3,0,1.1,1.3,1.1,110,1.9,0.225,0.75,0,2,9.7,5.8,29.5,1,0,31,12.1,-0.3,0,-0.3,-0.122,-6.6,-3.1,-9.7,-0.2
2013/2014,58679000,63372330.19,490180,Charlotte Bobcats,4,CHA,North Carolina,East,Southeast,43,39,0.524,96.9,97.1,-0.89,Anthony Tolliver,PF,28,1027424,1117940.054,64,9,20.3,2,4.8,0.42,1.6,3.9,0.413,0.4,0.9,0.45,0.586,0.5,0.6,0.805,0.5,2.1,2.6,0.7,0.3,0.2,0.4,1.3,6.1,1298,11,0.605,0.805,0.134,2.9,11.8,7.3,5,0.8,0.9,6.6,12.4,1.9,1.3,3.2,0.117,0.8,-0.5,0.3,0.8
2013/2014,58679000,63372330.19,490180,Phoenix Suns,24,PHO,Arizona,West,Pacific,48,34,0.585,105.2,102.6,3.02,PJ Tucker,SF,28,884293,970028,81,81,30.7,3.3,7.6,0.431,0.9,2.4,0.387,2.4,5.2,0.45,0.491,1.9,2.5,0.776,2,4.5,6.5,1.7,1.4,0.3,1.3,2.5,9.4,2490,13.3,0.54,0.311,0.327,7.3,16.6,11.9,8.1,2.2,0.7,12.7,14.2,3.3,2.8,6.1,0.117,0.7,1.6,2.3,2.7
2013/2014,58679000,63372330.19,490180,Minnesota Timberwolves,18,MIN,Minnesota,West,Northwest,40,42,0.488,106.9,104.3,3.1,Ronny Turiaf,C,31,1600000,1755125,31,10,19.5,2.1,3.5,0.598,0,0,,2.1,3.5,0.598,0.598,0.7,1.6,0.42,1.8,3.8,5.6,0.8,0.3,1.6,0.8,2.1,4.8,606,13.9,0.578,0,0.467,9.6,22,15.6,5.7,0.7,6.3,15.7,10.7,0.6,0.9,1.5,0.122,-2.3,4,1.7,0.6
2013/2014,58679000,63372330.19,490180,Los Angeles Clippers,13,LAC,California,West,Pacific,57,25,0.695,107.9,101,7.27,Hidayet Turkoglu,SF,34,6650359,7295133,38,0,10.3,1.1,2.9,0.385,0.6,1.3,0.44,0.5,1.6,0.339,0.486,0.2,0.5,0.5,0.3,2.1,2.3,0.9,0.5,0.3,0.4,1.3,3,392,11.3,0.492,0.459,0.165,3.2,21.4,12.6,11.9,2.4,2,12,15,0.1,0.7,0.8,0.095,-1.9,2.1,0.2,0.2
2013/2014,58679000,63372330.19,490180,#N/A,#N/A,TOT,#N/A,#N/A,#N/A,#N/A,#N/A,#N/A,#N/A,#N/A,#N/A,Evan Turner,SF,25,6679866,7327501,81,56,30.3,5.4,12.6,0.425,0.6,1.9,0.321,4.7,10.7,0.444,0.45,2.6,3.2,0.813,0.8,4.3,5,3.2,0.8,0.1,2.3,2.4,14,2457,12.4,0.498,0.153,0.257,2.7,15.7,9,17.8,1.3,0.2,14.3,23.2,-0.5,1.8,1.4,0.027,-2.4,-1.3,-3.7,-1
2013/2014,58679000,63372330.19,490180,Philadelphia 76ers,23,PHI,Pennsylvania,East,Atlantic,19,63,0.232,99.5,109.9,-10.66,Evan Turner,SF,25,6679866,7327501,54,54,34.9,6.6,15.4,0.428,0.7,2.4,0.288,5.9,12.9,0.455,0.451,3.5,4.2,0.829,0.9,5,6,3.7,1,0.1,2.9,2.7,17.4,1886,13.2,0.504,0.159,0.274,2.8,16.2,9.2,17.7,1.4,0.2,14.3,24.4,-0.2,0.9,0.7,0.017,-2.1,-1.7,-3.8,-0.9
2013/2014,58679000,63372330.19,490180,Indiana Pacers,12,IND,Indiana,East,Central,56,26,0.683,96.7,92.3,3.63,Evan Turner,SF,25,6679866,7327501,27,2,21.1,2.9,7,0.411,0.4,0.9,0.5,2.4,6.1,0.398,0.442,0.9,1.3,0.706,0.4,2.7,3.2,2.4,0.4,0.1,1.3,1.8,7.1,571,9.7,0.468,0.126,0.179,2.5,13.9,8.5,18.4,1,0.3,14.2,19.1,-0.2,0.9,0.7,0.059,-3.6,0.4,-3.2,-0.2
2013/2014,58679000,63372330.19,490180,New York Knicks,20,NYK,New York,East,Atlantic,37,45,0.451,98.6,99.4,-1.4,Jeremy Tyler,C,22,556584,610546,41,0,9.7,1.5,2.8,0.517,0,0,,1.5,2.8,0.517,0.517,0.6,1.2,0.542,0.9,1.7,2.7,0.2,0.1,0.5,0.6,1.7,3.6,398,13,0.532,0,0.414,10.9,21.6,16.1,3.3,0.8,4.5,15.9,19.1,0.1,0.4,0.5,0.064,-4.3,-0.8,-5.1,-0.3
2013/2014,58679000,63372330.19,490180,Milwaukee Bucks,17,MIL,Wisconsin,East,Central,15,67,0.183,95.5,103.7,-8.41,Ekpe Udoh,PF,26,4469547,4902884,42,14,19.1,1.4,3.4,0.399,0,0,,1.4,3.4,0.399,0.399,0.7,1.1,0.638,1.5,2.1,3.5,0.7,0.4,1,0.9,2.3,3.4,804,7.6,0.44,0,0.329,8.4,12.8,10.5,5.7,1,4.4,18.8,11.4,-0.4,0.4,0,0,-4.7,1.2,-3.5,-0.3
2013/2014,58679000,63372330.19,490180,#N/A,#N/A,TOT,#N/A,#N/A,#N/A,#N/A,#N/A,#N/A,#N/A,#N/A,#N/A,Beno Udrih,SG,31,1272279,1395629,41,12,15.7,1.9,4.3,0.438,0.5,1,0.452,1.4,3.3,0.434,0.492,0.6,0.7,0.833,0.2,1.2,1.4,2.8,0.6,0.1,1.1,1.2,4.9,643,12.7,0.523,0.236,0.169,1.8,9.2,5.4,28,1.9,0.5,19.7,17.2,0.5,0.3,0.8,0.061,-1.4,-2,-3.4,-0.2
2013/2014,58679000,63372330.19,490180,New York Knicks,20,NYK,New York,East,Atlantic,37,45,0.451,98.6,99.4,-1.4,Beno Udrih,SG,31,1272279,1395629,31,12,19,2.2,5.2,0.425,0.5,1.3,0.425,1.6,3.9,0.425,0.478,0.6,0.8,0.833,0.3,1.5,1.8,3.5,0.7,0.1,1.4,1.5,5.6,588,12.4,0.507,0.25,0.15,1.9,9.7,5.7,28.9,2,0.5,19.8,16.8,0.4,0.3,0.7,0.056,-1.4,-1.8,-3.3,-0.2
2013/2014,58679000,63372330.19,490180,Memphis Grizzlies,15,MEM,Tennessee,West,Southwest,50,32,0.61,96.1,94.6,2.18,Beno Udrih,SG,31,1272279,1395629,10,0,5.5,1,1.8,0.556,0.2,0.2,1,0.8,1.6,0.5,0.611,0.5,0.6,0.833,0,0.2,0.2,0.6,0.1,0.1,0.5,0.4,2.7,55,16,0.654,0.111,0.333,0,4.3,2.2,18,1,1.5,19.5,21.5,0.1,0,0.1,0.117,-1.3,-3.3,-4.6,0
2013/2014,58679000,63372330.19,490180,Toronto Raptors,28,TOR,Ontario,East,Atlantic,48,34,0.585,101.3,98,2.55,Jonas Valanciunas,C,21,3526440,3868340,81,81,28.2,4.4,8.3,0.531,0,0,0,4.4,8.3,0.532,0.531,2.4,3.2,0.762,2.8,6,8.8,0.7,0.3,0.9,1.7,3.1,11.3,2282,16.1,0.579,0.001,0.385,11.5,25.1,18.2,4.2,0.5,2.5,14.7,18.5,3.5,3.2,6.7,0.141,-1.6,0.2,-1.4,0.3
2013/2014,58679000,63372330.19,490180,Cleveland Cavaliers,6,CLE,Ohio,East,Central,33,49,0.402,98.2,101.5,-3.86,Anderson Varejao,C,31,9100000,9982275,65,29,27.7,3.5,7.1,0.495,0,0.1,0,3.5,7,0.502,0.495,1.4,2.1,0.681,2.9,6.8,9.7,2.2,1.1,0.6,1.1,2.5,8.4,1800,17,0.527,0.015,0.294,11.4,28.2,19.6,12.2,2,1.8,12.2,14.6,2.7,2.7,5.4,0.144,-0.4,3,2.7,2.1
2013/2014,58679000,63372330.19,490180,#N/A,#N/A,TOT,#N/A,#N/A,#N/A,#N/A,#N/A,#N/A,#N/A,#N/A,#N/A,Jarvis Varnado,PF,25,310908,341051,24,0,14.1,1.5,2.5,0.6,0,0,,1.5,2.5,0.6,0.6,1.1,2.2,0.519,0.8,1.8,2.6,0.5,0.4,1.2,0.4,2.6,4.1,339,13.3,0.597,0,0.867,5.8,14.6,10,5.7,1.4,6.8,10.8,11.6,0.5,0.3,0.8,0.114,-3.3,2.3,-1,0.1
2013/2014,58679000,63372330.19,490180,Chicago Bulls,5,CHI,Illinois,East,Central,48,34,0.585,93.7,91.8,1.2,Jarvis Varnado,PF,25,310908,341051,1,0,2,0,0,,0,0,,0,0,,,0,0,,0,0,0,0,0,0,0,1,0,2,-9.1,,,,0,0,0,0,0,0,,0,0,0,0,0.038,-7.3,1,-6.3,0
2013/2014,58679000,63372330.19,490180,Philadelphia 76ers,23,PHI,Pennsylvania,East,Atlantic,19,63,0.232,99.5,109.9,-10.66,Jarvis Varnado,PF,25,310908,341051,23,0,14.7,1.6,2.6,0.6,0,0,,1.6,2.6,0.6,0.6,1.2,2.3,0.519,0.8,1.9,2.7,0.6,0.4,1.3,0.4,2.7,4.3,337,13.4,0.597,0,0.867,5.9,14.7,10.1,5.7,1.4,6.9,10.8,11.7,0.5,0.3,0.8,0.115,-3.3,2.3,-1,0.1
2013/2014,58679000,63372330.19,490180,#N/A,#N/A,TOT,#N/A,#N/A,#N/A,#N/A,#N/A,#N/A,#N/A,#N/A,#N/A,Greivis Vasquez,SG-PG,27,2150188,2358655,79,23,22.5,3.5,8.3,0.421,1.4,3.7,0.377,2.1,4.7,0.455,0.504,1.2,1.4,0.88,0.3,1.9,2.2,4.1,0.4,0.1,1.6,1.8,9.6,1779,14.1,0.537,0.439,0.164,1.3,10,5.6,30.4,0.9,0.2,15.4,21.1,2.4,1.2,3.6,0.097,1.2,-2.6,-1.4,0.3
2013/2014,58679000,63372330.19,490180,Sacramento Kings,26,SAC,California,West,Pacific,28,54,0.341,100.5,103.4,-2.08,Greivis Vasquez,PG,27,2150188,2358655,18,18,25.8,3.6,8.3,0.433,0.9,2.8,0.32,2.7,5.6,0.49,0.487,1.7,1.8,0.938,0.3,1.6,1.9,5.3,0.3,0.1,1.5,2.1,9.8,465,14.1,0.536,0.333,0.213,1.2,7.1,4.1,32.8,0.7,0.2,14.1,18.1,0.9,0.1,0.9,0.097,0.9,-3.8,-3,-0.1
2013/2014,58679000,63372330.19,490180,Toronto Raptors,28,TOR,Ontario,East,Atlantic,48,34,0.585,101.3,98,2.55,Greivis Vasquez,SG,27,2150188,2358655,61,5,21.5,3.5,8.3,0.417,1.5,3.9,0.389,2,4.4,0.442,0.509,1.1,1.2,0.855,0.2,2,2.3,3.7,0.4,0.1,1.7,1.7,9.5,1314,14.2,0.537,0.47,0.15,1.3,11.1,6.2,29.5,1,0.2,15.7,22.2,1.6,1.1,2.6,0.096,1.3,-2.2,-0.8,0.4
2013/2014,58679000,63372330.19,490180,#N/A,#N/A,TOT,#N/A,#N/A,#N/A,#N/A,#N/A,#N/A,#N/A,#N/A,#N/A,Jan Vesely,PF,23,3524880,3866628,54,1,14.4,1.6,3.2,0.514,0,0,,1.6,3.2,0.514,0.514,0.4,1,0.339,1.5,2,3.5,0.4,1,0.6,0.7,2.2,3.6,776,12.7,0.498,0,0.324,11.7,16.1,13.9,4,3.4,3.5,15.4,13.2,0.2,1.4,1.6,0.097,-2.7,3.2,0.5,0.5
2013/2014,58679000,63372330.19,490180,Washington Wizards,30,WAS,Washington DC,East,Southeast,44,38,0.537,100.7,99.4,0.48,Jan Vesely,PF,23,3524880,3866628,33,1,14.2,1.5,2.8,0.522,0,0,,1.5,2.8,0.522,0.522,0.2,0.9,0.267,1.6,1.8,3.4,0.3,0.8,0.6,0.7,1.9,3.2,470,11.5,0.494,0,0.326,12.9,15.1,13.9,3.1,2.8,3.3,17.3,12.2,0.1,0.8,0.9,0.09,-3.1,2.5,-0.6,0.2
2013/2014,58679000,63372330.19,490180,Denver Nuggets,8,DEN,Colorado,West,Northwest,36,46,0.439,104.4,106.5,-1.4,Jan Vesely,PF,23,3524880,3866628,21,0,14.6,2,3.9,0.506,0,0,,2,3.9,0.506,0.506,0.5,1.2,0.423,1.3,2.4,3.7,0.5,1.3,0.8,0.7,2.7,4.4,306,14.5,0.503,0,0.321,9.8,17.7,13.8,5.4,4.3,3.9,13.2,14.8,0.1,0.6,0.7,0.109,-2.1,4.3,2.2,0.3
2013/2014,58679000,63372330.19,490180,Detroit Pistons,9,DET,Michigan,East,Central,29,53,0.354,101,104.7,-4.13,Charlie Villanueva,PF,29,8580000,9411859,20,0,9,1.8,4.6,0.38,0.7,2.8,0.25,1.1,1.8,0.583,0.457,0.4,0.7,0.571,0.3,1.4,1.7,0.3,0.2,0.3,0.4,0.8,4.6,180,12.7,0.469,0.609,0.152,3.5,17.9,10.3,5.5,1.1,2.2,6.7,25,0,0.1,0.1,0.034,-1.2,-4,-5.2,-0.1
2013/2014,58679000,63372330.19,490180,Orlando Magic,22,ORL,Florida,East,Southeast,23,59,0.28,96.5,102,-5.88,Nikola Vucevic,C,23,1892280,2075742,57,57,31.8,6.2,12.2,0.507,0,0,,6.2,12.2,0.507,0.507,1.8,2.4,0.766,3.2,7.7,11,1.8,1.1,0.8,2,3,14.2,1812,18.8,0.536,0,0.197,11.5,27.6,19.5,10.2,1.7,2,12.9,21.8,1.8,2.6,4.4,0.116,-1,1.5,0.5,1.2
2013/2014,58679000,63372330.19,490180,Los Angeles Clippers,13,LAC,California,West,Pacific,57,25,0.695,107.9,101,7.27,Sasha Vujacic,SG,29,69791,76557,2,0,5,1,2.5,0.4,0.5,1,0.5,0.5,1.5,0.333,0.5,0,0,,0,1.5,1.5,0,0.5,0,1.5,0.5,2.5,10,1.5,0.5,0.4,0,0,32.2,16.7,0,5,0,37.5,35.3,-0.1,0,-0.1,-0.289,-16.7,-3.4,-20.1,0
2013/2014,58679000,63372330.19,490180,Miami Heat,16,MIA,Florida,East,Southeast,54,28,0.659,102.2,97.4,4.15,Dwyane Wade,SG,32,18536000,20333127,54,53,32.9,7.7,14.1,0.545,0.2,0.6,0.281,7.5,13.5,0.557,0.551,3.5,4.8,0.733,1.1,3.4,4.5,4.7,1.5,0.5,3,2,19,1775,22,0.588,0.042,0.339,4.4,12.3,8.5,25.5,2.3,1.4,15.5,27.9,3.5,2,5.5,0.149,1.9,0.3,2.3,1.9
2013/2014,58679000,63372330.19,490180,Cleveland Cavaliers,6,CLE,Ohio,East,Central,33,49,0.402,98.2,101.5,-3.86,Dion Waiters,SG,22,3894240,4271799,70,24,29.6,6.1,14.2,0.433,1.3,3.6,0.368,4.8,10.6,0.455,0.479,2.3,3.4,0.685,0.5,2.3,2.8,3,0.9,0.2,2.2,2.2,15.9,2072,14,0.508,0.252,0.237,1.7,9,5.3,18.2,1.6,0.7,12.3,26.9,0.3,1.3,1.6,0.037,-0.2,-1.8,-2.1,0
2013/2014,58679000,63372330.19,490180,Charlotte Bobcats,4,CHA,North Carolina,East,Southeast,43,39,0.524,96.9,97.1,-0.89,Kemba Walker,PG,23,2709720,2972436,73,73,35.8,6.2,15.7,0.393,1.5,4.5,0.333,4.7,11.2,0.417,0.441,3.9,4.6,0.837,0.5,3.7,4.2,6.1,1.2,0.4,2.3,1.8,17.7,2614,16.8,0.499,0.286,0.295,1.7,11.6,6.6,29.7,1.7,1,11.6,25.8,1.8,3.3,5.1,0.093,1.6,0.2,1.7,2.4
2013/2014,58679000,63372330.19,490180,Washington Wizards,30,WAS,Washington DC,East,Southeast,44,38,0.537,100.7,99.4,0.48,John Wall,PG,23,7459924,8183188,82,82,36.3,7.1,16.3,0.433,1.3,3.8,0.351,5.7,12.5,0.458,0.473,3.9,4.8,0.805,0.5,3.6,4.1,8.8,1.8,0.5,3.6,2.7,19.3,2980,19.5,0.524,0.23,0.295,1.5,11.7,6.5,40.5,2.6,1.1,16.3,27.4,4,4,7.9,0.128,2.4,0.2,2.6,3.4
2013/2014,58679000,63372330.19,490180,Boston Celtics,2,BOS,Massachusetts,East,Atlantic,25,57,0.305,96.2,100.7,-4.97,Gerald Wallace,SF,31,10105855,11085651,58,16,24.4,2,4,0.504,0.3,1.1,0.297,1.7,2.9,0.584,0.546,0.8,1.7,0.465,0.6,3,3.7,2.5,1.3,0.2,1.7,1.4,5.1,1416,10,0.543,0.278,0.439,2.8,14.5,8.5,14.9,2.7,0.8,26.1,11.6,-0.3,1.6,1.3,0.043,-2.5,2.2,-0.3,0.6
2013/2014,58679000,63372330.19,490180,Philadelphia 76ers,23,PHI,Pennsylvania,East,Atlantic,19,63,0.232,99.5,109.9,-10.66,Casper Ware,PG,24,69201,75910,9,0,12.9,2,4.7,0.429,0.8,2.3,0.333,1.2,2.3,0.524,0.512,0.6,0.7,0.833,0,1,1,1.1,0.9,0,0.6,1.2,5.3,116,13,0.538,0.5,0.143,0,8.7,4.2,13.7,3.3,0,10.1,18.1,0.1,0.1,0.2,0.071,-1.1,-2.5,-3.6,0
2013/2014,58679000,63372330.19,490180,Indiana Pacers,12,IND,Indiana,East,Central,56,26,0.683,96.7,92.3,3.63,CJ Watson,PG,29,2016000,2211457,63,5,18.9,2.3,5.3,0.437,0.8,2.3,0.366,1.5,3,0.492,0.516,1.1,1.4,0.784,0.3,1.3,1.6,1.7,1,0.1,1,1,6.6,1193,13,0.555,0.434,0.263,1.9,7.4,4.8,14.4,2.6,0.5,13.9,16.6,1.1,2.1,3.2,0.13,-0.3,0.8,0.5,0.7
2013/2014,58679000,63372330.19,490180,Portland Trail Blazers,25,POR,Oregon,West,Northwest,54,28,0.659,106.7,102.8,4.44,Earl Watson,PG,34,1399507,1535193,24,0,6.7,0.1,0.5,0.273,0.1,0.3,0.286,0,0.2,0.25,0.364,0.2,0.2,1,0.2,0.4,0.6,1.2,0.2,0,0.7,1.4,0.5,161,2.1,0.47,0.636,0.364,3.4,6.6,5,22,1.6,0.4,57.1,8.1,-0.2,0.1,-0.1,-0.018,-5.1,-0.5,-5.6,-0.1
2013/2014,58679000,63372330.19,490180,Los Angeles Clippers,13,LAC,California,West,Pacific,57,25,0.695,107.9,101,7.27,Maalik Wayns,PG,22,361952,397044,2,0,4.5,0.5,1,0.5,0,0,,0.5,1,0.5,0.5,0,0,,0,1,1,1,1,0,0,2,1,9,19.3,0.5,0,0,0,23.9,12.3,31.7,11.1,0,0,9.8,0,0,0.1,0.313,2,9.2,11.2,0
2013/2014,58679000,63372330.19,490180,Washington Wizards,30,WAS,Washington DC,East,Southeast,44,38,0.537,100.7,99.4,0.48,Martell Webster,SF,27,5150000,5649309,78,13,27.7,3.3,7.5,0.433,1.9,4.8,0.392,1.4,2.8,0.502,0.557,1.3,1.6,0.84,0.5,2.4,2.8,1.2,0.5,0.2,0.7,1.9,9.7,2157,11.5,0.591,0.634,0.213,2,10.1,6,6.7,1,0.6,8.3,14.7,3.3,1.7,5,0.112,1,-1.1,-0.1,1
2013/2014,58679000,63372330.19,490180,Indiana Pacers,12,IND,Indiana,East,Central,56,26,0.683,96.7,92.3,3.63,David West,PF,33,12000000,13163440,80,80,30.9,5.7,11.7,0.488,0.1,0.2,0.267,5.7,11.6,0.491,0.49,2.5,3.1,0.789,1.5,5.3,6.8,2.8,0.8,0.9,1.7,2.3,14,2472,17.5,0.533,0.016,0.267,5.7,18.3,12.3,16.1,1.3,2.3,11.2,21.9,3.1,5,8.1,0.157,-0.6,2.7,2,2.5
2013/2014,58679000,63372330.19,490180,Oklahoma City Thunder,21,OKC,Oklahoma,West,Northwest,59,23,0.72,106.2,99.8,6.66,Russell Westbrook,PG,25,14693906,16118529,46,46,30.7,7.5,17.2,0.437,1.5,4.7,0.318,6,12.5,0.482,0.48,5.3,6.4,0.826,1.2,4.5,5.7,6.9,1.9,0.2,3.8,2.3,21.8,1412,24.7,0.545,0.271,0.37,4.6,15.9,10.5,40.2,3.1,0.4,16.1,34.4,3,2.3,5.2,0.178,5.2,1.2,6.4,3
2013/2014,58679000,63372330.19,490180,Charlotte Bobcats,4,CHA,North Carolina,East,Southeast,43,39,0.524,96.9,97.1,-0.89,DJ White,PF,27,#N/A,#N/A,2,0,5,0,0.5,0,0,0,,0,0.5,0,0,0,0,,0,1,1,0,0.5,0,0,0.5,0,10,2.4,0,0,0,0,22.7,11.3,0,5.2,0,0,4.6,0,0,0,0.004,-10.3,3.4,-6.9,0
2013/2014,58679000,63372330.19,490180,Sacramento Kings,26,SAC,California,West,Pacific,28,54,0.341,100.5,103.4,-2.08,Royce White,PF,22,1777148,1949448,3,0,3,0,0.3,0,0,0,,0,0.3,0,0,0,0,,0,0,0,0,0,0,0,0.7,0,9,-8.3,0,0,0,0,0,0,0,0,0,0,4.9,0,0,0,-0.121,-9.1,-1.3,-10.4,0
2013/2014,58679000,63372330.19,490180,Brooklyn Nets,3,BRK,New York,East,Atlantic,44,38,0.537,98.5,99.5,-1.58,Deron Williams,PG,29,18466130,20256483,64,58,32.2,5,11.2,0.45,1.5,4.2,0.366,3.5,7,0.5,0.518,2.7,3.4,0.801,0.2,2.4,2.6,6.1,1.5,0.2,2.2,2.3,14.3,2059,17.6,0.564,0.374,0.302,0.9,8.9,4.9,32.8,2.4,0.5,15,21.8,3.8,1.5,5.4,0.125,2.7,-1.5,1.2,1.6
2013/2014,58679000,63372330.19,490180,#N/A,#N/A,TOT,#N/A,#N/A,#N/A,#N/A,#N/A,#N/A,#N/A,#N/A,#N/A,Derrick Williams,SF-PF,22,5293080,5806261,78,15,23.3,2.6,6.2,0.427,0.3,1.3,0.263,2.3,4.9,0.47,0.454,2.4,3.3,0.718,0.9,3.2,4.1,0.7,0.6,0.3,1,1.5,8,1820,11.5,0.524,0.205,0.537,4.3,15.8,10,4.7,1.3,0.9,11.3,16.2,1.3,1.3,2.6,0.068,-2.1,-0.5,-2.6,-0.3
2013/2014,58679000,63372330.19,490180,Minnesota Timberwolves,18,MIN,Minnesota,West,Northwest,40,42,0.488,106.9,104.3,3.1,Derrick Williams,PF,22,5293080,5806261,11,0,14.7,1.7,4.9,0.352,0.2,1.4,0.133,1.5,3.5,0.436,0.37,1.3,1.5,0.875,0.3,2.1,2.4,0.1,0.4,0.4,0.5,0.8,4.9,162,7.6,0.442,0.278,0.296,2,15.9,8.7,0.9,1.2,1.9,8.9,17.6,-0.1,0.2,0,0.008,-6,-1.7,-7.7,-0.2
2013/2014,58679000,63372330.19,490180,Sacramento Kings,26,SAC,California,West,Pacific,28,54,0.341,100.5,103.4,-2.08,Derrick Williams,SF,22,5293080,5806261,67,15,24.7,2.8,6.4,0.437,0.4,1.3,0.286,2.4,5.1,0.474,0.465,2.6,3.6,0.708,1,3.4,4.4,0.8,0.7,0.2,1,1.6,8.5,1658,11.9,0.533,0.196,0.568,4.6,15.8,10.1,5.1,1.4,0.8,11.6,16.1,1.4,1.1,2.5,0.073,-1.7,-0.4,-2.1,-0.1
2013/2014,58679000,63372330.19,490180,Philadelphia 76ers,23,PHI,Pennsylvania,East,Atlantic,19,63,0.232,99.5,109.9,-10.66,Elliot Williams,SG,24,797545,874869,67,2,17.3,2.1,5,0.415,0.6,1.9,0.296,1.5,3.2,0.486,0.47,1.3,1.8,0.731,0.4,1.5,1.9,1.1,0.5,0,1,1.9,6,1157,8.7,0.519,0.371,0.353,2.7,9.7,6.1,9.4,1.5,0.2,14.9,16.7,0,0.3,0.3,0.014,-3.2,-2.6,-5.7,-1.1
2013/2014,58679000,63372330.19,490180,Atlanta Hawks,1,ATL,Georgia,East,Southeast,38,44,0.463,101,101.5,-0.88,Louis Williams,PG,27,5225000,5731581,60,7,24.1,3.3,8.2,0.4,1.3,3.9,0.342,2,4.4,0.45,0.48,2.5,3,0.849,0.2,1.9,2.1,3.5,0.8,0.1,1.5,1.1,10.4,1445,14.2,0.547,0.469,0.363,0.8,9.1,5,22.9,1.6,0.2,13.9,20.9,1.6,1,2.6,0.087,0.3,-2.1,-1.8,0.1
2013/2014,58679000,63372330.19,490180,Utah Jazz,29,UTA,Utah,West,Northwest,25,57,0.305,95,102.2,-6.27,Marvin Williams,PF,27,7500000,8227150,66,50,25.4,3.5,8,0.439,1.3,3.5,0.359,2.2,4.4,0.503,0.519,0.9,1.1,0.781,1.2,3.8,5.1,1.2,0.8,0.5,0.8,2.3,9.1,1674,14,0.54,0.445,0.139,5.5,17.9,11.5,7.7,1.7,1.5,8.7,16.7,1.9,1,2.9,0.084,0.5,-0.3,0.2,0.9
2013/2014,58679000,63372330.19,490180,Portland Trail Blazers,25,POR,Oregon,West,Northwest,54,28,0.659,106.7,102.8,4.44,Maurice Williams,PG,31,2652000,2909120,74,0,24.8,3.8,9.1,0.417,1.1,3,0.369,2.7,6,0.441,0.478,1.1,1.2,0.876,0.6,1.5,2.1,4.3,0.7,0.1,2,2.7,9.7,1834,11.8,0.507,0.335,0.132,2.5,6.4,4.5,26.7,1.5,0.4,17.3,20.5,1,1.2,2.2,0.056,-0.2,-1.7,-2,0
2013/2014,58679000,63372330.19,490180,Oklahoma City Thunder,21,OKC,Oklahoma,West,Northwest,59,23,0.72,106.2,99.8,6.66,Reggie Williams,SF,27,111518,122330,3,0,5.7,1.7,3,0.556,0.3,1,0.333,1.3,2,0.667,0.611,0,0,,0,0,0,0.3,0.3,0,0.7,0.3,3.7,17,16.4,0.611,0.333,0,0,0,0,11.5,3,0,18.2,28.7,0,0,0,0.034,-2,-6.2,-8.2,0
2013/2014,58679000,63372330.19,490180,Los Angeles Lakers,14,LAL,California,West,Pacific,27,55,0.329,103,109.2,-5.33,Shawne Williams,PF,27,535770,587714,36,13,20.9,2,5.3,0.38,1.2,3.6,0.326,0.9,1.8,0.492,0.49,0.4,0.6,0.7,0.7,3.9,4.6,0.8,0.5,0.8,0.6,2.6,5.6,751,9.5,0.503,0.672,0.104,3.6,20.2,11.9,5.7,1.2,2.9,9.5,12.9,0.1,0.6,0.7,0.045,-1.9,0.7,-1.2,0.2
2013/2014,58679000,63372330.19,490180,New Orleans Pelicans,19,NOP,Louisiana,West,Southwest,34,48,0.415,99.7,102.4,-1.98,Jeff Withey,C,23,490180,537704,58,4,11.8,1.2,2.2,0.535,0,0,0,1.2,2.2,0.539,0.535,0.9,1.3,0.712,0.8,1.7,2.6,0.4,0.3,0.9,0.3,1.3,3.3,684,15.2,0.59,0.008,0.566,8.2,17.4,12.7,5.6,1.1,6.1,11,12,1.2,0.6,1.8,0.128,-1.4,1.7,0.3,0.4
2013/2014,58679000,63372330.19,490180,Milwaukee Bucks,17,MIL,Wisconsin,East,Central,15,67,0.183,95.5,103.7,-8.41,Nate Wolters,PG,22,490180,537704,58,31,22.6,2.9,6.7,0.437,0.3,1.1,0.29,2.6,5.6,0.465,0.46,1,1.6,0.656,0.6,2,2.6,3.2,0.6,0.3,1,1.2,7.2,1309,12.7,0.486,0.159,0.231,2.8,10.5,6.5,23.3,1.4,0.9,11.7,16.8,0.9,0.2,1.2,0.043,-1.4,-2.1,-3.4,-0.5
2013/2014,58679000,63372330.19,490180,New York Knicks,20,NYK,New York,East,Atlantic,37,45,0.451,98.6,99.4,-1.4,Metta World Peace,SF,34,9317280,10220620,29,1,13.4,1.9,4.9,0.397,0.6,1.9,0.315,1.3,3,0.448,0.457,0.3,0.6,0.625,0.6,1.4,2,0.6,0.8,0.3,0.7,1.5,4.8,388,11.7,0.469,0.383,0.113,5.3,12.8,8.9,7.1,3.3,1.8,11.4,20,-0.2,0.4,0.3,0.032,-1.9,-0.1,-2.1,0
2013/2014,58679000,63372330.19,490180,Dallas Mavericks,7,DAL,Texas,West,Southwest,49,33,0.598,104.8,102.4,2.91,Brandan Wright,C,26,5000000,5484766,58,0,18.6,3.9,5.7,0.677,0,0,,3.9,5.7,0.677,0.677,1.3,1.8,0.726,1.8,2.4,4.2,0.5,0.6,0.9,0.6,1.6,9.1,1077,23.5,0.695,0,0.32,11,15.1,13.1,4.7,1.5,4.2,8.5,17.4,4.1,1,5.1,0.227,3.1,0.6,3.6,1.5
2013/2014,58679000,63372330.19,490180,Milwaukee Bucks,17,MIL,Wisconsin,East,Central,15,67,0.183,95.5,103.7,-8.41,Chris Wright,SF,25,139212,152709,8,0,15.8,2.6,4.4,0.6,0,0.1,0,2.6,4.3,0.618,0.6,0.8,1.9,0.4,1.3,1.3,2.5,0.6,0.9,0.6,0.6,2.1,6,126,16.5,0.577,0.029,0.429,8.8,9.4,9.1,6.9,2.9,3.2,10.7,16.7,0.2,0.1,0.3,0.102,-0.4,0.2,-0.2,0.1
2013/2014,58679000,63372330.19,490180,Portland Trail Blazers,25,POR,Oregon,West,Northwest,54,28,0.659,106.7,102.8,4.44,Dorell Wright,SF,28,3000000,3290860,68,13,14.5,1.6,4.4,0.374,1,3,0.342,0.6,1.4,0.442,0.49,0.8,1,0.754,0.4,2.4,2.8,0.9,0.3,0.2,0.6,0.9,5,984,11.9,0.524,0.68,0.232,3.2,17.5,10.5,9.4,1.2,1.1,10.6,16.2,0.9,1,1.9,0.091,-0.1,-0.3,-0.4,0.4
2013/2014,58679000,63372330.19,490180,Philadelphia 76ers,23,PHI,Pennsylvania,East,Atlantic,19,63,0.232,99.5,109.9,-10.66,Tony Wroten,PG,20,1160040,1272509,72,16,24.5,4.8,11.2,0.427,0.6,2.6,0.213,4.2,8.6,0.492,0.452,2.9,4.5,0.641,1,2.2,3.2,3,1.1,0.2,2.8,2.1,13,1765,12.9,0.493,0.233,0.403,4.1,10.1,7,20.9,2.1,0.7,17.7,27.7,-1.8,0.9,-0.9,-0.025,-2.3,-2.3,-4.6,-1.2
2013/2014,58679000,63372330.19,490180,Los Angeles Lakers,14,LAL,California,West,Pacific,27,55,0.329,103,109.2,-5.33,Nick Young,SG,28,1106942,1214263,64,9,28.3,6,13.9,0.435,2.1,5.5,0.386,3.9,8.4,0.468,0.511,3.7,4.5,0.825,0.5,2.1,2.6,1.5,0.7,0.2,1.5,2.4,17.9,1810,16,0.564,0.394,0.321,1.7,8.1,4.9,9,1.2,0.5,8.6,26.8,2.3,0.3,2.5,0.067,1.7,-3.6,-1.9,0
2013/2014,58679000,63372330.19,490180,Philadelphia 76ers,23,PHI,Pennsylvania,East,Atlantic,19,63,0.232,99.5,109.9,-10.66,Thaddeus Young,PF,25,8600000,9433798,79,78,34.4,7.4,16.2,0.454,1.1,3.7,0.308,6.2,12.5,0.496,0.489,2.1,2.9,0.712,2.1,3.9,6,2.3,2.1,0.5,2.1,2.7,17.9,2718,16.6,0.512,0.228,0.178,6.3,12.8,9.5,11.8,3,1.1,10.7,24.1,1.2,2.3,3.5,0.062,0.2,-0.4,-0.2,1.2
2013/2014,58679000,63372330.19,490180,Charlotte Bobcats,4,CHA,North Carolina,East,Southeast,43,39,0.524,96.9,97.1,-0.89,Cody Zeller,C,21,3857040,4230993,82,3,17.3,2.1,4.9,0.426,0,0,0,2.1,4.9,0.427,0.426,1.8,2.4,0.73,1.4,2.9,4.3,1.1,0.5,0.5,1.1,2.1,6,1416,13.1,0.498,0.002,0.495,9.4,18.8,14.1,10.4,1.5,2.3,15,18.9,0.4,2.2,2.6,0.09,-3.2,1.8,-1.3,0.2
2013/2014,58679000,63372330.19,490180,Cleveland Cavaliers,6,CLE,Ohio,East,Central,33,49,0.402,98.2,101.5,-3.86,Tyler Zeller,C,24,1633440,1791807,70,9,15,2.2,4.1,0.538,0,0,0,2.2,4.1,0.54,0.538,1.2,1.7,0.719,1.5,2.6,4,0.5,0.3,0.5,0.9,2,5.7,1049,15.4,0.581,0.003,0.417,10.8,19.6,15.1,5.6,0.9,3,14.9,17.1,1.5,1.1,2.6,0.12,-1.9,0.2,-1.7,0.1
2012/2013,58044000,63707436,473604,Toronto Raptors,28,TOR,Ontario,East,Atlantic,34,48,0.415,97.2,98.7,-1.96,Quincy Acy,PF,22,665000,742272,29,0,11.8,1.4,2.6,0.56,0,0.1,0.5,1.4,2.5,0.562,0.567,1.1,1.3,0.816,1,1.6,2.7,0.4,0.4,0.5,0.6,1.8,4,342,15.9,0.632,0.027,0.507,10.3,16.6,13.4,5.2,2,3.5,15.6,14.7,0.7,0.4,1.1,0.157,-0.6,1.3,0.7,0.2
2012/2013,58044000,63707436,473604,Charlotte Bobcats,4,CHA,North Carolina,East,Southeast,21,61,0.256,93.4,102.7,-9.29,Jeff Adrien,PF,26,653356,729274,52,5,13.7,1.4,3.2,0.429,0,0,0,1.4,3.2,0.434,0.429,1.3,1.9,0.65,1.3,2.5,3.8,0.7,0.3,0.5,0.6,1.5,4,713,13.4,0.493,0.012,0.595,10.6,21.2,15.7,8.3,1.3,3.1,13.1,15.6,0.5,0.4,1,0.064,-3,-0.2,-3.3,-0.2
2012/2013,58044000,63707436,473604,Orlando Magic,22,ORL,Florida,East,Southeast,20,62,0.244,94.1,101.1,-7.12,Arron Afflalo,SF,27,7562500,8441251,64,64,36,6.2,14.1,0.439,1.1,3.8,0.3,5.1,10.4,0.489,0.478,3,3.5,0.857,0.5,3.3,3.7,3.2,0.6,0.2,2.2,2.1,16.5,2307,13,0.527,0.265,0.246,1.4,10.3,5.8,14.6,0.9,0.4,12.1,22.5,1.5,0.5,2,0.042,-0.3,-2,-2.3,-0.2
2012/2013,58044000,63707436,473604,Dallas Mavericks,7,DAL,Texas,West,Southwest,41,41,0.5,101.1,101.7,-0.24,Josh Akognon,PG,26,41788,46643,3,0,3,0.7,1.3,0.5,0.3,0.7,0.5,0.3,0.7,0.5,0.625,0,0,,0,0.3,0.3,0.3,0,0,0,1,1.7,9,15.3,0.625,0.5,0,0,12.1,6.2,19.4,0,0,0,20.3,0,0,0,0.196,4.7,-4.9,-0.2,0
2012/2013,58044000,63707436,473604,#N/A,#N/A,TOT,#N/A,#N/A,#N/A,#N/A,#N/A,#N/A,#N/A,#N/A,#N/A,Cole Aldrich,C,24,2445480,2729641,45,0,8.6,1,1.8,0.55,0,0,,1,1.8,0.55,0.55,0.3,0.4,0.6,0.7,2,2.7,0.2,0.1,0.5,0.5,1.3,2.2,388,11.1,0.563,0,0.25,8.7,26.7,17.7,3.4,0.7,4.6,20.6,12.7,0.1,0.4,0.6,0.07,-4.8,0.7,-4,-0.2
2012/2013,58044000,63707436,473604,Houston Rockets,11,HOU,Texas,West,Southwest,45,37,0.549,106,102.5,3.69,Cole Aldrich,C,24,2445480,2729641,30,0,7.1,0.8,1.4,0.535,0,0,,0.8,1.4,0.535,0.535,0.1,0.3,0.444,0.4,1.5,1.9,0.2,0.1,0.3,0.5,1.4,1.7,213,7.3,0.532,0,0.209,6.5,23.7,15.2,4.1,0.7,3.2,23,12.5,-0.1,0.3,0.2,0.038,-5.7,1,-4.8,-0.1
2012/2013,58044000,63707436,473604,Sacramento Kings,26,SAC,California,West,Pacific,28,54,0.341,100.2,105.1,-4.26,Cole Aldrich,C,24,2445480,2729641,15,0,11.7,1.4,2.5,0.568,0,0,,1.4,2.5,0.568,0.568,0.5,0.7,0.727,1.2,3,4.2,0.2,0.1,0.9,0.6,1.3,3.3,175,15.7,0.598,0,0.297,11.5,30.4,20.7,2.6,0.6,6.3,17.7,12.9,0.2,0.2,0.4,0.109,-3.6,0.5,-3.1,-0.1
2012/2013,58044000,63707436,473604,Portland Trail Blazers,25,POR,Oregon,West,Northwest,33,49,0.402,97.5,100.7,-2.53,LaMarcus Aldridge,PF,27,13000000,14510580,74,74,37.7,8.6,17.8,0.484,0,0.2,0.143,8.6,17.6,0.488,0.485,3.8,4.7,0.81,2.4,6.7,9.1,2.6,0.8,1.2,1.9,2.5,21.1,2790,20.4,0.53,0.011,0.264,7.2,20.9,14,13,1.2,2.5,8.9,26.5,4.8,2.3,7.2,0.124,0.3,0.5,0.8,2
2012/2013,58044000,63707436,473604,Philadelphia 76ers,23,PHI,Pennsylvania,East,Atlantic,34,48,0.415,93.2,96.5,-3.51,Lavoy Allen,C,23,3000000,3348595,79,37,21.1,2.6,5.7,0.454,0,0,0,2.6,5.7,0.455,0.454,0.5,0.8,0.717,2,3,5,0.9,0.3,0.7,0.7,2.3,5.8,1669,11.5,0.474,0.002,0.132,10.5,16.5,13.4,6.7,0.8,2.6,10.3,14.8,0.9,1.6,2.5,0.072,-3.2,0.6,-2.6,-0.3
2012/2013,58044000,63707436,473604,Miami Heat,16,MIA,Florida,East,Southeast,66,16,0.805,102.9,95,7.03,Ray Allen,SG,37,3090000,3449053,79,0,25.8,3.7,8.2,0.449,1.8,4.2,0.419,1.9,4,0.48,0.555,1.8,2,0.886,0.5,2.2,2.7,1.7,0.8,0.2,1.3,1.6,10.9,2035,14.7,0.599,0.51,0.243,2.6,10.1,6.6,10.2,1.7,0.6,12.5,19.3,3.4,1.9,5.4,0.126,1.7,-1.5,0.2,1.1
2012/2013,58044000,63707436,473604,Memphis Grizzlies,15,MEM,Tennessee,West,Southwest,56,26,0.683,93.4,89.3,4.32,Tony Allen,SG,31,3300000,3683455,79,79,26.7,3.6,8.1,0.445,0,0.3,0.125,3.6,7.8,0.458,0.447,1.7,2.4,0.717,1.5,3.1,4.6,1.2,1.5,0.6,1.2,2.7,8.9,2109,13.2,0.489,0.038,0.293,6.6,13.8,10.2,7.6,3.1,1.7,11.5,17.8,1,4.1,5.1,0.115,-1.6,2.9,1.3,1.8
2012/2013,58044000,63707436,473604,New Orleans Hornets,19,NOH,Louisiana,West,Southwest,27,55,0.329,94.1,97.9,-3.12,Al-Farouq Aminu,SF,22,2947800,3290329,76,71,27.2,3,6.2,0.475,0.1,0.3,0.211,2.9,6,0.486,0.479,1.3,1.8,0.737,1.8,5.9,7.7,1.4,1.2,0.7,1.5,2,7.3,2066,13.7,0.519,0.04,0.289,7.9,26.2,16.9,7.8,2.4,2.1,17.8,14.6,0.7,2.4,3.1,0.073,-2,2.4,0.4,1.3
2012/2013,58044000,63707436,473604,#N/A,#N/A,TOT,#N/A,#N/A,#N/A,#N/A,#N/A,#N/A,#N/A,#N/A,#N/A,Louis Amundson,PF,30,1365196,1523829,39,0,9.5,0.8,2.1,0.395,0,0,,0.8,2.1,0.395,0.395,0.3,0.9,0.333,1.2,1.5,2.7,0.3,0.4,0.3,0.5,1.4,1.9,372,9.3,0.392,0,0.444,14.7,18.7,16.7,4.5,2.3,2.6,16.4,14.2,-0.3,0.4,0.1,0.019,-4.4,1,-3.3,-0.1
2012/2013,58044000,63707436,473604,Minnesota Timberwolves,18,MIN,Minnesota,West,Northwest,31,51,0.378,95.7,98.1,-1.83,Louis Amundson,PF,30,1365196,1523829,20,0,8.1,0.7,1.9,0.368,0,0,,0.7,1.9,0.368,0.368,0.2,1,0.2,1.2,1.2,2.4,0.2,0.4,0.3,0.6,1.3,1.6,161,6.3,0.342,0,0.526,15.9,17.6,16.7,2.8,2.2,2.9,19,16.1,-0.4,0.2,-0.1,-0.038,-6.9,0.9,-5.9,-0.2
2012/2013,58044000,63707436,473604,Chicago Bulls,5,CHI,Illinois,East,Central,45,37,0.549,93.2,92.9,-0.02,Louis Amundson,PF,30,1365196,1523829,1,0,2,0,1,0,0,0,,0,1,0,0,0,0,,1,0,1,0,0,0,0,0,0,2,0,0,0,0,56.7,0,28.7,0,0,0,0,23,0,0,0,-0.274,-9.7,-11.4,-21.1,0
2012/2013,58044000,63707436,473604,New Orleans Hornets,19,NOH,Louisiana,West,Southwest,27,55,0.329,94.1,97.9,-3.12,Louis Amundson,PF,30,1365196,1523829,18,0,11.6,1,2.3,0.429,0,0,,1,2.3,0.429,0.429,0.4,0.9,0.5,1.3,1.9,3.2,0.4,0.5,0.3,0.4,1.5,2.4,209,11.7,0.449,0,0.381,13.4,19.7,16.5,5.8,2.3,2.4,14,12.7,0.1,0.2,0.3,0.065,-2.4,1.3,-1.1,0
2012/2013,58044000,63707436,473604,Miami Heat,16,MIA,Florida,East,Southeast,66,16,0.805,102.9,95,7.03,Chris Andersen,C,34,5225952,5833199,42,0,14.9,1.7,2.9,0.577,0,0.1,0.667,1.6,2.9,0.575,0.585,1.5,2.2,0.677,1.4,2.7,4.1,0.4,0.4,1,0.6,2.1,4.9,624,17.4,0.631,0.024,0.756,11.9,21.5,17,4,1.4,5.8,12.8,14.4,1.6,1.1,2.7,0.207,-0.6,1.8,1.2,0.5
2012/2013,58044000,63707436,473604,Toronto Raptors,28,TOR,Ontario,East,Atlantic,34,48,0.415,97.2,98.7,-1.96,Alan Anderson,SF,30,885120,987969,65,2,23,3.6,9.5,0.383,1.5,4.4,0.333,2.2,5.1,0.426,0.46,1.9,2.3,0.857,0.5,1.8,2.3,1.6,0.7,0.1,1.2,2,10.7,1495,12.6,0.509,0.463,0.239,2.7,9.2,5.9,11.7,1.7,0.4,10.5,23.6,0.8,0.8,1.6,0.052,0.4,-2.4,-2,0
2012/2013,58044000,63707436,473604,#N/A,#N/A,TOT,#N/A,#N/A,#N/A,#N/A,#N/A,#N/A,#N/A,#N/A,#N/A,James Anderson,SG-SF,23,902002,1006812,39,2,10.3,1.3,3.2,0.413,0.5,1.5,0.35,0.8,1.7,0.47,0.496,0.6,0.7,0.857,0.5,1.4,1.8,1.1,0.4,0.1,0.6,0.6,3.8,401,13.9,0.539,0.476,0.222,5.2,15,10.2,15.8,1.9,0.9,15.3,18,0.4,0.4,0.9,0.106,-0.1,0,-0.1,0.2
2012/2013,58044000,63707436,473604,San Antonio Spurs,27,SAS,Texas,West,Southwest,58,24,0.707,103,96.6,6.67,James Anderson,SF,23,902002,1006812,10,0,9.4,1.1,2.5,0.44,0.5,1.1,0.455,0.6,1.4,0.429,0.54,0.7,0.9,0.778,0.3,1.1,1.4,0.9,0.3,0.2,0.7,0.7,3.4,94,13,0.587,0.44,0.36,3.9,12.8,8.6,13.9,1.6,1.5,19.5,17.6,0.1,0.1,0.2,0.109,-1,0.3,-0.7,0
2012/2013,58044000,63707436,473604,Houston Rockets,11,HOU,Texas,West,Southwest,45,37,0.549,106,102.5,3.69,James Anderson,SG,23,902002,1006812,29,2,10.6,1.4,3.5,0.406,0.6,1.7,0.327,0.9,1.8,0.481,0.485,0.6,0.7,0.895,0.5,1.5,2,1.1,0.4,0.1,0.6,0.6,4,307,14.2,0.526,0.485,0.188,5.6,15.7,10.7,16.4,2,0.7,14.1,18.1,0.4,0.3,0.7,0.105,0.2,-0.1,0,0.2
2012/2013,58044000,63707436,473604,New Orleans Hornets,19,NOH,Louisiana,West,Southwest,27,55,0.329,94.1,97.9,-3.12,Ryan Anderson,PF,24,8700000,9710926,81,22,30.9,5.8,13.8,0.423,2.6,6.9,0.382,3.2,6.9,0.464,0.519,1.9,2.2,0.844,2.4,4,6.4,1.2,0.5,0.4,1.2,2.2,16.2,2503,18.1,0.548,0.5,0.161,8.9,15.9,12.4,6.9,0.9,1,7.5,24,5.7,0.8,6.5,0.125,4.1,-2.9,1.3,2.1
2012/2013,58044000,63707436,473604,New York Knicks,20,NYK,New York,East,Atlantic,54,28,0.659,100,95.7,3.73,Carmelo Anthony,PF,28,19450000,21710060,67,67,37,10,22.2,0.449,2.3,6.2,0.379,7.6,16,0.476,0.502,6.3,7.6,0.83,2,4.9,6.9,2.6,0.8,0.5,2.6,3.1,28.7,2482,24.8,0.56,0.278,0.344,6.1,15.9,10.8,14.1,1.1,1.1,9.3,35.6,7.5,2,9.5,0.184,4.7,-2.3,2.4,2.8
2012/2013,58044000,63707436,473604,Miami Heat,16,MIA,Florida,East,Southeast,66,16,0.805,102.9,95,7.03,Joel Anthony,C,30,3750000,4185744,62,3,9.1,0.6,1.1,0.515,0,0,,0.6,1.1,0.515,0.515,0.3,0.5,0.607,0.7,1.1,1.9,0.2,0.2,0.7,0.4,0.8,1.4,566,10.4,0.542,0,0.412,10.4,14.4,12.5,3.1,1.2,6.1,21.5,8.6,0.4,0.8,1.2,0.1,-3,2.7,-0.3,0.2
2012/2013,58044000,63707436,473604,Washington Wizards,30,WAS,Washington DC,East,Southeast,29,53,0.354,93.2,95.8,-2.78,Trevor Ariza,SF,27,7258960,8102440,56,15,26.3,3.4,8.1,0.417,1.4,3.7,0.364,2,4.3,0.463,0.501,1.4,1.7,0.821,0.8,4,4.8,2,1.3,0.4,1.5,1.3,9.5,1471,14,0.538,0.463,0.211,3.3,16.9,10,12.7,2.5,1.1,14.6,17.9,0.7,2.4,3.1,0.102,-0.4,1.9,1.5,1.3
2012/2013,58044000,63707436,473604,Memphis Grizzlies,15,MEM,Tennessee,West,Southwest,56,26,0.683,93.4,89.3,4.32,Darrell Arthur,PF,24,3006217,3355534,59,3,16.4,2.7,6.1,0.451,0.1,0.3,0.278,2.7,5.8,0.46,0.458,0.6,0.8,0.717,1.2,1.7,2.9,0.6,0.4,0.6,0.7,2.1,6.1,970,11.8,0.477,0.05,0.128,8.1,12.5,10.3,5.9,1.3,2.8,10.2,20.1,0.2,1.5,1.7,0.084,-2.9,0.5,-2.4,-0.1
2012/2013,58044000,63707436,473604,Houston Rockets,11,HOU,Texas,West,Southwest,45,37,0.549,106,102.5,3.69,Omer Asik,C,26,5000000,5580992,82,82,30,4,7.5,0.541,0,0,0,4,7.5,0.542,0.541,2,3.6,0.562,3.4,8.3,11.7,0.9,0.6,1.1,2.1,2.7,10.1,2464,14.9,0.558,0.002,0.487,12.8,31,22,4.6,0.9,2.7,18.8,16.3,2,3.5,5.5,0.108,-2.6,1.3,-1.3,0.5
2012/2013,58044000,63707436,473604,Indiana Pacers,12,IND,Indiana,East,Central,49,32,0.605,94.7,90.7,3.34,DJ Augustin,PG,25,3500000,3906694,76,5,16.1,1.4,3.9,0.35,0.9,2.5,0.353,0.5,1.4,0.346,0.464,1.1,1.3,0.838,0.3,0.9,1.2,2.2,0.4,0,0.9,0.8,4.7,1226,11,0.527,0.646,0.337,1.9,6.3,4.1,21.6,1.5,0.2,16.8,15.1,1.4,1.5,2.8,0.112,-0.4,-1.4,-1.9,0
2012/2013,58044000,63707436,473604,#N/A,#N/A,TOT,#N/A,#N/A,#N/A,#N/A,#N/A,#N/A,#N/A,#N/A,#N/A,Gustavo Ayon,C,27,1500000,1674297,55,3,13.3,1.7,3,0.551,0,0,,1.7,3,0.551,0.551,0.4,0.9,0.4,1.1,2.5,3.6,1.3,0.4,0.3,0.9,1.9,3.7,734,12.8,0.54,0,0.299,9,21.3,15.1,14.7,1.5,1.8,19.9,14.5,0.4,0.8,1.2,0.077,-2.6,1.3,-1.2,0.1
2012/2013,58044000,63707436,473604,Orlando Magic,22,ORL,Florida,East,Southeast,20,62,0.244,94.1,101.1,-7.12,Gustavo Ayon,C,27,1500000,1674297,43,3,13.3,1.6,2.9,0.536,0,0,,1.6,2.9,0.536,0.536,0.4,0.9,0.5,0.9,2.3,3.3,1.4,0.3,0.3,0.9,1.9,3.6,571,11.7,0.54,0,0.304,7.9,19.8,13.8,15.5,1.2,1.8,21.1,14.3,0.3,0.5,0.7,0.061,-2.9,1,-1.9,0
2012/2013,58044000,63707436,473604,Milwaukee Bucks,17,MIL,Wisconsin,East,Central,38,44,0.463,98.9,100.4,-1.83,Gustavo Ayon,C,27,1500000,1674297,12,0,13.6,2.1,3.5,0.595,0,0,,2.1,3.5,0.595,0.595,0.1,1,0.083,1.7,3.3,4.9,1,0.8,0.3,0.8,2,4.3,163,16.6,0.539,0,0.286,12.7,26.7,19.4,11.6,2.8,1.8,16,15,0.1,0.3,0.4,0.132,-1.3,2.6,1.3,0.1
2012/2013,58044000,63707436,473604,Indiana Pacers,12,IND,Indiana,East,Central,49,32,0.605,94.7,90.7,3.34,Jeff Ayres,PF,25,854389,953667,37,0,10,1.6,3.4,0.484,0.1,0.1,0.5,1.6,3.3,0.484,0.492,0.6,0.6,0.913,0.8,2,2.8,0.4,0.2,0.3,0.6,1.2,3.9,369,14.5,0.533,0.032,0.183,8.9,22.2,15.7,7.2,0.9,2.4,14.5,19.7,0.3,0.7,1,0.129,-3.5,0.6,-2.9,-0.1
2012/2013,58044000,63707436,473604,Portland Trail Blazers,25,POR,Oregon,West,Northwest,33,49,0.402,97.5,100.7,-2.53,Luke Babbitt,PF,23,1892280,2112160,62,0,11.8,1.4,3.8,0.368,1,2.9,0.348,0.4,0.9,0.429,0.5,0.2,0.2,0.769,0.2,2,2.2,0.5,0.2,0.1,0.4,1.3,3.9,730,9.4,0.509,0.761,0.056,2.4,19.7,10.9,6.2,1,0.5,8.4,16.4,0.3,0.4,0.7,0.047,-1.2,-2.3,-3.6,-0.3
2012/2013,58044000,63707436,473604,Boston Celtics,2,BOS,Massachusetts,East,Atlantic,41,40,0.506,96.5,96.7,-0.62,Leandro Barbosa,PG,30,1229255,1372092,41,2,12.5,2,4.7,0.43,0.4,1.1,0.383,1.6,3.6,0.445,0.477,0.8,1,0.756,0.2,0.9,1.1,1.4,0.4,0.1,0.5,1.2,5.2,513,13.5,0.509,0.244,0.212,1.9,8.5,5.3,19,1.7,0.9,9.1,21.4,0.4,0.5,0.9,0.086,-1.1,-1.8,-2.9,-0.1
2012/2013,58044000,63707436,473604,Minnesota Timberwolves,18,MIN,Minnesota,West,Northwest,31,51,0.378,95.7,98.1,-1.83,Jose Juan Barea,PG,28,4493000,5015079,74,2,23.1,4.3,10.2,0.417,1.3,3.8,0.346,3,6.5,0.458,0.481,1.4,1.8,0.784,0.5,2.3,2.8,4,0.4,0,2,1.8,11.3,1713,14.1,0.51,0.369,0.177,2.2,11.9,6.9,30.6,1,0,15.1,25.1,0.8,1,1.9,0.053,1.1,-2.1,-1,0.4
2012/2013,58044000,63707436,473604,Toronto Raptors,28,TOR,Ontario,East,Atlantic,34,48,0.415,97.2,98.7,-1.96,Andrea Bargnani,PF,27,10000000,11161985,35,25,28.7,4.9,12.2,0.399,1.1,3.5,0.309,3.8,8.7,0.436,0.444,1.9,2.2,0.844,0.7,2.9,3.7,1.1,0.6,0.7,1.5,1.8,12.7,1003,11.2,0.482,0.289,0.181,3,12.3,7.6,6.6,1.1,1.8,10.5,23.8,-0.5,0.6,0.1,0.007,-2.5,-1.8,-4.3,-0.6
2012/2013,58044000,63707436,473604,Golden State Warriors,10,GSW,California,West,Pacific,47,35,0.573,101.2,100.3,1.32,Harrison Barnes,SF,20,2798040,3123168,81,81,25.4,3.4,7.8,0.439,0.6,1.8,0.359,2.8,6,0.464,0.481,1.8,2.3,0.758,0.7,3.5,4.1,1.2,0.6,0.2,1.2,1.7,9.2,2058,11,0.526,0.231,0.303,2.9,14.5,8.9,7.3,1.3,0.5,12.4,17.7,0.9,1.9,2.8,0.065,-2.1,-0.3,-2.4,-0.2
2012/2013,58044000,63707436,473604,Los Angeles Clippers,13,LAC,California,West,Pacific,56,26,0.683,101.1,94.6,6.43,Matt Barnes,SF,32,854389,953667,80,4,25.7,3.9,8.4,0.462,1.4,4.1,0.342,2.5,4.4,0.574,0.544,1.1,1.5,0.744,1.4,3.2,4.6,1.5,1,0.8,1.1,2.9,10.3,2058,15.5,0.566,0.481,0.173,6.5,14.5,10.6,9.2,2.1,2.6,11,18.1,3.5,2.8,6.3,0.146,2.2,1.1,3.4,2.8
2012/2013,58044000,63707436,473604,#N/A,#N/A,TOT,#N/A,#N/A,#N/A,#N/A,#N/A,#N/A,#N/A,#N/A,#N/A,Earl Barron,C,31,339726,379201,12,2,13.3,1.5,4.3,0.353,0,0,,1.5,4.3,0.353,0.353,0.3,0.6,0.429,1.8,3.3,5.1,0.4,0.4,0.5,0.9,2,3.3,159,8.9,0.361,0,0.137,15.4,28.1,21.6,5,1.6,3,16.9,18.8,-0.3,0.3,0,-0.003,-7.6,1,-6.6,-0.2
2012/2013,58044000,63707436,473604,Washington Wizards,30,WAS,Washington DC,East,Southeast,29,53,0.354,93.2,95.8,-2.78,Earl Barron,C,31,339726,379201,11,1,11.1,1.2,3.4,0.351,0,0,,1.2,3.4,0.351,0.351,0.2,0.5,0.4,1.5,2.5,3.9,0.3,0.5,0.5,0.9,2.1,2.5,122,6.9,0.357,0,0.135,14.4,24.7,19.5,3.9,2.1,3.2,20.3,18.4,-0.3,0.3,-0.1,-0.025,-8.4,1.6,-6.8,-0.1
2012/2013,58044000,63707436,473604,New York Knicks,20,NYK,New York,East,Atlantic,54,28,0.659,100,95.7,3.73,Earl Barron,C,31,339726,379201,1,1,37,5,14,0.357,0,0,,5,14,0.357,0.357,1,2,0.5,6,12,18,2,0,1,1,1,11,37,15.4,0.37,0,0.143,18.4,39.3,28.5,8.7,0,2.3,6.3,20.1,0,0.1,0.1,0.069,-5,-0.9,-5.9,0
2012/2013,58044000,63707436,473604,Portland Trail Blazers,25,POR,Oregon,West,Northwest,33,49,0.402,97.5,100.7,-2.53,Will Barton,SG,22,550000,613909,73,5,12.2,1.6,4.2,0.382,0.1,0.9,0.138,1.5,3.3,0.447,0.396,0.7,0.9,0.769,0.5,1.5,2,0.8,0.5,0.1,0.8,0.8,4,894,9.1,0.437,0.21,0.21,4.6,14.3,9.4,10.4,2,0.8,15.1,20.4,-1.1,0.6,-0.5,-0.028,-4.8,-0.9,-5.7,-0.8
2012/2013,58044000,63707436,473604,Boston Celtics,2,BOS,Massachusetts,East,Atlantic,41,40,0.506,96.5,96.7,-0.62,Brandon Bass,PF,27,6500000,7255290,81,69,27.6,3.5,7.3,0.486,0,0,0,3.5,7.2,0.487,0.486,1.6,1.9,0.86,1.6,3.7,5.2,1,0.5,0.8,1,2.3,8.7,2239,12.3,0.535,0.003,0.255,7,15.2,11.2,6,1,2.3,10.9,15.5,2,2.7,4.7,0.101,-2.3,1.1,-1.2,0.4
2012/2013,58044000,63707436,473604,Miami Heat,16,MIA,Florida,East,Southeast,66,16,0.805,102.9,95,7.03,Shane Battier,SF,34,3135000,3499282,72,20,24.8,2.1,5,0.42,1.9,4.4,0.43,0.2,0.6,0.348,0.608,0.4,0.5,0.842,0.5,1.8,2.3,1,0.6,0.8,0.5,2.1,6.6,1786,10.7,0.623,0.873,0.105,2.7,8.4,5.7,5.7,1.2,2.5,8.2,11,2.8,1.6,4.4,0.119,2,0,2,1.8
2012/2013,58044000,63707436,473604,Portland Trail Blazers,25,POR,Oregon,West,Northwest,33,49,0.402,97.5,100.7,-2.53,Nicolas Batum,SF,24,11950000,13338572,73,73,38.5,4.8,11.4,0.423,2.3,6.1,0.372,2.6,5.3,0.481,0.522,2.4,2.9,0.848,1.3,4.3,5.6,4.9,1.2,1.1,2.6,1.9,14.3,2807,15.7,0.566,0.533,0.252,4,13.2,8.5,20.3,1.7,2.2,17,18.2,3.8,1.9,5.8,0.099,2.3,1.1,3.4,3.8
2012/2013,58044000,63707436,473604,Memphis Grizzlies,15,MEM,Tennessee,West,Southwest,56,26,0.683,93.4,89.3,4.32,Jerryd Bayless,PG,24,3100000,3460215,80,4,22.1,3.3,7.8,0.419,0.9,2.5,0.353,2.4,5.3,0.45,0.476,1.3,1.5,0.836,0.3,1.9,2.2,3.3,0.7,0.2,1.5,2.1,8.7,1765,13.5,0.514,0.324,0.196,1.4,10.5,5.9,24.9,1.8,0.8,15.1,20.8,1.5,2.5,4,0.108,0.1,-0.2,-0.2,0.8
2012/2013,58044000,63707436,473604,San Antonio Spurs,27,SAS,Texas,West,Southwest,58,24,0.707,103,96.6,6.67,Aron Baynes,C,26,239588,267427,16,0,8.8,1.1,2.3,0.5,0,0.1,0,1.1,2.2,0.514,0.5,0.4,0.8,0.583,0.8,1.3,2,0.3,0.1,0.4,0.7,1.4,2.7,141,8.8,0.521,0.028,0.333,10.4,15.5,13.1,5.2,0.4,3.1,21,17.1,0,0.2,0.1,0.05,-4.7,0.4,-4.3,-0.1
2012/2013,58044000,63707436,473604,Golden State Warriors,10,GSW,California,West,Pacific,47,35,0.573,101.2,100.3,1.32,Kent Bazemore,SG,23,473604,528636,61,0,4.4,0.7,1.9,0.371,0.2,0.6,0.294,0.5,1.3,0.402,0.414,0.4,0.7,0.614,0.1,0.3,0.4,0.4,0.3,0.1,0.3,0.4,2,267,11.3,0.454,0.293,0.379,2.1,6.8,4.5,13.1,3.2,1.2,11.7,25.7,-0.3,0.3,0.1,0.014,-3.4,-1.5,-4.9,-0.2
2012/2013,58044000,63707436,473604,Washington Wizards,30,WAS,Washington DC,East,Southeast,29,53,0.354,93.2,95.8,-2.78,Bradley Beal,SG,19,4133280,4613560,56,46,31.2,5,12.3,0.41,1.6,4.2,0.386,3.4,8.1,0.424,0.477,2.2,2.8,0.786,0.8,3,3.8,2.4,0.9,0.5,1.6,2,13.9,1745,13.6,0.515,0.344,0.231,2.7,10.8,6.7,13.7,1.5,1.3,10.6,22.2,1,2,3,0.082,0,0,-0.1,0.9
2012/2013,58044000,63707436,473604,Phoenix Suns,24,PHO,Arizona,West,Pacific,25,57,0.305,95.2,101.6,-5.75,Michael Beasley,SF,24,5750000,6418141,75,20,20.7,4.1,10.2,0.405,0.6,1.9,0.313,3.5,8.3,0.426,0.434,1.3,1.7,0.746,0.7,3.1,3.8,1.5,0.4,0.5,1.9,1.4,10.1,1554,10.8,0.462,0.188,0.164,3.7,17.2,10.3,12.5,1,1.6,14.9,27.6,-2.5,1,-1.5,-0.047,-4.4,-1.7,-6.1,-1.6
2012/2013,58044000,63707436,473604,Dallas Mavericks,7,DAL,Texas,West,Southwest,41,41,0.5,101.1,101.7,-0.24,Rodrigue Beaubois,PG,24,2227332,2486144,45,0,12.2,1.4,3.9,0.369,0.5,1.6,0.292,1,2.3,0.423,0.429,0.7,0.8,0.789,0.2,1.1,1.3,1.9,0.4,0.1,0.7,1.2,4,549,10.6,0.47,0.409,0.216,1.9,9.6,5.8,22.6,1.8,0.6,14.6,18.7,0,0.4,0.4,0.032,-1.6,-1.7,-3.3,-0.2
2012/2013,58044000,63707436,473604,Chicago Bulls,5,CHI,Illinois,East,Central,45,37,0.549,93.2,92.9,-0.02,Marco Belinelli,SG,26,1957000,2184400,73,27,25.8,3.3,8.4,0.395,1.1,3,0.357,2.2,5.3,0.416,0.46,1.9,2.3,0.839,0.2,1.7,1.9,2,0.6,0.1,1.1,1.9,9.6,1882,10.4,0.513,0.362,0.275,0.8,7.8,4.3,12.9,1.3,0.2,10.7,18.7,1.3,1.6,3,0.076,-1.1,-1.6,-2.7,-0.3
2012/2013,58044000,63707436,473604,Houston Rockets,11,HOU,Texas,West,Southwest,45,37,0.549,106,102.5,3.69,Patrick Beverley,PG,24,298092,332729,41,0,17.4,1.9,4.6,0.418,0.9,2.3,0.375,1,2.3,0.462,0.513,0.8,1,0.829,1.1,1.6,2.7,2.9,0.9,0.5,1.1,2,5.6,713,15.4,0.551,0.508,0.217,7.2,10.1,8.7,24.2,2.6,2.2,17.5,15.4,1.4,0.8,2.2,0.148,2,1.4,3.4,1
2012/2013,58044000,63707436,473604,Golden State Warriors,10,GSW,California,West,Pacific,47,35,0.573,101.2,100.3,1.32,Andris Biedrins,C,26,9000000,10045786,53,9,9.3,0.2,0.4,0.476,0,0,,0.2,0.4,0.476,0.476,0.1,0.2,0.308,0.6,2.2,2.9,0.3,0.3,0.8,0.3,1.9,0.5,495,7.7,0.449,0,0.619,7.8,25.7,17,3.7,1.5,6.6,34.4,3.7,0.1,1,1.1,0.102,-5,5.7,0.7,0.3
2012/2013,58044000,63707436,473604,Los Angeles Clippers,13,LAC,California,West,Pacific,56,26,0.683,101.1,94.6,6.43,Chauncey Billups,SG,36,3000000,3348595,22,22,19,2.4,6,0.402,1.5,4.1,0.367,0.9,1.9,0.476,0.527,2,2.2,0.938,0.1,1.4,1.5,2.2,0.5,0,1.2,1.1,8.4,418,15,0.601,0.682,0.364,0.6,8.4,4.6,17.4,1.5,0.2,14.5,19.6,1,0.3,1.3,0.146,2.4,-2.7,-0.2,0.2
2012/2013,58044000,63707436,473604,Charlotte Bobcats,4,CHA,North Carolina,East,Southeast,21,61,0.256,93.4,102.7,-9.29,Bismack Biyombo,C,20,3007920,3357435,80,65,27.3,2,4.3,0.451,0,0,,2,4.3,0.451,0.451,0.9,1.8,0.521,2.4,4.9,7.3,0.4,0.4,1.8,1,2.4,4.8,2186,10.1,0.472,0,0.41,9.9,20.9,15.2,2.5,0.7,5.3,16.7,10.2,0.1,1.3,1.4,0.031,-4.4,1.2,-3.2,-0.7
2012/2013,58044000,63707436,473604,San Antonio Spurs,27,SAS,Texas,West,Southwest,58,24,0.707,103,96.6,6.67,DeJuan Blair,PF,23,1054000,1176473,61,16,14,2.3,4.4,0.524,0,0,0,2.3,4.4,0.526,0.524,0.7,1.1,0.629,1.1,2.7,3.8,0.7,0.6,0.2,0.8,1.8,5.4,851,14.6,0.543,0.004,0.258,9.5,21.1,15.6,8.3,2.2,0.9,14,19,0.7,1.5,2.2,0.126,-2,1.3,-0.8,0.3
2012/2013,58044000,63707436,473604,Los Angeles Lakers,14,LAL,California,West,Pacific,45,37,0.549,102.2,101,1.48,Steve Blake,PG,32,4000000,4464794,45,13,26.1,2.5,6,0.422,1.6,3.8,0.421,0.9,2.2,0.424,0.556,0.6,0.8,0.771,0.5,2.5,2.9,3.8,0.8,0.1,1.4,1.8,7.3,1175,11.7,0.573,0.633,0.13,2,10.1,6.2,21.9,1.5,0.4,17.8,13.2,1.6,0.8,2.4,0.097,0.7,-0.7,0,0.6
2012/2013,58044000,63707436,473604,Brooklyn Nets,3,BRK,New York,East,Atlantic,49,33,0.598,96.9,95.1,1.25,Andray Blatche,C,26,7972891,8899328,82,8,19,4.2,8.2,0.512,0,0.3,0.136,4.2,8,0.524,0.514,1.8,2.6,0.685,2,3.1,5.1,1,1,0.7,1.5,2,10.3,1555,21.9,0.547,0.033,0.32,12.2,19.6,15.8,10.5,3,2.7,13.8,26.5,2.4,2.5,4.9,0.153,0.7,1.6,2.3,1.7
2012/2013,58044000,63707436,473604,Los Angeles Clippers,13,LAC,California,West,Pacific,56,26,0.683,101.1,94.6,6.43,Eric Bledsoe,PG,23,1707720,1906154,76,12,20.4,3.3,7.5,0.445,0.4,1,0.397,2.9,6.4,0.453,0.473,1.4,1.8,0.791,1,1.9,3,3.1,1.4,0.7,1.8,1.5,8.5,1553,17.5,0.513,0.137,0.236,6.1,11.1,8.6,23.5,3.7,3,17.9,22.5,1.1,2.6,3.7,0.115,0,2.7,2.7,1.9
2012/2013,58044000,63707436,473604,Brooklyn Nets,3,BRK,New York,East,Atlantic,49,33,0.598,96.9,95.1,1.25,Keith Bogans,SG,32,854389,953667,74,23,19,1.5,3.8,0.38,1.1,3.3,0.343,0.3,0.5,0.615,0.528,0.1,0.2,0.647,0.2,1.4,1.6,1,0.4,0.1,0.7,1.5,4.2,1408,6.7,0.533,0.863,0.06,1.3,8.8,5,8.1,1.1,0.2,14.4,11.2,0.7,0.7,1.4,0.047,-0.4,-0.9,-1.3,0.3
2012/2013,58044000,63707436,473604,Golden State Warriors,10,GSW,California,West,Pacific,47,35,0.573,101.2,100.3,1.32,Andrew Bogut,C,28,13150000,14678010,32,32,24.6,2.6,5.8,0.451,0,0,1,2.6,5.7,0.448,0.454,0.6,1.2,0.5,2.1,5.5,7.7,2.1,0.6,1.7,1.1,2.7,5.8,786,13.8,0.463,0.005,0.207,9.8,24.1,17.2,12.5,1.3,5.5,14.8,13.4,0.4,1.4,1.7,0.106,-2.5,4.8,2.3,0.9
2012/2013,58044000,63707436,473604,San Antonio Spurs,27,SAS,Texas,West,Southwest,58,24,0.707,103,96.6,6.67,Matt Bonner,PF,32,3630000,4051800,68,4,13.4,1.6,3.4,0.487,0.8,1.8,0.442,0.9,1.6,0.536,0.602,0.2,0.2,0.733,0.4,1.5,1.9,0.5,0.3,0.3,0.2,1.3,4.2,909,11.8,0.609,0.522,0.065,3.4,12.5,8.2,5.8,1,1.5,6.3,12.8,1.4,1.1,2.5,0.133,0.4,0,0.5,0.6
2012/2013,58044000,63707436,473604,Washington Wizards,30,WAS,Washington DC,East,Southeast,29,53,0.354,93.2,95.8,-2.78,Trevor Booker,PF,25,1385280,1546247,48,14,18.5,2.3,4.6,0.491,0,0.1,0,2.3,4.5,0.502,0.491,0.8,1.5,0.556,2,2.9,5,0.8,0.7,0.3,0.6,2,5.3,887,13.9,0.509,0.023,0.327,12.2,17.8,14.9,7.4,1.9,1.4,11,14.5,0.9,1.4,2.3,0.126,-1.7,1.8,0.1,0.5
2012/2013,58044000,63707436,473604,Chicago Bulls,5,CHI,Illinois,East,Central,45,37,0.549,93.2,92.9,-0.02,Carlos Boozer,PF,31,15000000,16742977,79,79,32.2,6.9,14.4,0.477,0,0,0,6.9,14.4,0.478,0.477,2.4,3.3,0.731,2.2,7.5,9.8,2.3,0.8,0.4,2.2,3,16.2,2546,17.1,0.51,0.002,0.232,7.8,27.2,17.4,13.4,1.4,0.8,12.3,25.8,1.4,4.3,5.7,0.108,-1.5,0.9,-0.6,0.9
2012/2013,58044000,63707436,473604,Miami Heat,16,MIA,Florida,East,Southeast,66,16,0.805,102.9,95,7.03,Chris Bosh,C,28,17545000,19583702,74,74,33.2,6.6,12.3,0.535,0.3,1,0.284,6.3,11.3,0.557,0.546,3.3,4.1,0.798,1.8,5,6.8,1.7,0.9,1.4,1.7,2.3,16.6,2454,20,0.592,0.082,0.333,7,17.6,12.6,8.4,1.4,3.4,11,22.7,5.6,3.4,9,0.175,0.6,0.6,1.2,2
2012/2013,58044000,63707436,473604,Boston Celtics,2,BOS,Massachusetts,East,Atlantic,41,40,0.506,96.5,96.7,-0.62,Avery Bradley,PG,22,1630800,1820296,50,50,28.7,3.8,9.6,0.402,0.8,2.5,0.317,3,7,0.432,0.444,0.7,1,0.755,0.6,1.6,2.2,2.1,1.3,0.4,1.4,2.6,9.2,1435,8.8,0.461,0.264,0.103,2.5,6.5,4.6,11.6,2.3,1,12.6,18.8,-1.3,1.6,0.4,0.012,-2.8,0.2,-2.7,-0.2
2012/2013,58044000,63707436,473604,Dallas Mavericks,7,DAL,Texas,West,Southwest,41,41,0.5,101.1,101.7,-0.24,Elton Brand,C,33,18160354,20270559,72,18,21.2,3.1,6.6,0.473,0,0,0,3.1,6.6,0.474,0.473,0.9,1.3,0.71,1.8,4.2,6,1,0.7,1.3,0.8,2.7,7.2,1527,15.2,0.499,0.002,0.195,9.7,21.5,15.7,7.1,1.7,4.6,9.9,17.2,1.2,2.2,3.4,0.107,-2.1,2.5,0.4,0.9
2012/2013,58044000,63707436,473604,Denver Nuggets,8,DEN,Colorado,West,Northwest,57,25,0.695,106.1,101.1,5.37,Corey Brewer,SF,26,3243000,3619831,82,2,24.4,4.6,10.8,0.425,1.1,3.7,0.296,3.5,7,0.493,0.476,1.8,2.6,0.69,0.7,2.2,2.9,1.5,1.4,0.3,1.2,1.9,12.1,2003,14.7,0.506,0.348,0.245,3.1,9.9,6.6,9.5,3,0.9,9.4,23.4,1.7,2.2,3.9,0.093,0.7,-0.4,0.3,1.1
2012/2013,58044000,63707436,473604,#N/A,#N/A,TOT,#N/A,#N/A,#N/A,#N/A,#N/A,#N/A,#N/A,#N/A,#N/A,Ronnie Brewer,SF,27,1069509,1193784,60,34,14.2,1.2,3.3,0.354,0.4,1.3,0.303,0.8,2,0.385,0.412,0.3,0.7,0.41,0.7,1.6,2.3,0.8,0.7,0.1,0.3,0.6,3,853,10,0.416,0.384,0.197,5.7,13.5,9.6,8.6,2.7,0.6,7.7,12.7,0.1,1,1.1,0.06,-1.8,1,-0.8,0.3
2012/2013,58044000,63707436,473604,New York Knicks,20,NYK,New York,East,Atlantic,54,28,0.659,100,95.7,3.73,Ronnie Brewer,SF,27,1069509,1193784,46,34,15.5,1.4,3.8,0.366,0.5,1.5,0.31,0.9,2.3,0.404,0.429,0.3,0.8,0.41,0.6,1.5,2.2,0.9,0.7,0.1,0.3,0.6,3.6,711,10.2,0.432,0.406,0.223,4.6,12.1,8.2,8.4,2.6,0.7,6.8,13.6,0.1,0.7,0.8,0.057,-1.6,0.7,-0.9,0.2
2012/2013,58044000,63707436,473604,Oklahoma City Thunder,21,OKC,Oklahoma,West,Northwest,60,22,0.732,105.7,96.5,9.15,Ronnie Brewer,SF,27,1069509,1193784,14,0,10.1,0.4,1.6,0.261,0.1,0.4,0.2,0.4,1.3,0.278,0.283,0,0,,0.9,1.9,2.9,0.7,0.6,0,0.3,0.4,0.9,142,9.1,0.283,0.217,0,11.3,20.3,16.2,9.4,3.3,0,14.8,8.6,0,0.3,0.2,0.072,-2.7,2.6,-0.1,0.1
2012/2013,58044000,63707436,473604,#N/A,#N/A,TOT,#N/A,#N/A,#N/A,#N/A,#N/A,#N/A,#N/A,#N/A,#N/A,Aaron Brooks,PG,28,5750000,6418141,53,20,18.8,2.7,6,0.453,0.9,2.5,0.373,1.8,3.4,0.511,0.532,0.8,1,0.769,0.2,1.3,1.5,2.2,0.6,0.2,1.3,1.8,7.1,997,11.8,0.555,0.424,0.165,1.5,7.9,4.6,18,1.5,0.8,16.5,18.1,0.8,0,0.8,0.041,0,-2.7,-2.7,-0.2
2012/2013,58044000,63707436,473604,Sacramento Kings,26,SAC,California,West,Pacific,28,54,0.341,100.2,105.1,-4.26,Aaron Brooks,PG,28,5750000,6418141,46,20,20.8,3,6.6,0.459,1,2.8,0.378,2,3.8,0.517,0.538,0.9,1.1,0.769,0.3,1.4,1.7,2.3,0.6,0.2,1.4,1.9,8,959,12.1,0.562,0.419,0.172,1.4,8.1,4.7,17.8,1.5,0.6,16.2,18,0.9,0,0.9,0.045,0.2,-2.7,-2.5,-0.1
2012/2013,58044000,63707436,473604,Houston Rockets,11,HOU,Texas,West,Southwest,45,37,0.549,106,102.5,3.69,Aaron Brooks,PG,28,5750000,6418141,7,0,5.4,0.6,1.9,0.308,0.3,1,0.286,0.3,0.9,0.333,0.385,0,0,,0.1,0.1,0.3,0.9,0.1,0.4,0.6,0.7,1.4,38,5.6,0.385,0.538,0,3,3,3,23.1,1.3,6,23.5,19.6,-0.1,0,0,-0.063,-5.8,-0.5,-6.3,0
2012/2013,58044000,63707436,473604,Brooklyn Nets,3,BRK,New York,East,Atlantic,49,33,0.598,96.9,95.1,1.25,MarShon Brooks,SG,24,1193280,1331937,73,2,12.5,2.1,4.6,0.463,0.2,0.8,0.273,1.9,3.8,0.5,0.485,0.9,1.3,0.734,0.4,1,1.4,1,0.5,0.2,0.9,1.3,5.4,912,13.5,0.523,0.164,0.281,4.1,9.4,6.7,14.6,2,1.3,15.5,22.5,0.5,0.8,1.3,0.068,-1.4,-0.8,-2.2,0
2012/2013,58044000,63707436,473604,Philadelphia 76ers,23,PHI,Pennsylvania,East,Atlantic,34,48,0.415,93.2,96.5,-3.51,Kwame Brown,C,30,3000000,3348595,22,11,12.2,0.8,1.7,0.459,0,0,,0.8,1.7,0.459,0.459,0.3,0.9,0.368,1,2.3,3.4,0.4,0.3,0.5,0.4,1.7,1.9,269,8.8,0.452,0,0.514,9.4,22.1,15.5,4.7,1.2,2.9,15,9.1,0,0.4,0.4,0.071,-5.1,1.6,-3.5,-0.1
2012/2013,58044000,63707436,473604,Phoenix Suns,24,PHO,Arizona,West,Pacific,25,57,0.305,95.2,101.6,-5.75,Shannon Brown,SG,27,3500000,3906694,59,22,23.8,4.1,9.7,0.42,0.7,2.4,0.277,3.4,7.3,0.467,0.454,1.7,2.1,0.784,0.7,1.8,2.5,1.8,1,0.3,1.3,1.6,10.5,1402,13.1,0.493,0.247,0.219,3.5,8.7,6,12.8,2.2,0.8,10.6,22.2,0.4,0.8,1.2,0.041,-0.9,-1.3,-2.1,0
2012/2013,58044000,63707436,473604,Los Angeles Lakers,14,LAL,California,West,Pacific,45,37,0.549,102.2,101,1.48,Kobe Bryant,SG,34,27849000,31085012,78,78,38.6,9.5,20.4,0.463,1.7,5.2,0.324,7.8,15.2,0.51,0.504,6.7,8,0.839,0.8,4.7,5.6,6,1.4,0.3,3.7,2.2,27.3,3013,23,0.57,0.255,0.392,2.5,13.1,7.9,29.7,1.8,0.6,13.3,31.9,8.4,2.6,10.9,0.174,5.2,-0.5,4.7,5.1
2012/2013,58044000,63707436,473604,Minnesota Timberwolves,18,MIN,Minnesota,West,Northwest,31,51,0.378,95.7,98.1,-1.83,Chase Budinger,SF,24,942293,1051786,23,1,22.1,3.4,8.3,0.414,1.1,3.5,0.321,2.3,4.8,0.482,0.482,1.4,1.8,0.762,0.7,2.4,3.1,1.1,0.6,0.3,1,1.3,9.4,508,12.6,0.516,0.424,0.22,3.3,13,8,8.3,1.4,1.1,9.9,20.5,0.3,0.4,0.7,0.066,-0.7,-1.1,-1.8,0
2012/2013,58044000,63707436,473604,Utah Jazz,29,UTA,Utah,West,Northwest,43,39,0.524,98,98.1,0.3,Alec Burks,SG,21,2171640,2423981,64,0,17.8,2.5,6.1,0.42,0.5,1.4,0.359,2,4.6,0.439,0.463,1.4,2,0.713,0.6,1.7,2.3,1.4,0.5,0.2,1.2,1.8,7,1137,11.5,0.507,0.237,0.332,3.8,11.2,7.5,13,1.6,0.9,14.3,20.7,0.3,0.7,1,0.044,-1.4,-1.3,-2.7,-0.2
2012/2013,58044000,63707436,473604,Los Angeles Clippers,13,LAC,California,West,Pacific,56,26,0.683,101.1,94.6,6.43,Caron Butler,SF,32,8000000,8929588,78,78,24.1,3.9,9.2,0.424,1.6,4.2,0.388,2.3,5,0.454,0.513,1,1.2,0.833,0.5,2.3,2.9,1,0.7,0.1,0.9,1.8,10.4,1879,12.4,0.535,0.458,0.125,2.6,11.4,7.1,6.5,1.4,0.5,8.7,20.2,1.9,1.6,3.6,0.091,0.3,-1.9,-1.6,0.2
2012/2013,58044000,63707436,473604,Chicago Bulls,5,CHI,Illinois,East,Central,45,37,0.549,93.2,92.9,-0.02,Jimmy Butler,SF,23,1097520,1225050,82,20,26,2.9,6.2,0.467,0.5,1.3,0.381,2.4,5,0.489,0.506,2.3,2.8,0.803,1.7,2.3,4,1.4,1,0.4,0.8,1.2,8.6,2134,15.2,0.574,0.205,0.455,7.2,10.4,8.8,8.6,2,1.1,9.2,14.6,4.4,2.6,7,0.158,0.9,1,1.9,2.1
2012/2013,58044000,63707436,473604,Detroit Pistons,9,DET,Michigan,East,Central,29,53,0.354,94.9,98.8,-4.33,Will Bynum,PG,30,3500000,3906694,65,0,18.8,3.9,8.3,0.469,0.4,1.2,0.316,3.5,7.1,0.494,0.491,1.6,2,0.809,0.4,1.1,1.5,3.6,0.7,0.1,1.9,2,9.8,1219,16.6,0.532,0.141,0.243,2.6,6.6,4.6,34.8,2,0.3,17.3,27,1.2,0.5,1.7,0.067,0.8,-3.2,-2.4,-0.1
2012/2013,58044000,63707436,473604,#N/A,#N/A,TOT,#N/A,#N/A,#N/A,#N/A,#N/A,#N/A,#N/A,#N/A,#N/A,Jose Calderon,PG,31,11046591,12330188,73,58,29.6,4.3,8.7,0.491,1.8,3.9,0.461,2.5,4.8,0.516,0.594,1,1.1,0.9,0.3,2.1,2.4,7.1,0.8,0.1,1.7,1.4,11.3,2160,18.8,0.616,0.444,0.126,1.1,8.6,4.8,39.8,1.4,0.3,15.8,17,6.6,0.9,7.4,0.165,3.7,-3.3,0.4,1.3
2012/2013,58044000,63707436,473604,Toronto Raptors,28,TOR,Ontario,East,Atlantic,34,48,0.415,97.2,98.7,-1.96,Jose Calderon,PG,31,11046591,12330188,45,30,28.3,4.2,8.8,0.47,1.8,4.1,0.429,2.4,4.8,0.505,0.569,1,1.2,0.904,0.3,2,2.4,7.4,0.6,0.1,1.7,1.3,11.1,1273,19.2,0.594,0.462,0.131,1.3,8.7,5,43.7,1.2,0.4,15.1,18.1,4,0.5,4.4,0.167,4.1,-3.7,0.4,0.8
2012/2013,58044000,63707436,473604,Detroit Pistons,9,DET,Michigan,East,Central,29,53,0.354,94.9,98.8,-4.33,Jose Calderon,PG,31,11046591,12330188,28,28,31.7,4.5,8.5,0.527,1.8,3.5,0.52,2.6,5,0.532,0.635,0.9,1,0.893,0.2,2.3,2.5,6.6,1.1,0.1,1.8,1.5,11.6,887,18.2,0.654,0.414,0.118,0.8,8.5,4.5,34.1,1.8,0.2,17,15.4,2.6,0.4,3,0.163,3.2,-2.9,0.3,0.5
2012/2013,58044000,63707436,473604,New York Knicks,20,NYK,New York,East,Atlantic,54,28,0.659,100,95.7,3.73,Marcus Camby,PF,38,4590338,5123728,24,4,10.4,0.7,2.2,0.321,0,0,,0.7,2.2,0.321,0.321,0.3,0.8,0.421,1,2.3,3.3,0.6,0.3,0.6,0.6,1.2,1.8,250,8.6,0.342,0,0.358,10.9,27.1,18.7,8.1,1.5,4.8,19.6,14.3,-0.4,0.4,0,0.007,-6.6,3.4,-3.2,-0.1
2012/2013,58044000,63707436,473604,Utah Jazz,29,UTA,Utah,West,Northwest,43,39,0.524,98,98.1,0.3,DeMarre Carroll,SF,26,885120,987969,66,12,16.8,2.3,4.9,0.46,0.3,1.1,0.286,2,3.8,0.508,0.491,1.1,1.5,0.765,1.3,1.5,2.8,0.9,0.9,0.4,0.5,1.8,6,1111,15.5,0.535,0.216,0.302,9.1,10.8,9.9,8.7,2.8,1.7,8.5,16.4,2,1.1,3.1,0.134,1.4,0.7,2,1.1
2012/2013,58044000,63707436,473604,Charlotte Bobcats,4,CHA,North Carolina,East,Southeast,21,61,0.256,93.4,102.7,-9.29,Matt Carroll,SG,32,3500000,3906694,1,0,6,0,0,,0,0,,0,0,,,0,0,,0,0,0,1,0,0,0,1,0,6,2.9,,,,0,0,0,23.4,0,0,,0,0,0,0,0.029,-7.6,-7.8,-15.4,0
2012/2013,58044000,63707436,473604,Dallas Mavericks,7,DAL,Texas,West,Southwest,41,41,0.5,101.1,101.7,-0.24,Vince Carter,SF,36,3120000,3482539,81,3,25.8,4.6,10.6,0.435,2,4.9,0.406,2.6,5.6,0.461,0.53,2.2,2.8,0.816,0.7,3.4,4.1,2.4,0.9,0.5,1.3,2.8,13.4,2093,17.8,0.571,0.467,0.261,3.1,14.4,8.9,15,1.8,1.6,10,23.1,3.9,2,6,0.137,3.3,-0.4,2.9,2.6
2012/2013,58044000,63707436,473604,Cleveland Cavaliers,6,CLE,Ohio,East,Central,24,58,0.293,96.5,101.2,-4.87,Omri Casspi,SF,24,2277306,2541925,43,1,11.7,1.5,3.7,0.394,0.6,1.8,0.329,0.9,2,0.452,0.472,0.5,1,0.537,0.5,2.2,2.7,0.7,0.6,0.3,0.5,1,4,503,12.9,0.486,0.475,0.256,4.4,22.7,13.1,8.8,2.6,1.9,11,17.7,0.1,0.6,0.7,0.064,-1.8,0.1,-1.7,0
2012/2013,58044000,63707436,473604,Miami Heat,16,MIA,Florida,East,Southeast,66,16,0.805,102.9,95,7.03,Mario Chalmers,PG,26,4000000,4464794,77,77,26.9,2.9,6.9,0.429,1.6,3.9,0.409,1.4,3,0.456,0.545,1.2,1.5,0.795,0.2,2,2.2,3.5,1.5,0.2,1.5,2.5,8.6,2068,13.3,0.576,0.569,0.212,1.2,8.6,5.1,19.4,3,0.5,17.1,16.1,2.6,2.5,5.2,0.12,1.3,-0.2,1.1,1.6
2012/2013,58044000,63707436,473604,New York Knicks,20,NYK,New York,East,Atlantic,54,28,0.659,100,95.7,3.73,Tyson Chandler,C,30,13604188,15184974,66,66,32.8,3.9,6.1,0.638,0,0,,3.9,6.1,0.638,0.638,2.7,3.9,0.694,4.1,6.6,10.7,0.9,0.6,1.1,1.3,2.8,10.4,2164,18.9,0.671,0,0.645,14.1,24.3,19,4.5,1,3,14.5,13,6.7,2.6,9.3,0.207,1.7,1.8,3.5,3
2012/2013,58044000,63707436,473604,Denver Nuggets,8,DEN,Colorado,West,Northwest,57,25,0.695,106.1,101.1,5.37,Wilson Chandler,PF,25,5930415,6619520,43,8,25.1,4.9,10.6,0.462,1.2,2.9,0.413,3.7,7.7,0.48,0.519,2,2.6,0.793,1,4,5.1,1.3,1,0.3,1.4,2.8,13,1079,16.6,0.556,0.277,0.244,4.8,17.6,11.3,8.3,2.1,0.9,10.6,22.7,1.8,1.3,3.1,0.137,1.2,-0.5,0.7,0.7
2012/2013,58044000,63707436,473604,Brooklyn Nets,3,BRK,New York,East,Atlantic,49,33,0.598,96.9,95.1,1.25,Josh Childress,SF,29,6890056,7690669,14,0,7.1,0.4,1.5,0.286,0.1,0.2,0.333,0.4,1.3,0.278,0.31,0.1,0.1,0.5,0.4,0.6,1.1,0.4,0.1,0.1,0,0.2,1,100,7,0.32,0.143,0.095,7,10.7,8.9,7.3,1.1,1.5,0,10.1,0,0.1,0.1,0.029,-3.8,0.3,-3.5,0
2012/2013,58044000,63707436,473604,Los Angeles Lakers,14,LAL,California,West,Pacific,45,37,0.549,102.2,101,1.48,Earl Clark,PF,25,1240000,1384086,59,36,23.1,2.9,6.5,0.44,0.6,1.8,0.337,2.3,4.8,0.479,0.486,0.9,1.3,0.697,1.4,4.1,5.5,1.1,0.6,0.7,1.1,1.7,7.3,1363,12.4,0.51,0.269,0.197,6.8,19.1,13.1,7.4,1.3,2.3,12.9,15.7,0.7,1.5,2.3,0.08,-2,1,-0.9,0.4
2012/2013,58044000,63707436,473604,Portland Trail Blazers,25,POR,Oregon,West,Northwest,33,49,0.402,97.5,100.7,-2.53,Victor Claver,SF,24,1254720,1400516,49,16,16.6,1.5,3.9,0.392,0.5,1.8,0.287,1,2.1,0.48,0.458,0.3,0.6,0.467,0.6,1.8,2.4,0.9,0.5,0.2,0.9,1.5,3.8,812,7,0.462,0.46,0.159,4.4,12.8,8.5,7.9,1.7,1.1,17.5,13.9,-0.6,0.5,-0.1,-0.005,-3.3,0,-3.3,-0.3
2012/2013,58044000,63707436,473604,Miami Heat,16,MIA,Florida,East,Southeast,66,16,0.805,102.9,95,7.03,Norris Cole,PG,24,1113600,1242998,80,4,19.9,2.2,5.3,0.421,0.4,1.2,0.357,1.8,4.1,0.44,0.462,0.7,1,0.65,0.2,1.4,1.6,2.1,0.7,0.1,1.3,1.9,5.6,1590,7.9,0.483,0.231,0.188,1.5,8.2,5,15.2,1.9,0.4,18.4,17,-0.8,1.4,0.6,0.019,-3.4,-1.1,-4.5,-1
2012/2013,58044000,63707436,473604,#N/A,#N/A,TOT,#N/A,#N/A,#N/A,#N/A,#N/A,#N/A,#N/A,#N/A,#N/A,Jason Collins,C,34,1352181,1509302,38,9,10.1,0.2,0.8,0.31,0,0,,0.2,0.8,0.31,0.31,0.6,0.8,0.719,0.6,1,1.6,0.2,0.3,0.3,0.5,2.2,1.1,384,3,0.476,0,1.103,6.9,11.3,9.2,2.9,1.6,2.1,29.5,7.5,-0.1,0.5,0.4,0.045,-5.3,1.9,-3.4,-0.1
2012/2013,58044000,63707436,473604,Boston Celtics,2,BOS,Massachusetts,East,Atlantic,41,40,0.506,96.5,96.7,-0.62,Jason Collins,C,34,1352181,1509302,32,7,10.3,0.3,0.7,0.348,0,0,,0.3,0.7,0.348,0.348,0.7,0.9,0.7,0.7,1,1.6,0.2,0.3,0.2,0.5,2.3,1.2,330,3,0.511,0,1.304,7.8,10.8,9.3,2.5,1.6,1.4,30.7,7.5,-0.1,0.4,0.3,0.049,-4.8,1.4,-3.5,-0.1
2012/2013,58044000,63707436,473604,Washington Wizards,30,WAS,Washington DC,East,Southeast,29,53,0.354,93.2,95.8,-2.78,Jason Collins,C,34,1352181,1509302,6,2,9,0.2,1,0.167,0,0,,0.2,1,0.167,0.167,0.3,0.3,1,0.2,1.2,1.3,0.3,0.3,0.7,0.3,1.8,0.7,54,2.9,0.291,0,0.333,2,14.5,8.2,5.2,1.9,5.9,22.5,7.5,-0.1,0.1,0,0.016,-8.4,5.3,-3.1,0
2012/2013,58044000,63707436,473604,Dallas Mavericks,7,DAL,Texas,West,Southwest,41,41,0.5,101.1,101.7,-0.24,Darren Collison,PG,25,2319344,2588848,81,47,29.3,4.2,8.9,0.471,0.6,1.7,0.353,3.6,7.3,0.498,0.504,3,3.4,0.88,0.4,2.3,2.7,5.1,1.2,0.1,2.1,1.7,12,2372,16.3,0.575,0.188,0.38,1.5,8.7,5.1,26.8,2.2,0.3,17,19.6,4,1.7,5.6,0.114,1.1,-0.9,0.2,1.3
2012/2013,58044000,63707436,473604,Oklahoma City Thunder,21,OKC,Oklahoma,West,Northwest,60,22,0.732,105.7,96.5,9.15,Nick Collison,C,32,2929332,3269715,81,2,19.5,2.2,3.7,0.595,0,0,0,2.2,3.6,0.603,0.595,0.7,1,0.769,1.5,2.6,4.1,1.5,0.6,0.4,0.9,2.4,5.1,1583,13.6,0.624,0.014,0.264,9.6,14.2,12.1,11.3,1.7,1.4,17.3,11.5,3.2,2.1,5.2,0.158,1,1.4,2.4,1.8
2012/2013,58044000,63707436,473604,Memphis Grizzlies,15,MEM,Tennessee,West,Southwest,56,26,0.683,93.4,89.3,4.32,Mike Conley,PG,25,7180000,8014305,80,80,34.5,5.2,11.8,0.44,1.3,3.7,0.362,3.9,8.1,0.476,0.497,2.9,3.5,0.83,0.5,2.3,2.8,6.1,2.2,0.3,2.4,2.1,14.6,2757,18.3,0.549,0.312,0.3,1.8,7.9,4.8,29.5,3.4,0.7,15.1,21,5.1,4.7,9.9,0.172,3.1,1.1,4.1,4.3
2012/2013,58044000,63707436,473604,Minnesota Timberwolves,18,MIN,Minnesota,West,Northwest,31,51,0.378,95.7,98.1,-1.83,Will Conroy,PG,30,854389,953667,4,0,5,0,2.3,0,0,0.8,0,0,1.5,0,0,0.3,0.5,0.5,0.3,0,0.3,0,0,0,0,0.3,0.3,20,-15.2,0.051,0.333,0.222,5.5,0,2.9,0,0,0,0,22.1,-0.2,0,-0.2,-0.433,-15.9,-6.8,-22.8,-0.1
2012/2013,58044000,63707436,473604,#N/A,#N/A,TOT,#N/A,#N/A,#N/A,#N/A,#N/A,#N/A,#N/A,#N/A,#N/A,Daequan Cook,SG,25,3602675,4021300,49,1,9,1,3.4,0.305,0.5,1.9,0.286,0.5,1.6,0.329,0.383,0.2,0.2,0.75,0.1,1.1,1.2,0.4,0.2,0.1,0.3,0.5,2.8,441,5.8,0.398,0.545,0.072,1.8,14.1,7.9,6.7,0.9,1.2,8,19.2,-0.6,0.4,-0.2,-0.019,-4.8,-2.2,-7,-0.6
2012/2013,58044000,63707436,473604,Houston Rockets,11,HOU,Texas,West,Southwest,45,37,0.549,106,102.5,3.69,Daequan Cook,SG,25,3602675,4021300,16,1,10.3,1.3,3.7,0.356,0.7,1.9,0.367,0.6,1.8,0.345,0.449,0.1,0.2,0.667,0.3,0.8,1.1,0.6,0.4,0.1,0.4,0.8,3.4,165,8.8,0.456,0.508,0.051,3.5,8.8,6.2,9.1,1.8,0.9,9,17.6,0,0.1,0.1,0.03,-2,-1.4,-3.4,-0.1
2012/2013,58044000,63707436,473604,Chicago Bulls,5,CHI,Illinois,East,Central,45,37,0.549,93.2,92.9,-0.02,Daequan Cook,SG,25,3602675,4021300,33,0,8.4,0.9,3.3,0.278,0.5,1.8,0.246,0.5,1.4,0.319,0.347,0.2,0.3,0.778,0.1,1.2,1.3,0.3,0.1,0.2,0.3,0.4,2.5,276,4,0.366,0.565,0.083,0.8,17.3,8.9,5.2,0.4,1.4,7.4,20.1,-0.6,0.3,-0.3,-0.048,-6.4,-2.7,-9.2,-0.5
2012/2013,58044000,63707436,473604,New York Knicks,20,NYK,New York,East,Atlantic,54,28,0.659,100,95.7,3.73,Chris Copeland,PF,28,473604,528636,56,13,15.4,3.3,6.8,0.479,1.1,2.5,0.421,2.2,4.3,0.513,0.557,1.1,1.5,0.759,0.6,1.5,2.1,0.5,0.3,0.2,0.9,1.9,8.7,862,16.8,0.583,0.368,0.218,4.5,11.9,8.1,5.7,1,1.2,10.7,25.3,1.5,0.6,2.1,0.117,1,-3.2,-2.2,-0.1
2012/2013,58044000,63707436,473604,Sacramento Kings,26,SAC,California,West,Pacific,28,54,0.341,100.2,105.1,-4.26,DeMarcus Cousins,C,22,3880800,4331743,75,74,30.5,6.4,13.8,0.465,0.1,0.3,0.182,6.4,13.5,0.471,0.467,4.2,5.6,0.738,3,7,9.9,2.7,1.4,0.7,3,3.6,17.1,2289,20.2,0.524,0.021,0.408,10.9,27,18.7,15.3,2.4,1.9,15.5,28.1,2,2.3,4.4,0.092,0,1,1,1.7
2012/2013,58044000,63707436,473604,Los Angeles Clippers,13,LAC,California,West,Pacific,56,26,0.683,101.1,94.6,6.43,Jamal Crawford,SG,32,5000000,5580992,76,0,29.3,5.9,13.4,0.438,2,5.2,0.376,3.9,8.2,0.477,0.511,2.8,3.3,0.871,0.3,1.4,1.7,2.5,1,0.2,1.9,0.9,16.5,2230,16.8,0.558,0.39,0.244,1.2,5.6,3.4,14.4,1.9,0.5,11.5,26,3.7,1.7,5.4,0.116,2,-2.6,-0.6,0.8
2012/2013,58044000,63707436,473604,#N/A,#N/A,TOT,#N/A,#N/A,#N/A,#N/A,#N/A,#N/A,#N/A,#N/A,#N/A,Jordan Crawford,SG,24,1198680,1337964,70,14,24.4,4.3,10.4,0.415,1.2,3.5,0.337,3.1,6.8,0.455,0.472,1.8,2.3,0.811,0.6,2.4,3,3.2,0.6,0.1,2,1.5,11.6,1709,13.8,0.512,0.339,0.219,2.9,10.9,6.9,23.5,1.2,0.3,15.1,25.3,0.2,1.7,1.9,0.052,-0.1,-1.5,-1.6,0.2
2012/2013,58044000,63707436,473604,Washington Wizards,30,WAS,Washington DC,East,Southeast,29,53,0.354,93.2,95.8,-2.78,Jordan Crawford,SG,24,1198680,1337964,43,12,26.2,4.9,11.8,0.415,1.4,4,0.345,3.5,7.8,0.451,0.473,2,2.5,0.821,0.7,2.4,3.1,3.7,0.6,0.1,2.3,1.4,13.2,1127,14.7,0.512,0.337,0.209,3,10.3,6.6,25.5,1.2,0.4,14.9,26.4,0.2,1.1,1.4,0.058,0.5,-1.4,-0.9,0.3
2012/2013,58044000,63707436,473604,Boston Celtics,2,BOS,Massachusetts,East,Atlantic,41,40,0.506,96.5,96.7,-0.62,Jordan Crawford,SG,24,1198680,1337964,27,2,21.6,3.3,8,0.415,0.9,2.8,0.32,2.4,5.3,0.465,0.47,1.6,2,0.792,0.5,2.3,2.7,2.5,0.4,0.1,1.6,1.7,9.1,582,12,0.512,0.346,0.244,2.7,12,7.5,19.4,1.1,0.3,15.5,23.1,0,0.5,0.5,0.041,-1.4,-1.6,-3.1,-0.2
2012/2013,58044000,63707436,473604,Dallas Mavericks,7,DAL,Texas,West,Southwest,41,41,0.5,101.1,101.7,-0.24,Jae Crowder,SF,22,600491,670267,78,16,17.3,1.8,4.7,0.384,0.8,2.5,0.328,1,2.2,0.446,0.47,0.6,0.9,0.644,0.4,1.9,2.4,1.2,0.8,0.2,0.6,1.6,5,1353,10.2,0.491,0.523,0.199,2.9,12.3,7.7,10,2.4,1,10.9,15.1,0.2,1.3,1.5,0.055,-0.9,0.4,-0.5,0.5
2012/2013,58044000,63707436,473604,Minnesota Timberwolves,18,MIN,Minnesota,West,Northwest,31,51,0.378,95.7,98.1,-1.83,Dante Cunningham,PF,25,2090000,2332854,80,9,25.1,3.9,8.4,0.468,0,0.1,0,3.9,8.3,0.472,0.468,0.8,1.3,0.65,1.8,3.3,5.1,0.8,1.1,0.5,0.7,1.9,8.7,2010,13.3,0.485,0.009,0.154,7.8,15.6,11.6,5.7,2.2,1.5,7.3,17.2,1.1,2.4,3.5,0.084,-2.1,1.1,-0.9,0.5
2012/2013,58044000,63707436,473604,Dallas Mavericks,7,DAL,Texas,West,Southwest,41,41,0.5,101.1,101.7,-0.24,Jared Cunningham,SG,21,1156320,1290682,8,0,3.3,0.8,1.8,0.429,0.3,0.4,0.667,0.5,1.4,0.364,0.5,0.3,0.3,1,0.1,0.3,0.4,0.1,0.1,0,0.3,0.4,2,26,14.8,0.538,0.214,0.143,4.4,8.4,6.4,6.8,2,0,11.8,29.6,0,0,0,0.033,-1.8,-4.5,-6.3,0
2012/2013,58044000,63707436,473604,Dallas Mavericks,7,DAL,Texas,West,Southwest,41,41,0.5,101.1,101.7,-0.24,Eddy Curry,C,30,31629,35304,2,0,12.5,2,4,0.5,0,0,,2,4,0.5,0.5,0.5,2,0.25,1,1,2,0,0,0,1.5,3.5,4.5,25,-0.2,0.461,0,0.5,9.1,8.7,8.9,0,0,0,23.5,23.3,-0.1,0,-0.1,-0.146,-9.6,-6.5,-16.1,-0.1
2012/2013,58044000,63707436,473604,Golden State Warriors,10,GSW,California,West,Pacific,47,35,0.573,101.2,100.3,1.32,Stephen Curry,PG,24,3958742,4418741,78,78,38.2,8,17.8,0.451,3.5,7.7,0.453,4.5,10.1,0.449,0.549,3.4,3.7,0.9,0.8,3.3,4,6.9,1.6,0.2,3.1,2.5,22.9,2983,21.3,0.589,0.432,0.21,2.3,9.1,5.8,31.1,2.1,0.3,13.7,26.4,8.4,2.8,11.2,0.18,6.3,-0.9,5.4,5.6
2012/2013,58044000,63707436,473604,Milwaukee Bucks,17,MIL,Wisconsin,East,Central,38,44,0.463,98.9,100.4,-1.83,Samuel Dalembert,C,31,6700000,7478529,47,23,16.3,2.9,5.4,0.542,0,0,1,2.9,5.4,0.54,0.543,0.8,1.2,0.691,2.2,3.6,5.9,0.4,0.4,1.1,1.1,1.9,6.7,765,18.6,0.565,0.004,0.217,14.2,24.9,19.4,4.5,1.1,5.1,15.5,18.7,0.9,1.2,2.2,0.137,-2.3,1,-1.2,0.1
2012/2013,58044000,63707436,473604,Milwaukee Bucks,17,MIL,Wisconsin,East,Central,38,44,0.463,98.9,100.4,-1.83,Marquis Daniels,SF,32,1229255,1372092,59,33,18.4,2.2,5.9,0.376,0.3,1.2,0.278,1.9,4.7,0.401,0.405,0.7,0.9,0.741,0.8,1.7,2.5,1.1,0.9,0.2,0.8,1.3,5.5,1085,9.2,0.432,0.205,0.154,4.6,10.5,7.4,9,2.4,0.7,10.7,16.9,-0.6,1.1,0.5,0.023,-3.4,0.1,-3.3,-0.4
2012/2013,58044000,63707436,473604,New Orleans Hornets,19,NOH,Louisiana,West,Southwest,27,55,0.329,94.1,97.9,-3.12,Anthony Davis,PF,19,5144280,5742037,64,60,28.8,5.5,10.6,0.516,0,0.1,0,5.5,10.5,0.521,0.516,2.6,3.5,0.751,2.6,5.6,8.2,1,1.2,1.8,1.4,2.5,13.5,1846,21.7,0.559,0.009,0.333,10.5,23.5,16.8,6.1,2.2,5.1,10.3,21.8,3.7,2.4,6.1,0.159,0.5,1.9,2.3,2
2012/2013,58044000,63707436,473604,#N/A,#N/A,TOT,#N/A,#N/A,#N/A,#N/A,#N/A,#N/A,#N/A,#N/A,#N/A,Ed Davis,C-PF,23,2207040,2463494,81,28,20.1,3.2,6,0.539,0,0,,3.2,6,0.539,0.539,1.3,2.1,0.617,1.9,3.8,5.7,0.8,0.5,1,0.8,2.4,7.7,1631,17.8,0.561,0,0.346,10.9,22.8,16.7,6.7,1.2,4.2,10.2,17.6,2.9,2.4,5.4,0.159,-0.8,1.6,0.8,1.1
2012/2013,58044000,63707436,473604,Toronto Raptors,28,TOR,Ontario,East,Atlantic,34,48,0.415,97.2,98.7,-1.96,Ed Davis,C,23,2207040,2463494,45,24,24.2,4.1,7.5,0.549,0,0,,4.1,7.5,0.549,0.549,1.5,2.3,0.647,2.1,4.6,6.7,1.2,0.6,0.8,1,2.5,9.7,1087,18.1,0.57,0,0.301,10.2,22.8,16.4,8.8,1.2,2.8,10.5,18.3,2.1,1.2,3.3,0.147,0,1,1,0.8
2012/2013,58044000,63707436,473604,Memphis Grizzlies,15,MEM,Tennessee,West,Southwest,56,26,0.683,93.4,89.3,4.32,Ed Davis,PF,23,2207040,2463494,36,4,15.1,2.1,4,0.517,0,0,,2.1,4,0.517,0.517,1,1.8,0.569,1.6,2.9,4.4,0.2,0.4,1.3,0.5,2.2,5.1,544,17.2,0.539,0,0.455,12.1,22.8,17.4,2.4,1.3,7.1,9.5,16.1,0.8,1.2,2.1,0.183,-2.5,2.9,0.4,0.3
2012/2013,58044000,63707436,473604,Orlando Magic,22,ORL,Florida,East,Southeast,20,62,0.244,94.1,101.1,-7.12,Glen Davis,PF,27,6400000,7143670,34,33,31.3,6.3,14.1,0.448,0,0.1,0,6.3,14,0.45,0.448,2.5,3.4,0.718,1.6,5.6,7.2,2.1,0.9,0.6,1.9,2.6,15.1,1064,15,0.483,0.004,0.245,5.8,20.3,13.1,11.3,1.6,1.5,10.8,25.4,-0.1,0.9,0.8,0.035,-2.8,-0.2,-3,-0.3
2012/2013,58044000,63707436,473604,#N/A,#N/A,TOT,#N/A,#N/A,#N/A,#N/A,#N/A,#N/A,#N/A,#N/A,#N/A,Austin Daye,SF,24,2958444,3302210,55,0,12.3,1.6,3.8,0.433,0.7,1.8,0.418,0.9,2,0.445,0.531,0.5,0.6,0.765,0.3,1.9,2.2,0.8,0.3,0.4,0.5,1.5,4.5,676,12.9,0.554,0.471,0.163,2.7,18.8,10.6,10.1,1.1,2.6,11.5,17.1,0.8,0.9,1.6,0.117,-0.8,0.1,-0.7,0.2
2012/2013,58044000,63707436,473604,Detroit Pistons,9,DET,Michigan,East,Central,29,53,0.354,94.9,98.8,-4.33,Austin Daye,SF,24,2958444,3302210,24,0,14.5,1.8,4,0.443,0.9,1.7,0.525,0.9,2.4,0.386,0.552,0.6,0.8,0.833,0.4,2.2,2.6,0.9,0.2,0.3,0.5,1.8,5.1,348,12.6,0.581,0.412,0.186,3.2,17.9,10.4,9.6,0.8,1.8,11,15.4,0.5,0.2,0.8,0.108,-0.5,-1.1,-1.6,0
2012/2013,58044000,63707436,473604,Memphis Grizzlies,15,MEM,Tennessee,West,Southwest,56,26,0.683,93.4,89.3,4.32,Austin Daye,SF,24,2958444,3302210,31,0,10.6,1.5,3.6,0.423,0.6,1.9,0.345,0.9,1.7,0.509,0.514,0.4,0.5,0.688,0.2,1.7,1.9,0.7,0.3,0.5,0.5,1.3,4,328,13.3,0.529,0.523,0.144,2.1,19.8,10.8,10.6,1.5,3.5,11.9,18.8,0.2,0.6,0.9,0.127,-1.1,1.4,0.3,0.2
2012/2013,58044000,63707436,473604,San Antonio Spurs,27,SAS,Texas,West,Southwest,58,24,0.707,103,96.6,6.67,Nando De Colo,SG,25,1400000,1562677,72,6,12.8,1.5,3.3,0.436,0.4,1.1,0.378,1,2.2,0.465,0.5,0.5,0.6,0.795,0.3,1.6,1.9,1.9,0.6,0.1,1.1,1.2,3.8,920,11.1,0.53,0.34,0.183,3.1,13.7,8.7,21.6,2.3,0.5,23.7,17.1,0,1.4,1.3,0.07,-2.1,1,-1,0.2
2012/2013,58044000,63707436,473604,Houston Rockets,11,HOU,Texas,West,Southwest,45,37,0.549,106,102.5,3.69,Carlos Delfino,SF,30,3000000,3348595,67,5,25.2,3.7,9.3,0.405,2.4,6.3,0.375,1.4,3,0.467,0.532,0.7,0.8,0.857,0.3,3,3.3,2,1,0.1,1.1,1.7,10.6,1689,13.3,0.549,0.679,0.09,1.2,13.4,7.4,12.5,2,0.4,10,18.6,2,1.5,3.5,0.101,1.7,-0.6,1.2,1.3
2012/2013,58044000,63707436,473604,Chicago Bulls,5,CHI,Illinois,East,Central,45,37,0.549,93.2,92.9,-0.02,Luol Deng,SF,27,13326700,14875242,75,75,38.7,6.2,14.6,0.426,1,3.1,0.322,5.2,11.5,0.455,0.461,3.1,3.8,0.816,2.2,4.2,6.3,3,1.1,0.4,1.9,1.4,16.5,2903,15.1,0.508,0.213,0.258,6.3,12.6,9.4,13.2,1.5,0.8,10.6,21.5,3,3.3,6.3,0.105,0.6,0.4,1.1,2.2
2012/2013,58044000,63707436,473604,Dallas Mavericks,7,DAL,Texas,West,Southwest,41,41,0.5,101.1,101.7,-0.24,Justin Dentmon,PG,27,44835,50044,2,0,2,0,1,0,0,0,,0,1,0,0,0,0,,0,0,0,0,0,0,0,0,0,4,-19.4,0,0,0,0,0,0,0,0,0,0,22.8,0,0,0,-0.571,-21.4,-6.5,-27.8,0
2012/2013,58044000,63707436,473604,Toronto Raptors,28,TOR,Ontario,East,Atlantic,34,48,0.415,97.2,98.7,-1.96,DeMar DeRozan,SG,23,3344250,3732846,82,82,36.7,6.7,15,0.445,0.4,1.5,0.283,6.3,13.5,0.463,0.459,4.3,5.2,0.831,0.6,3.3,3.9,2.5,0.9,0.3,1.8,2.1,18.1,3013,14.7,0.523,0.097,0.347,1.9,10.9,6.3,12,1.3,0.6,9.6,24.2,3.1,1.6,4.7,0.075,-0.5,-1.4,-1.9,0
2012/2013,58044000,63707436,473604,San Antonio Spurs,27,SAS,Texas,West,Southwest,58,24,0.707,103,96.6,6.67,Boris Diaw,PF,30,4500000,5022893,75,20,22.8,2.4,4.4,0.539,0.4,1,0.385,2,3.4,0.587,0.584,0.6,0.9,0.723,0.9,2.5,3.4,2.4,0.7,0.4,1.1,1.9,5.8,1709,11.9,0.603,0.235,0.196,4.7,12,8.6,15,1.6,1.1,18.9,12,2.2,2.3,4.4,0.124,-0.1,1.9,1.8,1.6
2012/2013,58044000,63707436,473604,Charlotte Bobcats,4,CHA,North Carolina,East,Southeast,21,61,0.256,93.4,102.7,-9.29,DeSagana Diop,C,31,7372200,8228838,22,1,10.3,0.4,1.2,0.296,0,0,0,0.4,1.2,0.308,0.296,0,0,0,0.5,1.9,2.3,0.6,0.2,0.7,0.4,0.9,0.7,226,6.6,0.292,0.037,0.037,4.9,21.4,12.9,8.5,1.2,5.7,22.6,7.1,-0.3,0.2,-0.1,-0.017,-7.1,3,-4.1,-0.1
2012/2013,58044000,63707436,473604,Memphis Grizzlies,15,MEM,Tennessee,West,Southwest,56,26,0.683,93.4,89.3,4.32,Keyon Dooling,PG,32,1471491,1642475,7,0,11.7,1.4,3,0.476,0.7,1.7,0.417,0.7,1.3,0.556,0.595,0.9,1,0.857,0,0.1,0.1,1.1,0.1,0,0.7,1.1,4.4,82,11.2,0.644,0.571,0.333,0,1.5,0.7,15.6,0.7,0,17.2,16.4,0.2,0.1,0.2,0.128,-0.1,-4.5,-4.7,-0.1
2012/2013,58044000,63707436,473604,#N/A,#N/A,TOT,#N/A,#N/A,#N/A,#N/A,#N/A,#N/A,#N/A,#N/A,#N/A,Toney Douglas,PG,26,2067880,2308164,71,0,18.2,2.6,6.6,0.403,1.2,3,0.38,1.5,3.5,0.424,0.491,1.1,1.2,0.905,0.5,1.5,1.9,2.1,1,0,1.1,2,7.5,1289,13.4,0.531,0.464,0.18,3,9.2,6.1,18.3,2.8,0.2,13.9,19.9,1.4,1,2.4,0.089,0.8,-1.1,-0.3,0.6
2012/2013,58044000,63707436,473604,Houston Rockets,11,HOU,Texas,West,Southwest,45,37,0.549,106,102.5,3.69,Toney Douglas,PG,26,2067880,2308164,49,0,18.6,2.8,7.2,0.395,1.2,3.3,0.377,1.6,3.9,0.411,0.482,1.2,1.4,0.882,0.5,1.4,1.8,1.9,0.8,0,1.1,2.1,8.1,913,12.3,0.522,0.46,0.193,2.9,8.2,5.6,16,2.2,0.2,12.8,21,0.8,0.7,1.5,0.081,0.3,-1.4,-1.1,0.2
2012/2013,58044000,63707436,473604,Sacramento Kings,26,SAC,California,West,Pacific,28,54,0.341,100.2,105.1,-4.26,Toney Douglas,PG,26,2067880,2308164,22,0,17.1,2.2,5.2,0.43,1,2.5,0.389,1.3,2.7,0.467,0.522,0.7,0.7,1,0.5,1.7,2.2,2.6,1.4,0,1.1,1.9,6.1,376,16,0.558,0.474,0.14,3.3,11.6,7.3,23.8,4.2,0.2,17.1,17.3,0.6,0.3,0.9,0.11,2,-0.2,1.8,0.4
2012/2013,58044000,63707436,473604,Dallas Mavericks,7,DAL,Texas,West,Southwest,41,41,0.5,101.1,101.7,-0.24,Chris Douglas-Roberts,SG,26,72892,81361,6,0,10.5,0.8,2.3,0.357,0,0.7,0,0.8,1.7,0.5,0.357,1.2,1.7,0.7,0,0.8,0.8,0.7,0.3,0,0.2,0.7,2.8,63,8.3,0.462,0.286,0.714,0,8.7,4.4,8.9,1.6,0,5.2,14,0,0,0.1,0.041,-3.2,-1.8,-5,0
2012/2013,58044000,63707436,473604,Phoenix Suns,24,PHO,Arizona,West,Pacific,25,57,0.305,95.2,101.6,-5.75,Goran Dragic,PG,26,7500000,8371488,77,77,33.5,5.2,11.8,0.443,1.1,3.6,0.319,4.1,8.2,0.497,0.491,3.2,4.2,0.748,0.8,2.3,3.1,7.4,1.6,0.3,2.8,2.8,14.7,2581,17.5,0.54,0.305,0.36,2.6,8,5.2,35.7,2.5,0.8,16.8,21.7,4.1,1.6,5.7,0.106,2.6,-1.2,1.4,2.2
2012/2013,58044000,63707436,473604,Detroit Pistons,9,DET,Michigan,East,Central,29,53,0.354,94.9,98.8,-4.33,Andre Drummond,C,19,2356320,2630120,60,10,20.7,3.5,5.7,0.608,0,0,0.5,3.5,5.7,0.609,0.61,1,2.7,0.371,2.8,4.8,7.6,0.5,1,1.6,1,2.4,7.9,1243,21.6,0.578,0.006,0.465,15.4,27.2,21.2,4.1,2.5,6.1,12.2,17.2,2.2,2.3,4.5,0.172,-0.3,2.6,2.4,1.4
2012/2013,58044000,63707436,473604,Phoenix Suns,24,PHO,Arizona,West,Pacific,25,57,0.305,95.2,101.6,-5.75,Jared Dudley,SF,27,4250000,4743843,79,50,27.5,4,8.5,0.468,1.3,3.4,0.391,2.6,5,0.52,0.547,1.6,2.1,0.796,1,2.1,3.1,2.6,0.9,0.1,1.3,1.6,10.9,2170,14.9,0.582,0.405,0.242,4.1,8.9,6.4,14.9,1.8,0.3,12,17.2,3.9,0.9,4.8,0.106,2.1,-1,1.1,1.7
2012/2013,58044000,63707436,473604,Los Angeles Lakers,14,LAL,California,West,Pacific,45,37,0.549,102.2,101,1.48,Chris Duhon,PG,30,3680000,4107610,46,9,17.8,1,2.7,0.382,0.7,2,0.363,0.3,0.7,0.438,0.516,0.1,0.3,0.462,0.2,1.2,1.5,2.9,0.4,0,0.9,1.2,2.9,820,8,0.517,0.74,0.106,1.5,7.5,4.6,22.8,1.2,0.1,23.7,9.2,0.6,0.4,1,0.056,-1.7,-1.7,-3.5,-0.3
2012/2013,58044000,63707436,473604,San Antonio Spurs,27,SAS,Texas,West,Southwest,58,24,0.707,103,96.6,6.67,Tim Duncan,C,36,9638554,10758539,69,69,30.1,7.1,14.1,0.502,0,0.1,0.286,7.1,14,0.504,0.503,3.6,4.3,0.817,1.8,8.1,9.9,2.7,0.7,2.7,2.1,1.7,17.8,2078,24.4,0.554,0.007,0.307,7.3,29.6,19.1,15.5,1.2,6.4,11.7,27.8,3.4,4.9,8.3,0.191,-0.5,4.6,4.1,3.2
2012/2013,58044000,63707436,473604,Milwaukee Bucks,17,MIL,Wisconsin,East,Central,38,44,0.463,98.9,100.4,-1.83,Mike Dunleavy,SF,32,3750000,4185744,75,3,25.9,3.7,8.3,0.442,1.7,4,0.428,2,4.3,0.455,0.545,1.4,1.7,0.82,0.4,3.5,3.9,1.9,0.5,0.5,1.2,1.8,10.5,1943,13.6,0.577,0.479,0.205,1.7,14.9,8,11.5,1,1.3,11.7,17.3,2.7,1.7,4.4,0.109,0.5,-0.6,-0.1,0.9
2012/2013,58044000,63707436,473604,Oklahoma City Thunder,21,OKC,Oklahoma,West,Northwest,60,22,0.732,105.7,96.5,9.15,Kevin Durant,SF,24,17548838,19587986,81,81,38.5,9,17.7,0.51,1.7,4.1,0.416,7.3,13.6,0.539,0.559,8.4,9.3,0.905,0.6,7.3,7.9,4.6,1.4,1.3,3.5,1.8,28.1,3119,28.3,0.647,0.233,0.523,1.8,20.3,11.8,21.7,1.9,2.6,13.7,29.8,13.6,5.3,18.9,0.291,6.2,1.4,7.7,7.6
2012/2013,58044000,63707436,473604,Los Angeles Lakers,14,LAL,California,West,Pacific,45,37,0.549,102.2,101,1.48,Devin Ebanks,SF,23,1040000,1160846,19,3,10.4,1.3,3.8,0.329,0.3,1.2,0.273,0.9,2.7,0.353,0.37,0.6,0.7,0.786,0.5,1.6,2.2,0.5,0.2,0.1,0.6,1.2,3.4,197,6.3,0.411,0.301,0.192,5.7,16.9,11.5,7.8,0.8,0.4,12.2,20.4,-0.2,0.1,-0.1,-0.025,-5.4,-2.2,-7.6,-0.3
2012/2013,58044000,63707436,473604,#N/A,#N/A,TOT,#N/A,#N/A,#N/A,#N/A,#N/A,#N/A,#N/A,#N/A,#N/A,Wayne Ellington,SG,25,2083042,2325088,78,21,21.3,2.9,6.8,0.427,1.2,3.1,0.392,1.7,3.7,0.457,0.516,0.9,1,0.907,0.3,1.8,2.1,1.3,0.6,0,0.7,1,7.9,1661,12.2,0.546,0.454,0.142,1.7,10.3,5.8,10.1,1.4,0.1,9.2,16.8,2.1,1.1,3.2,0.093,0.2,-1.6,-1.4,0.3
2012/2013,58044000,63707436,473604,Memphis Grizzlies,15,MEM,Tennessee,West,Southwest,56,26,0.683,93.4,89.3,4.32,Wayne Ellington,SG,25,2083042,2325088,40,4,16.9,2,5,0.407,1,2.4,0.423,1,2.6,0.392,0.51,0.4,0.4,0.938,0.1,1.2,1.3,1.1,0.4,0,0.6,1,5.5,676,9.8,0.529,0.487,0.08,0.9,8.4,4.5,9.9,1.3,0.1,10.4,15.7,0.6,0.8,1.3,0.094,-0.9,-1.1,-1.9,0
2012/2013,58044000,63707436,473604,Cleveland Cavaliers,6,CLE,Ohio,East,Central,24,58,0.293,96.5,101.2,-4.87,Wayne Ellington,SG,25,2083042,2325088,38,17,25.9,3.8,8.7,0.439,1.4,3.8,0.371,2.4,4.9,0.492,0.52,1.4,1.6,0.898,0.5,2.5,3,1.6,0.8,0.1,0.9,1.1,10.4,985,13.9,0.556,0.433,0.179,2.2,11.6,6.7,10.3,1.5,0.2,8.5,17.6,1.6,0.3,1.9,0.093,1,-2,-1,0.2
2012/2013,58044000,63707436,473604,Milwaukee Bucks,17,MIL,Wisconsin,East,Central,38,44,0.463,98.9,100.4,-1.83,Monta Ellis,SG,27,11000000,12278183,82,82,37.5,7.3,17.5,0.416,1.1,4,0.287,6.1,13.5,0.454,0.448,3.5,4.6,0.773,0.5,3.3,3.9,6,2.1,0.4,3.1,2,19.2,3076,16.2,0.493,0.228,0.26,1.5,9.8,5.5,27.1,2.8,0.9,13.7,26.3,1.2,3.3,4.6,0.071,0.8,0,0.8,2.2
2012/2013,58044000,63707436,473604,Detroit Pistons,9,DET,Michigan,East,Central,29,53,0.354,94.9,98.8,-4.33,Kim English,SG,24,473604,528636,41,0,9.9,1,2.7,0.375,0.3,1.2,0.28,0.7,1.5,0.452,0.438,0.5,0.7,0.724,0.2,0.7,0.9,0.6,0.4,0.1,0.5,1.1,2.9,407,7.9,0.477,0.446,0.259,2.2,8.4,5.2,9.8,2.1,0.6,13.2,16.1,0,0.2,0.2,0.021,-2.5,-1.6,-4.2,-0.2
2012/2013,58044000,63707436,473604,Utah Jazz,29,UTA,Utah,West,Northwest,43,39,0.524,98,98.1,0.3,Jeremy Evans,PF,25,1795000,2003576,37,0,5.8,0.7,1.2,0.614,0,0,0,0.7,1.2,0.628,0.614,0.6,0.9,0.636,0.7,0.9,1.6,0.3,0.2,0.4,0.2,0.8,2,215,19.9,0.641,0.023,0.75,14,17.6,15.8,8,2,4.8,12,14.1,0.7,0.3,0.9,0.208,1.6,2.1,3.7,0.3
2012/2013,58044000,63707436,473604,Brooklyn Nets,3,BRK,New York,East,Atlantic,49,33,0.598,96.9,95.1,1.25,Reggie Evans,PF,32,1622618,1811163,80,56,24.6,1.6,3.3,0.479,0,0,,1.6,3.3,0.479,0.479,1.4,2.8,0.509,3.3,7.9,11.1,0.5,0.9,0.2,1.4,2.5,4.5,1967,12.8,0.506,0,0.851,15.5,38,26.7,3.2,2,0.5,23.6,11,0.8,3.5,4.3,0.105,-3.2,1.3,-1.8,0.1
2012/2013,58044000,63707436,473604,Sacramento Kings,26,SAC,California,West,Pacific,28,54,0.341,100.2,105.1,-4.26,Tyreke Evans,SG,23,5251824,5862078,65,61,31,5.6,11.8,0.478,0.7,2,0.338,4.9,9.7,0.508,0.508,3.2,4.2,0.775,0.9,3.6,4.4,3.5,1.4,0.4,2,2,15.2,2016,18.1,0.558,0.174,0.354,3.1,13.5,8.2,19,2.3,1,12.6,22.3,3.6,0.8,4.4,0.105,1.9,-0.6,1.3,1.7
2012/2013,58044000,63707436,473604,Golden State Warriors,10,GSW,California,West,Pacific,47,35,0.573,101.2,100.3,1.32,Festus Ezeli,C,23,1020960,1139594,78,41,14.4,0.9,2.2,0.438,0,0,,0.9,2.2,0.438,0.438,0.6,1,0.531,1.8,2.2,4,0.3,0.3,0.9,0.8,2,2.4,1120,9.3,0.467,0,0.479,14.3,16.4,15.4,2.7,1,5.2,23.5,10.7,0,1.5,1.5,0.066,-4,2.6,-1.4,0.2
2012/2013,58044000,63707436,473604,Denver Nuggets,8,DEN,Colorado,West,Northwest,57,25,0.695,106.1,101.1,5.37,Kenneth Faried,PF,23,1348800,1505528,80,80,28.1,4.8,8.6,0.552,0,0,,4.8,8.6,0.552,0.552,2,3.3,0.613,3.3,5.9,9.2,1,1,1,1.4,2.9,11.5,2248,18.5,0.573,0,0.386,13.2,23.2,18.3,5.1,1.8,2.9,12.3,17.7,4.5,3.4,7.8,0.167,0.8,1.5,2.2,2.4
2012/2013,58044000,63707436,473604,Utah Jazz,29,UTA,Utah,West,Northwest,43,39,0.524,98,98.1,0.3,Derrick Favors,PF,21,4753320,5305648,77,8,23.2,3.6,7.4,0.482,0,0.1,0,3.6,7.3,0.487,0.482,2.3,3.4,0.688,2.4,4.7,7.1,1,0.9,1.7,1.7,3.2,9.4,1787,17.5,0.533,0.009,0.458,11.9,24,17.9,6.8,2,5.7,15.9,20.6,1.5,2.9,4.4,0.117,-1.7,2.7,1.1,1.4
2012/2013,58044000,63707436,473604,New York Knicks,20,NYK,New York,East,Atlantic,54,28,0.659,100,95.7,3.73,Raymond Felton,PG,28,4000000,4464794,68,68,34,5.5,13,0.427,1.4,3.8,0.36,4.2,9.2,0.455,0.48,1.5,1.9,0.789,0.8,2.1,2.9,5.5,1.4,0.2,2.3,1.9,13.9,2313,15.2,0.505,0.293,0.145,2.5,7.5,4.9,27,2.2,0.5,14.2,22.1,2.5,1.7,4.2,0.087,1.1,-0.9,0.3,1.3
2012/2013,58044000,63707436,473604,Toronto Raptors,28,TOR,Ontario,East,Atlantic,34,48,0.415,97.2,98.7,-1.96,Landry Fields,SF,24,5000000,5580992,51,22,20.3,2,4.4,0.457,0,0.3,0.143,2,4.1,0.478,0.462,0.7,1,0.642,1.2,2.9,4.1,1.2,0.6,0.2,0.8,1.2,4.7,1037,10.3,0.487,0.063,0.238,6.7,17.4,11.9,8.9,1.6,0.6,14.6,12.9,0.3,0.8,1.1,0.052,-2.7,0.7,-1.9,0
2012/2013,58044000,63707436,473604,#N/A,#N/A,TOT,#N/A,#N/A,#N/A,#N/A,#N/A,#N/A,#N/A,#N/A,#N/A,Derek Fisher,SG-PG,38,1519214,1695744,33,9,17.4,1.7,4.9,0.342,0.9,2.4,0.375,0.8,2.5,0.309,0.435,1.1,1.2,0.921,0.1,1.1,1.1,1.4,0.6,0.1,0.9,1.7,5.3,575,7.7,0.492,0.497,0.236,0.4,6.6,3.6,11.7,1.7,0.4,14.4,16.4,0,0.4,0.4,0.034,-2.1,-2,-4.1,-0.3
2012/2013,58044000,63707436,473604,Dallas Mavericks,7,DAL,Texas,West,Southwest,41,41,0.5,101.1,101.7,-0.24,Derek Fisher,PG,38,1519214,1695744,9,9,25.4,2.6,7.2,0.354,1.1,2.6,0.435,1.4,4.7,0.31,0.431,2.3,2.6,0.913,0,1.7,1.7,3.4,0.6,0.2,2,2.7,8.6,229,8.7,0.513,0.354,0.354,0,7.2,3.6,19.5,1.1,0.7,19.3,18.5,0,0.1,0.1,0.016,-2.7,-2.4,-5.1,-0.2
2012/2013,58044000,63707436,473604,Oklahoma City Thunder,21,OKC,Oklahoma,West,Northwest,60,22,0.732,105.7,96.5,9.15,Derek Fisher,SG,38,1519214,1695744,24,0,14.4,1.3,4,0.333,0.8,2.4,0.351,0.5,1.6,0.308,0.438,0.6,0.6,0.933,0.1,0.8,0.9,0.7,0.6,0,0.5,1.3,4.1,346,7,0.478,0.594,0.156,0.7,6.2,3.6,6.6,2.1,0.2,10.5,15.1,0,0.3,0.3,0.046,-1.8,-1.7,-3.5,-0.1
2012/2013,58044000,63707436,473604,Denver Nuggets,8,DEN,Colorado,West,Northwest,57,25,0.695,106.1,101.1,5.37,Evan Fournier,SG,20,1361400,1519592,38,4,11.3,2,4,0.493,0.6,1.4,0.407,1.4,2.6,0.541,0.566,0.8,1,0.769,0.2,0.8,0.9,1.2,0.5,0,0.8,1.7,5.3,428,13.8,0.597,0.355,0.257,1.6,7.4,4.6,15.5,2.2,0.2,15.9,20.4,0.7,0.3,1,0.115,1,-2,-0.9,0.1
2012/2013,58044000,63707436,473604,Utah Jazz,29,UTA,Utah,West,Northwest,43,39,0.524,98,98.1,0.3,Randy Foye,SG,29,2500000,2790496,82,72,27.4,3.6,9,0.397,2.2,5.3,0.41,1.4,3.7,0.378,0.518,1.4,1.8,0.819,0.2,1.3,1.5,2,0.8,0.3,1.1,2.3,10.8,2249,11.7,0.55,0.588,0.195,0.9,5.8,3.3,11.7,1.5,0.9,10.3,18.1,2.8,0.9,3.7,0.08,1.7,-2.1,-0.3,0.9
2012/2013,58044000,63707436,473604,Sacramento Kings,26,SAC,California,West,Pacific,28,54,0.341,100.2,105.1,-4.26,Jimmer Fredette,SG,23,2406240,2685841,69,0,14,2.5,5.9,0.421,0.9,2.3,0.417,1.6,3.7,0.423,0.5,1.2,1.4,0.859,0.3,0.8,1,1.3,0.4,0,1,0.9,7.2,967,14.6,0.546,0.381,0.242,2.2,6.4,4.2,15.9,1.6,0.2,13.1,23.9,1.1,-0.1,1.1,0.052,0.7,-4.3,-3.6,-0.4
2012/2013,58044000,63707436,473604,Portland Trail Blazers,25,POR,Oregon,West,Northwest,33,49,0.402,97.5,100.7,-2.53,Joel Freeland,PF,25,2900000,3236975,51,1,9.4,1.1,2.8,0.408,0,0,,1.1,2.8,0.408,0.408,0.4,0.5,0.667,0.8,1.5,2.3,0.3,0.3,0.2,0.4,1.3,2.6,477,9.3,0.435,0,0.19,9.6,19.5,14.5,4.3,1.4,1.7,11,16.6,-0.2,0.4,0.2,0.022,-5.3,-0.9,-6.2,-0.5
2012/2013,58044000,63707436,473604,Denver Nuggets,8,DEN,Colorado,West,Northwest,57,25,0.695,106.1,101.1,5.37,Danilo Gallinari,SF,24,9439000,10535797,71,71,32.5,5.1,12.3,0.418,1.9,5.1,0.373,3.2,7.2,0.45,0.495,4,4.9,0.822,0.9,4.3,5.2,2.5,0.9,0.5,1.6,1.8,16.2,2309,16.7,0.561,0.416,0.4,3.2,14.4,8.9,11.2,1.4,1.2,9.8,21.3,5.2,2,7.2,0.151,2.7,-0.4,2.3,2.5
2012/2013,58044000,63707436,473604,#N/A,#N/A,TOT,#N/A,#N/A,#N/A,#N/A,#N/A,#N/A,#N/A,#N/A,#N/A,Francisco Garcia,SG-SF,31,6100000,6808810,58,20,17.7,2,5.2,0.393,1.2,3.1,0.374,0.9,2.1,0.421,0.505,0.3,0.4,0.857,0.1,1.4,1.6,1.1,0.8,0.7,0.6,1.5,5.5,1029,11,0.519,0.597,0.07,0.9,9.4,5.1,9.2,2.3,2.9,9.4,14.7,0.6,0.6,1.3,0.059,-0.5,0.1,-0.4,0.4
2012/2013,58044000,63707436,473604,Sacramento Kings,26,SAC,California,West,Pacific,28,54,0.341,100.2,105.1,-4.26,Francisco Garcia,SG,31,6100000,6808810,40,15,17.8,1.9,5.1,0.376,1,2.7,0.367,0.9,2.4,0.385,0.473,0.3,0.4,0.857,0.2,1.5,1.7,1.1,0.8,0.8,0.5,1.7,5.2,710,10.5,0.488,0.532,0.068,1.1,10.1,5.5,9,2.3,3.4,8.7,14.5,0.2,0.4,0.6,0.04,-1.1,0.2,-0.9,0.2
2012/2013,58044000,63707436,473604,Houston Rockets,11,HOU,Texas,West,Southwest,45,37,0.549,106,102.5,3.69,Francisco Garcia,SF,31,6100000,6808810,18,5,17.7,2.3,5.3,0.432,1.5,3.9,0.386,0.8,1.4,0.56,0.574,0.3,0.4,0.857,0.1,1.2,1.3,1.1,0.8,0.4,0.7,1.2,6.4,319,12.2,0.586,0.737,0.074,0.4,7.7,4.1,9.5,2.2,1.7,10.9,15.1,0.4,0.3,0.7,0.101,0.9,-0.3,0.6,0.2
2012/2013,58044000,63707436,473604,Boston Celtics,2,BOS,Massachusetts,East,Atlantic,41,40,0.506,96.5,96.7,-0.62,Kevin Garnett,C,36,12467532,13916240,68,68,29.7,6.2,12.5,0.496,0,0.2,0.125,6.2,12.3,0.504,0.498,2.3,3,0.786,1.1,6.7,7.8,2.3,1.1,0.9,1.6,2.3,14.8,2022,19.2,0.535,0.019,0.236,4.5,25.8,15.5,14.4,2,2.4,10.5,24.5,1.8,3.8,5.6,0.133,-1.2,2.3,1,1.5
2012/2013,58044000,63707436,473604,Phoenix Suns,24,PHO,Arizona,West,Pacific,25,57,0.305,95.2,101.6,-5.75,Diante Garrett,PG,24,473604,528636,19,0,7.8,0.8,2.6,0.327,0.2,0.8,0.2,0.7,1.8,0.382,0.357,0.3,0.5,0.5,0.3,0.5,0.8,1.6,0.5,0,0.8,0.3,2.1,149,9,0.375,0.306,0.204,3.7,7.8,5.7,31.3,3.4,0,23.1,20.7,-0.3,0.1,-0.2,-0.073,-4.7,-1.5,-6.2,-0.2
2012/2013,58044000,63707436,473604,Memphis Grizzlies,15,MEM,Tennessee,West,Southwest,56,26,0.683,93.4,89.3,4.32,Marc Gasol,C,28,13891359,15505514,80,80,35,5.4,10.9,0.494,0,0.2,0.071,5.4,10.7,0.501,0.494,3.4,4,0.848,2.3,5.5,7.8,4,1,1.7,2,3.2,14.1,2796,19.5,0.559,0.016,0.364,7.6,18.9,13.1,19.1,1.6,4.1,13.5,19.2,6.1,5.4,11.5,0.197,1.7,4.4,6.1,5.7
2012/2013,58044000,63707436,473604,Los Angeles Lakers,14,LAL,California,West,Pacific,45,37,0.549,102.2,101,1.48,Pau Gasol,PF,32,19000000,21207771,49,42,33.8,5.5,11.8,0.466,0.2,0.6,0.286,5.3,11.2,0.475,0.473,2.6,3.6,0.702,2.3,6.3,8.6,4.1,0.5,1.2,2.1,1.9,13.7,1655,16.7,0.512,0.048,0.307,7.6,20.1,14,19.9,0.7,2.7,13.7,20.5,2,1.7,3.7,0.107,-0.4,1.9,1.5,1.5
2012/2013,58044000,63707436,473604,#N/A,#N/A,TOT,#N/A,#N/A,#N/A,#N/A,#N/A,#N/A,#N/A,#N/A,#N/A,Rudy Gay,SF,26,16460532,18373221,75,74,35.8,6.9,16.7,0.416,1.1,3.5,0.323,5.8,13.2,0.44,0.449,3.2,3.9,0.814,1.3,4.8,6.1,2.7,1.5,0.7,2.6,2.4,18.2,2687,15.6,0.494,0.208,0.235,4.3,16.3,10.2,13.6,2.3,1.6,12.5,27.2,0.1,3.9,4,0.072,-0.5,0.9,0.5,1.7
2012/2013,58044000,63707436,473604,Memphis Grizzlies,15,MEM,Tennessee,West,Southwest,56,26,0.683,93.4,89.3,4.32,Rudy Gay,SF,26,16460532,18373221,42,42,36.7,6.7,16.4,0.408,1,3.1,0.31,5.7,13.3,0.431,0.438,2.9,3.7,0.776,1.3,4.6,5.9,2.6,1.3,0.7,2.5,2.1,17.2,1541,14.1,0.478,0.188,0.227,4.2,15.1,9.5,12.4,2,1.7,12.1,25.7,-0.2,2.6,2.4,0.075,-1.2,1.3,0.1,0.8
2012/2013,58044000,63707436,473604,Toronto Raptors,28,TOR,Ontario,East,Atlantic,34,48,0.415,97.2,98.7,-1.96,Rudy Gay,SF,26,16460532,18373221,33,32,34.7,7.3,17.1,0.425,1.3,4,0.336,5.9,13.2,0.452,0.464,3.6,4.2,0.856,1.3,5.1,6.4,2.8,1.7,0.7,2.8,2.9,19.5,1146,17.6,0.513,0.232,0.246,4.4,17.8,11,15.3,2.6,1.5,13.1,29.1,0.3,1.4,1.6,0.068,0.4,0.4,0.9,0.8
2012/2013,58044000,63707436,473604,Cleveland Cavaliers,6,CLE,Ohio,East,Central,24,58,0.293,96.5,101.2,-4.87,Alonzo Gee,SF,25,3500000,3906694,82,82,31,3.7,9.1,0.41,0.8,2.7,0.315,2.9,6.4,0.45,0.456,2,2.5,0.795,0.9,3,3.9,1.6,1.3,0.4,1.6,2.4,10.3,2541,10.5,0.505,0.294,0.276,3.3,11.7,7.3,8.2,2.2,0.9,13.7,16.9,0.5,1.5,1.9,0.036,-1.4,-0.1,-1.5,0.3
2012/2013,58044000,63707436,473604,Minnesota Timberwolves,18,MIN,Minnesota,West,Northwest,31,51,0.378,95.7,98.1,-1.83,Mickael Gelabale,SF,29,452323,504882,36,13,17.9,2,3.9,0.518,0.4,1.4,0.308,1.6,2.4,0.644,0.576,0.6,0.7,0.875,0.9,1.9,2.8,0.7,0.4,0.1,0.4,1.3,5,644,11.8,0.605,0.374,0.173,5.5,12.3,8.8,6.4,1.3,0.5,9.7,11.5,1,0.5,1.5,0.114,-0.1,0,-0.1,0.3
2012/2013,58044000,63707436,473604,Indiana Pacers,12,IND,Indiana,East,Central,49,32,0.605,94.7,90.7,3.34,Paul George,SF,22,2574120,2873228,79,79,37.6,6.2,14.9,0.419,2.2,5.9,0.362,4.1,8.9,0.457,0.491,2.8,3.5,0.807,1.1,6.5,7.6,4.1,1.8,0.6,2.9,2.9,17.4,2972,16.8,0.531,0.399,0.233,3.4,19,11.3,19.6,2.6,1.3,15.2,23.5,2.7,6.3,9,0.145,1.8,2.9,4.7,5
2012/2013,58044000,63707436,473604,Cleveland Cavaliers,6,CLE,Ohio,East,Central,24,58,0.293,96.5,101.2,-4.87,Daniel Gibson,PG,26,4792332,5349193,46,3,20,1.8,5.4,0.34,1.2,3.5,0.344,0.6,1.8,0.333,0.453,0.6,0.8,0.703,0.1,1.2,1.3,1.8,0.7,0.1,0.7,1.9,5.4,919,7.7,0.475,0.66,0.15,0.6,7.3,3.8,13.4,1.7,0.4,10.5,14.3,0.3,0.2,0.5,0.026,-1.1,-2.3,-3.4,-0.3
2012/2013,58044000,63707436,473604,Chicago Bulls,5,CHI,Illinois,East,Central,45,37,0.549,93.2,92.9,-0.02,Taj Gibson,PF,27,2155811,2406313,65,5,22.4,3.3,6.8,0.485,0,0.1,0,3.3,6.7,0.49,0.485,1.4,2,0.679,1.9,3.4,5.3,0.9,0.4,1.4,1.2,2.6,8,1459,14.4,0.518,0.009,0.297,9.7,17.5,13.6,7.1,1,4.7,13.2,18.1,1,2.3,3.3,0.109,-2.6,2.1,-0.5,0.5
2012/2013,58044000,63707436,473604,San Antonio Spurs,27,SAS,Texas,West,Southwest,58,24,0.707,103,96.6,6.67,Manu Ginobili,SG,35,14107492,15746761,60,0,23.2,3.8,9,0.425,1.4,3.9,0.353,2.4,5.1,0.48,0.502,2.7,3.4,0.796,0.5,2.9,3.4,4.6,1.3,0.2,2.2,1.9,11.8,1393,19,0.56,0.436,0.382,2.6,13.4,8.3,30.6,2.9,0.7,17.3,25.2,2.1,2.4,4.5,0.155,2.8,1,3.7,2
2012/2013,58044000,63707436,473604,Milwaukee Bucks,17,MIL,Wisconsin,East,Central,38,44,0.463,98.9,100.4,-1.83,Drew Gooden,C,31,6680000,7456205,16,0,9.4,1.3,3.8,0.328,0.1,0.3,0.2,1.2,3.5,0.339,0.336,0.7,1,0.688,0.8,1.1,1.9,0.4,0.3,0.4,0.6,1.3,3.3,151,7.7,0.382,0.082,0.262,8.9,13.3,11,6.1,1.7,2.9,11.7,22.2,-0.3,0.2,-0.1,-0.034,-6.5,-0.7,-7.2,-0.2
2012/2013,58044000,63707436,473604,Charlotte Bobcats,4,CHA,North Carolina,East,Southeast,21,61,0.256,93.4,102.7,-9.29,Ben Gordon,SG,29,12400000,13840861,75,0,20.8,4.1,10.1,0.408,1.5,3.9,0.387,2.6,6.2,0.421,0.482,1.4,1.7,0.843,0.2,1.5,1.7,1.9,0.5,0.2,1.8,1.8,11.2,1560,12.7,0.515,0.384,0.167,1.3,8.5,4.8,17.6,1.2,0.8,14.3,27.8,-0.4,-0.2,-0.6,-0.018,-0.4,-4.7,-5.1,-1.2
2012/2013,58044000,63707436,473604,New Orleans Hornets,19,NOH,Louisiana,West,Southwest,27,55,0.329,94.1,97.9,-3.12,Eric Gordon,SG,24,13668750,15257038,42,40,30.1,5.6,13.9,0.402,1.3,4.1,0.324,4.3,9.8,0.436,0.45,4.5,5.3,0.842,0.2,1.6,1.8,3.3,1.1,0.2,2.8,1.8,17,1264,15.4,0.523,0.296,0.38,0.9,6.4,3.6,19.3,1.9,0.5,14.6,29.4,0.8,0.3,1.1,0.042,0.8,-3.3,-2.6,-0.2
2012/2013,58044000,63707436,473604,Phoenix Suns,24,PHO,Arizona,West,Pacific,25,57,0.305,95.2,101.6,-5.75,Marcin Gortat,C,28,7258960,8102440,61,61,30.8,4.8,9.3,0.521,0,0,0,4.8,9.2,0.524,0.521,1.5,2.3,0.652,2.1,6.4,8.5,1.2,0.7,1.6,1.6,2.1,11.1,1876,15.4,0.543,0.005,0.244,7.6,24,15.6,6.5,1.1,3.9,13.6,17.2,1.3,2.1,3.4,0.086,-2.4,1.8,-0.6,0.7
2012/2013,58044000,63707436,473604,Los Angeles Lakers,14,LAL,California,West,Pacific,45,37,0.549,102.2,101,1.48,Andrew Goudelock,SG,24,44835,50044,1,0,6,0,2,0,0,0,,0,2,0,0,0,0,,1,0,1,0,0,0,0,0,0,6,-6.4,0,0,0,18.9,0,9.2,0,0,0,0,14.8,0,0,0,-0.264,-12.2,-5.8,-18,0
2012/2013,58044000,63707436,473604,Indiana Pacers,12,IND,Indiana,East,Central,49,32,0.605,94.7,90.7,3.34,Danny Granger,SF,29,13058606,14575996,5,0,14.8,2,7,0.286,0.4,2,0.2,1.6,5,0.32,0.314,1,1.6,0.625,0.6,1.2,1.8,0.6,0.4,0.2,0.8,1.2,5.4,74,4,0.35,0.286,0.229,4.6,8.9,6.8,6.9,1.4,1,9.4,26.2,-0.2,0.1,-0.1,-0.075,-7.2,-2.4,-9.6,-0.1
2012/2013,58044000,63707436,473604,Toronto Raptors,28,TOR,Ontario,East,Atlantic,34,48,0.415,97.2,98.7,-1.96,Aaron Gray,C,28,2575000,2856962.5,42,16,12.2,1.1,2.1,0.533,0,0,,1.1,2.1,0.533,0.533,0.5,1,0.523,1.1,2,3.2,0.8,0.2,0.1,0.9,2,2.8,513,9,0.544,0,0.489,10.9,20,15.4,9.9,0.7,0.8,24.8,13.1,0.2,0.4,0.5,0.05,-3,0.1,-2.9,-0.1
2012/2013,58044000,63707436,473604,San Antonio Spurs,27,SAS,Texas,West,Southwest,58,24,0.707,103,96.6,6.67,Danny Green,SG,25,3500000,3906694,80,80,27.5,3.7,8.3,0.448,2.2,5.2,0.429,1.5,3.1,0.48,0.581,0.8,1,0.848,0.5,2.6,3.1,1.8,1.2,0.7,1.2,1.6,10.5,2201,14.1,0.6,0.623,0.119,2,10.3,6.4,9.5,2.1,1.8,11.9,16.6,2.6,3.2,5.9,0.128,2,1.3,3.3,2.9
2012/2013,58044000,63707436,473604,Golden State Warriors,10,GSW,California,West,Pacific,47,35,0.573,101.2,100.3,1.32,Draymond Green,SF,22,850000,948768,79,1,13.4,1.1,3.3,0.327,0.2,0.8,0.209,0.9,2.4,0.368,0.354,0.6,0.7,0.818,0.7,2.6,3.3,0.7,0.5,0.3,0.6,2,2.9,1061,7.1,0.404,0.261,0.214,6.2,20.3,13.5,7,2,1.8,15.4,14,-0.9,1.6,0.6,0.028,-4.8,1.7,-3.1,-0.3
2012/2013,58044000,63707436,473604,Indiana Pacers,12,IND,Indiana,East,Central,49,32,0.605,94.7,90.7,3.34,Gerald Green,SF,27,3500000,3906694,60,7,18,2.6,7.1,0.366,1,3.1,0.314,1.6,3.9,0.407,0.435,0.9,1.1,0.8,0.5,1.8,2.4,0.8,0.3,0.4,0.9,1.1,7,1080,9.9,0.465,0.443,0.153,3.3,11.1,7.3,7.9,0.9,1.6,10.5,21.3,-0.3,1.5,1.3,0.056,-2.6,-0.9,-3.5,-0.4
2012/2013,58044000,63707436,473604,Boston Celtics,2,BOS,Massachusetts,East,Atlantic,41,40,0.506,96.5,96.7,-0.62,Jeff Green,PF,26,8100000,9041207,81,17,27.8,4.6,10,0.467,0.9,2.2,0.385,3.8,7.7,0.49,0.51,2.6,3.3,0.808,0.7,3.2,3.9,1.6,0.7,0.8,1.6,2.2,12.8,2252,15,0.561,0.226,0.329,3,13.4,8.3,9.6,1.3,2.4,12.5,22.2,1.9,2.8,4.7,0.099,-0.9,0.1,-0.8,0.7
2012/2013,58044000,63707436,473604,Los Angeles Clippers,13,LAC,California,West,Pacific,56,26,0.683,101.1,94.6,6.43,Willie Green,SG,31,1375000,1534772,72,60,16.5,2.5,5.4,0.461,1,2.3,0.428,1.5,3.1,0.486,0.553,0.3,0.4,0.719,0.2,1.1,1.3,0.8,0.4,0.2,0.4,1.3,6.3,1188,11.8,0.562,0.43,0.083,1.7,7.9,4.9,7.1,1.3,0.8,7.2,16.6,1.7,0.9,2.5,0.103,0.3,-1.8,-1.5,0.2
2012/2013,58044000,63707436,473604,Los Angeles Clippers,13,LAC,California,West,Pacific,56,26,0.683,101.1,94.6,6.43,Blake Griffin,PF,23,7226891,8066644,80,80,32.5,7.2,13.4,0.538,0.1,0.4,0.179,7.2,13.1,0.548,0.541,3.5,5.3,0.66,2.3,6,8.3,3.7,1.2,0.6,2.3,2.9,18,2598,22.4,0.572,0.026,0.397,8.7,21.5,15.2,19.9,2,1.6,12.8,25.4,6.8,3.9,10.6,0.196,2.9,1.9,4.8,4.5
2012/2013,58044000,63707436,473604,#N/A,#N/A,TOT,#N/A,#N/A,#N/A,#N/A,#N/A,#N/A,#N/A,#N/A,#N/A,Hamed Haddadi,C,27,1300000,1451058,30,0,10.7,1.2,2.7,0.427,0,0,,1.2,2.7,0.427,0.427,0.5,0.9,0.519,1.4,2.3,3.7,0.4,0.2,0.9,1,2,2.8,322,10.2,0.447,0,0.329,15,24.7,19.8,5.7,1,6.4,24.8,17.4,-0.4,0.5,0.1,0.01,-6.2,2.5,-3.7,-0.1
2012/2013,58044000,63707436,473604,Memphis Grizzlies,15,MEM,Tennessee,West,Southwest,56,26,0.683,93.4,89.3,4.32,Hamed Haddadi,C,27,1300000,1451058,13,0,6.7,0.5,1.6,0.333,0,0,,0.5,1.6,0.333,0.333,0.1,0.2,0.5,0.8,1.1,1.8,0.3,0.1,0.5,0.3,1.2,1.2,87,7.4,0.343,0,0.095,13.3,19.4,16.3,6.9,0.6,5.7,15.5,13.7,-0.1,0.2,0.1,0.039,-5.9,3.1,-2.7,0
2012/2013,58044000,63707436,473604,Phoenix Suns,24,PHO,Arizona,West,Pacific,25,57,0.305,95.2,101.6,-5.75,Hamed Haddadi,C,27,1300000,1451058,17,0,13.8,1.6,3.6,0.459,0,0,,1.6,3.6,0.459,0.459,0.8,1.5,0.52,1.9,3.2,5.1,0.5,0.3,1.2,1.6,2.6,4.1,235,11.2,0.479,0,0.41,15.6,26.7,21,5.2,1.1,6.7,27.3,18.7,-0.4,0.4,0,0,-6.4,2.3,-4,-0.1
2012/2013,58044000,63707436,473604,Denver Nuggets,8,DEN,Colorado,West,Northwest,57,25,0.695,106.1,101.1,5.37,Jordan Hamilton,SF,22,1153800,1287869,40,1,9.9,2.1,5,0.418,0.7,1.8,0.37,1.4,3.2,0.445,0.485,0.3,0.7,0.5,0.8,1.6,2.4,0.6,0.4,0.2,0.5,0.6,5.2,397,16.9,0.49,0.363,0.129,9.2,17.4,13.4,9.2,1.9,1.6,8.2,25.3,0.4,0.5,0.8,0.1,0.6,-1.6,-1,0.1
2012/2013,58044000,63707436,473604,Chicago Bulls,5,CHI,Illinois,East,Central,45,37,0.549,93.2,92.9,-0.02,Richard Hamilton,SG,34,10500000,11720083,50,45,21.8,4.1,9.5,0.429,0.3,1,0.308,3.8,8.5,0.444,0.446,1.3,1.5,0.857,0.3,1.3,1.7,2.4,0.5,0.1,1.7,1.9,9.8,1088,10.6,0.481,0.109,0.162,1.7,7.2,4.4,19.9,1.2,0.3,14.2,25,-0.6,0.9,0.4,0.016,-3.1,-2.4,-5.5,-1
2012/2013,58044000,63707436,473604,Indiana Pacers,12,IND,Indiana,East,Central,49,32,0.605,94.7,90.7,3.34,Ben Hansbrough,PG,25,473604,528636,28,0,7.1,0.5,1.6,0.333,0.2,0.8,0.261,0.3,0.8,0.409,0.4,0.8,1,0.778,0.1,0.6,0.6,0.8,0.3,0.1,0.6,0.8,2,200,7.2,0.501,0.511,0.6,1.1,8.8,5,16.1,1.9,0.7,24,17.1,-0.1,0.3,0.2,0.044,-4,-0.4,-4.4,-0.1
2012/2013,58044000,63707436,473604,Indiana Pacers,12,IND,Indiana,East,Central,49,32,0.605,94.7,90.7,3.34,Tyler Hansbrough,PF,27,3055259,3410275,81,8,16.9,2.2,5,0.432,0,0,0,2.2,5,0.436,0.432,2.7,3.7,0.72,2,2.6,4.6,0.4,0.4,0.2,1,1.9,7,1366,15.3,0.527,0.007,0.737,13.4,17,15.2,4.4,1.1,1,12.6,20.6,2.1,2.2,4.4,0.154,-2,-0.8,-2.9,-0.3
2012/2013,58044000,63707436,473604,Houston Rockets,11,HOU,Texas,West,Southwest,45,37,0.549,106,102.5,3.69,James Harden,SG,23,5820416,6496739,78,78,38.3,7.5,17.1,0.438,2.3,6.2,0.368,5.2,10.9,0.477,0.504,8.6,10.2,0.851,0.8,4.1,4.9,5.8,1.8,0.5,3.8,2.3,25.9,2985,23,0.6,0.364,0.592,2.4,11.9,7.2,25.7,2.4,1,14.9,29,9.8,3,12.8,0.206,5.4,0.1,5.5,5.7
2012/2013,58044000,63707436,473604,Orlando Magic,22,ORL,Florida,East,Southeast,20,62,0.244,94.1,101.1,-7.12,Moe Harkless,SF,19,1731960,1933211,76,59,26,3.4,7.4,0.461,0.4,1.5,0.274,3,5.9,0.51,0.489,1,1.7,0.57,1.6,2.8,4.4,0.7,1.2,0.8,0.9,1.9,8.2,1974,12.5,0.504,0.207,0.227,7,12.2,9.6,3.9,2.3,2.4,10,15.9,0.7,1.7,2.4,0.059,-1.8,0.7,-1,0.5
2012/2013,58044000,63707436,473604,Miami Heat,16,MIA,Florida,East,Southeast,66,16,0.805,102.9,95,7.03,Josh Harrellson,C,23,358680,400358,6,0,5.2,0.7,1.5,0.444,0.2,0.8,0.2,0.5,0.7,0.75,0.5,0.2,0.3,0.5,0.5,0.7,1.2,0,0.2,0.2,0.5,0.7,1.7,31,8.5,0.506,0.556,0.222,12.6,15,13.9,0,1.7,2.6,23.3,19.9,0,0,0,0.002,-5.1,-4.5,-9.6,-0.1
2012/2013,58044000,63707436,473604,Orlando Magic,22,ORL,Florida,East,Southeast,20,62,0.244,94.1,101.1,-7.12,Al Harrington,C,32,6687400,7464465,10,0,11.9,2,5.7,0.351,0.8,3,0.267,1.2,2.7,0.444,0.421,0.3,0.4,0.75,0.6,2.1,2.7,1,0.4,0.1,0.7,1.8,5.1,119,10.3,0.434,0.526,0.07,5.7,19.9,12.8,13.7,1.8,0.6,10.6,25.1,-0.1,0.1,0,-0.012,-1.7,-2.1,-3.8,-0.1
2012/2013,58044000,63707436,473604,Atlanta Hawks,1,ATL,Georgia,East,Southeast,44,38,0.537,98,97.5,-0.08,Devin Harris,SG,29,8500000,9487687,58,34,24.5,3.3,7.6,0.438,1.3,4,0.335,2,3.7,0.549,0.525,1.9,2.7,0.727,0.1,1.9,2,3.4,1.1,0.2,1.5,1.8,9.9,1421,14.6,0.565,0.519,0.348,0.5,8.7,4.7,21.7,2.3,0.7,14.7,19.5,1.8,1.5,3.3,0.111,0.9,-0.9,-0.1,0.7
2012/2013,58044000,63707436,473604,#N/A,#N/A,TOT,#N/A,#N/A,#N/A,#N/A,#N/A,#N/A,#N/A,#N/A,#N/A,Terrel Harris,SG,25,304878,340304,20,0,6.9,0.2,1.4,0.148,0,0.4,0,0.2,1,0.211,0.148,0.4,0.5,0.7,0.2,1.1,1.3,0.5,0.1,0.2,0.9,0.9,0.8,137,-3.8,0.239,0.296,0.37,3.8,19.3,11.4,9,0.8,1.8,35.1,16.6,-0.7,0.1,-0.6,-0.219,-11.7,0,-11.7,-0.3
2012/2013,58044000,63707436,473604,Miami Heat,16,MIA,Florida,East,Southeast,66,16,0.805,102.9,95,7.03,Terrel Harris,SG,25,304878,340304,7,0,4.1,0.3,1.1,0.25,0,0.1,0,0.3,1,0.286,0.25,0.9,1.1,0.75,0.6,0.7,1.3,0.3,0,0,0.6,0.4,1.4,29,7.2,0.434,0.125,1,18,20.1,19.1,9.5,0,0,25.8,25.6,0,0,0,-0.04,-6.9,-3.6,-10.5,-0.1
2012/2013,58044000,63707436,473604,New Orleans Hornets,19,NOH,Louisiana,West,Southwest,27,55,0.329,94.1,97.9,-3.12,Terrel Harris,SG,25,304878,340304,13,0,8.3,0.2,1.5,0.105,0,0.5,0,0.2,0.9,0.167,0.105,0.1,0.2,0.5,0,1.3,1.3,0.5,0.2,0.2,1,1.1,0.4,108,-6.8,0.126,0.368,0.105,0,19.1,9.4,8.9,1,2.3,39.5,14.2,-0.7,0.1,-0.6,-0.267,-13,0.9,-12,-0.3
2012/2013,58044000,63707436,473604,#N/A,#N/A,TOT,#N/A,#N/A,#N/A,#N/A,#N/A,#N/A,#N/A,#N/A,#N/A,Tobias Harris,SF-PF,20,1524480,1701622,55,34,23.6,4.2,9.3,0.455,0.6,2,0.315,3.6,7.3,0.493,0.488,1.9,2.5,0.752,1.3,3.9,5.2,1.3,0.6,0.8,1.2,2.2,11,1299,16,0.527,0.211,0.268,6.2,18.6,12.4,8.8,1.3,2.6,10.3,22.1,1.2,1.2,2.4,0.089,-0.7,-0.1,-0.8,0.4
2012/2013,58044000,63707436,473604,Milwaukee Bucks,17,MIL,Wisconsin,East,Central,38,44,0.463,98.9,100.4,-1.83,Tobias Harris,SF,20,1524480,1701622,28,14,11.6,1.9,4.1,0.461,0.3,0.8,0.333,1.6,3.4,0.489,0.491,0.8,0.9,0.885,0.6,1.4,2,0.5,0.3,0.3,0.6,1.1,4.9,325,13,0.538,0.183,0.226,5.4,13.7,9.4,6.4,1.2,1.6,12.5,19.4,0.2,0.3,0.5,0.08,-2.5,-1.4,-4,-0.2
2012/2013,58044000,63707436,473604,Orlando Magic,22,ORL,Florida,East,Southeast,20,62,0.244,94.1,101.1,-7.12,Tobias Harris,PF,20,1524480,1701622,27,20,36.1,6.7,14.7,0.453,1,3.2,0.31,5.7,11.5,0.494,0.487,3,4.1,0.721,2.1,6.4,8.5,2.1,0.9,1.4,1.8,3.3,17.3,974,17,0.524,0.219,0.28,6.5,20.2,13.3,9.6,1.3,2.9,9.7,23.1,1,0.9,1.9,0.092,0,0.3,0.2,0.6
2012/2013,58044000,63707436,473604,Miami Heat,16,MIA,Florida,East,Southeast,66,16,0.805,102.9,95,7.03,Udonis Haslem,PF,32,4060000,4531765,75,59,18.9,1.7,3.3,0.514,0,0,,1.7,3.3,0.514,0.514,0.4,0.6,0.711,1.3,4.1,5.4,0.5,0.4,0.2,0.6,2.3,3.9,1414,9.9,0.535,0,0.179,9,25.3,17.6,3.8,1.1,0.9,14.2,10.7,1.2,2,3.2,0.108,-2.9,0,-2.9,-0.3
2012/2013,58044000,63707436,473604,Philadelphia 76ers,23,PHI,Pennsylvania,East,Atlantic,34,48,0.415,93.2,96.5,-3.51,Spencer Hawes,C,24,6500000,7255290,82,40,27.2,4.6,9.9,0.464,0.4,1.1,0.356,4.2,8.8,0.477,0.483,1.5,1.9,0.777,2.1,5.1,7.2,2.2,0.3,1.4,1.6,2.8,11,2233,16,0.514,0.107,0.194,8.5,21.7,14.9,13.5,0.6,3.9,13,20.9,1.7,2.8,4.5,0.096,-1.5,1.5,-0.1,1.1
2012/2013,58044000,63707436,473604,Sacramento Kings,26,SAC,California,West,Pacific,28,54,0.341,100.2,105.1,-4.26,Chuck Hayes,C,29,5486250,6123744,74,1,16.3,1.1,2.6,0.442,0,0,0,1.1,2.6,0.444,0.442,0.4,0.6,0.625,1.5,2.5,4,1.5,0.4,0.2,0.6,1.5,2.7,1209,10.7,0.469,0.005,0.253,10.5,18.2,14.2,13.1,1.3,1.2,17.2,9.4,1.1,0.4,1.5,0.06,-1.5,0.8,-0.7,0.4
2012/2013,58044000,63707436,473604,Utah Jazz,29,UTA,Utah,West,Northwest,43,39,0.524,98,98.1,0.3,Gordon Hayward,SF,22,2709720,3024585,72,27,29.2,4.7,10.7,0.435,1.4,3.4,0.415,3.3,7.3,0.444,0.501,3.4,4.1,0.827,0.7,2.4,3.1,3,0.8,0.5,1.7,1.7,14.1,2104,16.8,0.564,0.318,0.38,2.8,9.8,6.3,16.7,1.5,1.4,11.7,22.1,4.2,1.2,5.4,0.123,2.4,-1.2,1.3,1.7
2012/2013,58044000,63707436,473604,Minnesota Timberwolves,18,MIN,Minnesota,West,Northwest,31,51,0.378,95.7,98.1,-1.83,Lazar Hayward,SF,26,1209260,1349773,4,0,7.8,0.5,2.5,0.2,0,1,0,0.5,1.5,0.333,0.2,1.5,1.5,1,0,1,1,0.8,0.5,0,0,0.8,2.5,31,11.2,0.396,0.4,0.6,0,15.2,7.4,14.2,3.3,0,0,18.3,0,0,0.1,0.087,-2.5,-0.4,-2.9,0
2012/2013,58044000,63707436,473604,Charlotte Bobcats,4,CHA,North Carolina,East,Southeast,21,61,0.256,93.4,102.7,-9.29,Brendan Haywood,C,33,8349000,9319141,61,17,19,1.5,3.5,0.431,0,0,0,1.5,3.5,0.433,0.431,0.5,1.1,0.455,2,2.7,4.8,0.5,0.3,0.8,0.8,2,3.5,1162,8.7,0.441,0.005,0.306,12,16.7,14.3,3.9,0.7,3.4,16.9,11.5,-0.2,0.4,0.1,0.006,-4.3,-0.3,-4.6,-0.8
2012/2013,58044000,63707436,473604,Charlotte Bobcats,4,CHA,North Carolina,East,Southeast,21,61,0.256,93.4,102.7,-9.29,Gerald Henderson,SG,25,3101326,3461695,68,58,31.4,5.6,12.6,0.447,0.5,1.5,0.33,5.1,11.1,0.462,0.466,3.8,4.6,0.824,0.8,2.9,3.7,2.6,1,0.5,1.6,2.2,15.5,2133,16.4,0.531,0.117,0.366,2.9,10.8,6.7,15.6,1.7,1.3,9.8,23.5,2.9,0.3,3.3,0.073,0.5,-2.1,-1.6,0.2
2012/2013,58044000,63707436,473604,New Orleans Hornets,19,NOH,Louisiana,West,Southwest,27,55,0.329,94.1,97.9,-3.12,Xavier Henry,SF,21,2323200,2593152,50,2,12.5,1.3,3.2,0.41,0.1,0.2,0.364,1.2,3,0.413,0.422,1.2,1.8,0.63,0.4,1.4,1.8,0.3,0.3,0.1,0.6,1.4,3.9,625,7.6,0.481,0.068,0.571,3.9,13.4,8.6,3.2,1.4,0.7,13.3,17.3,-0.2,0.2,0,0.002,-4.6,-2.1,-6.6,-0.7
2012/2013,58044000,63707436,473604,Milwaukee Bucks,17,MIL,Wisconsin,East,Central,38,44,0.463,98.9,100.4,-1.83,John Henson,PF,22,1823280,2035142,63,9,13.1,2.6,5.3,0.482,0,0,0,2.6,5.3,0.486,0.482,0.9,1.7,0.533,1.8,2.9,4.7,0.5,0.3,0.7,0.7,1.3,6,827,18.2,0.497,0.009,0.313,14.5,24.4,19.3,6.3,1.2,3.7,11,22.6,0.6,1.2,1.9,0.109,-2.6,-0.2,-2.9,-0.2
2012/2013,58044000,63707436,473604,Indiana Pacers,12,IND,Indiana,East,Central,49,32,0.605,94.7,90.7,3.34,Roy Hibbert,C,26,13668750,15257038,79,79,28.7,4.9,10.9,0.448,0,0.1,0.25,4.9,10.8,0.449,0.449,2.1,2.8,0.741,3.7,4.6,8.3,1.4,0.5,2.6,2.1,3.5,11.9,2269,17.3,0.489,0.005,0.261,14.8,17.4,16.1,8.9,0.9,6.7,14.5,22.5,1.3,4.9,6.1,0.129,-1.9,3.8,1.9,2.2
2012/2013,58044000,63707436,473604,Portland Trail Blazers,25,POR,Oregon,West,Northwest,33,49,0.402,97.5,100.7,-2.53,JJ Hickson,C,24,4000000,4464794,80,80,29,5.2,9.3,0.562,0,0,0,5.2,9.3,0.563,0.562,2.3,3.4,0.679,3.3,7,10.4,1.1,0.6,0.6,1.8,2,12.7,2323,19.7,0.591,0.003,0.36,13.2,28.5,20.7,6.6,1.1,1.7,14.4,19.9,4.6,2.3,6.9,0.142,-0.2,0,-0.3,1
2012/2013,58044000,63707436,473604,Charlotte Bobcats,4,CHA,North Carolina,East,Southeast,21,61,0.256,93.4,102.7,-9.29,Cory Higgins,SG,23,762195,850760,6,0,5.3,1,3.2,0.316,0.2,0.8,0.2,0.8,2.3,0.357,0.342,0.2,0.3,0.5,0.2,0.3,0.5,0.8,0.5,0,0,0.8,2.3,32,12.6,0.352,0.263,0.105,3.5,7.4,5.4,29.8,4.9,0,0,28.3,0,0,0,-0.022,0.1,-2.7,-2.7,0
2012/2013,58044000,63707436,473604,Washington Wizards,30,WAS,Washington DC,East,Southeast,29,53,0.354,93.2,95.8,-2.78,Nenê,PF,30,13000000,14510580,61,49,27.2,4.7,9.7,0.48,0,0,0,4.7,9.7,0.481,0.48,3.2,4.4,0.729,1.7,5,6.7,2.9,0.9,0.6,2.3,2.8,12.6,1659,17,0.538,0.002,0.453,6.7,20.6,13.6,19,1.7,1.8,16.3,23.4,1.3,2.7,4,0.116,-1.1,2.3,1.3,1.4
2012/2013,58044000,63707436,473604,Indiana Pacers,12,IND,Indiana,East,Central,49,32,0.605,94.7,90.7,3.34,George Hill,PG,26,8000000,8929588,76,76,34.5,5.1,11.5,0.443,1.7,4.6,0.368,3.4,6.8,0.494,0.518,2.3,2.8,0.817,0.6,3.1,3.7,4.7,1.1,0.3,1.5,1.8,14.2,2620,16.6,0.558,0.405,0.245,2,9.9,6,23.4,1.6,0.7,10.7,18.8,5.9,3.8,9.7,0.177,2.8,0.3,3.1,3.4
2012/2013,58044000,63707436,473604,Los Angeles Clippers,13,LAC,California,West,Pacific,56,26,0.683,101.1,94.6,6.43,Grant Hill,SF,40,1957000,2184400,29,0,15.1,1.3,3.4,0.388,0.1,0.4,0.273,1.2,3,0.402,0.403,0.5,0.8,0.583,0.2,1.5,1.7,0.9,0.4,0.2,0.9,1.3,3.2,437,4.8,0.428,0.112,0.245,1.7,11.5,6.7,8.3,1.3,1.3,18.7,14,-0.5,0.4,-0.1,-0.014,-5.5,0.2,-5.3,-0.4
2012/2013,58044000,63707436,473604,Los Angeles Lakers,14,LAL,California,West,Pacific,45,37,0.549,102.2,101,1.48,Jordan Hill,PF,25,3500000,3906694,29,1,15.8,2.7,5.3,0.497,0,0.1,0,2.7,5.3,0.503,0.497,1.4,2.1,0.656,2.8,2.9,5.7,0.4,0.3,0.7,0.9,1.9,6.7,458,18.5,0.533,0.013,0.394,20.3,19.7,20,4.7,0.9,3,12.5,20.2,0.9,0.5,1.4,0.147,-0.7,-0.9,-1.6,0
2012/2013,58044000,63707436,473604,Chicago Bulls,5,CHI,Illinois,East,Central,45,37,0.549,93.2,92.9,-0.02,Kirk Hinrich,PG,32,3941000,4398938,60,60,29.4,2.7,7,0.377,1.2,3,0.39,1.5,4,0.367,0.461,1.2,1.6,0.714,0.3,2.4,2.6,5.2,1.1,0.4,1.7,3.2,7.7,1764,10.8,0.493,0.431,0.232,1,9.3,5.1,27.5,1.9,1.1,17.5,14.7,1,2.1,3.1,0.085,-1.1,-0.2,-1.2,0.3
2012/2013,58044000,63707436,473604,Philadelphia 76ers,23,PHI,Pennsylvania,East,Atlantic,34,48,0.415,93.2,96.5,-3.51,Jrue Holiday,PG,22,2674851,2985664,78,78,37.5,7.1,16.5,0.431,1.2,3.2,0.368,5.9,13.3,0.446,0.466,2.3,3.1,0.752,1.1,3.1,4.2,8,1.6,0.4,3.7,2.2,17.7,2926,16.7,0.496,0.192,0.188,3.3,9.5,6.4,36.5,2.2,0.9,17.3,26.6,0.6,2.7,3.3,0.055,1,-0.4,0.6,1.9
2012/2013,58044000,63707436,473604,Philadelphia 76ers,23,PHI,Pennsylvania,East,Atlantic,34,48,0.415,93.2,96.5,-3.51,Justin Holiday,SG,23,76220,85076,9,0,15.8,1.8,5.3,0.333,0.4,1.8,0.25,1.3,3.6,0.375,0.375,0.7,0.9,0.75,0,1.6,1.6,1.7,0.3,0.7,1,0.8,4.7,142,7.6,0.408,0.333,0.167,0,11.5,5.6,16,1.1,3.3,14.9,19.6,-0.3,0.1,-0.1,-0.042,-6,-0.7,-6.7,-0.2
2012/2013,58044000,63707436,473604,Los Angeles Clippers,13,LAC,California,West,Pacific,56,26,0.683,101.1,94.6,6.43,Ryan Hollins,C,28,1069509,1193784,60,0,11.1,1.2,1.9,0.614,0,0,,1.2,1.9,0.614,0.614,1.1,1.5,0.75,0.8,1.5,2.3,0.2,0.1,0.6,0.7,2.2,3.4,663,11.3,0.674,0,0.772,9.1,15.7,12.5,2.4,0.5,4.3,22.4,13.6,1,0.8,1.7,0.125,-2.2,0.3,-1.9,0
2012/2013,58044000,63707436,473604,Sacramento Kings,26,SAC,California,West,Pacific,28,54,0.341,100.2,105.1,-4.26,Tyler Honeycutt,SF,22,850000,948768,9,0,3.6,0.3,1.2,0.273,0,0.2,0,0.3,1,0.333,0.273,0.2,0.2,1,0.3,0.8,1.1,0.2,0,0.1,0.6,0.2,0.9,32,1.9,0.337,0.182,0.182,10.5,25.8,18,9.1,0,2.4,29.6,23.4,-0.2,0,-0.1,-0.22,-11.1,-2.1,-13.2,-0.1
2012/2013,58044000,63707436,473604,Atlanta Hawks,1,ATL,Georgia,East,Southeast,44,38,0.537,98,97.5,-0.08,Al Horford,C,26,12000000,13394382,74,74,37.2,7.8,14.3,0.543,0,0.1,0.5,7.7,14.2,0.544,0.545,1.8,2.8,0.644,2.6,7.6,10.2,3.2,1.1,1.1,2,2.2,17.4,2756,19.8,0.56,0.006,0.196,8.2,23,15.7,15.3,1.5,2.2,11.3,21.8,4.7,4.1,8.8,0.153,0.7,2.4,3.1,3.5
2012/2013,58044000,63707436,473604,Los Angeles Lakers,14,LAL,California,West,Pacific,45,37,0.549,102.2,101,1.48,Dwight Howard,C,27,19261200,21499322,76,76,35.8,6.2,10.7,0.578,0,0.1,0.167,6.2,10.6,0.581,0.579,4.7,9.5,0.492,3.3,9.1,12.4,1.4,1.1,2.4,3,3.8,17.1,2722,19.4,0.573,0.007,0.887,10.4,27.4,19.1,6.6,1.6,4.9,16.6,22.2,2.8,4.8,7.6,0.134,-1.5,2.8,1.3,2.3
2012/2013,58044000,63707436,473604,Minnesota Timberwolves,18,MIN,Minnesota,West,Northwest,31,51,0.378,95.7,98.1,-1.83,Josh Howard,SF,32,1113560,1242954,11,4,18.8,2.8,7,0.403,0.5,1.5,0.313,2.4,5.5,0.426,0.435,0.6,1.1,0.583,0.8,2.5,3.3,0.4,0.9,0.3,0.9,1.6,6.7,207,9.5,0.45,0.208,0.156,4.8,15.4,9.9,3.2,2.5,1.1,10.8,20,-0.2,0.3,0,0.009,-4.6,-0.6,-5.2,-0.2
2012/2013,58044000,63707436,473604,Miami Heat,16,MIA,Florida,East,Southeast,66,16,0.805,102.9,95,7.03,Juwan Howard,PF,39,373838,417277,7,2,7.3,1.4,2.7,0.526,0,0,,1.4,2.7,0.526,0.526,0.1,0.1,1,0,1.1,1.1,0.9,0,0,0.6,1.3,3,51,9.9,0.54,0,0.053,0,18.3,9.7,19.8,0,0,17.1,22,0,0,0,0.039,-4.7,-3,-7.7,-0.1
2012/2013,58044000,63707436,473604,Brooklyn Nets,3,BRK,New York,East,Atlantic,49,33,0.598,96.9,95.1,1.25,Kris Humphries,PF,27,12000000,13394382,65,21,18.3,2.1,4.8,0.448,0,0,0,2.1,4.7,0.451,0.448,1.5,1.9,0.789,1.9,3.7,5.6,0.5,0.2,0.5,0.9,2,5.8,1191,13.6,0.515,0.006,0.397,12.4,23.9,18.1,4.3,0.7,2.1,13.5,16.3,1.4,1.3,2.7,0.109,-2.5,-0.2,-2.7,-0.2
2012/2013,58044000,63707436,473604,Oklahoma City Thunder,21,OKC,Oklahoma,West,Northwest,60,22,0.732,105.7,96.5,9.15,Serge Ibaka,PF,23,2253061,2514863,80,80,31.1,5.6,9.7,0.573,0.3,0.7,0.351,5.3,9,0.591,0.586,1.8,2.4,0.749,2.8,4.9,7.7,0.5,0.4,3,1.6,2.7,13.2,2486,19.4,0.612,0.073,0.246,11.1,17,14.2,2.8,0.6,7.4,12.7,18.1,5.3,4.1,9.4,0.181,0.2,1.9,2.1,2.6
2012/2013,58044000,63707436,473604,Denver Nuggets,8,DEN,Colorado,West,Northwest,57,25,0.695,106.1,101.1,5.37,Andre Iguodala,SG,29,14718250,16428488,80,80,34.7,5,11,0.451,1.1,3.6,0.317,3.8,7.4,0.515,0.502,1.9,3.4,0.574,1,4.3,5.3,5.4,1.7,0.7,2.6,1.6,13,2779,15.2,0.52,0.327,0.307,3.4,13.5,8.5,22.4,2.5,1.5,17.1,18.8,2.4,3.2,5.6,0.097,1.4,1.8,3.2,3.7
2012/2013,58044000,63707436,473604,Milwaukee Bucks,17,MIL,Wisconsin,East,Central,38,44,0.463,98.9,100.4,-1.83,Ersan Ilyasova,PF,25,7900000,8817968,73,54,27.6,5.1,11,0.462,1.3,2.9,0.444,3.8,8.1,0.469,0.521,1.7,2.2,0.796,2.1,5,7.1,1.6,0.9,0.5,1,2.5,13.2,2012,18.3,0.552,0.267,0.196,7.9,20.3,13.9,9.6,1.7,1.3,7.9,20.5,4.1,2.5,6.7,0.159,1.7,0.1,1.8,1.9
2012/2013,58044000,63707436,473604,Cleveland Cavaliers,6,CLE,Ohio,East,Central,24,58,0.293,96.5,101.2,-4.87,Kyrie Irving,PG,20,5530080,6172667,59,59,34.7,8.2,18.1,0.452,1.8,4.7,0.391,6.4,13.4,0.474,0.503,4.2,4.9,0.855,0.6,3.1,3.7,5.9,1.5,0.4,3.2,2.5,22.5,2048,21.4,0.553,0.261,0.271,1.8,10.8,6.1,32.7,2.3,0.8,13.8,30.2,4.2,1.1,5.3,0.125,4.9,-1.6,3.3,2.8
2012/2013,58044000,63707436,473604,Philadelphia 76ers,23,PHI,Pennsylvania,East,Atlantic,34,48,0.415,93.2,96.5,-3.51,Royal Ivey,SG,31,1223166,1365296,53,5,13.2,1.2,2.7,0.431,0.7,1.7,0.42,0.5,1.1,0.446,0.559,0.2,0.3,0.563,0.3,0.8,1.1,0.6,0.4,0.1,0.4,1.4,3.2,698,8.1,0.563,0.611,0.111,2.5,6.8,4.6,6.7,1.7,0.3,11.7,11.3,0.5,0.5,1,0.066,-1.6,-1.1,-2.6,-0.1
2012/2013,58044000,63707436,473604,Golden State Warriors,10,GSW,California,West,Pacific,47,35,0.573,101.2,100.3,1.32,Jarrett Jack,SG,29,5580000,6228387,79,4,29.7,4.9,10.8,0.452,1,2.6,0.404,3.9,8.3,0.466,0.499,2.1,2.5,0.843,0.3,2.8,3.1,5.6,0.8,0.1,2,1.7,12.9,2349,15.9,0.542,0.237,0.231,1,10.1,5.7,29.9,1.3,0.4,14.3,21,3.9,1.8,5.6,0.115,1,-1.4,-0.4,1
2012/2013,58044000,63707436,473604,Oklahoma City Thunder,21,OKC,Oklahoma,West,Northwest,60,22,0.732,105.7,96.5,9.15,Reggie Jackson,PG,22,1243080,1387524,70,0,14.2,2.1,4.6,0.458,0.3,1.5,0.231,1.8,3.2,0.566,0.495,0.7,0.9,0.839,0.3,2.1,2.4,1.7,0.4,0.2,0.8,1.2,5.3,993,14.2,0.531,0.32,0.191,2.6,15.6,9.6,19.3,1.5,1,13.1,18.6,1.2,1.3,2.5,0.121,-0.3,-0.6,-0.8,0.3
2012/2013,58044000,63707436,473604,San Antonio Spurs,27,SAS,Texas,West,Southwest,58,24,0.707,103,96.6,6.67,Stephen Jackson,SF,34,10060000,11228956,55,6,19.5,2.2,6,0.373,0.8,3.1,0.271,1.4,2.9,0.481,0.442,0.9,1.3,0.7,0.4,2.4,2.8,1.5,0.7,0.3,1.4,1.6,6.2,1075,8,0.473,0.515,0.212,2.5,13.5,8.3,10.7,1.8,0.9,17.6,18.7,-1.2,1.5,0.3,0.013,-3,0.6,-2.4,-0.1
2012/2013,58044000,63707436,473604,Dallas Mavericks,7,DAL,Texas,West,Southwest,41,41,0.5,101.1,101.7,-0.24,Bernard James,C,27,473604,528636,46,11,9.9,1.2,2.2,0.515,0,0,0,1.2,2.2,0.525,0.515,0.5,0.9,0.61,1.1,1.7,2.8,0.1,0.3,0.8,0.4,1.4,2.8,457,14.7,0.541,0.019,0.398,12.9,18.9,16,1.9,1.3,6.5,12.9,13.9,0.5,0.7,1.2,0.125,-2.8,1.6,-1.2,0.1
2012/2013,58044000,63707436,473604,Brooklyn Nets,3,BRK,New York,East,Atlantic,49,33,0.598,96.9,95.1,1.25,Damion James,SF,25,50258,56097,2,0,0,0,0,,0,0,,0,0,,,0,0,,0,0.5,0.5,0,0,0,0,0,0,0,,,,,,,,,,,,,0,0,0,,-5.5,0.3,-5.2,0
2012/2013,58044000,63707436,473604,Miami Heat,16,MIA,Florida,East,Southeast,66,16,0.805,102.9,95,7.03,LeBron James,PF,28,17545000,19583702,76,76,37.9,10.1,17.8,0.565,1.4,3.3,0.406,8.7,14.5,0.602,0.603,5.3,7,0.753,1.3,6.8,8,7.3,1.7,0.9,3,1.4,26.8,2877,31.6,0.64,0.188,0.395,4.4,20.8,13.1,36.4,2.4,1.9,12.4,30.2,14.6,4.7,19.3,0.322,9.2,2.4,11.6,9.8
2012/2013,58044000,63707436,473604,Dallas Mavericks,7,DAL,Texas,West,Southwest,41,41,0.5,101.1,101.7,-0.24,Mike James,PG,37,795400,887824,45,23,19.2,2.2,6,0.373,1.1,2.8,0.384,1.2,3.2,0.363,0.461,0.5,0.6,0.793,0.2,1.4,1.6,3.1,0.6,0.1,1.2,2.1,6.1,862,9.5,0.481,0.461,0.107,1.2,8,4.7,23.7,1.5,0.3,16.2,17.9,0,0.5,0.4,0.024,-1.3,-2.2,-3.4,-0.3
2012/2013,58044000,63707436,473604,Los Angeles Lakers,14,LAL,California,West,Pacific,45,37,0.549,102.2,101,1.48,Antawn Jamison,PF,36,1352181,1509302,76,6,21.5,3.5,7.6,0.464,1.1,3.1,0.361,2.4,4.5,0.535,0.537,1.2,1.8,0.691,1.4,3.3,4.8,0.7,0.4,0.3,0.7,1.6,9.4,1636,15.3,0.561,0.405,0.237,7.5,16.6,12.2,5,0.9,1,7.7,18.7,3,1.3,4.3,0.126,0.7,-1.8,-1.1,0.4
2012/2013,58044000,63707436,473604,Utah Jazz,29,UTA,Utah,West,Northwest,43,39,0.524,98,98.1,0.3,Al Jefferson,C,28,15000000,16742977,78,78,33.1,7.8,15.8,0.494,0,0.2,0.118,7.8,15.6,0.5,0.495,2.1,2.8,0.77,2,7.2,9.2,2.1,1,1.1,1.3,2.2,17.8,2578,20.9,0.522,0.014,0.176,7,25.9,16.3,12,1.6,2.7,7.3,25.3,4.3,3.3,7.7,0.143,0.5,1,1.5,2.2
2012/2013,58044000,63707436,473604,Golden State Warriors,10,GSW,California,West,Pacific,47,35,0.573,101.2,100.3,1.32,Richard Jefferson,SF,32,10164000,11345041,56,1,10.1,1.1,2.4,0.456,0.3,0.8,0.311,0.9,1.6,0.527,0.507,0.7,0.9,0.717,0.1,1.4,1.5,0.6,0.3,0.1,0.4,0.8,3.1,568,10.3,0.552,0.331,0.39,1,14.9,8.1,8,1.3,1,12.6,14.4,0.4,0.6,1,0.081,-2.6,-0.3,-2.9,-0.1
2012/2013,58044000,63707436,473604,Portland Trail Blazers,25,POR,Oregon,West,Northwest,33,49,0.402,97.5,100.7,-2.53,Jared Jeffries,PF,31,1475106,1646511,38,0,9.2,0.4,1.4,0.296,0,0.1,0,0.4,1.4,0.308,0.296,0.3,0.6,0.522,0.7,0.9,1.6,0.4,0.2,0.2,0.4,1.5,1.2,350,2.4,0.343,0.037,0.426,8.5,11.4,10,5.6,0.9,1.3,21,10.6,-0.4,0.1,-0.3,-0.042,-6.1,0,-6,-0.4
2012/2013,58044000,63707436,473604,#N/A,#N/A,TOT,#N/A,#N/A,#N/A,#N/A,#N/A,#N/A,#N/A,#N/A,#N/A,Charles Jenkins,SG-PG,23,762195,850760,59,1,7.5,0.8,2.1,0.405,0,0,0.5,0.8,2,0.403,0.409,0.2,0.4,0.545,0.1,0.4,0.5,0.7,0.3,0,0.4,0.4,1.9,441,7.5,0.425,0.017,0.182,2,6,4,14.8,1.8,0.4,13.8,15.5,-0.3,0.3,0,-0.005,-5.4,-1.4,-6.8,-0.5
2012/2013,58044000,63707436,473604,Golden State Warriors,10,GSW,California,West,Pacific,47,35,0.573,101.2,100.3,1.32,Charles Jenkins,SG,23,762195,850760,47,0,6.2,0.7,1.8,0.422,0,0,0.5,0.7,1.7,0.42,0.428,0.2,0.4,0.556,0.1,0.3,0.4,0.6,0.2,0,0.4,0.4,1.7,291,6.9,0.445,0.024,0.217,2,5.9,4,14.4,1.6,0.3,17.3,16.9,-0.3,0.2,-0.1,-0.018,-5.6,-1.6,-7.2,-0.4
2012/2013,58044000,63707436,473604,Philadelphia 76ers,23,PHI,Pennsylvania,East,Atlantic,34,48,0.415,93.2,96.5,-3.51,Charles Jenkins,PG,23,762195,850760,12,1,12.5,1.2,3.2,0.368,0,0,,1.2,3.2,0.368,0.368,0.2,0.3,0.5,0.3,0.7,0.9,1.3,0.5,0.1,0.2,0.3,2.5,150,8.6,0.377,0,0.105,2.2,6.2,4.1,15.7,2.1,0.5,4.8,12.8,0,0.1,0.1,0.021,-5,-1,-5.9,-0.1
2012/2013,58044000,63707436,473604,Atlanta Hawks,1,ATL,Georgia,East,Southeast,44,38,0.537,98,97.5,-0.08,John Jenkins,SG,21,1204560,1344528,61,2,14.8,2.1,4.8,0.446,0.9,2.3,0.384,1.3,2.6,0.5,0.536,1,1.1,0.843,0.3,1.3,1.5,0.9,0.2,0.2,0.7,0.6,6.1,902,13,0.576,0.469,0.238,2.2,9.6,6,9.8,0.7,0.8,11,18.7,1.1,0.6,1.7,0.091,-0.5,-2.3,-2.8,-0.2
2012/2013,58044000,63707436,473604,Milwaukee Bucks,17,MIL,Wisconsin,East,Central,38,44,0.463,98.9,100.4,-1.83,Brandon Jennings,PG,23,3179493,3548945,80,80,36.2,6.2,15.6,0.399,2.2,5.8,0.375,4.1,9.8,0.412,0.468,2.9,3.5,0.819,0.7,2.3,3.1,6.5,1.6,0.1,2.5,1.9,17.5,2897,16.1,0.51,0.37,0.225,2.1,7.2,4.6,29.1,2.2,0.3,12.9,23.7,3.6,2.2,5.8,0.096,2.4,-1.5,0.9,2.1
2012/2013,58044000,63707436,473604,Detroit Pistons,9,DET,Michigan,East,Central,29,53,0.354,94.9,98.8,-4.33,Jonas Jerebko,PF,25,4500000,5022893,49,2,18.2,2.9,6.4,0.449,0.5,1.7,0.301,2.4,4.8,0.502,0.489,1.4,1.8,0.773,1.4,2.4,3.8,0.9,0.8,0.2,0.9,1.8,7.7,892,15.7,0.531,0.263,0.278,8.6,15.4,11.9,8.1,2.3,0.7,10.6,20.2,1.2,0.8,2,0.107,0.4,-1,-0.6,0.3
2012/2013,58044000,63707436,473604,Toronto Raptors,28,TOR,Ontario,East,Atlantic,34,48,0.415,97.2,98.7,-1.96,Amir Johnson,PF,25,6000000,6697191,81,38,28.7,4.1,7.5,0.554,0.1,0.2,0.385,4.1,7.3,0.558,0.559,1.7,2.3,0.727,2.8,4.7,7.5,1.5,1,1.4,1.4,3.7,10,2325,17.3,0.591,0.021,0.309,11.4,20,15.6,8.7,1.9,3.8,14.5,16.1,4.4,2.9,7.3,0.151,0.8,2.8,3.6,3.3
2012/2013,58044000,63707436,473604,Minnesota Timberwolves,18,MIN,Minnesota,West,Northwest,31,51,0.378,95.7,98.1,-1.83,Chris Johnson,C,27,508586,567682,30,0,9.5,1.6,2.5,0.64,0,0,,1.6,2.5,0.64,0.64,0.7,1.1,0.618,0.7,1.3,2,0.3,0.2,0.9,0.4,1.6,3.9,284,18.4,0.65,0,0.453,7.8,16.6,12.1,4.9,1.3,7.6,12.6,16.2,0.6,0.4,1,0.176,-1.2,3.1,1.9,0.3
2012/2013,58044000,63707436,473604,Memphis Grizzlies,15,MEM,Tennessee,West,Southwest,56,26,0.683,93.4,89.3,4.32,Chris Johnson,SF,22,508586,567682,8,0,12.8,1.4,3.1,0.44,0.8,2.3,0.333,0.6,0.9,0.714,0.56,0.1,0.3,0.5,0.6,0.8,1.4,0.3,0.5,0,0.4,0.6,3.6,102,10.7,0.56,0.72,0.08,5.7,7.1,6.4,3.1,2.1,0,10.4,13.1,0.1,0.1,0.2,0.112,0.4,-0.7,-0.3,0
2012/2013,58044000,63707436,473604,Atlanta Hawks,1,ATL,Georgia,East,Southeast,44,38,0.537,98,97.5,-0.08,Ivan Johnson,PF,28,962195,1074000,69,5,15,2.7,5.2,0.52,0,0.2,0.077,2.7,5,0.536,0.521,1.2,1.9,0.618,1.1,2.8,3.9,0.7,0.8,0.2,1,1.9,6.6,1035,15.7,0.546,0.037,0.368,8.5,20.7,14.7,7.4,2.8,1,14.7,21.7,0.6,1.7,2.3,0.106,-2.7,0.6,-2.1,0
2012/2013,58044000,63707436,473604,Sacramento Kings,26,SAC,California,West,Pacific,28,54,0.341,100.2,105.1,-4.26,James Johnson,SF,25,2812006,3138756,54,11,16.3,2.2,5.2,0.413,0,0.4,0.095,2.1,4.9,0.439,0.417,0.7,1.2,0.597,0.9,1.8,2.7,1.1,0.8,0.9,1.3,1.8,5.1,878,10.2,0.442,0.074,0.237,6.2,12.9,9.5,10.2,2.4,4.5,17.9,19.3,-1.1,0.6,-0.5,-0.028,-4.5,1.5,-3,-0.2
2012/2013,58044000,63707436,473604,Brooklyn Nets,3,BRK,New York,East,Atlantic,49,33,0.598,96.9,95.1,1.25,Joe Johnson,SG,31,19752645,22047872,72,72,36.7,6.2,14.6,0.423,2.1,5.5,0.375,4.1,9.1,0.452,0.493,1.8,2.2,0.82,0.7,2.3,3,3.5,0.7,0.2,1.7,1.4,16.3,2642,14.1,0.521,0.375,0.153,2.4,7.4,4.9,16.7,1,0.4,9.9,21.7,3.9,1.2,5.1,0.092,1.9,-1.7,0.3,1.5
2012/2013,58044000,63707436,473604,Indiana Pacers,12,IND,Indiana,East,Central,49,32,0.605,94.7,90.7,3.34,Orlando Johnson,SG,23,550000,613909,51,0,12.1,1.4,3.5,0.4,0.7,1.8,0.383,0.7,1.7,0.419,0.5,0.5,0.6,0.719,0.4,1.8,2.2,0.9,0.2,0.2,0.6,1,4,619,11.4,0.523,0.522,0.178,3.7,15.9,9.9,12.5,0.9,1.1,13,16.4,0.5,1,1.5,0.115,-1.2,0.1,-1.2,0.1
2012/2013,58044000,63707436,473604,Phoenix Suns,24,PHO,Arizona,West,Pacific,25,57,0.305,95.2,101.6,-5.75,Wesley Johnson,SF,25,4285560,4783535,50,21,19.1,3.2,7.9,0.407,1,3.1,0.323,2.2,4.8,0.461,0.47,0.5,0.7,0.771,0.4,2,2.5,0.7,0.4,0.4,1,1.1,8,953,10.3,0.485,0.391,0.088,2.5,12.4,7.3,5.9,1.2,1.4,10.4,21.4,-0.5,0.5,0,0,-2.6,-2.3,-4.9,-0.7
2012/2013,58044000,63707436,473604,Los Angeles Lakers,14,LAL,California,West,Pacific,45,37,0.549,102.2,101,1.48,Darius Johnson-Odom,SG,23,195013,217673,4,0,1.5,0,1,0,0,0.3,0,0,0.8,0,0,0,0,,0.3,0.8,1,0.3,0,0,0,0,0,6,-6.7,0,0.25,0,18.9,53.7,36.7,21.7,0,0,0,29.7,-0.1,0,-0.1,-0.439,-16.7,-0.9,-17.6,0
2012/2013,58044000,63707436,473604,#N/A,#N/A,TOT,#N/A,#N/A,#N/A,#N/A,#N/A,#N/A,#N/A,#N/A,#N/A,Dahntay Jones,SF,32,2900000,3236975,78,19,13,1.1,2.8,0.369,0.1,0.6,0.224,0.9,2.2,0.41,0.394,1.1,1.4,0.77,0.3,1,1.3,0.6,0.3,0.1,0.5,1.5,3.4,1016,6.4,0.482,0.221,0.509,2.7,8.4,5.6,6.7,1.1,0.5,12.3,14,0,0.6,0.6,0.026,-3.8,-1.2,-5,-0.8
2012/2013,58044000,63707436,473604,Dallas Mavericks,7,DAL,Texas,West,Southwest,41,41,0.5,101.1,101.7,-0.24,Dahntay Jones,SF,32,2900000,3236975,50,15,12.7,1,2.8,0.357,0.2,0.7,0.216,0.8,2.1,0.408,0.386,1.3,1.6,0.805,0.3,1.1,1.4,0.6,0.2,0.1,0.4,1.5,3.5,635,6.9,0.494,0.264,0.586,2.3,9.8,6.1,6.1,0.8,0.6,11.1,14.2,0.2,0.3,0.4,0.033,-3.3,-1.5,-4.8,-0.4
2012/2013,58044000,63707436,473604,Atlanta Hawks,1,ATL,Georgia,East,Southeast,44,38,0.537,98,97.5,-0.08,Dahntay Jones,SF,32,2900000,3236975,28,4,13.6,1.1,2.9,0.39,0.1,0.4,0.25,1,2.5,0.414,0.409,0.8,1.1,0.677,0.4,0.7,1.1,0.7,0.4,0,0.6,1.6,3.1,381,5.4,0.46,0.146,0.378,3.4,5.9,4.7,7.6,1.6,0.2,14.3,13.6,-0.2,0.3,0.1,0.015,-4.6,-0.7,-5.3,-0.3
2012/2013,58044000,63707436,473604,Orlando Magic,22,ORL,Florida,East,Southeast,20,62,0.244,94.1,101.1,-7.12,DeQuan Jones,SF,22,473604,528636,63,17,12.7,1.5,3.5,0.436,0.1,0.6,0.257,1.4,2.9,0.47,0.456,0.5,0.8,0.667,0.3,1.4,1.7,0.3,0.3,0.3,0.5,0.9,3.7,803,8.4,0.485,0.161,0.234,2.4,12.4,7.4,3,1.2,2.1,11.1,15.3,-0.3,0.4,0.1,0.007,-5.1,-1.1,-6.1,-0.8
2012/2013,58044000,63707436,473604,Dallas Mavericks,7,DAL,Texas,West,Southwest,41,41,0.5,101.1,101.7,-0.24,Dominique Jones,PG,24,1276560,1424894,29,3,11.7,1.4,3.8,0.367,0,0.3,0.111,1.3,3.4,0.39,0.372,1.2,1.8,0.66,0.6,0.9,1.6,2.9,0.5,0.1,1.3,1,4,338,12.4,0.438,0.083,0.486,6,8.7,7.4,36.2,2.1,0.5,22.3,23,-0.2,0.2,0,0.001,-2.9,-1.4,-4.2,-0.2
2012/2013,58044000,63707436,473604,Miami Heat,16,MIA,Florida,East,Southeast,66,16,0.805,102.9,95,7.03,James Jones,SF,32,1500000,1664250,38,0,5.8,0.6,1.6,0.344,0.4,1.4,0.302,0.1,0.2,0.625,0.475,0.1,0.1,0.5,0,0.6,0.6,0.3,0.1,0.2,0.1,0.4,1.6,221,8.1,0.478,0.869,0.066,0,11.6,6.1,8.4,0.5,2.2,4.6,14.2,0.1,0.2,0.2,0.054,-1.4,-2.3,-3.7,-0.1
2012/2013,58044000,63707436,473604,Cleveland Cavaliers,6,CLE,Ohio,East,Central,24,58,0.293,96.5,101.2,-4.87,Kevin Jones,PF,23,390000,435317,32,0,10.4,1.3,3.3,0.402,0,0,,1.3,3.3,0.402,0.402,0.3,0.5,0.6,1.2,1.3,2.4,0.3,0.3,0.2,0.3,0.8,3,334,11.1,0.418,0,0.14,12.6,14.5,13.5,4.8,1.4,1.2,6.6,16.2,0.1,0.2,0.2,0.032,-3.4,-1.8,-5.2,-0.3
2012/2013,58044000,63707436,473604,Oklahoma City Thunder,21,OKC,Oklahoma,West,Northwest,60,22,0.732,105.7,96.5,9.15,Perry Jones,SF,21,1035960,1156337,38,1,7.4,1,2.6,0.394,0,0.1,0,1,2.6,0.402,0.394,0.3,0.4,0.667,0.3,1.3,1.6,0.3,0.1,0.2,0.4,0.6,2.3,280,7.8,0.417,0.02,0.152,5.3,19.1,12.7,5.5,0.9,1.6,12.4,19.6,-0.4,0.4,0,-0.003,-7,-1.6,-8.6,-0.5
2012/2013,58044000,63707436,473604,New York Knicks,20,NYK,New York,East,Atlantic,54,28,0.659,100,95.7,3.73,Solomon Jones,PF,28,62912,70222,2,1,13,0,0.5,0,0,0,,0,0.5,0,0,0,0,,0.5,1,1.5,0,0,0.5,1.5,1.5,0,26,-5.7,0,0,0,4.4,9.3,6.8,0,0,3.3,75,7.2,-0.1,0,-0.1,-0.172,-11.7,1.2,-10.5,-0.1
2012/2013,58044000,63707436,473604,Houston Rockets,11,HOU,Texas,West,Southwest,45,37,0.549,106,102.5,3.69,Terrence Jones,PF,21,1485000,1657554,19,0,14.5,2.3,4.9,0.457,0.3,1,0.263,2,3.9,0.507,0.484,0.7,0.9,0.765,1.5,1.9,3.4,0.8,0.6,1,0.7,1.1,5.5,276,17.1,0.512,0.202,0.181,11.6,15,13.4,8.6,2.2,5.2,11.4,18.1,0.3,0.4,0.7,0.128,-0.5,2.6,2.1,0.3
2012/2013,58044000,63707436,473604,Los Angeles Clippers,13,LAC,California,West,Pacific,56,26,0.683,101.1,94.6,6.43,DeAndre Jordan,C,24,10532977,11756893,82,82,24.5,3.8,6,0.643,0,0,,3.8,6,0.643,0.643,1.2,3,0.386,2.6,4.7,7.2,0.3,0.6,1.4,1.2,2.3,8.8,2010,17.2,0.606,0,0.51,12.7,22.4,17.6,2.2,1.3,4.7,14.3,15.9,3,3.2,6.2,0.148,-0.8,1.1,0.3,1.2
2012/2013,58044000,63707436,473604,San Antonio Spurs,27,SAS,Texas,West,Southwest,58,24,0.707,103,96.6,6.67,Cory Joseph,PG,21,1105560,1234024,28,9,13.9,1.8,3.9,0.464,0.2,0.8,0.286,1.6,3.2,0.506,0.491,0.6,0.8,0.857,0.4,1.4,1.9,1.9,0.5,0.1,0.8,0.9,4.5,388,13.5,0.528,0.191,0.191,3.8,11.3,7.7,20.2,2,0.7,15,16.6,0.4,0.5,0.9,0.113,-1.1,0.6,-0.5,0.1
2012/2013,58044000,63707436,473604,#N/A,#N/A,TOT,#N/A,#N/A,#N/A,#N/A,#N/A,#N/A,#N/A,#N/A,#N/A,Kris Joseph,SF,24,225657,251877,10,0,5.4,0.2,1.4,0.143,0,0.3,0,0.2,1.1,0.182,0.143,0.5,0.8,0.625,0.1,0.6,0.7,0.1,0.3,0,0.2,0.3,0.9,54,0.6,0.257,0.214,0.571,2.3,12.9,7.7,2.8,3,0,10.2,17,-0.2,0.1,-0.1,-0.127,-9.6,-0.9,-10.5,-0.1
2012/2013,58044000,63707436,473604,Boston Celtics,2,BOS,Massachusetts,East,Atlantic,41,40,0.506,96.5,96.7,-0.62,Kris Joseph,SF,24,225657,251877,6,0,4,0.3,1.8,0.182,0,0.3,0,0.3,1.5,0.222,0.182,0.5,0.7,0.75,0.2,0.7,0.8,0.2,0,0,0.3,0.3,1.2,24,-3.2,0.274,0.182,0.364,5.1,19.1,12.3,6.2,0,0,13.6,29.1,-0.2,0,-0.1,-0.275,-14.2,-5,-19.2,-0.1
2012/2013,58044000,63707436,473604,Brooklyn Nets,3,BRK,New York,East,Atlantic,49,33,0.598,96.9,95.1,1.25,Kris Joseph,SF,24,225657,251877,4,0,7.5,0,0.8,0,0,0.3,0,0,0.5,0,0,0.5,1,0.5,0,0.5,0.5,0,0.8,0,0,0.3,0.5,30,3.7,0.21,0.333,1.333,0,7.9,3.9,0,5.4,0,0,7.3,-0.1,0,0,-0.008,-5.9,2.4,-3.5,0
2012/2013,58044000,63707436,473604,Dallas Mavericks,7,DAL,Texas,West,Southwest,41,41,0.5,101.1,101.7,-0.24,Chris Kaman,C,30,8000000,8929588,66,52,20.7,4.7,9.3,0.507,0,0,0,4.7,9.3,0.508,0.507,1,1.3,0.788,1.5,4.2,5.6,0.8,0.4,0.8,1.6,2.1,10.5,1363,16.3,0.529,0.002,0.138,8.1,22.1,15.2,6.6,1.1,3,13.6,25.3,0,1.6,1.6,0.058,-3.2,-0.5,-3.7,-0.6
2012/2013,58044000,63707436,473604,Utah Jazz,29,UTA,Utah,West,Northwest,43,39,0.524,98,98.1,0.3,Enes Kanter,C,20,4443360,4959671,70,2,15.4,2.9,5.4,0.544,0,0,1,2.9,5.4,0.542,0.545,1.3,1.7,0.795,1.9,2.4,4.3,0.4,0.4,0.5,1.4,1.7,7.2,1078,17.6,0.588,0.003,0.309,14.5,18.6,16.5,5,1.4,2.3,19,22.4,1.2,1,2.3,0.101,-0.9,-1.2,-2.1,0
2012/2013,58044000,63707436,473604,New York Knicks,20,NYK,New York,East,Atlantic,54,28,0.659,100,95.7,3.73,Jason Kidd,SG,39,3090000,3449053,76,48,26.9,2,5.4,0.372,1.5,4.3,0.351,0.5,1.1,0.452,0.511,0.5,0.6,0.833,0.7,3.6,4.3,3.3,1.6,0.3,1,1.6,6,2043,13.5,0.532,0.795,0.117,2.8,16.2,9.3,17.8,3.3,1.1,15,11.6,2.6,2.8,5.4,0.128,1.7,2.7,4.4,3.3
2012/2013,58044000,63707436,473604,Charlotte Bobcats,4,CHA,North Carolina,East,Southeast,21,61,0.256,93.4,102.7,-9.29,Michael Kidd-Gilchrist,SF,19,4602720,5137549,78,77,26,3.6,7.9,0.458,0,0.1,0.222,3.6,7.7,0.462,0.46,1.8,2.4,0.749,1.7,4.2,5.8,1.5,0.7,0.9,1.3,2.1,9,2025,14,0.506,0.015,0.305,7.2,18.9,12.9,10.1,1.4,2.8,12.7,17.9,1.1,1,2.1,0.051,-2.3,0.1,-2.2,-0.1
2012/2013,58044000,63707436,473604,Minnesota Timberwolves,18,MIN,Minnesota,West,Northwest,31,51,0.378,95.7,98.1,-1.83,Andrei Kirilenko,SF,31,9779349,10915694,64,64,31.8,4.4,8.8,0.507,0.5,1.9,0.292,3.9,6.9,0.566,0.538,2.9,3.9,0.752,1.6,4.1,5.7,2.8,1.5,1,1.9,1.3,12.4,2034,17.6,0.59,0.214,0.446,5.6,15.1,10.2,14.4,2.4,2.4,15.1,17.4,3.4,2.6,6,0.142,1.4,2.8,4.2,3.2
2012/2013,58044000,63707436,473604,Toronto Raptors,28,TOR,Ontario,East,Atlantic,34,48,0.415,97.2,98.7,-1.96,Linas Kleiza,SF,28,4600000,5134513,20,3,18.8,2.4,7.2,0.333,1,3.3,0.303,1.4,3.9,0.359,0.403,1.6,1.9,0.842,0.5,2.1,2.6,0.8,0.2,0.1,0.7,2.3,7.4,376,8.2,0.46,0.458,0.264,3.1,13.5,8.2,6.9,0.6,0.4,8,21.6,-0.1,0.2,0.1,0.013,-2.3,-3.4,-5.7,-0.3
2012/2013,58044000,63707436,473604,Detroit Pistons,9,DET,Michigan,East,Central,29,53,0.354,94.9,98.8,-4.33,Brandon Knight,PG,21,2755560,3075751,75,75,31.5,4.8,11.7,0.407,1.6,4.4,0.367,3.2,7.3,0.43,0.475,2.2,3,0.733,0.7,2.6,3.3,4,0.8,0.1,2.7,2.1,13.3,2365,12,0.511,0.372,0.256,2.6,9.6,6,21.3,1.3,0.3,17.3,22.8,0.3,0.8,1.1,0.022,0,-2.1,-2.1,-0.1
2012/2013,58044000,63707436,473604,Atlanta Hawks,1,ATL,Georgia,East,Southeast,44,38,0.537,98,97.5,-0.08,Kyle Korver,SF,31,5000000,5580992,74,60,30.5,3.7,8.1,0.461,2.6,5.6,0.457,1.2,2.5,0.471,0.618,0.9,1.1,0.859,0.3,3.6,4,2,0.9,0.5,0.9,2.3,10.9,2259,13.9,0.637,0.689,0.13,1.2,13.5,7.4,9.9,1.6,1.3,9.9,14.5,4,2.5,6.4,0.137,2.1,0.5,2.7,2.7
2012/2013,58044000,63707436,473604,Denver Nuggets,8,DEN,Colorado,West,Northwest,57,25,0.695,106.1,101.1,5.37,Kosta Koufos,C,23,3000000,3348595,81,81,22.4,3.6,6.3,0.581,0,0,0,3.6,6.3,0.582,0.581,0.7,1.3,0.558,2.6,4.3,6.9,0.4,0.5,1.3,0.7,3,8,1817,17.2,0.585,0.002,0.205,13.3,21.2,17.3,2.6,1.2,4.4,8.7,14.5,3.9,2.5,6.5,0.171,0.4,1.1,1.5,1.6
2012/2013,58044000,63707436,473604,Detroit Pistons,9,DET,Michigan,East,Central,29,53,0.354,94.9,98.8,-4.33,Vyacheslav Kravtsov,C,25,1500000,1674297,25,0,9,1.3,1.8,0.717,0,0,,1.3,1.8,0.717,0.717,0.4,1.5,0.297,1,0.8,1.8,0.4,0.2,0.4,0.6,1.3,3.1,224,14.4,0.618,0,0.804,12.1,11,11.6,6.6,1.2,3.2,18.4,15.5,0.3,0.1,0.4,0.086,-0.7,-0.1,-0.9,0.1
2012/2013,58044000,63707436,473604,#N/A,#N/A,TOT,#N/A,#N/A,#N/A,#N/A,#N/A,#N/A,#N/A,#N/A,#N/A,Doron Lamb,SG,21,650000,725529,47,0,12.3,1.3,3.5,0.368,0.3,0.8,0.378,1,2.7,0.365,0.411,0.4,0.7,0.588,0.2,0.8,1,0.7,0.3,0,0.6,1.1,3.3,577,4.8,0.433,0.227,0.209,1.5,7.4,4.4,8.2,1.2,0,12.7,15.7,-0.6,0.2,-0.4,-0.032,-5.2,-2.3,-7.5,-0.8
2012/2013,58044000,63707436,473604,Milwaukee Bucks,17,MIL,Wisconsin,East,Central,38,44,0.463,98.9,100.4,-1.83,Doron Lamb,SG,21,650000,725529,23,0,12.2,1.4,4.1,0.347,0.2,0.7,0.25,1.3,3.4,0.367,0.368,0.3,0.7,0.533,0.1,0.6,0.7,0.9,0.3,0,0.7,1.2,3.4,280,3,0.384,0.168,0.158,1.1,5.6,3.3,10.6,1.3,0,13.6,18.3,-0.6,0.1,-0.4,-0.076,-6.7,-2.6,-9.3,-0.5
2012/2013,58044000,63707436,473604,Orlando Magic,22,ORL,Florida,East,Southeast,20,62,0.244,94.1,101.1,-7.12,Doron Lamb,SG,21,650000,725529,24,0,12.4,1.1,2.8,0.397,0.4,0.9,0.476,0.7,2,0.362,0.471,0.5,0.8,0.632,0.2,1,1.2,0.5,0.3,0,0.4,1,3.2,297,6.5,0.498,0.309,0.279,1.9,9.1,5.5,5.8,1.1,0,11.6,13.2,0,0.1,0.1,0.01,-3.8,-2,-5.8,-0.3
2012/2013,58044000,63707436,473604,Oklahoma City Thunder,21,OKC,Oklahoma,West,Northwest,60,22,0.732,105.7,96.5,9.15,Jeremy Lamb,SF,20,2020200,2254944,23,0,6.4,1,3,0.353,0.4,1.3,0.3,0.7,1.7,0.395,0.419,0.6,0.6,1,0.2,0.6,0.8,0.2,0.1,0.1,0.3,0.6,3.1,147,11.2,0.479,0.441,0.206,4.2,9.4,7,5.4,0.7,1,7.5,24.8,0.1,0.1,0.2,0.058,-2.3,-4.8,-7.1,-0.2
2012/2013,58044000,63707436,473604,Golden State Warriors,10,GSW,California,West,Pacific,47,35,0.573,101.2,100.3,1.32,Carl Landry,PF,29,4000000,4464794,81,2,23.2,4,7.4,0.54,0,0,0.333,4,7.4,0.541,0.541,2.8,3.4,0.817,2.2,3.7,6,0.8,0.4,0.4,1.4,2.3,10.8,1876,17.5,0.605,0.005,0.453,10.9,17.3,14.2,5.6,0.9,1.3,13.7,20,4.3,1.9,6.2,0.159,0,-0.7,-0.7,0.6
2012/2013,58044000,63707436,473604,Denver Nuggets,8,DEN,Colorado,West,Northwest,57,25,0.695,106.1,101.1,5.37,Ty Lawson,PG,25,2544528,2840198,73,71,34.4,6.1,13.3,0.461,1.2,3.2,0.366,5,10.1,0.491,0.505,3.2,4.3,0.756,0.5,2.2,2.7,6.9,1.5,0.1,2.5,1.8,16.7,2513,17.9,0.549,0.239,0.32,1.6,7.1,4.4,30.2,2.1,0.2,14.1,22.3,5.6,1.8,7.4,0.141,3,-1.5,1.4,2.2
2012/2013,58044000,63707436,473604,Boston Celtics,2,BOS,Massachusetts,East,Atlantic,41,40,0.506,96.5,96.7,-0.62,Courtney Lee,SG,27,5000000,5580992,78,39,24.9,3.2,6.8,0.464,0.7,2,0.372,2.4,4.8,0.503,0.519,0.8,0.9,0.861,0.4,2,2.4,1.8,1.1,0.3,1.1,1.8,7.8,1941,11.7,0.545,0.294,0.136,1.9,9.4,5.8,11.7,2.4,0.9,13,15.7,0.9,2.4,3.3,0.082,-1.1,0.8,-0.3,0.8
2012/2013,58044000,63707436,473604,Golden State Warriors,10,GSW,California,West,Pacific,47,35,0.573,101.2,100.3,1.32,David Lee,PF,29,12744000,14224833,79,79,36.8,7.6,14.7,0.519,0,0.1,0,7.6,14.6,0.521,0.519,3.2,4.1,0.797,2.8,8.5,11.2,3.5,0.8,0.3,2.6,3.1,18.5,2907,19.2,0.561,0.003,0.276,8.5,24.5,16.8,16.5,1.2,0.6,13.7,23.2,5.4,3.7,9.1,0.15,1.1,1.5,2.5,3.3
2012/2013,58044000,63707436,473604,Minnesota Timberwolves,18,MIN,Minnesota,West,Northwest,31,51,0.378,95.7,98.1,-1.83,Malcolm Lee,SG,22,762195,850760,16,12,18.1,1.8,4.8,0.382,0.5,1.5,0.333,1.3,3.3,0.404,0.434,0.8,1.3,0.6,0.9,1.5,2.4,1.3,0.8,0.4,0.6,1.9,4.9,289,9.8,0.46,0.316,0.263,5.8,9.8,7.7,10.7,2.1,1.6,10.5,14.7,0.1,0.3,0.4,0.059,-1.8,0.9,-0.9,0.1
2012/2013,58044000,63707436,473604,San Antonio Spurs,27,SAS,Texas,West,Southwest,58,24,0.707,103,96.6,6.67,Kawhi Leonard,SF,21,1861920,2078272,58,57,31.2,4.5,9.1,0.494,1.1,3,0.374,3.4,6.1,0.554,0.556,1.8,2.2,0.825,1.1,4.9,6,1.6,1.7,0.6,1.1,1.7,11.9,1810,16.4,0.592,0.331,0.24,4.3,17.1,11.1,7.7,2.7,1.3,9.6,16.4,3,3.3,6.2,0.166,1.4,2.5,3.9,2.7
2012/2013,58044000,63707436,473604,Portland Trail Blazers,25,POR,Oregon,West,Northwest,33,49,0.402,97.5,100.7,-2.53,Meyers Leonard,C,20,2126520,2373618,69,9,17.5,2.2,4,0.545,0,0.1,0.429,2.1,3.9,0.548,0.551,1,1.3,0.809,1.2,2.5,3.7,0.5,0.2,0.6,0.7,2.4,5.5,1206,12.1,0.596,0.025,0.321,7.6,17.1,12.3,4.3,0.5,2.4,13.4,13.9,1.8,0.7,2.4,0.097,-2.2,-0.5,-2.6,-0.2
2012/2013,58044000,63707436,473604,#N/A,#N/A,TOT,#N/A,#N/A,#N/A,#N/A,#N/A,#N/A,#N/A,#N/A,#N/A,Jon Leuer,PF-C,23,762195,850760,28,0,6.7,0.9,1.9,0.481,0,0.1,0,0.9,1.8,0.51,0.481,0.2,0.5,0.462,0.5,0.9,1.3,0.3,0.2,0,0.3,0.8,2,187,10.4,0.485,0.058,0.25,7.9,15.5,11.6,6.8,1.7,0,12.2,15.9,0,0.2,0.2,0.057,-3.3,-1.1,-4.4,-0.1
2012/2013,58044000,63707436,473604,Cleveland Cavaliers,6,CLE,Ohio,East,Central,24,58,0.293,96.5,101.2,-4.87,Jon Leuer,C,23,762195,850760,9,0,10.1,1.1,3.1,0.357,0,0.3,0,1.1,2.8,0.4,0.357,0.2,0.7,0.333,0.6,0.9,1.4,0.6,0.2,0,0.6,1.2,2.4,91,3.3,0.359,0.107,0.214,6.1,10.7,8.3,8.5,1.1,0,14,17.5,-0.2,0,-0.2,-0.092,-6.4,-2.6,-9.1,-0.2
2012/2013,58044000,63707436,473604,Memphis Grizzlies,15,MEM,Tennessee,West,Southwest,56,26,0.683,93.4,89.3,4.32,Jon Leuer,PF,23,762195,850760,19,0,5.1,0.8,1.3,0.625,0,0,,0.8,1.3,0.625,0.625,0.2,0.4,0.571,0.4,0.8,1.3,0.2,0.2,0,0.2,0.5,1.8,96,17.2,0.628,0,0.292,9.7,20.1,14.8,5.3,2.3,0,10,14.4,0.2,0.2,0.4,0.198,-0.2,0.3,0.1,0.1
2012/2013,58044000,63707436,473604,Miami Heat,16,MIA,Florida,East,Southeast,66,16,0.805,102.9,95,7.03,Rashard Lewis,PF,33,15052181,16801221,55,9,14.4,1.9,4.5,0.414,0.9,2.4,0.389,0.9,2.1,0.441,0.516,0.5,0.8,0.622,0.3,1.9,2.2,0.5,0.4,0.3,0.6,1.2,5.2,792,11.1,0.53,0.526,0.181,3.1,15,9.4,5.7,1.4,1.4,10.9,18.2,0.3,0.9,1.2,0.071,-1.5,-1.7,-3.2,-0.2
2012/2013,58044000,63707436,473604,Oklahoma City Thunder,21,OKC,Oklahoma,West,Northwest,60,22,0.732,105.7,96.5,9.15,DeAndre Liggins,SG,24,762195,850760,39,1,7.4,0.5,1.2,0.447,0.2,0.5,0.368,0.4,0.7,0.5,0.521,0.2,0.5,0.5,0.3,1,1.4,0.4,0.5,0.1,0.4,0.8,1.5,290,9.4,0.528,0.404,0.383,5.5,14.7,10.5,7.2,3.2,0.8,20.3,10.8,0.1,0.5,0.6,0.092,-1.6,1.5,-0.1,0.1
2012/2013,58044000,63707436,473604,Portland Trail Blazers,25,POR,Oregon,West,Northwest,33,49,0.402,97.5,100.7,-2.53,Damian Lillard,PG,22,3065040,3421193,82,82,38.6,6.7,15.7,0.429,2.3,6.1,0.368,4.5,9.6,0.469,0.501,3.3,3.9,0.844,0.5,2.6,3.1,6.5,0.9,0.2,3,2.1,19,3167,16.4,0.546,0.391,0.249,1.5,8,4.7,28.8,1.2,0.5,14.5,24.2,5.1,0.7,5.8,0.088,2.7,-2.4,0.3,1.9
2012/2013,58044000,63707436,473604,Houston Rockets,11,HOU,Texas,West,Southwest,45,37,0.549,106,102.5,3.69,Jeremy Lin,PG,24,5000000,5580992,82,82,32.2,4.8,10.9,0.441,1.1,3.1,0.339,3.8,7.8,0.483,0.49,2.6,3.4,0.785,0.4,2.6,3,6.1,1.6,0.4,2.9,2.5,13.4,2640,14.9,0.538,0.287,0.307,1.4,9.1,5.3,29.4,2.5,0.8,18.8,20.8,3,2.5,5.4,0.099,0.4,-0.1,0.3,1.5
2012/2013,58044000,63707436,473604,#N/A,#N/A,TOT,#N/A,#N/A,#N/A,#N/A,#N/A,#N/A,#N/A,#N/A,#N/A,Shaun Livingston,PG,27,2038446,2275309,66,16,22,2.5,5.2,0.48,0,0.1,0,2.5,5.2,0.485,0.48,1.3,1.5,0.867,0.5,1.9,2.4,3.3,0.7,0.5,1.2,1.9,6.3,1455,13,0.536,0.012,0.283,2.4,10.4,6.2,23.2,1.7,1.7,16.3,14.3,1.7,0.9,2.6,0.086,-1.7,-0.1,-1.8,0.1
2012/2013,58044000,63707436,473604,Washington Wizards,30,WAS,Washington DC,East,Southeast,29,53,0.354,93.2,95.8,-2.78,Shaun Livingston,PG,27,2038446,2275309,17,4,18.8,1.4,3.9,0.364,0,0.2,0,1.4,3.7,0.381,0.364,0.9,0.9,1,0.1,2.1,2.2,2.2,0.6,0.1,1,1.3,3.7,320,7.4,0.434,0.045,0.227,0.7,12.2,6.4,18.1,1.8,0.5,19,12.8,-0.2,0.4,0.2,0.028,-5.5,1,-4.5,-0.2
2012/2013,58044000,63707436,473604,Cleveland Cavaliers,6,CLE,Ohio,East,Central,24,58,0.293,96.5,101.2,-4.87,Shaun Livingston,PG,27,2038446,2275309,49,12,23.2,2.9,5.7,0.507,0,0,0,2.9,5.7,0.509,0.507,1.4,1.7,0.843,0.6,1.9,2.5,3.6,0.8,0.6,1.2,2.1,7.2,1135,14.6,0.559,0.004,0.296,2.8,9.8,6.2,24.6,1.7,2.1,15.7,14.7,1.9,0.6,2.4,0.102,-0.7,-0.4,-1.1,0.3
2012/2013,58044000,63707436,473604,Brooklyn Nets,3,BRK,New York,East,Atlantic,49,33,0.598,96.9,95.1,1.25,Brook Lopez,C,24,13668000,15256201,74,74,30.4,7.7,14.8,0.521,0,0,0,7.7,14.8,0.522,0.521,4,5.3,0.758,2.8,4.1,6.9,0.9,0.4,2.1,1.8,2.1,19.4,2253,24.7,0.567,0.001,0.358,10.8,16.1,13.4,6.4,0.8,5.2,9.4,28.6,6.4,2.6,9,0.191,1.4,0,1.4,1.9
2012/2013,58044000,63707436,473604,New Orleans Hornets,19,NOH,Louisiana,West,Southwest,27,55,0.329,94.1,97.9,-3.12,Robin Lopez,C,24,4899293,5468583,82,82,26,4.7,8.8,0.534,0,0,,4.7,8.8,0.534,0.534,2,2.5,0.778,2.8,2.9,5.6,0.8,0.4,1.6,1.3,2,11.3,2136,18.9,0.573,0,0.288,12.4,13.4,12.9,5.3,0.8,5,12,20,4.4,1.2,5.6,0.126,0.8,0.3,1.1,1.7
2012/2013,58044000,63707436,473604,Minnesota Timberwolves,18,MIN,Minnesota,West,Northwest,31,51,0.378,95.7,98.1,-1.83,Kevin Love,PF,24,13668750,15257038,18,18,34.3,5.8,16.6,0.352,1.1,5.1,0.217,4.7,11.4,0.413,0.386,5.6,7.9,0.704,3.6,10.4,14,2.3,0.7,0.5,2.2,1.9,18.3,618,17.9,0.458,0.309,0.477,11.5,35.9,23.3,11.8,1.1,1.1,9.8,28.9,0.1,0.9,1.1,0.084,-0.8,-0.3,-1.1,0.1
2012/2013,58044000,63707436,473604,Toronto Raptors,28,TOR,Ontario,East,Atlantic,34,48,0.415,97.2,98.7,-1.96,Kyle Lowry,PG,26,5750000,6418141,68,52,29.7,3.7,9.2,0.401,1.5,4.1,0.362,2.2,5.1,0.433,0.482,2.8,3.5,0.795,0.8,3.9,4.7,6.4,1.4,0.4,2.3,3.2,11.6,2020,17.5,0.543,0.448,0.384,3.2,15.9,9.5,34.6,2.5,1,17.7,20.3,3.5,2.1,5.6,0.133,3,0.7,3.7,2.9
2012/2013,58044000,63707436,473604,Toronto Raptors,28,TOR,Ontario,East,Atlantic,34,48,0.415,97.2,98.7,-1.96,John Lucas,PG,30,1500000,1674297,63,0,13.1,2,5.3,0.386,0.9,2.4,0.377,1.1,2.9,0.393,0.472,0.3,0.4,0.72,0.1,0.9,1,1.7,0.4,0,0.4,0.8,5.3,827,12.8,0.483,0.452,0.075,1.1,8.3,4.7,21.5,1.5,0.1,7,20.8,0.7,0.3,1.1,0.061,0.4,-3.3,-2.9,-0.2
2012/2013,58044000,63707436,473604,Houston Rockets,11,HOU,Texas,West,Southwest,45,37,0.549,106,102.5,3.69,Scott Machado,PG,22,225657,251877,6,0,3.5,0.5,1,0.5,0,0.2,0,0.5,0.8,0.6,0.5,0.3,0.3,1,0,0.2,0.2,1,0.3,0,1.3,0,1.3,21,6,0.581,0.167,0.333,0,5.3,2.7,44.2,4.8,0,53.8,31,-0.1,0,-0.1,-0.23,-12.2,-2.9,-15.1,-0.1
2012/2013,58044000,63707436,473604,#N/A,#N/A,TOT,#N/A,#N/A,#N/A,#N/A,#N/A,#N/A,#N/A,#N/A,#N/A,Shelvin Mack,PG-SG,22,761800,850319,31,3,13.4,1.9,4.1,0.46,0.6,1.6,0.367,1.3,2.5,0.519,0.532,0.3,0.5,0.563,0.1,1.2,1.3,2.2,0.5,0,1.1,1.3,4.6,416,11.3,0.537,0.389,0.127,0.8,10,5.4,26.3,1.9,0,20.4,18.5,0.1,0.4,0.5,0.056,-2.1,-1.8,-3.9,-0.2
2012/2013,58044000,63707436,473604,Washington Wizards,30,WAS,Washington DC,East,Southeast,29,53,0.354,93.2,95.8,-2.78,Shelvin Mack,PG,22,761800,850319,7,2,20.1,2.3,5.7,0.4,0.6,1.9,0.308,1.7,3.9,0.444,0.45,0.1,0.3,0.5,0.4,1.9,2.3,3.3,0.9,0,1.1,1.4,5.3,141,10.4,0.453,0.325,0.05,2.3,10.3,6.3,26.3,2.2,0,16.4,15.8,0,0.2,0.2,0.052,-2.6,-0.4,-3,0
2012/2013,58044000,63707436,473604,Philadelphia 76ers,23,PHI,Pennsylvania,East,Atlantic,34,48,0.415,93.2,96.5,-3.51,Shelvin Mack,SG,22,761800,850319,4,0,1.8,0.3,0.5,0.5,0,0.3,0,0.3,0.3,1,0.5,0,0,,0,0,0,0.3,0,0,0.5,0.3,0.5,7,-6.4,0.5,0.5,0,0,0,0,22.6,0,0,50,26.3,-0.1,0,-0.1,-0.348,-15.1,-9,-24.1,0
2012/2013,58044000,63707436,473604,Atlanta Hawks,1,ATL,Georgia,East,Southeast,44,38,0.537,98,97.5,-0.08,Shelvin Mack,PG,22,761800,850319,20,1,13.4,2.1,4.2,0.488,0.7,1.8,0.4,1.4,2.5,0.551,0.571,0.4,0.7,0.571,0,1.2,1.2,2.2,0.5,0,1.2,1.4,5.2,268,12.3,0.577,0.417,0.167,0,10.1,5.1,26.3,1.7,0,21,19.7,0.1,0.2,0.4,0.068,-1.5,-2.4,-3.8,-0.1
2012/2013,58044000,63707436,473604,Detroit Pistons,9,DET,Michigan,East,Central,29,53,0.354,94.9,98.8,-4.33,Corey Maggette,SF,33,10924138,12193506,18,0,14.3,1.5,4.2,0.355,0.3,1.2,0.238,1.2,3.1,0.4,0.388,2,2.7,0.75,0.3,1.1,1.4,1.1,0.3,0.1,0.9,2.3,5.3,257,7.9,0.489,0.276,0.632,2.2,9.1,5.6,11.4,1.2,0.6,14.9,20.2,0,0.1,0.1,0.017,-3.2,-2.7,-5.9,-0.3
2012/2013,58044000,63707436,473604,Indiana Pacers,12,IND,Indiana,East,Central,49,32,0.605,94.7,90.7,3.34,Ian Mahinmi,C,26,4000000,4464794,80,2,16.5,1.9,4.1,0.453,0,0,0,1.9,4.1,0.456,0.453,1.3,2.1,0.608,1.4,2.5,3.9,0.3,0.5,0.8,1.2,2.5,5,1322,10.6,0.497,0.006,0.52,9.9,16.2,13.1,3.3,1.6,3.7,18.5,17.1,-0.4,2.6,2.3,0.083,-4.7,2,-2.7,-0.2
2012/2013,58044000,63707436,473604,Dallas Mavericks,7,DAL,Texas,West,Southwest,41,41,0.5,101.1,101.7,-0.24,Shawn Marion,PF,34,8646364,9651058,67,67,30,5.3,10.3,0.514,0.3,1.1,0.315,5,9.2,0.538,0.531,1.2,1.5,0.782,2.2,5.7,7.8,2.4,1.1,0.7,1.5,1.7,12.1,2010,18,0.553,0.106,0.146,8.2,20.6,14.5,13.1,1.9,1.8,12.3,19,2.9,2.5,5.3,0.127,0.9,1.9,2.8,2.4
2012/2013,58044000,63707436,473604,Phoenix Suns,24,PHO,Arizona,West,Pacific,25,57,0.305,95.2,101.6,-5.75,Kendall Marshall,PG,21,1919160,2142163,48,3,14.6,1.2,3.1,0.371,0.5,1.5,0.315,0.7,1.6,0.423,0.447,0.2,0.3,0.571,0.1,0.8,0.9,3,0.5,0.1,1.2,1,3,702,7.8,0.455,0.483,0.093,0.6,6.3,3.4,29.4,1.6,0.4,26.6,13.6,-0.4,0.2,-0.2,-0.012,-4.1,-3.2,-7.3,-0.9
2012/2013,58044000,63707436,473604,Washington Wizards,30,WAS,Washington DC,East,Southeast,29,53,0.354,93.2,95.8,-2.78,Cartier Martin,SF,28,915852,1022272,41,3,16.9,2.3,6.1,0.381,1.4,3.6,0.397,0.9,2.6,0.358,0.496,0.5,0.7,0.714,0.3,2.2,2.4,0.5,0.5,0.1,0.8,1.4,6.6,694,9.7,0.511,0.579,0.111,1.7,14.3,8,4.8,1.4,0.7,10.8,19.5,-0.2,0.9,0.7,0.047,-2.2,-1.4,-3.6,-0.3
2012/2013,58044000,63707436,473604,New York Knicks,20,NYK,New York,East,Atlantic,54,28,0.659,100,95.7,3.73,Kenyon Martin,C,35,429516,479425,18,11,23.9,3.1,5.2,0.602,0,0,,3.1,5.2,0.602,0.602,0.9,2.2,0.425,1.9,3.4,5.3,0.4,0.9,0.9,0.9,3.6,7.2,431,13.9,0.583,0,0.43,8.9,17.1,12.9,2.9,2,3.4,12.6,13.7,0.6,0.6,1.2,0.128,-1.2,1.8,0.5,0.3
2012/2013,58044000,63707436,473604,Oklahoma City Thunder,21,OKC,Oklahoma,West,Northwest,60,22,0.732,105.7,96.5,9.15,Kevin Martin,SG,29,12939675,14443245,77,0,27.7,4.5,10.1,0.45,2.1,4.8,0.426,2.5,5.3,0.472,0.551,2.8,3.2,0.89,0.4,1.9,2.3,1.4,0.9,0.1,1.3,1.8,14,2136,16,0.608,0.477,0.316,1.8,7.4,4.8,7.9,1.7,0.3,10.2,21,5,2,7,0.157,2.7,-2.3,0.5,1.3
2012/2013,58044000,63707436,473604,New Orleans Hornets,19,NOH,Louisiana,West,Southwest,27,55,0.329,94.1,97.9,-3.12,Roger Mason,SG,32,1229255,1372092,69,13,17.7,1.9,4.4,0.433,1,2.3,0.415,1,2.1,0.452,0.541,0.6,0.6,0.907,0.2,1.8,1.9,1.1,0.4,0.2,0.7,1.5,5.3,1219,10,0.57,0.521,0.141,1.1,12,6.5,9.5,1.2,0.8,13.6,14.3,1.1,0.3,1.4,0.057,-0.3,-1.4,-1.7,0.1
2012/2013,58044000,63707436,473604,Portland Trail Blazers,25,POR,Oregon,West,Northwest,33,49,0.402,97.5,100.7,-2.53,Wesley Matthews,SG,26,6505320,7261228,69,69,34.8,5.1,11.7,0.436,2.4,6.2,0.398,2.7,5.6,0.478,0.54,2.2,2.7,0.797,0.5,2.3,2.8,2.5,1.3,0.3,1.6,2.5,14.8,2403,14.1,0.574,0.526,0.231,1.7,7.6,4.6,11.8,2,0.6,10.9,19.1,3.6,1,4.7,0.093,2.3,-1.1,1.2,2
2012/2013,58044000,63707436,473604,Detroit Pistons,9,DET,Michigan,East,Central,29,53,0.354,94.9,98.8,-4.33,Jason Maxiell,PF,29,5000000,5580992,72,71,24.8,2.8,6.3,0.446,0,0,,2.8,6.3,0.446,0.446,1.3,2,0.621,1.9,3.8,5.7,0.8,0.4,1.3,1.1,2.4,6.9,1789,11.3,0.478,0,0.317,8.5,18,13.2,4.7,0.9,4.2,13.5,15.3,0.1,1.7,1.8,0.047,-3.7,1.1,-2.6,-0.3
2012/2013,58044000,63707436,473604,#N/A,#N/A,TOT,#N/A,#N/A,#N/A,#N/A,#N/A,#N/A,#N/A,#N/A,#N/A,Eric Maynor,PG-SG,25,2338720,2610475,64,0,15,1.7,4.4,0.377,0.5,1.5,0.354,1.1,2.9,0.389,0.438,0.7,1,0.726,0.1,0.6,0.7,2.8,0.3,0,1.2,0.9,4.5,963,9.3,0.472,0.342,0.221,1.1,4.4,2.8,28.7,1.2,0.1,20.4,18.4,-0.1,0.3,0.2,0.008,-3,-4.4,-7.4,-1.3
2012/2013,58044000,63707436,473604,Oklahoma City Thunder,21,OKC,Oklahoma,West,Northwest,60,22,0.732,105.7,96.5,9.15,Eric Maynor,PG,25,2338720,2610475,37,0,10.6,1,3.1,0.313,0.4,1.2,0.326,0.6,1.9,0.304,0.378,0.5,0.6,0.81,0.1,0.4,0.5,2,0.3,0,0.8,0.5,2.8,391,7.5,0.419,0.4,0.183,1.6,3.6,2.6,26.8,1.3,0,20,18.1,-0.3,0.2,0,-0.003,-3.9,-4.5,-8.4,-0.6
2012/2013,58044000,63707436,473604,Portland Trail Blazers,25,POR,Oregon,West,Northwest,33,49,0.402,97.5,100.7,-2.53,Eric Maynor,SG,25,2338720,2610475,27,0,21.2,2.6,6.1,0.422,0.7,1.9,0.38,1.9,4.3,0.44,0.479,1,1.5,0.683,0.1,0.9,1,4,0.4,0,1.8,1.3,6.9,572,10.6,0.508,0.301,0.247,0.8,4.9,2.8,30,1.1,0.1,20.7,18.6,0.2,0,0.2,0.016,-2.4,-4.3,-6.7,-0.7
2012/2013,58044000,63707436,473604,Dallas Mavericks,7,DAL,Texas,West,Southwest,41,41,0.5,101.1,101.7,-0.24,OJ Mayo,SG,25,4020000,4487117,82,82,35.5,5.6,12.5,0.449,1.7,4.3,0.407,3.9,8.3,0.471,0.519,2.3,2.8,0.82,0.4,3.1,3.5,4.4,1.1,0.3,2.6,2.4,15.3,2913,13.9,0.556,0.34,0.227,1.4,9.6,5.6,19.4,1.6,0.6,15.7,20.9,2.3,1.8,4.2,0.069,1.1,-0.7,0.4,1.7
2012/2013,58044000,63707436,473604,Milwaukee Bucks,17,MIL,Wisconsin,East,Central,38,44,0.463,98.9,100.4,-1.83,Luc Mbah a Moute,SF,26,4794192,5351269,58,45,22.9,2.6,6.5,0.401,0.2,0.6,0.351,2.4,5.9,0.406,0.418,1.2,2.2,0.571,1.5,2.9,4.4,0.9,0.7,0.2,1.2,1.4,6.7,1326,9.1,0.447,0.098,0.334,7,14,10.4,6.1,1.6,0.8,13.9,16.5,-0.8,1.2,0.5,0.017,-4,0,-4.1,-0.7
2012/2013,58044000,63707436,473604,Denver Nuggets,8,DEN,Colorado,West,Northwest,57,25,0.695,106.1,101.1,5.37,JaVale McGee,C,25,10000000,11161985,79,0,18.1,3.8,6.7,0.575,0,0,1,3.8,6.7,0.574,0.576,1.4,2.4,0.591,2,2.8,4.8,0.3,0.4,2,1.1,2.3,9.1,1433,20.7,0.589,0.002,0.353,12.6,17.1,14.9,2.7,1.1,8.5,12.9,21.1,2.7,2.2,4.9,0.163,-0.5,2,1.5,1.2
2012/2013,58044000,63707436,473604,#N/A,#N/A,TOT,#N/A,#N/A,#N/A,#N/A,#N/A,#N/A,#N/A,#N/A,#N/A,Dominic McGuire,SF,27,1195578,1334500,26,10,14.9,0.9,2.2,0.429,0,0,,0.9,2.2,0.429,0.429,0.1,0.4,0.3,0.7,2.3,3,0.8,0.5,0.4,0.5,1.5,2,387,7.7,0.422,0,0.179,5.7,18.4,12,7.5,1.8,2.3,16.6,8.7,-0.1,0.4,0.3,0.035,-4.2,2.2,-1.9,0
2012/2013,58044000,63707436,473604,Toronto Raptors,28,TOR,Ontario,East,Atlantic,34,48,0.415,97.2,98.7,-1.96,Dominic McGuire,SF,27,1195578,1334500,15,9,15.3,1,2.1,0.469,0,0,,1,2.1,0.469,0.469,0.1,0.4,0.333,0.7,2.5,3.2,0.7,0.3,0.5,0.5,1.7,2.1,230,7.5,0.462,0,0.188,5.6,19.5,12.4,6.4,1.2,2.8,16.8,8.4,0,0.2,0.2,0.045,-4.4,2.1,-2.3,0
2012/2013,58044000,63707436,473604,New Orleans Hornets,19,NOH,Louisiana,West,Southwest,27,55,0.329,94.1,97.9,-3.12,Dominic McGuire,SF,27,1195578,1334500,9,0,16.1,1,2.3,0.429,0,0,,1,2.3,0.429,0.429,0.1,0.2,0.5,0.8,2.3,3.1,1,0.9,0.3,0.6,1.4,2.1,145,9.1,0.434,0,0.095,5.7,17.6,11.5,9.1,3,1.7,18.6,8.6,0,0.1,0.1,0.043,-3.2,2.8,-0.4,0.1
2012/2013,58044000,63707436,473604,Indiana Pacers,12,IND,Indiana,East,Central,49,32,0.605,94.7,90.7,3.34,Dominic McGuire,SF,27,1195578,1334500,2,1,6,0,1.5,0,0,0,,0,1.5,0,0,0,1,0,0.5,0.5,1,0.5,0,0,0,0,0,12,-6,0,0,0.667,9.5,9.1,9.3,11.5,0,0,0,14.7,-0.1,0,-0.1,-0.239,-12,-1.3,-13.3,0
2012/2013,58044000,63707436,473604,#N/A,#N/A,TOT,#N/A,#N/A,#N/A,#N/A,#N/A,#N/A,#N/A,#N/A,#N/A,Josh McRoberts,PF,25,3135000,3499282,67,22,22.2,2.3,5.1,0.455,0.4,1.3,0.286,2,3.9,0.51,0.49,1,1.3,0.765,1.4,3.5,4.9,2.1,0.5,0.4,1,2,6,1487,12.7,0.527,0.245,0.248,7,18.1,12.4,14.8,1.1,1.4,14.8,13.7,1.5,0.7,2.2,0.072,-1,0.1,-0.8,0.4
2012/2013,58044000,63707436,473604,Orlando Magic,22,ORL,Florida,East,Southeast,20,62,0.244,94.1,101.1,-7.12,Josh McRoberts,PF,25,3135000,3499282,41,3,16.7,1.5,3.7,0.392,0.4,1.3,0.309,1,2.4,0.439,0.448,0.5,0.7,0.733,1,2.3,3.3,1.7,0.2,0.3,0.7,1.6,3.9,685,10.2,0.478,0.359,0.196,6.7,15.8,11.3,14.7,0.8,1.4,14.4,12.9,0.4,0.3,0.7,0.051,-2,-0.1,-2,0
2012/2013,58044000,63707436,473604,Charlotte Bobcats,4,CHA,North Carolina,East,Southeast,21,61,0.256,93.4,102.7,-9.29,Josh McRoberts,PF,25,3135000,3499282,26,19,30.8,3.7,7.3,0.505,0.3,1.1,0.241,3.4,6.2,0.553,0.524,1.7,2.1,0.782,2,5.2,7.2,2.7,0.8,0.6,1.5,2.5,9.3,802,14.8,0.565,0.153,0.289,7.2,20,13.4,14.9,1.4,1.5,15.1,14.3,1.1,0.4,1.5,0.09,-0.1,0.2,0.1,0.4
2012/2013,58044000,63707436,473604,Los Angeles Lakers,14,LAL,California,West,Pacific,45,37,0.549,102.2,101,1.48,Jodie Meeks,SG,25,1400000,1562677,78,10,21.3,2.6,6.8,0.387,1.6,4.4,0.357,1.1,2.4,0.441,0.502,1.1,1.2,0.896,0.5,1.7,2.2,0.9,0.7,0.1,0.7,1.3,7.9,1663,11.4,0.54,0.645,0.181,2.5,8.7,5.7,6.4,1.8,0.2,8.3,16.7,1.9,1.1,3,0.085,0.6,-1.5,-0.9,0.5
2012/2013,58044000,63707436,473604,Boston Celtics,2,BOS,Massachusetts,East,Atlantic,41,40,0.506,96.5,96.7,-0.62,Fab Melo,C,22,1254720,1400516,6,0,6,0.5,1,0.5,0,0,,0.5,1,0.5,0.5,0.2,0.7,0.25,0,0.5,0.5,0,0.3,0.3,0.2,1.2,1.2,36,4.9,0.451,0,0.667,0,9.6,4.9,0,2.9,4.4,11.4,11.5,0,0.1,0,0.021,-7.5,1.7,-5.8,0
2012/2013,58044000,63707436,473604,Detroit Pistons,9,DET,Michigan,East,Central,29,53,0.354,94.9,98.8,-4.33,Khris Middleton,SG,21,473604,528636,27,0,17.6,2.3,5.2,0.44,0.5,1.7,0.311,1.8,3.6,0.5,0.489,1,1.2,0.844,0.1,1.7,1.9,1,0.6,0.1,0.4,2,6.1,475,11.4,0.532,0.319,0.227,1,11.4,6.1,9.5,1.7,0.7,6.6,15.9,0.6,0.3,0.9,0.089,-0.9,-1.5,-2.3,0
2012/2013,58044000,63707436,473604,Cleveland Cavaliers,6,CLE,Ohio,East,Central,24,58,0.293,96.5,101.2,-4.87,CJ Miles,SF,25,2225000,2483541,65,13,21,3.9,9.4,0.415,1.9,5,0.384,2,4.4,0.451,0.518,1.4,1.6,0.869,0.4,2.3,2.7,1,0.8,0.3,1.1,2.1,11.2,1364,15.3,0.551,0.534,0.174,1.9,13.4,7.4,8.1,1.9,1,9.5,23.9,1.8,0.8,2.6,0.092,1.7,-2.8,-1.1,0.3
2012/2013,58044000,63707436,473604,Boston Celtics,2,BOS,Massachusetts,East,Atlantic,41,40,0.506,96.5,96.7,-0.62,Darko Milicic,C,27,6457255,7207577,1,0,5,0,1,0,0,0,,0,1,0,0,0,0,,0,1,1,0,0,0,2,1,0,5,-30.2,0,0,0,0,22.9,11.8,0,0,0,66.7,28.4,-0.1,0,-0.1,-0.779,-33,-3.1,-36.1,0
2012/2013,58044000,63707436,473604,Denver Nuggets,8,DEN,Colorado,West,Northwest,57,25,0.695,106.1,101.1,5.37,Andre Miller,PG,36,5000000,5580992,82,11,26.2,3.7,7.7,0.479,0.2,0.8,0.266,3.5,6.9,0.504,0.493,2,2.4,0.84,0.7,2.2,2.9,5.9,0.9,0.1,2.1,1.9,9.6,2151,15.7,0.548,0.101,0.307,3.2,9.1,6.2,32.2,1.7,0.4,19.3,17.9,3.9,1.5,5.4,0.12,0.9,-1,-0.1,1
2012/2013,58044000,63707436,473604,New Orleans Hornets,19,NOH,Louisiana,West,Southwest,27,55,0.329,94.1,97.9,-3.12,Darius Miller,SF,22,473604,528636,52,2,13.3,0.8,2.1,0.407,0.4,1.1,0.393,0.4,1,0.423,0.509,0.2,0.2,1,0.2,1.3,1.5,0.8,0.3,0.2,0.4,1.7,2.3,694,6.3,0.529,0.519,0.074,1.3,12.2,6.7,9.3,1.3,1.4,17.1,9,0.2,0.3,0.5,0.034,-2.2,0,-2.2,0
2012/2013,58044000,63707436,473604,Miami Heat,16,MIA,Florida,East,Southeast,66,16,0.805,102.9,95,7.03,Mike Miller,SF,32,5800000,6473951,59,17,15.3,1.7,3.9,0.433,1.2,3,0.417,0.5,0.9,0.482,0.591,0.1,0.2,0.727,0.3,2.4,2.7,1.7,0.4,0.1,0.6,1.1,4.8,900,13.5,0.596,0.758,0.048,2.6,18,10.7,16.2,1.2,0.4,12.9,14.4,1.6,1,2.6,0.137,1.6,-1,0.6,0.6
2012/2013,58044000,63707436,473604,Denver Nuggets,8,DEN,Colorado,West,Northwest,57,25,0.695,106.1,101.1,5.37,Quincy Miller,PF,20,473604,528636,7,0,3.7,0.6,1.7,0.333,0,0.1,0,0.6,1.6,0.364,0.333,0.1,0.3,0.5,0.1,0.1,0.3,0.4,0.1,0,0.1,0.4,1.3,26,5.9,0.349,0.083,0.167,4.4,4.2,4.3,16.8,1.9,0,7.2,23.1,0,0,0,-0.051,-5.1,-3.3,-8.4,0
2012/2013,58044000,63707436,473604,San Antonio Spurs,27,SAS,Texas,West,Southwest,58,24,0.707,103,96.6,6.67,Patrick Mills,PG,24,1085120,1211209,58,2,11.3,1.9,4.2,0.469,0.9,2.2,0.4,1.1,1.9,0.55,0.577,0.3,0.3,0.842,0.2,0.7,0.9,1.1,0.4,0.1,0.7,0.9,5.1,656,14.1,0.59,0.539,0.079,1.7,6.8,4.4,14.9,2,0.4,13.5,20.2,0.7,0.8,1.5,0.109,1.2,-1.6,-0.4,0.3
2012/2013,58044000,63707436,473604,Utah Jazz,29,UTA,Utah,West,Northwest,43,39,0.524,98,98.1,0.3,Paul Millsap,PF,27,7200000,8036629,78,78,30.4,5.5,11.2,0.49,0.2,0.5,0.333,5.3,10.7,0.498,0.498,3.4,4.6,0.742,2.3,4.8,7.1,2.6,1.3,1,1.8,3,14.6,2375,19.8,0.55,0.045,0.407,8.6,18.8,13.7,14.5,2.3,2.7,11.8,22.4,4.8,2.9,7.6,0.154,1.8,2,3.8,3.5
2012/2013,58044000,63707436,473604,Chicago Bulls,5,CHI,Illinois,East,Central,45,37,0.549,93.2,92.9,-0.02,Nazr Mohammed,C,35,1352181,1509302,63,12,11,1,2.9,0.367,0,0,0,1,2.8,0.371,0.367,0.5,0.7,0.723,1.2,1.9,3.1,0.4,0.3,0.5,0.4,1.5,2.6,693,10.8,0.414,0.011,0.261,12,20.4,16.2,5.8,1.6,3.5,10.7,14.9,0,1.2,1.2,0.082,-4.6,1.8,-2.8,-0.1
2012/2013,58044000,63707436,473604,Detroit Pistons,9,DET,Michigan,East,Central,29,53,0.354,94.9,98.8,-4.33,Greg Monroe,C,22,3217680,3591569,81,81,33.2,6.3,13.1,0.486,0,0,0,6.3,13,0.488,0.486,3.3,4.8,0.689,2.9,6.7,9.6,3.5,1.3,0.7,2.9,2.3,16,2687,19.5,0.527,0.004,0.371,9.9,23.6,16.7,18.6,2.1,1.6,16,24.8,2.7,3.2,5.9,0.105,0.6,1.8,2.4,3
2012/2013,58044000,63707436,473604,Orlando Magic,22,ORL,Florida,East,Southeast,20,62,0.244,94.1,101.1,-7.12,E'Twaun Moore,SG,23,762195,850760,75,21,22.4,3.2,8,0.396,0.9,2.6,0.34,2.3,5.3,0.424,0.452,0.6,0.8,0.797,0.6,1.6,2.2,2.7,0.7,0.3,1.4,1.6,7.8,1682,10.7,0.471,0.329,0.099,3.2,8,5.6,19.1,1.6,1.1,14.4,19.7,-0.4,0.7,0.2,0.006,-1.8,-1.4,-3.2,-0.5
2012/2013,58044000,63707436,473604,Los Angeles Lakers,14,LAL,California,West,Pacific,45,37,0.549,102.2,101,1.48,Darius Morris,PG,22,937195,1046095,48,17,14.2,1.5,3.9,0.388,0.5,1.4,0.364,1,2.5,0.402,0.452,0.5,0.8,0.649,0.5,0.7,1.2,1.6,0.4,0,0.9,1.2,4,683,8.1,0.475,0.351,0.197,4,5.2,4.6,16.8,1.6,0.2,18.1,16.2,-0.1,0.3,0.2,0.016,-2.6,-1.7,-4.3,-0.4
2012/2013,58044000,63707436,473604,#N/A,#N/A,TOT,#N/A,#N/A,#N/A,#N/A,#N/A,#N/A,#N/A,#N/A,#N/A,Marcus Morris,PF-SF,23,1959960,2187704,77,23,19.8,2.9,6.8,0.422,1.1,3,0.369,1.8,3.8,0.464,0.504,0.9,1.5,0.564,1,2.6,3.6,0.8,0.6,0.3,1,2.1,7.7,1524,11.3,0.516,0.443,0.222,6,14.6,10.3,6.4,1.5,1,11.8,18.9,0.6,1.2,1.8,0.058,-1,-1,-1.9,0
2012/2013,58044000,63707436,473604,Houston Rockets,11,HOU,Texas,West,Southwest,45,37,0.549,106,102.5,3.69,Marcus Morris,PF,23,1959960,2187704,54,17,21.4,3.2,7.4,0.428,1.4,3.6,0.381,1.8,3.8,0.471,0.52,0.9,1.4,0.653,1.2,2.9,4.1,0.9,0.5,0.3,1,2.2,8.6,1154,12.1,0.537,0.485,0.188,6.3,15.2,10.8,6.3,1.2,1.1,10.9,18.4,1.1,0.9,2,0.084,-0.1,-1,-1.1,0.3
2012/2013,58044000,63707436,473604,Phoenix Suns,24,PHO,Arizona,West,Pacific,25,57,0.305,95.2,101.6,-5.75,Marcus Morris,SF,23,1959960,2187704,23,6,16.1,2.2,5.5,0.405,0.5,1.7,0.308,1.7,3.8,0.448,0.452,0.7,1.8,0.405,0.7,1.8,2.5,0.7,0.8,0.2,1,1.7,5.7,370,8.6,0.453,0.31,0.333,5.1,12.9,8.9,6.4,2.5,0.8,14.2,20.2,-0.5,0.3,-0.2,-0.022,-3.7,-0.9,-4.7,-0.2
2012/2013,58044000,63707436,473604,Phoenix Suns,24,PHO,Arizona,West,Pacific,25,57,0.305,95.2,101.6,-5.75,Markieff Morris,PF,23,2063040,2302762,82,32,22.4,3.2,8,0.407,0.5,1.6,0.336,2.7,6.3,0.426,0.442,1.1,1.5,0.732,1.6,3.2,4.8,1.3,0.9,0.8,1.3,2.5,8.2,1837,12.6,0.473,0.205,0.194,7.9,16.7,12.3,9.4,2.2,2.6,12.8,19.7,-0.2,1.9,1.7,0.044,-2.1,1.1,-1,0.5
2012/2013,58044000,63707436,473604,#N/A,#N/A,TOT,#N/A,#N/A,#N/A,#N/A,#N/A,#N/A,#N/A,#N/A,#N/A,Anthony Morrow,SG,27,4000000,4464794,41,1,9.3,1.6,3.5,0.441,0.4,1,0.372,1.2,2.5,0.471,0.497,0.5,0.5,0.909,0.3,0.5,0.7,0.3,0.3,0,0.2,1,4,383,12,0.53,0.297,0.152,3.3,5.6,4.5,5.6,1.8,0.2,4.9,19.6,0.4,0.3,0.7,0.084,-1.1,-2.8,-3.9,-0.2
2012/2013,58044000,63707436,473604,Atlanta Hawks,1,ATL,Georgia,East,Southeast,44,38,0.537,98,97.5,-0.08,Anthony Morrow,SG,27,4000000,4464794,24,1,12.5,2,4.6,0.423,0.6,1.6,0.395,1.3,3,0.438,0.491,0.7,0.8,0.889,0.4,0.7,1.1,0.4,0.5,0,0.2,1.4,5.2,301,12.3,0.526,0.342,0.162,3.9,6,4.9,4.8,2.1,0.3,3.3,18.9,0.4,0.3,0.6,0.1,-0.7,-2.3,-3,-0.1
2012/2013,58044000,63707436,473604,Dallas Mavericks,7,DAL,Texas,West,Southwest,41,41,0.5,101.1,101.7,-0.24,Anthony Morrow,SG,27,4000000,4464794,17,0,4.8,1,2,0.5,0.1,0.3,0.2,0.9,1.7,0.552,0.515,0.2,0.2,1,0.1,0.2,0.2,0.2,0.1,0,0.2,0.6,2.3,82,10.9,0.545,0.147,0.118,1.4,4,2.7,8.3,0.6,0,10.1,22.1,0,0,0,0.028,-2.6,-4.8,-7.4,-0.1
2012/2013,58044000,63707436,473604,Houston Rockets,11,HOU,Texas,West,Southwest,45,37,0.549,106,102.5,3.69,Donatas Motiejunas,PF,22,1361400,1519592,44,14,12.2,2.2,4.8,0.455,0.5,1.9,0.289,1.7,3,0.562,0.512,0.7,1.2,0.627,0.8,1.3,2.1,0.7,0.2,0.2,0.8,1.7,5.7,538,12.2,0.531,0.39,0.239,7.7,11.9,9.8,9.5,0.6,1.4,13.6,22.1,0.4,0.3,0.7,0.061,-0.7,-2.2,-2.9,-0.1
2012/2013,58044000,63707436,473604,Philadelphia 76ers,23,PHI,Pennsylvania,East,Atlantic,34,48,0.415,93.2,96.5,-3.51,Arnett Moultrie,PF,22,1042320,1163436,47,0,11.5,1.7,2.9,0.582,0,0,,1.7,2.9,0.582,0.582,0.4,0.6,0.643,1.6,1.5,3.1,0.2,0.4,0.2,0.4,0.9,3.7,542,16.7,0.595,0,0.209,15.4,14.8,15.1,2.9,1.7,1.4,11.5,14.1,1.1,0.6,1.7,0.149,-0.7,-0.9,-1.7,0
2012/2013,58044000,63707436,473604,Denver Nuggets,8,DEN,Colorado,West,Northwest,57,25,0.695,106.1,101.1,5.37,Timofey Mozgov,C,26,2794621,3119351,41,1,8.9,1.1,2.1,0.506,0,0,0,1.1,2.1,0.518,0.506,0.5,0.6,0.769,1.2,1.4,2.6,0.2,0.1,0.4,0.6,1.4,2.6,366,12.3,0.549,0.023,0.299,15.6,17.1,16.4,3.4,0.8,3.8,20.3,14.6,0.3,0.4,0.7,0.096,-1.9,0.2,-1.6,0
2012/2013,58044000,63707436,473604,Charlotte Bobcats,4,CHA,North Carolina,East,Southeast,21,61,0.256,93.4,102.7,-9.29,Byron Mullens,PF,23,2253306,2500043.007,53,41,26.9,4.1,10.6,0.385,1.2,3.9,0.317,2.8,6.7,0.425,0.444,1.2,1.9,0.646,1.3,5,6.4,1.5,0.6,0.6,1.4,2.1,10.6,1428,12.3,0.465,0.369,0.176,5.5,22,13.5,10.1,1.2,1.8,10.9,21.7,-0.6,0.7,0.1,0.005,-1.9,-1.7,-3.6,-0.6
2012/2013,58044000,63707436,473604,Utah Jazz,29,UTA,Utah,West,Northwest,43,39,0.524,98,98.1,0.3,Kevin Murphy,SG,22,473604,528636,17,0,3.1,0.4,1.6,0.25,0.1,0.3,0.2,0.4,1.4,0.261,0.268,0,0,,0,0.2,0.2,0.1,0.1,0,0.2,0.2,0.9,52,-4.5,0.268,0.179,0,0,9.1,4.5,6.1,1,0,9.7,27.1,-0.3,0,-0.3,-0.272,-12.4,-5.3,-17.6,-0.2
2012/2013,58044000,63707436,473604,Dallas Mavericks,7,DAL,Texas,West,Southwest,41,41,0.5,101.1,101.7,-0.24,Troy Murphy,PF,32,226619,252951,14,1,18.3,1.6,4.4,0.361,0.8,2.5,0.314,0.8,1.9,0.423,0.451,0.7,0.8,0.909,0.5,3,3.5,0.5,0.7,0.4,0.5,2.1,4.6,256,9.1,0.494,0.574,0.18,3.1,17.9,10.7,3.8,2,1.8,9.6,13,0,0.3,0.3,0.062,-2.2,0.5,-1.7,0
2012/2013,58044000,63707436,473604,Los Angeles Lakers,14,LAL,California,West,Pacific,45,37,0.549,102.2,101,1.48,Steve Nash,PG,38,8900000,9934166,50,50,32.5,4.7,9.5,0.497,1.1,2.6,0.438,3.6,6.9,0.519,0.557,2.1,2.3,0.922,0.5,2.3,2.8,6.7,0.6,0.1,2.5,1.4,12.7,1627,16,0.605,0.274,0.244,1.8,7.7,4.8,32.8,0.9,0.2,19.3,17.8,3.7,0.6,4.3,0.127,1.5,-2.6,-1.1,0.4
2012/2013,58044000,63707436,473604,San Antonio Spurs,27,SAS,Texas,West,Southwest,58,24,0.707,103,96.6,6.67,Gary Neal,SG,28,972000,1084944,68,17,21.8,3.6,8.8,0.412,1.3,3.7,0.355,2.3,5.1,0.454,0.487,0.9,1.1,0.865,0.2,1.9,2.1,1.9,0.4,0,1,1.4,9.5,1484,11.5,0.512,0.42,0.124,1.1,9.6,5.6,13.5,1,0.1,9.9,21.7,0.4,1.5,1.9,0.06,-0.8,-1.8,-2.6,-0.2
2012/2013,58044000,63707436,473604,Orlando Magic,22,ORL,Florida,East,Southeast,20,62,0.244,94.1,101.1,-7.12,Jameer Nelson,PG,30,8600000,9599307,56,56,35.3,5.5,13.9,0.392,2.2,6.3,0.341,3.3,7.6,0.435,0.47,1.6,1.8,0.873,0.4,3.3,3.7,7.4,1.3,0.1,2.8,2.9,14.7,1977,14.4,0.498,0.455,0.131,1.3,10.6,6,33.3,1.9,0.2,15.7,22.5,1.1,1,2.1,0.05,1.6,-1.7,-0.1,0.9
2012/2013,58044000,63707436,473604,Orlando Magic,22,ORL,Florida,East,Southeast,20,62,0.244,94.1,101.1,-7.12,Andrew Nicholson,PF,23,1418160,1582948,75,28,16.7,3.4,6.5,0.527,0,0,,3.4,6.5,0.527,0.527,1,1.3,0.798,0.9,2.5,3.4,0.6,0.3,0.4,1.1,1.8,7.8,1249,15.1,0.557,0,0.193,6.2,17.1,11.7,6.1,1,2,13,22.1,0.9,0.8,1.7,0.065,-2.8,-1.6,-4.4,-0.8
2012/2013,58044000,63707436,473604,Chicago Bulls,5,CHI,Illinois,East,Central,45,37,0.549,93.2,92.9,-0.02,Joakim Noah,C,27,11050000,12333993,66,64,36.8,4.6,9.5,0.481,0,0.1,0,4.6,9.5,0.485,0.481,2.7,3.6,0.751,3.9,7.2,11.1,4,1.2,2.1,2.7,2.8,11.9,2426,18.1,0.534,0.008,0.376,12.2,22.6,17.3,17.6,1.7,4.4,19.3,17.2,2.7,4.7,7.3,0.145,0.1,5.1,5.2,4.4
2012/2013,58044000,63707436,473604,New York Knicks,20,NYK,New York,East,Atlantic,54,28,0.659,100,95.7,3.73,Steve Novak,SF,29,4054055,4525130,81,1,20.3,2.2,5.3,0.414,1.8,4.3,0.425,0.4,1,0.367,0.587,0.4,0.4,0.909,0.2,1.7,1.9,0.4,0.3,0.1,0.1,1.2,6.6,1641,11.3,0.602,0.816,0.077,1.2,10,5.4,3.3,0.9,0.4,2.6,13,3.2,0.8,4,0.116,2,-2,0,0.8
2012/2013,58044000,63707436,473604,Dallas Mavericks,7,DAL,Texas,West,Southwest,41,41,0.5,101.1,101.7,-0.24,Dirk Nowitzki,PF,34,20907128,23336504,53,47,31.3,6.5,13.7,0.471,1.2,3,0.414,5.2,10.8,0.487,0.516,3.1,3.6,0.86,0.7,6.2,6.8,2.5,0.7,0.7,1.3,1.8,17.3,1661,19.8,0.564,0.216,0.265,2.5,21.5,12.2,13.5,1.2,1.7,7.9,24.2,3.3,1.8,5,0.145,1.7,0,1.7,1.5
2012/2013,58044000,63707436,473604,Phoenix Suns,24,PHO,Arizona,West,Pacific,25,57,0.305,95.2,101.6,-5.75,Jermaine O'Neal,C,34,1352181,1509302,55,4,18.7,3.3,6.7,0.482,0,0,,3.3,6.7,0.482,0.482,1.7,2.1,0.835,1.5,3.8,5.3,0.8,0.3,1.4,1.3,2.3,8.3,1029,16.7,0.538,0,0.31,8.9,23.8,16.2,6.8,0.9,5.7,14.8,21.4,0.7,1.3,2,0.092,-3.3,1.3,-2,0
2012/2013,58044000,63707436,473604,Orlando Magic,22,ORL,Florida,East,Southeast,20,62,0.244,94.1,101.1,-7.12,Kyle O'Quinn,C,22,788872,880537,57,5,11.2,1.8,3.5,0.513,0,0,0,1.8,3.4,0.515,0.513,0.5,0.8,0.667,1.1,2.5,3.7,0.9,0.2,0.5,0.6,1.9,4.1,638,15.8,0.535,0.005,0.228,11.5,25.5,18.5,13.1,0.9,3.1,14.6,18.1,0.7,0.7,1.4,0.107,-1.9,1,-0.9,0.2
2012/2013,58044000,63707436,473604,Los Angeles Clippers,13,LAC,California,West,Pacific,56,26,0.683,101.1,94.6,6.43,Lamar Odom,PF,33,8200000,9152827,82,2,19.7,1.8,4.5,0.399,0.2,1.1,0.2,1.6,3.4,0.464,0.423,0.2,0.5,0.476,1.4,4.4,5.9,1.7,0.8,0.7,1,2.6,4,1616,10.9,0.429,0.246,0.115,8.8,26.3,17.7,12.4,2.2,3,18.3,13.3,-0.3,3,2.7,0.081,-2.6,3.8,1.2,1.3
2012/2013,58044000,63707436,473604,Houston Rockets,11,HOU,Texas,West,Southwest,45,37,0.549,106,102.5,3.69,Tim Ohlbrecht,C,24,142081,158590,3,0,4,0.3,1,0.333,0,0,,0.3,1,0.333,0.333,0.3,0.3,1,0,0.3,0.3,0.3,0.3,0,1.3,0.3,1,12,-6.1,0.436,0,0.333,0,9.3,4.7,11.8,4.2,0,53.8,27.1,-0.1,0,-0.1,-0.369,-16.9,1.1,-15.8,0
2012/2013,58044000,63707436,473604,Washington Wizards,30,WAS,Washington DC,East,Southeast,29,53,0.354,93.2,95.8,-2.78,Emeka Okafor,C,30,13543250,15116955,79,77,26,4.2,8.7,0.477,0,0,,4.2,8.7,0.477,0.477,1.4,2.4,0.571,2.5,6.2,8.8,1.2,0.6,1,1.4,1.8,9.7,2052,15.8,0.496,0,0.278,10.7,26.8,18.7,7.9,1.1,3,12.2,19.5,0.7,3.7,4.5,0.104,-3.2,2,-1.1,0.5
2012/2013,58044000,63707436,473604,Oklahoma City Thunder,21,OKC,Oklahoma,West,Northwest,60,22,0.732,105.7,96.5,9.15,Daniel Orton,C,22,762195,850760,13,0,8,0.9,2,0.462,0,0,,0.9,2,0.462,0.462,0.7,1.3,0.529,1,1,2,0.3,0.3,0.2,0.3,1,2.5,104,14,0.493,0,0.654,15.5,13.4,14.3,5.7,2,2.2,10.7,16.4,0.1,0.1,0.3,0.135,-1.1,-0.2,-1.3,0
2012/2013,58044000,63707436,473604,Sacramento Kings,26,SAC,California,West,Pacific,28,54,0.341,100.2,105.1,-4.26,Travis Outlaw,SF,28,7000000,7813389,38,2,11.7,1.9,4.7,0.418,0.4,1.3,0.28,1.6,3.3,0.472,0.458,1,1.4,0.731,0.4,1.2,1.6,0.6,0.3,0.2,0.5,0.9,5.3,444,13,0.5,0.282,0.294,4.3,11.7,7.9,7.7,1.3,1.4,8.7,21.9,0.3,0.1,0.3,0.037,-1.5,-3.2,-4.7,-0.3
2012/2013,58044000,63707436,473604,Atlanta Hawks,1,ATL,Georgia,East,Southeast,44,38,0.537,98,97.5,-0.08,Zaza Pachulia,C,28,5248750,5858646,52,15,21.8,2.2,4.6,0.473,0,0.1,0,2.2,4.6,0.479,0.473,1.5,2,0.757,2.5,3.9,6.5,1.5,0.7,0.2,1.3,2.5,5.9,1134,13.1,0.534,0.012,0.427,13.5,20.3,17,10.3,1.6,0.8,19.6,14.6,1.2,1.5,2.7,0.116,-1.6,1.6,0,0.6
2012/2013,58044000,63707436,473604,#N/A,#N/A,TOT,#N/A,#N/A,#N/A,#N/A,#N/A,#N/A,#N/A,#N/A,#N/A,Jannero Pargo,PG,33,696446,777371,32,0,15.8,2.4,6.6,0.368,1.2,3.6,0.336,1.2,3,0.406,0.46,0.4,0.4,0.923,0.3,0.8,1.1,2.1,0.6,0.1,1.3,1.3,6.5,507,10.3,0.475,0.547,0.061,2.2,5.7,3.9,22.8,1.9,0.5,15.8,23.3,-0.4,0.2,-0.2,-0.017,-1.1,-3.9,-5,-0.4
2012/2013,58044000,63707436,473604,Washington Wizards,30,WAS,Washington DC,East,Southeast,29,53,0.354,93.2,95.8,-2.78,Jannero Pargo,PG,33,696446,777371,7,0,14.6,1.1,4.6,0.25,0.4,2.9,0.15,0.7,1.7,0.417,0.297,0.3,0.3,1,0,0.9,0.9,2,0,0.1,1.1,1.1,3,102,0.2,0.319,0.625,0.063,0,6.6,3.3,21,0,0.8,19.6,18.3,-0.3,0.1,-0.3,-0.129,-7.4,-3.3,-10.8,-0.2
2012/2013,58044000,63707436,473604,Atlanta Hawks,1,ATL,Georgia,East,Southeast,44,38,0.537,98,97.5,-0.08,Jannero Pargo,PG,33,696446,777371,7,0,16.1,1.9,5.4,0.342,1,2.9,0.35,0.9,2.6,0.333,0.434,0.3,0.3,1,0.1,0.9,1,2.7,0.4,0,0.7,1.1,5,113,9.7,0.45,0.526,0.053,1,6,3.5,25.4,1.4,0,11.4,18,0,0.1,0.1,0.041,-2,-3.5,-5.6,-0.1
2012/2013,58044000,63707436,473604,Charlotte Bobcats,4,CHA,North Carolina,East,Southeast,21,61,0.256,93.4,102.7,-9.29,Jannero Pargo,PG,33,696446,777371,18,0,16.2,3.2,7.9,0.401,1.6,4.2,0.382,1.6,3.7,0.424,0.504,0.4,0.5,0.889,0.5,0.7,1.2,1.9,0.8,0.1,1.6,1.4,8.4,292,14.1,0.517,0.535,0.063,3.4,5.2,4.3,22.5,2.7,0.6,16.1,27.1,-0.1,0,0,-0.001,1.5,-4.2,-2.7,-0.1
2012/2013,58044000,63707436,473604,#N/A,#N/A,TOT,#N/A,#N/A,#N/A,#N/A,#N/A,#N/A,#N/A,#N/A,#N/A,Jeremy Pargo,PG-SG,26,1313845,1466511,39,11,16.8,2.5,6.4,0.396,0.6,1.9,0.338,1.9,4.5,0.42,0.446,1.1,1.6,0.677,0.2,1.1,1.3,2.4,0.3,0.1,1.3,1.2,6.8,655,10.4,0.478,0.296,0.248,1.3,7.5,4.3,23,1,0.2,15.3,22.5,-0.2,0.1,0,-0.002,-2.4,-3.9,-6.3,-0.7
2012/2013,58044000,63707436,473604,Cleveland Cavaliers,6,CLE,Ohio,East,Central,24,58,0.293,96.5,101.2,-4.87,Jeremy Pargo,PG,26,1313845,1466511,25,11,17.9,3,7.5,0.401,0.7,2.3,0.316,2.3,5.2,0.438,0.449,1.1,1.6,0.683,0.3,1,1.3,2.6,0.5,0.1,1.5,1.3,7.8,447,11.3,0.478,0.305,0.219,1.7,6.8,4.1,24.2,1.4,0.4,15.3,24.1,-0.1,0.1,-0.1,-0.006,-1.6,-4,-5.6,-0.4
2012/2013,58044000,63707436,473604,Philadelphia 76ers,23,PHI,Pennsylvania,East,Atlantic,34,48,0.415,93.2,96.5,-3.51,Jeremy Pargo,SG,26,1313845,1466511,14,0,14.9,1.7,4.5,0.381,0.5,1.2,0.412,1.2,3.3,0.37,0.437,1,1.5,0.667,0.1,1.1,1.2,2,0.1,0,0.9,1,4.9,208,8.4,0.478,0.27,0.333,0.5,8.9,4.6,20.4,0.3,0,15.3,18.9,0,0.1,0,0.006,-4.1,-3.7,-7.8,-0.3
2012/2013,58044000,63707436,473604,San Antonio Spurs,27,SAS,Texas,West,Southwest,58,24,0.707,103,96.6,6.67,Tony Parker,PG,30,12500000,13952481,66,66,32.9,7.9,15.1,0.522,0.4,1,0.353,7.5,14,0.534,0.534,4.2,5,0.845,0.3,2.7,3,7.6,0.8,0.1,2.6,1.4,20.3,2174,23,0.588,0.068,0.332,1,9.1,5.3,40.4,1.3,0.2,13,27.7,7.1,2.3,9.3,0.206,4.1,-1.4,2.7,2.6
2012/2013,58044000,63707436,473604,Houston Rockets,11,HOU,Texas,West,Southwest,45,37,0.549,106,102.5,3.69,Chandler Parsons,SF,24,888250,991463,76,76,36.3,6,12.4,0.486,2,5.2,0.385,4,7.2,0.559,0.567,1.5,2,0.729,1,4.3,5.3,3.5,1,0.4,1.9,1.9,15.5,2758,15.3,0.584,0.421,0.165,3.3,13.2,8.3,15.6,1.4,0.9,12.7,18.3,4.9,2.1,7,0.121,2.4,0.4,2.7,3.3
2012/2013,58044000,63707436,473604,#N/A,#N/A,TOT,#N/A,#N/A,#N/A,#N/A,#N/A,#N/A,#N/A,#N/A,#N/A,Patrick Patterson,PF,23,2096760,2340400,71,41,25,4.5,8.8,0.512,0.7,1.9,0.386,3.8,6.9,0.546,0.553,0.7,0.9,0.762,1.6,3.2,4.7,1.1,0.4,0.6,0.9,1.9,10.4,1775,15.2,0.566,0.212,0.101,7.2,14.4,10.8,7.5,0.9,1.7,8.6,17.6,3.1,1,4.1,0.111,0.5,-0.7,-0.2,0.8
2012/2013,58044000,63707436,473604,Houston Rockets,11,HOU,Texas,West,Southwest,45,37,0.549,106,102.5,3.69,Patrick Patterson,PF,23,2096760,2340400,47,38,25.9,5,9.7,0.519,0.7,2,0.365,4.3,7.6,0.56,0.557,0.8,1,0.755,1.6,3.1,4.7,1.1,0.4,0.6,0.9,1.9,11.6,1219,15.5,0.571,0.211,0.108,6.9,13.6,10.3,7,0.7,1.7,8.1,18.6,2.2,0.8,3,0.12,0.6,-0.7,-0.2,0.6
2012/2013,58044000,63707436,473604,Sacramento Kings,26,SAC,California,West,Pacific,28,54,0.341,100.2,105.1,-4.26,Patrick Patterson,PF,23,2096760,2340400,24,3,23.2,3.5,7,0.494,0.7,1.5,0.444,2.8,5.5,0.508,0.542,0.5,0.6,0.786,1.7,3.2,4.8,1.3,0.5,0.5,0.8,2,8,556,14.5,0.554,0.214,0.083,8.1,16.1,12,8.6,1.2,1.8,9.8,15.4,0.9,0.2,1,0.09,0.4,-0.7,-0.3,0.2
2012/2013,58044000,63707436,473604,Los Angeles Clippers,13,LAC,California,West,Pacific,56,26,0.683,101.1,94.6,6.43,Chris Paul,PG,27,17779457,19845403,70,70,33.4,5.9,12.2,0.481,1.1,3.3,0.328,4.8,8.9,0.538,0.526,4.1,4.6,0.885,0.8,3,3.7,9.7,2.4,0.1,2.3,2,16.9,2335,26.4,0.594,0.271,0.377,2.8,10.5,6.7,46.5,3.8,0.4,13.7,22.6,10.6,3.4,13.9,0.287,7.2,0.3,7.5,5.6
2012/2013,58044000,63707436,473604,Portland Trail Blazers,25,POR,Oregon,West,Northwest,33,49,0.402,97.5,100.7,-2.53,Aleksandar Pavlovic,SG,29,1232713,1375952,39,1,13.5,1.1,3.1,0.353,0.5,1.5,0.3,0.6,1.5,0.407,0.429,0,0.2,0.167,0.2,1.3,1.4,0.8,0.6,0.1,0.4,1.5,2.6,528,6.2,0.423,0.504,0.05,1.5,10.9,6.2,8.9,2.4,0.7,10.3,11.8,-0.3,0.4,0.1,0.009,-3.3,0.2,-3.1,-0.1
2012/2013,58044000,63707436,473604,Minnesota Timberwolves,18,MIN,Minnesota,West,Northwest,31,51,0.378,95.7,98.1,-1.83,Nikola Pekovic,C,27,4640000,5179161,62,62,31.6,6.2,12,0.52,0,0,,6.2,12,0.52,0.52,3.9,5.2,0.744,3.7,5.1,8.8,0.9,0.7,0.8,1.6,2.3,16.3,1959,20.2,0.572,0,0.437,13,19,15.9,4.9,1.1,2,10.3,22.5,4.6,2.1,6.7,0.163,0.8,-0.5,0.3,1.2
2012/2013,58044000,63707436,473604,Oklahoma City Thunder,21,OKC,Oklahoma,West,Northwest,60,22,0.732,105.7,96.5,9.15,Kendrick Perkins,C,28,7800531,8706941,78,78,25.1,1.8,4,0.457,0,0,0,1.8,4,0.458,0.457,0.6,0.9,0.611,1.4,4.6,6,1.4,0.6,1.1,1.4,2.9,4.2,1954,8.2,0.479,0.003,0.23,7,19.5,13.7,7.9,1.1,3.2,24,10.6,-0.5,3,2.5,0.062,-3.3,2.9,-0.4,0.8
2012/2013,58044000,63707436,473604,Atlanta Hawks,1,ATL,Georgia,East,Southeast,44,38,0.537,98,97.5,-0.08,Johan Petro,C,27,3500000,3906694,31,8,11.4,1.5,3.5,0.436,0,0.1,0.25,1.5,3.4,0.443,0.441,0.4,0.4,0.917,1.1,2.5,3.6,0.5,0.3,0.3,0.8,1.5,3.5,352,11,0.468,0.036,0.109,10.9,25.3,18.2,7.1,1.5,2,17.2,18.3,-0.2,0.6,0.4,0.048,-5.4,0.7,-4.8,-0.2
2012/2013,58044000,63707436,473604,Boston Celtics,2,BOS,Massachusetts,East,Atlantic,41,40,0.506,96.5,96.7,-0.62,Paul Pierce,SF,35,16790345,18741357,77,77,33.4,6.2,14.2,0.436,1.9,5,0.38,4.3,9.2,0.466,0.502,4.3,5.5,0.787,0.6,5.7,6.3,4.8,1.1,0.4,2.8,2.7,18.6,2575,19.1,0.559,0.35,0.387,2.1,19.7,11.2,25.1,1.7,0.9,14.3,27.4,3.5,3.7,7.2,0.135,2.7,0.7,3.4,3.4
2012/2013,58044000,63707436,473604,Toronto Raptors,28,TOR,Ontario,East,Atlantic,34,48,0.415,97.2,98.7,-1.96,Mickael Pietrus,SF,30,1005096,1121886,19,16,20.3,1.8,5.2,0.347,1.1,3.4,0.313,0.7,1.8,0.412,0.449,0.6,0.9,0.667,0.3,1.6,1.9,0.5,0.6,0.3,0.8,1.7,5.3,386,6,0.472,0.653,0.184,1.5,9.7,5.5,3.5,1.7,1.2,13.1,14.7,-0.3,0.2,0,-0.004,-2.7,-0.9,-3.6,-0.2
2012/2013,58044000,63707436,473604,#N/A,#N/A,TOT,#N/A,#N/A,#N/A,#N/A,#N/A,#N/A,#N/A,#N/A,#N/A,Dexter Pittman,C,24,854389,953667,11,0,2.9,0.4,1,0.364,0,0,,0.4,1,0.364,0.364,0,0.3,0,0.6,0.5,1.1,0,0,0,0.3,0.7,0.7,32,1.6,0.325,0,0.273,27.2,18.5,22.7,0,0,0,19.6,22.4,-0.1,0,-0.1,-0.107,-9.7,-8.2,-17.9,-0.1
2012/2013,58044000,63707436,473604,Miami Heat,16,MIA,Florida,East,Southeast,66,16,0.805,102.9,95,7.03,Dexter Pittman,C,24,854389,953667,4,0,3,0.8,1.3,0.6,0,0,,0.8,1.3,0.6,0.6,0,0,,1,0.8,1.8,0,0,0,0.5,1,1.5,12,17,0.6,0,0,43.5,29.1,35.9,0,0,0,28.6,27.9,0,0,0,0.114,-3.6,-11.8,-15.5,0
2012/2013,58044000,63707436,473604,Memphis Grizzlies,15,MEM,Tennessee,West,Southwest,56,26,0.683,93.4,89.3,4.32,Dexter Pittman,C,24,854389,953667,7,0,2.9,0.1,0.9,0.167,0,0,,0.1,0.9,0.167,0.167,0,0.4,0,0.4,0.3,0.7,0,0,0,0.1,0.6,0.3,20,-7.7,0.137,0,0.5,17.4,12,14.8,0,0,0,12,19.2,-0.1,0,-0.1,-0.239,-13.4,-6,-19.4,-0.1
2012/2013,58044000,63707436,473604,Indiana Pacers,12,IND,Indiana,East,Central,49,32,0.605,94.7,90.7,3.34,Miles Plumlee,C,24,1073280,1197993,14,0,3.9,0.4,1.5,0.238,0,0,,0.4,1.5,0.238,0.238,0.2,0.3,0.75,0.9,0.7,1.6,0.1,0,0.2,0.2,0.4,0.9,55,8.8,0.286,0,0.19,24.8,19.9,22.3,5.7,0,4,11.6,21.4,-0.1,0.1,0,-0.015,-7.1,-0.6,-7.8,-0.1
2012/2013,58044000,63707436,473604,Memphis Grizzlies,15,MEM,Tennessee,West,Southwest,56,26,0.683,93.4,89.3,4.32,Quincy Pondexter,SF,24,1234320,1377746,59,1,21.1,2.2,5.1,0.428,1,2.6,0.395,1.2,2.5,0.463,0.528,1,1.3,0.787,0.7,1.5,2.2,1,0.6,0.1,0.7,1.6,6.4,1243,11,0.565,0.508,0.251,4,8.6,6.3,7.6,1.5,0.4,11.2,13.9,1.7,1.5,3.2,0.125,0.5,0.1,0.6,0.8
2012/2013,58044000,63707436,473604,Washington Wizards,30,WAS,Washington DC,East,Southeast,29,53,0.354,93.2,95.8,-2.78,AJ Price,PG,26,885120,987969,57,22,22.4,2.8,7.2,0.39,1.2,3.5,0.35,1.6,3.7,0.427,0.475,0.9,1.1,0.79,0.4,1.6,2,3.6,0.6,0.1,1.1,1.3,7.7,1278,12.4,0.501,0.484,0.15,1.7,8.2,4.9,26.4,1.3,0.2,12.7,18,1,1.2,2.2,0.084,-0.1,-1.7,-1.8,0.1
2012/2013,58044000,63707436,473604,Portland Trail Blazers,25,POR,Oregon,West,Northwest,33,49,0.402,97.5,100.7,-2.53,Ronnie Price,PG,29,1146337,1279539,39,0,13.1,1,3.1,0.325,0.3,1,0.256,0.7,2.1,0.358,0.367,0.4,0.6,0.708,0.3,0.8,1.1,1.9,0.7,0.1,0.9,1.6,2.7,510,6.8,0.402,0.325,0.2,2.9,7.2,5,21,2.7,0.4,20.7,14.8,-0.5,0.3,-0.2,-0.017,-4.1,-0.7,-4.8,-0.4
2012/2013,58044000,63707436,473604,New York Knicks,20,NYK,New York,East,Atlantic,54,28,0.659,100,95.7,3.73,Pablo Prigioni,PG,35,473604,528636,78,18,16.2,1.3,2.8,0.455,0.7,1.7,0.396,0.6,1.1,0.547,0.575,0.3,0.3,0.88,0.5,1.3,1.8,3,0.9,0,1.1,1.6,3.5,1263,13,0.595,0.609,0.114,3.7,9.8,6.6,27.5,2.9,0.1,27.1,11.7,2,1.3,3.2,0.123,0.7,-0.1,0.6,0.8
2012/2013,58044000,63707436,473604,#N/A,#N/A,TOT,#N/A,#N/A,#N/A,#N/A,#N/A,#N/A,#N/A,#N/A,#N/A,Tayshaun Prince,SF,32,6764045,7550016,82,81,32.1,4.4,10,0.438,0.5,1.1,0.404,3.9,8.9,0.442,0.461,1.2,1.6,0.738,0.9,3.6,4.4,2.4,0.6,0.3,1.1,1,10.4,2631,11.5,0.486,0.115,0.159,3.1,13.2,8.1,12.1,1,0.8,9.2,16.8,1.5,2.1,3.6,0.065,-1.6,0,-1.6,0.3
2012/2013,58044000,63707436,473604,Detroit Pistons,9,DET,Michigan,East,Central,29,53,0.354,94.9,98.8,-4.33,Tayshaun Prince,SF,32,6764045,7550016,45,45,32.4,4.8,10.8,0.444,0.5,1.2,0.434,4.3,9.6,0.445,0.468,1.6,2.1,0.796,1,3.7,4.6,2.5,0.5,0.3,1.2,1,11.7,1457,12.5,0.502,0.11,0.192,3.3,13.4,8.3,12.6,0.8,0.7,9.3,18.1,1.2,0.6,1.7,0.057,-1.2,-1,-2.2,-0.1
2012/2013,58044000,63707436,473604,Memphis Grizzlies,15,MEM,Tennessee,West,Southwest,56,26,0.683,93.4,89.3,4.32,Tayshaun Prince,SF,32,6764045,7550016,37,36,31.7,3.9,9.1,0.429,0.4,1.1,0.366,3.5,8,0.437,0.451,0.6,1,0.595,0.8,3.4,4.2,2.3,0.7,0.3,0.9,1.1,8.8,1174,10.2,0.461,0.122,0.11,2.9,12.9,7.8,11.6,1.2,0.8,9,15.2,0.3,1.6,1.8,0.075,-2.1,1.2,-0.9,0.3
2012/2013,58044000,63707436,473604,Milwaukee Bucks,17,MIL,Wisconsin,East,Central,38,44,0.463,98.9,100.4,-1.83,Joel Przybilla,C,33,1352181,1509302,12,1,5.7,0.1,0.3,0.25,0,0,,0.1,0.3,0.25,0.25,0,0.2,0,0.4,1.3,1.8,0.3,0.1,0.2,0.3,0.8,0.2,68,3.3,0.205,0,0.5,7.6,26.2,16.6,7.6,0.7,2.1,45,5.7,-0.1,0.1,0,-0.005,-8.2,2.6,-5.6,-0.1
2012/2013,58044000,63707436,473604,Cleveland Cavaliers,6,CLE,Ohio,East,Central,24,58,0.293,96.5,101.2,-4.87,Chris Quinn,SG,29,169339,189015,7,0,11.1,0.6,2.3,0.25,0,0.7,0,0.6,1.6,0.364,0.25,0.3,0.3,1,0.1,0.1,0.3,1.3,0.4,0,0.9,0.6,1.4,78,1.3,0.296,0.313,0.125,1.4,1.6,1.5,16.3,2,0,26.2,13.1,-0.2,0,-0.2,-0.124,-7.7,-3.1,-10.8,-0.2
2012/2013,58044000,63707436,473604,Chicago Bulls,5,CHI,Illinois,East,Central,45,37,0.549,93.2,92.9,-0.02,Vladimir Radmanovic,PF,32,1352181,1509302,25,0,5.8,0.5,1.7,0.302,0.2,1.1,0.185,0.3,0.6,0.5,0.36,0.1,0.1,0.667,0.4,0.7,1.1,0.3,0.3,0.2,0.3,1.2,1.3,144,6.3,0.372,0.628,0.07,7.9,14.5,11.2,8.6,3,2.1,13.6,16.4,-0.2,0.3,0.1,0.02,-3.5,1.3,-2.2,0
2012/2013,58044000,63707436,473604,Denver Nuggets,8,DEN,Colorado,West,Northwest,57,25,0.695,106.1,101.1,5.37,Anthony Randolph,PF,23,1674641,1869231,39,0,8.4,1.4,2.9,0.491,0,0.2,0,1.4,2.7,0.528,0.491,0.8,1.2,0.689,0.7,1.7,2.4,0.3,0.5,0.5,0.9,1.1,3.7,329,15.6,0.534,0.07,0.395,10.1,22.1,16.2,5.5,2.9,5,21.7,22.5,-0.1,0.6,0.5,0.073,-3.8,2.3,-1.5,0
2012/2013,58044000,63707436,473604,Boston Celtics,2,BOS,Massachusetts,East,Atlantic,41,40,0.506,96.5,96.7,-0.62,Shavlik Randolph,PF,29,280286,312854,16,0,12.4,1.8,3,0.583,0,0,,1.8,3,0.583,0.583,0.7,1.7,0.407,1.8,2.6,4.4,0.3,0.5,0.4,0.6,2.4,4.2,198,15.9,0.559,0,0.563,17.2,24.3,20.9,3.3,2.1,2.8,14.3,16.7,0.3,0.4,0.7,0.159,-2,0.4,-1.6,0
2012/2013,58044000,63707436,473604,Memphis Grizzlies,15,MEM,Tennessee,West,Southwest,56,26,0.683,93.4,89.3,4.32,Zach Randolph,PF,31,16500000,18417275,76,75,34.3,6.2,13.5,0.46,0,0.3,0.087,6.2,13.2,0.469,0.461,3,3.9,0.75,4.1,7.2,11.2,1.4,0.8,0.4,2,2.4,15.4,2607,17.9,0.506,0.022,0.293,13.8,25.1,19.3,7.3,1.3,1,11.5,23.1,3.2,4.7,7.9,0.145,-0.5,0.7,0.2,1.4
2012/2013,58044000,63707436,473604,#N/A,#N/A,TOT,#N/A,#N/A,#N/A,#N/A,#N/A,#N/A,#N/A,#N/A,#N/A,JJ Redick,SG,28,6000000,6697191,78,13,30.5,4.9,11.3,0.434,2.1,5.8,0.366,2.8,5.5,0.506,0.528,2.2,2.4,0.9,0.2,2,2.2,3.8,0.5,0.1,1.8,1.5,14.1,2379,14.7,0.571,0.513,0.216,0.8,7.3,4,20,0.8,0.3,12.5,20.8,4,0.5,4.5,0.091,2.1,-3.2,-1.1,0.6
2012/2013,58044000,63707436,473604,Orlando Magic,22,ORL,Florida,East,Southeast,20,62,0.244,94.1,101.1,-7.12,JJ Redick,SG,28,6000000,6697191,50,11,31.5,5.2,11.6,0.45,2.3,6,0.39,2.9,5.6,0.514,0.551,2.3,2.6,0.891,0.2,2.2,2.4,4.4,0.6,0.1,2.1,1.4,15.1,1575,16.1,0.592,0.515,0.222,0.6,7.9,4.3,22.7,1,0.2,14.1,21.5,3,0.2,3.2,0.097,2.9,-3.2,-0.3,0.7
2012/2013,58044000,63707436,473604,Milwaukee Bucks,17,MIL,Wisconsin,East,Central,38,44,0.463,98.9,100.4,-1.83,JJ Redick,SG,28,6000000,6697191,28,2,28.7,4.3,10.6,0.403,1.7,5.4,0.318,2.6,5.3,0.49,0.483,2,2.2,0.918,0.3,1.6,1.9,2.7,0.3,0.1,1.2,1.7,12.3,804,11.9,0.529,0.507,0.205,1,6.1,3.5,14.8,0.6,0.4,9.2,19.4,1,0.3,1.3,0.078,0.7,-3.2,-2.5,-0.1
2012/2013,58044000,63707436,473604,Philadelphia 76ers,23,PHI,Pennsylvania,East,Atlantic,34,48,0.415,93.2,96.5,-3.51,Jason Richardson,SG,32,5799625,6473532,33,33,28.4,4.1,10.2,0.402,1.7,5.1,0.341,2.4,5.1,0.462,0.487,0.6,1,0.606,0.6,3.3,3.8,1.5,1.2,0.5,0.8,1.7,10.5,936,12.6,0.495,0.497,0.098,2.2,13.4,7.7,8.6,2.3,1.2,6.9,18.5,0.3,1.1,1.4,0.07,-0.5,-0.1,-0.6,0.3
2012/2013,58044000,63707436,473604,New York Knicks,20,NYK,New York,East,Atlantic,54,28,0.659,100,95.7,3.73,Quentin Richardson,SF,32,2706940,3021481,1,0,29,1,11,0.091,1,4,0.25,0,7,0,0.136,2,2,1,5,5,10,1,0,0,2,1,5,29,0.7,0.21,0.364,0.182,19.5,20.9,20.2,4.8,0,0,14.4,22.4,-0.1,0,-0.1,-0.181,-9,-4.2,-13.2,-0.1
2012/2013,58044000,63707436,473604,Minnesota Timberwolves,18,MIN,Minnesota,West,Northwest,31,51,0.378,95.7,98.1,-1.83,Luke Ridnour,SG,31,4000000,4464794,82,82,30.2,4.5,9.9,0.453,0.8,2.6,0.311,3.7,7.3,0.503,0.493,1.7,2,0.848,0.5,2,2.5,3.8,1,0.2,1.6,2.3,11.5,2474,13,0.532,0.261,0.202,1.8,7.9,4.8,21,1.7,0.5,12.8,18.3,2.6,1.8,4.3,0.084,0.3,-0.7,-0.4,1
2012/2013,58044000,63707436,473604,New Orleans Hornets,19,NOH,Louisiana,West,Southwest,27,55,0.329,94.1,97.9,-3.12,Austin Rivers,SG,20,2238360,2498454,61,26,23.2,2.4,6.4,0.372,0.5,1.4,0.326,1.9,5,0.385,0.408,1,1.8,0.546,0.3,1.5,1.8,2.1,0.4,0.1,1.2,2,6.2,1418,5.9,0.431,0.221,0.277,1.3,8,4.6,13.9,1,0.5,14.5,16.8,-1.2,0.1,-1.1,-0.038,-3.6,-2,-5.6,-1.3
2012/2013,58044000,63707436,473604,New Orleans Hornets,19,NOH,Louisiana,West,Southwest,27,55,0.329,94.1,97.9,-3.12,Brian Roberts,PG,27,473604,528636,78,5,17,2.7,6.6,0.417,0.8,2,0.386,2,4.6,0.43,0.475,0.9,1,0.909,0.2,1,1.2,2.8,0.5,0,0.9,1.4,7.1,1324,14.6,0.509,0.299,0.151,1.5,7.3,4.4,28.2,1.5,0.2,11.5,21.6,2,0.2,2.2,0.078,1.1,-3.6,-2.5,-0.2
2012/2013,58044000,63707436,473604,Chicago Bulls,5,CHI,Illinois,East,Central,45,37,0.549,93.2,92.9,-0.02,Nate Robinson,PG,28,1146337,1279539,82,23,25.4,4.9,11.2,0.433,1.7,4.2,0.405,3.1,7,0.45,0.51,1.6,2.1,0.799,0.4,1.9,2.2,4.4,1,0.1,1.8,2.5,13.1,2086,17.4,0.54,0.378,0.183,1.6,8.6,5.1,31.4,2.2,0.4,12.6,25.1,3.5,2.4,5.9,0.136,3.3,-1.6,1.7,1.9
2012/2013,58044000,63707436,473604,#N/A,#N/A,TOT,#N/A,#N/A,#N/A,#N/A,#N/A,#N/A,#N/A,#N/A,#N/A,Thomas Robinson,PF,21,3374640,3766768,70,0,15.1,2,4.6,0.43,0,0,0,2,4.6,0.431,0.43,0.8,1.6,0.523,1.7,2.8,4.5,0.7,0.6,0.4,1.3,1.8,4.8,1056,10.9,0.451,0.003,0.34,13,21.3,17.1,6.7,2,1.9,19.3,19.1,-0.9,0.9,-0.1,-0.002,-4.4,-0.1,-4.5,-0.7
2012/2013,58044000,63707436,473604,Sacramento Kings,26,SAC,California,West,Pacific,28,54,0.341,100.2,105.1,-4.26,Thomas Robinson,PF,21,3374640,3766768,51,0,15.9,2,4.8,0.424,0,0,,2,4.8,0.424,0.424,0.8,1.4,0.577,1.8,2.9,4.7,0.7,0.5,0.4,1.3,1.9,4.8,809,10.6,0.45,0,0.292,12.7,21.3,16.9,6.8,1.6,2,19.2,18.6,-0.7,0.5,-0.2,-0.01,-4.3,-0.4,-4.8,-0.6
2012/2013,58044000,63707436,473604,Houston Rockets,11,HOU,Texas,West,Southwest,45,37,0.549,106,102.5,3.69,Thomas Robinson,PF,21,3374640,3766768,19,0,13,1.8,4.1,0.449,0,0.1,0,1.8,4.1,0.455,0.449,0.8,2,0.421,1.6,2.5,4.1,0.5,0.8,0.3,1.2,1.5,4.5,247,12,0.454,0.013,0.487,13.9,21.3,17.7,6.2,3.2,1.5,19.5,20.8,-0.3,0.4,0.1,0.024,-4.6,1.2,-3.4,-0.1
2012/2013,58044000,63707436,473604,Boston Celtics,2,BOS,Massachusetts,East,Atlantic,41,40,0.506,96.5,96.7,-0.62,Rajon Rondo,PG,26,11000000,12278183,38,38,37.4,5.9,12.2,0.484,0.3,1.3,0.24,5.6,10.9,0.513,0.497,1.6,2.4,0.645,1.1,4.4,5.6,11.1,1.8,0.2,3.9,2.5,13.7,1423,18.1,0.516,0.108,0.2,3.7,13.6,8.8,49.3,2.6,0.5,22.6,21.7,1.2,2,3.2,0.108,1.1,0.7,1.8,1.3
2012/2013,58044000,63707436,473604,Toronto Raptors,28,TOR,Ontario,East,Atlantic,34,48,0.415,97.2,98.7,-1.96,Terrence Ross,SG,21,2563320,2861173,73,2,17,2.5,6.3,0.407,0.9,2.7,0.332,1.7,3.6,0.464,0.478,0.4,0.6,0.714,0.5,1.5,2,0.7,0.6,0.2,0.7,1.7,6.4,1239,10.4,0.491,0.429,0.092,3.3,10.6,6.9,7.2,1.8,0.9,9.2,19.6,0,0.8,0.9,0.034,-1.3,-1.7,-2.9,-0.3
2012/2013,58044000,63707436,473604,Minnesota Timberwolves,18,MIN,Minnesota,West,Northwest,31,51,0.378,95.7,98.1,-1.83,Brandon Roy,SG,28,21459805,23953401,5,5,24.4,2.2,7,0.314,0,1.8,0,2.2,5.2,0.423,0.314,1.4,2,0.7,0.6,2.2,2.8,4.6,0.6,0,1.4,1,5.8,122,8.3,0.368,0.257,0.286,2.7,10.6,6.6,28.8,1.3,0,15.1,17,-0.1,0.1,0,-0.017,-3.9,-1.5,-5.5,-0.1
2012/2013,58044000,63707436,473604,Minnesota Timberwolves,18,MIN,Minnesota,West,Northwest,31,51,0.378,95.7,98.1,-1.83,Ricky Rubio,PG,22,3741120,4175832,57,47,29.7,3.2,9,0.36,0.5,1.6,0.293,2.8,7.4,0.374,0.386,3.7,4.6,0.799,0.8,3.2,4,7.3,2.4,0.1,3,2.5,10.7,1691,16.2,0.482,0.179,0.514,2.9,12.9,7.7,38.8,4.2,0.2,21.4,21.2,0.4,2.6,3,0.085,0,1.8,1.8,1.6
2012/2013,58044000,63707436,473604,Golden State Warriors,10,GSW,California,West,Pacific,47,35,0.573,101.2,100.3,1.32,Brandon Rush,SF,27,4000000,4464794,2,0,12.5,3,4.5,0.667,0,1,0,3,3.5,0.857,0.667,1,1.5,0.667,0,0.5,0.5,1,0,0,1.5,2.5,7,25,11.9,0.678,0.222,0.333,0,4.3,2.2,14.5,0,0,22.5,23.9,0,0,0,0.051,-1.8,-5.3,-7.1,0
2012/2013,58044000,63707436,473604,Los Angeles Lakers,14,LAL,California,West,Pacific,45,37,0.549,102.2,101,1.48,Robert Sacre,C,23,473604,528636,32,3,6.3,0.6,1.5,0.375,0,0,,0.6,1.5,0.375,0.375,0.2,0.3,0.636,0.3,0.8,1.1,0.2,0,0.3,0.3,1.2,1.3,203,3.4,0.407,0,0.229,5,13.2,9.2,4.3,0,3.6,15.9,13.8,-0.2,0.1,-0.1,-0.024,-7.3,-0.2,-7.5,-0.3
2012/2013,58044000,63707436,473604,Sacramento Kings,26,SAC,California,West,Pacific,28,54,0.341,100.2,105.1,-4.26,John Salmons,SF,33,8080000,9018883,76,72,30,3.2,8.1,0.399,1.3,3.5,0.371,1.9,4.5,0.42,0.48,1.1,1.4,0.773,0.4,2.3,2.7,3,0.7,0.3,1.1,1.9,8.8,2278,10.2,0.509,0.436,0.18,1.6,9,5.2,14.8,1.1,0.9,11.4,14.5,1.8,-0.1,1.6,0.034,-0.2,-1.7,-1.8,0.1
2012/2013,58044000,63707436,473604,Cleveland Cavaliers,6,CLE,Ohio,East,Central,24,58,0.293,96.5,101.2,-4.87,Samardo Samuels,C,24,346781,387076,18,1,10.9,1.2,3.3,0.367,0,0.1,0,1.2,3.3,0.373,0.367,0.8,1.3,0.583,0.6,1,1.6,0.4,0.2,0.2,0.3,1.7,3.2,196,6.2,0.411,0.017,0.4,5.6,11.2,8.3,6.3,0.8,1.2,7.8,17.4,-0.1,0,-0.1,-0.016,-5.3,-2.5,-7.7,-0.3
2012/2013,58044000,63707436,473604,Milwaukee Bucks,17,MIL,Wisconsin,East,Central,38,44,0.463,98.9,100.4,-1.83,Larry Sanders,C,24,1991760,2223199,71,55,27.3,4.3,8.5,0.506,0,0,0,4.3,8.5,0.507,0.506,1.2,1.9,0.618,3.2,6.3,9.5,1.2,0.7,2.8,1.2,3.3,9.8,1937,18.7,0.523,0.003,0.225,12,25.8,18.6,6.8,1.4,7.6,11.6,16.9,2.3,3.7,6,0.149,-1.8,4.3,2.5,2.2
2012/2013,58044000,63707436,473604,Phoenix Suns,24,PHO,Arizona,West,Pacific,25,57,0.305,95.2,101.6,-5.75,Luis Scola,PF,32,4500000,5022893,82,67,26.6,5.3,11.2,0.472,0,0.2,0.188,5.2,11,0.477,0.474,2.2,2.8,0.787,1.9,4.7,6.6,2.2,0.8,0.4,1.5,3.1,12.8,2184,16.7,0.516,0.017,0.251,8.1,20.4,14.1,14.5,1.6,1.2,11,23.3,2.4,1.9,4.4,0.096,-0.3,0.2,-0.1,1.1
2012/2013,58044000,63707436,473604,Atlanta Hawks,1,ATL,Georgia,East,Southeast,44,38,0.537,98,97.5,-0.08,Mike Scott,PF,24,473604,528636,40,1,9.4,1.8,3.7,0.476,0,0,0,1.8,3.7,0.479,0.476,1.1,1.4,0.768,1,1.8,2.8,0.3,0.1,0.1,0.5,0.8,4.6,376,16.3,0.533,0.007,0.381,12.1,21.3,16.7,5.4,0.6,0.4,10.9,23.7,0.5,0.4,0.9,0.11,-3.2,-3.2,-6.4,-0.4
2012/2013,58044000,63707436,473604,Oklahoma City Thunder,21,OKC,Oklahoma,West,Northwest,60,22,0.732,105.7,96.5,9.15,Thabo Sefolosha,SG,28,3600000,4018314,81,81,27.5,2.8,5.8,0.481,1.3,3.2,0.419,1.4,2.6,0.558,0.597,0.7,0.9,0.826,0.7,3.2,3.9,1.5,1.3,0.5,0.8,2.2,7.6,2229,12.8,0.617,0.554,0.148,3.2,12.4,8.2,8.2,2.4,1.5,11.4,11.4,3.6,3.1,6.8,0.146,1.9,1.6,3.5,3.1
2012/2013,58044000,63707436,473604,Memphis Grizzlies,15,MEM,Tennessee,West,Southwest,56,26,0.683,93.4,89.3,4.32,Josh Selby,PG,21,762195,850760,10,0,5.9,0.6,2.2,0.273,0.1,0.6,0.167,0.5,1.6,0.313,0.295,0.7,1.1,0.636,0,0.5,0.5,0.4,0.2,0,0.7,0.7,2,59,0.1,0.373,0.273,0.5,0,10.2,5,10.5,1.8,0,20.7,26.4,-0.3,0.1,-0.2,-0.143,-9.4,-2.2,-11.6,-0.1
2012/2013,58044000,63707436,473604,Washington Wizards,30,WAS,Washington DC,East,Southeast,29,53,0.354,93.2,95.8,-2.78,Kevin Seraphin,C,23,1797600,2006478,79,8,21.8,4.2,9.1,0.461,0,0,,4.2,9.1,0.461,0.461,0.8,1.1,0.693,1.4,3,4.4,0.7,0.3,0.7,1.6,2.7,9.1,1721,10.3,0.478,0,0.123,6.8,15.5,11.1,6.1,0.7,2.7,14.7,23.5,-2.1,2.2,0.1,0.004,-5.6,-0.1,-5.7,-1.6
2012/2013,58044000,63707436,473604,Charlotte Bobcats,4,CHA,North Carolina,East,Southeast,21,61,0.256,93.4,102.7,-9.29,Ramon Sessions,SG,26,5000000,5580992,61,0,27.1,4.5,11.1,0.408,0.5,1.8,0.308,4,9.3,0.427,0.433,4.8,5.7,0.839,0.4,2.3,2.8,3.8,0.8,0.1,1.7,1.5,14.4,1652,17.7,0.529,0.158,0.513,1.8,10.1,5.9,25.5,1.5,0.3,11.2,25.7,2.9,0,2.9,0.084,1.4,-3.5,-2.1,0
2012/2013,58044000,63707436,473604,Brooklyn Nets,3,BRK,New York,East,Atlantic,49,33,0.598,96.9,95.1,1.25,Tornike Shengelia,SF,21,473604,528636,19,0,4.9,0.5,1.2,0.435,0.1,0.1,0.5,0.5,1.1,0.429,0.457,0.5,0.8,0.563,0.5,0.7,1.2,0.2,0.2,0.1,0.6,0.6,1.6,93,8.5,0.499,0.087,0.696,11.4,17.9,14.6,5.1,1.7,0.8,26.8,20.3,-0.1,0.1,0,-0.017,-5.5,-0.9,-6.4,-0.1
2012/2013,58044000,63707436,473604,New York Knicks,20,NYK,New York,East,Atlantic,54,28,0.659,100,95.7,3.73,Iman Shumpert,SG,22,1680360,1875615,45,45,22.1,2.4,6.1,0.396,1.1,2.8,0.402,1.3,3.3,0.392,0.489,0.8,1,0.766,0.7,2.3,3,1.7,1,0.2,0.8,2.2,6.8,996,11.7,0.516,0.462,0.171,3.5,12.8,8,11.6,2.3,0.6,11.1,15.6,1,1,1.9,0.094,0.2,0.4,0.6,0.7
2012/2013,58044000,63707436,473604,Minnesota Timberwolves,18,MIN,Minnesota,West,Northwest,31,51,0.378,95.7,98.1,-1.83,Alexey Shved,SG,24,3017943,3368623,77,16,23.9,3.1,8.2,0.372,1.1,3.7,0.295,2,4.5,0.435,0.439,1.4,1.9,0.72,0.5,1.7,2.3,3.7,0.7,0.4,1.9,1.5,8.6,1840,11,0.474,0.454,0.236,2.5,8.6,5.4,25.2,1.5,1.1,17.3,20.6,-0.6,1.4,0.8,0.02,-1,-1.1,-2.1,-0.1
2012/2013,58044000,63707436,473604,New Orleans Hornets,19,NOH,Louisiana,West,Southwest,27,55,0.329,94.1,97.9,-3.12,Henry Sims,C,22,25073,27986,2,0,2.5,1,1.5,0.667,0,0,,1,1.5,0.667,0.667,0,0,,1,0,1,0,0,0,0.5,0.5,2,5,29.2,0.667,0,0,46.8,0,23.8,0,0,0,25,37.2,0,0,0,0.061,4.1,-13.2,-9.1,0
2012/2013,58044000,63707436,473604,Detroit Pistons,9,DET,Michigan,East,Central,29,53,0.354,94.9,98.8,-4.33,Kyle Singler,SF,24,1000000,1116198,82,74,28,3.4,7.8,0.428,0.9,2.4,0.35,2.5,5.4,0.464,0.483,1.2,1.5,0.806,1.3,2.7,4,0.9,0.7,0.5,1.2,2.6,8.8,2293,10,0.517,0.312,0.193,5.4,11.3,8.3,5.3,1.3,1.3,12.3,15.8,1.1,1.2,2.3,0.048,-1.2,-0.7,-1.9,0.1
2012/2013,58044000,63707436,473604,Washington Wizards,30,WAS,Washington DC,East,Southeast,29,53,0.354,93.2,95.8,-2.78,Chris Singleton,PF,23,1596360,1781854,57,11,16.2,1.6,4.2,0.382,0.1,0.6,0.194,1.5,3.6,0.415,0.396,0.7,1.2,0.571,0.9,2.3,3.2,0.6,0.7,0.4,0.8,2.2,4.1,924,7.8,0.425,0.149,0.29,6.1,16.1,11,6.3,2.1,2.1,14.2,15.7,-1,1.5,0.5,0.028,-5.2,1.9,-3.3,-0.3
2012/2013,58044000,63707436,473604,#N/A,#N/A,TOT,#N/A,#N/A,#N/A,#N/A,#N/A,#N/A,#N/A,#N/A,#N/A,Donald Sloan,SG-PG,25,300395,335299,23,0,11.4,1.2,3.4,0.346,0.3,0.8,0.368,0.9,2.6,0.339,0.391,0.9,1.1,0.8,0.1,1.1,1.2,1.7,0.2,0,0.6,0.7,3.5,263,9.6,0.455,0.244,0.321,1.3,11.5,6.2,22,1,0,13.6,17.5,0,0,0.1,0.017,-3.1,-3.2,-6.3,-0.3
2012/2013,58044000,63707436,473604,Cleveland Cavaliers,6,CLE,Ohio,East,Central,24,58,0.293,96.5,101.2,-4.87,Donald Sloan,SG,25,300395,335299,20,0,12.9,1.4,3.9,0.346,0.4,1,0.368,1,3,0.339,0.391,1,1.3,0.8,0.2,1.3,1.4,1.9,0.3,0,0.7,0.9,4.1,257,9.9,0.455,0.244,0.321,1.3,11.8,6.3,22,1,0,12.7,17.7,0.1,0,0.1,0.022,-2.9,-3.1,-6,-0.3
2012/2013,58044000,63707436,473604,New Orleans Hornets,19,NOH,Louisiana,West,Southwest,27,55,0.329,94.1,97.9,-3.12,Donald Sloan,PG,25,300395,335299,3,0,2,0,0,,0,0,,0,0,,,0,0,,0,0,0,0.3,0,0,0.3,0,0,6,-3.3,,,,0,0,0,22.3,0,0,100,7.8,0,0,0,-0.212,-13.6,-6.4,-20,0
2012/2013,58044000,63707436,473604,Houston Rockets,11,HOU,Texas,West,Southwest,45,37,0.549,106,102.5,3.69,Greg Smith,C,22,762195,850760,70,10,15.9,2.4,3.9,0.62,0,0,0,2.4,3.9,0.623,0.62,1.2,1.9,0.623,1.6,3,4.6,0.4,0.3,0.6,0.6,2.5,6,1110,16.1,0.636,0.004,0.474,11.5,21.2,16.4,3.5,0.8,2.7,11,14.7,2.8,1.2,4,0.172,-0.4,-0.1,-0.5,0.4
2012/2013,58044000,63707436,473604,#N/A,#N/A,TOT,#N/A,#N/A,#N/A,#N/A,#N/A,#N/A,#N/A,#N/A,#N/A,Ishmael Smith,PG,24,985000,1099455,52,3,9.9,1.1,3.1,0.352,0.2,0.5,0.296,0.9,2.5,0.364,0.377,0.1,0.1,0.429,0.2,0.9,1.2,1.7,0.4,0.2,0.7,0.5,2.4,516,8.5,0.379,0.17,0.044,2.6,10.7,6.6,25,2.1,1.3,18.6,17.4,-0.8,0.4,-0.4,-0.04,-5.4,-0.8,-6.2,-0.5
2012/2013,58044000,63707436,473604,Orlando Magic,22,ORL,Florida,East,Southeast,20,62,0.244,94.1,101.1,-7.12,Ishmael Smith,PG,24,985000,1099455,36,3,10.5,1.1,3.2,0.336,0.1,0.5,0.235,1,2.8,0.354,0.353,0.1,0.2,0.429,0.3,1,1.3,1.6,0.4,0.2,0.8,0.4,2.4,378,7.2,0.357,0.147,0.06,3.3,10.5,6.9,22.2,1.8,1.2,18.5,17.6,-0.8,0.2,-0.6,-0.073,-6.1,-0.8,-7,-0.5
2012/2013,58044000,63707436,473604,Milwaukee Bucks,17,MIL,Wisconsin,East,Central,38,44,0.463,98.9,100.4,-1.83,Ishmael Smith,PG,24,985000,1099455,16,0,8.6,1.1,2.7,0.395,0.3,0.6,0.4,0.8,2.1,0.394,0.442,0,0,,0.1,0.9,0.9,1.9,0.5,0.2,0.6,0.8,2.4,138,12.1,0.442,0.233,0,0.8,11.3,5.8,32.7,2.9,1.6,18.9,16.7,0,0.2,0.1,0.049,-3.5,-0.5,-4,-0.1
2012/2013,58044000,63707436,473604,New York Knicks,20,NYK,New York,East,Atlantic,54,28,0.659,100,95.7,3.73,JR Smith,SG,27,2806452,3132557,80,0,33.5,6.6,15.6,0.422,1.9,5.5,0.356,4.7,10.2,0.458,0.484,3,3.9,0.762,0.8,4.5,5.3,2.7,1.3,0.3,1.7,2.8,18.1,2678,17.6,0.522,0.349,0.249,2.7,16.3,9.3,14.5,2,0.8,8.8,26.5,4,2.7,6.7,0.12,1.8,-0.5,1.3,2.2
2012/2013,58044000,63707436,473604,New Orleans Hornets,19,NOH,Louisiana,West,Southwest,27,55,0.329,94.1,97.9,-3.12,Jason Smith,C,26,2500000,2790496,51,0,17.2,3.3,6.7,0.49,0,0.1,0,3.3,6.6,0.496,0.49,1.7,2,0.843,1.3,2.4,3.6,0.7,0.3,0.9,1.1,2.4,8.2,876,16.8,0.544,0.012,0.299,8.6,16.9,12.7,7,0.9,4.3,12.5,23.4,1.1,0.6,1.7,0.095,-1.5,-0.6,-2.1,0
2012/2013,58044000,63707436,473604,Atlanta Hawks,1,ATL,Georgia,East,Southeast,44,38,0.537,98,97.5,-0.08,Josh Smith,PF,27,13200000,14733820,76,76,35.3,7.2,15.6,0.465,0.8,2.6,0.303,6.4,12.9,0.498,0.491,2.2,4.2,0.517,1.8,6.7,8.4,4.2,1.2,1.8,3,2.3,17.5,2683,17.7,0.501,0.17,0.272,5.8,21.3,13.6,20.9,1.8,3.9,14.6,26.7,-0.3,4.5,4.2,0.075,-1,3.2,2.1,2.8
2012/2013,58044000,63707436,473604,Portland Trail Blazers,25,POR,Oregon,West,Northwest,33,49,0.402,97.5,100.7,-2.53,Nolan Smith,PG,24,1404960,1568214,40,0,7.2,1.1,2.9,0.368,0.2,0.7,0.214,0.9,2.2,0.419,0.395,0.5,0.7,0.714,0.2,0.5,0.7,0.9,0.2,0,0.7,0.7,2.8,288,7.1,0.435,0.246,0.246,2.8,8.2,5.5,19.9,1.3,0.3,18.7,24.7,-0.6,0.1,-0.5,-0.082,-5.3,-3.3,-8.6,-0.5
2012/2013,58044000,63707436,473604,#N/A,#N/A,TOT,#N/A,#N/A,#N/A,#N/A,#N/A,#N/A,#N/A,#N/A,#N/A,Marreese Speights,C,25,4200000,4688033,79,3,16.5,3.3,7.4,0.445,0,0.1,0.3,3.3,7.3,0.448,0.448,1.7,2.2,0.771,1.8,3,4.9,0.6,0.3,0.7,1,2.2,8.3,1300,17.3,0.498,0.017,0.3,12.7,22.3,17.4,6.5,1,3.3,10.8,25.8,1.1,1.7,2.8,0.104,-2.4,-1.1,-3.5,-0.5
2012/2013,58044000,63707436,473604,Memphis Grizzlies,15,MEM,Tennessee,West,Southwest,56,26,0.683,93.4,89.3,4.32,Marreese Speights,C,25,4200000,4688033,40,2,14.5,2.7,6.2,0.429,0.1,0.1,0.4,2.6,6.1,0.43,0.433,1.2,1.7,0.716,1.9,2.8,4.7,0.5,0.3,0.7,0.9,2.2,6.6,579,16.1,0.474,0.02,0.271,15.2,23.5,19.3,5.5,0.9,3.8,11.2,24.8,0.3,1.1,1.4,0.116,-3.1,-0.1,-3.2,-0.2
2012/2013,58044000,63707436,473604,Cleveland Cavaliers,6,CLE,Ohio,East,Central,24,58,0.293,96.5,101.2,-4.87,Marreese Speights,C,25,4200000,4688033,39,1,18.5,3.9,8.6,0.457,0,0.1,0.2,3.9,8.5,0.461,0.458,2.2,2.8,0.806,1.8,3.3,5.1,0.7,0.4,0.7,1.2,2.3,10.2,721,18.2,0.515,0.015,0.32,10.7,21.4,15.8,7.4,1,2.9,10.5,26.6,0.9,0.6,1.4,0.094,-1.9,-2,-3.8,-0.3
2012/2013,58044000,63707436,473604,San Antonio Spurs,27,SAS,Texas,West,Southwest,58,24,0.707,103,96.6,6.67,Tiago Splitter,PF,28,3944000,4402286,81,58,24.7,3.9,7,0.56,0,0,0,3.9,6.9,0.561,0.56,2.6,3.5,0.73,1.8,4.6,6.4,1.6,0.8,0.8,1.2,2,10.3,1997,18.7,0.609,0.004,0.506,8.8,20.3,14.9,10,1.6,2.3,12.7,18.2,4.7,3.5,8.2,0.197,0.6,2.4,2.9,2.5
2012/2013,58044000,63707436,473604,Brooklyn Nets,3,BRK,New York,East,Atlantic,49,33,0.598,96.9,95.1,1.25,Jerry Stackhouse,SF,38,1352181,1509302,37,0,14.7,1.8,4.6,0.384,0.8,2.4,0.337,1,2.2,0.434,0.471,0.5,0.6,0.87,0.1,0.8,0.9,0.9,0.2,0.1,0.6,0.8,4.9,544,8.5,0.5,0.517,0.134,1.1,6.1,3.6,10.4,0.7,0.6,11.6,17.5,0.2,0.2,0.4,0.037,-1.4,-2.7,-4.1,-0.3
2012/2013,58044000,63707436,473604,Indiana Pacers,12,IND,Indiana,East,Central,49,32,0.605,94.7,90.7,3.34,Lance Stephenson,SG,22,915243,1021592,78,72,29.2,3.5,7.7,0.46,0.8,2.4,0.33,2.7,5.3,0.52,0.512,1,1.5,0.652,0.6,3.3,3.9,2.9,1,0.2,1.4,2.1,8.8,2278,11.8,0.53,0.314,0.192,2.3,12.3,7.4,16.2,1.9,0.5,14.4,15.2,1.8,3.6,5.5,0.115,-0.6,1.6,0.9,1.7
2012/2013,58044000,63707436,473604,Atlanta Hawks,1,ATL,Georgia,East,Southeast,44,38,0.537,98,97.5,-0.08,DeShawn Stevenson,SG,31,2240450,2500786,56,31,20.7,1.8,4.7,0.374,1.4,3.7,0.364,0.4,0.9,0.415,0.519,0.2,0.4,0.522,0.3,1.9,2.2,0.9,0.5,0.1,0.4,1.2,5.1,1158,8.1,0.522,0.798,0.088,1.8,10.1,6,6.5,1.3,0.4,7.8,11.8,0.5,0.9,1.5,0.061,-0.9,-0.6,-1.5,0.1
2012/2013,58044000,63707436,473604,Minnesota Timberwolves,18,MIN,Minnesota,West,Northwest,31,51,0.378,95.7,98.1,-1.83,Greg Stiemsma,C,27,2575000,2874211,76,19,15.9,1.7,3.7,0.457,0,0,,1.7,3.7,0.457,0.457,0.7,0.9,0.768,0.8,2.6,3.4,0.4,0.6,1.2,0.8,2.4,4,1209,10.5,0.498,0,0.248,5.6,19.5,12.3,3.9,1.9,5.8,16.1,13.6,-0.3,2,1.7,0.069,-5.1,3.7,-1.4,0.2
2012/2013,58044000,63707436,473604,Denver Nuggets,8,DEN,Colorado,West,Northwest,57,25,0.695,106.1,101.1,5.37,Julyan Stone,PG,24,762195,850760,4,0,7,0.5,0.5,1,0,0,,0.5,0.5,1,1,0.8,1,0.75,0.5,0.3,0.8,0.5,0.3,0,0.5,1,1.8,28,11.4,0.931,0,2,8.2,3.9,6,9.3,1.8,0,34.7,8.9,0.1,0,0.1,0.128,1.4,-0.7,0.7,0
2012/2013,58044000,63707436,473604,New York Knicks,20,NYK,New York,East,Atlantic,54,28,0.659,100,95.7,3.73,Amare Stoudemire,PF,30,19948799,22266819,29,0,23.5,5.3,9.2,0.577,0,0,,5.3,9.2,0.577,0.577,3.6,4.5,0.808,2.1,2.9,5,0.4,0.3,0.7,1.7,3.1,14.2,682,22.1,0.637,0,0.487,10,15.1,12.4,3.6,0.8,2.7,13.4,25.7,2.1,0.6,2.7,0.191,0.6,-2,-1.4,0.1
2012/2013,58044000,63707436,473604,Detroit Pistons,9,DET,Michigan,East,Central,29,53,0.354,94.9,98.8,-4.33,Rodney Stuckey,SG,26,8500000,9487687,76,24,28.6,4,9.8,0.406,0.7,2.4,0.302,3.3,7.4,0.44,0.443,2.8,3.6,0.783,0.6,2.2,2.8,3.6,0.7,0.2,1.8,1.7,11.5,2171,13,0.505,0.243,0.364,2.2,9.1,5.6,20.3,1.2,0.6,13.4,21,1.7,0.8,2.5,0.055,-0.5,-2,-2.5,-0.3
2012/2013,58044000,63707436,473604,Boston Celtics,2,BOS,Massachusetts,East,Atlantic,41,40,0.506,96.5,96.7,-0.62,Jared Sullinger,PF,20,1306920,1458782,45,5,19.8,2.5,5,0.493,0,0.1,0.2,2.4,4.9,0.5,0.496,1,1.4,0.746,2,3.8,5.9,0.8,0.5,0.5,0.6,3.4,6,892,13.5,0.534,0.022,0.28,12.6,22.1,17.5,6.2,1.3,1.9,10.3,14.9,1.3,1.4,2.7,0.146,-1.6,0.9,-0.6,0.3
2012/2013,58044000,63707436,473604,Los Angeles Clippers,13,LAC,California,West,Pacific,56,26,0.683,101.1,94.6,6.43,DaJuan Summers,PF,25,177024,197593,2,0,3.5,0.5,2,0.25,0,0,,0.5,2,0.25,0.25,0,0,,0,1,1,0.5,0,0,0,0,1,7,4.3,0.25,0,0,0,33.5,17,21.7,0,0,0,26.1,0,0,0,-0.124,-10.8,-1.9,-12.6,0
2012/2013,58044000,63707436,473604,Charlotte Bobcats,4,CHA,North Carolina,East,Southeast,21,61,0.256,93.4,102.7,-9.29,Jeffery Taylor,SF,23,550000,613909,77,29,19.6,2.2,5.2,0.431,0.7,2,0.344,1.5,3.2,0.486,0.497,1,1.3,0.728,0.7,1.3,1.9,0.8,0.6,0.2,0.6,1.8,6.1,1507,10.3,0.531,0.386,0.258,3.8,7.7,5.7,7,1.6,0.8,9.7,14.9,1.2,0,1.2,0.039,-0.9,-2.4,-3.3,-0.5
2012/2013,58044000,63707436,473604,Brooklyn Nets,3,BRK,New York,East,Atlantic,49,33,0.598,96.9,95.1,1.25,Tyshawn Taylor,PG,22,473604,528636,38,0,5.8,0.8,2.3,0.368,0.2,0.3,0.462,0.7,1.9,0.351,0.402,0.4,0.7,0.556,0.1,0.4,0.5,0.6,0.3,0,0.7,0.7,2.2,221,6.2,0.43,0.149,0.31,1.1,8.6,4.8,15.9,3.2,0,20.2,25.8,-0.6,0.2,-0.4,-0.077,-6.3,-1.4,-7.7,-0.3
2012/2013,58044000,63707436,473604,Atlanta Hawks,1,ATL,Georgia,East,Southeast,44,38,0.537,98,97.5,-0.08,Jeff Teague,PG,24,2433076,2715795,80,78,32.9,5.5,12.2,0.451,1.1,3.1,0.359,4.4,9.1,0.482,0.496,2.5,2.8,0.881,0.3,1.9,2.3,7.2,1.5,0.4,2.9,2.3,14.6,2628,16.8,0.543,0.255,0.232,1.1,6.7,3.9,36.1,2.3,0.8,17.6,23,3.5,2.6,6.1,0.111,0.8,-1.5,-0.7,0.8
2012/2013,58044000,63707436,473604,Chicago Bulls,5,CHI,Illinois,East,Central,45,37,0.549,93.2,92.9,-0.02,Marquis Teague,PG,19,857000,956582,48,0,8.2,0.9,2.4,0.381,0.1,0.5,0.174,0.8,1.9,0.433,0.398,0.2,0.3,0.563,0.1,0.9,0.9,1.3,0.2,0.1,0.7,1,2.1,392,6,0.412,0.204,0.142,0.9,12.1,6.4,25.6,1.2,1.3,22.6,18.2,-0.7,0.4,-0.3,-0.031,-6.3,-1,-7.3,-0.5
2012/2013,58044000,63707436,473604,Brooklyn Nets,3,BRK,New York,East,Atlantic,49,33,0.598,96.9,95.1,1.25,Mirza Teletovic,PF,27,3090000,3449053,53,0,9.4,1.3,3.5,0.384,0.7,2,0.343,0.6,1.5,0.442,0.484,0.2,0.2,0.818,0.6,1.2,1.8,0.4,0.2,0.2,0.4,1,3.5,499,12.3,0.495,0.584,0.059,7.8,14.8,11.2,7.7,1.4,1.2,9.5,19.4,0.5,0.5,0.9,0.087,0.4,-1.6,-1.1,0.1
2012/2013,58044000,63707436,473604,#N/A,#N/A,TOT,#N/A,#N/A,#N/A,#N/A,#N/A,#N/A,#N/A,#N/A,#N/A,Sebastian Telfair,PG,27,1567500,1749641,59,2,16.6,1.9,5.2,0.362,0.9,2.5,0.353,1,2.7,0.371,0.448,0.9,1.2,0.783,0.2,1.2,1.4,2.6,0.6,0.2,1.1,1.8,5.6,980,10.9,0.488,0.485,0.223,1.5,8.5,4.9,23.9,2,0.8,15.9,18.5,0.3,0.5,0.8,0.039,-1,-2,-3,-0.2
2012/2013,58044000,63707436,473604,Phoenix Suns,24,PHO,Arizona,West,Pacific,25,57,0.305,95.2,101.6,-5.75,Sebastian Telfair,PG,27,1567500,1749641,46,2,17.3,2,5.4,0.381,0.9,2.5,0.381,1.1,2.9,0.381,0.468,1,1.2,0.772,0.3,1.2,1.5,2.5,0.6,0.2,1.2,1.8,6,795,10.9,0.505,0.457,0.231,1.7,8.2,4.9,21.9,1.8,0.9,16.3,18.2,0.3,0.4,0.7,0.042,-1,-1.9,-2.9,-0.2
2012/2013,58044000,63707436,473604,Toronto Raptors,28,TOR,Ontario,East,Atlantic,34,48,0.415,97.2,98.7,-1.96,Sebastian Telfair,PG,27,1567500,1749641,13,0,14.2,1.4,4.8,0.29,0.8,2.8,0.27,0.6,1.9,0.32,0.371,0.8,0.9,0.833,0.1,1.2,1.2,3,0.7,0.1,0.8,1.5,4.3,185,10.7,0.416,0.597,0.194,0.6,9.8,5.1,32.5,2.6,0.4,14.1,19.6,0,0.1,0.1,0.029,-1,-2.3,-3.3,-0.1
2012/2013,58044000,63707436,473604,Washington Wizards,30,WAS,Washington DC,East,Southeast,29,53,0.354,93.2,95.8,-2.78,Garrett Temple,SG,26,572943,639518,51,36,22.7,2.1,5.1,0.407,0.5,1.6,0.325,1.5,3.5,0.444,0.457,0.5,0.7,0.703,0.6,1.8,2.4,2.3,1,0.3,1.2,1.8,5.1,1156,8.8,0.478,0.31,0.143,2.8,9.1,5.9,15.5,2.3,1.2,18.2,13.2,-0.3,1.5,1.2,0.049,-2.9,1.7,-1.2,0.2
2012/2013,58044000,63707436,473604,Boston Celtics,2,BOS,Massachusetts,East,Atlantic,41,40,0.506,96.5,96.7,-0.62,Jason Terry,SG,35,5000000,5580992,79,24,26.9,3.6,8.2,0.434,1.6,4.2,0.372,2,4,0.498,0.529,1.4,1.7,0.87,0.2,1.8,2,2.5,0.8,0.1,1.3,1.4,10.1,2124,12.8,0.566,0.511,0.202,1.1,7.6,4.4,14.9,1.6,0.4,12.6,18,2.1,1.9,4,0.091,0.7,-1.3,-0.6,0.7
2012/2013,58044000,63707436,473604,Oklahoma City Thunder,21,OKC,Oklahoma,West,Northwest,60,22,0.732,105.7,96.5,9.15,Hasheem Thabeet,C,25,885120,987969,66,4,11.7,1,1.6,0.604,0,0,,1,1.6,0.604,0.604,0.5,0.8,0.604,1,1.9,3,0.2,0.5,0.9,0.6,2.2,2.4,770,11.6,0.619,0,0.5,11.1,17.5,14.5,2,2,5.9,24.1,10.1,0.7,1.5,2.2,0.134,-2.1,3,0.8,0.5
2012/2013,58044000,63707436,473604,Sacramento Kings,26,SAC,California,West,Pacific,28,54,0.341,100.2,105.1,-4.26,Isaiah Thomas,PG,23,762195,850760,79,62,26.9,4.6,10.5,0.44,1.5,4.1,0.358,3.2,6.5,0.491,0.509,3.2,3.6,0.882,0.4,1.7,2,4,0.8,0,1.8,2.1,13.9,2122,17.5,0.574,0.386,0.345,1.5,7.3,4.4,24.6,1.6,0.1,12.7,23,5.2,-0.1,5,0.114,3.5,-3.7,-0.2,1
2012/2013,58044000,63707436,473604,New York Knicks,20,NYK,New York,East,Atlantic,54,28,0.659,100,95.7,3.73,Kurt Thomas,PF,40,1352181,1509302,39,17,10.1,1.2,2.1,0.542,0,0,1,1.1,2.1,0.537,0.548,0.2,0.3,0.462,0.6,1.7,2.3,0.5,0.3,0.4,0.2,1.3,2.5,392,13.3,0.547,0.012,0.157,6.9,20.1,13.3,8.3,1.4,3.5,8.3,11.5,0.6,0.5,1.1,0.135,-1.7,2.2,0.4,0.2
2012/2013,58044000,63707436,473604,New Orleans Hornets,19,NOH,Louisiana,West,Southwest,27,55,0.329,94.1,97.9,-3.12,Lance Thomas,SF,24,762195,850760,59,9,10.9,0.9,1.8,0.5,0,0,,0.9,1.8,0.5,0.5,0.7,1,0.729,0.7,1.2,1.9,0.3,0.2,0.1,0.2,1.3,2.5,646,10.1,0.565,0,0.557,8,13.3,10.6,4,0.9,0.9,9.6,10.5,1,0.2,1.2,0.087,-1.5,-1.1,-2.7,-0.1
2012/2013,58044000,63707436,473604,#N/A,#N/A,TOT,#N/A,#N/A,#N/A,#N/A,#N/A,#N/A,#N/A,#N/A,#N/A,Malcolm Thomas,PF,24,179340,200178,12,0,4.8,0.4,0.8,0.5,0,0,,0.4,0.8,0.5,0.5,0.4,0.7,0.625,0.4,0.9,1.3,0.3,0.2,0.2,0.3,0.7,1.3,57,13.8,0.555,0,0.8,10,21.6,15.9,10.3,1.9,2.7,18.2,13.2,0.1,0.1,0.2,0.133,-2.7,2.2,-0.5,0
2012/2013,58044000,63707436,473604,Golden State Warriors,10,GSW,California,West,Pacific,47,35,0.573,101.2,100.3,1.32,Malcolm Thomas,PF,24,179340,200178,5,0,4.2,0,0.2,0,0,0,,0,0.2,0,0,0.6,0.8,0.75,0,1,1,0.4,0,0.2,0.2,0.2,0.6,21,8.8,0.543,0,4,0,25.4,13.1,12.1,0,3.7,26.6,8,0,0,0,0.077,-6.3,2.3,-4,0
2012/2013,58044000,63707436,473604,Chicago Bulls,5,CHI,Illinois,East,Central,45,37,0.549,93.2,92.9,-0.02,Malcolm Thomas,PF,24,179340,200178,7,0,5.1,0.7,1.3,0.556,0,0,,0.7,1.3,0.556,0.556,0.3,0.6,0.5,0.7,0.9,1.6,0.3,0.3,0.1,0.3,1,1.7,36,16.7,0.558,0,0.444,15.8,19.4,17.5,9.3,3,2.1,15.7,16.3,0.1,0.1,0.1,0.166,-0.6,2.1,1.5,0
2012/2013,58044000,63707436,473604,Charlotte Bobcats,4,CHA,North Carolina,East,Southeast,21,61,0.256,93.4,102.7,-9.29,Tyrus Thomas,PF,26,8000000,8929588,26,2,13.8,1.8,5.2,0.353,0.1,0.3,0.375,1.7,4.9,0.352,0.364,1,1.2,0.839,0.6,1.7,2.3,0.7,0.5,0.6,0.7,2,4.8,360,9.6,0.418,0.059,0.228,4.9,14.4,9.5,9.1,2,3.4,10.2,21.1,-0.4,0.2,-0.2,-0.025,-5.3,-0.9,-6.2,-0.4
2012/2013,58044000,63707436,473604,Sacramento Kings,26,SAC,California,West,Pacific,28,54,0.341,100.2,105.1,-4.26,Jason Thompson,PF,26,5250000,5860042,82,81,27.9,4.6,9.1,0.502,0,0,0,4.6,9,0.504,0.502,1.7,2.5,0.694,2.1,4.6,6.7,1,0.6,0.7,1.2,2.8,10.9,2285,14.6,0.533,0.004,0.277,8.4,19.5,13.8,6,1.1,2.1,10.8,18.2,2.7,0.9,3.6,0.075,-1.3,-0.7,-2,0
2012/2013,58044000,63707436,473604,Golden State Warriors,10,GSW,California,West,Pacific,47,35,0.573,101.2,100.3,1.32,Klay Thompson,SG,22,2222160,2480371,82,82,35.8,6.2,14.7,0.422,2.6,6.4,0.401,3.6,8.3,0.437,0.509,1.6,1.9,0.841,0.4,3.3,3.7,2.2,1,0.5,1.9,2.9,16.6,2936,12.7,0.533,0.437,0.13,1.2,10,5.7,10.1,1.5,1.2,11,21.8,1.7,2.6,4.3,0.07,0.4,-0.6,-0.1,1.4
2012/2013,58044000,63707436,473604,Cleveland Cavaliers,6,CLE,Ohio,East,Central,24,58,0.293,96.5,101.2,-4.87,Tristan Thompson,PF,21,4006080,4471580,82,82,31.3,4.8,9.7,0.488,0,0,0,4.8,9.7,0.49,0.488,2.2,3.5,0.608,3.7,5.7,9.4,1.3,0.7,0.9,1.5,2.9,11.7,2564,16.1,0.516,0.004,0.364,13.2,22.1,17.5,6.9,1.2,2.2,11.7,18.3,3.2,2,5.2,0.098,-0.7,0.1,-0.5,1
2012/2013,58044000,63707436,473604,Sacramento Kings,26,SAC,California,West,Pacific,28,54,0.341,100.2,105.1,-4.26,Marcus Thornton,SG,25,7632500,8519385,72,8,24,4.6,10.8,0.429,2,5.3,0.372,2.7,5.5,0.484,0.52,1.5,1.8,0.881,0.7,1.8,2.5,1.3,0.8,0.1,0.9,1.5,12.7,1726,16.3,0.552,0.49,0.163,3.2,9,6,9,1.8,0.2,7.6,23.1,3.1,0.1,3.2,0.089,2.9,-3.6,-0.7,0.6
2012/2013,58044000,63707436,473604,Utah Jazz,29,UTA,Utah,West,Northwest,43,39,0.524,98,98.1,0.3,Jamaal Tinsley,PG,34,1352181,1509302,66,32,18.5,1.3,3.5,0.368,0.6,1.9,0.307,0.7,1.6,0.439,0.451,0.3,0.4,0.692,0.3,1.5,1.7,4.4,1,0.2,1.6,1.6,3.5,1221,10.6,0.467,0.543,0.111,1.6,9.5,5.5,34.1,2.8,0.9,30.2,13.1,-0.2,1,0.9,0.035,-2,-1,-3,-0.3
2012/2013,58044000,63707436,473604,Atlanta Hawks,1,ATL,Georgia,East,Southeast,44,38,0.537,98,97.5,-0.08,Anthony Tolliver,SF,27,915852,1022272,62,11,15.5,1.3,3.5,0.38,0.7,2.1,0.338,0.6,1.3,0.446,0.484,0.7,0.8,0.863,0.5,2,2.5,0.5,0.2,0.2,0.6,1.1,4.1,963,8.4,0.531,0.616,0.236,3.7,14.5,9.2,4.8,0.8,1,13.1,13.2,0.3,0.9,1.2,0.059,-2.5,-0.8,-3.3,-0.3
2012/2013,58044000,63707436,473604,Phoenix Suns,24,PHO,Arizona,West,Pacific,25,57,0.305,95.2,101.6,-5.75,PJ Tucker,SG,27,762195,850760,79,45,24.2,2.7,5.6,0.473,0.3,0.9,0.314,2.4,4.7,0.503,0.498,0.8,1.1,0.744,1.7,2.8,4.4,1.4,0.8,0.2,0.8,1.8,6.4,1910,11.6,0.525,0.158,0.194,7.7,13.3,10.4,8.6,1.7,0.7,12.2,12.8,1.8,1.2,2.9,0.074,-0.9,0.5,-0.4,0.8
2012/2013,58044000,63707436,473604,Los Angeles Clippers,13,LAC,California,West,Pacific,56,26,0.683,101.1,94.6,6.43,Ronny Turiaf,C,30,1146337,1279539,65,0,10.8,0.8,1.5,0.505,0,0,,0.8,1.5,0.505,0.505,0.4,1,0.365,0.7,1.6,2.3,0.5,0.3,0.5,0.4,1.2,1.9,701,9.4,0.485,0,0.649,7.8,17.9,12.9,6.8,1.4,4.2,18.9,10,0.1,1,1.1,0.075,-3.5,2.9,-0.5,0.3
2012/2013,58044000,63707436,473604,Orlando Magic,22,ORL,Florida,East,Southeast,20,62,0.244,94.1,101.1,-7.12,Hidayet Turkoglu,SF,33,11815850,13188834,11,1,17.2,1.3,4.8,0.264,0.1,2.2,0.042,1.2,2.6,0.448,0.274,0.3,0.5,0.5,0.4,2,2.4,2.1,0.6,0.1,1.1,1,2.9,189,3.4,0.288,0.453,0.113,2.4,13.2,7.8,17.2,1.9,0.4,17.7,16.3,-0.6,0.1,-0.5,-0.116,-6.6,-0.6,-7.3,-0.3
2012/2013,58044000,63707436,473604,Philadelphia 76ers,23,PHI,Pennsylvania,East,Atlantic,34,48,0.415,93.2,96.5,-3.51,Evan Turner,SF,24,5293080,5908127,82,82,35.3,5.4,12.8,0.419,0.7,1.9,0.365,4.7,10.9,0.428,0.446,1.9,2.5,0.74,0.7,5.6,6.3,4.3,0.9,0.2,2.3,2.4,13.3,2892,12.1,0.478,0.151,0.198,2.1,18.5,10.1,19.7,1.3,0.5,14,21.2,-0.7,2.9,2.1,0.035,-2.4,0.3,-2.1,-0.1
2012/2013,58044000,63707436,473604,#N/A,#N/A,TOT,#N/A,#N/A,#N/A,#N/A,#N/A,#N/A,#N/A,#N/A,#N/A,Jeremy Tyler,C,21,762195,850760,21,0,3.2,0.4,1.1,0.375,0,0,,0.4,1.1,0.375,0.375,0.2,0.3,0.667,0.3,0.7,1,0,0,0.1,0.3,0.5,1,68,6.2,0.413,0,0.25,10,22.3,16.3,2.3,0.7,2.3,18.4,21.5,-0.2,0.1,-0.1,-0.049,-9.5,-2.4,-11.9,-0.2
2012/2013,58044000,63707436,473604,Golden State Warriors,10,GSW,California,West,Pacific,47,35,0.573,101.2,100.3,1.32,Jeremy Tyler,C,21,762195,850760,20,0,3.2,0.5,1.2,0.375,0,0,,0.5,1.2,0.375,0.375,0.2,0.3,0.667,0.3,0.6,0.9,0.1,0.1,0.1,0.3,0.5,1.1,63,6.1,0.413,0,0.25,10.8,18.7,14.9,2.5,0.8,2.5,18.4,23.2,-0.2,0.1,-0.1,-0.063,-9.1,-2.4,-11.5,-0.2
2012/2013,58044000,63707436,473604,Atlanta Hawks,1,ATL,Georgia,East,Southeast,44,38,0.537,98,97.5,-0.08,Jeremy Tyler,C,21,762195,850760,1,0,5,0,0,,0,0,,0,0,,,0,0,,0,3,3,0,0,0,0,0,0,5,8.5,,,,0,67.7,34.3,0,0,0,,0,0,0,0,0.122,-13.8,-2.6,-16.4,0
2012/2013,58044000,63707436,473604,Milwaukee Bucks,17,MIL,Wisconsin,East,Central,38,44,0.463,98.9,100.4,-1.83,Ekpe Udoh,C,25,3524880,3934465,76,9,17.3,1.5,3.5,0.435,0,0,0,1.5,3.5,0.437,0.435,1.2,1.6,0.748,1.5,1.8,3.3,0.6,0.5,1.1,0.6,1.8,4.3,1312,12,0.503,0.004,0.442,8.9,11.7,10.3,4.7,1.5,4.7,11.8,12.1,1.1,1.5,2.7,0.098,-2.8,2.4,-0.5,0.5
2012/2013,58044000,63707436,473604,#N/A,#N/A,TOT,#N/A,#N/A,#N/A,#N/A,#N/A,#N/A,#N/A,#N/A,#N/A,Beno Udrih,SG-PG,30,7810000,8717510,66,9,22.1,3.2,7.2,0.441,0.5,1.5,0.333,2.7,5.7,0.471,0.477,1.3,1.6,0.816,0.5,1.6,2.1,4.6,0.6,0,1.6,1.4,8.2,1457,14.2,0.516,0.214,0.216,2.5,8.2,5.3,32.3,1.5,0.2,17.2,19.3,1.5,0.7,2.2,0.071,-0.5,-2.6,-3.2,-0.4
2012/2013,58044000,63707436,473604,Milwaukee Bucks,17,MIL,Wisconsin,East,Central,38,44,0.463,98.9,100.4,-1.83,Beno Udrih,SG,30,7810000,8717510,39,0,18.4,2.9,6.1,0.475,0.3,1.3,0.265,2.6,4.8,0.529,0.502,0.6,0.8,0.727,0.4,1.6,2,3.5,0.4,0.1,1.4,1,6.7,719,13.6,0.521,0.206,0.139,2.5,9.5,5.8,30.4,1.1,0.2,17.3,18.5,0.6,0.4,1.1,0.07,-1,-2.5,-3.6,-0.3
2012/2013,58044000,63707436,473604,Orlando Magic,22,ORL,Florida,East,Southeast,20,62,0.244,94.1,101.1,-7.12,Beno Udrih,PG,30,7810000,8717510,27,9,27.3,3.6,8.8,0.408,0.8,2,0.396,2.8,6.9,0.411,0.452,2.2,2.6,0.857,0.6,1.7,2.3,6.1,0.9,0,2,1.9,10.2,738,14.9,0.512,0.223,0.294,2.6,7,4.8,34.2,1.8,0.1,17,20,0.9,0.2,1.1,0.073,0,-2.7,-2.8,-0.1
2012/2013,58044000,63707436,473604,Toronto Raptors,28,TOR,Ontario,East,Atlantic,34,48,0.415,97.2,98.7,-1.96,Jonas Valanciunas,C,20,3374640,3766768,62,57,23.9,3.3,5.9,0.557,0,0,,3.3,5.9,0.557,0.557,2.4,3,0.789,2,4,6,0.7,0.3,1.3,1.5,3,8.9,1482,15.6,0.619,0,0.505,9.6,20.5,14.9,5,0.6,4.2,17.4,16.9,2.5,1.5,3.9,0.127,-1.3,0.9,-0.5,0.6
2012/2013,58044000,63707436,473604,Cleveland Cavaliers,6,CLE,Ohio,East,Central,24,58,0.293,96.5,101.2,-4.87,Anderson Varejao,C,30,8400000,9376067,25,25,36,5.5,11.6,0.478,0,0.2,0,5.5,11.4,0.486,0.478,3.1,4.1,0.755,5.5,8.9,14.4,3.4,1.5,0.6,1.8,2.7,14.1,901,21.7,0.529,0.017,0.353,16.9,30.1,23.2,15.4,2.1,1.3,11.6,18.7,2.2,1.1,3.3,0.173,2.4,2.2,4.6,1.5
2012/2013,58044000,63707436,473604,#N/A,#N/A,TOT,#N/A,#N/A,#N/A,#N/A,#N/A,#N/A,#N/A,#N/A,#N/A,Jarvis Varnado,PF,24,314806,351385,13,0,4.5,0.2,0.5,0.429,0,0,,0.2,0.5,0.429,0.429,0.2,0.3,0.5,0.2,0.5,0.7,0.2,0.1,0.2,0.5,0.8,0.6,58,1.2,0.457,0,0.571,4.4,14,9.4,7.2,0.9,2.8,40.7,12.1,-0.1,0.1,-0.1,-0.059,-8.2,1.3,-6.9,-0.1
2012/2013,58044000,63707436,473604,Boston Celtics,2,BOS,Massachusetts,East,Atlantic,41,40,0.506,96.5,96.7,-0.62,Jarvis Varnado,PF,24,314806,351385,5,0,3.6,0.4,0.8,0.5,0,0,,0.4,0.8,0.5,0.5,0.4,0.8,0.5,0.2,0.4,0.6,0.2,0.2,0,0.2,0.2,1.2,18,12.8,0.521,0,1,6.8,12.7,9.8,8.6,2.9,0,14.8,17.8,0,0,0,0.083,-3.6,-0.1,-3.7,0
2012/2013,58044000,63707436,473604,Miami Heat,16,MIA,Florida,East,Southeast,66,16,0.805,102.9,95,7.03,Jarvis Varnado,PF,24,314806,351385,8,0,5,0.1,0.4,0.333,0,0,,0.1,0.4,0.333,0.333,0,0,,0.1,0.6,0.8,0.3,0,0.3,0.6,1.1,0.3,40,-4.1,0.333,0,0,3.3,14.6,9.2,6.5,0,4.1,62.5,9.6,-0.1,0,-0.1,-0.122,-10.2,1.9,-8.3,-0.1
2012/2013,58044000,63707436,473604,New Orleans Hornets,19,NOH,Louisiana,West,Southwest,27,55,0.329,94.1,97.9,-3.12,Greivis Vasquez,PG,26,1191240,1329660,78,78,34.4,5.6,13,0.433,1.1,3.1,0.342,4.6,9.9,0.462,0.474,1.6,2,0.805,0.6,3.8,4.3,9,0.8,0.1,3.2,2.4,13.9,2685,16.3,0.502,0.24,0.152,1.9,13.3,7.5,44.9,1.3,0.2,18.6,23,3,0.7,3.8,0.067,2,-2,0.1,1.4
2012/2013,58044000,63707436,473604,Washington Wizards,30,WAS,Washington DC,East,Southeast,29,53,0.354,93.2,95.8,-2.78,Jan Vesely,PF,22,3294960,3677829,51,4,11.8,1.1,2.2,0.5,0,0,0,1.1,2.2,0.504,0.5,0.2,0.8,0.308,0.8,1.5,2.4,0.5,0.3,0.3,0.5,2.1,2.5,601,7.6,0.48,0.009,0.342,7.9,14.7,11.3,7.3,1.3,2.2,17.1,12,-0.1,0.8,0.7,0.059,-4.4,1.9,-2.5,-0.1
2012/2013,58044000,63707436,473604,Detroit Pistons,9,DET,Michigan,East,Central,29,53,0.354,94.9,98.8,-4.33,Charlie Villanueva,PF,28,8060000,8996559,69,0,15.8,2.5,6.7,0.377,1.3,3.8,0.347,1.2,3,0.415,0.474,0.4,0.7,0.551,0.7,2.8,3.5,0.8,0.4,0.6,0.6,1.4,6.8,1092,14,0.481,0.558,0.106,5.1,20.6,12.7,8.4,1.5,2.8,7.4,21.9,0.4,1.1,1.6,0.069,-0.3,-1.2,-1.5,0.1
2012/2013,58044000,63707436,473604,Orlando Magic,22,ORL,Florida,East,Southeast,20,62,0.244,94.1,101.1,-7.12,Nikola Vucevic,C,22,1768800,1974331,77,77,33.2,6,11.5,0.519,0,0,0,6,11.5,0.52,0.519,1.1,1.6,0.683,3.5,8.4,11.9,1.9,0.8,1,1.8,2.8,13.1,2559,17.8,0.534,0.003,0.142,12,28.4,20.2,9.3,1.2,2.4,13,19.3,2.8,2.9,5.7,0.106,-0.9,1.4,0.4,1.6
2012/2013,58044000,63707436,473604,Miami Heat,16,MIA,Florida,East,Southeast,66,16,0.805,102.9,95,7.03,Dwyane Wade,SG,31,17024000,19002163,69,69,34.7,8.2,15.8,0.521,0.2,1,0.258,8,14.9,0.537,0.528,4.5,6.2,0.725,1.2,3.7,5,5.1,1.9,0.8,2.8,2,21.2,2391,24,0.571,0.06,0.389,4.7,12.6,8.9,26.6,2.8,1.9,13.2,29.5,6.1,3.5,9.6,0.192,2.8,1.1,3.9,3.5
2012/2013,58044000,63707436,473604,Cleveland Cavaliers,6,CLE,Ohio,East,Central,24,58,0.293,96.5,101.2,-4.87,Dion Waiters,SG,21,3726600,4159625,61,48,28.8,5.5,13.4,0.412,1,3.3,0.31,4.5,10,0.446,0.451,2.6,3.5,0.746,0.4,2.1,2.4,3,1,0.3,2,1.9,14.7,1756,13.7,0.492,0.249,0.261,1.4,8.8,4.9,18.4,1.7,0.7,11.8,26.1,0.3,0.6,0.9,0.026,-0.5,-2.7,-3.2,-0.5
2012/2013,58044000,63707436,473604,Charlotte Bobcats,4,CHA,North Carolina,East,Southeast,21,61,0.256,93.4,102.7,-9.29,Kemba Walker,PG,22,2532960,2827286,82,82,34.9,6.4,15.2,0.423,1.3,4,0.322,5.1,11.1,0.459,0.466,3.6,4.5,0.798,0.7,2.7,3.5,5.7,2,0.4,2.4,1.9,17.7,2859,18.8,0.517,0.267,0.298,2.3,9.2,5.7,31.2,2.9,0.9,12.4,25.6,3.7,1.1,4.8,0.08,3.2,-1.7,1.5,2.5
2012/2013,58044000,63707436,473604,Washington Wizards,30,WAS,Washington DC,East,Southeast,29,53,0.354,93.2,95.8,-2.78,John Wall,PG,22,5915880,6603296,49,42,32.7,6.6,15,0.441,0.2,0.9,0.267,6.4,14.1,0.452,0.449,5,6.2,0.804,0.7,3.3,4,7.6,1.3,0.8,3.2,2.4,18.5,1602,20.8,0.521,0.061,0.416,2.4,11.2,6.8,43.9,2.1,1.8,15.3,29.3,2.2,2.2,4.5,0.134,2.5,0.9,3.4,2.2
2012/2013,58044000,63707436,473604,Brooklyn Nets,3,BRK,New York,East,Atlantic,49,33,0.598,96.9,95.1,1.25,Gerald Wallace,SF,30,9682435,10807519,69,68,30.1,2.6,6.6,0.397,0.7,2.4,0.282,2,4.3,0.461,0.448,1.8,2.8,0.637,1,3.6,4.6,2.6,1.4,0.7,1.6,1.7,7.7,2076,11.6,0.49,0.356,0.415,3.9,14.3,9.1,13.3,2.5,1.7,16.9,14.5,0.6,2.5,3.1,0.072,-0.7,2.6,1.9,2
2012/2013,58044000,63707436,473604,New York Knicks,20,NYK,New York,East,Atlantic,54,28,0.659,100,95.7,3.73,Rasheed Wallace,C,38,1352181,1509302,21,0,14.1,2.6,6.8,0.387,1,3.3,0.319,1.6,3.5,0.452,0.465,0.7,1,0.7,0.5,3.4,4,0.3,0.6,0.7,0.5,1.9,7,296,16.7,0.484,0.486,0.141,4.2,29.4,16.4,3.5,2.3,4.4,6.2,25.4,0.1,0.6,0.6,0.101,-2.3,-0.8,-3.2,-0.1
2012/2013,58044000,63707436,473604,Cleveland Cavaliers,6,CLE,Ohio,East,Central,24,58,0.293,96.5,101.2,-4.87,Luke Walton,PF,32,6091363,6799170,50,0,17.1,1.4,3.6,0.392,0.4,1.3,0.299,1,2.3,0.447,0.448,0.2,0.4,0.5,0.8,2.1,2.9,3.3,0.8,0.3,1.2,2,3.4,857,11.3,0.453,0.37,0.11,4.9,15.2,9.8,28.7,2.5,1.2,24,13,0.1,0.7,0.8,0.045,-1.8,0.5,-1.3,0.2
2012/2013,58044000,63707436,473604,#N/A,#N/A,TOT,#N/A,#N/A,#N/A,#N/A,#N/A,#N/A,#N/A,#N/A,#N/A,Hakim Warrick,PF,30,4000000,4464794,28,14,17.5,2.4,5.9,0.406,0,0.1,0,2.4,5.8,0.414,0.406,2.1,3.1,0.682,0.8,2.4,3.2,0.9,0.5,0.2,1,1.3,6.9,489,11.5,0.476,0.018,0.533,4.8,16.4,10.4,8.9,1.4,1,12.5,21.7,-0.1,0.1,0,-0.001,-4.4,-2.5,-6.9,-0.6
2012/2013,58044000,63707436,473604,New Orleans Hornets,19,NOH,Louisiana,West,Southwest,27,55,0.329,94.1,97.9,-3.12,Hakim Warrick,PF,30,4000000,4464794,1,0,7,1,2,0.5,0,0,,1,2,0.5,0.5,2,2,1,0,0,0,0,1,0,0,0,4,7,28.8,0.694,0,1,0,0,0,0,7.7,0,0,19.1,0,0,0.1,0.353,4.1,0.3,4.4,0
2012/2013,58044000,63707436,473604,Charlotte Bobcats,4,CHA,North Carolina,East,Southeast,21,61,0.256,93.4,102.7,-9.29,Hakim Warrick,PF,30,4000000,4464794,27,14,17.9,2.4,6,0.405,0,0.1,0,2.4,5.9,0.413,0.405,2.1,3.2,0.674,0.8,2.5,3.3,0.9,0.4,0.2,1.1,1.4,7,482,11.3,0.473,0.018,0.528,4.8,16.6,10.6,9,1.3,1,12.6,21.7,-0.2,0.1,-0.1,-0.007,-4.5,-2.6,-7.1,-0.6
2012/2013,58044000,63707436,473604,Brooklyn Nets,3,BRK,New York,East,Atlantic,49,33,0.598,96.9,95.1,1.25,CJ Watson,PG,28,992680,1108027,80,8,19,2.4,5.7,0.418,1.1,2.7,0.411,1.3,3.1,0.424,0.514,0.9,1.1,0.78,0.5,1.3,1.8,2,0.8,0.2,0.9,1.5,6.8,1521,13.9,0.544,0.466,0.198,2.9,8.4,5.6,17.2,2.3,0.6,12.1,17.2,2.5,1.3,3.8,0.12,1.6,-0.5,1,1.2
2012/2013,58044000,63707436,473604,Utah Jazz,29,UTA,Utah,West,Northwest,43,39,0.524,98,98.1,0.3,Earl Watson,PG,33,2000000,2232397,48,4,17.3,0.8,2.5,0.308,0.1,0.6,0.179,0.7,1.9,0.348,0.329,0.4,0.5,0.68,0.5,1.3,1.8,4,0.8,0.2,1.4,2,2,829,7.7,0.366,0.233,0.208,3.2,9.1,6.1,31.8,2.5,0.8,34.5,11,-0.6,0.7,0,0.001,-4.1,-0.4,-4.5,-0.5
2012/2013,58044000,63707436,473604,#N/A,#N/A,TOT,#N/A,#N/A,#N/A,#N/A,#N/A,#N/A,#N/A,#N/A,#N/A,Maalik Wayns,PG,21,334308,373153,27,1,7.5,1,3.3,0.295,0.3,1.1,0.226,0.7,2.1,0.333,0.335,0.6,0.7,0.895,0,0.2,0.3,1,0.2,0,0.6,1,2.8,202,5,0.394,0.352,0.216,0.5,3.5,2,20.7,1.6,0,13.5,25.4,-0.4,0.1,-0.3,-0.079,-5.6,-5.1,-10.7,-0.4
2012/2013,58044000,63707436,473604,Philadelphia 76ers,23,PHI,Pennsylvania,East,Atlantic,34,48,0.415,93.2,96.5,-3.51,Maalik Wayns,PG,21,334308,373153,21,1,7.9,0.9,3.4,0.264,0.2,1.2,0.2,0.7,2.2,0.298,0.299,0.6,0.7,0.867,0,0.2,0.2,1,0.1,0,0.6,0.9,2.7,165,1.8,0.356,0.347,0.208,0.7,2.8,1.7,18.4,1,0,14.2,25.6,-0.6,0.1,-0.5,-0.147,-7.6,-5.7,-13.3,-0.5
2012/2013,58044000,63707436,473604,Los Angeles Clippers,13,LAC,California,West,Pacific,56,26,0.683,101.1,94.6,6.43,Maalik Wayns,PG,21,334308,373153,6,0,6.2,1.2,2.7,0.438,0.3,1,0.333,0.8,1.7,0.5,0.5,0.7,0.7,1,0,0.3,0.3,1.2,0.5,0,0.3,1.3,3.3,37,19.5,0.563,0.375,0.25,0,6.3,3.2,30.9,4.3,0,10.1,24.4,0.1,0.1,0.2,0.227,3.4,-2.5,0.9,0
2012/2013,58044000,63707436,473604,Washington Wizards,30,WAS,Washington DC,East,Southeast,29,53,0.354,93.2,95.8,-2.78,Martell Webster,SF,26,2200000,2455636,76,62,28.9,3.7,8.4,0.442,1.8,4.3,0.422,1.9,4,0.463,0.551,2.2,2.6,0.848,0.7,3.2,3.9,1.9,0.6,0.2,1.2,2.2,11.4,2200,13.9,0.601,0.517,0.311,2.7,12.2,7.4,10.7,1.2,0.6,11.1,16.9,3.9,2.4,6.3,0.138,1.6,-0.1,1.5,1.9
2012/2013,58044000,63707436,473604,Indiana Pacers,12,IND,Indiana,East,Central,49,32,0.605,94.7,90.7,3.34,David West,PF,32,10000000,11161985,73,73,33.4,6.9,13.8,0.498,0.1,0.3,0.211,6.8,13.6,0.503,0.5,3.3,4.3,0.768,2,5.7,7.7,2.9,1,0.9,2.2,2,17.1,2435,20.1,0.545,0.019,0.312,6.8,18.8,12.9,16.8,1.6,2.1,12,24.4,4.4,4.7,9.1,0.179,0.9,2.4,3.3,3.3
2012/2013,58044000,63707436,473604,Oklahoma City Thunder,21,OKC,Oklahoma,West,Northwest,60,22,0.732,105.7,96.5,9.15,Russell Westbrook,PG,24,13668750,15257038,82,82,34.9,8.2,18.7,0.438,1.2,3.7,0.323,7,15.1,0.466,0.47,5.6,7,0.8,1.4,3.9,5.2,7.4,1.8,0.3,3.3,2.3,23.2,2861,23.9,0.532,0.195,0.375,4.8,11.8,8.6,38.4,2.6,0.6,13.2,32.8,7.7,3.9,11.6,0.195,4.7,0.3,5,5.1
2012/2013,58044000,63707436,473604,Boston Celtics,2,BOS,Massachusetts,East,Atlantic,41,40,0.506,96.5,96.7,-0.62,DJ White,PF,26,263980,294654,12,0,7.2,1,1.9,0.522,0,0,,1,1.9,0.522,0.522,0.4,0.8,0.556,0.3,0.8,1.1,0.3,0.1,0.5,0.2,0.4,2.4,86,14.7,0.538,0,0.391,5.7,12,8.9,7.5,0.6,5.5,6.9,15.9,0.1,0.1,0.2,0.117,-3.1,1.1,-2.1,0
2012/2013,58044000,63707436,473604,New York Knicks,20,NYK,New York,East,Atlantic,54,28,0.659,100,95.7,3.73,James White,SF,30,854389,953667,57,16,7.6,0.9,2,0.431,0.2,0.7,0.341,0.6,1.3,0.48,0.491,0.2,0.3,0.579,0.1,0.8,0.8,0.5,0.2,0.1,0.3,0.8,2.2,435,9.1,0.503,0.353,0.164,1.3,12,6.5,10.3,1.6,0.8,12,15.2,0.1,0.3,0.5,0.051,-2.6,-0.9,-3.4,-0.2
2012/2013,58044000,63707436,473604,Boston Celtics,2,BOS,Massachusetts,East,Atlantic,41,40,0.506,96.5,96.7,-0.62,Chris Wilcox,C,30,1352181,1509302,61,7,13.6,1.8,2.5,0.719,0,0,0,1.8,2.5,0.724,0.719,0.6,1,0.672,0.9,2,3,0.4,0.5,0.5,0.6,2,4.2,830,15.3,0.725,0.007,0.379,8.1,17.3,12.8,4.2,2,2.7,16,12.1,1.8,1.3,3.1,0.181,-0.5,1.7,1.2,0.7
2012/2013,58044000,63707436,473604,Philadelphia 76ers,23,PHI,Pennsylvania,East,Atlantic,34,48,0.415,93.2,96.5,-3.51,Damien Wilkins,SG,33,1223166,1365296,61,21,18,2.4,5.2,0.459,0.3,0.8,0.333,2.1,4.3,0.483,0.486,1.3,1.8,0.743,0.5,1.2,1.7,1.5,0.6,0.3,0.8,1.6,6.4,1095,12.5,0.533,0.161,0.345,3.2,7.8,5.4,12.9,1.8,1.3,11.9,17.4,1,0.9,1.9,0.083,-1.8,-0.7,-2.5,-0.1
2012/2013,58044000,63707436,473604,Brooklyn Nets,3,BRK,New York,East,Atlantic,49,33,0.598,96.9,95.1,1.25,Deron Williams,PG,28,17177795,19173829,78,78,36.4,6.3,14.4,0.44,2.2,5.7,0.378,4.2,8.7,0.482,0.516,4.1,4.7,0.859,0.4,2.6,3,7.7,1,0.4,2.8,2.5,18.9,2842,20.3,0.574,0.398,0.328,1.2,8.5,4.8,37.5,1.4,0.8,14.5,24.4,9.1,1.8,10.9,0.184,5.5,-2,3.5,3.9
2012/2013,58044000,63707436,473604,Minnesota Timberwolves,18,MIN,Minnesota,West,Northwest,31,51,0.378,95.7,98.1,-1.83,Derrick Williams,PF,21,4947840,5522771,78,56,24.6,4.3,10.1,0.43,0.8,2.5,0.332,3.5,7.6,0.463,0.471,2.5,3.5,0.706,1.2,4.3,5.5,0.6,0.6,0.5,1.3,1.6,12,1916,14.5,0.515,0.249,0.346,5.6,20.6,12.8,4.2,1.2,1.5,10,23.5,1,2.1,3,0.076,-2.1,-1.5,-3.7,-0.8
2012/2013,58044000,63707436,473604,Atlanta Hawks,1,ATL,Georgia,East,Southeast,44,38,0.537,98,97.5,-0.08,Louis Williams,SG,26,5000000,5580992,39,9,28.7,4.8,11.4,0.422,1.8,5,0.367,2.9,6.3,0.466,0.503,2.7,3.1,0.868,0.2,1.8,2.1,3.6,1.1,0.3,1.9,1.4,14.1,1119,15.9,0.555,0.442,0.273,0.8,7.3,4.1,20.4,2,0.7,13,23.6,1.4,1,2.4,0.103,1.2,-1.7,-0.5,0.4
2012/2013,58044000,63707436,473604,Utah Jazz,29,UTA,Utah,West,Northwest,43,39,0.524,98,98.1,0.3,Marvin Williams,SF,26,8287500,9250495,73,51,23.7,2.7,6.4,0.423,0.7,2.3,0.325,2,4.2,0.477,0.481,1.1,1.4,0.778,0.8,2.8,3.6,1.1,0.5,0.5,0.8,1.3,7.2,1727,10.9,0.515,0.353,0.211,3.7,14.3,8.9,6.9,1.1,1.7,10.5,15.1,1.1,1.1,2.3,0.063,-1.1,-0.3,-1.4,0.3
2012/2013,58044000,63707436,473604,Utah Jazz,29,UTA,Utah,West,Northwest,43,39,0.524,98,98.1,0.3,Maurice Williams,PG,30,8500000,9487687,46,46,30.8,5,11.6,0.43,1.3,3.3,0.383,3.7,8.2,0.449,0.485,1.6,1.8,0.882,0.5,1.9,2.4,6.2,1,0.2,2.7,2.3,12.9,1418,14.4,0.519,0.289,0.159,2,7.2,4.5,33.2,1.7,0.5,18,22.3,1.2,0.7,1.8,0.062,1.1,-2.5,-1.4,0.2
2012/2013,58044000,63707436,473604,Charlotte Bobcats,4,CHA,North Carolina,East,Southeast,21,61,0.256,93.4,102.7,-9.29,Reggie Williams,SF,26,2500000,2790496,40,0,9.5,1.4,3.3,0.432,0.6,1.8,0.306,0.9,1.5,0.583,0.515,0.3,0.5,0.476,0.2,1.1,1.3,1,0.3,0,0.5,0.5,3.7,380,13.2,0.517,0.545,0.159,2.3,13.3,7.7,18.2,1.7,0.2,11.9,19.2,0.2,0.1,0.3,0.035,0,-3.4,-3.4,-0.1
2012/2013,58044000,63707436,473604,Boston Celtics,2,BOS,Massachusetts,East,Atlantic,41,40,0.506,96.5,96.7,-0.62,Terrence Williams,SF,25,296775,331259,24,0,13.3,2,4,0.495,0.2,0.6,0.333,1.8,3.4,0.524,0.521,0.4,0.9,0.429,0.2,1.7,1.8,1.6,0.5,0.1,0.9,0.5,4.6,318,12.3,0.518,0.155,0.216,1.5,14.4,8.2,19.7,1.8,0.5,17.2,19.1,-0.1,0.4,0.3,0.046,-3.2,-0.3,-3.5,-0.1
2012/2013,58044000,63707436,473604,Los Angeles Lakers,14,LAL,California,West,Pacific,45,37,0.549,102.2,101,1.48,Metta World Peace,SF,33,7258960,8102440,75,66,33.7,4.4,11,0.403,1.9,5.5,0.342,2.5,5.5,0.464,0.488,1.7,2.3,0.734,1.3,3.6,5,1.5,1.6,0.6,1.3,2.6,12.4,2530,12.5,0.517,0.5,0.205,4.5,11.5,8.1,6.9,2.5,1.2,9.8,17.5,1.9,2.6,4.6,0.086,0.6,0.8,1.4,2.2
2012/2013,58044000,63707436,473604,Dallas Mavericks,7,DAL,Texas,West,Southwest,41,41,0.5,101.1,101.7,-0.24,Brandan Wright,C,25,992680,1108027,64,16,18,3.8,6.3,0.597,0,0,0,3.8,6.3,0.601,0.597,0.9,1.5,0.615,1.3,2.7,4.1,0.6,0.4,1.2,0.5,1.2,8.5,1149,21,0.606,0.007,0.238,8.4,16.7,12.6,5.6,1.2,5.2,7.1,19,2.8,1.3,4.1,0.172,0.5,1.1,1.6,1
2012/2013,58044000,63707436,473604,Dallas Mavericks,7,DAL,Texas,West,Southwest,41,41,0.5,101.1,101.7,-0.24,Chris Wright,SG,23,27859,31096,3,0,1.3,0.3,0.7,0.5,0,0,,0.3,0.7,0.5,0.5,0,0,,0,0,0,0,0,0,0.3,0,0.7,4,-1.9,0.5,0,0,0,0,0,0,0,0,33.3,34.2,0,0,0,-0.375,-15.3,-6.8,-22.1,0
2012/2013,58044000,63707436,473604,Philadelphia 76ers,23,PHI,Pennsylvania,East,Atlantic,34,48,0.415,93.2,96.5,-3.51,Dorell Wright,SF,27,4106000,4583111,79,8,22.6,3,7.6,0.396,1.7,4.6,0.374,1.3,3,0.429,0.508,1.5,1.8,0.851,0.5,3.3,3.8,1.9,0.8,0.4,0.8,1.2,9.2,1783,16,0.551,0.603,0.235,2.6,17,9.6,13.1,1.8,1.5,8.8,18.7,2.8,2.1,4.9,0.132,1.5,-0.2,1.3,1.5
2012/2013,58044000,63707436,473604,Memphis Grizzlies,15,MEM,Tennessee,West,Southwest,56,26,0.683,93.4,89.3,4.32,Tony Wroten,SG,19,1110120,1239114,35,0,7.8,0.9,2.5,0.384,0.1,0.5,0.25,0.8,2,0.414,0.407,0.6,0.8,0.724,0.4,0.4,0.8,1.2,0.2,0.1,0.8,1,2.6,272,9.3,0.461,0.186,0.337,5.5,6.6,6.1,25.2,1.6,1.2,22.7,21.7,-0.2,0.3,0.1,0.017,-3.4,-0.8,-4.2,-0.2
2012/2013,58044000,63707436,473604,Philadelphia 76ers,23,PHI,Pennsylvania,East,Atlantic,34,48,0.415,93.2,96.5,-3.51,Nick Young,SG,27,6000000,6697191,59,17,23.9,3.8,9.2,0.413,1.3,3.6,0.357,2.5,5.6,0.449,0.482,1.8,2.2,0.82,0.4,1.8,2.2,1.4,0.6,0.2,0.8,1.4,10.6,1411,13.3,0.525,0.387,0.236,1.9,8.7,5.2,9.7,1.3,0.8,7.7,21.2,1.4,1,2.3,0.079,-0.2,-2.3,-2.5,-0.2
2012/2013,58044000,63707436,473604,Indiana Pacers,12,IND,Indiana,East,Central,49,32,0.605,94.7,90.7,3.34,Sam Young,SG,27,761319,849783,56,3,12.4,1,2.6,0.392,0.3,0.9,0.308,0.8,1.7,0.438,0.446,0.4,0.8,0.535,0.5,1.7,2.2,0.8,0.3,0.1,0.6,1.1,2.8,693,7.5,0.464,0.351,0.291,4.3,15.3,9.9,9.4,1.2,0.9,16.5,13.2,-0.2,1.1,0.9,0.062,-3.8,1,-2.8,-0.1
2012/2013,58044000,63707436,473604,Philadelphia 76ers,23,PHI,Pennsylvania,East,Atlantic,34,48,0.415,93.2,96.5,-3.51,Thaddeus Young,PF,24,8039130,8973264,76,76,34.6,6.7,12.6,0.531,0,0.1,0.125,6.7,12.5,0.535,0.532,1.4,2.5,0.574,2.4,5.1,7.5,1.6,1.8,0.7,1.2,2.5,14.8,2629,18.2,0.541,0.008,0.196,7.6,17.2,12.3,8.2,2.7,1.6,8,19.8,3.7,3.7,7.4,0.136,0.2,1.6,1.7,2.5
2012/2013,58044000,63707436,473604,Phoenix Suns,24,PHO,Arizona,West,Pacific,25,57,0.305,95.2,101.6,-5.75,Luke Zeller,C,25,473604,528636,16,0,3.6,0.6,1.6,0.346,0.1,0.3,0.2,0.5,1.3,0.381,0.365,0,0,,0.1,0.6,0.6,0.2,0,0,0,0.3,1.2,58,5.6,0.365,0.192,0,1.9,18,9.8,8.4,0,0,0,19.9,-0.1,0,-0.1,-0.047,-6.2,-4.2,-10.4,-0.1
2012/2013,58044000,63707436,473604,Cleveland Cavaliers,6,CLE,Ohio,East,Central,24,58,0.293,96.5,101.2,-4.87,Tyler Zeller,C,23,1563120,1744752,77,55,26.4,3.2,7.3,0.438,0,0.1,0,3.2,7.2,0.441,0.438,1.6,2,0.764,2.1,3.6,5.7,1.2,0.5,0.9,1.2,3.3,7.9,2033,11,0.486,0.007,0.281,8.7,16.7,12.5,7.4,0.9,2.8,13.1,15.9,0.8,1.2,2,0.048,-2.7,0.4,-2.3,-0.1
2011/2012,58044000,64640100.3,473604,Houston Rockets,11,HOU,Texas,West,Southwest,34,32,0.515,98.1,97.9,0.57,Jeff Adrien,PF,25,270427,306872,8,0,7.9,0.9,2,0.438,0,0,,0.9,2,0.438,0.438,0.9,1.5,0.583,0.6,2.1,2.8,0.1,0,0.3,0.3,1.6,2.6,63,11.2,0.493,0,0.75,9.1,31.6,20.3,2.4,0,2.4,8.6,16.8,0.1,0.1,0.1,0.106,-5.4,-2.3,-7.7,-0.1
2011/2012,58044000,64640100.3,473604,Denver Nuggets,8,DEN,Colorado,West,Northwest,38,28,0.576,104.1,101.2,3.16,Arron Afflalo,SG,26,7562500,8581713,62,62,33.6,5.3,11.3,0.471,1.4,3.6,0.398,3.9,7.7,0.504,0.534,3.2,4,0.798,0.6,2.5,3.2,2.4,0.6,0.2,1.4,2.2,15.2,2086,14.7,0.584,0.316,0.353,2.3,8.5,5.5,11.1,0.9,0.5,9.5,19.1,4.7,0.6,5.3,0.121,2.5,-1.6,0.8,1.5
2011/2012,58044000,64640100.3,473604,Utah Jazz,29,UTA,Utah,West,Northwest,36,30,0.545,99.7,99,0.92,Blake Ahearn,PG,27,#N/A,#N/A,4,0,7.5,1,3.5,0.286,0.5,2.3,0.222,0.5,1.3,0.4,0.357,0,0,,0,0.5,0.5,0.3,0,0,1.3,1,2.5,30,-7.3,0.357,0.643,0,0,7.7,3.8,5.2,0,0,26.3,28.4,-0.2,0,-0.2,-0.315,-10.3,-6,-16.3,-0.1
2011/2012,58044000,64640100.3,473604,Toronto Raptors,28,TOR,Ontario,East,Atlantic,23,43,0.348,90.7,94,-3.67,Solomon Alabi,C,23,830000,941860,14,0,8.7,0.9,2.6,0.361,0,0,,0.9,2.6,0.361,0.361,0.5,0.6,0.875,1.1,2.3,3.4,0.2,0.1,0.6,0.4,0.8,2.4,122,14.2,0.418,0,0.222,14.6,30.4,22.6,4.1,0.9,6,11.2,17.2,0,0.2,0.2,0.083,-5.6,1.5,-4.1,-0.1
2011/2012,58044000,64640100.3,473604,Oklahoma City Thunder,21,OKC,Oklahoma,West,Northwest,47,19,0.712,103.1,96.9,6.44,Cole Aldrich,C,23,2286000,2594088,26,0,6.7,0.8,1.6,0.524,0,0,,0.8,1.6,0.524,0.524,0.5,0.5,0.929,0.5,1.3,1.8,0.1,0.3,0.6,0.3,0.8,2.2,173,17.7,0.592,0,0.333,9.2,21.6,15.8,2.7,2.4,6.7,15.7,14.9,0.3,0.4,0.6,0.176,-2.4,2.7,0.3,0.1
2011/2012,58044000,64640100.3,473604,Portland Trail Blazers,25,POR,Oregon,West,Northwest,28,38,0.424,97.2,97.8,-0.22,LaMarcus Aldridge,PF,26,12372000,14039398,55,55,36.3,8.8,17.1,0.512,0,0.2,0.182,8.7,16.9,0.516,0.513,4.1,5,0.814,2.7,5.3,8,2.4,0.9,0.8,2,2.8,21.7,1994,22.7,0.56,0.012,0.291,8.6,17.5,12.9,13.2,1.3,1.7,9.5,27,5.4,1.6,7,0.169,2.7,-0.2,2.4,2.2
2011/2012,58044000,64640100.3,473604,Philadelphia 76ers,23,PHI,Pennsylvania,East,Atlantic,35,31,0.53,93.6,89.4,3.59,Lavoy Allen,PF,22,473604,537432,41,15,15.2,1.9,4.1,0.473,0,0,,1.9,4.1,0.473,0.473,0.3,0.3,0.786,1.1,3,4.2,0.8,0.3,0.4,0.5,1.8,4.1,624,12.7,0.488,0,0.084,8.3,22.2,15.2,8.4,1.1,2.2,10.4,14.5,0.4,1.2,1.6,0.124,-3.1,1.8,-1.3,0.1
2011/2012,58044000,64640100.3,473604,Boston Celtics,2,BOS,Massachusetts,East,Atlantic,39,27,0.591,91.8,89.3,2.26,Ray Allen,SG,36,10000000,11347719,46,42,34,4.9,10.7,0.458,2.3,5.1,0.453,2.6,5.6,0.463,0.566,2.1,2.3,0.915,0.3,2.8,3.1,2.4,1.1,0.2,1.5,1.8,14.2,1565,14.8,0.607,0.475,0.215,1.1,9.2,5.3,11.8,1.7,0.4,11.2,18.6,2.5,2.2,4.7,0.145,2.4,0.3,2.6,1.8
2011/2012,58044000,64640100.3,473604,Memphis Grizzlies,15,MEM,Tennessee,West,Southwest,41,25,0.621,95,93,2.43,Tony Allen,SG,30,3150000,3574531,58,57,26.3,3.6,7.7,0.469,0.1,0.4,0.308,3.5,7.3,0.479,0.478,2.4,3,0.8,1.7,2.3,4,1.4,1.8,0.6,1.6,2.4,9.8,1525,15.7,0.541,0.058,0.391,7.4,10.6,8.9,8.3,3.6,1.8,15.2,18.4,1.7,2.5,4.2,0.131,0,2.5,2.5,1.7
2011/2012,58044000,64640100.3,473604,Washington Wizards,30,WAS,Washington DC,East,Southeast,20,46,0.303,93.6,98.4,-5.14,Morris Almond,SG,26,#N/A,#N/A,4,0,16.8,1.5,4.3,0.353,0.3,0.8,0.333,1.3,3.5,0.357,0.382,0.3,0.8,0.333,0.3,1.8,2,0.5,1.8,0,0.3,1.5,3.5,67,8.7,0.382,0.176,0.176,1.7,11.9,6.7,4.4,5.4,0,5.2,12.9,-0.1,0.1,0,0.032,-3.8,1.8,-2,0
2011/2012,58044000,64640100.3,473604,New Orleans Hornets,19,NOH,Louisiana,West,Southwest,21,45,0.318,89.6,93.4,-3.11,Al-Farouq Aminu,SF,21,2755560,3126932,66,21,22.4,2.3,5.5,0.411,0.2,0.7,0.277,2.1,4.8,0.431,0.429,1.3,1.7,0.754,1.4,3.2,4.7,1,0.9,0.5,1.4,2.1,6,1477,10.6,0.481,0.129,0.312,7.8,16.9,12.4,7.2,2.2,1.9,18,16.2,-0.4,1.8,1.4,0.044,-3,1.6,-1.3,0.2
2011/2012,58044000,64640100.3,473604,Indiana Pacers,12,IND,Indiana,East,Central,42,24,0.636,97.7,94.4,2.6,Louis Amundson,PF,29,2403000,2726857,60,0,12.6,1.5,3.5,0.43,0,0,,1.5,3.5,0.43,0.43,0.6,1.4,0.427,1.6,2.1,3.7,0.2,0.5,0.7,0.8,2.1,3.6,753,11.5,0.438,0,0.396,14.1,19,16.6,3,1.9,4.6,15.6,17.3,-0.3,1.3,1,0.062,-3.9,1.2,-2.7,-0.1
2011/2012,58044000,64640100.3,473604,Denver Nuggets,8,DEN,Colorado,West,Northwest,38,28,0.576,104.1,101.2,3.16,Chris Andersen,C,33,4234000,4804624,32,1,15.2,1.8,3.4,0.546,0,0,,1.8,3.4,0.546,0.546,1.6,2.6,0.61,1.5,3.1,4.6,0.2,0.6,1.4,0.5,1.6,5.3,486,18.9,0.583,0,0.759,11.9,23.3,17.8,1.8,2,7.4,10.6,14.8,1,0.8,1.9,0.183,-1.2,2.6,1.4,0.4
2011/2012,58044000,64640100.3,473604,Toronto Raptors,28,TOR,Ontario,East,Atlantic,23,43,0.348,90.7,94,-3.67,Alan Anderson,SF,29,#N/A,#N/A,17,12,27.1,3.2,8.4,0.387,1.4,3.6,0.393,1.8,4.8,0.383,0.472,1.7,2,0.853,0.5,1.5,2,1.5,0.3,0.2,1.5,2.1,9.6,461,8.7,0.519,0.43,0.239,2.1,6.5,4.3,9.5,0.6,0.5,13.7,18.6,0.1,0.2,0.3,0.032,-1.2,-2.2,-3.4,-0.2
2011/2012,58044000,64640100.3,473604,San Antonio Spurs,27,SAS,Texas,West,Southwest,50,16,0.758,103.7,96.5,7.28,James Anderson,SG,22,1463520,1660761,51,2,11.8,1.3,3.4,0.379,0.4,1.3,0.279,0.9,2.1,0.443,0.434,0.8,1,0.75,0.3,1.2,1.5,0.8,0.2,0,0.6,0.7,3.7,603,8.8,0.483,0.391,0.299,3.1,11.8,7.5,9.6,0.7,0.2,13.2,17.2,0.1,0.4,0.5,0.04,-2.2,-1.4,-3.6,-0.2
2011/2012,58044000,64640100.3,473604,Orlando Magic,22,ORL,Florida,East,Southeast,37,29,0.561,94.2,93.4,0.46,Ryan Anderson,PF,23,2244601,2547110,61,61,32.2,5.4,12.4,0.439,2.7,6.9,0.393,2.7,5.5,0.496,0.548,2.5,2.8,0.877,3.7,4,7.7,0.9,0.8,0.4,0.9,2.4,16.1,1964,21.2,0.589,0.557,0.226,13,14.7,13.8,5.1,1.4,1,6.4,21.2,7,1.9,8.9,0.219,5.9,-1.3,4.6,3.3
2011/2012,58044000,64640100.3,473604,New York Knicks,20,NYK,New York,East,Atlantic,36,30,0.545,97.8,94.7,2.39,Carmelo Anthony,SF,27,18518574,21014358,55,55,34.1,8,18.6,0.43,1.2,3.7,0.335,6.8,14.9,0.454,0.463,5.4,6.7,0.804,1.6,4.7,6.3,3.6,1.1,0.4,2.6,2.8,22.6,1876,21.1,0.525,0.198,0.358,5.4,15.9,10.6,21,1.7,1,10.8,31.8,3.7,2.6,6.2,0.16,2.9,0,2.9,2.3
2011/2012,58044000,64640100.3,473604,Miami Heat,16,MIA,Florida,East,Southeast,46,20,0.697,98.5,92.5,5.72,Joel Anthony,C,29,3600000,4085179,64,51,21.1,1.3,2.4,0.559,0,0,,1.3,2.4,0.559,0.559,0.8,1.1,0.69,1.6,2.3,3.9,0.1,0.6,1.3,0.7,2,3.4,1349,10.3,0.598,0,0.467,9.2,12.8,11.1,1,1.4,5.1,19.7,7.8,1.2,2.2,3.4,0.122,-2.1,2.8,0.7,0.9
2011/2012,58044000,64640100.3,473604,Memphis Grizzlies,15,MEM,Tennessee,West,Southwest,41,25,0.621,95,93,2.43,Gilbert Arenas,PG,30,19269307,21866269,17,0,12.4,1.5,3.8,0.406,0.8,2.3,0.333,0.8,1.5,0.52,0.508,0.4,0.6,0.7,0.1,0.9,1.1,1.1,0.6,0.1,0.7,2.1,4.2,211,9.9,0.526,0.609,0.156,1.1,9,5,13.4,2.8,0.4,14.9,17.3,0.1,0.3,0.4,0.088,-0.2,-0.7,-0.9,0.1
2011/2012,58044000,64640100.3,473604,New Orleans Hornets,19,NOH,Louisiana,West,Southwest,21,45,0.318,89.6,93.4,-3.11,Trevor Ariza,SF,26,6790640,7705827,41,41,32.9,4.1,9.8,0.417,0.7,2.1,0.333,3.4,7.7,0.44,0.453,1.9,2.5,0.775,1,4.2,5.2,3.3,1.7,0.6,1.9,1.8,10.8,1350,14.2,0.496,0.216,0.253,3.7,15.1,9.5,16.8,2.8,1.5,14.5,18.4,0.5,1.7,2.2,0.078,-0.4,2.2,1.8,1.3
2011/2012,58044000,64640100.3,473604,Chicago Bulls,5,CHI,Illinois,East,Central,50,16,0.758,96.3,88.2,7.43,Omer Asik,C,25,1857500,2107838,66,2,14.7,1.2,2.4,0.506,0,0,,1.2,2.4,0.506,0.506,0.7,1.6,0.456,1.9,3.4,5.3,0.5,0.5,1,1,1.8,3.1,971,13.4,0.509,0,0.66,14.9,25.1,20.1,4.8,1.7,5,25.2,12.6,0.1,2.5,2.6,0.129,-3.3,4.4,1.1,0.8
2011/2012,58044000,64640100.3,473604,Charlotte Bobcats,4,CHA,North Carolina,East,Southeast,7,59,0.106,87,100.9,-13.96,DJ Augustin,PG,24,3236470,3672655,48,46,29.3,3.8,10.1,0.376,1.3,3.7,0.341,2.5,6.4,0.396,0.438,2.2,2.5,0.875,0.5,1.8,2.3,6.4,0.8,0,2.3,1.4,11.1,1408,14.1,0.493,0.368,0.246,1.9,7.2,4.4,38.9,1.3,0.1,16.9,21.3,0.7,-0.2,0.5,0.018,0.8,-4.4,-3.6,-0.6
2011/2012,58044000,64640100.3,473604,New Orleans Hornets,19,NOH,Louisiana,West,Southwest,21,45,0.318,89.6,93.4,-3.11,Gustavo Ayon,PF,26,1567500,1778755,54,24,20.1,2.6,4.8,0.536,0,0,0,2.6,4.8,0.538,0.536,0.7,1.2,0.619,1.6,3.3,4.9,1.4,1,0.9,0.9,2.2,5.9,1088,16.7,0.552,0.004,0.241,9.6,19.3,14.5,11.5,2.6,3.5,13.7,14.5,1.5,1.7,3.2,0.142,-0.1,3.6,3.4,1.5
2011/2012,58044000,64640100.3,473604,Indiana Pacers,12,IND,Indiana,East,Central,42,24,0.636,97.7,94.4,2.6,Jeff Ayres,C,24,1500000,1702157,20,1,5.3,0.8,1.8,0.417,0,0,,0.8,1.8,0.417,0.417,0.2,0.4,0.571,0.6,1.1,1.7,0.2,0.2,0.1,0.1,0.8,1.7,106,13.4,0.435,0,0.194,12.8,22.1,17.5,6.3,1.5,1.5,4.9,17.6,0.1,0.2,0.3,0.115,-2.3,-0.8,-3.2,0
2011/2012,58044000,64640100.3,473604,Dallas Mavericks,7,DAL,Texas,West,Southwest,36,30,0.545,95.8,94.8,1.78,Kelenna Azubuike,SG,28,#N/A,#N/A,3,0,6,1,2.7,0.375,0.3,1,0.333,0.7,1.7,0.4,0.438,0,0,,0,0,0,0,0.3,0,1.3,0.3,2.3,18,-3.4,0.438,0.375,0,0,0,0,0,2.9,0,33.3,30.9,-0.1,0,-0.1,-0.325,-12.9,-3.2,-16,-0.1
2011/2012,58044000,64640100.3,473604,Portland Trail Blazers,25,POR,Oregon,West,Northwest,28,38,0.424,97.2,97.8,-0.22,Luke Babbitt,SF,22,1768800,2007184,40,4,13.4,1.8,4.3,0.41,1.1,2.5,0.43,0.7,1.8,0.384,0.535,0.4,0.5,0.85,0.4,2,2.4,0.4,0.3,0.1,0.7,1.2,5.1,537,11.3,0.556,0.578,0.116,3.4,17.5,10.3,4.8,1,0.6,12.9,17.8,0.4,0.3,0.7,0.064,-0.9,-2.5,-3.4,-0.2
2011/2012,58044000,64640100.3,473604,New York Knicks,20,NYK,New York,East,Atlantic,36,30,0.545,97.8,94.7,2.39,Renaldo Balkman,SF,27,1675000,1900743,14,0,8.2,1.1,2.3,0.5,0.1,0.6,0.222,1,1.6,0.609,0.531,0.6,0.8,0.727,0.4,1.4,1.9,0.4,0.3,0.2,0.4,1,3,115,14.3,0.57,0.281,0.344,6,20.3,13.1,7.2,1.8,2.1,14,16.7,0.1,0.2,0.3,0.142,-1.7,0.7,-1,0
2011/2012,58044000,64640100.3,473604,#N/A,#N/A,TOT,#N/A,#N/A,#N/A,#N/A,#N/A,#N/A,#N/A,#N/A,#N/A,Leandro Barbosa,SG,29,7600000,8624267,64,0,21.6,4.2,10,0.425,1,2.7,0.382,3.2,7.3,0.441,0.476,1.6,1.9,0.815,0.5,1.5,2,1.5,0.9,0.1,1.5,2.1,11.1,1382,14,0.512,0.267,0.195,2.8,7.9,5.3,13.3,2.2,0.4,12,26.5,0.5,1.2,1.7,0.06,0,-2,-2,0
2011/2012,58044000,64640100.3,473604,Toronto Raptors,28,TOR,Ontario,East,Atlantic,23,43,0.348,90.7,94,-3.67,Leandro Barbosa,SG,29,7600000,8624267,42,0,22.5,4.7,10.8,0.436,1,2.6,0.36,3.8,8.2,0.461,0.48,1.8,2.2,0.835,0.5,1.4,1.9,1.5,0.9,0.2,1.6,2.4,12.2,946,14.2,0.518,0.244,0.2,2.6,7.1,4.9,13.3,2,0.6,12.1,28,0.2,0.8,1,0.052,0,-2.2,-2.3,-0.1
2011/2012,58044000,64640100.3,473604,Indiana Pacers,12,IND,Indiana,East,Central,42,24,0.636,97.7,94.4,2.6,Leandro Barbosa,SG,29,7600000,8624267,22,0,19.8,3.3,8.3,0.399,1.1,2.7,0.424,2.2,5.6,0.387,0.467,1.1,1.5,0.758,0.5,1.7,2.2,1.5,0.9,0,1.2,1.5,8.9,436,13.4,0.496,0.322,0.18,3.1,9.5,6.3,13.3,2.4,0,11.6,23.2,0.2,0.5,0.7,0.076,0.2,-1.6,-1.4,0.1
2011/2012,58044000,64640100.3,473604,Minnesota Timberwolves,18,MIN,Minnesota,West,Northwest,26,40,0.394,97.9,100.1,-1.83,Jose Juan Barea,PG,27,4300000,4879519,41,11,25.2,4.1,10.2,0.4,1.3,3.5,0.371,2.8,6.7,0.415,0.463,1.9,2.4,0.776,0.3,2.4,2.8,5.7,0.5,0,2.5,1.5,11.3,1032,14.9,0.502,0.342,0.234,1.5,10.8,6.1,39,1,0,18.3,24.3,0.8,0.4,1.2,0.056,1.1,-2.4,-1.3,0.2
2011/2012,58044000,64640100.3,473604,Toronto Raptors,28,TOR,Ontario,East,Atlantic,23,43,0.348,90.7,94,-3.67,Andrea Bargnani,C,26,9250000,10496640,31,31,33.3,6.7,15.6,0.432,1.1,3.7,0.296,5.6,11.9,0.474,0.467,4.9,5.6,0.873,0.8,4.8,5.5,2,0.6,0.5,2.2,1.7,19.5,1032,17.9,0.538,0.238,0.357,2.8,16.6,9.8,11.6,0.9,1.2,11,28.7,1.3,0.9,2.2,0.104,0.8,-1.5,-0.8,0.3
2011/2012,58044000,64640100.3,473604,Los Angeles Lakers,14,LAL,California,West,Pacific,41,25,0.621,97.3,95.9,1.96,Matt Barnes,SF,31,1906200,2163102,63,16,22.9,2.8,6.1,0.452,0.7,2.2,0.333,2,4,0.518,0.512,1.5,2,0.742,1.5,3.9,5.5,2,0.6,0.8,1.2,2.4,7.8,1440,15.5,0.554,0.357,0.331,7.9,18.3,13.3,13.8,1.3,2.4,14.1,16.4,2.4,1.8,4.3,0.142,1.1,1.5,2.6,1.7
2011/2012,58044000,64640100.3,473604,Golden State Warriors,10,GSW,California,West,Pacific,23,43,0.348,97.8,101.2,-2.79,Earl Barron,C,30,185588,210600,2,0,4.5,1,2,0.5,0,0,,1,2,0.5,0.5,0,0,,0.5,0,0.5,0,0,0,0,2.5,2,9,4.7,0.5,0,0,12.6,0,6.3,0,0,0,0,20.5,0,0,0,0.054,-2,-8.3,-10.3,0
2011/2012,58044000,64640100.3,473604,Boston Celtics,2,BOS,Massachusetts,East,Atlantic,39,27,0.591,91.8,89.3,2.26,Brandon Bass,PF,26,4250000,4822780,59,39,31.7,5.1,10.7,0.479,0,0,,5.1,10.7,0.479,0.479,2.2,2.8,0.81,1.6,4.6,6.2,0.9,0.6,0.9,1.1,2.3,12.5,1868,14.1,0.524,0,0.258,6.3,16.3,11.5,5.1,1,2.2,8.5,19.8,1.5,3.2,4.7,0.122,-2.1,1.1,-1.1,0.4
2011/2012,58044000,64640100.3,473604,Philadelphia 76ers,23,PHI,Pennsylvania,East,Atlantic,35,31,0.53,93.6,89.4,3.59,Tony Battie,C,35,1352181,1534417,27,11,10.9,0.7,1.9,0.373,0,0,0,0.7,1.9,0.38,0.373,0.1,0.1,1,0.3,2.2,2.5,0.6,0.1,0.2,0.1,1,1.6,295,7.3,0.398,0.02,0.078,3,22.3,12.6,7.6,0.7,1.5,7,9,0,0.5,0.5,0.076,-5.7,1.8,-3.9,-0.1
2011/2012,58044000,64640100.3,473604,Miami Heat,16,MIA,Florida,East,Southeast,46,20,0.697,98.5,92.5,5.72,Shane Battier,SF,33,3000000,3404315,65,10,23.1,1.7,4.5,0.387,1,2.8,0.339,0.8,1.7,0.468,0.493,0.4,0.6,0.622,0.9,1.5,2.4,1.3,1,0.5,0.6,1.6,4.8,1499,9.7,0.504,0.627,0.127,4.6,7.7,6.2,8,2.2,1.8,10.7,10.7,1.2,2.1,3.3,0.104,0.2,1.5,1.7,1.4
2011/2012,58044000,64640100.3,473604,Portland Trail Blazers,25,POR,Oregon,West,Northwest,28,38,0.424,97.2,97.8,-0.22,Nicolas Batum,SF,23,2155365,2445847,59,34,30.4,4.9,10.9,0.451,1.8,4.6,0.391,3.1,6.2,0.496,0.534,2.3,2.7,0.836,1.4,3.2,4.6,1.4,1,1,1.5,1.8,13.9,1791,17.3,0.575,0.427,0.248,5.2,12.6,8.8,7.9,1.7,2.6,11.2,20.5,3.3,1.4,4.8,0.127,2.3,0,2.3,1.9
2011/2012,58044000,64640100.3,473604,Toronto Raptors,28,TOR,Ontario,East,Atlantic,23,43,0.348,90.7,94,-3.67,Jerryd Bayless,PG,23,3042280,3452294,31,11,22.7,3.8,8.9,0.424,1.4,3.4,0.423,2.4,5.5,0.424,0.504,2.4,2.8,0.852,0.3,1.9,2.1,3.8,0.8,0.1,1.7,2.3,11.4,705,17.7,0.561,0.377,0.319,1.3,9.5,5.5,30.7,1.8,0.5,14.4,24.6,1.5,0.6,2,0.139,3.2,-1.9,1.3,0.6
2011/2012,58044000,64640100.3,473604,Minnesota Timberwolves,18,MIN,Minnesota,West,Northwest,26,40,0.394,97.9,100.1,-1.83,Michael Beasley,SF,23,6262347,7106335,47,7,23.1,4.7,10.6,0.445,0.8,2.1,0.376,3.9,8.4,0.462,0.483,1.3,2,0.642,0.8,3.6,4.4,1,0.4,0.4,1.7,1.8,11.5,1087,13,0.502,0.203,0.191,4,17.2,10.6,7.7,0.9,1.2,12.9,25.3,-0.3,0.8,0.5,0.022,-2.5,-1.4,-3.9,-0.5
2011/2012,58044000,64640100.3,473604,Dallas Mavericks,7,DAL,Texas,West,Southwest,36,30,0.545,95.8,94.8,1.78,Rodrigue Beaubois,PG,23,1236720,1403395,53,12,21.7,3.5,8.4,0.422,0.7,2.5,0.288,2.8,5.9,0.479,0.465,1.1,1.3,0.841,0.4,2.5,2.8,2.9,1.1,0.5,1.3,1.8,8.9,1151,15.3,0.496,0.297,0.155,1.9,12.8,7.4,22.7,2.6,1.9,12.8,22,0.5,1.7,2.2,0.092,-0.1,1.4,1.3,0.9
2011/2012,58044000,64640100.3,473604,New Orleans Hornets,19,NOH,Louisiana,West,Southwest,21,45,0.318,89.6,93.4,-3.11,Marco Belinelli,SG,25,3377604,3832810,66,55,29.8,4.3,10.4,0.417,1.6,4.3,0.377,2.7,6.1,0.445,0.495,1.5,2,0.783,0.3,2.3,2.6,1.5,0.7,0.1,1,1.7,11.8,1966,11.9,0.525,0.414,0.188,1.2,9.1,5.2,8.9,1.3,0.2,8.5,19.5,1.9,1,2.9,0.071,0.5,-1.8,-1.4,0.3
2011/2012,58044000,64640100.3,473604,Utah Jazz,29,UTA,Utah,West,Northwest,36,30,0.545,99.7,99,0.92,Raja Bell,SG,35,3240000,3676661,34,33,23.4,2.4,5.1,0.466,1,2.6,0.391,1.4,2.6,0.54,0.563,0.6,0.7,0.84,0.2,1.3,1.4,1.1,0.4,0.1,0.6,2.3,6.4,796,8.3,0.586,0.5,0.144,0.9,6.3,3.5,7,0.9,0.2,10.2,11.6,1,0.1,1.1,0.069,0.5,-1.6,-1.1,0.2
2011/2012,58044000,64640100.3,473604,Golden State Warriors,10,GSW,California,West,Pacific,23,43,0.348,97.8,101.2,-2.79,Keith Benson,C,23,#N/A,#N/A,3,0,3,0,0.3,0,0,0,,0,0.3,0,0,0,0,,0.7,0.3,1,0,0,0,0,0,0,9,6,0,0,0,25.3,12.6,18.9,0,0,0,0,5.1,0,0,0,-0.005,-5.4,-5.1,-10.4,0
2011/2012,58044000,64640100.3,473604,New York Knicks,20,NYK,New York,East,Atlantic,36,30,0.545,97.8,94.7,2.39,Mike Bibby,PG,33,1352181,1534417,39,4,14.3,0.9,3.2,0.282,0.7,2.2,0.318,0.2,1,0.205,0.391,0.2,0.2,0.75,0.1,1.4,1.5,2.1,0.5,0.1,0.5,1.2,2.6,557,7.8,0.404,0.685,0.065,1,11.3,6.1,21.2,1.9,0.4,13.6,11.9,0,0.7,0.7,0.061,-2.3,-0.2,-2.5,-0.1
2011/2012,58044000,64640100.3,473604,Golden State Warriors,10,GSW,California,West,Pacific,23,43,0.348,97.8,101.2,-2.79,Andris Biedrins,C,25,9000000,10212947,47,35,15.7,0.8,1.4,0.609,0,0,,0.8,1.4,0.609,0.609,0,0.2,0.111,1,2.8,3.7,0.3,0.5,1,0.3,2.7,1.7,739,8.8,0.581,0,0.141,6.9,20,13.5,3,1.6,4.7,17.1,5.1,0.6,0.7,1.3,0.085,-3.1,2.9,-0.2,0.3
2011/2012,58044000,64640100.3,473604,Los Angeles Clippers,13,LAC,California,West,Pacific,40,26,0.606,97.5,95,2.82,Chauncey Billups,SG,35,14200000,16113761,20,20,30.4,4.2,11.4,0.364,2.4,6.3,0.384,1.8,5.2,0.34,0.469,4.3,4.8,0.895,0.2,2.3,2.5,4,0.5,0.2,1.9,2,15,607,16.1,0.554,0.548,0.417,0.8,9.1,4.9,21,0.8,0.4,12.3,23.4,1.5,0.2,1.7,0.135,2.9,-3.2,-0.4,0.3
2011/2012,58044000,64640100.3,473604,Charlotte Bobcats,4,CHA,North Carolina,East,Southeast,7,59,0.106,87,100.9,-13.96,Bismack Biyombo,C,19,2798040,3175137,63,41,23.1,2,4.4,0.464,0,0,,2,4.4,0.464,0.464,1.1,2.3,0.483,1.8,4,5.8,0.4,0.3,1.8,1.1,2.3,5.2,1455,10.6,0.48,0,0.514,8.6,20.8,14.5,3.1,0.7,5.9,17.2,13.1,-0.5,1.1,0.6,0.019,-5.4,1.5,-3.9,-0.7
2011/2012,58044000,64640100.3,473604,San Antonio Spurs,27,SAS,Texas,West,Southwest,50,16,0.758,103.7,96.5,7.28,DeJuan Blair,PF,22,986000,1118885,64,62,21.3,4.2,7.9,0.534,0,0,0,4.2,7.9,0.535,0.534,1.1,1.9,0.613,2.4,3.1,5.5,1.2,0.9,0.2,1.4,2.6,9.5,1363,17.6,0.549,0.002,0.236,13.2,16.3,14.8,9.2,2.2,0.6,14.2,21.7,2.2,1.8,4,0.142,0.8,0.8,1.6,1.2
2011/2012,58044000,64640100.3,473604,Los Angeles Lakers,14,LAL,California,West,Pacific,41,25,0.621,97.3,95.9,1.96,Steve Blake,PG,31,4000000,4539087,53,5,23.3,1.9,5.1,0.377,1,3,0.335,0.9,2.1,0.436,0.476,0.4,0.5,0.778,0.2,1.4,1.6,3.3,0.7,0,1.4,1.4,5.2,1237,8.5,0.493,0.59,0.101,0.9,6.6,3.8,21,1.7,0.1,20.5,13,0.2,0.8,1,0.04,-1.4,-1.4,-2.9,-0.3
2011/2012,58044000,64640100.3,473604,Washington Wizards,30,WAS,Washington DC,East,Southeast,20,46,0.303,93.6,98.4,-5.14,Andray Blatche,PF,25,6442083,7310295,26,13,24.1,3.6,9.4,0.38,0.1,0.3,0.286,3.5,9.2,0.382,0.384,1.3,1.9,0.673,1.6,4.2,5.8,1.1,0.8,0.7,1.4,2.1,8.5,626,10.6,0.415,0.029,0.2,7.5,19.6,13.5,7.3,1.7,2.1,12.2,21.7,-0.8,0.6,-0.1,-0.011,-4.8,-0.3,-5.1,-0.5
2011/2012,58044000,64640100.3,473604,Los Angeles Clippers,13,LAC,California,West,Pacific,40,26,0.606,97.5,95,2.82,Eric Bledsoe,PG,22,1596360,1811504,40,1,11.6,1.2,3.2,0.389,0.2,0.8,0.2,1.1,2.4,0.448,0.413,0.7,1.1,0.636,0.6,1.1,1.6,1.7,0.8,0.4,1.2,1.5,3.3,464,11.2,0.454,0.238,0.349,5.6,11.1,8.3,21.6,3.6,2.5,24.4,19.1,-0.4,0.6,0.2,0.022,-3,2,-0.9,0.1
2011/2012,58044000,64640100.3,473604,New Jersey Nets,3,NJN,New Jersey,East,Atlantic,22,44,0.333,93.1,99.1,-6.37,Keith Bogans,SF,31,848266,962588,5,1,18.8,1.6,4.2,0.381,0.6,2.4,0.25,1,1.8,0.556,0.452,0.4,1,0.4,1,1.2,2.2,0.6,0.4,0,0.6,3,4.2,94,4.8,0.453,0.571,0.238,6,7.6,6.8,5.1,1.1,0,11.5,12.8,0,0,0,-0.005,-2.3,-2.7,-5.1,-0.1
2011/2012,58044000,64640100.3,473604,Milwaukee Bucks,17,MIL,Wisconsin,East,Central,31,35,0.47,99,98.7,-0.23,Andrew Bogut,C,27,12000000,13617263,12,12,30.3,5.1,11.3,0.449,0,0.1,0,5.1,11.3,0.452,0.449,1.2,1.9,0.609,1.8,6.5,8.3,2.6,1,2,2,3,11.3,364,14.9,0.465,0.007,0.169,6.5,24.3,15.1,13.7,1.7,5,14.1,20.6,-0.1,0.6,0.5,0.062,-3.2,3.2,0,0.2
2011/2012,58044000,64640100.3,473604,San Antonio Spurs,27,SAS,Texas,West,Southwest,50,16,0.758,103.7,96.5,7.28,Matt Bonner,PF,31,3315000,3761769,65,2,20.4,2.4,5.4,0.44,1.6,3.8,0.42,0.8,1.5,0.49,0.59,0.2,0.3,0.762,0.4,2.8,3.3,0.9,0.2,0.3,0.2,1,6.6,1326,13.2,0.597,0.714,0.06,2.6,15.7,9.3,6.5,0.6,1.1,3.8,12.8,2.7,1.2,4,0.143,2.3,-0.3,2,1.3
2011/2012,58044000,64640100.3,473604,Washington Wizards,30,WAS,Washington DC,East,Southeast,20,46,0.303,93.6,98.4,-5.14,Trevor Booker,PF,24,1294920,1469438,50,32,25.2,3.6,6.8,0.531,0,0,0.5,3.6,6.8,0.531,0.532,1.1,1.9,0.602,2.4,4.1,6.5,0.8,1,0.9,1.2,2.8,8.4,1261,15.4,0.549,0.006,0.273,10.6,18.6,14.5,5.1,2,2.6,13.2,15.6,1.6,1.4,3,0.113,-0.7,1,0.3,0.7
2011/2012,58044000,64640100.3,473604,Chicago Bulls,5,CHI,Illinois,East,Central,50,16,0.758,96.3,88.2,7.43,Carlos Boozer,PF,30,13500000,15319421,66,66,29.5,6.8,12.8,0.532,0,0,0,6.8,12.7,0.533,0.532,1.4,2.1,0.693,1.7,6.8,8.5,1.9,1,0.4,1.7,2.5,15,1948,19.7,0.549,0.001,0.163,6.7,25.3,16.1,11.8,1.7,0.9,11.3,23.8,3.3,4.3,7.6,0.187,0.3,1.7,2,2
2011/2012,58044000,64640100.3,473604,Miami Heat,16,MIA,Florida,East,Southeast,46,20,0.697,98.5,92.5,5.72,Chris Bosh,PF,27,16022500,18181883,57,57,35.2,6.9,14.2,0.487,0.2,0.6,0.286,6.7,13.5,0.496,0.493,4,4.9,0.821,1.6,6.3,7.9,1.8,0.9,0.8,2.1,2.2,18,2007,18.9,0.551,0.043,0.346,5.8,20.5,13.5,9.1,1.3,1.8,11.2,24.2,3.6,3.3,6.9,0.165,-0.3,0.3,0,1
2011/2012,58044000,64640100.3,473604,Houston Rockets,11,HOU,Texas,West,Southwest,34,32,0.515,98.1,97.9,0.57,Earl Boykins,PG,35,#N/A,#N/A,8,0,13.9,1.5,4.5,0.333,0.3,1.1,0.222,1.3,3.4,0.37,0.361,1.6,1.9,0.867,0,1.4,1.4,2.1,0.1,0,0.9,0.6,4.9,111,10.3,0.458,0.25,0.417,0,11.6,5.7,23,0.5,0,14.1,20.3,0,0,0.1,0.029,-3.2,-3.1,-6.3,-0.1
2011/2012,58044000,64640100.3,473604,Philadelphia 76ers,23,PHI,Pennsylvania,East,Atlantic,35,31,0.53,93.6,89.4,3.59,Craig Brackins,PF,24,1404960,1594309,14,1,6.3,0.6,2.4,0.273,0.2,0.6,0.333,0.4,1.7,0.25,0.318,0.1,0.1,0.5,0.4,0.7,1.1,0.6,0,0.1,0.3,0.4,1.6,88,4.3,0.325,0.273,0.061,6.3,12.7,9.5,13.5,0,0.9,10.6,20.2,-0.2,0.1,-0.1,-0.065,-6.3,-1.9,-8.1,-0.1
2011/2012,58044000,64640100.3,473604,Boston Celtics,2,BOS,Massachusetts,East,Atlantic,39,27,0.591,91.8,89.3,2.26,Avery Bradley,PG,21,1524480,1729937,64,28,21.4,3.1,6.3,0.498,0.3,0.8,0.407,2.8,5.4,0.511,0.525,1,1.2,0.795,0.5,1.3,1.8,1.4,0.7,0.2,1.2,1.7,7.6,1368,11.3,0.555,0.134,0.194,3.1,6.7,5,10.8,1.7,0.7,14.7,17.9,0.6,1.9,2.4,0.085,-1.6,0.3,-1.3,0.2
2011/2012,58044000,64640100.3,473604,Philadelphia 76ers,23,PHI,Pennsylvania,East,Atlantic,35,31,0.53,93.6,89.4,3.59,Elton Brand,C,32,17059727,19358900,60,60,28.9,4.8,9.7,0.494,0,0,0,4.8,9.7,0.495,0.494,1.4,1.9,0.733,2.4,4.7,7.2,1.6,1,1.6,1.1,2.9,11,1732,18,0.521,0.002,0.2,9.2,18.3,13.7,9.2,1.8,4.2,9.3,18.9,2.5,3.6,6.1,0.168,-0.5,3.4,2.9,2.2
2011/2012,58044000,64640100.3,473604,Denver Nuggets,8,DEN,Colorado,West,Northwest,38,28,0.576,104.1,101.2,3.16,Corey Brewer,SF,25,3059000,3471267,59,17,21.8,3.4,7.8,0.434,0.6,2.2,0.26,2.8,5.7,0.5,0.47,1.5,2.2,0.692,0.7,1.8,2.5,1.5,1.2,0.3,0.9,1.9,8.9,1287,13.7,0.505,0.274,0.281,4,9.4,6.8,10.6,2.9,1,9.7,20,1.1,1.1,2.3,0.085,0.3,0,0.3,0.8
2011/2012,58044000,64640100.3,473604,Chicago Bulls,5,CHI,Illinois,East,Central,50,16,0.758,96.3,88.2,7.43,Ronnie Brewer,SG,26,4710000,5344776,66,43,24.8,2.9,6.7,0.427,0.3,1,0.275,2.6,5.7,0.455,0.448,0.8,1.5,0.56,1.1,2.4,3.5,2.1,1.1,0.3,0.9,1,6.9,1635,12.3,0.465,0.155,0.225,5,10.6,7.9,12.7,2.4,0.9,10.8,15.3,1,2.9,3.9,0.113,-1,2.3,1.2,1.3
2011/2012,58044000,64640100.3,473604,Milwaukee Bucks,17,MIL,Wisconsin,East,Central,31,35,0.47,99,98.7,-0.23,Jon Brockman,PF,24,1000000,1134771,35,0,6.8,0.4,1.3,0.333,0,0,0,0.4,1.3,0.341,0.333,0.2,0.4,0.467,0.9,1.2,2.1,0.3,0.1,0,0.3,0.9,1.1,239,6.6,0.359,0.022,0.333,14.8,19.9,17.3,5.2,0.9,0.3,16.2,11.4,-0.1,0.2,0.1,0.023,-4.5,-0.8,-5.3,-0.2
2011/2012,58044000,64640100.3,473604,New Jersey Nets,3,NJN,New Jersey,East,Atlantic,22,44,0.333,93.1,99.1,-6.37,MarShon Brooks,SG,23,1110120,1259733,56,47,29.4,4.9,11.4,0.428,0.8,2.7,0.313,4.1,8.8,0.463,0.465,2,2.6,0.764,1.3,2.3,3.6,2.3,0.9,0.3,2.1,2.1,12.6,1648,12.9,0.502,0.234,0.231,4.8,9.4,7,14.6,1.7,0.7,14.3,22.9,0.5,0.3,0.8,0.022,-0.7,-1.8,-2.5,-0.2
2011/2012,58044000,64640100.3,473604,Charlotte Bobcats,4,CHA,North Carolina,East,Southeast,7,59,0.106,87,100.9,-13.96,Derrick Brown,SF,24,854389,969536,65,17,22.2,3.3,6.3,0.518,0.1,0.4,0.25,3.2,5.9,0.535,0.526,1.4,2.2,0.667,1.5,2.2,3.6,1,0.7,0.2,0.8,1.5,8.1,1443,14.7,0.556,0.059,0.345,7.3,11.6,9.4,8.5,1.8,0.6,10.5,16.8,2,0.3,2.3,0.076,-0.3,-1.2,-1.5,0.2
2011/2012,58044000,64640100.3,473604,Golden State Warriors,10,GSW,California,West,Pacific,23,43,0.348,97.8,101.2,-2.79,Kwame Brown,C,29,6750000,7659710,9,3,20.8,2.3,4.4,0.525,0,0,,2.3,4.4,0.525,0.525,1.7,3.8,0.441,1.8,4.6,6.3,0.4,0.9,0,1.6,2.3,6.3,187,11.1,0.519,0,0.85,9.7,24.8,17.3,3.2,2.2,0,20.3,17,-0.1,0.2,0.1,0.031,-4.7,-1.5,-6.2,-0.2
2011/2012,58044000,64640100.3,473604,Phoenix Suns,24,PHO,Arizona,West,Pacific,33,33,0.5,98.4,98.6,0.29,Shannon Brown,SG,26,3500000,3971701,59,19,23.7,4.3,10.1,0.42,1.2,3.2,0.362,3.1,6.9,0.446,0.477,1.4,1.7,0.808,0.6,2,2.7,1.2,0.7,0.3,1.1,1.1,11,1400,13.6,0.507,0.314,0.166,3.1,9.5,6.3,8.1,1.6,0.8,9.1,22.8,0.8,0.8,1.6,0.054,0,-1.3,-1.3,0.2
2011/2012,58044000,64640100.3,473604,Los Angeles Lakers,14,LAL,California,West,Pacific,41,25,0.621,97.3,95.9,1.96,Kobe Bryant,SG,33,25244493,28646743,58,58,38.5,9.9,23,0.43,1.5,4.9,0.303,8.4,18.1,0.464,0.462,6.6,7.8,0.845,1.1,4.3,5.4,4.6,1.2,0.3,3.5,1.8,27.9,2232,21.9,0.527,0.215,0.338,3.5,11.8,7.8,23.7,1.6,0.6,11.7,35.7,4.2,2,6.2,0.132,3.6,-1.4,2.3,2.4
2011/2012,58044000,64640100.3,473604,Houston Rockets,11,HOU,Texas,West,Southwest,34,32,0.515,98.1,97.9,0.57,Chase Budinger,SF,23,854389,969536,58,9,22.4,3.6,8.1,0.442,1.5,3.8,0.402,2.1,4.3,0.476,0.535,0.9,1.2,0.771,0.7,3.1,3.7,1.3,0.5,0.1,0.9,1.1,9.6,1298,14.9,0.556,0.465,0.149,3.4,16.2,9.7,9.3,1.2,0.4,9.9,19.5,2,1,3,0.111,1.2,-1.3,0,0.6
2011/2012,58044000,64640100.3,473604,Utah Jazz,29,UTA,Utah,West,Northwest,36,30,0.545,99.7,99,0.92,Alec Burks,SG,20,2020200,2292466,59,0,15.9,2.6,6.1,0.429,0.3,0.8,0.333,2.3,5.3,0.442,0.45,1.8,2.4,0.727,1,1.3,2.2,0.9,0.5,0.1,0.9,1.4,7.2,939,14,0.506,0.126,0.401,6.9,9.3,8.1,9.5,1.5,0.4,10.8,22.5,1.1,0.4,1.5,0.076,-0.2,-2.2,-2.5,-0.1
2011/2012,58044000,64640100.3,473604,Los Angeles Clippers,13,LAC,California,West,Pacific,40,26,0.606,97.5,95,2.82,Caron Butler,SF,31,8000000,9078175,63,63,29.7,4.6,11.2,0.407,1.5,4.1,0.358,3.1,7.1,0.435,0.472,1.4,1.7,0.813,0.7,3,3.7,1.2,0.8,0.1,1.2,2,12,1871,11.7,0.501,0.365,0.152,2.8,12,7.3,6.8,1.5,0.4,9.3,20.4,1.2,1.1,2.3,0.059,-0.7,-1.5,-2.2,-0.1
2011/2012,58044000,64640100.3,473604,Chicago Bulls,5,CHI,Illinois,East,Central,50,16,0.758,96.3,88.2,7.43,Jimmy Butler,SG,22,1020960,1158556,42,0,8.5,0.8,1.9,0.405,0,0.3,0.182,0.7,1.6,0.441,0.418,1,1.3,0.768,0.5,0.8,1.3,0.3,0.3,0.1,0.3,0.5,2.6,359,12.5,0.526,0.139,0.709,7.3,10.1,8.7,5.7,1.6,1,11.9,14.9,0.5,0.6,1.1,0.144,-1.7,0.4,-1.3,0.1
2011/2012,58044000,64640100.3,473604,Toronto Raptors,28,TOR,Ontario,East,Atlantic,23,43,0.348,90.7,94,-3.67,Rasual Butler,SF,32,1229255,1394924,34,14,13.3,1.2,3.9,0.308,0.6,2.3,0.273,0.6,1.6,0.357,0.387,0.2,0.4,0.583,0.2,1.8,1.9,0.6,0.2,0.1,0.4,1.1,3.2,453,4.8,0.398,0.579,0.09,1.6,15.4,8.5,6.8,0.8,0.9,9.8,15.9,-0.6,0.4,-0.2,-0.022,-4.2,-1.3,-5.5,-0.4
2011/2012,58044000,64640100.3,473604,San Antonio Spurs,27,SAS,Texas,West,Southwest,50,16,0.758,103.7,96.5,7.28,0,PF,27,#N/A,#N/A,2,0,18.5,1.5,5.5,0.273,0,3,0,1.5,2.5,0.6,0.273,2,2,1,3,2.5,5.5,0.5,1,0,0,1,5,37,14.9,0.392,0.545,0.364,19,15.2,17.1,3.7,2.8,0,0,15.7,0.1,0.1,0.1,0.147,1.6,-1.1,0.6,0
2011/2012,58044000,64640100.3,473604,Los Angeles Lakers,14,LAL,California,West,Pacific,41,25,0.621,97.3,95.9,1.96,Andrew Bynum,C,24,14900000,16908102,60,60,35.2,7.4,13.3,0.558,0,0.1,0.2,7.4,13.2,0.56,0.558,3.9,5.6,0.692,3.2,8.6,11.8,1.4,0.5,1.9,2.5,1.7,18.7,2112,22.9,0.594,0.006,0.425,10.6,26.1,18.7,7.4,0.7,4,13.9,23.8,4.8,3.3,8,0.183,0.7,1.2,1.8,2
2011/2012,58044000,64640100.3,473604,Detroit Pistons,9,DET,Michigan,East,Central,25,41,0.379,90.9,95.7,-5.19,Will Bynum,PG,29,3250000,3688008,36,0,14.3,2.1,5.4,0.381,0.2,0.8,0.241,1.9,4.6,0.406,0.399,1.4,1.8,0.766,0.3,1.3,1.6,1.8,0.6,0.1,1.5,1.7,5.7,514,10,0.459,0.149,0.33,2.3,11.1,6.5,22.4,2.4,0.5,19.6,24.8,-0.7,0.4,-0.2,-0.022,-3.6,-1.6,-5.2,-0.4
2011/2012,58044000,64640100.3,473604,Toronto Raptors,28,TOR,Ontario,East,Atlantic,23,43,0.348,90.7,94,-3.67,Jose Calderon,PG,30,9780992,11099195,53,53,33.9,4.1,9,0.457,1.1,3,0.371,3,6,0.5,0.519,1.1,1.3,0.882,0.4,2.7,3,8.8,0.9,0.1,2,1.8,10.5,1799,16.7,0.547,0.333,0.143,1.3,9.1,5.2,44.2,1.4,0.1,17,16,3.9,1.2,5.1,0.136,2.2,-2.6,-0.4,0.7
2011/2012,58044000,64640100.3,473604,#N/A,#N/A,TOT,#N/A,#N/A,#N/A,#N/A,#N/A,#N/A,#N/A,#N/A,#N/A,Marcus Camby,C,37,11227250,12740368,59,53,22.9,2.2,4.9,0.446,0,0.1,0.4,2.1,4.8,0.447,0.449,0.5,1.1,0.453,2.7,6.3,9,1.8,0.8,1.4,1,2.1,4.9,1352,16.2,0.455,0.017,0.223,13.3,32.7,22.8,11.9,1.9,4.8,15.3,12.6,1.1,2.5,3.6,0.127,-1.9,4.9,3,1.7
2011/2012,58044000,64640100.3,473604,Portland Trail Blazers,25,POR,Oregon,West,Northwest,28,38,0.424,97.2,97.8,-0.22,Marcus Camby,C,37,11227250,12740368,40,40,22.4,1.7,4,0.416,0,0,,1.7,4,0.416,0.416,0.5,1,0.474,2.6,6.2,8.9,1.9,0.8,1.4,1.2,2.2,3.8,894,14.5,0.428,0,0.236,13.4,33.2,23.1,12.4,1.9,4.8,20.9,11.5,0.3,1.6,1.9,0.1,-2.8,5.2,2.4,1
2011/2012,58044000,64640100.3,473604,Houston Rockets,11,HOU,Texas,West,Southwest,34,32,0.515,98.1,97.9,0.57,Marcus Camby,C,37,11227250,12740368,19,13,24.1,3.2,6.6,0.484,0.1,0.3,0.4,3.1,6.4,0.488,0.492,0.6,1.4,0.423,2.7,6.5,9.3,1.7,0.9,1.5,0.5,2,7.1,458,19.6,0.491,0.04,0.206,13,31.7,22.3,10.9,1.9,4.7,6.8,14.6,0.8,0.9,1.7,0.179,-0.2,4.3,4.1,0.7
2011/2012,58044000,64640100.3,473604,Dallas Mavericks,7,DAL,Texas,West,Southwest,36,30,0.545,95.8,94.8,1.78,Brian Cardinal,SF,34,1352181,1534417,44,0,6.3,0.3,1.3,0.255,0.2,1.1,0.204,0.1,0.1,0.667,0.345,0.1,0.1,0.833,0.1,0.7,0.8,0.4,0.2,0,0.2,0.9,1,277,3.3,0.373,0.891,0.109,1.6,12.1,6.9,8.3,1.5,0.6,12.2,11,-0.3,0.3,0,0.004,-3.8,0.1,-3.7,-0.1
2011/2012,58044000,64640100.3,473604,#N/A,#N/A,TOT,#N/A,#N/A,#N/A,#N/A,#N/A,#N/A,#N/A,#N/A,#N/A,DeMarre Carroll,SF-PF,25,833713,946073,24,9,14.5,1.8,4.4,0.41,0.3,0.8,0.368,1.5,3.6,0.419,0.443,0.6,0.7,0.875,1.2,1,2.2,0.8,0.5,0,0.5,1.5,4.5,348,11.1,0.478,0.181,0.152,9.1,8.3,8.8,8.1,1.8,0.2,8.9,15.9,0.3,0.2,0.5,0.069,0,-1.3,-1.3,0.1
2011/2012,58044000,64640100.3,473604,Denver Nuggets,8,DEN,Colorado,West,Northwest,38,28,0.576,104.1,101.2,3.16,DeMarre Carroll,PF,25,833713,946073,4,0,5.3,1.5,1.5,1,0,0,,1.5,1.5,1,1,0,0,,0,0.8,0.8,0.8,0,0,0.5,0.3,3,21,25.2,1,0,0,0,16.2,8.3,27.7,0,0,25,17,0.1,0,0.1,0.211,4.8,-3.4,1.4,0
2011/2012,58044000,64640100.3,473604,Utah Jazz,29,UTA,Utah,West,Northwest,36,30,0.545,99.7,99,0.92,DeMarre Carroll,SF,25,833713,946073,20,9,16.4,1.9,5,0.374,0.4,1,0.368,1.5,4,0.375,0.409,0.7,0.8,0.875,1.4,1.1,2.5,0.8,0.6,0.1,0.5,1.8,4.8,327,10.1,0.448,0.192,0.162,9.7,7.8,8.8,6.9,1.9,0.2,7.8,15.8,0.2,0.2,0.4,0.06,-0.3,-1.1,-1.5,0
2011/2012,58044000,64640100.3,473604,Charlotte Bobcats,4,CHA,North Carolina,East,Southeast,7,59,0.106,87,100.9,-13.96,Matt Carroll,SG,31,3900000,4425610,53,2,11.2,1,3,0.331,0.2,0.8,0.186,0.8,2.2,0.386,0.357,0.6,0.7,0.789,0.2,0.9,1.1,0.7,0.3,0.1,0.5,1,2.7,596,5.6,0.409,0.274,0.242,1.5,10,5.6,10.6,1.4,0.9,12.1,15.3,-0.7,0.1,-0.6,-0.051,-5.3,-2.1,-7.3,-0.8
2011/2012,58044000,64640100.3,473604,Toronto Raptors,28,TOR,Ontario,East,Atlantic,23,43,0.348,90.7,94,-3.67,Anthony Carter,PG,36,1352181,1534417,24,0,8.7,0.7,2.2,0.321,0.2,0.7,0.294,0.5,1.5,0.333,0.368,0.3,0.4,0.8,0.2,1.2,1.4,1.4,0.3,0.2,0.7,0.8,2,209,8.7,0.409,0.321,0.189,2.8,15.5,9.3,25.9,2.1,1.6,22.8,16.8,-0.3,0.3,0,0.001,-4.2,0.9,-3.3,-0.1
2011/2012,58044000,64640100.3,473604,Dallas Mavericks,7,DAL,Texas,West,Southwest,36,30,0.545,95.8,94.8,1.78,Vince Carter,SG,35,21300000,24170642,61,40,25.3,3.7,8.9,0.411,1.2,3.4,0.361,2.4,5.5,0.442,0.48,1.6,1.9,0.826,0.5,2.8,3.4,2.3,0.9,0.4,1.4,2.2,10.1,1542,13.6,0.519,0.378,0.212,2.3,12.5,7.5,15,1.9,1.3,12.4,20.4,1,1.8,2.9,0.09,0,0.6,0.6,1
2011/2012,58044000,64640100.3,473604,Cleveland Cavaliers,6,CLE,Ohio,East,Central,21,45,0.318,93,100.2,-7.34,Omri Casspi,SF,23,1341960,1522818,65,35,20.6,2.6,6.3,0.403,0.8,2.6,0.315,1.7,3.8,0.463,0.467,1.1,1.7,0.685,1,2.5,3.5,1,0.6,0.3,1,1.8,7.1,1341,11.2,0.499,0.408,0.262,5.1,14.5,9.7,8.4,1.5,1.2,12.2,17.6,0.6,0.6,1.2,0.044,-1.2,-1.1,-2.4,-0.1
2011/2012,58044000,64640100.3,473604,Miami Heat,16,MIA,Florida,East,Southeast,46,20,0.697,98.5,92.5,5.72,Mario Chalmers,PG,25,4000000,4539087,64,64,28.5,3.5,7.8,0.448,1.6,4.1,0.388,1.9,3.7,0.513,0.549,1.3,1.6,0.792,0.3,2.4,2.7,3.5,1.5,0.2,2.2,2.6,9.8,1825,13,0.578,0.522,0.203,1.1,9.8,5.6,19,2.8,0.5,20.7,17.4,1.5,2.8,4.3,0.112,1,0.4,1.4,1.5
2011/2012,58044000,64640100.3,473604,New York Knicks,20,NYK,New York,East,Atlantic,36,30,0.545,97.8,94.7,2.39,Tyson Chandler,C,29,13107837,14874406,62,62,33.2,3.9,5.7,0.679,0,0,0,3.9,5.7,0.683,0.679,3.5,5.1,0.689,3.4,6.5,9.9,0.9,0.9,1.4,1.6,3,11.3,2061,18.7,0.708,0.006,0.887,11.8,22.7,17.2,4.3,1.4,3.4,17.1,13,5.8,3.6,9.5,0.22,1.4,2.8,4.1,3.2
2011/2012,58044000,64640100.3,473604,Denver Nuggets,8,DEN,Colorado,West,Northwest,38,28,0.576,104.1,101.2,3.16,Wilson Chandler,SF,24,#N/A,#N/A,8,6,26.9,3.9,9.9,0.392,0.4,1.5,0.25,3.5,8.4,0.418,0.411,1.3,1.5,0.833,0.8,4.4,5.1,2.1,0.8,0.8,2.3,2.3,9.4,215,9,0.445,0.152,0.152,3.4,18.4,11.1,12,1.4,2.2,17.6,21.2,-0.3,0.2,-0.1,-0.021,-4.5,0.5,-4,-0.1
2011/2012,58044000,64640100.3,473604,Phoenix Suns,24,PHO,Arizona,West,Pacific,33,33,0.5,98.4,98.6,0.29,Josh Childress,SF,28,6000000,6808631,34,0,14.4,1.4,2.9,0.485,0.1,0.7,0.167,1.3,2.2,0.587,0.505,0,0.1,0,0.9,1.9,2.8,1,0.4,0.2,0.3,1.1,2.9,491,11.1,0.501,0.242,0.02,7.2,14.6,10.9,10,1.5,0.9,8.3,10.1,0.6,0.4,0.9,0.092,-0.3,1.4,1.1,0.4
2011/2012,58044000,64640100.3,473604,Orlando Magic,22,ORL,Florida,East,Southeast,37,29,0.561,94.2,93.4,0.46,Earl Clark,PF,24,1160000,1316335,45,1,12.4,1.1,3.1,0.367,0,0,,1.1,3.1,0.367,0.367,0.5,0.6,0.724,0.8,2,2.8,0.4,0.3,0.7,0.6,1.6,2.7,559,8.1,0.405,0,0.209,7.1,18.6,12.8,5.2,1.2,4.5,14.1,14.8,-0.5,0.8,0.3,0.027,-6.2,2.4,-3.8,-0.3
2011/2012,58044000,64640100.3,473604,Miami Heat,16,MIA,Florida,East,Southeast,46,20,0.697,98.5,92.5,5.72,Norris Cole,PG,23,1035960,1175578,65,2,19.4,2.7,6.9,0.393,0.3,1.2,0.276,2.4,5.8,0.417,0.417,1,1.3,0.776,0.3,1.1,1.4,2,0.7,0,1.6,1.9,6.8,1260,7.9,0.452,0.169,0.189,2.1,6.4,4.3,17,1.8,0.1,17.7,21.8,-1.4,1.4,0,0,-4.1,-1.8,-5.9,-1.2
2011/2012,58044000,64640100.3,473604,Atlanta Hawks,1,ATL,Georgia,East,Southeast,40,26,0.606,96.6,93.2,2.67,Jason Collins,C,33,1352181,1534417,30,10,10.3,0.5,1.3,0.4,0,0,,0.5,1.3,0.4,0.4,0.2,0.5,0.467,0.4,1.2,1.6,0.3,0.1,0.1,0.3,1.1,1.3,308,3.7,0.418,0,0.375,4.6,13.6,9.1,4.6,0.7,0.7,17.7,8.6,-0.2,0.3,0.2,0.025,-5.6,0.5,-5.1,-0.2
2011/2012,58044000,64640100.3,473604,Indiana Pacers,12,IND,Indiana,East,Central,42,24,0.636,97.7,94.4,2.6,Darren Collison,PG,24,1455960,1652182,60,56,31.3,3.8,8.7,0.44,0.6,1.6,0.362,3.3,7.2,0.457,0.472,2.1,2.6,0.83,0.5,2.6,3.1,4.8,0.8,0.2,1.9,1.7,10.4,1878,13.6,0.526,0.18,0.293,1.8,9.3,5.6,24.9,1.4,0.6,16.2,17,2.3,1.5,3.8,0.098,0.5,-0.8,-0.3,0.8
2011/2012,58044000,64640100.3,473604,Oklahoma City Thunder,21,OKC,Oklahoma,West,Northwest,47,19,0.712,103.1,96.9,6.44,Nick Collison,PF,31,3272997,3714105,63,0,20.7,1.9,3.2,0.597,0,0,0,1.9,3.2,0.6,0.597,0.7,1,0.71,1.9,2.5,4.3,1.3,0.5,0.4,1,2.4,4.5,1307,12.1,0.622,0.005,0.308,11.1,12.7,12,9.3,1.3,1.6,21.1,10,2.3,1.2,3.5,0.13,0.9,1.3,2.2,1.4
2011/2012,58044000,64640100.3,473604,Memphis Grizzlies,15,MEM,Tennessee,West,Southwest,41,25,0.621,95,93,2.43,Mike Conley,PG,24,6611571,7502625,62,61,35.1,4.8,11,0.433,1,2.6,0.377,3.8,8.5,0.45,0.477,2.2,2.5,0.861,0.4,2.2,2.5,6.5,2.2,0.2,2,2.1,12.7,2174,16.8,0.523,0.232,0.231,1.2,7.4,4.2,29.8,3.3,0.4,14.2,18.3,3.6,2.8,6.4,0.141,1.8,0.1,1.9,2.1
2011/2012,58044000,64640100.3,473604,#N/A,#N/A,TOT,#N/A,#N/A,#N/A,#N/A,#N/A,#N/A,#N/A,#N/A,#N/A,Brian Cook,PF,31,1223166,1388014,32,0,8.6,1,3.1,0.316,0.3,1.6,0.2,0.7,1.5,0.438,0.367,0.3,0.3,0.9,0.3,1.7,2,0.3,0.2,0.2,0.3,1.5,2.5,276,5.8,0.396,0.51,0.102,4.1,22.3,13.1,5.7,1.1,1.5,9.7,18.7,-0.3,0.3,-0.1,-0.011,-4.8,-2.1,-6.9,-0.3
2011/2012,58044000,64640100.3,473604,Los Angeles Clippers,13,LAC,California,West,Pacific,40,26,0.606,97.5,95,2.82,Brian Cook,PF,31,1223166,1388014,16,0,7.6,0.7,3.1,0.224,0.3,1.7,0.185,0.4,1.4,0.273,0.276,0.3,0.3,1,0.3,1.2,1.4,0.1,0.1,0.3,0.3,1.6,1.9,121,0,0.305,0.551,0.082,3.9,18.9,11.3,2.5,0.9,2.8,7.3,20.9,-0.4,0.1,-0.2,-0.098,-7.7,-2.8,-10.5,-0.3
2011/2012,58044000,64640100.3,473604,Washington Wizards,30,WAS,Washington DC,East,Southeast,20,46,0.303,93.6,98.4,-5.14,Brian Cook,PF,31,1223166,1388014,16,0,9.7,1.3,3.1,0.408,0.3,1.4,0.217,0.9,1.6,0.577,0.459,0.3,0.4,0.833,0.4,2.1,2.5,0.5,0.3,0.1,0.4,1.4,3.1,155,10.4,0.484,0.469,0.122,4.3,25,14.6,8.2,1.3,0.5,11.9,16.9,0,0.2,0.2,0.058,-2.5,-1.6,-4,-0.1
2011/2012,58044000,64640100.3,473604,Oklahoma City Thunder,21,OKC,Oklahoma,West,Northwest,47,19,0.712,103.1,96.9,6.44,Daequan Cook,SG,24,3341558,3791906,57,22,17.4,1.9,5.2,0.368,1.4,4,0.346,0.5,1.2,0.441,0.502,0.2,0.4,0.636,0.2,1.9,2.1,0.3,0.4,0.2,0.3,1.2,5.5,989,9.2,0.509,0.77,0.074,1.5,11.9,7,2.3,1.1,0.8,5,14.7,0.8,0.8,1.6,0.078,-0.2,-2.4,-2.6,-0.1
2011/2012,58044000,64640100.3,473604,Sacramento Kings,26,SAC,California,West,Pacific,22,44,0.333,98.8,104.4,-4.95,DeMarcus Cousins,C,21,3627720,4116634,64,62,30.5,7,15.6,0.448,0,0.2,0.143,7,15.4,0.453,0.449,4.1,5.8,0.702,4.1,6.8,11,1.6,1.5,1.2,2.7,4,18.1,1950,21.7,0.499,0.014,0.373,14.2,25.9,19.8,9.5,2.4,2.8,12.8,29.7,2.1,2.2,4.2,0.104,-0.4,0,-0.3,0.8
2011/2012,58044000,64640100.3,473604,Portland Trail Blazers,25,POR,Oregon,West,Northwest,28,38,0.424,97.2,97.8,-0.22,Jamal Crawford,PG,31,5000000,5673859,60,6,26.9,4.7,12.3,0.384,1.3,4.3,0.308,3.4,8,0.426,0.438,3.2,3.4,0.927,0.3,1.7,2,3.2,0.9,0.2,1.9,1.2,14,1613,15.7,0.506,0.353,0.28,1.1,7.5,4.3,20.5,1.8,0.7,11.8,26.6,1.6,0.7,2.3,0.069,0.9,-2.6,-1.7,0.1
2011/2012,58044000,64640100.3,473604,Washington Wizards,30,WAS,Washington DC,East,Southeast,20,46,0.303,93.6,98.4,-5.14,Jordan Crawford,SG,23,1120440,1271443,64,32,27.4,5.5,13.6,0.4,1.2,4.3,0.289,4.2,9.4,0.451,0.446,2.5,3.2,0.793,0.7,1.9,2.6,3,0.9,0.1,2.2,1.7,14.7,1753,14.5,0.488,0.313,0.233,2.8,8.1,5.4,19.3,1.7,0.2,12.8,28.1,0.3,0.7,1.1,0.029,0.7,-3,-2.3,-0.2
2011/2012,58044000,64640100.3,473604,Memphis Grizzlies,15,MEM,Tennessee,West,Southwest,41,25,0.621,95,93,2.43,Dante Cunningham,PF,24,2000000,2269543,64,5,17.6,2.3,4.4,0.516,0,0,0,2.3,4.3,0.52,0.516,0.7,1.1,0.652,1.4,2.4,3.8,0.6,0.7,0.5,0.5,1.5,5.2,1124,14.9,0.538,0.007,0.247,9.3,16.4,12.8,5.2,2,2.5,8.6,13.6,1.8,1.7,3.4,0.147,-0.8,1.6,0.8,0.8
2011/2012,58044000,64640100.3,473604,Miami Heat,16,MIA,Florida,East,Southeast,46,20,0.697,98.5,92.5,5.72,Eddy Curry,C,29,1229255,1394924,14,1,5.9,0.9,1.9,0.462,0,0,,0.9,1.9,0.462,0.462,0.4,0.6,0.75,0.3,0.6,0.9,0.1,0,0.1,0.7,1.2,2.1,83,3.6,0.508,0,0.308,6,11.1,8.6,1.9,0,2,25.3,22.1,-0.2,0.1,-0.1,-0.046,-8.2,-3.1,-11.3,-0.2
2011/2012,58044000,64640100.3,473604,Golden State Warriors,10,GSW,California,West,Pacific,23,43,0.348,97.8,101.2,-2.79,Stephen Curry,PG,23,3117120,3537220,26,23,28.2,5.6,11.4,0.49,2.1,4.7,0.455,3.5,6.7,0.514,0.583,1.5,1.8,0.809,0.6,2.8,3.4,5.3,1.5,0.3,2.5,2.4,14.7,732,21.2,0.605,0.409,0.159,2.3,11.3,6.8,32.3,2.8,0.8,17,24,1.8,0.4,2.2,0.144,4.7,-1.3,3.4,1
2011/2012,58044000,64640100.3,473604,Houston Rockets,11,HOU,Texas,West,Southwest,34,32,0.515,98.1,97.9,0.57,Samuel Dalembert,C,30,7000000,7943403,65,45,22.2,3.1,6.1,0.506,0,0,0,3.1,6.1,0.508,0.506,1.4,1.7,0.796,2.4,4.6,7,0.5,0.6,1.7,1.3,2.5,7.5,1446,16.9,0.551,0.003,0.286,12.6,24.1,18.3,3.6,1.3,5.7,15.6,16.6,1.8,2.3,4.1,0.137,-2.1,2.4,0.3,0.8
2011/2012,58044000,64640100.3,473604,Atlanta Hawks,1,ATL,Georgia,East,Southeast,40,26,0.606,96.6,93.2,2.67,Erick Dampier,C,36,850522,965148,15,0,5.5,0.1,0.5,0.125,0,0,,0.1,0.5,0.125,0.125,0,0,,0.7,1,1.7,0.3,0.1,0.3,0.2,0.6,0.1,83,5.5,0.125,0,0,14.3,21,17.7,6.5,0.6,3.7,27.3,6.2,-0.1,0.1,0.1,0.035,-6.3,3.4,-2.8,0
2011/2012,58044000,64640100.3,473604,Boston Celtics,2,BOS,Massachusetts,East,Atlantic,39,27,0.591,91.8,89.3,2.26,Marquis Daniels,SG,31,1223166,1388014,38,0,12.7,1.4,3.8,0.364,0,0.3,0,1.4,3.5,0.391,0.364,0.4,0.6,0.739,0.4,1.3,1.7,1.2,0.6,0.2,0.7,0.9,3.2,484,8.1,0.395,0.07,0.161,4.1,11.6,8,15.5,2.3,1.4,15.5,18,-0.8,0.9,0.1,0.008,-5.4,1.8,-3.6,-0.2
2011/2012,58044000,64640100.3,473604,New York Knicks,20,NYK,New York,East,Atlantic,36,30,0.545,97.8,94.7,2.39,Baron Davis,PG,32,15252181,17307747,29,14,20.5,2.3,6.3,0.37,0.9,2.9,0.306,1.4,3.4,0.424,0.44,0.6,0.8,0.667,0.4,1.5,1.9,4.7,1.2,0.1,2.6,2.1,6.1,595,10,0.457,0.462,0.13,2.5,8.4,5.4,36.2,2.9,0.4,28.1,20.4,-0.7,0.8,0.2,0.014,-2.4,-0.9,-3.3,-0.2
2011/2012,58044000,64640100.3,473604,Toronto Raptors,28,TOR,Ontario,East,Atlantic,23,43,0.348,90.7,94,-3.67,Ed Davis,PF,22,2063040,2341079,66,9,23.2,2.6,5.1,0.513,0,0,0,2.6,5.1,0.515,0.513,1.1,1.6,0.67,2,4.6,6.6,0.9,0.6,1,1,2.4,6.3,1534,14.2,0.544,0.003,0.316,10.4,23,16.7,6.5,1.4,3.4,14.9,13.8,1.6,2.3,3.9,0.121,-1.7,2.6,0.9,1.1
2011/2012,58044000,64640100.3,473604,Orlando Magic,22,ORL,Florida,East,Southeast,37,29,0.561,94.2,93.4,0.46,Glen Davis,PF,26,6300000,7149063,61,13,23.4,3.7,8.8,0.421,0,0.2,0.143,3.7,8.5,0.429,0.423,1.9,2.7,0.683,1.8,3.7,5.4,0.8,0.7,0.3,1.2,1.7,9.3,1427,13.2,0.466,0.026,0.313,8.5,18.4,13.4,5.9,1.6,1,11,22.4,0,1.7,1.7,0.057,-3.8,-0.4,-4.2,-0.8
2011/2012,58044000,64640100.3,473604,Memphis Grizzlies,15,MEM,Tennessee,West,Southwest,41,25,0.621,95,93,2.43,Josh Davis,PF,31,314041,356364,15,0,8.7,0.7,1.8,0.37,0.3,0.9,0.308,0.4,0.9,0.429,0.444,0.3,0.5,0.5,1.1,0.7,1.8,0.4,0.5,0.1,0.2,1.3,1.9,130,11.3,0.459,0.481,0.296,14.1,10.1,12.1,6.8,2.8,0.6,8.9,11.7,0.2,0.2,0.3,0.124,0.9,0.8,1.7,0.1
2011/2012,58044000,64640100.3,473604,San Antonio Spurs,27,SAS,Texas,West,Southwest,50,16,0.758,103.7,96.5,7.28,Eric Dawson,C,27,38172,43130.5428,4,0,9.8,1.8,3,0.583,0,0,,1.8,3,0.583,0.583,0.3,0.5,0.5,1.3,1.3,2.5,0,0.3,0.5,0.8,1.5,3.8,39,14.6,0.582,0,0.167,15,14.4,14.7,0,1.3,3.7,18.9,18.6,0,0.1,0.1,0.106,-3.3,-2.6,-5.9,0
2011/2012,58044000,64640100.3,473604,Detroit Pistons,9,DET,Michigan,East,Central,25,41,0.379,90.9,95.7,-5.19,Austin Daye,SF,23,1929600,2189656,41,4,14.7,1.8,5.5,0.322,0.3,1.5,0.21,1.5,4,0.364,0.35,0.9,1,0.814,0.3,1.9,2.2,0.8,0.5,0.5,1,1.5,4.7,603,7.1,0.394,0.273,0.189,2.7,15.8,9,9.2,2,2.8,14,21.9,-1.3,0.6,-0.6,-0.05,-5.6,-0.3,-5.9,-0.6
2011/2012,58044000,64640100.3,473604,Milwaukee Bucks,17,MIL,Wisconsin,East,Central,31,35,0.47,99,98.7,-0.23,Carlos Delfino,SF,29,3500000,3971701,54,53,28.5,3.4,8.4,0.402,1.6,4.4,0.36,1.8,4,0.449,0.497,0.7,0.9,0.792,0.4,3.5,3.9,2.3,1.5,0.2,1.2,1.8,9,1537,11.7,0.515,0.528,0.106,1.4,13.9,7.5,11.9,2.6,0.5,12.2,15.5,0.8,1.6,2.4,0.075,0.1,0.6,0.7,1.1
2011/2012,58044000,64640100.3,473604,Chicago Bulls,5,CHI,Illinois,East,Central,50,16,0.758,96.3,88.2,7.43,Luol Deng,SF,26,12325000,13986064,54,54,39.4,5.8,14,0.412,1.5,4,0.367,4.3,10,0.43,0.464,2.4,3.1,0.77,1.4,5.1,6.5,2.9,1,0.7,1.8,1.5,15.3,2129,14.1,0.5,0.285,0.219,4.1,14,9.2,11.7,1.4,1.2,10.4,19.8,2.3,3.6,5.8,0.132,0.5,1.6,2.1,2.2
2011/2012,58044000,64640100.3,473604,#N/A,#N/A,TOT,#N/A,#N/A,#N/A,#N/A,#N/A,#N/A,#N/A,#N/A,#N/A,Justin Dentmon,PG,26,#N/A,#N/A,6,0,15.2,1.7,4.7,0.357,0.3,2.3,0.143,1.3,2.3,0.571,0.393,0.7,1,0.667,0,1.3,1.3,1.7,0.3,0,1.2,1.7,4.3,91,4.8,0.424,0.5,0.214,0,10.2,5.1,18,1.2,0,18.6,19.4,-0.2,0.1,-0.1,-0.049,-4.4,-2.4,-6.8,-0.1
2011/2012,58044000,64640100.3,473604,San Antonio Spurs,27,SAS,Texas,West,Southwest,50,16,0.758,103.7,96.5,7.28,Justin Dentmon,PG,26,#N/A,#N/A,2,0,9.5,1,3,0.333,0,2,0,1,1,1,0.333,0,0,,0,0.5,0.5,0.5,0.5,0,0.5,1,2,19,1.6,0.333,0.667,0,0,5.9,3,7.4,2.7,0,14.3,16.8,-0.1,0,0,-0.09,-5.2,-1.1,-6.3,0
2011/2012,58044000,64640100.3,473604,Toronto Raptors,28,TOR,Ontario,East,Atlantic,23,43,0.348,90.7,94,-3.67,Justin Dentmon,PG,26,#N/A,#N/A,4,0,18,2,5.5,0.364,0.5,2.5,0.2,1.5,3,0.5,0.409,1,1.5,0.667,0,1.8,1.8,2.3,0.3,0,1.5,2,5.5,72,5.7,0.446,0.455,0.273,0,11.3,5.7,20.9,0.7,0,19.6,20.1,-0.1,0,-0.1,-0.039,-4.1,-2.8,-6.9,-0.1
2011/2012,58044000,64640100.3,473604,Toronto Raptors,28,TOR,Ontario,East,Atlantic,23,43,0.348,90.7,94,-3.67,DeMar DeRozan,SG,22,2625000,2978776,63,63,35,6,14.3,0.422,0.4,1.5,0.261,5.7,12.9,0.44,0.435,4.3,5.3,0.81,0.6,2.7,3.3,2,0.8,0.3,2,2.6,16.7,2206,12.8,0.503,0.102,0.367,2.1,9,5.6,10.8,1.2,0.6,10.5,25,1.1,1.4,2.5,0.054,-1.4,-1.5,-2.8,-0.5
2011/2012,58044000,64640100.3,473604,#N/A,#N/A,TOT,#N/A,#N/A,#N/A,#N/A,#N/A,#N/A,#N/A,#N/A,#N/A,Boris Diaw,PF,29,9000000,10212947,57,35,25,2.7,6.2,0.444,0.5,1.7,0.313,2.2,4.4,0.496,0.489,0.4,0.6,0.629,1.2,3.7,4.9,3.6,0.6,0.4,2,2.2,6.4,1424,11.2,0.498,0.282,0.1,5.5,17.3,11.3,23.8,1.2,1.3,23.4,15.5,-0.3,0.8,0.6,0.019,-1.5,0.5,-1.1,0.3
2011/2012,58044000,64640100.3,473604,Charlotte Bobcats,4,CHA,North Carolina,East,Southeast,7,59,0.106,87,100.9,-13.96,Boris Diaw,PF,29,9000000,10212947,37,28,27.5,3.1,7.6,0.41,0.6,2.3,0.267,2.5,5.3,0.472,0.451,0.5,0.7,0.63,1.3,4,5.3,4.3,0.5,0.5,2.3,1.9,7.4,1018,10.8,0.461,0.304,0.095,5.1,17.3,11,26.9,1,1.4,22.2,17.2,-0.8,0.3,-0.5,-0.023,-2.2,-0.4,-2.6,-0.2
2011/2012,58044000,64640100.3,473604,San Antonio Spurs,27,SAS,Texas,West,Southwest,50,16,0.758,103.7,96.5,7.28,Boris Diaw,PF,29,9000000,10212947,20,7,20.3,2,3.4,0.588,0.4,0.7,0.615,1.6,2.8,0.582,0.647,0.3,0.4,0.625,1.2,3.1,4.3,2.4,0.7,0.3,1.4,2.7,4.7,406,12.1,0.65,0.191,0.118,6.6,17.2,12,16.1,1.8,1.1,28.1,11.2,0.5,0.5,1.1,0.125,0.3,2.5,2.8,0.5
2011/2012,58044000,64640100.3,473604,San Antonio Spurs,27,SAS,Texas,West,Southwest,50,16,0.758,103.7,96.5,7.28,Ike Diogu,PF,28,64028,72657,2,0,7,0,1,0,0,0,,0,1,0,0,1,1,1,0,0.5,0.5,0,0,0,0.5,0.5,1,14,-2.9,0.347,0,1,0,8,4.1,0,0,0,25.8,12.6,0,0,0,-0.116,-10,-2.6,-12.5,0
2011/2012,58044000,64640100.3,473604,Charlotte Bobcats,4,CHA,North Carolina,East,Southeast,7,59,0.106,87,100.9,-13.96,DeSagana Diop,C,30,6925400,7858749,27,9,12,0.6,1.6,0.357,0,0,,0.6,1.6,0.357,0.357,0,0.2,0.167,1.2,1.9,3.1,0.9,0.2,0.5,0.7,1.3,1.1,325,6.8,0.347,0,0.143,11.2,19,15,11,1,3,29.9,9,-0.3,0.2,-0.2,-0.025,-5.8,1.7,-4.1,-0.2
2011/2012,58044000,64640100.3,473604,Boston Celtics,2,BOS,Massachusetts,East,Atlantic,39,27,0.591,91.8,89.3,2.26,Keyon Dooling,SG,31,2246400,2549151,46,2,14.4,1.4,3.5,0.405,0.6,1.8,0.333,0.8,1.8,0.476,0.488,0.5,0.7,0.742,0.1,0.8,0.8,1.1,0.3,0,0.7,1.2,4,662,6.9,0.515,0.497,0.19,0.6,6.1,3.5,12.1,1,0.2,16.1,15.3,-0.2,0.8,0.6,0.042,-2.7,-1.2,-3.9,-0.3
2011/2012,58044000,64640100.3,473604,New York Knicks,20,NYK,New York,East,Atlantic,36,30,0.545,97.8,94.7,2.39,Toney Douglas,PG,25,1145640,1300040,38,9,17.3,2.5,7.6,0.324,0.7,3.1,0.231,1.8,4.6,0.387,0.371,0.6,0.7,0.846,0.4,1.5,1.9,2,0.8,0,1.5,1.4,6.2,656,7.1,0.393,0.403,0.09,2.8,10,6.3,19.6,2.3,0.1,15.7,24.4,-1.4,0.8,-0.6,-0.046,-3.9,-1.1,-5,-0.5
2011/2012,58044000,64640100.3,473604,Houston Rockets,11,HOU,Texas,West,Southwest,34,32,0.515,98.1,97.9,0.57,Goran Dragic,PG,25,2108000,2392099,66,28,26.5,4.2,9.1,0.462,1,3.1,0.337,3.2,6,0.525,0.518,2.3,2.9,0.805,0.8,1.7,2.5,5.3,1.3,0.2,2.4,2.5,11.7,1752,18,0.567,0.337,0.317,3.5,7.7,5.6,32.5,2.5,0.4,18.7,21.8,3.6,1.5,5.1,0.139,3,-1,2.1,1.8
2011/2012,58044000,64640100.3,473604,Phoenix Suns,24,PHO,Arizona,West,Pacific,33,33,0.5,98.4,98.6,0.29,Jared Dudley,SG,26,4250000,4822780,65,60,31.1,4.8,9.9,0.485,1.2,3.2,0.383,3.6,6.7,0.535,0.547,1.8,2.5,0.726,1.5,3.2,4.6,1.7,0.8,0.3,1.1,1.6,12.7,2020,15.4,0.575,0.325,0.255,5.4,11.4,8.4,8.8,1.3,0.7,9.1,17.7,4,1.1,5.1,0.121,2.7,0,2.7,2.4
2011/2012,58044000,64640100.3,473604,Orlando Magic,22,ORL,Florida,East,Southeast,37,29,0.561,94.2,93.4,0.46,Chris Duhon,PG,29,3500000,3971701,63,9,19.5,1.3,3.2,0.419,0.8,1.9,0.42,0.6,1.3,0.417,0.542,0.3,0.3,0.81,0.2,1.4,1.6,2.4,0.6,0.1,1.3,1.1,3.8,1226,8.4,0.558,0.586,0.103,1.3,8.4,4.8,19.1,1.5,0.6,27.6,11.2,0.4,0.9,1.3,0.051,-2.1,-0.2,-2.3,-0.1
2011/2012,58044000,64640100.3,473604,San Antonio Spurs,27,SAS,Texas,West,Southwest,50,16,0.758,103.7,96.5,7.28,Tim Duncan,C,35,21164619,24017016,58,58,28.2,6.2,12.6,0.492,0,0.1,0,6.2,12.6,0.495,0.492,3,4.3,0.695,1.9,7.1,9,2.3,0.7,1.5,1.7,1.7,15.4,1634,22.5,0.531,0.005,0.34,7.9,28.2,18.3,13.5,1.2,3.9,10.3,26.2,3,2.9,5.9,0.174,-0.2,2.6,2.4,1.8
2011/2012,58044000,64640100.3,473604,Milwaukee Bucks,17,MIL,Wisconsin,East,Central,31,35,0.47,99,98.7,-0.23,Mike Dunleavy,SF,31,3750000,4255394,55,3,26.3,4.3,9.2,0.474,1.5,3.8,0.399,2.8,5.4,0.527,0.557,2.1,2.6,0.811,0.5,3.2,3.7,2.1,0.5,0.1,1.1,1.6,12.3,1445,16.6,0.597,0.413,0.284,2.2,13.7,7.8,13,1,0.4,9.3,19,3.5,0.9,4.4,0.146,2.6,-1.7,1,1.1
2011/2012,58044000,64640100.3,473604,Oklahoma City Thunder,21,OKC,Oklahoma,West,Northwest,47,19,0.712,103.1,96.9,6.44,Kevin Durant,SF,23,15506632,17596491,66,66,38.6,9.7,19.7,0.496,2,5.2,0.387,7.7,14.4,0.535,0.547,6.5,7.6,0.86,0.6,7.4,8,3.5,1.3,1.2,3.8,2,28,2546,26.2,0.61,0.265,0.386,1.9,20.4,11.8,17.5,1.8,2.2,14,31.3,8.5,3.7,12.2,0.23,4.7,0.5,5.2,4.6
2011/2012,58044000,64640100.3,473604,New Orleans Hornets,19,NOH,Louisiana,West,Southwest,21,45,0.318,89.6,93.4,-3.11,0,PG,24,#N/A,#N/A,9,1,20,2.1,5.3,0.396,0.1,0.9,0.125,2,4.4,0.45,0.406,3.1,4,0.778,0.2,1.9,2.1,2,1.2,0.2,2.2,2.1,7.4,180,11.3,0.525,0.167,0.75,1.3,11.1,6.3,16.2,3.3,0.9,23.9,22,-0.1,0.2,0.1,0.026,-3.6,0.5,-3.1,-0.1
2011/2012,58044000,64640100.3,473604,Los Angeles Lakers,14,LAL,California,West,Pacific,41,25,0.621,97.3,95.9,1.96,Devin Ebanks,SG,22,762195,864917,24,12,16.5,1.5,3.7,0.416,0,0.4,0,1.5,3.3,0.463,0.416,1,1.5,0.657,1.1,1.2,2.3,0.5,0.5,0.3,0.8,1.1,4,396,8.3,0.465,0.101,0.393,7.7,7.6,7.6,4.6,1.5,1.1,14.7,14.2,0,0.3,0.3,0.033,-3.2,-0.2,-3.4,-0.1
2011/2012,58044000,64640100.3,473604,Minnesota Timberwolves,18,MIN,Minnesota,West,Northwest,26,40,0.394,97.9,100.1,-1.83,Wayne Ellington,SG,24,1154040,1309572,51,4,19.1,2.4,5.9,0.404,0.7,2.1,0.324,1.7,3.8,0.448,0.462,0.6,0.8,0.8,0.3,1.7,1.9,0.6,0.5,0.2,0.5,1.1,6.1,973,9.4,0.487,0.358,0.132,1.6,9.7,5.6,5.5,1.4,0.7,7.5,15.8,0.3,0.5,0.8,0.041,-1.9,-0.7,-2.6,-0.2
2011/2012,58044000,64640100.3,473604,#N/A,#N/A,TOT,#N/A,#N/A,#N/A,#N/A,#N/A,#N/A,#N/A,#N/A,#N/A,Monta Ellis,SG,26,11000000,12482491,58,58,36.6,7.8,17.9,0.433,1.1,3.5,0.308,6.7,14.5,0.462,0.463,3.8,4.7,0.796,0.3,3.1,3.4,6,1.5,0.3,3.1,2.3,20.4,2120,17.5,0.509,0.193,0.264,1.1,9.6,5.3,28.6,2.1,0.6,13.2,28.7,1.6,0.9,2.6,0.059,1.3,-1.9,-0.6,0.8
2011/2012,58044000,64640100.3,473604,Golden State Warriors,10,GSW,California,West,Pacific,23,43,0.348,97.8,101.2,-2.79,Monta Ellis,SG,26,11000000,12482491,37,37,36.9,8.2,19,0.433,1.4,4.2,0.321,6.9,14.8,0.465,0.469,4.1,5,0.812,0.4,3,3.4,6,1.5,0.3,3.3,2.3,21.9,1365,18.6,0.516,0.222,0.264,1.3,9.2,5.3,29.3,2.1,0.7,13.5,30.7,1.2,0.4,1.5,0.054,2,-2.2,-0.3,0.6
2011/2012,58044000,64640100.3,473604,Milwaukee Bucks,17,MIL,Wisconsin,East,Central,31,35,0.47,99,98.7,-0.23,Monta Ellis,SG,26,11000000,12482491,21,21,36,6.9,16,0.432,0.6,2.1,0.267,6.3,13.9,0.457,0.449,3.2,4.2,0.764,0.2,3.3,3.5,5.9,1.4,0.3,2.6,2.5,17.6,755,15.4,0.493,0.134,0.265,0.6,10.4,5.3,27.3,2,0.6,12.6,25,0.5,0.6,1.1,0.067,0.1,-1.3,-1.2,0.2
2011/2012,58044000,64640100.3,473604,Philadelphia 76ers,23,PHI,Pennsylvania,East,Atlantic,35,31,0.53,93.6,89.4,3.59,Francisco Elson,C,35,305792,347004,5,0,3.2,0.2,0.6,0.333,0,0,,0.2,0.6,0.333,0.333,0,0,,0,0.2,0.2,0.2,0.2,0.2,0.2,0,0.4,16,6.3,0.333,0,0,0,7,3.5,8.8,3.3,4.7,25,11.7,0,0,0,-0.026,-8.6,4.3,-4.3,0
2011/2012,58044000,64640100.3,473604,New Jersey Nets,3,NJN,New Jersey,East,Atlantic,22,44,0.333,93.1,99.1,-6.37,Andre Emmett,SF,29,61433,69712,6,0,7.5,0.7,1.2,0.571,0,0.2,0,0.7,1,0.667,0.571,0.8,1.3,0.625,0.3,0.7,1,0.2,0.3,0.2,0.3,0.3,2.2,45,13.3,0.618,0.143,1.143,5,10.6,7.7,3.6,2.4,1.7,16,12.7,0.1,0,0.1,0.089,-2.3,-0.7,-2.9,0
2011/2012,58044000,64640100.3,473604,Cleveland Cavaliers,6,CLE,Ohio,East,Central,21,45,0.318,93,100.2,-7.34,Semih Erden,C,25,762195,864917,28,9,11.9,1.4,2.6,0.527,0,0,,1.4,2.6,0.527,0.527,0.8,1.5,0.512,0.7,1.9,2.6,0.3,0.4,0.2,0.6,2.1,3.5,333,9.9,0.538,0,0.554,6.6,18.5,12.3,4.6,1.6,1.1,14.8,14.6,0.2,0.2,0.4,0.057,-3.7,-0.9,-4.7,-0.2
2011/2012,58044000,64640100.3,473604,Utah Jazz,29,UTA,Utah,West,Northwest,36,30,0.545,99.7,99,0.92,Jeremy Evans,SF,24,762195,864917,29,0,7.5,0.9,1.4,0.643,0,0,0,0.9,1.4,0.659,0.643,0.3,0.6,0.5,0.7,1.1,1.7,0.4,0.2,0.8,0.2,0.8,2.1,217,19.6,0.632,0.024,0.381,9.9,16.6,13.2,9.1,1.5,8.8,9.3,11.2,0.6,0.3,0.9,0.193,1,4.7,5.7,0.4
2011/2012,58044000,64640100.3,473604,Washington Wizards,30,WAS,Washington DC,East,Southeast,20,46,0.303,93.6,98.4,-5.14,Maurice Evans,SF,33,1223166,1388014,24,0,14.3,1.9,4.7,0.402,0.7,1.9,0.378,1.2,2.8,0.418,0.478,0.4,0.5,0.769,0.3,0.7,1,0.4,0.6,0,0.4,1.5,4.9,343,9,0.497,0.402,0.116,2.6,5.3,3.9,4.2,2.1,0,7.8,16.7,0.2,0.1,0.3,0.041,-1.2,-2.6,-3.8,-0.2
2011/2012,58044000,64640100.3,473604,Los Angeles Clippers,13,LAC,California,West,Pacific,40,26,0.606,97.5,95,2.82,Reggie Evans,PF,31,1229255,1394924,56,0,13.8,0.6,1.3,0.472,0,0,,0.6,1.3,0.472,0.472,0.6,1.3,0.507,1.8,3.1,4.8,0.3,0.6,0.1,0.8,2.1,1.9,771,9.2,0.504,0,0.986,15.3,26.7,20.9,3.1,2.2,0.6,29.9,8.8,0.2,1,1.3,0.079,-3.3,1.1,-2.2,0
2011/2012,58044000,64640100.3,473604,Sacramento Kings,26,SAC,California,West,Pacific,22,44,0.333,98.8,104.4,-4.95,Tyreke Evans,SG,22,4151640,4711164,63,61,34.3,6.5,14.3,0.453,0.3,1.6,0.202,6.2,12.7,0.484,0.464,3.2,4.1,0.779,1,3.6,4.6,4.5,1.3,0.5,2.7,2.2,16.5,2162,16.4,0.512,0.11,0.287,3.1,12,7.3,22.1,2,1,14.4,23.8,2,0.6,2.7,0.059,0.5,-0.8,-0.3,0.9
2011/2012,58044000,64640100.3,473604,#N/A,#N/A,TOT,#N/A,#N/A,#N/A,#N/A,#N/A,#N/A,#N/A,#N/A,#N/A,Christian Eyenga,SF,22,1097520,1245434,7,0,14.6,0.9,3.6,0.24,0.1,0.4,0.333,0.7,3.1,0.227,0.26,0.6,1.1,0.5,0.6,1.4,2,0.7,0.4,0.7,0.4,1,2.4,102,4.8,0.298,0.12,0.32,4.4,11.5,7.8,7.5,1.5,3.7,9.5,14,-0.2,0.1,-0.1,-0.061,-7.1,0.8,-6.3,-0.1
2011/2012,58044000,64640100.3,473604,Cleveland Cavaliers,6,CLE,Ohio,East,Central,21,45,0.318,93,100.2,-7.34,Christian Eyenga,SF,22,1097520,1245434,6,0,13.8,0.5,3.2,0.158,0.2,0.3,0.5,0.3,2.8,0.118,0.184,0.3,1,0.333,0.5,1.5,2,0.7,0.5,0.7,0.3,1.2,1.5,83,2.1,0.208,0.105,0.316,4,12.8,8.2,7.2,1.9,3.7,8.5,12.8,-0.2,0.1,-0.2,-0.103,-8.5,1.3,-7.1,-0.1
2011/2012,58044000,64640100.3,473604,Los Angeles Lakers,14,LAL,California,West,Pacific,41,25,0.621,97.3,95.9,1.96,Christian Eyenga,SF,22,1097520,1245434,1,0,19,3,6,0.5,0,1,0,3,5,0.6,0.5,2,2,1,1,1,2,1,0,1,1,0,8,19,16.7,0.581,0.167,0.333,6.2,5.6,5.9,8.8,0,3.8,12.7,19,0,0,0,0.122,-1,-1.8,-2.8,0
2011/2012,58044000,64640100.3,473604,Denver Nuggets,8,DEN,Colorado,West,Northwest,38,28,0.576,104.1,101.2,3.16,Kenneth Faried,PF,22,1254720,1423821,46,39,22.5,3.9,6.7,0.586,0,0,,3.9,6.7,0.586,0.586,2.4,3.6,0.665,3.1,4.6,7.7,0.8,0.7,1,1.2,2.5,10.2,1037,21.9,0.618,0,0.531,16.5,22.9,19.8,5.5,1.7,3.6,12.4,18.7,3.2,1.3,4.6,0.212,2.3,1,3.4,1.4
2011/2012,58044000,64640100.3,473604,New Jersey Nets,3,NJN,New Jersey,East,Atlantic,22,44,0.333,93.1,99.1,-6.37,Jordan Farmar,PG,25,4000000,4539087,39,5,21.3,3.8,8.1,0.467,1.4,3.2,0.44,2.4,4.9,0.484,0.554,1.5,1.6,0.905,0.2,1.4,1.6,3.3,0.6,0.1,1.7,1.3,10.4,831,17.4,0.592,0.397,0.2,1,7.8,4.3,29,1.5,0.2,16.6,22.6,1.8,0,1.8,0.104,2.4,-4.1,-1.8,0.1
2011/2012,58044000,64640100.3,473604,Utah Jazz,29,UTA,Utah,West,Northwest,36,30,0.545,99.7,99,0.92,Derrick Favors,PF,20,4443360,5042200,65,9,21.2,3.4,6.8,0.499,0,0,,3.4,6.8,0.499,0.499,1.9,3,0.649,2.4,4.1,6.5,0.7,0.6,1,1.6,2.2,8.8,1376,17.1,0.537,0,0.436,13,22.5,17.7,5,1.4,3.8,16.3,20.7,1.4,1.6,3,0.105,-1.3,0.5,-0.8,0.4
2011/2012,58044000,64640100.3,473604,Portland Trail Blazers,25,POR,Oregon,West,Northwest,28,38,0.424,97.2,97.8,-0.22,Raymond Felton,PG,27,7560000,8578876,60,56,31.8,4.4,10.7,0.407,1,3.4,0.305,3.3,7.3,0.453,0.455,1.7,2.1,0.806,0.5,2,2.5,6.5,1.3,0.2,2.8,2,11.4,1906,13.4,0.491,0.316,0.193,1.6,7.6,4.6,33.3,2.2,0.4,19.6,20.8,0.7,1,1.7,0.042,-0.1,-1.8,-1.8,0.1
2011/2012,58044000,64640100.3,473604,Denver Nuggets,8,DEN,Colorado,West,Northwest,38,28,0.576,104.1,101.2,3.16,Rudy Fernandez,SG,26,2180443,2474305,31,1,22.9,3.2,7.3,0.44,1.3,3.9,0.328,1.9,3.3,0.573,0.529,1,1.4,0.698,0.3,1.8,2.1,2.4,1,0.1,1.3,1.2,8.6,710,13.3,0.549,0.542,0.191,1.5,8.9,5.3,15.9,2.2,0.3,14.1,17.8,0.8,0.4,1.2,0.083,1.5,-1.1,0.4,0.4
2011/2012,58044000,64640100.3,473604,Indiana Pacers,12,IND,Indiana,East,Central,42,24,0.636,97.7,94.4,2.6,Kyrylo Fesenko,C,25,#N/A,#N/A,3,0,5.7,0.7,1.7,0.4,0,0,,0.7,1.7,0.4,0.4,1.3,2,0.667,0.7,2.3,3,0.3,0.7,0,0,0.7,2.7,17,29.8,0.524,0,1.2,13.3,46,29.8,9.5,6.2,0,0,20.4,0.1,0.1,0.1,0.374,1.9,3.1,5,0
2011/2012,58044000,64640100.3,473604,New York Knicks,20,NYK,New York,East,Atlantic,36,30,0.545,97.8,94.7,2.39,Landry Fields,SG,23,762195,864917,66,62,28.7,3.6,7.8,0.46,0.5,1.8,0.256,3.1,5.9,0.523,0.49,1.2,2.1,0.562,0.9,3.3,4.2,2.6,1.2,0.3,1.5,1.5,8.8,1894,12,0.506,0.236,0.267,3.6,13.5,8.5,14.5,2.1,0.7,15.1,16,0.8,2.6,3.4,0.085,-1.1,1.5,0.4,1.2
2011/2012,58044000,64640100.3,473604,#N/A,#N/A,TOT,#N/A,#N/A,#N/A,#N/A,#N/A,#N/A,#N/A,#N/A,#N/A,Derek Fisher,PG,37,3400000,3858224,63,43,23.9,2,5.5,0.371,0.6,1.7,0.321,1.5,3.8,0.393,0.421,0.9,1.1,0.851,0.2,1.7,1.9,2.7,0.8,0.1,1.2,1.9,5.6,1508,8,0.464,0.313,0.193,0.9,7.7,4.5,16.7,1.8,0.2,16.2,13.6,0.1,1.1,1.2,0.038,-2.3,-0.7,-3,-0.4
2011/2012,58044000,64640100.3,473604,Los Angeles Lakers,14,LAL,California,West,Pacific,41,25,0.621,97.3,95.9,1.96,Derek Fisher,PG,37,3400000,3858224,43,43,25.6,2.1,5.6,0.383,0.6,1.7,0.324,1.6,3.9,0.41,0.433,1,1.2,0.83,0.2,1.9,2.1,3.3,0.9,0.1,1.3,2,5.9,1101,8.8,0.479,0.308,0.221,1.1,8,4.7,19.2,1.9,0.2,18.1,13.4,0.2,0.9,1.1,0.048,-2,-0.4,-2.4,-0.1
2011/2012,58044000,64640100.3,473604,Oklahoma City Thunder,21,OKC,Oklahoma,West,Northwest,47,19,0.712,103.1,96.9,6.44,Derek Fisher,PG,37,3400000,3858224,20,0,20.4,1.9,5.4,0.343,0.6,1.8,0.314,1.3,3.7,0.356,0.394,0.7,0.7,0.929,0.1,1.4,1.5,1.4,0.6,0.1,0.8,1.6,4.9,407,5.9,0.429,0.324,0.13,0.6,7.1,4.1,10.1,1.4,0.2,11.6,14.3,-0.2,0.2,0.1,0.011,-3.1,-1.5,-4.6,-0.3
2011/2012,58044000,64640100.3,473604,#N/A,#N/A,TOT,#N/A,#N/A,#N/A,#N/A,#N/A,#N/A,#N/A,#N/A,#N/A,Jonny Flynn,PG,22,3414720,3874928,29,1,14.3,1.6,4.5,0.351,0.3,1.2,0.294,1.2,3.3,0.371,0.389,1,1.3,0.744,0.3,1.1,1.3,3.3,0.2,0.1,1.2,0.8,4.5,416,11.2,0.442,0.26,0.298,2.2,8.8,5.5,35.7,0.8,0.4,19.5,20.2,0,0.1,0.1,0.012,-2.6,-3.6,-6.2,-0.4
2011/2012,58044000,64640100.3,473604,Houston Rockets,11,HOU,Texas,West,Southwest,34,32,0.515,98.1,97.9,0.57,Jonny Flynn,PG,22,3414720,3874928,11,0,12.3,1.1,3.7,0.293,0.2,0.8,0.222,0.9,2.9,0.313,0.317,1,1.3,0.786,0.1,0.6,0.7,2.5,0.3,0.1,0.8,0.7,3.4,135,8.8,0.392,0.22,0.341,0.9,6.1,3.4,30.2,1.2,0.6,16,18.9,-0.1,0.1,0,-0.006,-4.3,-3.5,-7.8,-0.2
2011/2012,58044000,64640100.3,473604,Portland Trail Blazers,25,POR,Oregon,West,Northwest,28,38,0.424,97.2,97.8,-0.22,Jonny Flynn,PG,22,3414720,3874928,18,1,15.6,1.9,5,0.378,0.4,1.4,0.32,1.4,3.6,0.4,0.422,1,1.4,0.72,0.4,1.3,1.7,3.8,0.2,0.1,1.5,0.8,5.2,281,12.3,0.465,0.278,0.278,2.8,10.2,6.4,38.3,0.6,0.3,21.1,20.8,0.1,0.1,0.1,0.02,-1.8,-3.6,-5.4,-0.2
2011/2012,58044000,64640100.3,473604,New Orleans Hornets,19,NOH,Louisiana,West,Southwest,21,45,0.318,89.6,93.4,-3.11,Jeff Foote,C,24,225341,255710,4,0,9.8,0.5,1.5,0.333,0,0,,0.5,1.5,0.333,0.333,0,0,,0.3,1.3,1.5,0,0,0.3,0.5,1.3,1,39,-0.9,0.333,0,0,3.1,15,9.2,0,0,2.1,25,9.7,-0.1,0,-0.1,-0.079,-9.9,-2,-12,-0.1
2011/2012,58044000,64640100.3,473604,Toronto Raptors,28,TOR,Ontario,East,Atlantic,23,43,0.348,90.7,94,-3.67,Gary Forbes,SG,26,1500000,1702157,48,2,14.9,2.3,5.6,0.413,0.6,1.7,0.349,1.7,3.9,0.441,0.467,1.4,1.9,0.725,0.6,1.6,2.1,1.1,0.5,0.1,1.1,1.2,6.6,713,13.3,0.513,0.306,0.336,4.5,12.2,8.4,13.7,1.8,0.5,14.8,24.1,0.1,0.7,0.8,0.053,-0.8,-1.3,-2.2,0
2011/2012,58044000,64640100.3,473604,San Antonio Spurs,27,SAS,Texas,West,Southwest,50,16,0.758,103.7,96.5,7.28,TJ Ford,PG,28,1146337,1300831,14,0,13.6,1.4,3.1,0.442,0.1,0.6,0.25,1.2,2.5,0.486,0.465,0.8,1,0.786,0.2,1.1,1.3,3.2,0.6,0.1,1.6,1.6,3.6,191,11,0.519,0.186,0.326,1.8,8.8,5.4,32.7,2.4,0.8,31.9,17.2,0,0.2,0.2,0.053,-3.1,-0.6,-3.6,-0.1
2011/2012,58044000,64640100.3,473604,#N/A,#N/A,TOT,#N/A,#N/A,#N/A,#N/A,#N/A,#N/A,#N/A,#N/A,#N/A,Courtney Fortson,PG,23,42009,47670,10,0,9.5,1.1,3.2,0.344,0.3,1.3,0.231,0.8,1.9,0.421,0.391,1,1.5,0.667,0.6,0.9,1.5,1,0.3,0,1,0.5,3.5,95,9.9,0.453,0.406,0.469,7.4,11.2,9.3,16.1,1.7,0,20.6,23.4,-0.1,0.1,0,-0.019,-2.8,-2,-4.8,-0.1
2011/2012,58044000,64640100.3,473604,Los Angeles Clippers,13,LAC,California,West,Pacific,40,26,0.606,97.5,95,2.82,Courtney Fortson,PG,23,42009,47670,4,0,11.5,1.3,3,0.417,0.3,1,0.25,1,2,0.5,0.458,1.5,2.3,0.667,1,1,2,1.3,0,0,1.3,0.8,4.3,46,11.4,0.533,0.333,0.75,10.2,10.5,10.3,16.6,0,0,23.9,21,0,0,0,0.03,-1.5,-3.1,-4.6,0
2011/2012,58044000,64640100.3,473604,Houston Rockets,11,HOU,Texas,West,Southwest,34,32,0.515,98.1,97.9,0.57,Courtney Fortson,PG,23,42009,47670,6,0,8.2,1,3.3,0.3,0.3,1.5,0.222,0.7,1.8,0.364,0.35,0.7,1,0.667,0.3,0.8,1.2,0.8,0.5,0,0.8,0.3,3,49,8.5,0.398,0.45,0.3,4.7,12,8.3,15.6,3.2,0,18.1,25.6,-0.1,0.1,-0.1,-0.065,-4,-1,-5.1,0
2011/2012,58044000,64640100.3,473604,Indiana Pacers,12,IND,Indiana,East,Central,42,24,0.636,97.7,94.4,2.6,Jeff Foster,C,35,3000000,3404315,11,0,12.8,0.8,1.6,0.5,0.1,0.1,1,0.7,1.5,0.471,0.528,0.5,0.8,0.667,1.6,2.2,3.8,0.4,0.7,0.1,0.6,2.4,2.3,141,11.1,0.569,0.056,0.5,14.5,19,16.7,4.2,3,0.6,24.2,9.3,0.2,0.2,0.4,0.134,-0.6,1.7,1.1,0.1
2011/2012,58044000,64640100.3,473604,Los Angeles Clippers,13,LAC,California,West,Pacific,40,26,0.606,97.5,95,2.82,Randy Foye,SG,28,4250000,4822780,65,48,25.9,3.9,9.9,0.398,2,5.1,0.386,2,4.8,0.41,0.496,1.1,1.3,0.859,0.4,1.7,2.1,2.2,0.7,0.4,1.1,2,11,1682,13.5,0.522,0.511,0.132,1.7,8.1,4.9,14.2,1.5,1.2,9.7,20.7,2.4,0.8,3.2,0.092,1.4,-1.7,-0.3,0.7
2011/2012,58044000,64640100.3,473604,Sacramento Kings,26,SAC,California,West,Pacific,22,44,0.333,98.8,104.4,-4.95,Jimmer Fredette,PG,22,2238360,2540028,61,7,18.6,2.8,7.3,0.386,1.3,3.5,0.361,1.5,3.8,0.409,0.473,0.7,0.8,0.833,0.3,0.9,1.2,1.8,0.5,0,1.1,1.2,7.6,1135,10.8,0.495,0.484,0.108,1.6,5.7,3.5,15.1,1.3,0.2,12.5,20.4,0.5,-0.2,0.3,0.012,-0.4,-4,-4.4,-0.7
2011/2012,58044000,64640100.3,473604,Phoenix Suns,24,PHO,Arizona,West,Pacific,33,33,0.5,98.4,98.6,0.29,Channing Frye,PF,28,5600000,6354723,64,59,26.1,4,9.6,0.416,1.4,4.1,0.346,2.6,5.5,0.469,0.49,1.1,1.3,0.89,1.1,4.8,5.9,1.4,0.7,1.1,1,2.8,10.5,1669,14.9,0.519,0.429,0.134,4.8,20.6,12.8,8.3,1.3,3,8.8,19.3,1.8,1.9,3.7,0.106,0.7,1.2,1.9,1.7
2011/2012,58044000,64640100.3,473604,New York Knicks,20,NYK,New York,East,Atlantic,36,30,0.545,97.8,94.7,2.39,Dan Gadzuric,C,33,#N/A,#N/A,2,0,6.5,0,1,0,0,0,,0,1,0,0,0,1,0,0.5,2,2.5,0,0.5,0.5,0.5,2,0,13,-4.3,0,0,1,8.8,35.9,22.2,0,4,6.1,25.8,13.4,-0.1,0,0,-0.169,-16.8,2.7,-14,0
2011/2012,58044000,64640100.3,473604,New Jersey Nets,3,NJN,New Jersey,East,Atlantic,22,44,0.333,93.1,99.1,-6.37,Sundiata Gaines,SG,25,854389,969536,57,12,13.9,1.8,4.8,0.376,0.5,1.4,0.341,1.3,3.3,0.392,0.428,1,1.7,0.615,0.5,1.4,1.9,2.2,1,0,0.9,1,5.1,793,15,0.465,0.303,0.354,3.8,12.2,7.9,27.2,3.7,0.2,14.2,21.1,0.4,0.6,1,0.059,-0.2,-0.6,-0.8,0.2
2011/2012,58044000,64640100.3,473604,Denver Nuggets,8,DEN,Colorado,West,Northwest,38,28,0.576,104.1,101.2,3.16,Danilo Gallinari,SF,23,4190182,4754901,43,40,31.4,4.5,10.8,0.414,1.4,4.3,0.328,3.1,6.6,0.47,0.479,4.2,4.9,0.871,0.7,4,4.7,2.7,1,0.5,1.6,2,14.6,1351,16.5,0.563,0.393,0.448,2.5,14.6,8.7,13,1.6,1.3,10.9,20.7,2.9,1,3.9,0.14,2.3,-0.2,2.1,1.4
2011/2012,58044000,64640100.3,473604,Sacramento Kings,26,SAC,California,West,Pacific,22,44,0.333,98.8,104.4,-4.95,Francisco Garcia,SF,30,5800000,6581677,49,3,16.3,1.8,4.7,0.376,0.8,2.7,0.29,1,2,0.49,0.459,0.5,0.6,0.8,0.2,1.8,2,0.6,0.7,0.8,0.4,1.5,4.8,798,10.7,0.483,0.572,0.131,1.4,12.7,6.8,5.8,2.3,3.4,8.3,14.4,0.3,0.5,0.8,0.048,-1.6,0.4,-1.2,0.2
2011/2012,58044000,64640100.3,473604,Boston Celtics,2,BOS,Massachusetts,East,Atlantic,39,27,0.591,91.8,89.3,2.26,Kevin Garnett,C,35,21247044,24110550,60,60,31.1,6.5,13,0.503,0.1,0.2,0.333,6.5,12.8,0.505,0.505,2.7,3.2,0.857,1.1,7.1,8.2,2.9,0.9,1,1.8,2.4,15.8,1864,20.4,0.55,0.012,0.243,4.4,25.8,15.6,17.9,1.6,2.5,11.1,24.9,2.6,4.3,6.9,0.178,0.2,3.3,3.6,2.6
2011/2012,58044000,64640100.3,473604,Memphis Grizzlies,15,MEM,Tennessee,West,Southwest,41,25,0.621,95,93,2.43,Marc Gasol,C,27,12922194,14663743,65,65,36.5,5.5,11.4,0.482,0,0.2,0.083,5.5,11.2,0.489,0.483,3.6,4.9,0.748,1.8,7.1,8.9,3.1,1,1.9,1.9,3.1,14.6,2370,18.4,0.541,0.016,0.428,5.8,23.1,14.3,14.1,1.4,4.1,12.1,19.1,4.2,4,8.2,0.166,0.3,3.6,3.9,3.5
2011/2012,58044000,64640100.3,473604,Los Angeles Lakers,14,LAL,California,West,Pacific,41,25,0.621,97.3,95.9,1.96,Pau Gasol,PF,31,18714150,21236292,65,65,37.4,7.1,14.1,0.501,0.1,0.4,0.259,7,13.7,0.508,0.504,3.1,4,0.782,2.8,7.6,10.4,3.6,0.6,1.4,2.2,2,17.4,2430,20.4,0.547,0.029,0.285,8.8,21.8,15.6,17.2,0.8,2.6,12.1,22.1,5.2,3.1,8.3,0.165,1.7,2,3.7,3.5
2011/2012,58044000,64640100.3,473604,Memphis Grizzlies,15,MEM,Tennessee,West,Southwest,41,25,0.621,95,93,2.43,Rudy Gay,SF,25,15032144,17058055,65,65,37.3,7.5,16.4,0.455,0.8,2.7,0.312,6.6,13.8,0.482,0.48,3.2,4,0.791,2,4.4,6.4,2.3,1.5,0.8,2.5,2.1,19,2422,17.8,0.521,0.162,0.246,6.1,14.1,10.1,10.8,2.1,1.8,12,25.1,2.8,3.3,6,0.12,1,0.8,1.8,2.3
2011/2012,58044000,64640100.3,473604,Cleveland Cavaliers,6,CLE,Ohio,East,Central,21,45,0.318,93,100.2,-7.34,Alonzo Gee,SG,24,854389,969536,63,31,29,3.6,8.7,0.412,0.7,2.2,0.321,2.9,6.6,0.442,0.452,2.7,3.4,0.788,1.6,3.5,5.1,1.8,1.3,0.3,1.8,2.4,10.6,1827,13.2,0.516,0.249,0.385,6.1,14.3,10,10.6,2.4,0.7,15,18.7,1.2,1.2,2.4,0.063,-0.5,0.1,-0.5,0.7
2011/2012,58044000,64640100.3,473604,Indiana Pacers,12,IND,Indiana,East,Central,42,24,0.636,97.7,94.4,2.6,Paul George,SG,21,2406240,2730533,66,66,29.7,4.3,9.7,0.44,1.4,3.5,0.385,2.9,6.1,0.472,0.51,2.2,2.8,0.802,0.8,4.8,5.6,2.4,1.6,0.6,1.8,2.9,12.1,1958,16.5,0.555,0.366,0.285,3.2,17.9,10.6,13.6,2.9,1.5,14,19.3,2.8,3.2,6,0.148,1.9,1.9,3.9,2.9
2011/2012,58044000,64640100.3,473604,Cleveland Cavaliers,6,CLE,Ohio,East,Central,21,45,0.318,93,100.2,-7.34,Daniel Gibson,SG,25,4403834,4997347,35,7,26.2,2.5,7.1,0.351,1.6,4,0.396,0.9,3.1,0.294,0.462,1,1.2,0.791,0.3,2.6,2.9,2.2,0.7,0.5,1.3,2,7.5,916,9.2,0.493,0.56,0.173,1.3,11.6,6.3,13.5,1.5,1.3,14.4,15.3,0.2,0.3,0.5,0.028,-1.3,-0.8,-2.2,0
2011/2012,58044000,64640100.3,473604,Chicago Bulls,5,CHI,Illinois,East,Central,50,16,0.758,96.3,88.2,7.43,Taj Gibson,PF,26,1195680,1356824,63,0,20.4,3.2,6.4,0.495,0,0,,3.2,6.4,0.495,0.495,1.3,2.1,0.622,2.1,3.1,5.3,0.7,0.4,1.3,1,2.1,7.7,1284,16.9,0.522,0,0.334,12,16.8,14.4,5.9,1.1,4.5,11.5,18.6,1.8,2.6,4.5,0.167,-1.1,2.3,1.2,1
2011/2012,58044000,64640100.3,473604,San Antonio Spurs,27,SAS,Texas,West,Southwest,50,16,0.758,103.7,96.5,7.28,Manu Ginobili,SG,34,12981038,14730518,34,7,23.3,4.4,8.4,0.526,1.5,3.7,0.413,2.9,4.7,0.616,0.618,2.6,3,0.871,0.5,2.9,3.4,4.4,0.7,0.4,1.9,1.6,12.9,792,24.1,0.668,0.442,0.354,2.7,13.9,8.4,30.3,1.6,1.1,16.3,22.7,3.4,0.9,4.2,0.257,6.5,-0.1,6.4,1.7
2011/2012,58044000,64640100.3,473604,#N/A,#N/A,TOT,#N/A,#N/A,#N/A,#N/A,#N/A,#N/A,#N/A,#N/A,#N/A,Mickell Gladness,PF,25,248263,281721,26,7,9.7,1,2.3,0.424,0,0,,1,2.3,0.424,0.424,0.2,0.5,0.5,0.5,1.7,2.2,0.2,0.2,0.8,0.3,1.2,2.2,252,9.5,0.436,0,0.203,6.4,19.8,13.2,2.9,0.8,6.1,9.8,13.1,-0.1,0.2,0.2,0.029,-5.9,1.1,-4.8,-0.2
2011/2012,58044000,64640100.3,473604,Miami Heat,16,MIA,Florida,East,Southeast,46,20,0.697,98.5,92.5,5.72,Mickell Gladness,PF,25,248263,281721,8,0,3.5,0.1,0.4,0.333,0,0,,0.1,0.4,0.333,0.333,0,0,,0.1,1.3,1.4,0.3,0.1,0.1,0.4,1,0.3,28,1.8,0.333,0,0,4.4,41.1,23.5,9.8,1.9,2.9,50,9.9,-0.1,0.1,0,-0.004,-9.9,4.6,-5.2,0
2011/2012,58044000,64640100.3,473604,Golden State Warriors,10,GSW,California,West,Pacific,23,43,0.348,97.8,101.2,-2.79,Mickell Gladness,PF,25,248263,281721,18,7,12.4,1.3,3.1,0.429,0,0,,1.3,3.1,0.429,0.429,0.3,0.7,0.5,0.7,1.9,2.6,0.2,0.2,1.1,0.2,1.3,3,224,10.5,0.441,0,0.214,6.6,17.2,11.9,2,0.7,6.5,6.1,13.4,0,0.2,0.2,0.033,-5.4,0.6,-4.8,-0.2
2011/2012,58044000,64640100.3,473604,Los Angeles Clippers,13,LAC,California,West,Pacific,40,26,0.606,97.5,95,2.82,Ryan Gomes,SF,29,4000000,4539087,32,2,13.3,1,3,0.326,0.1,0.9,0.138,0.8,2.1,0.409,0.347,0.3,0.3,0.727,0.4,1.5,1.9,0.4,0.5,0,0.5,1.1,2.3,425,4.4,0.371,0.305,0.116,3.9,13.3,8.5,4.1,2,0,13.1,12.5,-0.5,0.3,-0.2,-0.021,-5,-0.4,-5.4,-0.4
2011/2012,58044000,64640100.3,473604,Milwaukee Bucks,17,MIL,Wisconsin,East,Central,31,35,0.47,99,98.7,-0.23,Drew Gooden,C,30,6226200,7065317,56,46,26.2,5.1,11.7,0.437,0.3,1,0.291,4.8,10.8,0.45,0.449,3.1,3.7,0.846,2.3,4.2,6.5,2.6,0.8,0.6,1.9,2,13.7,1469,18.8,0.512,0.084,0.317,9.5,18,13.6,16.5,1.6,1.7,12.7,25.7,2,1.5,3.6,0.116,0.7,0.3,1,1.1
2011/2012,58044000,64640100.3,473604,Detroit Pistons,9,DET,Michigan,East,Central,25,41,0.379,90.9,95.7,-5.19,Ben Gordon,SG,28,11600000,13163354,52,21,26.9,4.5,10.2,0.442,1.2,2.8,0.429,3.3,7.4,0.446,0.501,2.3,2.6,0.86,0.3,2.1,2.3,2.4,0.7,0.2,2.2,2.2,12.5,1398,13.5,0.549,0.277,0.257,1.2,9.5,5.2,16.5,1.3,0.6,16.3,23.3,1,0.7,1.7,0.058,0,-2.4,-2.4,-0.1
2011/2012,58044000,64640100.3,473604,New Orleans Hornets,19,NOH,Louisiana,West,Southwest,21,45,0.318,89.6,93.4,-3.11,Eric Gordon,PG,23,3831184,4347520,9,9,34.4,7,15.6,0.45,1.1,4.4,0.25,5.9,11.1,0.53,0.486,5.4,7.2,0.754,0.2,2.6,2.8,3.4,1.4,0.4,2.7,2.2,20.6,310,19.2,0.549,0.286,0.464,0.8,8.7,4.8,19.3,2.3,1.1,12.5,29.4,0.5,0.3,0.7,0.115,2.2,-1.8,0.3,0.2
2011/2012,58044000,64640100.3,473604,Phoenix Suns,24,PHO,Arizona,West,Pacific,33,33,0.5,98.4,98.6,0.29,Marcin Gortat,C,27,6790640,7705827,66,66,32,6.5,11.7,0.555,0,0,0,6.5,11.6,0.557,0.555,2.5,3.8,0.649,2.8,7.2,10,0.9,0.7,1.5,1.4,2.2,15.4,2114,21.2,0.578,0.003,0.326,10,25,17.6,4.8,1.2,3.4,9.3,20.8,4.9,2.7,7.6,0.172,0.8,1.2,2,2.1
2011/2012,58044000,64640100.3,473604,Los Angeles Lakers,14,LAL,California,West,Pacific,41,25,0.621,97.3,95.9,1.96,Andrew Goudelock,SG,23,473604,537432,40,0,10.5,1.7,4.4,0.391,0.7,1.9,0.373,1,2.5,0.404,0.471,0.3,0.3,0.917,0.1,0.7,0.8,0.5,0.1,0,0.5,0.8,4.4,419,8.4,0.488,0.431,0.069,1.4,6.6,4.1,8,0.5,0,10.5,21.9,0,0.1,0.1,0.011,-2.3,-4.3,-6.6,-0.5
2011/2012,58044000,64640100.3,473604,Indiana Pacers,12,IND,Indiana,East,Central,42,24,0.636,97.7,94.4,2.6,Danny Granger,SF,28,12015904,13635311,62,62,33.3,6.3,15.2,0.416,2,5.2,0.381,4.3,10,0.434,0.481,4.1,4.7,0.873,1.3,3.7,5,1.8,1,0.6,1.8,2.3,18.7,2062,18.6,0.542,0.343,0.309,4.3,12.3,8.4,9.7,1.6,1.5,9.3,25.9,4.5,2.2,6.7,0.155,3.1,-1.2,1.9,2
2011/2012,58044000,64640100.3,473604,Toronto Raptors,28,TOR,Ontario,East,Atlantic,23,43,0.348,90.7,94,-3.67,Aaron Gray,C,27,2500000,2836929,49,40,16.6,1.7,3.3,0.516,0,0,,1.7,3.3,0.516,0.516,0.5,1,0.532,1.7,4,5.7,0.6,0.4,0.3,1,2.6,3.9,813,11.1,0.526,0,0.292,12.1,28.3,20.3,5.5,1.5,1.7,21.9,13.5,0.1,1.3,1.4,0.082,-3.5,1.5,-2,0
2011/2012,58044000,64640100.3,473604,San Antonio Spurs,27,SAS,Texas,West,Southwest,50,16,0.758,103.7,96.5,7.28,Danny Green,SG,24,854389,969536,66,38,23.1,3.2,7.2,0.442,1.5,3.5,0.436,1.7,3.7,0.449,0.549,1.2,1.5,0.79,0.8,2.6,3.5,1.3,0.9,0.7,1,1.6,9.1,1522,15.5,0.579,0.491,0.21,4.2,12.9,8.6,8.3,2,2.2,11.4,17.6,2.5,2,4.5,0.142,2,1.2,3.2,2
2011/2012,58044000,64640100.3,473604,New Jersey Nets,3,NJN,New Jersey,East,Atlantic,22,44,0.333,93.1,99.1,-6.37,Gerald Green,SF,26,516999,586675,31,2,25.2,5,10.3,0.481,1.4,3.5,0.391,3.6,6.8,0.529,0.548,1.6,2.1,0.754,0.5,3,3.5,1.1,0.9,0.5,1.8,2.6,12.9,781,15.8,0.574,0.344,0.203,2.2,14.2,8,8.5,1.9,1.7,13.6,23.6,0.8,0.4,1.2,0.072,0.2,-1.8,-1.6,0.1
2011/2012,58044000,64640100.3,473604,Atlanta Hawks,1,ATL,Georgia,East,Southeast,40,26,0.606,96.6,93.2,2.67,Willie Green,SG,30,1223166,1388014,53,2,17.4,2.9,6.1,0.471,0.9,2.1,0.442,1.9,4,0.486,0.548,0.9,1.1,0.857,0.3,1.2,1.5,0.8,0.4,0.1,0.6,1.4,7.6,922,13.9,0.578,0.348,0.172,1.9,8.2,5.1,7.4,1.3,0.5,8.6,19.5,1.4,0.9,2.4,0.122,0.3,-2,-1.7,0.1
2011/2012,58044000,64640100.3,473604,Sacramento Kings,26,SAC,California,West,Pacific,22,44,0.333,98.8,104.4,-4.95,Donte Greene,PF,23,2015896,2287582,53,7,14.7,2,5,0.406,0.5,2,0.238,1.6,3,0.516,0.453,0.8,1,0.8,0.4,2.2,2.5,0.6,0.3,0.5,0.6,1.3,5.4,777,11.8,0.491,0.395,0.207,2.6,16.9,9.4,6.8,1.2,2.7,9.9,18,0.3,0.3,0.7,0.041,-2.3,-1.3,-3.6,-0.3
2011/2012,58044000,64640100.3,473604,Los Angeles Clippers,13,LAC,California,West,Pacific,40,26,0.606,97.5,95,2.82,Blake Griffin,PF,22,5731080,6503468,66,66,36.2,8.5,15.5,0.549,0,0.2,0.125,8.5,15.2,0.556,0.55,3.7,7.1,0.521,3.3,7.6,10.9,3.2,0.8,0.7,2.3,3.3,20.7,2392,23.4,0.557,0.016,0.458,10.7,25.1,17.8,16.6,1.2,1.7,10.9,26.6,6.6,2.6,9.2,0.185,3.1,1.1,4.1,3.7
2011/2012,58044000,64640100.3,473604,Memphis Grizzlies,15,MEM,Tennessee,West,Southwest,41,25,0.621,95,93,2.43,Hamed Haddadi,C,26,1300000,1475203,35,0,5.9,0.7,1.4,0.542,0,0,0,0.7,1.3,0.553,0.542,0.5,0.7,0.692,0.8,1.2,2,0.2,0,0.7,0.6,1.2,2,206,16.3,0.589,0.021,0.542,15.6,24.9,20.1,6.1,0.3,10.3,26.1,17.7,0.1,0.4,0.6,0.131,-3.5,4.1,0.6,0.1
2011/2012,58044000,64640100.3,473604,Denver Nuggets,8,DEN,Colorado,West,Northwest,38,28,0.576,104.1,101.2,3.16,Jordan Hamilton,SF,21,1073286,1217934,26,2,9.9,1.8,4.3,0.432,0.7,1.8,0.362,1.2,2.5,0.484,0.509,0.1,0.2,0.4,0.4,2,2.4,0.8,0.2,0.1,0.6,0.6,4.4,258,13.9,0.508,0.423,0.045,5.1,22.4,14,12.6,0.8,0.9,12.4,22.3,0.1,0.2,0.3,0.055,-0.6,-1.8,-2.4,0
2011/2012,58044000,64640100.3,473604,Chicago Bulls,5,CHI,Illinois,East,Central,50,16,0.758,96.3,88.2,7.43,Richard Hamilton,SG,33,17500000,19858508,28,28,24.9,5,11.1,0.452,0.6,1.6,0.37,4.4,9.4,0.466,0.479,1,1.3,0.784,0.7,1.6,2.4,3,0.4,0,1.8,2,11.6,697,13.2,0.5,0.148,0.119,3.3,7.2,5.3,21,0.9,0.1,13.1,24.5,0.5,0.8,1.3,0.092,-0.4,-1.7,-2.1,0
2011/2012,58044000,64640100.3,473604,Indiana Pacers,12,IND,Indiana,East,Central,42,24,0.636,97.7,94.4,2.6,Tyler Hansbrough,PF,26,2138040,2426187,66,0,21.8,2.9,7.3,0.405,0,0,0,2.9,7.2,0.406,0.405,3.4,4.2,0.813,1.7,2.7,4.4,0.5,0.8,0.1,1,2.4,9.3,1442,14.7,0.511,0.002,0.58,8.9,13.7,11.3,3.5,2,0.5,9.8,20.9,2.2,1.7,3.9,0.129,-1.3,-1.5,-2.7,-0.3
2011/2012,58044000,64640100.3,473604,Cleveland Cavaliers,6,CLE,Ohio,East,Central,21,45,0.318,93,100.2,-7.34,Luke Harangody,PF,24,762195,864917,21,1,11,1.1,3.1,0.354,0.2,1,0.238,0.9,2.1,0.409,0.392,0.4,0.6,0.75,1,1.6,2.5,0.3,0.3,0.1,0.2,0.8,2.9,231,10.4,0.427,0.323,0.185,9.5,16.9,13,4.3,1.4,1,5.4,14.5,0.1,0.1,0.2,0.046,-2.7,-1.9,-4.6,-0.2
2011/2012,58044000,64640100.3,473604,Oklahoma City Thunder,21,OKC,Oklahoma,West,Northwest,47,19,0.712,103.1,96.9,6.44,James Harden,SG,22,4604760,5225352,62,2,31.4,5,10.1,0.491,1.8,4.7,0.39,3.1,5.4,0.579,0.582,5,6,0.846,0.5,3.6,4.1,3.7,1,0.2,2.2,2.4,16.8,1946,21.1,0.66,0.464,0.587,1.9,12.2,7.4,19.3,1.6,0.6,14.8,21.6,7.5,1.8,9.3,0.23,5.6,-1.1,4.5,3.2
2011/2012,58044000,64640100.3,473604,Orlando Magic,22,ORL,Florida,East,Southeast,37,29,0.561,94.2,93.4,0.46,Justin Harper,PF,22,473604,537432,14,0,6,0.6,2.2,0.29,0.1,0.9,0.154,0.5,1.3,0.389,0.323,0,0.1,0,0.2,0.6,0.9,0.1,0.1,0.2,0.4,0.4,1.4,84,1.7,0.318,0.419,0.032,4.1,12.5,8.2,3.9,1.3,2.8,16,20.9,-0.3,0.1,-0.3,-0.145,-8.9,-0.9,-9.8,-0.2
2011/2012,58044000,64640100.3,473604,New York Knicks,20,NYK,New York,East,Atlantic,36,30,0.545,97.8,94.7,2.39,Josh Harrellson,PF,22,473604,537432,37,4,14.6,1.7,4,0.423,0.5,1.6,0.339,1.2,2.4,0.478,0.49,0.4,0.7,0.615,1.3,2.6,3.9,0.3,0.6,0.5,0.5,1.3,4.4,540,13.7,0.505,0.396,0.174,10,21,15.4,3.3,2.2,3,11.1,15,0.4,1,1.4,0.127,-1.6,1.2,-0.4,0.2
2011/2012,58044000,64640100.3,473604,Denver Nuggets,8,DEN,Colorado,West,Northwest,38,28,0.576,104.1,101.2,3.16,Al Harrington,PF,31,6226200,7065317,64,1,27.5,5.4,12.1,0.446,1.6,4.7,0.333,3.8,7.3,0.519,0.512,1.9,2.8,0.676,1.1,5,6.1,1.4,0.9,0.2,1.8,2.8,14.2,1761,15.3,0.535,0.392,0.228,4.9,20.4,12.9,8.2,1.7,0.5,11.6,24.4,1.6,1.6,3.2,0.088,0.8,-1.3,-0.5,0.6
2011/2012,58044000,64640100.3,473604,Utah Jazz,29,UTA,Utah,West,Northwest,36,30,0.545,99.7,99,0.92,Devin Harris,PG,28,9319000,10574940,63,63,27.6,3.8,8.6,0.445,1.2,3.4,0.362,2.6,5.2,0.498,0.516,2.5,3.3,0.746,0.2,1.6,1.8,5,1,0.2,1.9,2.2,11.3,1741,16,0.564,0.393,0.386,0.8,6.7,3.7,28.3,1.9,0.6,16.1,19.5,3.3,0.8,4.2,0.115,2.7,-2.4,0.3,1
2011/2012,58044000,64640100.3,473604,Cleveland Cavaliers,6,CLE,Ohio,East,Central,21,45,0.318,93,100.2,-7.34,Manny Harris,SG,22,122942,139511,26,5,17.5,2.3,5.8,0.4,0.5,1.4,0.333,1.8,4.4,0.421,0.44,1.6,2.3,0.695,0.4,2.3,2.7,1.2,0.5,0.2,1,1.1,6.7,456,11.7,0.492,0.24,0.393,2.6,15.3,8.7,11.8,1.5,1,13.3,20,0.1,0.2,0.3,0.03,-2.7,-1.5,-4.3,-0.3
2011/2012,58044000,64640100.3,473604,Miami Heat,16,MIA,Florida,East,Southeast,46,20,0.697,98.5,92.5,5.72,Terrel Harris,SG,24,473604,537432,22,1,14.5,1.3,3.8,0.349,0.4,1.8,0.205,1,2,0.477,0.398,0.6,1,0.667,0.8,1.5,2.3,1.2,0.4,0.1,1.1,1.5,3.6,318,6.7,0.434,0.47,0.253,7,11.9,9.6,12.2,1.5,0.5,21.3,17.1,-0.3,0.4,0.1,0.011,-3,-0.5,-3.4,-0.1
2011/2012,58044000,64640100.3,473604,Milwaukee Bucks,17,MIL,Wisconsin,East,Central,31,35,0.47,99,98.7,-0.23,Tobias Harris,SF,19,1418160,1609288,42,9,11.4,1.9,4,0.467,0.1,0.5,0.261,1.7,3.5,0.5,0.485,1,1.3,0.815,0.7,1.7,2.4,0.5,0.3,0.2,0.7,1.1,5,479,14.2,0.54,0.136,0.32,6.7,16.8,11.6,7.4,1.4,1.1,13.9,20.6,0.4,0.4,0.9,0.087,-2,-1.5,-3.5,-0.2
2011/2012,58044000,64640100.3,473604,Miami Heat,16,MIA,Florida,East,Southeast,46,20,0.697,98.5,92.5,5.72,Udonis Haslem,PF,31,3780000,4289438,64,10,24.8,2.4,5.6,0.423,0,0,,2.4,5.6,0.423,0.423,1.3,1.6,0.814,1.8,5.5,7.3,0.7,0.5,0.4,0.9,2.2,6,1589,10.9,0.479,0,0.286,9.1,25.6,17.7,4,1.2,1.2,13,13.5,0.7,2.8,3.5,0.106,-3.5,0.7,-2.8,-0.3
2011/2012,58044000,64640100.3,473604,Philadelphia 76ers,23,PHI,Pennsylvania,East,Atlantic,35,31,0.53,93.6,89.4,3.59,Spencer Hawes,C,23,4051024,4596988,37,29,24.9,4.2,8.6,0.489,0.1,0.3,0.25,4.1,8.3,0.498,0.494,1.1,1.5,0.727,2.1,5.2,7.3,2.6,0.4,1.3,1.5,2.7,9.6,920,18.1,0.517,0.038,0.172,9.4,23.3,16.3,17.6,0.9,3.9,13.8,20.3,1.1,1.9,2.9,0.152,-0.6,3.3,2.7,1.1
2011/2012,58044000,64640100.3,473604,Sacramento Kings,26,SAC,California,West,Pacific,22,44,0.333,98.8,104.4,-4.95,Chuck Hayes,C,28,5250000,5957552,54,9,19.2,1.4,3.1,0.429,0,0,0,1.4,3.1,0.435,0.429,0.5,0.7,0.667,1.3,3,4.3,1.4,0.7,0.3,0.9,2.1,3.2,1039,8.9,0.459,0.012,0.229,7.3,18,12.4,10.4,1.8,1.2,21.1,9.9,0.1,0.5,0.6,0.028,-3.1,1.3,-1.8,0.1
2011/2012,58044000,64640100.3,473604,Utah Jazz,29,UTA,Utah,West,Northwest,36,30,0.545,99.7,99,0.92,Gordon Hayward,SF,21,2532960,2874332,66,58,30.5,4,8.9,0.456,0.8,2.4,0.346,3.2,6.5,0.496,0.503,2.9,3.5,0.832,0.9,2.6,3.5,3.1,0.8,0.6,1.7,1.6,11.8,2015,15.5,0.568,0.271,0.396,3.3,9.9,6.6,15.9,1.4,1.6,13.7,17.8,3.8,1,4.9,0.116,2,-0.1,1.9,2
2011/2012,58044000,64640100.3,473604,Oklahoma City Thunder,21,OKC,Oklahoma,West,Northwest,47,19,0.712,103.1,96.9,6.44,Lazar Hayward,SF,25,1097520,1245434,26,0,5.4,0.5,1.5,0.342,0.2,0.5,0.286,0.3,0.9,0.375,0.395,0.3,0.5,0.583,0.1,0.5,0.6,0.2,0.1,0,0.3,0.7,1.4,141,3.1,0.427,0.368,0.316,1.7,10.6,6.5,4.2,1.1,0.5,17.2,16.8,-0.2,0.1,-0.1,-0.04,-5.6,-2.4,-8,-0.2
2011/2012,58044000,64640100.3,473604,Dallas Mavericks,7,DAL,Texas,West,Southwest,36,30,0.545,95.8,94.8,1.78,Brendan Haywood,C,32,7624500,8652068,54,54,21.2,2.2,4.2,0.518,0,0,,2.2,4.2,0.518,0.518,0.8,1.8,0.469,2.6,3.4,6,0.4,0.4,1,0.9,2.2,5.2,1146,12.9,0.52,0,0.421,13.7,18,15.9,2.6,1.1,3.8,14.5,12.8,1.1,1.6,2.7,0.114,-2.4,1.9,-0.5,0.4
2011/2012,58044000,64640100.3,473604,Charlotte Bobcats,4,CHA,North Carolina,East,Southeast,7,59,0.106,87,100.9,-13.96,Gerald Henderson,SG,24,2250600,2553917,55,55,33.3,6,13.1,0.459,0.2,0.9,0.234,5.8,12.3,0.475,0.467,2.8,3.7,0.76,1.2,2.9,4.1,2.3,0.9,0.4,1.8,2.3,15.1,1831,14,0.511,0.065,0.282,3.9,10.5,7,13.5,1.4,0.8,11,23,0.8,0.2,1,0.026,-0.7,-1.9,-2.6,-0.3
2011/2012,58044000,64640100.3,473604,New Orleans Hornets,19,NOH,Louisiana,West,Southwest,21,45,0.318,89.6,93.4,-3.11,Xavier Henry,SG,20,2171640,2464316,45,0,16.9,2,5.1,0.395,0.2,0.4,0.412,1.8,4.7,0.393,0.41,1.2,1.9,0.612,0.5,1.8,2.4,0.8,0.6,0.2,0.8,1.3,5.3,759,9.2,0.45,0.075,0.373,3.8,12.7,8.3,7.6,1.9,0.9,11.7,18.7,-0.4,0.7,0.2,0.015,-4.2,-0.5,-4.6,-0.5
2011/2012,58044000,64640100.3,473604,Indiana Pacers,12,IND,Indiana,East,Central,42,24,0.636,97.7,94.4,2.6,Roy Hibbert,C,25,2588590,2937459,65,65,29.8,5.1,10.3,0.497,0,0,0,5.1,10.3,0.498,0.497,2.6,3.7,0.711,3.3,5.5,8.8,1.7,0.5,2,2,3,12.8,1937,19.3,0.539,0.001,0.358,12.5,20.7,16.6,9.9,0.9,5.2,14.2,21.1,3.2,3,6.2,0.154,0.5,2.4,3,2.4
2011/2012,58044000,64640100.3,473604,#N/A,#N/A,TOT,#N/A,#N/A,#N/A,#N/A,#N/A,#N/A,#N/A,#N/A,#N/A,JJ Hickson,PF,23,2354537,2671862,54,19,23,3.4,7.3,0.467,0,0,0,3.4,7.2,0.469,0.467,1.6,2.5,0.642,2.5,3.7,6.2,0.8,0.6,0.6,1.3,1.6,8.4,1244,14.9,0.501,0.005,0.342,11.7,19,15.2,5.9,1.2,2.1,13.4,18.7,0.9,0.8,1.7,0.066,-2,-0.5,-2.4,-0.1
2011/2012,58044000,64640100.3,473604,Sacramento Kings,26,SAC,California,West,Pacific,22,44,0.333,98.8,104.4,-4.95,JJ Hickson,PF,23,2354537,2671862,35,9,18.4,1.8,4.9,0.37,0,0,0,1.8,4.9,0.372,0.37,1.1,1.7,0.638,1.9,3.1,5.1,0.6,0.5,0.5,1.1,1.3,4.7,644,9.9,0.416,0.006,0.335,10.9,19.7,15.1,5,1.4,1.9,16.4,16,-0.5,0.3,-0.1,-0.009,-4.8,-0.5,-5.3,-0.5
2011/2012,58044000,64640100.3,473604,Portland Trail Blazers,25,POR,Oregon,West,Northwest,28,38,0.424,97.2,97.8,-0.22,JJ Hickson,PF,23,2354537,2671862,19,10,31.6,6.3,11.5,0.543,0,0.1,0,6.3,11.5,0.546,0.543,2.6,4,0.645,3.5,4.8,8.3,1.2,0.6,0.9,1.6,2.2,15.1,600,20.2,0.568,0.005,0.347,12.6,18.3,15.4,6.9,1.1,2.3,10.9,21.6,1.4,0.5,1.8,0.147,1,-0.4,0.6,0.4
2011/2012,58044000,64640100.3,473604,Charlotte Bobcats,4,CHA,North Carolina,East,Southeast,7,59,0.106,87,100.9,-13.96,Cory Higgins,PG,22,473604,537432,38,0,11.1,1.4,4.2,0.325,0.1,0.5,0.2,1.3,3.7,0.343,0.338,1.1,1.6,0.7,0.2,0.7,0.9,0.9,0.1,0.2,1,1.1,3.9,423,4.1,0.402,0.125,0.375,1.8,7.9,4.7,15,0.6,1.1,17.3,24.6,-1.2,-0.1,-1.3,-0.15,-7.4,-4.1,-11.6,-1
2011/2012,58044000,64640100.3,473604,#N/A,#N/A,TOT,#N/A,#N/A,#N/A,#N/A,#N/A,#N/A,#N/A,#N/A,#N/A,Nenê,C,29,13000000,14752035,39,33,28.5,5.4,10.1,0.537,0,0.1,0,5.4,10,0.542,0.537,2.9,4.3,0.673,1.6,5.8,7.5,2.1,1.1,1,2.5,2.4,13.7,1110,18.6,0.573,0.01,0.427,6.7,23.3,15.1,12,1.9,2.7,17.1,22.6,1.3,1.4,2.7,0.117,-0.6,1.7,1.1,0.9
2011/2012,58044000,64640100.3,473604,Denver Nuggets,8,DEN,Colorado,West,Northwest,38,28,0.576,104.1,101.2,3.16,Nenê,C,29,13000000,14752035,28,27,29.5,5.1,10,0.509,0,0.1,0,5.1,10,0.513,0.509,3.2,4.8,0.677,1.5,5.9,7.4,2.2,1.3,0.9,2.8,2.5,13.4,826,16.7,0.554,0.007,0.473,6.3,22.6,14.7,11.7,2.2,2.4,18.5,22.5,0.5,1.1,1.6,0.092,-1.4,2.1,0.7,0.6
2011/2012,58044000,64640100.3,473604,Washington Wizards,30,WAS,Washington DC,East,Southeast,20,46,0.303,93.6,98.4,-5.14,Nenê,C,29,13000000,14752035,11,6,25.8,6.2,10.2,0.607,0,0.2,0,6.2,10,0.618,0.607,2.1,3.2,0.657,1.8,5.7,7.5,1.7,0.5,1.2,1.7,2.4,14.5,284,24.2,0.624,0.018,0.313,7.9,25.3,16.5,12.8,1.1,3.5,13,23.1,0.8,0.3,1.1,0.191,1.8,0.6,2.4,0.3
2011/2012,58044000,64640100.3,473604,Indiana Pacers,12,IND,Indiana,East,Central,42,24,0.636,97.7,94.4,2.6,George Hill,PG,25,2086360,2367542,50,9,25.5,3.4,7.6,0.442,1.1,2.9,0.367,2.3,4.7,0.489,0.513,1.8,2.3,0.778,0.6,2.4,3,2.9,0.8,0.3,1,2,9.6,1274,15.7,0.557,0.387,0.308,2.8,10.5,6.7,18.8,1.7,1.1,10.8,17.2,2.8,1.3,4,0.152,2.6,-0.3,2.3,1.4
2011/2012,58044000,64640100.3,473604,Phoenix Suns,24,PHO,Arizona,West,Pacific,33,33,0.5,98.4,98.6,0.29,Grant Hill,SF,39,6500000,7376017,49,46,28.1,4.1,9.2,0.446,0.3,1.1,0.264,3.8,8.1,0.47,0.461,1.7,2.2,0.761,0.6,2.9,3.5,2.2,0.8,0.6,1.3,1.8,10.2,1378,12.3,0.5,0.118,0.242,2.4,11.5,7,12.1,1.5,1.5,11.5,18.6,0.6,0.9,1.6,0.055,-1.2,0.7,-0.5,0.5
2011/2012,58044000,64640100.3,473604,#N/A,#N/A,TOT,#N/A,#N/A,#N/A,#N/A,#N/A,#N/A,#N/A,#N/A,#N/A,Jordan Hill,C,24,2855760,3240636,39,8,14.1,2.1,4.2,0.497,0,0.1,0,2.1,4.2,0.506,0.497,0.8,1.2,0.638,1.6,3.2,4.8,0.4,0.4,0.7,0.8,1.8,5,551,15.8,0.522,0.018,0.285,12.8,26.3,19.5,4.7,1.3,3.6,14.3,17.9,0.5,0.8,1.4,0.118,-2.8,0.8,-2.1,0
2011/2012,58044000,64640100.3,473604,Houston Rockets,11,HOU,Texas,West,Southwest,34,32,0.515,98.1,97.9,0.57,Jordan Hill,C,24,2855760,3240636,32,7,14.7,2.1,4.2,0.504,0,0.1,0,2.1,4.1,0.515,0.504,0.8,1.2,0.641,1.5,3.4,4.8,0.4,0.3,0.7,0.8,1.9,5,469,15.1,0.529,0.022,0.289,11.5,27,19.2,4.7,1,3.4,13.6,17.1,0.5,0.7,1.1,0.118,-2.8,0.6,-2.3,0
2011/2012,58044000,64640100.3,473604,Los Angeles Lakers,14,LAL,California,West,Pacific,41,25,0.621,97.3,95.9,1.96,Jordan Hill,C,24,2855760,3240636,7,1,11.7,2,4.3,0.467,0,0,,2,4.3,0.467,0.467,0.7,1.1,0.625,2,2.4,4.4,0.3,0.7,0.9,1,1.6,4.7,82,19.3,0.492,0,0.267,20,22.1,21.1,4.2,3.2,5.3,17.3,22.6,0,0.2,0.2,0.12,-2.7,1.9,-0.8,0
2011/2012,58044000,64640100.3,473604,Atlanta Hawks,1,ATL,Georgia,East,Southeast,40,26,0.606,96.6,93.2,2.67,Kirk Hinrich,SG,31,8100000,9191653,48,31,25.8,2.5,6.1,0.414,1,2.8,0.346,1.6,3.3,0.472,0.493,0.5,0.7,0.781,0.2,1.9,2.1,2.8,0.8,0.2,1.2,2.1,6.6,1237,9.2,0.511,0.461,0.108,1.1,8.5,4.8,16.3,1.6,0.7,15.8,13.9,0.4,1.4,1.8,0.069,-1.4,-0.1,-1.4,0.2
2011/2012,58044000,64640100.3,473604,Milwaukee Bucks,17,MIL,Wisconsin,East,Central,31,35,0.47,99,98.7,-0.23,Darington Hobson,SG,24,245884,279022,5,0,7.8,0.4,2.6,0.154,0,1.2,0,0.4,1.4,0.286,0.154,0,0,,0,0.6,0.6,1.2,0,0,0.4,0.2,0.8,39,-3.3,0.154,0.462,0,0,8.7,4.2,20.9,0,0,13.3,16.9,-0.2,0,-0.2,-0.225,-9.9,-4.3,-14.1,-0.1
2011/2012,58044000,64640100.3,473604,Philadelphia 76ers,23,PHI,Pennsylvania,East,Atlantic,35,31,0.53,93.6,89.4,3.59,Jrue Holiday,PG,21,1741440,1976137,65,65,33.8,5.5,12.8,0.432,1,2.6,0.38,4.5,10.2,0.445,0.471,1.4,1.8,0.783,0.9,2.4,3.3,4.5,1.6,0.3,2.1,2.1,13.5,2196,14.7,0.496,0.205,0.144,2.9,7.9,5.4,21.6,2.5,0.6,13.2,21.8,0.9,3.3,4.2,0.092,0.2,0.6,0.9,1.6
2011/2012,58044000,64640100.3,473604,#N/A,#N/A,TOT,#N/A,#N/A,#N/A,#N/A,#N/A,#N/A,#N/A,#N/A,#N/A,Ryan Hollins,C,27,2483333,2818016,39,8,13.4,1.2,2.2,0.548,0,0,,1.2,2.2,0.548,0.548,1,1.9,0.52,0.9,1.2,2.1,0.2,0.1,0.4,0.9,2,3.4,522,6.9,0.56,0,0.893,7.4,10.7,9,2.7,0.5,2.5,23,13.4,-0.1,0.3,0.2,0.023,-4.6,-0.6,-5.1,-0.4
2011/2012,58044000,64640100.3,473604,Cleveland Cavaliers,6,CLE,Ohio,East,Central,21,45,0.318,93,100.2,-7.34,Ryan Hollins,C,27,2483333,2818016,24,7,15.1,1.2,2.3,0.5,0,0,,1.2,2.3,0.5,0.5,1.4,2.3,0.6,1,1.3,2.3,0.3,0.2,0.5,1,2.3,3.7,362,7,0.555,0,0.982,7.6,10.1,8.8,2.6,0.6,2.5,23,12.9,0,0.1,0.1,0.013,-4.4,-0.9,-5.4,-0.3
2011/2012,58044000,64640100.3,473604,Boston Celtics,2,BOS,Massachusetts,East,Atlantic,39,27,0.591,91.8,89.3,2.26,Ryan Hollins,C,27,2483333,2818016,15,1,10.7,1.2,1.9,0.643,0,0,,1.2,1.9,0.643,0.643,0.4,1.3,0.3,0.6,1.1,1.7,0.2,0.1,0.3,0.7,1.5,2.8,160,6.8,0.571,0,0.714,7,12,9.6,3,0.3,2.4,23,14.3,-0.1,0.2,0.1,0.044,-5,0.3,-4.7,-0.1
2011/2012,58044000,64640100.3,473604,Sacramento Kings,26,SAC,California,West,Pacific,22,44,0.333,98.8,104.4,-4.95,Tyler Honeycutt,SF,21,775000,879448,15,0,5.9,0.5,1.6,0.333,0.1,0.2,0.333,0.5,1.4,0.333,0.354,0.2,0.3,0.6,0.2,0.7,0.9,0.5,0.3,0.2,0.1,0.2,1.3,88,10.4,0.382,0.125,0.208,3.6,14.4,8.7,11.5,2.3,2.5,7.1,13.9,0,0.1,0,0.013,-4.3,0.3,-4,0
2011/2012,58044000,64640100.3,473604,Atlanta Hawks,1,ATL,Georgia,East,Southeast,40,26,0.606,96.6,93.2,2.67,Al Horford,C,25,12000000,13617263,11,11,31.6,5.2,9.4,0.553,0,0.1,0,5.2,9.3,0.559,0.553,2,2.7,0.733,2.4,4.6,7,2.2,0.9,1.3,1.5,1.9,12.4,348,19,0.585,0.01,0.291,8.8,17.1,13,11.7,1.5,3.1,12.1,17.9,0.8,0.6,1.3,0.18,0.5,2.3,2.8,0.4
2011/2012,58044000,64640100.3,473604,New Jersey Nets,3,NJN,New Jersey,East,Atlantic,22,44,0.333,93.1,99.1,-6.37,Dennis Horner,PF,23,91642,103992,8,0,2.8,0.1,0.5,0.25,0,0.1,0,0.1,0.4,0.333,0.25,0.4,0.5,0.75,0.3,0.4,0.6,0,0,0,0.1,0.1,0.6,22,6.6,0.434,0.25,1,10.3,16.3,13.2,0,0,0,14.8,14.1,0,0,0,-0.012,-6.8,-6.7,-13.6,-0.1
2011/2012,58044000,64640100.3,473604,Orlando Magic,22,ORL,Florida,East,Southeast,37,29,0.561,94.2,93.4,0.46,Dwight Howard,C,26,18091770,20530033,54,54,38.3,7.7,13.4,0.573,0,0.1,0,7.7,13.3,0.579,0.573,5.2,10.6,0.491,3.7,10.8,14.5,1.9,1.5,2.1,3.2,2.9,20.6,2070,24.2,0.569,0.01,0.788,11,33.1,21.9,9.8,2.1,4.4,15.2,26.1,3.3,4.4,7.7,0.179,0.1,3.7,3.8,3
2011/2012,58044000,64640100.3,473604,Utah Jazz,29,UTA,Utah,West,Northwest,36,30,0.545,99.7,99,0.92,Josh Howard,SF,31,2150000,2439759,43,18,23,3.3,8.4,0.399,0.2,0.9,0.243,3.1,7.5,0.417,0.411,1.7,2.3,0.773,0.9,2.8,3.7,1.2,0.7,0.2,1.2,2.1,8.7,991,10.5,0.461,0.102,0.269,4.5,13.9,9.2,7.9,1.7,0.8,11.6,20.7,-0.2,0.7,0.5,0.025,-2.6,-0.9,-3.4,-0.4
2011/2012,58044000,64640100.3,473604,Miami Heat,16,MIA,Florida,East,Southeast,46,20,0.697,98.5,92.5,5.72,Juwan Howard,PF,38,1352181,1534417,28,0,6.8,0.6,2,0.309,0,0,,0.6,2,0.309,0.309,0.3,0.4,0.8,0.6,1,1.7,0.4,0.1,0,0.7,0.6,1.5,190,3.6,0.354,0,0.182,11.8,17.6,14.8,7.8,1.1,0.4,25.2,19.4,-0.6,0.3,-0.3,-0.076,-8.1,-0.8,-8.9,-0.3
2011/2012,58044000,64640100.3,473604,#N/A,#N/A,TOT,#N/A,#N/A,#N/A,#N/A,#N/A,#N/A,#N/A,#N/A,#N/A,Lester Hudson,PG,27,#N/A,#N/A,16,0,20.9,3.9,10.1,0.383,1,4,0.25,2.9,6.1,0.469,0.432,2.1,2.6,0.829,0.4,2.4,2.9,2.3,0.9,0.2,2,1.6,10.9,334,13.9,0.483,0.395,0.253,2.3,13.8,7.8,20.6,2.2,0.7,15.1,28.6,-0.1,0.2,0.1,0.012,-0.4,-2.2,-2.7,-0.1
2011/2012,58044000,64640100.3,473604,Cleveland Cavaliers,6,CLE,Ohio,East,Central,21,45,0.318,93,100.2,-7.34,Lester Hudson,PG,27,#N/A,#N/A,13,0,24.2,4.5,11.6,0.391,1.2,4.7,0.246,3.4,6.9,0.489,0.44,2.5,2.9,0.842,0.5,3,3.5,2.7,1.1,0.2,2.3,2,12.7,314,14.7,0.492,0.404,0.252,2.4,14.7,8.3,21.4,2.3,0.7,15.2,28.3,0,0.2,0.2,0.026,0.2,-1.8,-1.6,0
2011/2012,58044000,64640100.3,473604,Memphis Grizzlies,15,MEM,Tennessee,West,Southwest,41,25,0.621,95,93,2.43,Lester Hudson,PG,27,#N/A,#N/A,3,0,6.7,1,3.7,0.273,0.3,1,0.333,0.7,2.7,0.25,0.318,0.7,1,0.667,0,0,0,0.3,0,0,0.7,0,3,20,0.4,0.365,0.273,0.273,0,0,0,8.2,0,0,14,32.4,-0.1,0,-0.1,-0.207,-10.2,-9,-19.1,-0.1
2011/2012,58044000,64640100.3,473604,Orlando Magic,22,ORL,Florida,East,Southeast,37,29,0.561,94.2,93.4,0.46,Larry Hughes,PG,33,414443,470298,9,0,12.7,0.6,2.4,0.227,0.1,0.8,0.143,0.4,1.7,0.267,0.25,0.1,0.2,0.5,0.1,0.4,0.6,0.8,0.2,0,1.3,1.1,1.3,114,-4.8,0.262,0.318,0.091,1,4.1,2.5,9.2,0.9,0,34.4,14.3,-0.5,0,-0.5,-0.193,-10.2,-1.2,-11.4,-0.3
2011/2012,58044000,64640100.3,473604,New Jersey Nets,3,NJN,New Jersey,East,Atlantic,22,44,0.333,93.1,99.1,-6.37,Kris Humphries,PF,26,8000000,9078175,62,62,34.9,5.2,10.8,0.481,0,0,,5.2,10.8,0.481,0.481,3.4,4.5,0.752,3.8,7.2,11,1.5,0.8,1.2,1.9,2.8,13.8,2162,17.9,0.539,0,0.414,12.2,24.8,18.3,7.4,1.2,2.6,13,19.3,3.6,1.7,5.3,0.118,-0.6,0.4,-0.2,1
2011/2012,58044000,64640100.3,473604,Oklahoma City Thunder,21,OKC,Oklahoma,West,Northwest,47,19,0.712,103.1,96.9,6.44,Serge Ibaka,PF,22,1288200,1461813,66,66,27.2,4,7.4,0.535,0,0,0.333,4,7.4,0.536,0.536,1.2,1.8,0.661,2.9,4.6,7.5,0.4,0.5,3.7,1.2,2.7,9.1,1792,19,0.556,0.006,0.241,13.2,18.2,15.9,2.5,1,9.8,12.7,15.7,3,3.2,6.2,0.167,-0.9,3.8,3,2.2
2011/2012,58044000,64640100.3,473604,Philadelphia 76ers,23,PHI,Pennsylvania,East,Atlantic,35,31,0.53,93.6,89.4,3.59,Andre Iguodala,SF,28,13531750,15355450,62,62,35.6,4.6,10.2,0.454,1.2,3.1,0.394,3.4,7.1,0.481,0.514,2,3.2,0.617,0.9,5.2,6.1,5.5,1.7,0.5,1.9,1.5,12.4,2209,17.6,0.537,0.305,0.31,2.8,16.4,9.6,23.7,2.6,1,13.8,17.7,3.1,4.2,7.3,0.158,1.7,2.7,4.4,3.6
2011/2012,58044000,64640100.3,473604,Milwaukee Bucks,17,MIL,Wisconsin,East,Central,31,35,0.47,99,98.7,-0.23,Ersan Ilyasova,PF,24,2541000,2883455,60,41,27.6,4.9,10,0.492,0.9,1.9,0.455,4.1,8.1,0.501,0.535,2.4,3.1,0.781,3.3,5.6,8.8,1.2,0.7,0.7,1.3,2.2,13,1655,20.5,0.577,0.188,0.307,12.7,22.8,17.6,7,1.3,2,10.1,20.1,4.4,2,6.4,0.185,2.2,-0.2,2,1.7
2011/2012,58044000,64640100.3,473604,Cleveland Cavaliers,6,CLE,Ohio,East,Central,21,45,0.318,93,100.2,-7.34,Kyrie Irving,PG,19,5144280,5837584,51,51,30.5,6.9,14.6,0.469,1.4,3.6,0.399,5.4,11.1,0.491,0.517,3.4,3.8,0.872,0.9,2.9,3.7,5.4,1.1,0.4,3.1,2.2,18.5,1558,21.4,0.566,0.245,0.262,3.1,11.2,7,36.5,1.8,1,16.1,28.7,3.4,0.6,4.1,0.125,4.9,-1.7,3.3,2.1
2011/2012,58044000,64640100.3,473604,Oklahoma City Thunder,21,OKC,Oklahoma,West,Northwest,47,19,0.712,103.1,96.9,6.44,Royal Ivey,SG,30,1200000,1361726,34,0,10.4,0.8,2.1,0.356,0.5,1.6,0.34,0.2,0.6,0.4,0.479,0,0.2,0.125,0,0.7,0.7,0.3,0.4,0,0.3,1.1,2.1,354,4.7,0.464,0.726,0.11,0.3,6.9,3.9,4.1,2,0,10.5,10.9,-0.1,0.3,0.2,0.025,-1.9,-1.2,-3.1,-0.1
2011/2012,58044000,64640100.3,473604,New Orleans Hornets,19,NOH,Louisiana,West,Southwest,21,45,0.318,89.6,93.4,-3.11,Jarrett Jack,PG,28,5000000,5673859,45,39,34,5.9,13,0.456,0.9,2.5,0.348,5,10.5,0.482,0.49,2.9,3.3,0.872,0.5,3.4,3.9,6.3,0.7,0.2,2.4,2.1,15.6,1530,17.9,0.54,0.192,0.254,1.8,11.7,6.8,34,1.1,0.5,14.1,23.3,2.9,0.9,3.8,0.119,2.6,-1.4,1.2,1.2
2011/2012,58044000,64640100.3,473604,Oklahoma City Thunder,21,OKC,Oklahoma,West,Northwest,47,19,0.712,103.1,96.9,6.44,Reggie Jackson,PG,21,1156320,1312159,45,0,11.1,1.1,3.5,0.321,0.3,1.4,0.21,0.8,2.2,0.392,0.362,0.6,0.6,0.862,0.3,0.9,1.2,1.6,0.6,0,0.8,0.7,3.1,501,9.2,0.408,0.39,0.182,3.4,8.3,6,21.2,2.6,0.1,17.3,18.7,-0.4,0.5,0.1,0.011,-2.6,-1.3,-3.9,-0.2
2011/2012,58044000,64640100.3,473604,#N/A,#N/A,TOT,#N/A,#N/A,#N/A,#N/A,#N/A,#N/A,#N/A,#N/A,#N/A,Stephen Jackson,SF,33,9256500,10504016,47,14,25.8,3.4,9,0.374,1,3.6,0.288,2.3,5.4,0.431,0.432,2,2.4,0.825,0.5,3,3.5,2.5,1.1,0.3,2.2,2.1,9.8,1212,10.7,0.485,0.4,0.268,2,13.1,7.6,14.6,2.3,0.8,17.8,21.3,-0.7,1.3,0.6,0.025,-1.7,0.1,-1.6,0.1
2011/2012,58044000,64640100.3,473604,Milwaukee Bucks,17,MIL,Wisconsin,East,Central,31,35,0.47,99,98.7,-0.23,Stephen Jackson,SF,33,9256500,10504016,26,13,27.4,3.7,10.5,0.357,1.2,4.2,0.278,2.6,6.3,0.409,0.412,1.9,2.3,0.833,0.6,2.5,3.2,3,1,0.2,2.5,2.3,10.5,712,8.9,0.459,0.397,0.221,2.4,10.5,6.4,16.6,1.9,0.6,18.1,22.5,-0.8,0.5,-0.3,-0.019,-2.3,-1.1,-3.4,-0.3
2011/2012,58044000,64640100.3,473604,San Antonio Spurs,27,SAS,Texas,West,Southwest,50,16,0.758,103.7,96.5,7.28,Stephen Jackson,SF,33,9256500,10504016,21,1,23.8,3,7.3,0.405,0.9,3,0.306,2,4.3,0.473,0.467,2.1,2.6,0.815,0.3,3.6,3.9,2,1.3,0.3,1.8,1.8,8.9,500,13.1,0.529,0.405,0.353,1.4,16.9,9.3,11.8,2.9,1,17.3,19.5,0.1,0.8,0.9,0.086,-0.8,1.8,0.9,0.4
2011/2012,58044000,64640100.3,473604,New Jersey Nets,3,NJN,New Jersey,East,Atlantic,22,44,0.333,93.1,99.1,-6.37,Damion James,SF,24,1243080,1410612,7,7,24.3,1.9,5,0.371,0,0.1,0,1.9,4.9,0.382,0.371,1.1,1.7,0.667,1,3.7,4.7,0.4,1,1,1.7,2.4,4.9,170,6.1,0.422,0.029,0.343,4.6,18.3,11.3,2.8,2.2,3.2,23,14.1,-0.3,0.1,-0.2,-0.043,-7.3,1.1,-6.3,-0.2
2011/2012,58044000,64640100.3,473604,Miami Heat,16,MIA,Florida,East,Southeast,46,20,0.697,98.5,92.5,5.72,LeBron James,SF,27,16022500,18181883,62,62,37.5,10,18.9,0.531,0.9,2.4,0.362,9.1,16.5,0.556,0.554,6.2,8.1,0.771,1.5,6.4,7.9,6.2,1.9,0.8,3.4,1.5,27.1,2326,30.7,0.605,0.127,0.429,5,19.7,12.6,33.6,2.6,1.7,13.3,32,10,4.5,14.5,0.298,8.3,2.7,11,7.6
2011/2012,58044000,64640100.3,473604,Chicago Bulls,5,CHI,Illinois,East,Central,50,16,0.758,96.3,88.2,7.43,Mike James,PG,36,277566,314974,11,0,10.9,1.8,4.5,0.408,0.5,0.9,0.6,1.3,3.5,0.359,0.469,0.6,0.7,0.875,0.2,0.7,0.9,2.6,0.4,0.2,1.3,1.8,4.8,120,13.7,0.505,0.204,0.163,1.9,7.3,4.6,39.8,1.8,1.2,21,25.3,0.1,0.2,0.3,0.111,-0.9,-1.9,-2.9,0
2011/2012,58044000,64640100.3,473604,Cleveland Cavaliers,6,CLE,Ohio,East,Central,21,45,0.318,93,100.2,-7.34,Antawn Jamison,PF,35,15076715,17108633,65,65,33.1,6.5,16.1,0.403,1.4,4.1,0.341,5.1,12,0.425,0.447,2.8,4.2,0.683,1.9,4.4,6.3,2,0.8,0.7,1.4,2.5,17.2,2151,16.1,0.481,0.256,0.26,6.3,15.7,10.8,11.9,1.2,1.5,7.2,26.2,2.1,1,3.1,0.07,0.7,-1.8,-1.1,0.5
2011/2012,58044000,64640100.3,473604,Utah Jazz,29,UTA,Utah,West,Northwest,36,30,0.545,99.7,99,0.92,Al Jefferson,C,27,14000000,15886807,61,61,34,8.5,17.2,0.492,0,0.1,0.25,8.4,17.1,0.493,0.493,2.2,2.9,0.774,2.2,7.4,9.6,2.2,0.8,1.7,1,2.5,19.2,2075,22.8,0.52,0.004,0.169,7.3,25.3,16.2,12.1,1.2,3.9,5.2,25.7,4.9,2.5,7.5,0.173,1.7,1.3,3,2.6
2011/2012,58044000,64640100.3,473604,#N/A,#N/A,TOT,#N/A,#N/A,#N/A,#N/A,#N/A,#N/A,#N/A,#N/A,#N/A,Richard Jefferson,SF,31,9282000,10532953,63,44,27.7,3.2,7.7,0.416,1.8,4.3,0.42,1.4,3.5,0.411,0.532,0.9,1.3,0.694,0.4,3.1,3.5,1.4,0.6,0.3,0.8,1.9,9.2,1748,11.1,0.55,0.551,0.174,1.7,12.4,7.2,7.3,1.1,0.8,8.7,15.1,1.9,1.2,3.1,0.085,0.7,-0.6,0.1,0.9
2011/2012,58044000,64640100.3,473604,San Antonio Spurs,27,SAS,Texas,West,Southwest,50,16,0.758,103.7,96.5,7.28,Richard Jefferson,SF,31,9282000,10532953,41,41,28.5,3.2,7.8,0.414,2,4.6,0.421,1.3,3.1,0.403,0.539,0.9,1.2,0.7,0.4,3,3.5,1.3,0.6,0.3,0.8,2,9.2,1168,10.9,0.556,0.596,0.157,1.8,12,7,6.7,1.1,0.7,8.6,14.6,1.4,1,2.4,0.1,1.2,0,1.2,0.9
2011/2012,58044000,64640100.3,473604,Golden State Warriors,10,GSW,California,West,Pacific,23,43,0.348,97.8,101.2,-2.79,Richard Jefferson,SF,31,9282000,10532953,22,3,26.4,3.2,7.7,0.42,1.5,3.6,0.418,1.7,4.1,0.422,0.518,1.1,1.6,0.686,0.4,3.1,3.5,1.5,0.5,0.3,0.8,1.7,9,580,11.6,0.54,0.467,0.207,1.6,13.3,7.4,8.6,1.1,0.9,8.9,16.1,0.6,0.1,0.7,0.056,-0.3,-1.7,-2.1,0
2011/2012,58044000,64640100.3,473604,New York Knicks,20,NYK,New York,East,Atlantic,36,30,0.545,97.8,94.7,2.39,Jared Jeffries,PF,30,1229255,1394924,39,4,18.7,1.5,3.7,0.41,0.1,0.4,0.188,1.4,3.3,0.438,0.42,1.3,1.8,0.681,1.8,2.1,3.9,0.7,0.7,0.6,0.7,2.3,4.4,729,10.9,0.484,0.111,0.5,10.8,13.3,12,5.4,2,2.7,14.2,12.6,0.5,1.1,1.7,0.109,-1.9,2.3,0.4,0.4
2011/2012,58044000,64640100.3,473604,Golden State Warriors,10,GSW,California,West,Pacific,23,43,0.348,97.8,101.2,-2.79,Charles Jenkins,PG,22,473604,537432,51,28,17.5,2.5,5.7,0.447,0.1,0.4,0.15,2.5,5.3,0.469,0.452,0.7,0.8,0.872,0.2,1.2,1.3,3.3,0.6,0.1,1.2,1.7,5.8,893,12.4,0.482,0.069,0.134,1,7.6,4.3,29.9,1.9,0.5,16.3,19,0.4,0.1,0.5,0.028,-2.5,-3,-5.5,-0.8
2011/2012,58044000,64640100.3,473604,Milwaukee Bucks,17,MIL,Wisconsin,East,Central,31,35,0.47,99,98.7,-0.23,Brandon Jennings,PG,22,2493720,2829803,66,66,35.3,7.1,17,0.418,2,5.9,0.332,5.2,11.1,0.464,0.476,2.9,3.6,0.808,0.7,2.7,3.4,5.5,1.6,0.3,2.2,1.7,19.1,2331,18.4,0.514,0.346,0.213,2.3,8.6,5.3,26.7,2.3,0.7,10.6,25.9,3.8,1.8,5.5,0.114,3.6,-1.3,2.3,2.5
2011/2012,58044000,64640100.3,473604,Detroit Pistons,9,DET,Michigan,East,Central,25,41,0.379,90.9,95.7,-5.19,Jonas Jerebko,PF,24,4500000,5106473,64,13,22.9,3.3,7.1,0.468,0.5,1.7,0.302,2.8,5.4,0.519,0.503,1.6,1.9,0.806,1.5,3.3,4.8,0.7,0.6,0.3,1,2.5,8.7,1468,14.2,0.548,0.234,0.274,7.6,17.8,12.5,5.1,1.5,1.1,11.5,18.1,2,1.3,3.3,0.108,-0.2,-1.2,-1.4,0.2
2011/2012,58044000,64640100.3,473604,Dallas Mavericks,7,DAL,Texas,West,Southwest,36,30,0.545,95.8,94.8,1.78,Yi Jianlian,PF,24,827197,938679,30,0,6.8,1,2.7,0.378,0.1,0.3,0.3,0.9,2.4,0.389,0.396,0.5,0.7,0.667,0.4,1.2,1.6,0.2,0.2,0.3,0.5,0.8,2.6,203,10.4,0.433,0.122,0.256,6.7,20.3,13.6,4.1,1.8,3.1,13.3,24.1,-0.3,0.3,0,-0.003,-6.9,-0.4,-7.3,-0.3
2011/2012,58044000,64640100.3,473604,Toronto Raptors,28,TOR,Ontario,East,Atlantic,23,43,0.348,90.7,94,-3.67,Amir Johnson,PF,24,5500000,6241245,64,43,24.3,3.1,5.3,0.576,0,0.1,0.4,3,5.2,0.579,0.579,0.9,1.3,0.69,2.3,4,6.4,1.2,0.5,1.1,1.5,3.3,7.1,1553,14.4,0.6,0.015,0.247,11.4,19.4,15.4,8.7,1.1,3.6,20,14.3,1.9,2,4,0.122,-0.5,2.7,2.2,1.6
2011/2012,58044000,64640100.3,473604,#N/A,#N/A,TOT,#N/A,#N/A,#N/A,#N/A,#N/A,#N/A,#N/A,#N/A,#N/A,Armon Johnson,PG,22,762195,864917,9,0,13.8,2.2,4.8,0.465,0.1,0.3,0.333,2.1,4.4,0.475,0.477,0.7,0.7,1,0.1,1.3,1.4,1.2,0.6,0,0.7,1,5.2,124,12.9,0.515,0.07,0.14,0.9,11.6,6.1,16.1,2.1,0,11.6,19.1,0.1,0,0.1,0.05,-2.6,-2.4,-5,-0.1
2011/2012,58044000,64640100.3,473604,Portland Trail Blazers,25,POR,Oregon,West,Northwest,28,38,0.424,97.2,97.8,-0.22,Armon Johnson,PG,22,762195,864917,1,0,5,1,1,1,0,0,,1,1,1,1,0,0,,0,1,1,0,1,0,1,0,2,5,20.7,1,0,0,0,23.8,11.7,0,10.5,0,50,18.3,0,0,0,0.042,-4.8,4.3,-0.5,0
2011/2012,58044000,64640100.3,473604,New Jersey Nets,3,NJN,New Jersey,East,Atlantic,22,44,0.333,93.1,99.1,-6.37,Armon Johnson,PG,22,762195,864917,8,0,14.9,2.4,5.3,0.452,0.1,0.4,0.333,2.3,4.9,0.462,0.464,0.8,0.8,1,0.1,1.4,1.5,1.4,0.5,0,0.6,1.1,5.6,119,12.5,0.504,0.071,0.143,0.9,11,5.9,16.7,1.8,0,10.1,19.1,0.1,0,0.1,0.051,-2.5,-2.7,-5.2,-0.1
2011/2012,58044000,64640100.3,473604,New Orleans Hornets,19,NOH,Louisiana,West,Southwest,21,45,0.318,89.6,93.4,-3.11,Carldell Johnson,PG,29,168035,190681,15,0,7.9,0.7,2.3,0.314,0.3,1,0.267,0.5,1.3,0.35,0.371,0.1,0.2,0.333,0.1,0.5,0.6,1.5,0.5,0,0.5,0.7,1.8,119,8.9,0.372,0.429,0.086,1,7.9,4.5,29.4,3.7,0,16.2,17.2,-0.1,0.1,0,-0.003,-3.2,-1.3,-4.5,-0.1
2011/2012,58044000,64640100.3,473604,#N/A,#N/A,TOT,#N/A,#N/A,#N/A,#N/A,#N/A,#N/A,#N/A,#N/A,#N/A,Chris Johnson,C,26,762195,864917,27,0,6.5,0.7,1.5,0.488,0,0,,0.7,1.5,0.488,0.488,0.6,0.7,0.789,0.6,0.9,1.5,0.1,0.2,0.3,0.6,1.2,2,175,10.8,0.557,0,0.463,10.1,16.8,13.5,1.8,1.9,4,23.3,17.1,0,0.2,0.2,0.059,-4.8,0.2,-4.7,-0.1
2011/2012,58044000,64640100.3,473604,Portland Trail Blazers,25,POR,Oregon,West,Northwest,28,38,0.424,97.2,97.8,-0.22,Chris Johnson,C,26,762195,864917,20,0,4.7,0.6,1.2,0.478,0,0,,0.6,1.2,0.478,0.478,0.5,0.6,0.833,0.4,0.5,0.9,0.1,0.1,0.4,0.4,1,1.6,93,11.4,0.566,0,0.522,9.8,12.8,11.3,1.7,0.6,6.6,19.8,17.4,0.1,0.1,0.1,0.077,-4.4,0.1,-4.4,-0.1
2011/2012,58044000,64640100.3,473604,New Orleans Hornets,19,NOH,Louisiana,West,Southwest,21,45,0.318,89.6,93.4,-3.11,Chris Johnson,C,26,762195,864917,7,0,11.7,1.3,2.6,0.5,0,0,,1.3,2.6,0.5,0.5,0.7,1,0.714,1,2.1,3.1,0.1,0.7,0.1,1.1,1.9,3.3,82,10.1,0.546,0,0.389,10.3,21.4,16,2,3.3,1,27.5,16.8,-0.1,0.1,0.1,0.038,-5.3,0.3,-5,-0.1
2011/2012,58044000,64640100.3,473604,Atlanta Hawks,1,ATL,Georgia,East,Southeast,40,26,0.606,96.6,93.2,2.67,Ivan Johnson,PF,27,473604,537432,56,0,16.7,2.5,4.9,0.513,0,0.1,0.333,2.5,4.8,0.517,0.516,1.3,1.8,0.72,1.2,2.9,4,0.6,0.8,0.3,1.2,2.1,6.4,934,14.3,0.558,0.022,0.364,8.2,20.1,14.2,5.7,2.4,1.5,17.8,19.5,0.5,1.7,2.2,0.113,-2.9,1,-1.9,0
2011/2012,58044000,64640100.3,473604,Boston Celtics,2,BOS,Massachusetts,East,Atlantic,39,27,0.591,91.8,89.3,2.26,JaJuan Johnson,PF,22,1042320,1182795,36,0,8.3,1.5,3.4,0.446,0,0,,1.5,3.4,0.446,0.446,0.2,0.3,0.667,0.6,1.1,1.6,0.2,0.1,0.4,0.4,0.7,3.2,298,11.4,0.456,0,0.074,8.3,14.4,11.5,3.6,0.9,3.6,10.1,22.4,-0.3,0.5,0.2,0.032,-5.9,-0.4,-6.3,-0.3
2011/2012,58044000,64640100.3,473604,Toronto Raptors,28,TOR,Ontario,East,Atlantic,23,43,0.348,90.7,94,-3.67,James Johnson,SF,24,1833120,2080173,62,40,25.2,3.8,8.4,0.45,0.3,1,0.317,3.5,7.4,0.467,0.468,1.3,1.9,0.704,1.2,3.5,4.7,2,1.1,1.4,1.6,2.9,9.1,1561,14.5,0.498,0.116,0.222,5.6,16.2,11,13.9,2.4,4.4,15.1,20.2,0.1,2.5,2.6,0.079,-1.6,3.4,1.9,1.5
2011/2012,58044000,64640100.3,473604,Atlanta Hawks,1,ATL,Georgia,East,Southeast,40,26,0.606,96.6,93.2,2.67,Joe Johnson,SG,30,18038573,20469667,60,60,35.5,7.1,15.5,0.454,2.1,5.4,0.388,5,10.2,0.489,0.521,2.6,3.1,0.849,0.9,2.8,3.7,3.9,0.8,0.2,1.9,1.3,18.8,2127,18.4,0.557,0.346,0.2,2.9,9.2,6.1,19.7,1.2,0.5,10.3,24.9,4.4,2.1,6.4,0.145,3.4,-1.4,2.1,2.2
2011/2012,58044000,64640100.3,473604,New Orleans Hornets,19,NOH,Louisiana,West,Southwest,21,45,0.318,89.6,93.4,-3.11,Trey Johnson,SG,27,#N/A,#N/A,11,0,5.5,0.7,1.3,0.571,0,0,,0.7,1.3,0.571,0.571,0.5,0.5,1,0.3,0.8,1.1,0.4,0.1,0,0.5,0.9,1.9,61,11.8,0.648,0,0.357,6,17.3,11.7,11.1,0.9,0,23.6,16.4,0.1,0,0.1,0.096,-2.4,-1.3,-3.6,0
2011/2012,58044000,64640100.3,473604,Minnesota Timberwolves,18,MIN,Minnesota,West,Northwest,26,40,0.394,97.9,100.1,-1.83,Wesley Johnson,SF,24,4006080,4545987,65,64,22.6,2.4,6.1,0.398,0.8,2.6,0.314,1.6,3.5,0.461,0.465,0.4,0.5,0.706,0.4,2.4,2.7,0.9,0.5,0.7,0.9,1.8,6,1469,8,0.477,0.426,0.086,1.8,11.6,6.7,6.4,1.2,2.3,12.7,14.3,-0.4,1,0.6,0.021,-2.6,1,-1.6,0.1
2011/2012,58044000,64640100.3,473604,Indiana Pacers,12,IND,Indiana,East,Central,42,24,0.636,97.7,94.4,2.6,Dahntay Jones,SF,31,2700000,3063884,65,3,16.2,1.8,4.3,0.409,0.5,1.2,0.429,1.3,3.1,0.402,0.468,1.3,1.5,0.838,0.4,1.4,1.8,1,0.4,0.2,0.7,1.8,5.3,1052,10.3,0.533,0.274,0.352,2.5,10,6.3,9.6,1.2,0.8,12.4,16,1.1,0.8,2,0.09,-0.9,-1.1,-2,0
2011/2012,58044000,64640100.3,473604,Dallas Mavericks,7,DAL,Texas,West,Southwest,36,30,0.545,95.8,94.8,1.78,Dominique Jones,SG,23,1193280,1354100,33,1,8.1,0.9,2.2,0.397,0,0.2,0.125,0.8,2,0.431,0.404,0.9,1.1,0.784,0.3,1.1,1.3,1.3,0.3,0.2,0.8,0.8,2.7,268,11.8,0.493,0.11,0.507,3.8,14.6,9.2,24.6,2,1.5,23.9,20.3,-0.1,0.4,0.2,0.044,-3.9,1,-2.9,-0.1
2011/2012,58044000,64640100.3,473604,Miami Heat,16,MIA,Florida,East,Southeast,46,20,0.697,98.5,92.5,5.72,James Jones,SG,31,1500000,1702157,51,10,13.1,1.1,2.9,0.38,0.9,2.2,0.404,0.2,0.7,0.306,0.533,0.5,0.6,0.833,0.1,0.8,1,0.4,0.3,0.2,0.2,0.9,3.6,666,9.7,0.567,0.76,0.2,1.1,7.4,4.4,4.2,1.3,1.1,5.8,12.1,0.9,0.7,1.7,0.12,0.3,-1.2,-1,0.2
2011/2012,58044000,64640100.3,473604,#N/A,#N/A,TOT,#N/A,#N/A,#N/A,#N/A,#N/A,#N/A,#N/A,#N/A,#N/A,Solomon Jones,C-PF,27,440353,499699,21,1,13.9,1.1,2.9,0.393,0,0,,1.1,2.9,0.393,0.393,0.9,1.1,0.826,1.5,1.2,2.8,0.4,0.4,0.5,0.9,2,3.2,292,9.1,0.471,0,0.377,13.1,10.5,11.8,4.9,1.7,3.1,20.2,14.4,0,0.3,0.3,0.042,-3.2,1.2,-2,0
2011/2012,58044000,64640100.3,473604,Los Angeles Clippers,13,LAC,California,West,Pacific,40,26,0.606,97.5,95,2.82,Solomon Jones,PF,27,440353,499699,10,0,9.6,0.1,0.8,0.125,0,0,,0.1,0.8,0.125,0.125,0.4,0.5,0.8,1.1,0.6,1.7,0.2,0.4,0.5,0.5,1.2,0.6,96,5.3,0.294,0,0.625,13.5,7.5,10.5,2.8,2.2,4.3,32.9,7.3,-0.1,0.1,0,0.008,-4.5,3.4,-1.1,0
2011/2012,58044000,64640100.3,473604,New Orleans Hornets,19,NOH,Louisiana,West,Southwest,21,45,0.318,89.6,93.4,-3.11,Solomon Jones,C,27,440353,499699,11,1,17.8,2.1,4.8,0.434,0,0,,2.1,4.8,0.434,0.434,1.4,1.6,0.833,1.9,1.8,3.7,0.6,0.5,0.5,1.2,2.8,5.5,196,11,0.501,0,0.34,13,12,12.5,5.9,1.4,2.5,17.6,17.8,0.1,0.2,0.2,0.059,-2.5,0.1,-2.4,0
2011/2012,58044000,64640100.3,473604,Los Angeles Clippers,13,LAC,California,West,Pacific,40,26,0.606,97.5,95,2.82,DeAndre Jordan,C,23,10079404,11437825,66,66,27.2,3.1,4.9,0.632,0,0,0,3.1,4.9,0.634,0.632,1.1,2.1,0.525,3.1,5.2,8.3,0.3,0.5,2,1.1,2.9,7.4,1798,16.4,0.626,0.003,0.433,13.2,23,18.1,1.5,0.9,6.2,16,11.9,3.2,2.4,5.6,0.15,-1.1,2.1,1,1.4
2011/2012,58044000,64640100.3,473604,New York Knicks,20,NYK,New York,East,Atlantic,36,30,0.545,97.8,94.7,2.39,Jerome Jordan,C,25,473604,537432,21,0,5.1,0.8,1.6,0.515,0,0,,0.8,1.6,0.515,0.515,0.4,0.5,0.8,0.7,0.6,1.3,0.2,0,0.3,0.1,0.7,2,108,18.3,0.561,0,0.303,14.8,14.1,14.4,6.3,0.5,4.4,5.1,16.4,0.3,0.1,0.5,0.211,0.3,0.3,0.6,0.1
2011/2012,58044000,64640100.3,473604,San Antonio Spurs,27,SAS,Texas,West,Southwest,50,16,0.758,103.7,96.5,7.28,Cory Joseph,PG,20,1028400,1166999,29,1,9.2,0.8,2.4,0.314,0.1,0.5,0.2,0.7,1.9,0.345,0.336,0.4,0.6,0.647,0.2,0.7,0.9,1.2,0.2,0.1,0.4,0.6,2,266,6.9,0.374,0.214,0.243,2.2,8.5,5.4,17.4,1.4,0.8,13.4,15.4,-0.2,0.2,0,0.001,-4.2,-0.6,-4.8,-0.2
2011/2012,58044000,64640100.3,473604,New Orleans Hornets,19,NOH,Louisiana,West,Southwest,21,45,0.318,89.6,93.4,-3.11,Chris Kaman,C,29,14030000,15920850,47,33,29.2,5.7,12.7,0.446,0,0,,5.7,12.7,0.446,0.446,1.8,2.3,0.785,1.9,5.9,7.7,2.1,0.5,1.6,2.7,2.3,13.1,1372,15.3,0.478,0,0.179,7.9,23.5,15.8,14,1,4.7,16.7,26.6,-1.2,1.9,0.7,0.024,-3.5,2.2,-1.4,0.2
2011/2012,58044000,64640100.3,473604,Utah Jazz,29,UTA,Utah,West,Northwest,36,30,0.545,99.7,99,0.92,Enes Kanter,C,19,4133280,4690330,66,0,13.2,1.8,3.6,0.496,0,0,0,1.8,3.6,0.498,0.496,1.1,1.6,0.667,1.6,2.6,4.2,0.1,0.3,0.3,0.8,1.3,4.6,874,14.5,0.539,0.004,0.445,13.9,22.7,18.3,1.4,1.1,2.1,16.1,17.3,0.9,0.8,1.7,0.095,-2.6,-2.1,-4.7,-0.6
2011/2012,58044000,64640100.3,473604,Los Angeles Lakers,14,LAL,California,West,Pacific,41,25,0.621,97.3,95.9,1.96,Jason Kapono,SG,30,1223166,1388014,27,0,10,0.8,2,0.382,0.3,1,0.296,0.5,1,0.464,0.455,0.1,0.1,1,0.1,0.4,0.5,0.4,0.1,0,0.2,0.8,2,269,4.5,0.476,0.491,0.073,0.9,4.8,2.9,6,0.6,0,9.6,10.7,0,0.1,0.1,0.021,-3.1,-2.2,-5.2,-0.2
2011/2012,58044000,64640100.3,473604,Cleveland Cavaliers,6,CLE,Ohio,East,Central,21,45,0.318,93,100.2,-7.34,DJ Kennedy,SF,22,#N/A,#N/A,2,0,29.5,2.5,6,0.417,1,2,0.5,1.5,4,0.375,0.5,0,1,0,0.5,3,3.5,1.5,1,0,1.5,3.5,6,59,4.7,0.466,0.333,0.167,1.9,12,6.7,8.2,1.8,0,18.9,12.1,0,0,0,-0.023,-4.5,-1.1,-5.6,-0.1
2011/2012,58044000,64640100.3,473604,Dallas Mavericks,7,DAL,Texas,West,Southwest,36,30,0.545,95.8,94.8,1.78,Jason Kidd,PG,38,10121000,11485027,48,48,28.7,2.1,5.7,0.363,1.6,4.6,0.354,0.4,1,0.4,0.507,0.5,0.6,0.786,0.3,3.8,4.1,5.5,1.7,0.2,1.9,1.7,6.2,1379,13.1,0.524,0.817,0.103,1.2,14.8,8.1,28.4,3.1,0.6,24.2,12.7,0.9,2.1,3,0.104,0.4,2.1,2.5,1.5
2011/2012,58044000,64640100.3,473604,Toronto Raptors,28,TOR,Ontario,East,Atlantic,23,43,0.348,90.7,94,-3.67,Linas Kleiza,SF,27,4605000,5225624,49,3,21.6,3.4,8.4,0.402,1.3,3.7,0.346,2.1,4.7,0.446,0.478,1.7,2,0.81,0.9,3.2,4.1,0.9,0.5,0.1,1.3,2.4,9.7,1057,12.4,0.521,0.437,0.244,4.7,17.2,11,7.9,1.2,0.3,12.4,23.1,0.5,1,1.5,0.066,-0.3,-1.9,-2.2,-0.1
2011/2012,58044000,64640100.3,473604,Detroit Pistons,9,DET,Michigan,East,Central,25,41,0.379,90.9,95.7,-5.19,Brandon Knight,PG,20,2563320,2908783,66,60,32.3,4.8,11.7,0.415,1.6,4.2,0.38,3.2,7.5,0.434,0.483,1.6,2.1,0.759,0.5,2.7,3.2,3.8,0.7,0.2,2.6,2.3,12.8,2129,11.7,0.511,0.359,0.178,1.8,10.3,5.9,20.8,1.2,0.4,17.1,21.7,0.3,1,1.3,0.029,0,-2,-1.9,0
2011/2012,58044000,64640100.3,473604,Chicago Bulls,5,CHI,Illinois,East,Central,50,16,0.758,96.3,88.2,7.43,Kyle Korver,SG,30,5000000,5673859,65,7,22.6,2.7,6.3,0.432,1.8,4.2,0.435,0.9,2.2,0.426,0.575,0.8,1,0.833,0.4,2,2.4,1.7,0.6,0.2,0.8,1.7,8.1,1469,13.6,0.6,0.658,0.16,2,9.9,6,11.7,1.3,0.7,10.7,15.3,3.1,2.1,5.3,0.172,2.5,0,2.5,1.7
2011/2012,58044000,64640100.3,473604,Denver Nuggets,8,DEN,Colorado,West,Northwest,38,28,0.576,104.1,101.2,3.16,Kosta Koufos,C,22,2203792,2500801,48,24,16.5,2.4,4,0.599,0,0,,2.4,4,0.599,0.599,0.7,1.1,0.6,2,3.4,5.4,0.3,0.5,0.9,0.7,2,5.5,792,17.3,0.608,0,0.286,14.4,23.3,19,2.9,1.5,4.1,13.2,14,1.7,1,2.7,0.163,0,1,1,0.6
2011/2012,58044000,64640100.3,473604,New Orleans Hornets,19,NOH,Louisiana,West,Southwest,21,45,0.318,89.6,93.4,-3.11,Carl Landry,PF,28,8500000,9645561,41,8,24.4,4.4,8.8,0.503,0,0.1,0,4.4,8.8,0.507,0.503,3.6,4.5,0.799,1.9,3.3,5.2,0.9,0.3,0.3,1.6,2.2,12.5,999,18.2,0.577,0.008,0.508,9.5,15.9,12.8,7.1,0.7,1,12.6,24,2.2,0.7,2.9,0.139,0.2,-2,-1.8,0.1
2011/2012,58044000,64640100.3,473604,Denver Nuggets,8,DEN,Colorado,West,Northwest,38,28,0.576,104.1,101.2,3.16,Ty Lawson,PG,24,1654440,1877412,61,61,34.8,6.1,12.6,0.488,1.2,3.3,0.365,4.9,9.3,0.531,0.535,2.9,3.5,0.824,0.9,2.8,3.7,6.6,1.3,0.1,2.4,1.5,16.4,2124,19.4,0.579,0.261,0.282,3.1,9.2,6.2,30.2,2,0.2,14.7,21.2,5.7,1.2,6.9,0.157,4.2,-1,3.3,2.8
2011/2012,58044000,64640100.3,473604,Houston Rockets,11,HOU,Texas,West,Southwest,34,32,0.515,98.1,97.9,0.57,Courtney Lee,SG,26,2225093,2524973,58,26,30.3,4.3,10,0.433,1.5,3.7,0.401,2.8,6.3,0.452,0.508,1.2,1.5,0.826,0.4,2.3,2.7,1.5,1.2,0.4,1.1,1.8,11.4,1757,12.6,0.534,0.374,0.148,1.7,8.9,5.2,7.9,2,0.9,9.4,17.6,1.8,1.4,3.2,0.087,0.4,-0.1,0.3,1
2011/2012,58044000,64640100.3,473604,Golden State Warriors,10,GSW,California,West,Pacific,23,43,0.348,97.8,101.2,-2.79,David Lee,PF,28,11610000,13174702,57,57,37.2,8.1,16.2,0.503,0,0.1,0,8.1,16.1,0.506,0.503,3.8,4.9,0.782,3,6.6,9.6,2.8,0.9,0.4,2.6,3.1,20.1,2121,19.7,0.549,0.005,0.304,9.2,19.9,14.6,13.6,1.3,0.8,12.5,26,3.8,1.2,5,0.113,1.1,-0.7,0.4,1.3
2011/2012,58044000,64640100.3,473604,Minnesota Timberwolves,18,MIN,Minnesota,West,Northwest,26,40,0.394,97.9,100.1,-1.83,Malcolm Lee,SG,21,500000,567385,19,0,12.8,1.2,3.1,0.39,0.1,0.5,0.2,1.1,2.6,0.429,0.407,0.7,0.9,0.824,0.5,0.9,1.4,1.6,0.4,0.2,0.9,1.2,3.3,243,9.3,0.466,0.169,0.288,4.1,7.8,5.9,19.8,1.7,1.2,20.4,15.3,0,0.1,0.1,0.024,-3,-0.1,-3,-0.1
2011/2012,58044000,64640100.3,473604,San Antonio Spurs,27,SAS,Texas,West,Southwest,50,16,0.758,103.7,96.5,7.28,Kawhi Leonard,SF,20,1731960,1965379,64,39,24,3.1,6.3,0.493,0.6,1.7,0.376,2.5,4.6,0.536,0.543,1.1,1.4,0.773,1.6,3.5,5.1,1.1,1.3,0.4,0.7,1.4,7.9,1534,16.6,0.573,0.27,0.218,7.9,16.4,12.2,6.6,2.9,1.1,9,14.5,3.1,2.4,5.5,0.171,2,2.3,4.3,2.4
2011/2012,58044000,64640100.3,473604,Los Angeles Clippers,13,LAC,California,West,Pacific,40,26,0.606,97.5,95,2.82,Travis Leslie,SG,21,473604,537432,10,0,4.5,0.5,1.4,0.357,0,0,,0.5,1.4,0.357,0.357,0.4,0.9,0.444,0.6,0.3,0.9,0.5,0.2,0.2,0.2,0.4,1.4,45,14.6,0.39,0,0.643,15.7,8,11.9,17,2.4,3.7,10,20.5,0,0,0.1,0.06,-1.5,1.3,-0.2,0
2011/2012,58044000,64640100.3,473604,Milwaukee Bucks,17,MIL,Wisconsin,East,Central,31,35,0.47,99,98.7,-0.23,Jon Leuer,PF,22,473604,537432,46,12,12.1,2.1,4.2,0.508,0.1,0.2,0.333,2,4,0.516,0.516,0.5,0.6,0.75,1,1.6,2.6,0.5,0.3,0.4,0.4,1.5,4.7,555,15.3,0.536,0.047,0.147,8.7,15.3,11.9,7.3,1.3,2.3,8.1,17.6,0.9,0.5,1.4,0.122,-0.9,-0.5,-1.4,0.1
2011/2012,58044000,64640100.3,473604,Washington Wizards,30,WAS,Washington DC,East,Southeast,20,46,0.303,93.6,98.4,-5.14,Rashard Lewis,SF,32,21136631,23985256,28,15,26,3,7.9,0.385,0.6,2.4,0.239,2.5,5.5,0.448,0.421,1.1,1.3,0.838,1.2,2.7,3.9,1,0.8,0.4,1.1,1.8,7.8,729,9.3,0.457,0.303,0.167,5.2,11.7,8.4,5.7,1.6,1.1,11.9,16.5,-0.2,0.4,0.3,0.018,-2.2,-0.8,-3,-0.2
2011/2012,58044000,64640100.3,473604,Orlando Magic,22,ORL,Florida,East,Southeast,37,29,0.561,94.2,93.4,0.46,DeAndre Liggins,SF,23,473604,537432,17,0,6.8,0.7,1.5,0.48,0,0.2,0,0.7,1.2,0.571,0.48,0.5,1.1,0.474,0.4,0.5,0.9,0.3,0.4,0,0.6,0.4,1.9,115,8.9,0.495,0.16,0.76,5.9,9.2,7.5,7.1,2.8,0,23.1,17.7,-0.1,0.1,0,0,-4.5,0.1,-4.4,-0.1
2011/2012,58044000,64640100.3,473604,New York Knicks,20,NYK,New York,East,Atlantic,36,30,0.545,97.8,94.7,2.39,Jeremy Lin,PG,23,762195,864917,35,25,26.9,4.9,10.9,0.446,0.7,2.1,0.32,4.2,8.8,0.477,0.478,4.2,5.2,0.798,0.5,2.5,3.1,6.2,1.6,0.3,3.6,2.2,14.6,940,19.9,0.552,0.196,0.478,2.2,11.1,6.6,41,3,0.8,21.4,28.1,1.3,1.4,2.7,0.14,2,0.2,2.2,1
2011/2012,58044000,64640100.3,473604,Milwaukee Bucks,17,MIL,Wisconsin,East,Central,31,35,0.47,99,98.7,-0.23,Shaun Livingston,SG,26,3500000,3971701,58,27,18.8,2.2,4.7,0.469,0,0.1,0.667,2.2,4.6,0.466,0.472,1.1,1.4,0.785,0.7,1.4,2.1,2.1,0.5,0.3,1.1,1.4,5.5,1092,11,0.52,0.011,0.292,3.8,8.7,6.2,16.6,1.3,1.4,17.8,15,0.7,0.6,1.3,0.055,-2.4,-0.3,-2.7,-0.2
2011/2012,58044000,64640100.3,473604,New Jersey Nets,3,NJN,New Jersey,East,Atlantic,22,44,0.333,93.1,99.1,-6.37,Brook Lopez,C,23,3076983,3491674,5,5,27.2,7.6,15.4,0.494,0,0,,7.6,15.4,0.494,0.494,4,6.4,0.625,1.6,2,3.6,1.2,0.2,0.8,1.2,1.6,19.2,136,21.9,0.527,0,0.416,6.6,8.8,7.7,10.2,0.4,2.3,6.2,32.7,0.3,0,0.3,0.091,0,-4.8,-4.8,-0.1
2011/2012,58044000,64640100.3,473604,Phoenix Suns,24,PHO,Arizona,West,Pacific,33,33,0.5,98.4,98.6,0.29,Robin Lopez,C,23,2862602,3248400,64,0,14,1.9,4.2,0.461,0,0,,1.9,4.2,0.461,0.461,1.6,2.2,0.714,1.4,1.9,3.3,0.3,0.3,0.9,0.7,2,5.4,895,15.2,0.526,0,0.52,11.5,14.8,13.2,3.4,1,4.9,11.5,18.9,1.2,0.9,2.1,0.115,-1.8,0.8,-1,0.2
2011/2012,58044000,64640100.3,473604,Minnesota Timberwolves,18,MIN,Minnesota,West,Northwest,26,40,0.394,97.9,100.1,-1.83,Kevin Love,PF,23,4609701,5230959,55,55,39,8.6,19.3,0.448,1.9,5.1,0.372,6.7,14.1,0.475,0.497,6.9,8.4,0.824,4.1,9.2,13.3,2,0.9,0.5,2.3,2.8,26,2145,25.4,0.568,0.266,0.434,11.6,26.4,19,10,1.1,0.9,9.2,28.8,7.6,2.3,10,0.223,5.1,-0.6,4.5,3.5
2011/2012,58044000,64640100.3,473604,Houston Rockets,11,HOU,Texas,West,Southwest,34,32,0.515,98.1,97.9,0.57,Kyle Lowry,PG,25,5750000,6524938,47,38,32.1,4.5,10.9,0.409,1.7,4.5,0.374,2.8,6.4,0.434,0.486,3.6,4.2,0.864,0.8,3.7,4.5,6.6,1.6,0.3,2.8,2.8,14.3,1510,18.8,0.558,0.411,0.386,2.8,13.7,8.2,32.3,2.5,0.7,17.8,22,3.3,1.6,4.9,0.156,3.6,0.5,4.1,2.3
2011/2012,58044000,64640100.3,473604,Chicago Bulls,5,CHI,Illinois,East,Central,50,16,0.758,96.3,88.2,7.43,John Lucas,PG,29,915852,1039283,49,2,14.8,2.9,7.3,0.399,1.1,2.9,0.393,1.8,4.4,0.404,0.476,0.6,0.7,0.875,0.4,1.1,1.6,2.2,0.4,0,0.9,0.9,7.5,726,16.3,0.496,0.391,0.089,3.4,8.1,5.8,25.8,1.4,0.1,10.1,26,1.2,1,2.2,0.143,2.3,-2.1,0.2,0.4
2011/2012,58044000,64640100.3,473604,Washington Wizards,30,WAS,Washington DC,East,Southeast,20,46,0.303,93.6,98.4,-5.14,Shelvin Mack,PG,21,473604,537432,64,0,12.2,1.4,3.4,0.4,0.2,0.7,0.286,1.2,2.8,0.427,0.427,0.7,0.9,0.712,0.2,1.3,1.4,2,0.4,0,0.8,0.8,3.6,779,11.9,0.468,0.191,0.268,1.7,11.7,6.7,26,1.9,0.2,16.3,16.9,0.2,0.5,0.7,0.042,-2.2,-1.8,-3.9,-0.4
2011/2012,58044000,64640100.3,473604,Detroit Pistons,9,DET,Michigan,East,Central,25,41,0.379,90.9,95.7,-5.19,Vernon Macklin,C,25,473604,537432,23,0,5.9,0.8,1.5,0.543,0,0,,0.8,1.5,0.543,0.543,0.3,0.6,0.571,0.6,0.9,1.5,0.2,0.2,0.2,0.1,0.4,2,135,18.2,0.559,0,0.4,12,18.3,15,6.4,1.6,2.3,6.8,15.1,0.3,0.1,0.5,0.161,-0.2,-0.5,-0.6,0
2011/2012,58044000,64640100.3,473604,Charlotte Bobcats,4,CHA,North Carolina,East,Southeast,7,59,0.106,87,100.9,-13.96,Corey Maggette,SF,32,10262069,11645108,32,28,27.5,4.3,11.7,0.373,0.8,2.1,0.364,3.6,9.6,0.375,0.405,5.6,6.5,0.856,0.7,3.3,3.9,1.2,0.7,0,1.8,2.6,15,881,14.1,0.517,0.177,0.558,2.6,14,8.1,8.3,1.4,0.1,11.3,27.4,0.5,0.1,0.7,0.038,-1.4,-3.7,-5.2,-0.7
2011/2012,58044000,64640100.3,473604,Toronto Raptors,28,TOR,Ontario,East,Atlantic,23,43,0.348,90.7,94,-3.67,Jamaal Magloire,C,33,1352181,1534417,34,1,11,0.5,1.3,0.378,0,0,,0.5,1.3,0.378,0.378,0.2,0.8,0.259,0.7,2.6,3.3,0.2,0.1,0.3,0.6,1.9,1.2,374,2.7,0.36,0,0.6,7.9,27.3,17.7,2.4,0.6,2.2,27.9,9.9,-0.7,0.5,-0.2,-0.021,-8.2,0.9,-7.3,-0.5
2011/2012,58044000,64640100.3,473604,Dallas Mavericks,7,DAL,Texas,West,Southwest,36,30,0.545,95.8,94.8,1.78,Ian Mahinmi,C,25,915852,1039283,61,12,18.7,2.1,3.9,0.546,0,0,0,2.1,3.9,0.549,0.546,1.5,2.4,0.639,1.8,3,4.7,0.2,0.6,0.5,0.8,2.9,5.8,1139,13.5,0.585,0.004,0.618,10.7,17.7,14.3,1.7,1.8,2.2,14.2,14.4,1.7,1.7,3.4,0.144,-1.9,0.8,-1.2,0.2
2011/2012,58044000,64640100.3,473604,Dallas Mavericks,7,DAL,Texas,West,Southwest,36,30,0.545,95.8,94.8,1.78,Shawn Marion,SF,33,8022449,9103650,63,63,30.5,4.6,10.3,0.446,0.3,1.1,0.294,4.3,9.2,0.464,0.461,1.2,1.5,0.796,2.3,5.1,7.4,2.1,1.1,0.6,1.6,1.4,10.6,1919,15,0.488,0.105,0.144,8.6,18.6,13.6,11.5,1.8,1.5,12.5,19,1,2.7,3.7,0.092,-1.1,2.2,1.1,1.5
2011/2012,58044000,64640100.3,473604,Washington Wizards,30,WAS,Washington DC,East,Southeast,20,46,0.303,93.6,98.4,-5.14,Cartier Martin,SF,27,#N/A,#N/A,17,2,23,3.5,7.9,0.44,1.7,4.4,0.387,1.8,3.5,0.508,0.549,0.6,1.1,0.579,0.7,2.7,3.4,0.6,0.6,0.1,0.8,2.1,9.3,391,12.8,0.555,0.56,0.142,3.4,13.4,8.4,4.2,1.5,0.4,8.4,17.8,0.5,0.2,0.7,0.09,0.9,-2.5,-1.7,0
2011/2012,58044000,64640100.3,473604,Los Angeles Clippers,13,LAC,California,West,Pacific,40,26,0.606,97.5,95,2.82,Kenyon Martin,PF,34,2500000,2836929,42,0,22.4,2.3,5.2,0.441,0.1,0.3,0.231,2.2,4.9,0.454,0.448,0.5,1.3,0.37,1.2,3.1,4.3,0.4,1,1,0.8,2.5,5.2,940,9.9,0.445,0.059,0.245,6.1,16.9,11.5,2.9,2.5,3.8,11.6,13.5,-0.3,1.2,0.9,0.048,-4,2.5,-1.5,0.1
2011/2012,58044000,64640100.3,473604,Houston Rockets,11,HOU,Texas,West,Southwest,34,32,0.515,98.1,97.9,0.57,Kevin Martin,SG,28,11519840,13072391,40,40,31.6,5.6,13.4,0.413,2,5.6,0.347,3.6,7.8,0.462,0.486,4,4.5,0.894,0.3,2.3,2.7,2.8,0.7,0.1,1.8,1.8,17.1,1264,16.5,0.554,0.419,0.333,1.2,8.6,4.9,14.5,1.2,0.2,10.2,24.7,2.7,0.6,3.3,0.125,2.7,-2.5,0.2,0.7
2011/2012,58044000,64640100.3,473604,Washington Wizards,30,WAS,Washington DC,East,Southeast,20,46,0.303,93.6,98.4,-5.14,Roger Mason,SG,31,1146337,1300831,52,0,13.4,2,5,0.399,1.1,3,0.383,0.8,2,0.423,0.514,0.4,0.5,0.778,0.1,1.2,1.3,0.9,0.3,0.1,0.6,0.6,5.5,697,12.1,0.53,0.597,0.105,1.1,10.1,5.6,11,1,0.6,10.6,19.4,0.6,0.2,0.9,0.059,0.4,-3.3,-2.9,-0.2
2011/2012,58044000,64640100.3,473604,Portland Trail Blazers,25,POR,Oregon,West,Northwest,28,38,0.424,97.2,97.8,-0.22,Wesley Matthews,SG,25,6135160,6962007,66,53,33.8,4.8,11.6,0.412,2,5.1,0.383,2.8,6.5,0.434,0.496,2.2,2.6,0.86,0.8,2.5,3.4,1.7,1.5,0.2,1.1,2.2,13.7,2228,14.1,0.539,0.442,0.224,2.9,9,5.9,8.3,2.3,0.5,8,18.7,3.4,1.4,4.8,0.104,1.9,-0.6,1.3,1.9
2011/2012,58044000,64640100.3,473604,Detroit Pistons,9,DET,Michigan,East,Central,25,41,0.379,90.9,95.7,-5.19,Jason Maxiell,PF,28,5000000,5673859,65,42,22.6,2.8,5.9,0.478,0,0,0,2.8,5.9,0.48,0.478,0.9,1.6,0.547,1.9,3.2,5.1,0.6,0.5,0.8,1.1,2.3,6.5,1466,11.7,0.493,0.005,0.277,9.9,17.4,13.6,4.7,1.2,2.7,14.2,15.8,0.4,1.3,1.7,0.057,-2.7,0.2,-2.5,-0.2
2011/2012,58044000,64640100.3,473604,Oklahoma City Thunder,21,OKC,Oklahoma,West,Northwest,47,19,0.712,103.1,96.9,6.44,Eric Maynor,PG,24,1516680,1721085,9,0,15.2,1.6,4.3,0.359,0.7,1.9,0.353,0.9,2.4,0.364,0.436,0.4,0.4,1,0.3,1.1,1.4,2.4,0.6,0,1.2,1.4,4.2,137,9.1,0.466,0.436,0.103,2.7,7.8,5.4,24.1,1.9,0,21.3,17.1,0,0.1,0.1,0.037,-1.8,-2.2,-4,-0.1
2011/2012,58044000,64640100.3,473604,Memphis Grizzlies,15,MEM,Tennessee,West,Southwest,41,25,0.621,95,93,2.43,OJ Mayo,SG,24,5632637,6391758,66,0,26.8,4.5,11.2,0.408,1.5,4.2,0.364,3,7,0.434,0.476,2,2.6,0.773,0.5,2.7,3.2,2.6,1.1,0.3,1.9,2.1,12.6,1771,14.7,0.513,0.374,0.234,1.9,12.1,6.9,16.1,2.1,1.1,13.3,23.9,1.3,2.2,3.5,0.094,0.7,-0.4,0.3,1
2011/2012,58044000,64640100.3,473604,Milwaukee Bucks,17,MIL,Wisconsin,East,Central,31,35,0.47,99,98.7,-0.23,Luc Mbah a Moute,PF,25,5000000,5673859,43,22,23.5,3.1,6.1,0.51,0,0.1,0.25,3.1,6,0.514,0.511,1.5,2.4,0.641,1.8,3.5,5.3,0.7,0.9,0.5,0.9,2.2,7.7,1009,13.9,0.544,0.015,0.395,8.2,16.9,12.4,4.4,2,1.6,11.3,15.1,1.2,1.1,2.4,0.112,-1.4,0.6,-0.8,0.3
2011/2012,58044000,64640100.3,473604,#N/A,#N/A,TOT,#N/A,#N/A,#N/A,#N/A,#N/A,#N/A,#N/A,#N/A,#N/A,JaVale McGee,C,24,2462400,2794262,61,45,25.2,5,9,0.556,0,0,,5,9,0.556,0.556,1.3,2.7,0.461,2.7,5.1,7.8,0.5,0.6,2.2,1.4,2.7,11.3,1535,19.9,0.552,0,0.303,12.1,23.3,17.7,3.5,1.2,6.6,12.2,20.7,1.9,2.2,4.1,0.127,-1.4,1.2,-0.1,0.7
2011/2012,58044000,64640100.3,473604,Washington Wizards,30,WAS,Washington DC,East,Southeast,20,46,0.303,93.6,98.4,-5.14,JaVale McGee,C,24,2462400,2794262,41,40,27.4,5.2,9.8,0.535,0,0,,5.2,9.8,0.535,0.535,1.4,2.8,0.5,3.1,5.7,8.8,0.6,0.6,2.5,1.7,2.9,11.9,1124,19.6,0.539,0,0.29,12.6,23.8,18.2,3.9,1.2,6.9,13.1,20.7,1.2,1.6,2.8,0.12,-1.6,1.6,0,0.6
2011/2012,58044000,64640100.3,473604,Denver Nuggets,8,DEN,Colorado,West,Northwest,38,28,0.576,104.1,101.2,3.16,JaVale McGee,C,24,2462400,2794262,20,5,20.6,4.7,7.6,0.612,0,0,,4.7,7.6,0.612,0.612,1,2.6,0.373,1.8,4,5.8,0.3,0.5,1.6,1,2.4,10.3,411,20.5,0.588,0,0.336,10.5,21.8,16.3,2.5,1.2,5.9,9.8,21,0.7,0.6,1.3,0.148,-0.7,0.2,-0.5,0.2
2011/2012,58044000,64640100.3,473604,Atlanta Hawks,1,ATL,Georgia,East,Southeast,40,26,0.606,96.6,93.2,2.67,Tracy McGrady,SF,32,1352181,1534417,52,0,16.1,1.9,4.4,0.437,0.3,0.6,0.455,1.7,3.8,0.434,0.47,1.1,1.6,0.675,0.4,2.5,3,2.1,0.3,0.3,1,0.7,5.3,837,13.6,0.51,0.143,0.359,3.3,18.2,10.8,20.8,1,1.4,16.5,18,0.5,1.1,1.6,0.094,-2.4,0.6,-1.7,0.1
2011/2012,58044000,64640100.3,473604,Golden State Warriors,10,GSW,California,West,Pacific,23,43,0.348,97.8,101.2,-2.79,Dominic McGuire,PF,26,915852,1039283,64,6,17.6,1.5,3.3,0.448,0,0.1,0,1.5,3.2,0.456,0.448,0.6,0.8,0.736,1.1,2.7,3.8,1.7,0.7,0.6,0.9,1.6,3.5,1127,11.8,0.486,0.019,0.252,7.4,17.4,12.4,14,2,2.5,19.4,11.8,0.6,0.9,1.5,0.062,-2.4,2,-0.4,0.4
2011/2012,58044000,64640100.3,473604,Los Angeles Lakers,14,LAL,California,West,Pacific,41,25,0.621,97.3,95.9,1.96,Josh McRoberts,PF,24,3000000,3404315,50,6,14.4,1.1,2.4,0.475,0.1,0.1,0.429,1.1,2.2,0.477,0.487,0.5,0.7,0.639,1.2,2.2,3.4,1,0.3,0.4,0.6,1.5,2.8,718,10.9,0.516,0.059,0.305,9.9,16.4,13.3,10.5,1.1,1.8,18.8,10.5,0.6,0.8,1.4,0.095,-1.8,1.6,-0.2,0.3
2011/2012,58044000,64640100.3,473604,Philadelphia 76ers,23,PHI,Pennsylvania,East,Atlantic,35,31,0.53,93.6,89.4,3.59,Jodie Meeks,SG,24,854389,969536,66,50,24.9,2.9,7.1,0.409,1.5,4,0.365,1.4,3,0.468,0.513,1.2,1.3,0.906,0.3,2.2,2.4,0.8,0.6,0,0.4,1.2,8.4,1644,11.5,0.551,0.57,0.182,1.1,9.8,5.4,5,1.3,0.1,5.4,15.2,2.1,2,4.1,0.12,0.4,-0.8,-0.4,0.7
2011/2012,58044000,64640100.3,473604,Utah Jazz,29,UTA,Utah,West,Northwest,36,30,0.545,99.7,99,0.92,CJ Miles,SG,24,3700000,4198656,56,14,20.4,3.2,8.3,0.381,0.8,2.7,0.307,2.3,5.6,0.416,0.43,1.9,2.4,0.794,0.5,1.6,2.1,1.2,0.8,0.3,0.9,2.2,9.1,1145,12.4,0.484,0.323,0.292,2.7,9,5.8,9.6,2.1,1.3,9.2,22.7,0.7,0.8,1.5,0.063,-0.2,-1.5,-1.7,0.1
2011/2012,58044000,64640100.3,473604,Minnesota Timberwolves,18,MIN,Minnesota,West,Northwest,26,40,0.394,97.9,100.1,-1.83,Darko Milicic,C,26,4776500,5420238,29,23,16.3,2,4.5,0.454,0,0,,2,4.5,0.454,0.454,0.6,1.3,0.432,1.2,2.1,3.3,0.6,0.3,0.9,1.1,2,4.6,472,9,0.458,0,0.285,8.2,14.6,11.4,5.9,1,3.8,17.9,16.8,-0.4,0.4,0,0.003,-4.7,1.6,-3.1,-0.1
2011/2012,58044000,64640100.3,473604,Denver Nuggets,8,DEN,Colorado,West,Northwest,38,28,0.576,104.1,101.2,3.16,Andre Miller,SG,35,7807728,8859990,66,7,27.4,3.7,8.4,0.438,0.3,1.3,0.217,3.4,7.1,0.478,0.455,2.1,2.6,0.811,0.8,2.5,3.3,6.7,1,0.1,2.7,2,9.7,1809,14.8,0.51,0.15,0.306,3.5,10.5,7.1,36.5,1.8,0.4,22,19.8,1.9,1,2.9,0.078,0.2,-1,-0.8,0.6
2011/2012,58044000,64640100.3,473604,Minnesota Timberwolves,18,MIN,Minnesota,West,Northwest,26,40,0.394,97.9,100.1,-1.83,Brad Miller,C,35,4752000,5392436,15,1,9.7,0.6,1.8,0.333,0.5,1,0.467,0.1,0.8,0.167,0.463,0.7,0.8,0.833,0.3,1,1.3,1.6,0.3,0.1,0.8,0.7,2.3,146,10.7,0.542,0.556,0.444,3,11.5,7.2,24.3,1.4,1,27.1,13.5,0.1,0.1,0.2,0.06,-1.7,-0.5,-2.2,0
2011/2012,58044000,64640100.3,473604,Miami Heat,16,MIA,Florida,East,Southeast,46,20,0.697,98.5,92.5,5.72,Mike Miller,SG,31,5400000,6127768,39,2,19.3,2.3,5.4,0.435,1.4,3,0.453,1,2.4,0.413,0.562,0.1,0.1,0.4,0.6,2.7,3.3,1.1,0.4,0.2,0.8,1.5,6.1,752,11.4,0.561,0.56,0.024,3.6,16.2,10.2,8.7,1,0.6,12.4,14.9,0.8,1,1.8,0.113,0.1,-0.7,-0.6,0.3
2011/2012,58044000,64640100.3,473604,San Antonio Spurs,27,SAS,Texas,West,Southwest,50,16,0.758,103.7,96.5,7.28,Patrick Mills,PG,23,#N/A,#N/A,16,3,16.3,3.9,8.1,0.485,1.5,3.5,0.429,2.4,4.6,0.527,0.577,0.9,0.9,1,0.3,1.5,1.8,2.4,0.6,0.1,1.6,0.9,10.3,261,21.5,0.604,0.431,0.115,1.8,10.3,6.2,25.9,2,0.3,16,28.4,0.6,0.3,0.9,0.161,4.3,-1.9,2.5,0.3
2011/2012,58044000,64640100.3,473604,Utah Jazz,29,UTA,Utah,West,Northwest,36,30,0.545,99.7,99,0.92,Paul Millsap,PF,26,8103435,9195550,64,62,32.8,6.7,13.5,0.495,0.1,0.5,0.226,6.5,13,0.505,0.499,3.2,4,0.792,2.8,6,8.8,2.3,1.8,0.8,1.8,3.5,16.6,2100,21.8,0.545,0.036,0.296,9.7,21.2,15.4,12.4,2.9,2,10.3,23.2,4.9,2.9,7.8,0.179,2.9,2.1,5,3.7
2011/2012,58044000,64640100.3,473604,Oklahoma City Thunder,21,OKC,Oklahoma,West,Northwest,47,19,0.712,103.1,96.9,6.44,Nazr Mohammed,C,34,3750000,4255394,63,1,11,1.3,2.7,0.467,0,0,0,1.3,2.7,0.47,0.467,0.2,0.4,0.565,0.9,1.8,2.7,0.2,0.3,0.6,0.4,1.6,2.7,692,11,0.477,0.006,0.136,10.4,17.1,14,3.1,1.5,3.9,12.7,13.4,0.3,1,1.3,0.09,-3.1,0.9,-2.2,0
2011/2012,58044000,64640100.3,473604,Detroit Pistons,9,DET,Michigan,East,Central,25,41,0.379,90.9,95.7,-5.19,Greg Monroe,C,21,3007920,3413303,66,66,31.5,6.2,11.8,0.521,0,0,0,6.2,11.8,0.522,0.521,3,4.1,0.739,3.6,6,9.7,2.3,1.3,0.7,2.4,2.7,15.4,2082,22,0.563,0.001,0.348,13.3,23.6,18.3,14,2.1,1.7,15.2,23.6,4.3,2.7,7,0.161,2.4,1.4,3.8,3.1
2011/2012,58044000,64640100.3,473604,Charlotte Bobcats,4,CHA,North Carolina,East,Southeast,7,59,0.106,87,100.9,-13.96,Jamario Moon,SF,31,#N/A,#N/A,8,0,15.4,0.9,3,0.292,0.3,1.3,0.2,0.6,1.8,0.357,0.333,0.3,0.3,1,0.3,2.5,2.8,0.6,0.1,0.6,1,0.6,2.3,123,3.4,0.362,0.417,0.083,1.8,19.3,10.3,6.4,0.4,3,24.3,12.3,-0.3,0,-0.3,-0.1,-8.3,-0.3,-8.6,-0.2
2011/2012,58044000,64640100.3,473604,Boston Celtics,2,BOS,Massachusetts,East,Atlantic,39,27,0.591,91.8,89.3,2.26,E'Twaun Moore,PG,22,473604,537432,38,0,8.7,1.1,3,0.381,0.4,1.2,0.378,0.7,1.8,0.382,0.456,0.2,0.2,1,0.1,0.8,0.9,0.9,0.3,0.1,0.6,0.9,2.9,331,8.8,0.474,0.398,0.062,1.5,9.9,5.9,17,1.8,0.7,15.3,19.9,-0.3,0.5,0.2,0.031,-3,-0.5,-3.5,-0.1
2011/2012,58044000,64640100.3,473604,Golden State Warriors,10,GSW,California,West,Pacific,23,43,0.348,97.8,101.2,-2.79,Mikki Moore,C,36,#N/A,#N/A,7,0,16.9,1.3,2.9,0.45,0,0,,1.3,2.9,0.45,0.45,0.9,1,0.857,1,2.1,3.1,0.7,0.4,0.4,1,3.4,3.4,118,6.3,0.52,0,0.35,6.8,14.4,10.6,6,1.3,2,23.3,11.8,0,0.1,0.1,0.022,-4.2,0.1,-4.1,-0.1
2011/2012,58044000,64640100.3,473604,Los Angeles Lakers,14,LAL,California,West,Pacific,41,25,0.621,97.3,95.9,1.96,Darius Morris,PG,21,473604,537432,19,0,8.9,0.9,2.2,0.429,0.2,0.5,0.444,0.7,1.7,0.424,0.476,0.3,0.5,0.667,0.1,0.7,0.8,1.1,0.1,0,1,0.8,2.4,169,5.2,0.5,0.214,0.214,1.4,8.8,5.3,19.1,0.6,0,29.2,17.6,-0.2,0.1,-0.2,-0.045,-5.6,-2.5,-8.1,-0.3
2011/2012,58044000,64640100.3,473604,Houston Rockets,11,HOU,Texas,West,Southwest,34,32,0.515,98.1,97.9,0.57,Marcus Morris,PF,22,1823280,2069007,17,0,7.4,0.9,3.2,0.296,0.1,1,0.118,0.8,2.2,0.378,0.315,0.4,0.5,0.75,0.3,0.6,0.9,0.2,0.1,0.1,0.2,0.7,2.4,126,3.8,0.348,0.315,0.148,4.6,10.2,7.4,3.7,0.8,1.2,6.5,22.2,-0.3,0.1,-0.2,-0.083,-6.5,-3.5,-10,-0.3
2011/2012,58044000,64640100.3,473604,Phoenix Suns,24,PHO,Arizona,West,Pacific,33,33,0.5,98.4,98.6,0.29,Markieff Morris,PF,22,1919160,2177808,63,7,19.5,2.8,6.9,0.399,0.7,2,0.347,2.1,5,0.42,0.448,1.2,1.7,0.717,1.1,3.3,4.4,1,0.7,0.7,1.1,2.8,7.4,1227,12.1,0.484,0.284,0.243,6.4,19.1,12.8,8.2,1.7,2.5,12.7,20.4,0.1,1.4,1.5,0.059,-1.6,1,-0.6,0.4
2011/2012,58044000,64640100.3,473604,New Jersey Nets,3,NJN,New Jersey,East,Atlantic,22,44,0.333,93.1,99.1,-6.37,Anthony Morrow,SG,26,4000000,4539087,62,18,26.4,4.4,10.6,0.413,1.7,4.6,0.371,2.7,6,0.446,0.494,1.6,1.7,0.933,0.5,1.5,2,1,0.7,0.1,1.1,1.4,12,1636,13.1,0.531,0.435,0.158,2.1,7,4.5,6.8,1.5,0.4,9,21.6,1.7,0,1.7,0.051,0.4,-3.4,-3,-0.4
2011/2012,58044000,64640100.3,473604,Denver Nuggets,8,DEN,Colorado,West,Northwest,38,28,0.576,104.1,101.2,3.16,Timofey Mozgov,C,25,3343896,3794559,44,35,15.6,2.3,4.3,0.526,0,0,,2.3,4.3,0.526,0.526,0.9,1.3,0.684,1.2,2.9,4.1,0.5,0.3,1,1.2,2,5.4,687,13.2,0.556,0,0.3,9.3,20.8,15.2,4.9,1.1,4.8,19.8,17.4,0.3,0.8,1.1,0.074,-3,1.5,-1.6,0.1
2011/2012,58044000,64640100.3,473604,Charlotte Bobcats,4,CHA,North Carolina,East,Southeast,7,59,0.106,87,100.9,-13.96,Byron Mullens,C,22,1288200,1455537.18,65,25,22.5,3.9,9.1,0.425,0.2,0.8,0.235,3.7,8.3,0.443,0.435,1.4,1.7,0.821,1.5,3.6,5,0.9,0.3,0.8,1.1,2.1,9.3,1465,13,0.473,0.086,0.19,7.3,18.8,12.8,7.5,0.8,2.6,10.4,22.5,-0.4,0.6,0.2,0.007,-3.3,-1.7,-5,-1.1
2011/2012,58044000,64640100.3,473604,Los Angeles Lakers,14,LAL,California,West,Pacific,41,25,0.621,97.3,95.9,1.96,Troy Murphy,PF,31,1352181,1534417,59,0,16.2,1.3,2.9,0.45,0.5,1.1,0.418,0.8,1.8,0.471,0.532,0.1,0.2,0.667,0.7,2.6,3.2,0.9,0.3,0.3,0.4,1.7,3.2,956,9,0.537,0.392,0.053,4.9,16.9,11.2,7.9,0.8,1.2,12.9,9.6,0.8,0.9,1.7,0.088,-1.6,0.6,-1,0.2
2011/2012,58044000,64640100.3,473604,Washington Wizards,30,WAS,Washington DC,East,Southeast,20,46,0.303,93.6,98.4,-5.14,Hamady N'Diaye,C,25,270427,306872,3,0,1,0,0.3,0,0,0,,0,0.3,0,0,0,0,,0,0,0,0,0,0,0,0,0,3,-13.1,0,0,0,0,0,0,0,0,0,0,14.9,0,0,0,-0.369,-15.6,-4.8,-20.4,0
2011/2012,58044000,64640100.3,473604,Charlotte Bobcats,4,CHA,North Carolina,East,Southeast,7,59,0.106,87,100.9,-13.96,Eduardo Najera,PF,35,2750000,3120622,22,0,12.3,1.1,2.9,0.375,0.4,1.3,0.276,0.7,1.6,0.457,0.438,0.1,0.2,0.5,0.5,1.8,2.3,0.5,0.9,0.2,0.3,1.8,2.6,270,9.3,0.441,0.453,0.063,4.5,17.2,10.6,7.4,3.7,1.1,9.6,12.4,-0.1,0.3,0.2,0.035,-2.8,1,-1.8,0
2011/2012,58044000,64640100.3,473604,Phoenix Suns,24,PHO,Arizona,West,Pacific,33,33,0.5,98.4,98.6,0.29,Steve Nash,PG,37,11689062,13264419,62,62,31.6,4.8,9,0.532,0.9,2.3,0.39,3.9,6.7,0.58,0.581,2,2.3,0.894,0.4,2.6,3,10.7,0.6,0.1,3.7,0.9,12.5,1961,20.3,0.625,0.254,0.256,1.5,9.1,5.3,53.1,1,0.3,27.1,19.6,5.2,0.6,5.9,0.144,2.9,-3.5,-0.5,0.7
2011/2012,58044000,64640100.3,473604,San Antonio Spurs,27,SAS,Texas,West,Southwest,50,16,0.758,103.7,96.5,7.28,Gary Neal,SG,27,762195,864917,56,7,21.5,3.8,8.7,0.436,1.5,3.5,0.419,2.3,5.1,0.448,0.522,0.9,1.1,0.781,0.2,1.9,2.1,2.1,0.5,0,1.1,1.3,9.9,1206,14.2,0.542,0.407,0.132,1.2,9.9,5.6,15.1,1.2,0.1,10.5,21.7,1.6,0.9,2.5,0.101,1.3,-1.8,-0.5,0.5
2011/2012,58044000,64640100.3,473604,Orlando Magic,22,ORL,Florida,East,Southeast,37,29,0.561,94.2,93.4,0.46,Jameer Nelson,PG,29,7800000,8851221,57,57,29.9,4.5,10.6,0.427,1.5,4.1,0.377,3,6.6,0.459,0.499,1.2,1.5,0.807,0.5,2.7,3.2,5.7,0.7,0.1,2.4,2.3,11.9,1706,14.6,0.524,0.381,0.145,1.9,10.4,6.1,34,1.2,0.2,17.3,21.4,2.3,1.2,3.5,0.099,1.4,-1.5,-0.2,0.8
2011/2012,58044000,64640100.3,473604,Chicago Bulls,5,CHI,Illinois,East,Central,50,16,0.758,96.3,88.2,7.43,Joakim Noah,C,26,12000000,13617263,64,64,30.4,3.9,7.7,0.508,0,0,0,3.9,7.6,0.509,0.508,2.4,3.2,0.748,3.8,6,9.8,2.5,0.6,1.4,1.4,2.5,10.2,1945,19.6,0.561,0.002,0.42,14.1,21.8,18,12.7,1.1,3.4,13.7,15.8,4.9,4.2,9,0.223,1.8,4,5.8,3.8
2011/2012,58044000,64640100.3,473604,Philadelphia 76ers,23,PHI,Pennsylvania,East,Atlantic,35,31,0.53,93.6,89.4,3.59,Andres Nocioni,SF,32,6650000,7546233,11,1,5.1,0.5,1.8,0.25,0.1,0.5,0.167,0.4,1.3,0.286,0.275,0.5,1,0.545,0.1,1.2,1.3,0.1,0.1,0.1,0.5,0.4,1.5,56,1.8,0.342,0.3,0.55,2,25.9,13.9,2.6,1,1.3,16.8,25,-0.3,0.1,-0.2,-0.139,-11.8,-2.7,-14.5,-0.2
2011/2012,58044000,64640100.3,473604,New York Knicks,20,NYK,New York,East,Atlantic,36,30,0.545,97.8,94.7,2.39,Steve Novak,PF,28,992680,1126465,54,0,18.9,3,6.2,0.478,2.5,5.2,0.472,0.5,1,0.509,0.675,0.4,0.5,0.846,0.2,1.8,1.9,0.2,0.3,0.2,0.4,1.1,8.8,1020,15.9,0.684,0.837,0.077,1,10.9,5.9,2,0.8,0.7,5.7,16.2,2.9,0.9,3.9,0.181,3.7,-2.7,1.1,0.8
2011/2012,58044000,64640100.3,473604,Dallas Mavericks,7,DAL,Texas,West,Southwest,36,30,0.545,95.8,94.8,1.78,Dirk Nowitzki,PF,33,19092873,21666057,62,62,33.5,7.6,16.7,0.457,1.3,3.4,0.368,6.4,13.3,0.481,0.495,5.1,5.7,0.896,0.7,6,6.7,2.2,0.7,0.5,1.9,2.1,21.6,2079,21.7,0.564,0.205,0.343,2.5,19.9,11.3,12.6,1.1,1.2,9,29.2,5,2.6,7.6,0.175,2.3,-0.5,1.8,2
2011/2012,58044000,64640100.3,473604,Boston Celtics,2,BOS,Massachusetts,East,Atlantic,39,27,0.591,91.8,89.3,2.26,Jermaine O'Neal,C,33,6226200,7065317,25,24,22.8,2.1,4.8,0.433,0,0,,2.1,4.8,0.433,0.433,0.8,1.2,0.677,1.5,3.9,5.4,0.4,0.3,1.7,0.8,3.2,5,570,9.4,0.468,0,0.258,8,19.4,14,2.7,0.7,5.8,13.6,13,-0.1,1.2,1.1,0.091,-5.1,3.4,-1.7,0
2011/2012,58044000,64640100.3,473604,Dallas Mavericks,7,DAL,Texas,West,Southwest,36,30,0.545,95.8,94.8,1.78,Lamar Odom,SF,32,8900000,10099470,50,4,20.5,2.5,7,0.352,0.6,2.2,0.252,1.9,4.8,0.399,0.393,1.2,2,0.592,0.7,3.4,4.2,1.7,0.4,0.4,1,1.9,6.6,1027,9.2,0.423,0.318,0.281,4,18.7,11.4,12.9,1,1.4,11.7,20.1,-0.9,1.2,0.3,0.014,-3.6,0.5,-3.1,-0.3
2011/2012,58044000,64640100.3,473604,New Orleans Hornets,19,NOH,Louisiana,West,Southwest,21,45,0.318,89.6,93.4,-3.11,Emeka Okafor,C,29,12541812,14232096,27,27,28.9,4.2,7.9,0.533,0,0,,4.2,7.9,0.533,0.533,1.4,2.7,0.514,2.6,5.3,7.9,0.9,0.6,1,1.4,2.7,9.9,781,15.1,0.539,0,0.346,10.8,21.4,16.2,5.3,1.1,2.8,13,17.2,0.8,0.9,1.7,0.103,-1.5,0.8,-0.6,0.3
2011/2012,58044000,64640100.3,473604,New Jersey Nets,3,NJN,New Jersey,East,Atlantic,22,44,0.333,93.1,99.1,-6.37,Mehmet Okur,C,32,10890000,12357666,17,14,26.7,3.1,8.2,0.374,1.4,4.2,0.319,1.7,3.9,0.433,0.457,0.2,0.3,0.6,1.3,3.5,4.8,1.8,0.5,0.3,1.5,2.6,7.6,454,8.4,0.46,0.518,0.036,5.5,15.5,10.4,11.1,1.1,0.8,15,16.8,-0.2,0.1,0,-0.004,-1.8,-1.3,-3.1,-0.1
2011/2012,58044000,64640100.3,473604,Orlando Magic,22,ORL,Florida,East,Southeast,37,29,0.561,94.2,93.4,0.46,Daniel Orton,PF,21,1105560,1254558,16,2,11.7,1.1,1.9,0.567,0,0.1,0,1.1,1.8,0.586,0.567,0.7,1.6,0.44,1.2,1.3,2.4,0.3,0.5,0.6,0.4,1.9,2.8,187,12.7,0.549,0.033,0.833,11.6,12.5,12,4.3,2.3,3.8,14.6,12,0.2,0.3,0.5,0.129,-1.5,2.7,1.2,0.2
2011/2012,58044000,64640100.3,473604,Sacramento Kings,26,SAC,California,West,Pacific,22,44,0.333,98.8,104.4,-4.95,Travis Outlaw,SF,27,7000000,7943402,39,5,12.8,1.5,4.5,0.343,0.4,1.5,0.267,1.1,2.9,0.383,0.389,0.8,1.2,0.674,0.5,1.1,1.6,0.4,0.5,0.5,0.5,0.9,4.3,500,9.6,0.428,0.343,0.263,4,9.7,6.7,4.8,1.9,3.1,9.3,18.7,-0.3,0.2,-0.1,-0.008,-3.5,-1.2,-4.7,-0.3
2011/2012,58044000,64640100.3,473604,New Jersey Nets,3,NJN,New Jersey,East,Atlantic,22,44,0.333,93.1,99.1,-6.37,Larry Owens,SF,29,86052,97649,7,0,10.7,0.6,1.6,0.364,0.3,0.7,0.4,0.3,0.9,0.333,0.455,0.4,0.6,0.75,0.3,1.6,1.9,0.6,0,0.1,0.3,1.4,1.9,75,5.8,0.509,0.455,0.364,3,17.5,10.1,8.1,0,1,13.6,9,0,0,0.1,0.035,-3.8,-1.7,-5.5,-0.1
2011/2012,58044000,64640100.3,473604,Atlanta Hawks,1,ATL,Georgia,East,Southeast,40,26,0.606,96.6,93.2,2.67,Zaza Pachulia,C,27,4750000,5390166,58,44,28.3,2.9,5.8,0.499,0,0,,2.9,5.8,0.499,0.499,2,2.7,0.741,2.7,5.2,7.9,1.4,0.9,0.5,1.4,3,7.8,1640,14,0.557,0,0.466,11.1,21.5,16.4,7.4,1.8,1.4,16.5,14,2.3,2.8,5,0.147,-1,2.3,1.4,1.4
2011/2012,58044000,64640100.3,473604,Atlanta Hawks,1,ATL,Georgia,East,Southeast,40,26,0.606,96.6,93.2,2.67,Jannero Pargo,PG,32,1223166,1388014,50,0,13.4,2.1,5.1,0.415,1.1,2.8,0.384,1,2.3,0.452,0.52,0.4,0.4,0.95,0.2,1.3,1.5,1.9,0.4,0,1,1.3,5.6,671,13.6,0.539,0.545,0.079,1.6,11.1,6.4,24.1,1.6,0.2,15.8,21.8,0.6,0.8,1.3,0.095,0.8,-1.9,-1.1,0.1
2011/2012,58044000,64640100.3,473604,Memphis Grizzlies,15,MEM,Tennessee,West,Southwest,41,25,0.621,95,93,2.43,Jeremy Pargo,PG,25,1000000,1134771,44,5,9.6,1.1,3.4,0.333,0.2,0.9,0.263,0.9,2.5,0.357,0.367,0.4,0.6,0.593,0.3,0.6,0.8,1.3,0.3,0,1,1,2.9,424,4.4,0.389,0.253,0.18,3.2,7,5.1,20.2,1.9,0,22.1,22.2,-1.1,0.4,-0.8,-0.085,-5.7,-2,-7.7,-0.6
2011/2012,58044000,64640100.3,473604,Cleveland Cavaliers,6,CLE,Ohio,East,Central,21,45,0.318,93,100.2,-7.34,Anthony Parker,SF,36,2250000,2553236,51,51,25.1,2.8,6.4,0.433,1,2.7,0.362,1.8,3.7,0.484,0.509,0.7,1.1,0.625,0.2,2.5,2.7,2.4,0.7,0.1,1,1.3,7.2,1280,10.9,0.523,0.423,0.172,0.9,11.8,6.1,15.7,1.6,0.4,12.5,14.1,1,0.4,1.4,0.052,-0.8,-1.1,-2,0
2011/2012,58044000,64640100.3,473604,San Antonio Spurs,27,SAS,Texas,West,Southwest,50,16,0.758,103.7,96.5,7.28,Tony Parker,PG,29,12500000,14184649,60,60,32.1,7.1,14.8,0.48,0.2,1,0.23,6.9,13.8,0.498,0.488,3.8,4.7,0.799,0.4,2.5,2.9,7.7,1,0.1,2.6,1.3,18.3,1923,22,0.539,0.069,0.319,1.3,8.7,5.1,40.3,1.5,0.2,13.1,27.7,5.5,1.6,7.1,0.177,3.2,-1.5,1.7,1.8
2011/2012,58044000,64640100.3,473604,Houston Rockets,11,HOU,Texas,West,Southwest,34,32,0.515,98.1,97.9,0.57,Chandler Parsons,SF,23,850000,964556,63,57,28.6,3.9,8.7,0.452,1,2.8,0.337,3,5.9,0.507,0.506,0.7,1.2,0.551,1.4,3.3,4.8,2.1,1.2,0.5,1.3,2.3,9.5,1804,13.3,0.513,0.324,0.142,5.7,13.6,9.6,11.7,2.1,1.2,12.2,16.7,1.6,1.8,3.4,0.09,0.5,1.2,1.7,1.7
2011/2012,58044000,64640100.3,473604,Houston Rockets,11,HOU,Texas,West,Southwest,34,32,0.515,98.1,97.9,0.57,Patrick Patterson,PF,22,1959960,2224107,64,1,23.2,3.5,8,0.44,0,0,0,3.5,7.9,0.443,0.44,0.6,0.9,0.702,1.8,2.7,4.5,0.8,0.4,0.6,0.8,1.8,7.7,1483,11.5,0.457,0.006,0.112,8.7,13.7,11.2,5.7,1,1.8,8.4,17.9,0.5,1.1,1.6,0.052,-2.7,-0.2,-2.9,-0.3
2011/2012,58044000,64640100.3,473604,Los Angeles Clippers,13,LAC,California,West,Pacific,40,26,0.606,97.5,95,2.82,Chris Paul,PG,26,16359805,18564648,60,60,36.4,7.1,14.8,0.478,1.3,3.6,0.371,5.8,11.3,0.511,0.522,4.3,5,0.861,0.7,2.9,3.6,9.1,2.5,0.1,2.1,2.3,19.8,2181,27,0.581,0.239,0.339,2.3,9.4,5.8,43.8,3.8,0.2,10.8,24.3,10.4,2.3,12.7,0.278,8,-0.1,7.9,5.4
2011/2012,58044000,64640100.3,473604,Boston Celtics,2,BOS,Massachusetts,East,Atlantic,39,27,0.591,91.8,89.3,2.26,Aleksandar Pavlovic,SF,28,1223166,1388014,45,7,11.7,1.1,2.8,0.391,0.4,1.3,0.293,0.7,1.6,0.471,0.457,0.1,0.2,0.375,0.1,1.5,1.6,0.4,0.4,0.3,0.4,1.2,2.7,527,6.7,0.456,0.453,0.063,0.9,14.5,8,5.3,2,2.2,13.2,13.8,-0.6,1,0.4,0.039,-4.5,1.9,-2.6,-0.1
2011/2012,58044000,64640100.3,473604,Minnesota Timberwolves,18,MIN,Minnesota,West,Northwest,26,40,0.394,97.9,100.1,-1.83,Nikola Pekovic,C,26,4503600,5110559,47,35,26.9,5.4,9.7,0.564,0,0,,5.4,9.7,0.564,0.564,3,4,0.743,3.9,3.5,7.4,0.7,0.6,0.7,1.9,2.1,13.9,1264,21.4,0.607,0,0.412,15.8,14.6,15.2,4.6,1.2,1.8,14,21.9,3.6,0.9,4.5,0.17,2.1,-0.6,1.5,1.1
2011/2012,58044000,64640100.3,473604,Oklahoma City Thunder,21,OKC,Oklahoma,West,Northwest,47,19,0.712,103.1,96.9,6.44,Kendrick Perkins,C,27,7123626,8083691,65,65,26.8,2,4,0.489,0,0,,2,4,0.489,0.489,1.1,1.7,0.652,1.8,4.7,6.6,1.2,0.4,1.1,1.8,2.9,5.1,1744,8.7,0.528,0,0.427,8.4,18.8,13.9,6.4,0.7,3,27.5,11.1,0,2.1,2,0.056,-2.7,2.1,-0.6,0.6
2011/2012,58044000,64640100.3,473604,New Jersey Nets,3,NJN,New Jersey,East,Atlantic,22,44,0.333,93.1,99.1,-6.37,Johan Petro,C,26,3250000,3688008,59,10,15.6,1.8,4.4,0.419,0,0,1,1.8,4.4,0.417,0.421,0.5,0.6,0.838,1.2,2.6,3.8,0.8,0.4,0.4,0.6,2.1,4.2,920,10.3,0.452,0.004,0.142,8.3,20.3,14.1,8.2,1.2,1.9,12.1,15.6,0.1,0.6,0.7,0.034,-4,-0.3,-4.3,-0.5
2011/2012,58044000,64640100.3,473604,Boston Celtics,2,BOS,Massachusetts,East,Atlantic,39,27,0.591,91.8,89.3,2.26,Paul Pierce,SF,34,15333334,17399837,61,61,34,6.5,14.6,0.443,1.6,4.5,0.366,4.8,10.1,0.476,0.499,4.8,5.6,0.852,0.6,4.6,5.2,4.5,1.1,0.4,2.8,2.4,19.4,2075,19.6,0.567,0.307,0.387,2.2,15.2,9,24.3,1.8,1,14.2,28.1,3.3,3.7,7,0.161,3.3,1.1,4.4,3.4
2011/2012,58044000,64640100.3,473604,Boston Celtics,2,BOS,Massachusetts,East,Atlantic,39,27,0.591,91.8,89.3,2.26,Mickael Pietrus,SG,29,6523166,7402305,42,6,21.9,2.5,6.4,0.385,1.5,4.3,0.335,1,2.1,0.489,0.498,0.5,0.7,0.645,0.4,2.7,3.1,0.6,0.5,0.2,0.8,1.9,6.9,921,8.5,0.509,0.674,0.115,2.4,13.7,8.3,4.4,1.2,0.8,10.4,16.5,-0.2,1.4,1.2,0.063,-1.4,-0.3,-1.6,0.1
2011/2012,58044000,64640100.3,473604,Miami Heat,16,MIA,Florida,East,Southeast,46,20,0.697,98.5,92.5,5.72,Dexter Pittman,C,23,762195,864917,35,6,8.6,1.3,2.7,0.468,0,0,,1.3,2.7,0.468,0.468,0.5,0.8,0.643,0.8,1.3,2,0.3,0.2,0.2,0.5,2.1,3,301,10.4,0.498,0,0.298,11.1,16.8,14.1,4.9,1.4,2.2,13.8,19,0.1,0.5,0.6,0.101,-3.4,-0.6,-4,-0.2
2011/2012,58044000,64640100.3,473604,Memphis Grizzlies,15,MEM,Tennessee,West,Southwest,41,25,0.621,95,93,2.43,Quincy Pondexter,SF,23,1153800,1309299,64,8,15.7,1.7,3.7,0.452,0.3,1.1,0.301,1.3,2.6,0.518,0.498,0.5,0.8,0.623,0.9,1.1,2,0.4,0.4,0.1,0.5,1.4,4.2,1002,9.4,0.517,0.305,0.222,6.3,8.5,7.3,4.1,1.4,0.4,10.3,13.2,0.9,0.9,1.7,0.082,-1.1,-0.8,-1.9,0
2011/2012,58044000,64640100.3,473604,Indiana Pacers,12,IND,Indiana,East,Central,42,24,0.636,97.7,94.4,2.6,AJ Price,PG,25,854389,969536,44,1,12.9,1.3,4,0.339,0.6,2,0.295,0.8,2,0.384,0.414,0.6,0.8,0.8,0.3,1.1,1.4,2,0.5,0,0.7,0.7,3.9,568,11.5,0.454,0.506,0.201,2.6,9.4,6,23.9,1.9,0.3,14.5,17.7,0.2,0.5,0.7,0.063,-0.2,-1.7,-1.9,0
2011/2012,58044000,64640100.3,473604,Phoenix Suns,24,PHO,Arizona,West,Pacific,33,33,0.5,98.4,98.6,0.29,Ronnie Price,PG,28,1069509,1213648,36,8,14.4,1.4,3.6,0.377,0.4,1.2,0.295,1,2.4,0.419,0.427,0.6,0.7,0.8,0.5,1.1,1.6,1.9,0.9,0.1,1.3,2,3.6,517,8.4,0.465,0.338,0.192,4,8.2,6.1,18.7,3.4,0.4,24.6,16.4,-0.4,0.5,0.1,0.008,-2.2,1.2,-1,0.1
2011/2012,58044000,64640100.3,473604,Detroit Pistons,9,DET,Michigan,East,Central,25,41,0.379,90.9,95.7,-5.19,Tayshaun Prince,SF,31,6292135,7140138,63,63,33.1,5.3,12.7,0.421,0.6,1.7,0.356,4.7,11,0.431,0.444,1.4,1.8,0.774,1.1,3.3,4.5,2.4,0.4,0.5,1.2,1.2,12.7,2087,12.8,0.47,0.13,0.144,4,12.4,8,13.2,0.7,1.2,8,20.4,1.2,0.9,2.1,0.048,-1,-1.3,-2.2,-0.1
2011/2012,58044000,64640100.3,473604,Portland Trail Blazers,25,POR,Oregon,West,Northwest,28,38,0.424,97.2,97.8,-0.22,Joel Przybilla,C,32,1145027,1299344,27,19,16.6,0.8,1.8,0.458,0,0,,0.8,1.8,0.458,0.458,0.4,0.7,0.611,1.1,4,5.1,0.2,0.1,0.6,0.8,2.4,2,449,6,0.492,0,0.375,7.4,28.9,17.9,1.9,0.5,2.8,28.2,7.9,-0.2,0.5,0.3,0.034,-6.1,0.8,-5.3,-0.4
2011/2012,58044000,64640100.3,473604,Atlanta Hawks,1,ATL,Georgia,East,Southeast,40,26,0.606,96.6,93.2,2.67,Vladimir Radmanovic,SF,31,1352181,1534417,49,3,15.4,1.5,4,0.376,1,2.8,0.37,0.5,1.3,0.387,0.503,0.4,0.6,0.759,0.7,2.2,2.9,1.1,0.4,0.3,0.7,1.3,4.5,755,11.7,0.524,0.685,0.147,5.3,16.8,11.1,10.9,1.5,1.5,14.3,15.2,0.5,1.1,1.6,0.103,-0.3,0.6,0.3,0.4
2011/2012,58044000,64640100.3,473604,Minnesota Timberwolves,18,MIN,Minnesota,West,Northwest,26,40,0.394,97.9,100.1,-1.83,Anthony Randolph,PF,22,2911231,3303583,34,5,15.2,2.8,5.9,0.47,0,0,0,2.8,5.9,0.472,0.47,1.9,2.5,0.762,1.2,2.4,3.6,0.6,0.4,1,1.2,1.6,7.4,517,17.6,0.532,0.005,0.42,9,17.5,13.2,6.6,1.3,4.8,14.4,23.8,0.5,0.6,1.1,0.099,-2.6,1,-1.5,0.1
2011/2012,58044000,64640100.3,473604,Memphis Grizzlies,15,MEM,Tennessee,West,Southwest,41,25,0.621,95,93,2.43,Zach Randolph,PF,30,15200000,17248534,28,8,26.3,4.7,10.2,0.463,0.1,0.3,0.25,4.6,9.9,0.469,0.467,2.1,3.1,0.659,2.8,5.3,8,1.7,0.8,0.1,1.4,2,11.6,735,17.9,0.5,0.028,0.309,12.1,23.9,17.9,11.2,1.5,0.4,11,22.4,1,1.1,2.1,0.135,-0.1,0.1,0.1,0.4
2011/2012,58044000,64640100.3,473604,Phoenix Suns,24,PHO,Arizona,West,Pacific,33,33,0.5,98.4,98.6,0.29,Michael Redd,SG,32,1308506,1484855,51,2,15.1,2.8,7.1,0.4,0.8,2.6,0.318,2,4.5,0.447,0.458,1.7,2.2,0.793,0.3,1.2,1.5,0.6,0.3,0,0.7,0.6,8.2,770,13.9,0.511,0.367,0.308,2.1,9.1,5.6,7.1,0.9,0,8.3,26.3,0.6,0.2,0.8,0.052,-0.2,-4,-4.2,-0.4
2011/2012,58044000,64640100.3,473604,Orlando Magic,22,ORL,Florida,East,Southeast,37,29,0.561,94.2,93.4,0.46,JJ Redick,SG,27,6750000,7659710,65,22,27.2,3.8,9,0.425,1.7,4.1,0.418,2.1,4.9,0.43,0.521,2.2,2.4,0.911,0.3,2,2.3,2.5,0.4,0.1,1,1.4,11.6,1765,15.1,0.575,0.459,0.269,1.2,8.8,4.9,16.2,0.8,0.3,9.4,19.2,4.2,1,5.2,0.142,2.2,-1.9,0.3,1
2011/2012,58044000,64640100.3,473604,Oklahoma City Thunder,21,OKC,Oklahoma,West,Northwest,47,19,0.712,103.1,96.9,6.44,Ryan Reid,PF,25,475000,539016,5,0,3.4,0.8,1,0.8,0,0,,0.8,1,0.8,0.8,0,0,,0.2,0.2,0.4,0,0,0,0.2,0.2,1.6,17,17.6,0.8,0,0,7.2,6.3,6.7,0,0,0,16.7,16,0,0,0.1,0.142,0.5,-6,-5.5,0
2011/2012,58044000,64640100.3,473604,Orlando Magic,22,ORL,Florida,East,Southeast,37,29,0.561,94.2,93.4,0.46,Jason Richardson,SG,31,5395000,6122094,54,54,29.5,4.5,11,0.408,1.9,5.1,0.368,2.6,5.9,0.442,0.493,0.8,1.3,0.594,0.7,2.9,3.6,2,1,0.4,1.1,1.7,11.6,1591,13.3,0.502,0.465,0.116,2.6,11.6,7,12,1.8,1.1,8.7,20.2,1.2,1.6,2.8,0.084,0.6,0,0.6,1
2011/2012,58044000,64640100.3,473604,Orlando Magic,22,ORL,Florida,East,Southeast,37,29,0.561,94.2,93.4,0.46,Quentin Richardson,SF,31,2446600,2776333,48,3,18,1.5,4.1,0.376,0.9,2.5,0.347,0.7,1.6,0.421,0.482,0.5,0.6,0.833,0.3,2.3,2.6,0.8,0.6,0.1,0.6,1.5,4.5,866,8.7,0.511,0.614,0.152,2,14.6,8.2,7,1.7,0.5,12.1,13,0.4,0.9,1.3,0.07,-1.6,0.4,-1.2,0.2
2011/2012,58044000,64640100.3,473604,Minnesota Timberwolves,18,MIN,Minnesota,West,Northwest,26,40,0.394,97.9,100.1,-1.83,Luke Ridnour,SG,30,3680000,4175960,53,53,33,4.6,10.4,0.44,0.9,2.9,0.322,3.6,7.5,0.485,0.485,2,2.2,0.891,0.4,2.3,2.7,4.8,1.1,0.3,1.8,2.6,12.1,1750,13.6,0.53,0.276,0.216,1.2,7.8,4.5,24,1.6,0.7,13.7,17.8,2.4,0.9,3.3,0.09,0.9,-0.6,0.3,1
2011/2012,58044000,64640100.3,473604,Golden State Warriors,10,GSW,California,West,Pacific,23,43,0.348,97.8,101.2,-2.79,Nate Robinson,PG,27,5483307,6222302,51,9,23.4,4,9.5,0.424,1.3,3.5,0.365,2.7,5.9,0.459,0.492,1.8,2.2,0.832,0.3,1.7,2,4.5,1.2,0,1.5,2.3,11.2,1192,18,0.534,0.374,0.233,1.4,8.1,4.8,31.8,2.6,0.1,12.3,23.6,2.4,0.4,2.8,0.111,2.9,-2.9,0,0.6
2011/2012,58044000,64640100.3,473604,Boston Celtics,2,BOS,Massachusetts,East,Atlantic,39,27,0.591,91.8,89.3,2.26,Rajon Rondo,PG,25,10045455,11399300,53,53,36.9,4.8,10.8,0.448,0.2,0.8,0.238,4.6,10,0.464,0.456,2,3.4,0.597,1.2,3.7,4.8,11.7,1.8,0.1,3.6,1.9,11.9,1957,17.5,0.483,0.073,0.316,3.9,11.2,7.7,52.5,2.6,0.1,22.8,20.7,1.5,3.4,4.9,0.121,0.6,0.7,1.3,1.6
2011/2012,58044000,64640100.3,473604,Chicago Bulls,5,CHI,Illinois,East,Central,50,16,0.758,96.3,88.2,7.43,Derrick Rose,PG,23,6993708,7936263,39,39,35.3,7.7,17.8,0.435,1.4,4.4,0.312,6.4,13.4,0.475,0.473,5,6.1,0.812,0.7,2.7,3.4,7.9,0.9,0.7,3.1,1.3,21.8,1375,23,0.532,0.249,0.344,2.1,8.4,5.3,40.3,1.4,1.4,12.9,30.5,4.1,2,6,0.211,5.5,-0.6,4.9,2.4
2011/2012,58044000,64640100.3,473604,Minnesota Timberwolves,18,MIN,Minnesota,West,Northwest,26,40,0.394,97.9,100.1,-1.83,Ricky Rubio,PG,21,3480120,3949142,41,31,34.2,3.4,9.5,0.357,0.8,2.3,0.34,2.6,7.2,0.363,0.398,3.1,3.8,0.803,0.5,3.7,4.2,8.2,2.2,0.2,3.2,2.4,10.6,1404,14.6,0.476,0.242,0.404,1.6,11.9,6.7,37.4,3.3,0.4,22.2,18.7,0.5,1.5,2,0.07,-0.2,1.1,0.9,1
2011/2012,58044000,64640100.3,473604,Golden State Warriors,10,GSW,California,West,Pacific,23,43,0.348,97.8,101.2,-2.79,Brandon Rush,SF,26,2956658,3355132,65,1,26.4,3.6,7.2,0.501,1.5,3.4,0.452,2.1,3.8,0.544,0.607,1,1.3,0.793,0.5,3.4,3.9,1.4,0.5,0.9,1,1,9.8,1717,15.2,0.628,0.467,0.175,2.2,14.4,8.3,7.9,1.1,2.6,11.9,15.4,2.9,0.6,3.5,0.099,1.1,-0.4,0.7,1.2
2011/2012,58044000,64640100.3,473604,Detroit Pistons,9,DET,Michigan,East,Central,25,41,0.379,90.9,95.7,-5.19,Walker Russell,PG,29,374289,424732,28,0,12.8,1.2,3.4,0.347,0.1,0.5,0.308,1,2.9,0.354,0.368,0.5,0.8,0.636,0.3,0.7,0.9,2.1,0.6,0,1.2,1,3,357,7.2,0.401,0.137,0.232,2.3,6.6,4.4,26,2.7,0.2,24,17.8,-0.6,0.3,-0.4,-0.049,-5,-1.8,-6.8,-0.4
2011/2012,58044000,64640100.3,473604,Sacramento Kings,26,SAC,California,West,Pacific,22,44,0.333,98.8,104.4,-4.95,John Salmons,SF,32,8500000,9645561,46,32,27.2,3.1,7.5,0.409,0.7,2.4,0.295,2.3,5.1,0.464,0.457,0.6,1,0.644,0.4,2.5,2.9,2,0.8,0.2,1,1.7,7.5,1250,9,0.471,0.325,0.13,1.7,10.5,5.9,11.1,1.5,0.4,11,14.2,0.3,0.1,0.4,0.014,-1.7,-1.2,-2.9,-0.3
2011/2012,58044000,64640100.3,473604,Cleveland Cavaliers,6,CLE,Ohio,East,Central,21,45,0.318,93,100.2,-7.34,Samardo Samuels,C,23,762195,864917,54,0,15.3,1.9,4.3,0.455,0,0,,1.9,4.3,0.455,0.455,1.5,2.2,0.701,1.2,2.2,3.3,0.4,0.4,0.4,1,2.1,5.4,825,11.1,0.517,0,0.506,8.4,16.8,12.4,4.2,1.3,1.8,16.5,18.4,0.2,0.5,0.7,0.039,-4.1,-1.4,-5.4,-0.7
2011/2012,58044000,64640100.3,473604,Milwaukee Bucks,17,MIL,Wisconsin,East,Central,31,35,0.47,99,98.7,-0.23,Larry Sanders,PF,23,1861920,2112854,52,0,12.4,1.6,3.5,0.457,0,0,0,1.6,3.5,0.462,0.457,0.3,0.7,0.474,1.2,1.9,3.1,0.6,0.6,1.5,0.8,2.6,3.6,643,13.3,0.463,0.011,0.207,10.3,17.3,13.7,7.8,2.5,8.9,17.6,16.7,-0.3,1.2,1,0.072,-3.9,5.3,1.5,0.6
2011/2012,58044000,64640100.3,473604,Chicago Bulls,5,CHI,Illinois,East,Central,50,16,0.758,96.3,88.2,7.43,Brian Scalabrine,PF,33,1352181,1534417,28,0,4.4,0.5,1.1,0.467,0,0.3,0.143,0.5,0.8,0.565,0.483,0.1,0.2,0.5,0.3,0.5,0.8,0.5,0.2,0.2,0.3,0.3,1.1,122,13.5,0.49,0.233,0.2,7.5,11.7,9.6,18.7,2.2,3.5,21.6,15.5,0,0.2,0.3,0.108,-2,2.9,0.9,0.1
2011/2012,58044000,64640100.3,473604,Houston Rockets,11,HOU,Texas,West,Southwest,34,32,0.515,98.1,97.9,0.57,Luis Scola,PF,31,8591793,9749725,66,66,31.3,6.6,13.5,0.491,0,0,0,6.6,13.4,0.493,0.491,2.3,3,0.773,1.8,4.6,6.5,2.1,0.5,0.4,2.3,3.2,15.5,2067,15.4,0.526,0.003,0.223,6.8,17.3,12,12,0.9,0.9,13.6,24.8,1.8,1.6,3.4,0.08,-1,-0.4,-1.4,0.3
2011/2012,58044000,64640100.3,473604,Oklahoma City Thunder,21,OKC,Oklahoma,West,Northwest,47,19,0.712,103.1,96.9,6.44,Thabo Sefolosha,SG,27,3300000,3744747,42,42,21.8,1.6,3.7,0.432,0.7,1.7,0.437,0.9,2,0.429,0.532,0.9,1,0.884,0.5,2.5,3,1.1,0.9,0.4,1,1.9,4.8,914,9.8,0.584,0.458,0.277,2.8,12.5,8,7.4,2.1,1.4,18.7,10.6,0.8,1,1.8,0.095,-0.4,1.3,0.9,0.7
2011/2012,58044000,64640100.3,473604,Memphis Grizzlies,15,MEM,Tennessee,West,Southwest,41,25,0.621,95,93,2.43,Josh Selby,PG,20,550000,624124,28,0,8.5,0.9,2.6,0.347,0.1,0.5,0.133,0.8,2,0.404,0.361,0.4,0.5,0.786,0.1,0.5,0.5,1.1,0.3,0,1,0.6,2.3,237,3.3,0.403,0.208,0.194,1,6.5,3.7,19.3,1.6,0,27.1,20.5,-0.7,0.2,-0.5,-0.105,-7.4,-2.4,-9.8,-0.5
2011/2012,58044000,64640100.3,473604,Washington Wizards,30,WAS,Washington DC,East,Southeast,20,46,0.303,93.6,98.4,-5.14,Kevin Seraphin,C,22,1680360,1906825,57,21,20.6,3.6,6.7,0.531,0,0,0,3.6,6.7,0.533,0.531,0.8,1.2,0.671,1.8,3.1,4.9,0.6,0.3,1.3,1.2,2.3,7.9,1176,15.8,0.549,0.003,0.183,9.8,17.1,13.4,4.8,0.8,5,13.8,18.2,1.2,1.1,2.3,0.094,-1.8,0.5,-1.3,0.2
2011/2012,58044000,64640100.3,473604,#N/A,#N/A,TOT,#N/A,#N/A,#N/A,#N/A,#N/A,#N/A,#N/A,#N/A,#N/A,Ramon Sessions,PG,25,4257973,4831828,64,23,26.7,3.8,8.8,0.428,0.7,1.5,0.443,3.1,7.3,0.425,0.466,3,3.9,0.782,0.5,2.8,3.3,5.5,0.7,0,2.2,1.6,11.3,1707,16.7,0.535,0.172,0.439,2.2,12,7.1,35.5,1.4,0.1,17.3,21.6,2.9,0.8,3.7,0.104,1,-2,-1,0.4
2011/2012,58044000,64640100.3,473604,Cleveland Cavaliers,6,CLE,Ohio,East,Central,21,45,0.318,93,100.2,-7.34,Ramon Sessions,PG,25,4257973,4831828,41,4,24.5,3.4,8.6,0.398,0.6,1.5,0.419,2.8,7.1,0.394,0.435,3,3.6,0.83,0.5,2.6,3.1,5.2,0.7,0,2,1.5,10.5,1006,16.4,0.514,0.175,0.415,2.1,12.7,7.2,37.1,1.4,0.1,16.4,22.4,1.5,0.3,1.8,0.085,0.7,-2.5,-1.8,0.1
2011/2012,58044000,64640100.3,473604,Los Angeles Lakers,14,LAL,California,West,Pacific,41,25,0.621,97.3,95.9,1.96,Ramon Sessions,PG,25,4257973,4831828,23,19,30.5,4.4,9.2,0.479,0.7,1.5,0.486,3.7,7.7,0.477,0.519,3.1,4.4,0.713,0.6,3.2,3.8,6.2,0.7,0.1,2.6,1.6,12.7,701,17.3,0.57,0.166,0.479,2.3,11.1,6.9,33.1,1.3,0.2,18.8,20.5,1.4,0.5,1.9,0.131,1.3,-1.3,0,0.3
2011/2012,58044000,64640100.3,473604,New York Knicks,20,NYK,New York,East,Atlantic,36,30,0.545,97.8,94.7,2.39,Iman Shumpert,PG,21,1563120,1773784,59,35,28.9,3.6,9.1,0.401,0.8,2.7,0.306,2.8,6.4,0.44,0.446,1.5,1.8,0.798,0.7,2.4,3.2,2.8,1.7,0.1,1.9,2.9,9.5,1705,10.8,0.484,0.294,0.204,2.8,9.9,6.3,15.6,3.1,0.4,16,18.2,-0.1,2.5,2.4,0.068,-1.3,1.4,0.1,0.9
2011/2012,58044000,64640100.3,473604,Philadelphia 76ers,23,PHI,Pennsylvania,East,Atlantic,35,31,0.53,93.6,89.4,3.59,Xavier Silas,SG,24,#N/A,#N/A,2,0,19.5,2,7.5,0.267,0.5,3,0.167,1.5,4.5,0.333,0.3,1,1.5,0.667,1,1,2,1.5,0,0,1.5,2.5,5.5,39,0.1,0.337,0.4,0.2,5.7,5.7,5.7,11.4,0,0,15.5,23.3,-0.1,0,-0.1,-0.131,-6.8,-3.7,-10.5,-0.1
2011/2012,58044000,64640100.3,473604,Los Angeles Clippers,13,LAC,California,West,Pacific,40,26,0.606,97.5,95,2.82,Bobby Simmons,SF,31,594836,675003,28,0,14.9,1,3.2,0.311,0.7,2.1,0.333,0.3,1.1,0.267,0.422,0.1,0.3,0.571,0.6,1.4,2,0.4,0.5,0.1,0.4,1.5,2.9,418,6,0.43,0.667,0.078,4.8,10.9,7.8,3.8,1.9,0.6,9.7,11.4,0,0.3,0.3,0.029,-2.1,-0.4,-2.5,-0.1
2011/2012,58044000,64640100.3,473604,Washington Wizards,30,WAS,Washington DC,East,Southeast,20,46,0.303,93.6,98.4,-5.14,Chris Singleton,SF,22,1485000,1685136,66,51,21.7,1.8,4.7,0.372,0.7,1.9,0.346,1.1,2.8,0.389,0.442,0.5,0.7,0.682,0.7,2.9,3.5,0.7,1.1,0.5,0.6,2.7,4.6,1431,8.3,0.462,0.407,0.141,3.4,15.1,9.2,5,2.5,1.6,10.3,11.5,0.1,1.5,1.5,0.052,-2.2,1.2,-1,0.4
2011/2012,58044000,64640100.3,473604,Washington Wizards,30,WAS,Washington DC,East,Southeast,20,46,0.303,93.6,98.4,-5.14,James Singleton,PF,30,#N/A,#N/A,12,0,21.8,3.4,6.3,0.547,0.2,0.8,0.222,3.3,5.5,0.591,0.56,1.2,1.3,0.933,2.1,4.7,6.8,1.3,0.8,0.7,0.8,2.3,8.2,262,19.6,0.6,0.12,0.2,10.7,24.3,17.4,9.5,1.8,2.3,10.9,15.6,0.7,0.3,1,0.186,1.3,1,2.3,0.3
2011/2012,58044000,64640100.3,473604,Memphis Grizzlies,15,MEM,Tennessee,West,Southwest,41,25,0.621,95,93,2.43,Brian Skinner,C,35,65446,74266,1,0,4,0,1,0,0,0,,0,1,0,0,0,0,,0,0,0,0,0,0,0,1,0,4,-14.6,0,0,0,0,0,0,0,0,0,0,11.3,0,0,0,-0.248,-13.2,-2.9,-16.1,0
2011/2012,58044000,64640100.3,473604,#N/A,#N/A,TOT,#N/A,#N/A,#N/A,#N/A,#N/A,#N/A,#N/A,#N/A,#N/A,Donald Sloan,PG,24,198629,225398,33,11,20.3,2.4,6,0.399,0.1,0.8,0.08,2.3,5.2,0.445,0.404,0.7,0.9,0.767,0.5,1.5,2,3.2,0.4,0.1,1.5,1.1,5.5,669,8.9,0.433,0.126,0.152,3,8.6,5.7,26.5,1,0.3,18.8,17.6,-0.4,0.1,-0.3,-0.024,-3.5,-2.4,-6,-0.7
2011/2012,58044000,64640100.3,473604,Atlanta Hawks,1,ATL,Georgia,East,Southeast,40,26,0.606,96.6,93.2,2.67,Donald Sloan,PG,24,198629,225398,5,0,4,0.6,1.6,0.375,0,0.2,0,0.6,1.4,0.429,0.375,0,0,,0.2,0.8,1,1,0.2,0,0.4,0.6,1.2,20,11.6,0.375,0.125,0,5.9,23.3,14.7,41.6,2.7,0,20,23.5,0,0,0,0.012,-3.5,1.5,-2,0
2011/2012,58044000,64640100.3,473604,New Orleans Hornets,19,NOH,Louisiana,West,Southwest,21,45,0.318,89.6,93.4,-3.11,Donald Sloan,PG,24,198629,225398,3,0,13.7,1.7,4.7,0.357,0,0.7,0,1.7,4,0.417,0.357,0.7,1.3,0.5,0.7,0.3,1,2.7,0.7,0,1.7,0.7,4,41,8,0.381,0.143,0.286,5.9,2.9,4.4,32.5,2.7,0,24.1,23.9,-0.1,0,-0.1,-0.104,-5.1,-2.7,-7.8,-0.1
2011/2012,58044000,64640100.3,473604,Cleveland Cavaliers,6,CLE,Ohio,East,Central,21,45,0.318,93,100.2,-7.34,Donald Sloan,PG,24,198629,225398,25,11,24.3,2.8,7,0.403,0.1,0.9,0.091,2.8,6.2,0.448,0.409,0.8,1,0.808,0.6,1.8,2.4,3.7,0.4,0.1,1.7,1.3,6.6,608,8.9,0.44,0.125,0.148,2.7,8.6,5.5,25.6,0.9,0.4,18.3,17,-0.3,0,-0.3,-0.02,-3.4,-2.6,-6,-0.6
2011/2012,58044000,64640100.3,473604,Portland Trail Blazers,25,POR,Oregon,West,Northwest,28,38,0.424,97.2,97.8,-0.22,Craig Smith,PF,28,992680,1126465,47,0,9.9,1.3,2.5,0.504,0,0,0,1.3,2.5,0.509,0.504,0.8,1.1,0.717,0.7,1.6,2.3,0.4,0.3,0.1,0.5,1.2,3.3,464,13.6,0.556,0.009,0.453,8.1,19.8,13.8,6.6,1.8,0.8,14.6,16.2,0.6,0.4,1,0.105,-2.2,-0.4,-2.6,-0.1
2011/2012,58044000,64640100.3,473604,Houston Rockets,11,HOU,Texas,West,Southwest,34,32,0.515,98.1,97.9,0.57,Greg Smith,C,21,301733,342398,8,0,8.6,0.9,1.4,0.636,0,0,,0.9,1.4,0.636,0.636,0,0,,0.6,1.9,2.5,0.1,0.3,0.6,0.1,2.1,1.8,69,12.3,0.636,0,0,8.3,25.5,16.8,2.2,1.5,5.4,8.3,7.9,0.1,0.1,0.2,0.165,-2.5,2.6,0.1,0
2011/2012,58044000,64640100.3,473604,#N/A,#N/A,TOT,#N/A,#N/A,#N/A,#N/A,#N/A,#N/A,#N/A,#N/A,#N/A,Ishmael Smith,PG,23,639254,725407,26,1,9,1.2,3.1,0.383,0.1,0.3,0.333,1.1,2.8,0.389,0.401,0.3,0.4,0.7,0.3,1.1,1.3,1.6,0.6,0.1,0.5,0.6,2.8,234,14.1,0.422,0.111,0.123,3.4,13.9,8.6,29.2,3.4,0.7,13.2,19.6,0,0.3,0.3,0.062,-2.4,0.7,-1.7,0
2011/2012,58044000,64640100.3,473604,Golden State Warriors,10,GSW,California,West,Pacific,23,43,0.348,97.8,101.2,-2.79,Ishmael Smith,PG,23,639254,725407,6,1,10.5,2,5,0.4,0.3,0.8,0.4,1.7,4.2,0.4,0.433,0.2,0.3,0.5,0.3,1.2,1.5,1.5,0.7,0,0.2,0.7,4.5,63,16.7,0.437,0.167,0.067,3.6,12.6,8.1,24.2,3.3,0,3.1,23.3,0,0,0.1,0.069,0.1,-1.7,-1.6,0
2011/2012,58044000,64640100.3,473604,Orlando Magic,22,ORL,Florida,East,Southeast,37,29,0.561,94.2,93.4,0.46,Ishmael Smith,PG,23,639254,725407,20,0,8.6,1,2.6,0.373,0.1,0.2,0.25,0.9,2.4,0.383,0.382,0.3,0.4,0.75,0.3,1.1,1.3,1.6,0.6,0.1,0.6,0.6,2.3,171,13.1,0.413,0.078,0.157,3.3,14.4,8.8,31.1,3.5,0.9,18,18.2,0,0.3,0.2,0.06,-3.3,1.6,-1.7,0
2011/2012,58044000,64640100.3,473604,New York Knicks,20,NYK,New York,East,Atlantic,36,30,0.545,97.8,94.7,2.39,JR Smith,SG,26,2382353,2703427,35,1,27.6,4.7,11.6,0.407,1.9,5.5,0.347,2.8,6.1,0.462,0.49,1.1,1.6,0.709,0.8,3.1,3.9,2.4,1.5,0.2,1.3,2.5,12.5,967,15.2,0.508,0.477,0.136,3.4,12.9,8.1,15.2,2.9,0.5,9.7,22,1,1.5,2.5,0.122,1.8,0.5,2.3,1
2011/2012,58044000,64640100.3,473604,New Orleans Hornets,19,NOH,Louisiana,West,Southwest,21,45,0.318,89.6,93.4,-3.11,Jason Smith,PF,25,2500000,2836929,40,29,23.7,4.5,8.7,0.52,0,0.2,0.111,4.5,8.5,0.531,0.522,0.8,1.2,0.702,1.8,3.1,4.9,0.9,0.5,1,1,2.6,9.9,947,16.6,0.537,0.026,0.135,9.2,15.3,12.3,6.8,1.2,3.6,9.8,20.4,1.2,1,2.2,0.11,-0.6,0.5,-0.1,0.5
2011/2012,58044000,64640100.3,473604,New Jersey Nets,3,NJN,New Jersey,East,Atlantic,22,44,0.333,93.1,99.1,-6.37,0,PG,24,#N/A,#N/A,5,0,9.2,0.6,2.8,0.214,0.2,1.2,0.167,0.4,1.6,0.25,0.25,0,0,,0.4,1,1.4,0.8,1,0,0,1,1.4,46,7.8,0.25,0.429,0,4.9,13,8.8,13.4,5.8,0,0,13.9,-0.1,0.1,0,-0.007,-3.4,1.7,-1.7,0
2011/2012,58044000,64640100.3,473604,Atlanta Hawks,1,ATL,Georgia,East,Southeast,40,26,0.606,96.6,93.2,2.67,Josh Smith,PF,26,12400000,14071172,66,66,35.3,7.6,16.7,0.458,0.4,1.7,0.257,7.2,15,0.48,0.47,3.1,4.9,0.63,2.1,7.5,9.6,3.9,1.4,1.7,2.5,2.6,18.8,2329,21.1,0.499,0.099,0.292,6.9,24.8,15.9,20.6,2.1,3.8,11.7,28.4,1.9,4.9,6.8,0.139,0.3,3.7,4.1,3.5
2011/2012,58044000,64640100.3,473604,Portland Trail Blazers,25,POR,Oregon,West,Northwest,28,38,0.424,97.2,97.8,-0.22,Nolan Smith,PG,23,1306920,1483056,44,4,12.3,1.5,4.1,0.372,0.3,1,0.289,1.2,3.1,0.4,0.408,0.5,0.6,0.714,0.4,0.9,1.3,1.4,0.4,0.1,1,1.3,3.8,541,7.8,0.434,0.25,0.156,3.6,8.6,6,18.2,1.8,0.4,17.9,19.8,-0.6,0.3,-0.3,-0.029,-3.7,-1.7,-5.4,-0.5
2011/2012,58044000,64640100.3,473604,Memphis Grizzlies,15,MEM,Tennessee,West,Southwest,41,25,0.621,95,93,2.43,Marreese Speights,PF,24,2721255,3088003,60,54,22.4,3.7,8.1,0.453,0,0.1,0,3.7,8.1,0.456,0.453,1.4,1.8,0.771,2.2,4,6.2,0.8,0.4,0.5,1.2,2.5,8.8,1345,14.1,0.491,0.006,0.223,11.3,21.4,16.2,6,0.8,1.8,12.1,20.5,0.9,1.7,2.7,0.096,-2.4,-0.5,-2.9,-0.3
2011/2012,58044000,64640100.3,473604,San Antonio Spurs,27,SAS,Texas,West,Southwest,50,16,0.758,103.7,96.5,7.28,Tiago Splitter,C,27,3672000,4166882,59,2,19,3.6,5.8,0.618,0,0,,3.6,5.8,0.618,0.618,2.1,3.1,0.691,1.6,3.6,5.2,1.1,0.4,0.8,1.5,2.3,9.3,1121,20.5,0.649,0,0.528,9.7,21.4,15.7,9.2,1,3,17.1,20.7,3,1.6,4.6,0.197,1.1,1.4,2.5,1.3
2011/2012,58044000,64640100.3,473604,Atlanta Hawks,1,ATL,Georgia,East,Southeast,40,26,0.606,96.6,93.2,2.67,Jerry Stackhouse,SF,37,1352181,1534417,30,0,9.1,1.2,3.3,0.37,0.4,1.3,0.342,0.8,2.1,0.387,0.435,0.7,0.8,0.913,0.2,0.6,0.8,0.5,0.3,0.1,0.4,0.4,3.6,273,11.5,0.49,0.38,0.23,2.6,7.2,4.9,8.3,1.9,0.8,10.6,21.2,0,0.3,0.3,0.06,-2.3,-2,-4.2,-0.2
2011/2012,58044000,64640100.3,473604,Indiana Pacers,12,IND,Indiana,East,Central,42,24,0.636,97.7,94.4,2.6,Lance Stephenson,SG,21,810000,919165,42,1,10.5,1.1,3,0.376,0.1,0.7,0.133,1,2.3,0.453,0.392,0.2,0.4,0.471,0.3,1,1.3,1.1,0.5,0.1,0.9,0.7,2.5,442,7,0.4,0.24,0.136,3.1,10.4,6.7,16.5,2.5,0.9,21.4,17.3,-0.8,0.5,-0.3,-0.031,-4.4,0.2,-4.2,-0.2
2011/2012,58044000,64640100.3,473604,New Jersey Nets,3,NJN,New Jersey,East,Atlantic,22,44,0.333,93.1,99.1,-6.37,DeShawn Stevenson,SF,30,2500000,2836929,51,30,18.8,1,3.4,0.285,0.8,2.8,0.283,0.2,0.5,0.296,0.404,0.2,0.3,0.563,0.1,1.8,2,0.8,0.4,0.1,0.4,1.2,2.9,960,4.3,0.413,0.843,0.093,0.8,11.7,6.1,6.5,1.1,0.3,9.6,9.4,-0.3,0.1,-0.3,-0.014,-3.1,-1.4,-4.5,-0.6
2011/2012,58044000,64640100.3,473604,Boston Celtics,2,BOS,Massachusetts,East,Atlantic,39,27,0.591,91.8,89.3,2.26,Greg Stiemsma,C,26,762195,864917,55,3,13.9,1.2,2.2,0.545,0,0,,1.2,2.2,0.545,0.545,0.5,0.7,0.707,0.9,2.3,3.2,0.5,0.7,1.5,0.6,2.6,2.9,766,13.6,0.579,0,0.339,7.7,19,13.6,5.6,2.6,8.5,19.2,10.8,0.6,2.2,2.7,0.17,-3,7.5,4.5,1.2
2011/2012,58044000,64640100.3,473604,Denver Nuggets,8,DEN,Colorado,West,Northwest,38,28,0.576,104.1,101.2,3.16,Julyan Stone,SG,23,473604,537432,22,2,8.1,0.6,1.4,0.419,0.1,0.5,0.182,0.5,0.9,0.55,0.452,0.4,0.5,0.727,0.2,0.9,1.1,1.7,0.4,0.3,0.5,0.8,1.6,179,13,0.502,0.355,0.355,3.4,12.6,8.1,28.3,2.3,2.6,23.5,11.7,0.2,0.2,0.4,0.101,-1.1,0.9,-0.2,0.1
2011/2012,58044000,64640100.3,473604,New York Knicks,20,NYK,New York,East,Atlantic,36,30,0.545,97.8,94.7,2.39,Amare Stoudemire,PF,29,18217705,20672941,47,47,32.8,6.7,13.9,0.483,0.1,0.4,0.238,6.6,13.5,0.491,0.487,4,5.2,0.765,2.3,5.6,7.8,1.1,0.8,1,2.4,2.9,17.5,1543,17.7,0.541,0.032,0.372,7.9,19.8,13.7,6.3,1.3,2.3,12.8,25.4,1.8,2.3,4.1,0.128,-1.5,0.1,-1.4,0.2
2011/2012,58044000,64640100.3,473604,Detroit Pistons,9,DET,Michigan,East,Central,25,41,0.379,90.9,95.7,-5.19,Rodney Stuckey,SG,25,8500000,9645561,55,48,29.9,4.7,10.9,0.429,0.6,1.9,0.317,4.1,9,0.452,0.456,4.9,5.8,0.834,0.7,1.9,2.6,3.8,0.8,0.2,1.9,2.3,14.8,1644,17.6,0.55,0.174,0.536,2.7,7.8,5.2,22.7,1.4,0.5,12.6,23.7,3.8,0.7,4.5,0.131,2.2,-2.4,-0.2,0.8
2011/2012,58044000,64640100.3,473604,New Orleans Hornets,19,NOH,Louisiana,West,Southwest,21,45,0.318,89.6,93.4,-3.11,DaJuan Summers,SF,24,303137,343991,15,6,13.9,1.9,4.3,0.431,0.3,1.1,0.313,1.5,3.3,0.469,0.469,0.5,0.6,0.778,0.5,1,1.5,0.7,0.5,0,0.5,2.1,4.5,209,9,0.493,0.246,0.138,4.6,8.4,6.6,8.1,1.8,0,10.4,17.4,0.1,0.1,0.2,0.049,-1.8,-1.7,-3.4,-0.1
2011/2012,58044000,64640100.3,473604,Atlanta Hawks,1,ATL,Georgia,East,Southeast,40,26,0.606,96.6,93.2,2.67,Jeff Teague,PG,23,1579920,1792848,66,66,33.1,4.8,10.2,0.476,0.8,2.3,0.342,4.1,7.9,0.514,0.514,2.1,2.8,0.757,0.3,2.1,2.4,4.9,1.6,0.6,2,2.2,12.6,2183,15.8,0.551,0.222,0.275,1.1,7.4,4.3,24.3,2.6,1.3,15.1,19.1,3,3,6,0.131,0.7,0.4,1.2,1.7
2011/2012,58044000,64640100.3,473604,Phoenix Suns,24,PHO,Arizona,West,Pacific,33,33,0.5,98.4,98.6,0.29,Sebastian Telfair,PG,26,1500000,1702157,60,1,14.9,2.4,5.7,0.412,0.6,1.8,0.314,1.8,4,0.456,0.461,0.9,1.1,0.791,0.3,1.2,1.5,2.3,0.7,0.2,1.1,2,6.1,895,13.2,0.495,0.307,0.196,2.5,8.9,5.7,24.5,2.4,1,15.5,22.3,0.4,0.7,1.1,0.058,0,-0.6,-0.5,0.3
2011/2012,58044000,64640100.3,473604,Dallas Mavericks,7,DAL,Texas,West,Southwest,36,30,0.545,95.8,94.8,1.78,Jason Terry,SG,34,11158000,12661785,63,1,31.7,5.7,13.2,0.43,2.2,5.8,0.378,3.5,7.4,0.471,0.513,1.6,1.8,0.883,0.3,2.1,2.4,3.6,1.2,0.2,2,1.1,15.1,2000,15.7,0.54,0.44,0.134,0.9,7.4,4.2,19.9,1.9,0.4,12.6,23.3,2,1.8,3.8,0.092,2,-1.1,0.9,1.5
2011/2012,58044000,64640100.3,473604,#N/A,#N/A,TOT,#N/A,#N/A,#N/A,#N/A,#N/A,#N/A,#N/A,#N/A,#N/A,Hasheem Thabeet,C,24,5127720,5818792,20,3,7,0.6,1.1,0.524,0,0,,0.6,1.1,0.524,0.524,0.7,1,0.65,0.8,1.3,2.1,0,0.1,0.5,0.4,1,1.8,139,12.4,0.587,0,0.952,13.1,22.2,17.6,0,0.4,5.5,21.2,12.4,0.1,0.2,0.3,0.102,-5.1,-2.1,-7.2,-0.2
2011/2012,58044000,64640100.3,473604,Houston Rockets,11,HOU,Texas,West,Southwest,34,32,0.515,98.1,97.9,0.57,Hasheem Thabeet,C,24,5127720,5818792,5,0,4.6,0.6,0.6,1,0,0,,0.6,0.6,1,1,0,0,,0.2,1.2,1.4,0,0,0.4,0,1,1.2,23,16.4,1,0,0,5,30.6,17.7,0,0,6.5,0,5.9,0.1,0,0.1,0.228,-2,-1,-3,0
2011/2012,58044000,64640100.3,473604,Portland Trail Blazers,25,POR,Oregon,West,Northwest,28,38,0.424,97.2,97.8,-0.22,Hasheem Thabeet,C,24,5127720,5818792,15,3,7.7,0.5,1.2,0.444,0,0,,0.5,1.2,0.444,0.444,0.9,1.3,0.65,1,1.3,2.3,0,0.1,0.5,0.5,1,1.9,116,11.6,0.541,0,1.111,14.8,20.5,17.6,0,0.5,5.3,23,13.7,0.1,0.1,0.2,0.077,-5.7,-2.3,-8,-0.2
2011/2012,58044000,64640100.3,473604,Sacramento Kings,26,SAC,California,West,Pacific,22,44,0.333,98.8,104.4,-4.95,Isaiah Thomas,PG,22,473604,537432,65,37,25.5,3.9,8.8,0.448,1.3,3.4,0.379,2.7,5.4,0.491,0.521,2.4,2.8,0.832,0.7,1.8,2.6,4.1,0.8,0.1,1.6,1.9,11.5,1656,17.6,0.574,0.384,0.324,3,8.4,5.6,25.6,1.6,0.4,13.9,19.8,4.2,0,4.3,0.124,3.2,-2.7,0.5,1.1
2011/2012,58044000,64640100.3,473604,Portland Trail Blazers,25,POR,Oregon,West,Northwest,28,38,0.424,97.2,97.8,-0.22,Kurt Thomas,C,39,1352181,1534417,53,3,15.2,1.4,3,0.465,0,0,,1.4,3,0.465,0.465,0.3,0.4,0.7,0.7,2.8,3.5,0.9,0.5,0.6,0.6,2.3,3,803,9.5,0.483,0,0.127,5.5,22.1,13.7,8.7,1.6,3,15.8,11.2,0.2,0.9,1.1,0.067,-3.7,2.4,-1.3,0.1
2011/2012,58044000,64640100.3,473604,New Orleans Hornets,19,NOH,Louisiana,West,Southwest,21,45,0.318,89.6,93.4,-3.11,Lance Thomas,PF,23,328444,372709,42,10,15,1.4,3,0.452,0,0,0,1.4,3,0.456,0.452,1.2,1.5,0.839,1.2,1.8,3,0.3,0.2,0.2,0.6,1.9,4,630,10.1,0.541,0.008,0.492,9.4,14.3,11.9,3,0.9,0.9,13.5,13.3,0.7,0.4,1.2,0.088,-2.5,-1.1,-3.6,-0.3
2011/2012,58044000,64640100.3,473604,San Antonio Spurs,27,SAS,Texas,West,Southwest,50,16,0.758,103.7,96.5,7.28,Malcolm Thomas,PF,23,103104,116999,3,0,5,0,1,0,0,0,,0,1,0,0,0.3,0.7,0.5,0.3,0.7,1,0.3,0.3,0.3,0,0,0.3,15,7.1,0.129,0,0.667,7.8,15,11.5,8.1,3.4,4.8,0,11.8,0,0,0,-0.028,-7.1,5,-2.1,0
2011/2012,58044000,64640100.3,473604,Charlotte Bobcats,4,CHA,North Carolina,East,Southeast,7,59,0.106,87,100.9,-13.96,Tyrus Thomas,PF,25,7305765,8290377,54,30,18.8,2.2,6.1,0.367,0,0.1,0.333,2.2,6,0.367,0.369,1.2,1.5,0.759,0.9,2.8,3.7,0.6,0.7,1.1,1,2.7,5.6,1013,9,0.418,0.009,0.254,5.4,17.7,11.3,6,1.9,4.4,12.7,19,-1.5,0.8,-0.6,-0.029,-6.2,0.8,-5.4,-0.9
2011/2012,58044000,64640100.3,473604,Los Angeles Clippers,13,LAC,California,West,Pacific,40,26,0.606,97.5,95,2.82,Trey Thompkins,C,21,473604,537432,24,0,5,1,2.5,0.393,0.2,0.5,0.308,0.8,2,0.417,0.426,0.2,0.3,0.714,0.2,0.8,1,0.1,0.1,0.1,0.3,0.4,2.4,119,12,0.445,0.213,0.115,4,20.2,12,4.5,1.4,2.1,8.6,27.2,-0.1,0.1,0,0.004,-5.5,-3.3,-8.9,-0.2
2011/2012,58044000,64640100.3,473604,Sacramento Kings,26,SAC,California,West,Pacific,22,44,0.333,98.8,104.4,-4.95,Jason Thompson,PF,25,3001284,3405772,64,47,25.9,3.7,6.9,0.535,0,0,0,3.7,6.9,0.537,0.535,1.7,2.8,0.602,2.6,4.3,6.9,1.2,0.7,0.7,1.1,2.3,9.1,1657,16.4,0.558,0.005,0.409,10.5,19.3,14.7,7.5,1.3,1.9,11.5,15.5,3.1,0.8,3.9,0.114,0.1,0.1,0.1,0.9
2011/2012,58044000,64640100.3,473604,Golden State Warriors,10,GSW,California,West,Pacific,23,43,0.348,97.8,101.2,-2.79,Klay Thompson,SG,21,2126520,2413115,66,29,24.4,4.8,10.9,0.443,1.7,4.1,0.414,3.1,6.8,0.46,0.52,1.2,1.4,0.868,0.4,2.1,2.4,2,0.7,0.3,1.6,2.3,12.5,1608,14.9,0.545,0.373,0.127,1.7,9.6,5.7,14.2,1.6,1,12,24.7,1.4,0.3,1.7,0.05,0.9,-2.8,-1.9,0.1
2011/2012,58044000,64640100.3,473604,Cleveland Cavaliers,6,CLE,Ohio,East,Central,21,45,0.318,93,100.2,-7.34,Mychel Thompson,SG,23,168035,190681,5,3,19,1.4,4.8,0.292,0.8,2.2,0.364,0.6,2.6,0.231,0.375,0,0,,0,1,1,1.4,0.4,0.2,1,1.6,3.6,95,2.2,0.375,0.458,0,0,6.2,3,11.6,1.1,0.8,17.2,13.7,-0.2,0,-0.2,-0.079,-5.9,-2.5,-8.3,-0.2
2011/2012,58044000,64640100.3,473604,Cleveland Cavaliers,6,CLE,Ohio,East,Central,21,45,0.318,93,100.2,-7.34,Tristan Thompson,PF,20,3726600,4228841,60,25,23.7,3.2,7.4,0.439,0,0,0,3.2,7.3,0.441,0.439,1.8,3.2,0.552,3.1,3.4,6.5,0.5,0.5,1,1.4,2.2,8.2,1424,13.3,0.469,0.005,0.434,14.4,16.8,15.5,3.3,1,3.3,13.3,19.2,0.3,0.9,1.1,0.038,-3.2,-1,-4.2,-0.8
2011/2012,58044000,64640100.3,473604,Sacramento Kings,26,SAC,California,West,Pacific,22,44,0.333,98.8,104.4,-4.95,Marcus Thornton,SG,24,7000000,7943403,51,51,34.9,6.9,15.7,0.438,2.1,6.1,0.345,4.8,9.7,0.497,0.505,2.8,3.2,0.865,1.6,2,3.7,1.9,1.4,0.2,1.6,2.2,18.7,1780,17.4,0.544,0.386,0.203,4.9,6.7,5.8,9.4,2,0.5,8.8,23.4,3.7,0.1,3.8,0.103,3.4,-2.5,1,1.3
2011/2012,58044000,64640100.3,473604,Utah Jazz,29,UTA,Utah,West,Northwest,36,30,0.545,99.7,99,0.92,Jamaal Tinsley,PG,33,1229255,1394924,37,1,13.7,1.5,3.8,0.404,0.3,1,0.27,1.3,2.8,0.452,0.44,0.4,0.5,0.765,0.2,1.1,1.2,3.3,0.5,0.2,1.4,1.3,3.7,507,10.9,0.461,0.262,0.121,1.3,8.9,5.1,36.3,1.8,1.3,25.9,17.8,-0.2,0.3,0.1,0.006,-2.6,-2.2,-4.8,-0.4
2011/2012,58044000,64640100.3,473604,Minnesota Timberwolves,18,MIN,Minnesota,West,Northwest,26,40,0.394,97.9,100.1,-1.83,Anthony Tolliver,SF,26,2050000,2326282,51,0,17.3,1.4,3.6,0.39,0.5,2,0.248,0.9,1.6,0.568,0.459,0.8,1.1,0.745,1,2,3,0.4,0.4,0.4,0.7,1.7,4.1,882,8.3,0.504,0.555,0.302,6.2,13,9.6,3.8,1,1.5,14.5,12.2,0.3,0.6,0.9,0.049,-1.7,0.2,-1.5,0.1
2011/2012,58044000,64640100.3,473604,#N/A,#N/A,TOT,#N/A,#N/A,#N/A,#N/A,#N/A,#N/A,#N/A,#N/A,#N/A,Ronny Turiaf,C,29,4360000,4947605,17,5,16.4,1.1,1.9,0.576,0,0.1,0,1.1,1.9,0.594,0.576,0.8,1.3,0.591,1.2,2.9,4.1,0.6,0.8,1,0.8,2.3,3,279,12.3,0.597,0.03,0.667,8.9,20.6,14.8,5.1,2.6,4.9,24.7,9.4,0.2,0.6,0.8,0.137,-2.4,3.9,1.4,0.2
2011/2012,58044000,64640100.3,473604,Washington Wizards,30,WAS,Washington DC,East,Southeast,20,46,0.303,93.6,98.4,-5.14,Ronny Turiaf,C,29,4360000,4947605,4,0,14.5,0.8,0.8,1,0,0,,0.8,0.8,1,1,0,0,,0.3,2.8,3,1.3,1.5,0.8,1.5,1.8,1.5,58,10.8,1,0,0,1.9,21.6,11.7,12.2,5.4,4,66.7,6.9,-0.1,0.1,0.1,0.057,-4,6.2,2.3,0.1
2011/2012,58044000,64640100.3,473604,Miami Heat,16,MIA,Florida,East,Southeast,46,20,0.697,98.5,92.5,5.72,Ronny Turiaf,C,29,4360000,4947605,13,5,17,1.2,2.3,0.533,0,0.1,0,1.2,2.2,0.552,0.533,1,1.7,0.591,1.5,3,4.5,0.4,0.6,1.1,0.6,2.5,3.5,221,12.6,0.567,0.033,0.733,10.7,20.3,15.7,3.3,1.9,5.1,16.8,10,0.3,0.5,0.7,0.158,-2,3.3,1.2,0.2
2011/2012,58044000,64640100.3,473604,Orlando Magic,22,ORL,Florida,East,Southeast,37,29,0.561,94.2,93.4,0.46,Hidayet Turkoglu,SF,32,11015850,12500477,53,53,31.2,3.9,9.5,0.415,1.7,4.9,0.353,2.2,4.6,0.48,0.505,1.3,1.8,0.705,0.5,3.3,3.8,4.4,0.8,0.3,2.7,2.6,10.9,1653,11.7,0.528,0.512,0.188,1.7,12.4,7,24.1,1.5,0.8,20.6,19.5,0.6,1.5,2.1,0.06,0,0.1,0.1,0.9
2011/2012,58044000,64640100.3,473604,Philadelphia 76ers,23,PHI,Pennsylvania,East,Atlantic,35,31,0.53,93.6,89.4,3.59,Evan Turner,SF,23,4947840,5614670,65,20,26.4,4,9.1,0.446,0.2,0.8,0.224,3.9,8.3,0.466,0.455,1.1,1.7,0.676,0.4,5.4,5.8,2.8,0.6,0.3,1.6,1.8,9.4,1713,12.6,0.478,0.083,0.183,1.7,22.8,12.2,16.9,1.2,0.9,14.1,20.3,-0.6,3,2.4,0.068,-3.3,1.5,-1.8,0.1
2011/2012,58044000,64640100.3,473604,Golden State Warriors,10,GSW,California,West,Pacific,23,43,0.348,97.8,101.2,-2.79,Jeremy Tyler,C,20,650000,737601,42,23,13.5,2.1,5,0.421,0,0,0,2.1,5,0.423,0.421,0.7,1.2,0.558,1.3,2,3.3,0.4,0.4,0.5,0.9,2,4.9,568,10.4,0.442,0.005,0.249,10.8,17.1,14,4.5,1.5,2.7,13.4,21.8,-0.5,0.4,-0.2,-0.014,-5.3,-1.6,-7,-0.7
2011/2012,58044000,64640100.3,473604,Washington Wizards,30,WAS,Washington DC,East,Southeast,20,46,0.303,93.6,98.4,-5.14,0,SF,25,#N/A,#N/A,4,0,13,1.3,4.5,0.278,0.3,1.3,0.2,1,3.3,0.308,0.306,0.8,0.8,1,0.5,2,2.5,0.3,0.3,0.3,0.3,0.3,3.5,52,7.3,0.362,0.278,0.167,4.3,17.5,10.9,2.9,1,1.5,4.9,17.5,-0.1,0,0,-0.026,-6,-2.8,-8.8,-0.1
2011/2012,58044000,64640100.3,473604,#N/A,#N/A,TOT,#N/A,#N/A,#N/A,#N/A,#N/A,#N/A,#N/A,#N/A,#N/A,Ekpe Udoh,C,24,3294960,3739028,61,11,21.1,2.1,4.8,0.431,0,0,0,2.1,4.8,0.433,0.431,1.4,1.9,0.754,1.6,2.5,4.2,0.9,0.7,1.7,0.9,2.9,5.6,1290,12.5,0.493,0.007,0.386,8.6,13.5,11,6.4,1.6,6,13.3,14,0.9,1.2,2.1,0.077,-2.6,2.8,0.2,0.7
2011/2012,58044000,64640100.3,473604,Golden State Warriors,10,GSW,California,West,Pacific,23,43,0.348,97.8,101.2,-2.79,Ekpe Udoh,C,24,3294960,3739028,38,6,21.8,2.2,4.9,0.443,0,0,,2.2,4.9,0.443,0.443,1.2,1.7,0.719,1.5,2.3,3.9,0.8,0.7,1.7,0.9,3,5.5,827,11.5,0.493,0,0.346,8,12.2,10.1,5.5,1.6,6,14.1,13.8,0.3,0.6,0.9,0.054,-3,2.5,-0.5,0.3
2011/2012,58044000,64640100.3,473604,Milwaukee Bucks,17,MIL,Wisconsin,East,Central,31,35,0.47,99,98.7,-0.23,Ekpe Udoh,C,24,3294960,3739028,23,5,20.1,2,4.8,0.409,0,0.1,0,2,4.7,0.417,0.409,1.7,2.2,0.8,1.8,2.8,4.7,1.1,0.7,1.6,0.8,2.6,5.7,463,14.3,0.492,0.018,0.455,9.7,15.9,12.7,8.1,1.7,6,12,14.3,0.5,0.6,1.1,0.119,-1.9,3.4,1.5,0.4
2011/2012,58044000,64640100.3,473604,Milwaukee Bucks,17,MIL,Wisconsin,East,Central,31,35,0.47,99,98.7,-0.23,Beno Udrih,SG,29,6925400,7858749,59,0,18.3,2.5,5.6,0.44,0.3,1,0.288,2.2,4.6,0.473,0.465,0.7,0.9,0.709,0.4,1.3,1.7,3.8,0.6,0,1.3,1.2,5.9,1080,13.1,0.488,0.178,0.166,2.6,8,5.2,32.2,1.8,0.1,17.8,17.7,0.8,0.6,1.4,0.061,-1.1,-2.4,-3.5,-0.4
2011/2012,58044000,64640100.3,473604,#N/A,#N/A,TOT,#N/A,#N/A,#N/A,#N/A,#N/A,#N/A,#N/A,#N/A,#N/A,Ben Uzoh,PG,23,61433,69712,18,8,20.6,1.9,5.5,0.354,0,0.1,0,1.9,5.4,0.357,0.354,0.6,1.1,0.579,1.1,2.7,3.7,3.4,0.9,0.2,1.1,1.7,4.5,370,10.9,0.377,0.01,0.192,6,15.1,10.6,26.8,2.5,0.7,15,16.1,-0.2,0.4,0.2,0.032,-2.8,1.6,-1.2,0.1
2011/2012,58044000,64640100.3,473604,Cleveland Cavaliers,6,CLE,Ohio,East,Central,21,45,0.318,93,100.2,-7.34,Ben Uzoh,PG,23,61433,69712,2,0,6.5,1,2.5,0.4,0,0,,1,2.5,0.4,0.4,0,0,,1,1,2,1,0.5,0,0,0.5,2,13,21,0.4,0,0,16.9,18.2,17.5,27.8,4,0,0,17.3,0,0,0,0.161,2.8,1.6,4.5,0
2011/2012,58044000,64640100.3,473604,Toronto Raptors,28,TOR,Ontario,East,Atlantic,23,43,0.348,90.7,94,-3.67,Ben Uzoh,PG,23,61433,69712,16,8,22.3,2.1,5.9,0.351,0,0.1,0,2.1,5.8,0.355,0.351,0.7,1.2,0.579,1.1,2.9,3.9,3.7,1,0.2,1.2,1.9,4.8,357,10.5,0.376,0.011,0.202,5.6,15,10.3,26.7,2.4,0.7,15.7,16,-0.2,0.4,0.2,0.027,-3,1.6,-1.4,0.1
2011/2012,58044000,64640100.3,473604,Cleveland Cavaliers,6,CLE,Ohio,East,Central,21,45,0.318,93,100.2,-7.34,Anderson Varejao,C,29,7700000,8737744,25,25,31.4,4.6,8.9,0.514,0,0.2,0,4.6,8.7,0.523,0.514,1.7,2.6,0.672,4.4,7.1,11.5,1.7,1.4,0.7,1.8,2.5,10.8,785,18.9,0.542,0.018,0.288,15.2,26.8,20.8,9.7,2.3,1.6,15.2,16.9,1.2,0.9,2.1,0.131,0.4,1.7,2.1,0.8
2011/2012,58044000,64640100.3,473604,New Orleans Hornets,19,NOH,Louisiana,West,Southwest,21,45,0.318,89.6,93.4,-3.11,Greivis Vasquez,SG,25,1113600,1263682,66,26,25.8,3.4,7.9,0.43,0.7,2,0.319,2.8,5.9,0.469,0.471,1.5,1.8,0.821,0.3,2.3,2.6,5.4,0.9,0.1,2.2,1.9,8.9,1706,14.2,0.513,0.258,0.224,1.6,10.3,6,35.7,1.9,0.4,20.5,20,1,1.3,2.3,0.064,-0.1,-1.5,-1.6,0.2
2011/2012,58044000,64640100.3,473604,Washington Wizards,30,WAS,Washington DC,East,Southeast,20,46,0.303,93.6,98.4,-5.14,Jan Vesely,PF,21,3065040,3478121,57,20,18.9,2.1,3.8,0.537,0,0,0,2.1,3.8,0.539,0.537,0.6,1.1,0.532,1.8,2.6,4.4,0.8,0.7,0.6,1.1,2.7,4.7,1078,11.5,0.544,0.005,0.284,10.5,15.6,13,6.7,1.9,2.3,19.7,12.7,0.7,1,1.7,0.076,-1.6,1.4,-0.2,0.5
2011/2012,58044000,64640100.3,473604,Detroit Pistons,9,DET,Michigan,East,Central,25,41,0.379,90.9,95.7,-5.19,Charlie Villanueva,PF,27,7540000,8556180,13,0,13.8,2.7,7,0.385,1.2,3.5,0.333,1.5,3.5,0.435,0.467,0.5,0.5,0.857,0.7,3,3.7,0.5,0.5,0.4,0.5,1.9,7,180,16.2,0.484,0.495,0.077,5.8,26.8,15.9,6.4,2.1,2.2,6.9,26,0.1,0.3,0.4,0.096,-0.2,-2.3,-2.5,0
2011/2012,58044000,64640100.3,473604,Philadelphia 76ers,23,PHI,Pennsylvania,East,Atlantic,35,31,0.53,93.6,89.4,3.59,Nikola Vucevic,C,21,1645400,1867153,51,15,15.9,2.6,5.7,0.45,0.1,0.2,0.375,2.5,5.5,0.452,0.455,0.4,0.7,0.529,1.7,3.1,4.8,0.6,0.4,0.7,0.6,2.2,5.5,812,14.3,0.462,0.027,0.117,12,21.7,16.8,6.2,1.3,3.1,9.7,19.6,0.2,1.6,1.8,0.109,-3.2,1.1,-2.1,0
2011/2012,58044000,64640100.3,473604,Miami Heat,16,MIA,Florida,East,Southeast,46,20,0.697,98.5,92.5,5.72,Dwyane Wade,SG,30,15691000,17805707,49,49,33.2,8.5,17.1,0.497,0.3,1.1,0.268,8.2,15.9,0.513,0.506,4.8,6.1,0.791,1.5,3.3,4.8,4.6,1.7,1.3,2.6,2.2,22.1,1625,26.3,0.559,0.067,0.355,5.6,11.6,8.7,27.3,2.7,3.1,11.8,31.3,4.8,2.9,7.7,0.227,4.5,1.8,6.3,3.4
2011/2012,58044000,64640100.3,473604,Orlando Magic,22,ORL,Florida,East,Southeast,37,29,0.561,94.2,93.4,0.46,Von Wafer,SG,26,992680,1126465,33,1,14.2,2.2,4.8,0.452,0.4,1.2,0.359,1.7,3.6,0.483,0.497,1.2,1.6,0.704,0.2,1.2,1.4,0.9,0.3,0.1,1.1,0.8,5.9,469,11.4,0.537,0.248,0.344,1.5,9.7,5.5,11,1.1,0.5,16.2,21.6,0.1,0.3,0.4,0.042,-2.8,-1.9,-4.6,-0.3
2011/2012,58044000,64640100.3,473604,New York Knicks,20,NYK,New York,East,Atlantic,36,30,0.545,97.8,94.7,2.39,Henry Walker,SG,24,885120,1004409,32,8,19.4,2.1,5.3,0.398,1.1,3.5,0.319,1,1.8,0.552,0.503,0.5,0.6,0.85,0.3,2.2,2.5,1.2,0.6,0.2,1.1,2.6,5.9,620,8.2,0.526,0.661,0.117,1.7,13.4,7.5,9.4,1.6,0.9,16.3,15.5,0.1,0.8,0.9,0.067,-1.3,0.1,-1.3,0.1
2011/2012,58044000,64640100.3,473604,Charlotte Bobcats,4,CHA,North Carolina,East,Southeast,7,59,0.106,87,100.9,-13.96,Kemba Walker,PG,21,2356320,2673885,66,25,27.2,4.3,11.6,0.366,1,3.4,0.305,3.2,8.2,0.392,0.411,2.5,3.2,0.789,0.5,3.1,3.5,4.4,0.9,0.3,1.8,1.2,12.1,1792,14.9,0.464,0.295,0.278,1.9,13.5,7.5,30.2,1.8,0.8,12.1,25.2,-0.2,0.5,0.3,0.009,0.6,-1.8,-1.2,0.3
2011/2012,58044000,64640100.3,473604,Washington Wizards,30,WAS,Washington DC,East,Southeast,20,46,0.303,93.6,98.4,-5.14,John Wall,PG,21,5530080,6275379,66,66,36.2,5.7,13.5,0.423,0,0.6,0.071,5.7,12.9,0.44,0.424,4.8,6.1,0.789,0.7,3.8,4.5,8,1.4,0.9,3.9,2.1,16.3,2386,17.7,0.502,0.047,0.45,2.3,12,7.1,36.9,2.1,1.8,19.2,24.9,1.7,1.9,3.5,0.071,0.5,0.1,0.6,1.6
2011/2012,58044000,64640100.3,473604,Detroit Pistons,9,DET,Michigan,East,Central,25,41,0.379,90.9,95.7,-5.19,Ben Wallace,C,37,2246400,2549151,62,11,15.8,0.5,1.4,0.395,0,0.1,0.25,0.5,1.3,0.402,0.401,0.3,0.8,0.34,1.3,3,4.3,0.7,0.8,0.8,0.5,1,1.4,980,10.7,0.398,0.047,0.547,9.6,23.7,16.4,6.4,2.6,4.1,24.2,6.6,-0.1,1.6,1.4,0.07,-3.7,4.5,0.8,0.7
2011/2012,58044000,64640100.3,473604,#N/A,#N/A,TOT,#N/A,#N/A,#N/A,#N/A,#N/A,#N/A,#N/A,#N/A,#N/A,Gerald Wallace,SF,29,9500000,10780333,58,58,35.8,4.9,10.9,0.454,0.8,2.6,0.307,4.2,8.3,0.5,0.491,3.1,3.9,0.8,1.5,5.2,6.7,2.8,1.5,0.6,1.9,2.5,13.8,2076,15.9,0.547,0.237,0.356,4.8,17.2,10.8,13.2,2.2,1.3,13.2,18.6,3,1.8,4.8,0.112,0.8,1.1,1.9,2.1
2011/2012,58044000,64640100.3,473604,Portland Trail Blazers,25,POR,Oregon,West,Northwest,28,38,0.424,97.2,97.8,-0.22,Gerald Wallace,SF,29,9500000,10780333,42,42,35.8,4.8,10.2,0.472,0.6,2.3,0.265,4.2,7.9,0.533,0.502,3,3.8,0.776,1.5,5.1,6.6,2.7,1.5,0.6,2,2.5,13.3,1503,15.5,0.556,0.228,0.374,4.8,17,10.7,12.4,2.2,1.3,14.4,17.8,2,1.4,3.5,0.111,0.8,1.5,2.2,1.6
2011/2012,58044000,64640100.3,473604,New Jersey Nets,3,NJN,New Jersey,East,Atlantic,22,44,0.333,93.1,99.1,-6.37,Gerald Wallace,SF,29,9500000,10780333,16,16,35.8,5.3,12.6,0.416,1.3,3.3,0.385,4,9.4,0.427,0.465,3.4,4,0.859,1.5,5.3,6.8,3.1,1.4,0.7,1.7,2.4,15.2,573,17.2,0.528,0.257,0.317,4.7,17.7,11,15.1,2.1,1.5,10.5,20.5,1,0.4,1.4,0.113,1,0.2,1.2,0.5
2011/2012,58044000,64640100.3,473604,#N/A,#N/A,TOT,#N/A,#N/A,#N/A,#N/A,#N/A,#N/A,#N/A,#N/A,#N/A,Luke Walton,PF-SF,31,5680000,6445504,30,0,12.1,0.8,2.2,0.369,0.2,0.7,0.35,0.6,1.5,0.378,0.423,0,0,,0.4,1.2,1.6,1.2,0.2,0,0.9,1.4,1.8,364,3.4,0.423,0.308,0,4,11.4,7.6,14.8,0.7,0.2,29.3,11.4,-0.4,0.1,-0.4,-0.05,-5.3,-1.3,-6.7,-0.4
2011/2012,58044000,64640100.3,473604,Los Angeles Lakers,14,LAL,California,West,Pacific,41,25,0.621,97.3,95.9,1.96,Luke Walton,SF,31,5680000,6445504,9,0,7.2,0.7,1.6,0.429,0,0.4,0,0.7,1.1,0.6,0.429,0,0,,0.7,0.9,1.6,0.6,0.2,0,0.2,1,1.3,65,8.9,0.429,0.286,0,10.8,13.1,12,11.6,1.6,0,12.5,11.3,0,0.1,0.1,0.072,-1.5,0,-1.5,0
2011/2012,58044000,64640100.3,473604,Cleveland Cavaliers,6,CLE,Ohio,East,Central,21,45,0.318,93,100.2,-7.34,Luke Walton,PF,31,5680000,6445504,21,0,14.2,0.9,2.4,0.353,0.3,0.8,0.438,0.5,1.7,0.314,0.422,0,0,,0.3,1.3,1.7,1.4,0.1,0,1.2,1.5,2,299,2.2,0.422,0.314,0,2.6,11.1,6.7,15.5,0.5,0.3,32.9,11.4,-0.5,0,-0.5,-0.076,-6.2,-1.6,-7.8,-0.4
2011/2012,58044000,64640100.3,473604,Phoenix Suns,24,PHO,Arizona,West,Pacific,33,33,0.5,98.4,98.6,0.29,Hakim Warrick,PF,29,4000000,4539087,35,0,14.4,2.1,5.1,0.411,0,0.3,0.1,2.1,4.9,0.429,0.414,2.2,2.8,0.768,0.9,1.7,2.6,0.9,0.2,0.1,1,1,6.4,503,13.1,0.503,0.056,0.55,7,13.5,10.3,9.3,0.8,0.4,13.9,23.4,0.3,0.2,0.5,0.05,-2.4,-1.8,-4.2,-0.3
2011/2012,58044000,64640100.3,473604,New Orleans Hornets,19,NOH,Louisiana,West,Southwest,21,45,0.318,89.6,93.4,-3.11,Darryl Watkins,C,27,#N/A,#N/A,5,0,19.6,1.4,2.8,0.5,0,0,,1.4,2.8,0.5,0.5,1.8,3.6,0.5,1.6,3.8,5.4,0.6,1,0.8,1.6,2.8,4.6,98,10.8,0.525,0,1.286,9.9,22.7,16.4,4.7,2.8,3.4,26.7,14.4,-0.1,0.2,0.1,0.056,-4.6,2.8,-1.8,0
2011/2012,58044000,64640100.3,473604,Chicago Bulls,5,CHI,Illinois,East,Central,50,16,0.758,96.3,88.2,7.43,CJ Watson,PG,27,3400000,3858224,49,25,23.7,3.3,8.9,0.368,1.4,3.5,0.393,1.9,5.4,0.352,0.446,1.7,2.1,0.808,0.4,1.7,2.1,4.1,0.9,0.2,2,2.1,9.7,1159,13.3,0.491,0.396,0.238,2.1,7.9,5.1,27.2,2.1,0.5,16.7,22.8,0.8,1.8,2.6,0.109,0.4,-0.5,-0.1,0.5
2011/2012,58044000,64640100.3,473604,Utah Jazz,29,UTA,Utah,West,Northwest,36,30,0.545,99.7,99,0.92,Earl Watson,PG,32,2000000,2269543,50,2,20.7,1.1,3.2,0.338,0.2,1,0.192,0.9,2.2,0.407,0.369,0.6,0.9,0.674,0.6,1.8,2.4,4.3,1.1,0.4,1.7,2.1,3,1033,9.5,0.413,0.325,0.288,3.3,10.2,6.7,28.9,2.7,1.7,32,11.5,-0.6,0.9,0.4,0.018,-2.5,1,-1.5,0.1
2011/2012,58044000,64640100.3,473604,Minnesota Timberwolves,18,MIN,Minnesota,West,Northwest,26,40,0.394,97.9,100.1,-1.83,Martell Webster,SF,25,5256000,5964361,47,26,24.3,2.4,5.8,0.423,0.8,2.3,0.339,1.7,3.5,0.479,0.491,1.2,1.5,0.792,0.9,2.7,3.6,0.9,0.7,0.4,1,1.8,6.9,1140,10,0.533,0.401,0.265,4.1,12.3,8.2,5.5,1.4,1.1,13.2,13.6,0.8,0.7,1.5,0.064,-1,0.6,-0.4,0.5
2011/2012,58044000,64640100.3,473604,Indiana Pacers,12,IND,Indiana,East,Central,42,24,0.636,97.7,94.4,2.6,David West,PF,31,10000000,11347719,66,66,29.2,5.3,10.8,0.487,0,0.1,0.222,5.3,10.7,0.491,0.489,2.2,2.7,0.807,1.8,4.8,6.6,2.1,0.8,0.7,1.4,2.4,12.8,1925,17.8,0.531,0.013,0.246,6.9,18.3,12.6,13.1,1.4,1.9,10.5,20.9,3.4,2.5,5.9,0.147,0.7,1,1.7,1.8
2011/2012,58044000,64640100.3,473604,Dallas Mavericks,7,DAL,Texas,West,Southwest,36,30,0.545,95.8,94.8,1.78,Delonte West,PG,28,1146337,1300831,44,33,24.1,3.8,8.2,0.461,0.6,1.7,0.355,3.2,6.5,0.489,0.499,1.4,1.6,0.886,0.3,2,2.3,3.2,1.3,0.3,1.7,1.5,9.6,1060,15.3,0.539,0.211,0.194,1.4,9.3,5.4,22.2,2.9,0.8,16.3,20.4,0.8,1.4,2.2,0.098,-0.3,0.7,0.5,0.7
2011/2012,58044000,64640100.3,473604,Oklahoma City Thunder,21,OKC,Oklahoma,West,Northwest,47,19,0.712,103.1,96.9,6.44,Russell Westbrook,PG,23,5082416,5767383,66,66,35.3,8.8,19.2,0.457,0.9,3,0.316,7.8,16.2,0.482,0.481,5.2,6.3,0.823,1.5,3.1,4.6,5.5,1.7,0.3,3.6,2.2,23.6,2331,22.9,0.538,0.155,0.326,5,9.4,7.4,29.8,2.5,0.7,14.2,32.7,5.5,2.4,7.9,0.163,3.7,-0.5,3.2,3
2011/2012,58044000,64640100.3,473604,Charlotte Bobcats,4,CHA,North Carolina,East,Southeast,7,59,0.106,87,100.9,-13.96,DJ White,PF,25,2001167,2270868,58,11,18.9,3,6.1,0.493,0,0,1,3,6.1,0.491,0.494,0.7,1.1,0.705,0.9,2.7,3.6,0.8,0.3,0.4,0.7,1.6,6.8,1098,12.4,0.516,0.003,0.173,5,17.2,10.9,8.1,0.8,1.6,10.2,17.8,0.5,0.3,0.8,0.034,-3.1,-1.5,-4.6,-0.7
2011/2012,58044000,64640100.3,473604,Sacramento Kings,26,SAC,California,West,Pacific,22,44,0.333,98.8,104.4,-4.95,Hassan Whiteside,C,22,762195,864917,18,0,6.1,0.7,1.5,0.444,0,0,,0.7,1.5,0.444,0.444,0.3,0.7,0.417,0.9,1.3,2.2,0,0.2,0.8,0.3,0.7,1.6,109,16.2,0.449,0,0.444,15.4,24.3,19.6,0,1.4,10,13.4,14.8,0,0.2,0.2,0.073,-6.4,-0.3,-6.7,-0.1
2011/2012,58044000,64640100.3,473604,Boston Celtics,2,BOS,Massachusetts,East,Atlantic,39,27,0.591,91.8,89.3,2.26,Chris Wilcox,C,29,3000000,3404315,28,4,17.2,2.3,3.8,0.598,0,0,,2.3,3.8,0.598,0.598,0.9,1.4,0.615,1.4,3,4.4,0.4,0.4,0.3,1.1,2.3,5.4,481,12.4,0.612,0,0.364,9.8,19.7,14.9,4.1,1.2,1.4,19.5,15.4,0.4,0.9,1.3,0.132,-2.5,0.9,-1.6,0
2011/2012,58044000,64640100.3,473604,Detroit Pistons,9,DET,Michigan,East,Central,25,41,0.379,90.9,95.7,-5.19,Damien Wilkins,SF,32,1146337,1300831,60,2,15.4,1.3,3.2,0.394,0.1,0.4,0.304,1.2,2.8,0.406,0.412,0.6,0.9,0.63,0.4,1.3,1.7,0.7,0.5,0.2,0.5,1.4,3.2,922,6.9,0.445,0.119,0.28,2.8,10.4,6.5,7.5,1.7,1.1,12.2,12.4,-0.2,0.6,0.4,0.019,-3.8,-0.2,-3.9,-0.5
2011/2012,58044000,64640100.3,473604,New Jersey Nets,3,NJN,New Jersey,East,Atlantic,22,44,0.333,93.1,99.1,-6.37,Deron Williams,PG,27,16359805,18564648,55,55,36.3,7.1,17.5,0.407,2.1,6.2,0.336,5,11.3,0.446,0.467,4.7,5.5,0.843,0.4,2.9,3.3,8.7,1.2,0.4,4,2.2,21,1999,20.3,0.527,0.356,0.317,1.3,9.6,5.3,46.6,1.8,0.8,16.7,30.1,3.7,0.4,4.1,0.099,4.9,-2.8,2.1,2.1
2011/2012,58044000,64640100.3,473604,Minnesota Timberwolves,18,MIN,Minnesota,West,Northwest,26,40,0.394,97.9,100.1,-1.83,Derrick Williams,PF,20,4602720,5223037,66,15,21.5,3.1,7.5,0.412,0.6,2.1,0.268,2.5,5.5,0.467,0.449,2.1,3,0.697,1.2,3.5,4.7,0.6,0.5,0.5,1.2,1.4,8.8,1418,12.9,0.499,0.277,0.392,6,18.4,12.2,4.5,1.1,1.6,11.7,20.7,0.6,1.2,1.8,0.059,-2.3,-0.8,-3.1,-0.4
2011/2012,58044000,64640100.3,473604,Portland Trail Blazers,25,POR,Oregon,West,Northwest,28,38,0.424,97.2,97.8,-0.22,Elliot Williams,SG,22,1348800,1530580,24,0,6.2,1.5,3.1,0.5,0.3,1.1,0.296,1.2,2,0.617,0.554,0.3,0.8,0.333,0.3,0.5,0.8,0.3,0.3,0.1,0.2,0.8,3.7,149,18.8,0.537,0.365,0.243,5.4,9.6,7.4,8,2.1,1.6,5.8,26.7,0.2,0.1,0.3,0.105,1.9,-3.3,-1.4,0
2011/2012,58044000,64640100.3,473604,New Jersey Nets,3,NJN,New Jersey,East,Atlantic,22,44,0.333,93.1,99.1,-6.37,Jordan Williams,C,21,473604,537432,43,5,14.8,1.8,3.5,0.507,0,0,,1.8,3.5,0.507,0.507,1,1.5,0.652,1.5,2.1,3.6,0.3,0.5,0.3,0.5,1.4,4.6,635,14.5,0.544,0,0.434,11.7,16.9,14.3,2.9,1.8,1.8,11.3,14.7,1,0.4,1.3,0.101,-1.9,-1.1,-3.1,-0.2
2011/2012,58044000,64640100.3,473604,Philadelphia 76ers,23,PHI,Pennsylvania,East,Atlantic,35,31,0.53,93.6,89.4,3.59,Louis Williams,PG,25,5176000,5873579,64,0,26.3,5,12.2,0.407,1.3,3.6,0.362,3.7,8.6,0.425,0.46,3.7,4.6,0.812,0.5,2,2.4,3.5,0.8,0.3,1.1,1.4,14.9,1682,20.2,0.525,0.293,0.373,2,8.3,5.1,22.4,1.7,0.8,7.2,27.4,3.9,2.2,6.1,0.174,3.4,-1.5,1.9,1.7
2011/2012,58044000,64640100.3,473604,Atlanta Hawks,1,ATL,Georgia,East,Southeast,40,26,0.606,96.6,93.2,2.67,Marvin Williams,SF,25,7500000,8510789,57,37,26.3,3.6,8.2,0.432,1,2.6,0.389,2.5,5.6,0.452,0.494,2,2.6,0.788,1.3,3.8,5.2,1.2,0.8,0.3,0.7,1.5,10.2,1500,15.8,0.542,0.317,0.311,6,16.9,11.5,7.7,1.7,0.9,6.8,18,2.7,2.1,4.9,0.156,0.8,0.2,1,1.1
2011/2012,58044000,64640100.3,473604,Los Angeles Clippers,13,LAC,California,West,Pacific,40,26,0.606,97.5,95,2.82,Maurice Williams,SG,29,8500000,9645561,52,1,28.3,5,11.8,0.426,1.8,4.6,0.389,3.2,7.2,0.449,0.502,1.4,1.5,0.9,0.4,1.5,1.9,3.1,1,0.1,1.7,2,13.2,1472,15,0.53,0.391,0.131,1.8,6.2,4,18.5,1.9,0.4,11.7,22.9,2.2,0.7,2.8,0.093,1.7,-2.2,-0.5,0.5
2011/2012,58044000,64640100.3,473604,Charlotte Bobcats,4,CHA,North Carolina,East,Southeast,7,59,0.106,87,100.9,-13.96,Reggie Williams,SF,25,2500000,2836929,33,13,22.6,3.2,7.7,0.416,1,3.2,0.308,2.2,4.5,0.493,0.48,0.9,1.2,0.725,0.8,2,2.8,1.8,0.6,0.1,1,1,8.3,747,12.4,0.503,0.42,0.157,4,10.5,7.1,14.7,1.4,0.3,10.8,18.9,0.3,0,0.3,0.022,0,-2.5,-2.5,-0.1
2011/2012,58044000,64640100.3,473604,#N/A,#N/A,TOT,#N/A,#N/A,#N/A,#N/A,#N/A,#N/A,#N/A,#N/A,#N/A,Sean Williams,C,25,885120,1004409,11,0,9.7,1.3,2,0.636,0,0,,1.3,2,0.636,0.636,1.1,1.2,0.923,1.2,1.1,2.3,0.5,0.4,0.7,0.9,1.6,3.6,107,18.7,0.722,0,0.591,14.1,12.6,13.4,7.4,2,5.9,26.5,16.5,0.2,0.2,0.4,0.199,0,3.7,3.6,0.2
2011/2012,58044000,64640100.3,473604,Dallas Mavericks,7,DAL,Texas,West,Southwest,36,30,0.545,95.8,94.8,1.78,Sean Williams,C,25,885120,1004409,8,0,8.1,1.5,2,0.75,0,0,,1.5,2,0.75,0.75,0.6,0.8,0.833,1.1,0.5,1.6,0.3,0.1,0.6,0.9,1.8,3.6,65,18.8,0.778,0,0.375,15.7,6.9,11.2,5.5,0.8,6.1,27.3,18.3,0.2,0.1,0.2,0.182,1.1,1.7,2.7,0.1
2011/2012,58044000,64640100.3,473604,Boston Celtics,2,BOS,Massachusetts,East,Atlantic,39,27,0.591,91.8,89.3,2.26,Sean Williams,C,25,885120,1004409,3,0,14,0.7,2,0.333,0,0,,0.7,2,0.333,0.333,2.3,2.3,1,1.3,2.7,4,1,1,1,1,1.3,3.7,42,18.6,0.606,0,1.167,11.8,21.4,16.8,10.4,3.8,5.5,24.8,13.8,0.1,0.1,0.2,0.226,-1.7,6.7,5.1,0.1
2011/2012,58044000,64640100.3,473604,New Jersey Nets,3,NJN,New Jersey,East,Atlantic,22,44,0.333,93.1,99.1,-6.37,Shawne Williams,SF,25,3000000,3404315,25,6,20.6,1.7,5.9,0.286,0.8,3.5,0.241,0.8,2.4,0.35,0.357,0.3,0.4,0.727,0.8,1.9,2.7,0.6,0.4,0.4,0.5,1.8,4.5,514,4.9,0.372,0.592,0.075,4.4,11.2,7.7,4.9,1,1.6,7.9,14.7,-0.5,0.1,-0.4,-0.041,-3.7,-1.8,-5.5,-0.5
2011/2012,58044000,64640100.3,473604,New Jersey Nets,3,NJN,New Jersey,East,Atlantic,22,44,0.333,93.1,99.1,-6.37,Shelden Williams,C,28,992680,1126465,58,35,22,1.7,3.5,0.478,0,0,,1.7,3.5,0.478,0.478,1.3,1.8,0.731,2.4,3.6,6,0.6,0.8,0.7,1.1,2.6,4.6,1276,11.9,0.543,0,0.517,12.5,19.6,15.9,4.3,2,2.3,21.1,11.2,1.1,1,2.1,0.078,-2.3,1.2,-1.1,0.3
2011/2012,58044000,64640100.3,473604,#N/A,#N/A,TOT,#N/A,#N/A,#N/A,#N/A,#N/A,#N/A,#N/A,#N/A,#N/A,Terrence Williams,SG,24,2369040,2688320,30,0,18.3,2.8,6.6,0.429,0.5,1.5,0.348,2.3,5.1,0.454,0.47,0.9,1.5,0.587,0.4,3,3.4,2.2,0.7,0.2,1.4,1.2,7.1,550,13.1,0.488,0.232,0.232,2.5,18.7,10.3,19.2,1.9,0.9,16.5,20.9,-0.1,0.4,0.3,0.029,-2.1,-0.5,-2.5,-0.1
2011/2012,58044000,64640100.3,473604,Houston Rockets,11,HOU,Texas,West,Southwest,34,32,0.515,98.1,97.9,0.57,Terrence Williams,SG,24,2369040,2688320,12,0,15.1,1.7,4.8,0.351,0.7,1.6,0.421,1,3.2,0.316,0.421,0.5,1,0.5,0.2,2.2,2.3,0.8,0.3,0.1,0.8,1.3,4.5,181,6.2,0.434,0.333,0.211,1.3,16.8,9,8.3,1.2,0.4,13.8,18.1,-0.2,0.1,-0.1,-0.019,-4.8,-1.2,-5.9,-0.2
2011/2012,58044000,64640100.3,473604,Sacramento Kings,26,SAC,California,West,Pacific,22,44,0.333,98.8,104.4,-4.95,Terrence Williams,SG,24,2369040,2688320,18,0,20.5,3.6,7.8,0.461,0.4,1.5,0.296,3.2,6.3,0.5,0.489,1.2,1.9,0.618,0.6,3.5,4.1,3.1,0.9,0.3,1.8,1.1,8.8,369,16.5,0.51,0.191,0.241,3.1,19.7,11,24.6,2.2,1.2,17.5,22.2,0.2,0.2,0.4,0.052,-0.7,-0.1,-0.8,0.1
2011/2012,58044000,64640100.3,473604,Los Angeles Lakers,14,LAL,California,West,Pacific,41,25,0.621,97.3,95.9,1.96,Metta World Peace,SF,32,6790640,7705827,64,45,26.9,2.9,7.3,0.394,0.9,3,0.296,2,4.3,0.46,0.454,1.1,1.8,0.617,1.1,2.3,3.4,2.2,1.1,0.4,1.1,2.1,7.7,1720,11,0.478,0.406,0.247,4.8,9.1,7.1,12.5,2.1,1.1,11.8,15.6,0.9,1.7,2.6,0.073,-0.2,0.7,0.5,1.1
2011/2012,58044000,64640100.3,473604,Dallas Mavericks,7,DAL,Texas,West,Southwest,36,30,0.545,95.8,94.8,1.78,Brandan Wright,C,24,915852,1039283,49,0,16.1,2.9,4.8,0.618,0,0,0,2.9,4.7,0.621,0.618,1.1,1.7,0.634,1.3,2.3,3.6,0.3,0.4,1.3,0.4,1.2,6.9,791,21.6,0.632,0.004,0.352,8.9,15.8,12.4,2.9,1.5,6.4,7.2,17,2.2,1.3,3.5,0.215,0.2,2.4,2.6,0.9
2011/2012,58044000,64640100.3,473604,Golden State Warriors,10,GSW,California,West,Pacific,23,43,0.348,97.8,101.2,-2.79,Chris Wright,SF,23,473604,537432,24,1,7.8,1,1.9,0.511,0,0,,1,1.9,0.511,0.511,1,1.3,0.774,0.8,1.1,1.9,0.2,0.3,0.5,0.3,0.9,2.9,186,18.6,0.597,0,0.689,11.6,15.8,13.7,3.3,2,5.4,12,16.5,0.5,0.2,0.6,0.163,-1.2,0.5,-0.6,0.1
2011/2012,58044000,64640100.3,473604,Golden State Warriors,10,GSW,California,West,Pacific,23,43,0.348,97.8,101.2,-2.79,Dorell Wright,SF,26,3823000,4338233,61,61,27,3.6,8.6,0.422,1.7,4.8,0.36,1.9,3.8,0.5,0.522,1.3,1.6,0.816,1,3.6,4.6,1.5,1,0.4,0.8,1.6,10.3,1650,15,0.553,0.555,0.186,4.1,14.9,9.6,8.8,1.8,1.2,8.2,17.3,2.6,0.8,3.4,0.099,1.8,-0.9,0.9,1.2
2011/2012,58044000,64640100.3,473604,#N/A,#N/A,TOT,#N/A,#N/A,#N/A,#N/A,#N/A,#N/A,#N/A,#N/A,#N/A,Nick Young,SG,26,3695857,4193954,62,35,27.9,5.1,12.6,0.403,1.7,4.5,0.365,3.4,8.1,0.424,0.469,2.3,2.7,0.852,0.5,1.6,2.1,0.9,0.7,0.3,1.3,2.3,14.2,1729,12.9,0.512,0.36,0.216,2,6.8,4.4,5.7,1.3,0.8,8.8,24.5,1.4,0.6,1.9,0.053,0,-3.4,-3.4,-0.6
2011/2012,58044000,64640100.3,473604,Washington Wizards,30,WAS,Washington DC,East,Southeast,20,46,0.303,93.6,98.4,-5.14,Nick Young,SG,26,3695857,4193954,40,32,30.3,6,14.8,0.406,1.8,4.9,0.371,4.2,9.9,0.424,0.468,2.8,3.3,0.862,0.5,1.9,2.4,1.2,0.8,0.3,1.5,2.3,16.6,1211,14.2,0.513,0.333,0.22,1.8,7.2,4.5,6.8,1.3,0.7,8.3,26.1,1.1,0.4,1.5,0.059,0.6,-3.7,-3.2,-0.4
2011/2012,58044000,64640100.3,473604,Los Angeles Clippers,13,LAC,California,West,Pacific,40,26,0.606,97.5,95,2.82,Nick Young,SG,26,3695857,4193954,22,3,23.5,3.5,8.8,0.394,1.4,3.9,0.353,2.1,4.9,0.426,0.472,1.5,1.8,0.821,0.5,1.1,1.6,0.5,0.6,0.3,1.1,2.3,9.7,518,9.9,0.509,0.44,0.202,2.5,5.8,4.1,3.1,1.5,1,10.2,20.9,0.2,0.2,0.4,0.04,-1.2,-2.7,-3.8,-0.2
2011/2012,58044000,64640100.3,473604,#N/A,#N/A,TOT,#N/A,#N/A,#N/A,#N/A,#N/A,#N/A,#N/A,#N/A,#N/A,Sam Young,SF,26,947800,1075536,35,2,10.7,1.3,3.6,0.354,0.1,0.5,0.294,1.1,3.1,0.364,0.374,0.5,0.7,0.731,0.6,1.2,1.8,0.4,0.5,0.2,0.5,0.7,3.3,375,9.7,0.412,0.134,0.205,6,13.1,9.5,6.2,2.4,1.2,10.4,18.9,-0.3,0.6,0.2,0.03,-4.5,0,-4.5,-0.2
2011/2012,58044000,64640100.3,473604,Memphis Grizzlies,15,MEM,Tennessee,West,Southwest,41,25,0.621,95,93,2.43,Sam Young,SF,26,947800,1075536,21,2,11.4,1.5,4,0.386,0,0.4,0,1.5,3.5,0.432,0.386,0.5,0.6,0.833,0.7,1.3,2,0.4,0.5,0.1,0.4,0.6,3.5,240,10.6,0.419,0.108,0.145,6.7,13.4,10,6,2.4,0.7,9.3,18.4,-0.1,0.3,0.2,0.042,-3.8,-0.4,-4.2,-0.1
2011/2012,58044000,64640100.3,473604,Philadelphia 76ers,23,PHI,Pennsylvania,East,Atlantic,35,31,0.53,93.6,89.4,3.59,Sam Young,SF,26,947800,1075536,14,0,9.6,0.9,3.1,0.295,0.4,0.6,0.625,0.6,2.6,0.222,0.352,0.6,1,0.643,0.4,1.1,1.5,0.4,0.4,0.3,0.5,0.8,2.9,135,8.2,0.399,0.182,0.318,4.9,12.4,8.6,6.5,2.4,2.2,12.2,19.9,-0.2,0.2,0,0.01,-5.7,0.7,-5,-0.1
2011/2012,58044000,64640100.3,473604,Philadelphia 76ers,23,PHI,Pennsylvania,East,Atlantic,35,31,0.53,93.6,89.4,3.59,Thaddeus Young,PF,23,7478261,8486121,63,1,27.9,5.5,10.9,0.507,0,0.1,0.25,5.5,10.8,0.508,0.507,1.8,2.3,0.771,2.2,3,5.2,1.2,1,0.7,0.9,2,12.8,1755,18.9,0.538,0.006,0.21,8.6,12,10.3,7.3,2,1.8,6.8,21.5,3.4,2.9,6.3,0.171,0.7,0.9,1.6,1.6
2010/2011,58044000,65969238.46,473604,Golden State Warriors,10,GSW,California,West,Pacific,36,46,0.439,103.4,105.7,-2,Jeff Adrien,PF,24,342666,402686,23,0,8.5,1,2.3,0.426,0,0,,1,2.3,0.426,0.426,0.5,0.8,0.579,1,1.5,2.5,0.4,0.2,0.2,0.4,1.2,2.5,196,11.3,0.457,0,0.352,13,20.7,16.8,7.3,1,1.9,12.6,16.1,0.1,0.1,0.2,0.051,-3.9,-1.2,-5.1,-0.2
2010/2011,58044000,65969238.46,473604,Denver Nuggets,8,DEN,Colorado,West,Northwest,50,32,0.61,107.5,102.7,4.81,Arron Afflalo,SG,25,1959577,2302809,69,69,33.7,4.5,9.1,0.498,1.5,3.6,0.423,3,5.5,0.546,0.581,2,2.4,0.847,0.7,3,3.6,2.4,0.5,0.4,1,2.2,12.6,2324,13.6,0.62,0.396,0.26,2.3,9.9,6.2,10.9,0.7,1,9.2,14.8,4.8,1.4,6.2,0.128,2.4,-0.2,2.1,2.4
2010/2011,58044000,65969238.46,473604,Minnesota Timberwolves,18,MIN,Minnesota,West,Northwest,17,65,0.207,101.1,107.7,-5.97,Maurice Ager,SG,26,83305,97896,4,0,7.3,1.5,2.8,0.545,0.8,1,0.75,0.8,1.8,0.429,0.682,0,0,,0,0.5,0.5,0.3,0.3,0,1,1,3.8,29,10.1,0.682,0.364,0,0,7.9,3.8,6,1.7,0,26.7,22,0,0,0,-0.015,-2.7,-3.6,-6.3,0
2010/2011,58044000,65969238.46,473604,#N/A,#N/A,TOT,#N/A,#N/A,#N/A,#N/A,#N/A,#N/A,#N/A,#N/A,#N/A,Alexis Ajinca,C,22,1467840,1724941,34,2,10,1.7,3.9,0.444,0.4,1,0.353,1.4,2.9,0.475,0.489,0.4,0.5,0.722,0.5,1.8,2.3,0.3,0.3,0.6,0.5,2.1,4.2,340,12.2,0.507,0.256,0.135,5.9,21.5,13.6,4.8,1.7,4.2,11.3,21.1,0,0.4,0.4,0.052,-3.1,-0.3,-3.4,-0.1
2010/2011,58044000,65969238.46,473604,Dallas Mavericks,7,DAL,Texas,West,Southwest,57,25,0.695,100.2,96,4.41,Alexis Ajinca,C,22,1467840,1724941,10,2,7.5,1.2,3.2,0.375,0.3,0.7,0.429,0.9,2.5,0.36,0.422,0.2,0.3,0.667,0.5,1.2,1.7,0.2,0.3,0.5,0.1,1.3,2.9,75,12.8,0.435,0.219,0.094,8.1,18,13.3,4.3,2.1,5.1,2.9,21.4,0,0.1,0.1,0.084,-3.6,1.5,-2.1,0
2010/2011,58044000,65969238.46,473604,Toronto Raptors,28,TOR,Ontario,East,Atlantic,22,60,0.268,99.1,105.4,-6.28,Alexis Ajinca,C,22,1467840,1724941,24,0,11,2,4.2,0.465,0.4,1.1,0.333,1.6,3.1,0.514,0.51,0.5,0.6,0.733,0.5,2,2.5,0.3,0.3,0.6,0.7,2.5,4.8,265,12,0.53,0.267,0.149,5.2,22.5,13.6,4.9,1.6,4,13.6,21.1,0,0.2,0.2,0.042,-2.9,-0.8,-3.8,-0.1
2010/2011,58044000,65969238.46,473604,Toronto Raptors,28,TOR,Ontario,East,Atlantic,22,60,0.268,99.1,105.4,-6.28,Solomon Alabi,C,22,770000,904870,12,0,4.9,0.3,1.3,0.2,0,0,,0.3,1.3,0.2,0.2,0,0.2,0,0.6,0.6,1.2,0.2,0.2,0.2,0.3,0.4,0.5,59,2,0.189,0,0.133,13.7,14.4,14.1,4.6,1.8,2.6,15.9,14.3,-0.2,0,-0.2,-0.142,-8.2,0,-8.2,-0.1
2010/2011,58044000,65969238.46,473604,Oklahoma City Thunder,21,OKC,Oklahoma,West,Northwest,55,27,0.671,104.8,101,3.81,Cole Aldrich,C,22,2126520,2498993,18,0,7.9,0.4,0.8,0.533,0,0,,0.4,0.8,0.533,0.533,0.1,0.2,0.5,0.7,1.2,1.9,0.2,0.3,0.4,0.4,1.7,1,142,7,0.537,0,0.267,11.1,17.5,14.4,4,1.8,3.6,32.3,7.9,0,0.2,0.2,0.066,-3.4,2.6,-0.8,0
2010/2011,58044000,65969238.46,473604,Portland Trail Blazers,25,POR,Oregon,West,Northwest,48,34,0.585,96.3,94.8,1.85,LaMarcus Aldridge,PF,25,11244000,13213460,81,81,39.6,8.7,17.5,0.5,0,0.3,0.174,8.7,17.2,0.505,0.501,4.3,5.5,0.791,3.4,5.3,8.8,2.1,1,1.2,1.9,2.7,21.8,3211,21.5,0.549,0.016,0.314,10.1,17.2,13.5,10.1,1.4,2.4,8.7,25.7,7.6,3.5,11.1,0.166,1.9,0.5,2.4,3.5
2010/2011,58044000,65969238.46,473604,Orlando Magic,22,ORL,Florida,East,Southeast,52,30,0.634,99.2,93.7,4.92,Malik Allen,PF,32,1229255,1444567,18,0,9.9,0.6,1.7,0.355,0,0,,0.6,1.7,0.355,0.355,0.1,0.1,0.5,0.7,1.1,1.8,0.2,0.1,0.2,0.2,1.7,1.3,178,3.3,0.361,0,0.065,8.1,12.8,10.5,3.3,0.3,1.7,8.6,9.1,-0.1,0.2,0.2,0.046,-5.3,1.4,-3.9,-0.1
2010/2011,58044000,65969238.46,473604,Boston Celtics,2,BOS,Massachusetts,East,Atlantic,56,26,0.683,96.5,91.1,4.83,Ray Allen,SG,35,10000000,11751565,80,80,36.1,6,12.2,0.491,2.1,4.7,0.444,3.9,7.5,0.52,0.577,2.4,2.7,0.881,0.6,2.8,3.4,2.7,1,0.2,1.5,1.8,16.5,2890,16.4,0.615,0.387,0.224,2.3,9,5.8,12.7,1.4,0.4,9.8,19.8,5.8,4.2,10,0.166,3.2,0.4,3.6,4.1
2010/2011,58044000,65969238.46,473604,Memphis Grizzlies,15,MEM,Tennessee,West,Southwest,46,36,0.561,99.9,97.6,2.55,Tony Allen,SG,29,3000000,3525469,72,31,20.8,3.5,6.8,0.51,0.1,0.3,0.174,3.4,6.5,0.527,0.514,1.9,2.5,0.753,1,1.7,2.7,1.4,1.8,0.6,1.2,2.2,8.9,1494,18.3,0.562,0.047,0.37,5.5,9.9,7.7,10.9,4.5,2.4,13.1,19.9,2,2.7,4.7,0.152,0.7,2.9,3.6,2.1
2010/2011,58044000,65969238.46,473604,Los Angeles Clippers,13,LAC,California,West,Pacific,32,50,0.39,98.6,101.8,-2.71,Al-Farouq Aminu,SF,20,2563320,3012302,81,14,17.9,2,5,0.394,0.6,1.8,0.315,1.4,3.2,0.437,0.45,1.1,1.5,0.773,0.9,2.4,3.3,0.7,0.7,0.3,1.3,1.5,5.6,1452,9.6,0.499,0.352,0.293,6.1,15.4,10.8,6.4,2.1,1.3,18.3,17.3,-0.8,1.4,0.7,0.022,-3.1,0.1,-3,-0.4
2010/2011,58044000,65969238.46,473604,Golden State Warriors,10,GSW,California,West,Pacific,36,46,0.439,103.4,105.7,-2,Louis Amundson,PF,28,2225000,2614723,46,7,15,1.8,4,0.454,0,0,,1.8,4,0.454,0.454,0.7,1.9,0.391,1.8,2.3,4,0.4,0.3,0.7,0.5,1.9,4.3,691,11.5,0.452,0,0.475,13,17.4,15.2,3.5,1,3.6,9.8,15.7,0.2,0.5,0.6,0.044,-4,-0.9,-4.9,-0.5
2010/2011,58044000,65969238.46,473604,Denver Nuggets,8,DEN,Colorado,West,Northwest,50,32,0.61,107.5,102.7,4.81,Chris Andersen,C,32,4533300,5327337,45,0,16.3,1.8,3,0.599,0,0,0,1.8,3,0.603,0.599,1.9,3,0.637,1.7,3.2,4.9,0.4,0.5,1.3,0.6,1.8,5.6,732,19,0.636,0.007,0.985,12.2,22.1,17.3,4,1.6,6,11.3,13.5,1.9,1.2,3.2,0.207,0.2,3.1,3.3,1
2010/2011,58044000,65969238.46,473604,#N/A,#N/A,TOT,#N/A,#N/A,#N/A,#N/A,#N/A,#N/A,#N/A,#N/A,#N/A,David Andersen,PF,30,2500000,2937891,40,0,9.3,1.4,3,0.463,0.2,0.6,0.348,1.2,2.5,0.49,0.496,0.4,0.6,0.636,0.5,1.6,2.1,0.3,0.1,0.2,0.6,1,3.4,373,10.9,0.513,0.19,0.182,6.4,21,13.6,5.6,0.7,2,14.4,19.1,-0.1,0.3,0.3,0.032,-4,-1.3,-5.3,-0.3
2010/2011,58044000,65969238.46,473604,Toronto Raptors,28,TOR,Ontario,East,Atlantic,22,60,0.268,99.1,105.4,-6.28,David Andersen,PF,30,2500000,2937891,11,0,13.6,2.1,4.3,0.489,0.3,0.9,0.3,1.8,3.4,0.541,0.521,0.6,0.6,1,0.7,2.4,3.1,0.6,0.3,0.3,0.7,1,5.1,150,13.8,0.559,0.213,0.149,6.2,21.1,13.4,7.3,1,1.5,13.8,17.3,0.1,0.1,0.2,0.063,-1.7,-1.6,-3.3,0
2010/2011,58044000,65969238.46,473604,New Orleans Hornets,19,NOH,Louisiana,West,Southwest,46,36,0.561,94.9,94,1.28,David Andersen,PF,30,2500000,2937891,29,0,7.7,1.1,2.6,0.446,0.2,0.4,0.385,1,2.1,0.459,0.48,0.2,0.5,0.467,0.4,1.3,1.7,0.2,0.1,0.2,0.5,1,2.7,223,8.9,0.484,0.176,0.203,6.5,20.9,13.6,4.5,0.5,2.2,14.8,20.2,-0.2,0.3,0.1,0.012,-5.4,-1.2,-6.6,-0.3
2010/2011,58044000,65969238.46,473604,San Antonio Spurs,27,SAS,Texas,West,Southwest,61,21,0.744,103.7,98,5.86,James Anderson,SF,21,1361400,1599858,26,2,11,1.2,3.1,0.383,0.7,1.8,0.391,0.5,1.3,0.371,0.494,0.5,0.7,0.778,0.1,0.8,0.9,0.7,0.1,0.2,0.5,0.9,3.6,286,8.5,0.529,0.568,0.222,0.8,8.3,4.7,9.2,0.5,1.5,12.8,16.4,0.1,0.2,0.3,0.051,-1.9,-1.5,-3.4,-0.1
2010/2011,58044000,65969238.46,473604,Orlando Magic,22,ORL,Florida,East,Southeast,52,30,0.634,99.2,93.7,4.92,Ryan Anderson,PF,22,1409040,1655842,64,14,22.3,3.5,8.2,0.43,2.1,5.3,0.393,1.4,2.9,0.5,0.558,1.5,1.8,0.812,2,3.5,5.5,0.8,0.5,0.6,0.8,2.1,10.6,1424,19,0.591,0.65,0.223,10.8,18.1,14.5,6.2,1.1,2.1,7.8,20.4,4,2.5,6.4,0.216,4.1,0.2,4.4,2.3
2010/2011,58044000,65969238.46,473604,#N/A,#N/A,TOT,#N/A,#N/A,#N/A,#N/A,#N/A,#N/A,#N/A,#N/A,#N/A,Carmelo Anthony,SF,26,17149243,20153045,77,77,35.7,8.9,19.5,0.455,1.2,3.3,0.378,7.6,16.3,0.47,0.487,6.6,7.9,0.838,1.5,5.8,7.3,2.9,0.9,0.6,2.7,2.9,25.6,2751,21.7,0.557,0.167,0.403,5,18.3,11.8,14.7,1.2,1.3,10.4,32,5.4,2.5,7.9,0.138,1.8,-1.3,0.5,1.8
2010/2011,58044000,65969238.46,473604,Denver Nuggets,8,DEN,Colorado,West,Northwest,50,32,0.61,107.5,102.7,4.81,Carmelo Anthony,SF,26,17149243,20153045,50,50,35.5,8.7,19.3,0.452,0.8,2.5,0.333,7.9,16.8,0.47,0.474,6.9,8.3,0.823,1.5,6.1,7.6,2.8,0.9,0.6,2.8,2.7,25.2,1774,21.2,0.547,0.13,0.431,5.2,19.3,12.4,14.3,1.2,1.3,11,32.5,2.8,1.9,4.7,0.127,0.9,-0.8,0.2,1
2010/2011,58044000,65969238.46,473604,New York Knicks,20,NYK,New York,East,Atlantic,42,40,0.512,106.5,105.7,0.48,Carmelo Anthony,SF,26,17149243,20153045,27,27,36.2,9.1,19.9,0.461,2,4.6,0.424,7.2,15.2,0.472,0.51,6.1,7,0.872,1.5,5.2,6.7,3,0.9,0.6,2.4,3.3,26.3,977,22.8,0.575,0.233,0.351,4.8,16.5,10.6,15.3,1.3,1.1,9.4,31,2.6,0.6,3.2,0.157,3.5,-2.3,1.2,0.8
2010/2011,58044000,65969238.46,473604,Miami Heat,16,MIA,Florida,East,Southeast,58,24,0.707,102.1,94.6,6.76,Joel Anthony,C,28,3300000,3878016,75,11,19.5,0.7,1.3,0.535,0,0,,0.7,1.3,0.535,0.535,0.6,1,0.644,1.4,2.2,3.5,0.3,0.1,1.2,0.5,2.6,2,1463,7.3,0.583,0,0.737,9,12.4,10.8,2.2,0.4,5,21.5,5.3,1.2,2.1,3.3,0.107,-2.2,3.1,0.9,1.1
2010/2011,58044000,65969238.46,473604,#N/A,#N/A,TOT,#N/A,#N/A,#N/A,#N/A,#N/A,#N/A,#N/A,#N/A,#N/A,Gilbert Arenas,PG,29,17730694,20836341,70,16,25.7,3.8,10.5,0.366,1.4,4.7,0.297,2.5,5.8,0.423,0.433,1.7,2.2,0.784,0.3,2.4,2.7,3.9,1.1,0.3,2.5,2.7,10.8,1796,10.8,0.471,0.446,0.208,1.4,10.7,6.1,25.3,2.1,0.9,18.1,24.7,-1.6,2.2,0.5,0.014,-1.2,-0.2,-1.5,0.2
2010/2011,58044000,65969238.46,473604,Washington Wizards,30,WAS,Washington DC,East,Southeast,23,59,0.28,97.3,104.7,-7.3,Gilbert Arenas,PG,29,17730694,20836341,21,14,34.6,6.2,15.7,0.394,2.2,6.9,0.324,4,8.8,0.449,0.465,2.7,3.2,0.836,0.3,3,3.3,5.6,1.4,0.6,3.4,3.6,17.3,726,14,0.505,0.439,0.203,0.9,10.4,5.5,27.5,2.1,1.3,16.5,26.2,0,0.4,0.4,0.025,1.2,-1.7,-0.6,0.3
2010/2011,58044000,65969238.46,473604,Orlando Magic,22,ORL,Florida,East,Southeast,52,30,0.634,99.2,93.7,4.92,Gilbert Arenas,PG,29,17730694,20836341,49,2,21.8,2.8,8.2,0.344,1,3.7,0.275,1.8,4.5,0.401,0.406,1.3,1.8,0.744,0.3,2.1,2.4,3.2,0.9,0.2,2.2,2.3,8,1070,8.6,0.444,0.45,0.213,1.8,11,6.5,23.8,2.2,0.7,19.3,23.7,-1.6,1.7,0.2,0.007,-2.8,0.8,-2.1,0
2010/2011,58044000,65969238.46,473604,New Orleans Hornets,19,NOH,Louisiana,West,Southwest,46,36,0.561,94.9,94,1.28,Trevor Ariza,SF,25,6322320,7429715,75,75,34.7,4,10.2,0.398,1.1,3.6,0.303,2.9,6.5,0.45,0.451,1.8,2.6,0.701,0.8,4.6,5.4,2.2,1.6,0.4,1.6,2.4,11,2600,11.3,0.487,0.356,0.259,2.8,16.4,9.5,10,2.5,1,12.2,17.7,-0.4,3.8,3.4,0.062,-1.2,2.3,1.1,2
2010/2011,58044000,65969238.46,473604,#N/A,#N/A,TOT,#N/A,#N/A,#N/A,#N/A,#N/A,#N/A,#N/A,#N/A,#N/A,Hilton Armstrong,C,26,992680,1166554,53,2,9.2,0.7,1.4,0.487,0,0.1,0.5,0.7,1.4,0.486,0.5,0.3,0.6,0.485,0.8,1.7,2.5,0.3,0.3,0.4,0.5,1.6,1.7,488,8.8,0.508,0.053,0.434,9.5,21.6,15.4,4.2,1.9,3.3,23.6,10.9,-0.1,0.6,0.5,0.045,-4.7,1.5,-3.1,-0.1
2010/2011,58044000,65969238.46,473604,Washington Wizards,30,WAS,Washington DC,East,Southeast,23,59,0.28,97.3,104.7,-7.3,Hilton Armstrong,C,26,992680,1166554,41,2,10,0.8,1.6,0.484,0,0.1,0.333,0.7,1.5,0.492,0.492,0.3,0.6,0.609,1,1.8,2.8,0.2,0.4,0.4,0.6,1.8,1.9,412,8.6,0.519,0.047,0.359,10.4,21.5,15.8,3.5,1.9,3,25.2,10.6,-0.1,0.4,0.4,0.043,-4.5,1.2,-3.4,-0.1
2010/2011,58044000,65969238.46,473604,Atlanta Hawks,1,ATL,Georgia,East,Southeast,44,38,0.537,95,95.8,-1.1,Hilton Armstrong,C,26,992680,1166554,12,0,6.3,0.5,1,0.5,0.1,0.1,1,0.4,0.9,0.455,0.542,0.2,0.8,0.2,0.3,1.2,1.4,0.3,0.3,0.4,0.3,0.8,1.3,76,10.1,0.457,0.083,0.833,4.8,22,13.5,7.8,2.1,5,15.5,12.1,-0.1,0.1,0.1,0.054,-5.5,3.5,-2,0
2010/2011,58044000,65969238.46,473604,#N/A,#N/A,TOT,#N/A,#N/A,#N/A,#N/A,#N/A,#N/A,#N/A,#N/A,#N/A,Carlos Arroyo,PG,31,1223166,1437411,64,43,18.5,1.9,4.3,0.44,0.5,1.1,0.449,1.4,3.2,0.436,0.496,0.6,0.7,0.83,0.3,1.3,1.6,2,0.3,0,0.9,1.1,4.8,1185,9,0.528,0.253,0.172,2.2,7.9,5.2,15.8,0.9,0.1,17,14,0.5,1.1,1.7,0.068,-2.1,-1,-3.1,-0.3
2010/2011,58044000,65969238.46,473604,Miami Heat,16,MIA,Florida,East,Southeast,58,24,0.707,102.1,94.6,6.76,Carlos Arroyo,PG,31,1223166,1437411,49,42,20.3,2.2,4.9,0.458,0.6,1.3,0.438,1.7,3.6,0.466,0.517,0.6,0.7,0.8,0.3,1.4,1.6,2,0.3,0,0.9,1.2,5.6,995,9.5,0.541,0.269,0.147,1.6,7.5,4.8,15.3,0.7,0.1,14.5,13.9,0.8,0.9,1.6,0.078,-1.5,-1.5,-3,-0.2
2010/2011,58044000,65969238.46,473604,Boston Celtics,2,BOS,Massachusetts,East,Atlantic,56,26,0.683,96.5,91.1,4.83,Carlos Arroyo,PG,31,1223166,1437411,15,1,12.7,0.7,2.3,0.314,0.2,0.3,0.6,0.5,2,0.267,0.357,0.7,0.8,0.917,0.5,1.1,1.5,1.7,0.5,0,1.1,0.7,2.4,190,6.7,0.447,0.143,0.343,4.8,9.8,7.4,18.6,2,0,29.7,14.5,-0.2,0.3,0.1,0.016,-5.1,1.3,-3.8,-0.1
2010/2011,58044000,65969238.46,473604,Memphis Grizzlies,15,MEM,Tennessee,West,Southwest,46,36,0.561,99.9,97.6,2.55,Darrell Arthur,PF,22,1123680,1320499,80,9,20.1,3.9,7.8,0.497,0,0.1,0,3.9,7.7,0.502,0.497,1.4,1.7,0.813,1.4,2.8,4.3,0.7,0.7,0.8,1.1,2.9,9.1,1609,15.7,0.534,0.01,0.215,8.5,17,12.7,5.4,1.7,3.2,11.4,21.6,1.5,2.2,3.8,0.113,-1.6,0.3,-1.3,0.3
2010/2011,58044000,65969238.46,473604,Chicago Bulls,5,CHI,Illinois,East,Central,62,20,0.756,98.6,91.3,6.53,Omer Asik,C,24,1721000,2022444,82,0,12.1,1,1.7,0.553,0,0,,1,1.7,0.553,0.553,0.9,1.8,0.503,1.4,2.4,3.7,0.4,0.2,0.7,0.8,1.9,2.8,989,11.8,0.559,0,1.028,13.7,22.3,18.1,4.7,1.1,4.3,23.8,12.5,0.5,2.2,2.7,0.13,-3.5,3,-0.5,0.4
2010/2011,58044000,65969238.46,473604,Charlotte Bobcats,4,CHA,North Carolina,East,Southeast,34,48,0.415,93.3,97.3,-4.08,DJ Augustin,PG,23,2540400,2985367,82,82,33.6,4.9,11.7,0.416,1.4,4.1,0.333,3.5,7.6,0.461,0.474,3.3,3.6,0.906,0.5,2.3,2.7,6.1,0.7,0,1.9,1.9,14.4,2757,15.9,0.541,0.348,0.31,1.7,8.3,4.9,31.1,1,0.1,12.5,21.2,4.9,1.3,6.2,0.108,2.4,-2.8,-0.4,1.1
2010/2011,58044000,65969238.46,473604,Portland Trail Blazers,25,POR,Oregon,West,Northwest,48,34,0.585,96.3,94.8,1.85,Luke Babbitt,SF,21,1645440,1933649,24,0,5.7,0.6,2.3,0.273,0.1,0.7,0.188,0.5,1.6,0.308,0.3,0.1,0.4,0.333,0.3,1,1.3,0.3,0.1,0.1,0.3,0.6,1.5,137,1,0.305,0.291,0.164,5.1,22.4,13.4,6.9,0.8,1.2,11.9,22.8,-0.6,0.1,-0.4,-0.143,-9.6,-2.5,-12,-0.3
2010/2011,58044000,65969238.46,473604,#N/A,#N/A,TOT,#N/A,#N/A,#N/A,#N/A,#N/A,#N/A,#N/A,#N/A,#N/A,Renaldo Balkman,SF,26,1675000,1968387,8,0,7.8,0.8,1.6,0.462,0.1,0.3,0.5,0.6,1.4,0.455,0.5,0.4,0.5,0.75,0.3,0.6,0.9,0.3,0.5,0.3,0.1,1.9,2,62,9.3,0.542,0.154,0.308,3.7,9.1,6.5,4.7,3.2,2.4,6.3,11.3,0.1,0.1,0.1,0.114,-1.9,1,-0.9,0
2010/2011,58044000,65969238.46,473604,Denver Nuggets,8,DEN,Colorado,West,Northwest,50,32,0.61,107.5,102.7,4.81,Renaldo Balkman,SF,26,1675000,1968387,5,0,8.8,1,1.8,0.556,0,0,,1,1.8,0.556,0.556,0.6,0.8,0.75,0.2,0.6,0.8,0.4,0.6,0.4,0,2.2,2.6,44,12.8,0.604,0,0.444,2.7,7.6,5.2,6.6,3.4,3.4,0,10.9,0.1,0.1,0.2,0.182,0,2.7,2.7,0.1
2010/2011,58044000,65969238.46,473604,New York Knicks,20,NYK,New York,East,Atlantic,42,40,0.512,106.5,105.7,0.48,Renaldo Balkman,SF,26,1675000,1968387,3,0,6,0.3,1.3,0.25,0.3,0.7,0.5,0,0.7,0,0.375,0,0,,0.3,0.7,1,0,0.3,0,0.3,1.3,1,18,0.7,0.375,0.5,0,6.3,12.8,9.5,0,2.8,0,20,12.3,0,0,0,-0.05,-6.6,-3.1,-9.6,0
2010/2011,58044000,65969238.46,473604,Toronto Raptors,28,TOR,Ontario,East,Atlantic,22,60,0.268,99.1,105.4,-6.28,Marcus Banks,PG,29,4847586,5696672,3,0,7.3,0,0.7,0,0,0,,0,0.7,0,0,2,2.7,0.75,0,0.3,0.3,1,0.3,0,0.7,1.3,2,22,6.8,0.543,0,4,0,5.5,2.7,17.2,2.3,0,26.6,15.3,0,0,0,0.011,-5,-2.8,-7.8,0
2010/2011,58044000,65969238.46,473604,Toronto Raptors,28,TOR,Ontario,East,Atlantic,22,60,0.268,99.1,105.4,-6.28,Leandro Barbosa,SG,28,7100000,8343611,58,0,24.1,5.1,11.3,0.45,1.2,3.7,0.338,3.8,7.6,0.505,0.505,1.9,2.4,0.796,0.2,1.5,1.7,2.1,0.9,0.1,1.4,1.9,13.3,1395,15.3,0.539,0.326,0.21,1.2,7.4,4.2,14.6,1.9,0.3,10.5,25.6,1.4,0.1,1.5,0.052,1.4,-3.5,-2.1,0
2010/2011,58044000,65969238.46,473604,Dallas Mavericks,7,DAL,Texas,West,Southwest,57,25,0.695,100.2,96,4.41,Jose Juan Barea,PG,26,1815000,2132909,81,2,20.6,3.5,8,0.439,0.8,2.3,0.349,2.7,5.7,0.476,0.49,1.6,1.9,0.847,0.4,1.6,2,3.9,0.4,0,1.7,1.7,9.5,1669,14.8,0.535,0.291,0.242,2.1,8.8,5.6,31.2,0.9,0,15.9,23.9,1.9,1.4,3.2,0.093,0.6,-1.7,-1.1,0.4
2010/2011,58044000,65969238.46,473604,Toronto Raptors,28,TOR,Ontario,East,Atlantic,22,60,0.268,99.1,105.4,-6.28,Andrea Bargnani,C,25,8500000,9988830,66,66,35.7,8,17.8,0.448,1.2,3.4,0.345,6.8,14.4,0.472,0.48,4.3,5.3,0.82,1.1,4.1,5.2,1.8,0.5,0.7,2.3,2.4,21.4,2353,16.4,0.533,0.19,0.298,3.6,13.9,8.6,8.8,0.7,1.5,10.3,28.2,2.2,0.3,2.5,0.052,0.2,-2.9,-2.7,-0.4
2010/2011,58044000,65969238.46,473604,Los Angeles Lakers,14,LAL,California,West,Pacific,57,25,0.695,101.5,95.4,6.01,Matt Barnes,SF,30,1765000,2074151,53,0,19.2,2.5,5.3,0.47,0.6,2,0.318,1.8,3.2,0.564,0.53,1.1,1.5,0.779,1.4,2.9,4.3,1.3,0.7,0.4,1.1,2.4,6.7,1020,14.6,0.569,0.384,0.276,8.4,16.7,12.7,10.5,2,1.6,15.6,16.6,1.4,1.6,3,0.142,0.6,1.2,1.8,1
2010/2011,58044000,65969238.46,473604,#N/A,#N/A,TOT,#N/A,#N/A,#N/A,#N/A,#N/A,#N/A,#N/A,#N/A,#N/A,Earl Barron,C,29,188558,221585,21,7,14.5,1.5,4.7,0.323,0,0,,1.5,4.7,0.323,0.323,0.7,1.1,0.625,1.5,2.1,3.6,0.5,0.4,0.3,0.8,2.2,3.8,305,6.2,0.361,0,0.242,12.1,17.2,14.6,5.8,1.4,1.5,12.7,18.9,-0.6,0.3,-0.2,-0.039,-6.3,-0.3,-6.6,-0.3
2010/2011,58044000,65969238.46,473604,Phoenix Suns,24,PHO,Arizona,West,Pacific,40,42,0.488,105,105.9,-0.46,Earl Barron,C,29,188558,221585,12,6,15.3,1,4.3,0.235,0,0,,1,4.3,0.235,0.235,1,1.7,0.6,1.3,2,3.3,0.3,0.5,0.3,0.9,2.7,3,183,1.5,0.301,0,0.392,10.1,15.2,12.6,3,1.7,1.6,15.5,17.5,-0.5,0.1,-0.4,-0.106,-8.3,-0.2,-8.5,-0.3
2010/2011,58044000,65969238.46,473604,Milwaukee Bucks,17,MIL,Wisconsin,East,Central,35,47,0.427,91.9,92.7,-1.02,Earl Barron,C,29,188558,221585,7,0,12.1,2.4,5.3,0.459,0,0,,2.4,5.3,0.459,0.459,0.3,0.3,1,1.7,1.4,3.1,0.6,0.3,0.3,0.3,1.4,5.1,85,17.3,0.475,0,0.054,16,14.1,15.1,9.2,1.3,1.9,5,22,0.1,0.1,0.2,0.13,-0.7,-0.1,-0.9,0
2010/2011,58044000,65969238.46,473604,Portland Trail Blazers,25,POR,Oregon,West,Northwest,48,34,0.585,96.3,94.8,1.85,Earl Barron,C,29,188558,221585,2,1,18.5,1.5,5.5,0.273,0,0,,1.5,5.5,0.273,0.273,0.5,1,0.5,2,5,7,1.5,0,0,1.5,2,3.5,37,3.8,0.295,0,0.182,12.7,34.6,23.1,12.2,0,0,20.2,18.8,-0.1,0,-0.1,-0.093,-9.2,-0.9,-10.1,-0.1
2010/2011,58044000,65969238.46,473604,Orlando Magic,22,ORL,Florida,East,Southeast,52,30,0.634,99.2,93.7,4.92,Brandon Bass,PF,25,4000000,4700626,76,51,26.1,4.4,8.5,0.515,0,0,0,4.4,8.5,0.516,0.515,2.5,3.1,0.815,1.8,3.8,5.6,0.8,0.4,0.7,1.3,2.1,11.2,1980,15.9,0.571,0.003,0.361,8.1,16.7,12.5,5,0.7,2,11.5,19.8,3.2,3.1,6.3,0.153,-1.4,0.9,-0.5,0.7
2010/2011,58044000,65969238.46,473604,Philadelphia 76ers,23,PHI,Pennsylvania,East,Atlantic,41,41,0.5,99,97.5,1.01,Tony Battie,C,34,1352181,1589024,38,0,9.9,1.2,2.5,0.469,0.1,0.1,0.667,1.1,2.4,0.462,0.479,0.2,0.4,0.571,0.4,2.2,2.6,0.3,0.1,0.4,0.3,1.6,2.6,377,9.5,0.489,0.031,0.146,5.2,25.1,15.1,4.8,0.7,3,10.5,13.9,0,0.6,0.6,0.075,-5.3,0.8,-4.5,-0.2
2010/2011,58044000,65969238.46,473604,#N/A,#N/A,TOT,#N/A,#N/A,#N/A,#N/A,#N/A,#N/A,#N/A,#N/A,#N/A,Shane Battier,SF,32,7354500,8642688,82,59,29,2.8,6.2,0.45,1.2,3.3,0.382,1.5,3,0.525,0.55,0.8,1.1,0.688,1.1,3.5,4.5,2.3,0.8,1,1,1.9,7.6,2375,12.3,0.567,0.525,0.183,4.4,13.7,9,11.1,1.5,2.4,12.6,11.7,2.9,2.2,5.1,0.103,0.7,1.8,2.5,2.7
2010/2011,58044000,65969238.46,473604,Houston Rockets,11,HOU,Texas,West,Southwest,43,39,0.524,105.9,103.7,2.37,Shane Battier,SF,32,7354500,8642688,59,59,30.8,3.2,6.9,0.456,1.5,3.8,0.391,1.7,3.1,0.536,0.564,0.8,1.3,0.645,1,3.8,4.8,2.6,0.9,1.2,1.1,2.2,8.6,1818,12.9,0.577,0.551,0.186,3.6,13.9,8.8,12.1,1.5,2.7,12.5,12.3,2.3,1.7,4,0.105,1,1.9,2.9,2.2
2010/2011,58044000,65969238.46,473604,Memphis Grizzlies,15,MEM,Tennessee,West,Southwest,46,36,0.561,99.9,97.6,2.55,Shane Battier,SF,32,7354500,8642688,23,0,24.2,1.9,4.4,0.426,0.6,1.8,0.333,1.3,2.6,0.492,0.495,0.7,0.7,0.882,1.4,2.6,4,1.4,0.7,0.4,0.7,1.3,5,557,10.6,0.53,0.416,0.168,6.8,13,9.9,7.9,1.5,1.5,12.9,10.1,0.5,0.6,1.1,0.097,-0.2,1.3,1.2,0.4
2010/2011,58044000,65969238.46,473604,Portland Trail Blazers,25,POR,Oregon,West,Northwest,48,34,0.585,96.3,94.8,1.85,Nicolas Batum,SF,22,1196760,1406380,80,67,31.5,4.6,10.1,0.455,1.5,4.3,0.345,3.1,5.8,0.535,0.528,1.7,2.1,0.841,1.4,3.2,4.5,1.5,0.9,0.6,1,2.4,12.4,2522,14.8,0.563,0.424,0.203,5.1,12.8,8.8,8.1,1.5,1.6,8.6,17.8,4.4,2.3,6.6,0.126,1.7,0,1.7,2.4
2010/2011,58044000,65969238.46,473604,#N/A,#N/A,TOT,#N/A,#N/A,#N/A,#N/A,#N/A,#N/A,#N/A,#N/A,#N/A,Jerryd Bayless,PG,22,2292600,2694163,71,14,21.1,3.1,7.3,0.422,0.7,2.1,0.336,2.4,5.2,0.456,0.469,2.3,2.9,0.806,0.4,2,2.3,3.7,0.5,0.1,1.8,2.1,9.2,1496,14.1,0.536,0.282,0.398,2,11.3,6.6,27.6,1.3,0.3,17.3,22.1,1.4,0.3,1.6,0.053,0.5,-2.6,-2.1,0
2010/2011,58044000,65969238.46,473604,New Orleans Hornets,19,NOH,Louisiana,West,Southwest,46,36,0.561,94.9,94,1.28,Jerryd Bayless,PG,22,2292600,2694163,11,0,13.5,1.5,4.5,0.347,0.3,1.3,0.214,1.3,3.2,0.4,0.378,1.2,1.5,0.765,0.2,1.2,1.4,2.5,0.2,0.1,1.5,1.5,4.5,149,7.2,0.443,0.286,0.347,1.6,10.7,6.1,29.9,0.7,0.6,23.1,23.5,-0.3,0.1,-0.2,-0.05,-4.8,-2.2,-7,-0.2
2010/2011,58044000,65969238.46,473604,Toronto Raptors,28,TOR,Ontario,East,Atlantic,22,60,0.268,99.1,105.4,-6.28,Jerryd Bayless,PG,22,2292600,2694163,60,14,22.5,3.4,7.8,0.429,0.8,2.2,0.348,2.6,5.6,0.461,0.479,2.6,3.2,0.81,0.4,2.1,2.5,4,0.6,0.1,1.8,2.2,10,1347,14.9,0.545,0.282,0.404,2.1,11.4,6.6,27.4,1.4,0.2,16.6,22,1.7,0.1,1.8,0.064,1.1,-2.6,-1.6,0.1
2010/2011,58044000,65969238.46,473604,Minnesota Timberwolves,18,MIN,Minnesota,West,Northwest,17,65,0.207,101.1,107.7,-5.97,Michael Beasley,SF,22,4962240,5831408,73,73,32.3,7.7,17.1,0.45,0.8,2.2,0.366,6.9,14.8,0.463,0.474,3,4,0.753,1.6,4,5.6,2.2,0.7,0.7,2.7,3,19.2,2361,15.5,0.51,0.132,0.234,5.4,14.1,9.6,12.3,1.1,1.7,12.4,28.3,0.7,1,1.7,0.035,-0.8,-1.6,-2.4,-0.3
2010/2011,58044000,65969238.46,473604,Dallas Mavericks,7,DAL,Texas,West,Southwest,57,25,0.695,100.2,96,4.41,Rodrigue Beaubois,PG,22,1156080,1358574,28,26,17.7,3.4,8,0.422,0.9,3,0.301,2.5,5,0.493,0.478,0.8,1.1,0.767,0.3,1.6,1.9,2.3,0.7,0.3,1.7,2.7,8.4,496,11.4,0.5,0.372,0.135,1.7,10.2,6.1,21.9,2.1,1.2,16.6,26.7,-0.4,0.7,0.2,0.022,-1.4,-0.1,-1.5,0.1
2010/2011,58044000,65969238.46,473604,New Orleans Hornets,19,NOH,Louisiana,West,Southwest,46,36,0.561,94.9,94,1.28,Marco Belinelli,SG,24,2380270,2797189,80,69,24.5,3.8,8.6,0.437,1.7,4.1,0.414,2.1,4.6,0.458,0.534,1.2,1.6,0.784,0.2,1.7,1.9,1.2,0.5,0.1,1,1.8,10.5,1957,12.1,0.56,0.469,0.181,1.1,8.4,4.7,8,1.1,0.3,9.4,20,1.9,1.5,3.4,0.084,0.7,-1.7,-1.1,0.5
2010/2011,58044000,65969238.46,473604,Golden State Warriors,10,GSW,California,West,Pacific,36,46,0.439,103.4,105.7,-2,Charlie Bell,SG,31,4447792,5226851,19,0,9,0.6,2.3,0.279,0.3,1.1,0.286,0.3,1.2,0.273,0.349,0.1,0.2,0.5,0.3,0.6,0.9,0.7,0.3,0.1,0.3,0.7,1.7,171,4.7,0.357,0.488,0.093,3.9,8.1,6,10.1,1.8,0.4,11.8,13.1,-0.2,0,-0.1,-0.04,-4.5,-1.9,-6.4,-0.2
2010/2011,58044000,65969238.46,473604,Utah Jazz,29,UTA,Utah,West,Northwest,39,43,0.476,99.4,101.3,-1.44,Raja Bell,SG,34,3000000,3525469,68,63,30.8,2.8,6.9,0.409,1,2.8,0.352,1.8,4,0.449,0.482,1.3,1.5,0.892,0.5,2.1,2.6,1.7,0.8,0.2,0.9,2.5,8,2097,8.2,0.528,0.413,0.218,1.8,8.4,5.1,8.3,1.4,0.5,11,12.6,1.2,0.5,1.7,0.04,-0.8,-1.1,-1.9,0.1
2010/2011,58044000,65969238.46,473604,#N/A,#N/A,TOT,#N/A,#N/A,#N/A,#N/A,#N/A,#N/A,#N/A,#N/A,#N/A,Mike Bibby,PG,32,5564767,6539472,80,68,28.6,3.1,7.2,0.431,1.9,4.4,0.44,1.2,2.9,0.417,0.563,0.5,0.8,0.629,0.2,2.2,2.4,3.3,0.6,0.1,1.3,2.2,8.6,2285,10.9,0.57,0.604,0.108,0.9,9.2,5.1,17.9,1.2,0.3,14.3,14.6,2.2,1.8,4,0.085,0.6,-1.2,-0.6,0.8
2010/2011,58044000,65969238.46,473604,Atlanta Hawks,1,ATL,Georgia,East,Southeast,44,38,0.537,95,95.8,-1.1,Mike Bibby,PG,32,5564767,6539472,56,56,29.9,3.4,7.9,0.435,2,4.6,0.441,1.4,3.3,0.427,0.563,0.5,0.8,0.63,0.3,2.3,2.6,3.6,0.7,0.1,1.2,2.2,9.4,1674,11.7,0.57,0.58,0.104,1.1,9.1,5.1,18.9,1.2,0.3,12.8,15,1.9,1.2,3.1,0.089,1,-1.3,-0.3,0.7
2010/2011,58044000,65969238.46,473604,Washington Wizards,30,WAS,Washington DC,East,Southeast,23,59,0.28,97.3,104.7,-7.3,Mike Bibby,PG,32,5564767,6539472,2,0,14.5,0.5,4.5,0.111,0,2,0,0.5,2.5,0.2,0.111,0,0,,0,1.5,1.5,4,0.5,0,0.5,1.5,1,29,1.1,0.111,0.444,0,0,12.2,5.9,37.8,1.8,0,10,15.2,-0.1,0,-0.1,-0.161,-7.9,-3.4,-11.3,-0.1
2010/2011,58044000,65969238.46,473604,Miami Heat,16,MIA,Florida,East,Southeast,58,24,0.707,102.1,94.6,6.76,Mike Bibby,PG,32,5564767,6539472,22,12,26.5,2.5,5.7,0.437,1.8,4,0.455,0.7,1.7,0.395,0.595,0.5,0.7,0.625,0.1,2.1,2.2,2.5,0.5,0.1,1.5,2.1,7.3,582,9,0.601,0.698,0.127,0.4,9.1,5,14.1,1,0.4,19.4,13.3,0.4,0.6,1,0.084,0,-0.8,-0.9,0.2
2010/2011,58044000,65969238.46,473604,Golden State Warriors,10,GSW,California,West,Pacific,36,46,0.439,103.4,105.7,-2,Andris Biedrins,C,24,9000000,10576409,59,55,23.7,2.4,4.5,0.534,0,0,,2.4,4.5,0.534,0.534,0.2,0.5,0.323,2.5,4.8,7.2,1,0.9,0.9,1,3.4,5,1397,12.1,0.526,0,0.117,11.5,23.3,17.3,6,1.9,2.8,16.9,10.6,1.1,1.5,2.6,0.088,-2.3,1.9,-0.3,0.6
2010/2011,58044000,65969238.46,473604,#N/A,#N/A,TOT,#N/A,#N/A,#N/A,#N/A,#N/A,#N/A,#N/A,#N/A,#N/A,Chauncey Billups,PG,34,13150000,15453308,72,72,32.1,4.7,11,0.427,2,5,0.402,2.7,6,0.448,0.519,5.3,5.8,0.916,0.3,2.3,2.6,5.4,1,0.2,2.5,2,16.8,2310,18.7,0.617,0.457,0.528,1.3,8.1,4.7,25.8,1.5,0.5,15.3,22.3,6.6,1.4,8,0.166,4.1,-2.1,1.9,2.3
2010/2011,58044000,65969238.46,473604,Denver Nuggets,8,DEN,Colorado,West,Northwest,50,32,0.61,107.5,102.7,4.81,Chauncey Billups,PG,34,13150000,15453308,51,51,32.3,4.6,10.5,0.438,2.1,4.7,0.441,2.5,5.8,0.436,0.536,5.2,5.6,0.923,0.2,2.2,2.5,5.3,1,0.2,2.5,1.8,16.5,1646,18.6,0.634,0.444,0.535,0.9,7.7,4.4,25.1,1.6,0.6,16.3,21.4,4.7,1.1,5.8,0.171,4,-1.6,2.4,1.8
2010/2011,58044000,65969238.46,473604,New York Knicks,20,NYK,New York,East,Atlantic,42,40,0.512,106.5,105.7,0.48,Chauncey Billups,PG,34,13150000,15453308,21,21,31.6,5,12.3,0.403,2,6,0.328,3,6.3,0.474,0.483,5.7,6.3,0.902,0.6,2.5,3.1,5.5,0.9,0.1,2.3,2.5,17.5,664,19.1,0.582,0.484,0.512,2.2,9,5.6,27.4,1.4,0.2,13.2,24.3,1.9,0.2,2.1,0.155,4.2,-3.4,0.8,0.5
2010/2011,58044000,65969238.46,473604,San Antonio Spurs,27,SAS,Texas,West,Southwest,61,21,0.744,103.7,98,5.86,DeJuan Blair,PF,21,918000,1078793,81,65,21.4,3.6,7.2,0.501,0,0,0,3.6,7.2,0.503,0.501,1.1,1.7,0.657,2.7,4.3,7,1,1.2,0.5,1.4,2.6,8.3,1734,17.1,0.524,0.003,0.235,14.8,22.9,18.9,7.1,2.8,1.7,14.9,20.1,1.5,3.2,4.8,0.132,-1.1,2.2,1.1,1.3
2010/2011,58044000,65969238.46,473604,Los Angeles Lakers,14,LAL,California,West,Pacific,57,25,0.695,101.5,95.4,6.01,Steve Blake,PG,30,4000000,4700626,79,0,20,1.4,3.9,0.359,0.9,2.4,0.378,0.5,1.4,0.327,0.479,0.3,0.4,0.867,0.2,1.7,2,2.2,0.5,0,0.9,1.3,4,1581,7.5,0.5,0.631,0.098,1.4,9.5,5.6,15,1.3,0.1,18.6,11.3,0.3,1.5,1.8,0.055,-1.9,-0.4,-2.3,-0.1
2010/2011,58044000,65969238.46,473604,Washington Wizards,30,WAS,Washington DC,East,Southeast,23,59,0.28,97.3,104.7,-7.3,Andray Blatche,PF,24,5900000,6933423,64,63,33.9,6.7,15,0.445,0.1,0.3,0.222,6.6,14.7,0.449,0.447,3.4,4.4,0.777,2.9,5.4,8.2,2.3,1.5,0.8,2.7,2.8,16.8,2172,16.9,0.497,0.019,0.296,9.3,18.7,13.8,11.7,2.3,1.8,13.7,25.5,0.3,2.1,2.4,0.053,-1,0.6,-0.5,0.8
2010/2011,58044000,65969238.46,473604,Los Angeles Clippers,13,LAC,California,West,Pacific,32,50,0.39,98.6,101.8,-2.71,Eric Bledsoe,PG,21,1485000,1745107,81,25,22.7,2.5,6,0.424,0.4,1.4,0.276,2.1,4.6,0.47,0.457,1.2,1.6,0.744,0.8,1.9,2.8,3.6,1.1,0.3,2.4,1.6,6.7,1841,10.8,0.499,0.239,0.274,4.4,9.8,7.1,24.2,2.6,1.1,26.3,17.9,-1.3,1.6,0.3,0.008,-2.6,0.6,-2,0
2010/2011,58044000,65969238.46,473604,Chicago Bulls,5,CHI,Illinois,East,Central,62,20,0.756,98.6,91.3,6.53,Keith Bogans,SG,30,1600000,1880250,82,82,17.8,1.5,3.7,0.404,1.1,2.9,0.38,0.4,0.9,0.486,0.55,0.3,0.4,0.656,0.2,1.6,1.8,1.2,0.5,0.1,0.5,1.4,4.4,1461,9,0.559,0.772,0.104,1.6,10.1,5.9,10.1,1.4,0.5,11.3,11.4,1.4,2.2,3.6,0.118,-0.4,0.4,0,0.7
2010/2011,58044000,65969238.46,473604,Milwaukee Bucks,17,MIL,Wisconsin,East,Central,35,47,0.427,91.9,92.7,-1.02,Andrew Bogut,C,26,11000000,12926722,65,65,35.3,5.6,11.4,0.495,0,0.1,0,5.6,11.4,0.497,0.495,1.5,3.3,0.442,3.1,8,11.1,2,0.7,2.6,1.9,3.3,12.8,2297,16.7,0.496,0.005,0.292,9.8,27.1,18.3,10.4,1.1,5.8,13,19.6,0.3,5.1,5.4,0.112,-2.6,5,2.4,2.6
2010/2011,58044000,65969238.46,473604,San Antonio Spurs,27,SAS,Texas,West,Southwest,61,21,0.744,103.7,98,5.86,Matt Bonner,PF,30,3000000,3525469,66,1,21.7,2.6,5.6,0.464,1.6,3.5,0.457,1,2.1,0.475,0.605,0.5,0.7,0.744,0.9,2.7,3.6,0.9,0.4,0.3,0.4,1.7,7.3,1432,13.5,0.617,0.62,0.116,5,14.2,9.7,6.2,0.9,1,6.5,13.4,3,1.4,4.4,0.147,2.1,-0.1,2,1.5
2010/2011,58044000,65969238.46,473604,Washington Wizards,30,WAS,Washington DC,East,Southeast,23,59,0.28,97.3,104.7,-7.3,Trevor Booker,PF,23,1204560,1415546,65,14,16.4,2.1,3.9,0.549,0,0,0,2.1,3.9,0.552,0.549,1,1.6,0.673,1.5,2.4,3.9,0.5,0.4,0.6,0.6,1.8,5.3,1063,15.3,0.582,0.004,0.399,10.2,17,13.5,5.2,1.4,3,11.3,13.9,1.8,0.8,2.6,0.119,-1,0.3,-0.7,0.3
2010/2011,58044000,65969238.46,473604,Chicago Bulls,5,CHI,Illinois,East,Central,62,20,0.756,98.6,91.3,6.53,Carlos Boozer,C,29,14400000,16922254,59,59,31.9,7.3,14.3,0.51,0,0,,7.3,14.3,0.51,0.51,2.9,4.1,0.701,2.2,7.4,9.6,2.5,0.8,0.3,2.5,3.2,17.5,1882,18.8,0.542,0,0.289,8.3,26.3,17.6,14.3,1.3,0.7,13.5,26.9,1.9,3.9,5.8,0.149,-0.7,1.4,0.7,1.3
2010/2011,58044000,65969238.46,473604,Miami Heat,16,MIA,Florida,East,Southeast,58,24,0.707,102.1,94.6,6.76,Chris Bosh,PF,26,14500000,17039770,77,77,36.3,6.8,13.7,0.496,0.1,0.3,0.24,6.7,13.4,0.502,0.499,5,6.1,0.815,1.8,6.5,8.3,1.9,0.8,0.6,1.8,2.2,18.7,2795,19.4,0.569,0.024,0.446,6.4,20,13.6,8.9,1.1,1.4,9.8,23.5,6.1,4.3,10.3,0.177,0.1,0.3,0.4,1.7
2010/2011,58044000,65969238.46,473604,Milwaukee Bucks,17,MIL,Wisconsin,East,Central,35,47,0.427,91.9,92.7,-1.02,Earl Boykins,PG,34,1352181,1589024,57,0,15.1,2.7,6.2,0.443,0.5,1.2,0.38,2.3,4.9,0.459,0.482,1.2,1.4,0.841,0.3,0.7,1,2.5,0.7,0.1,0.9,0.8,7.2,862,17.6,0.526,0.202,0.233,2,5.6,3.7,30.9,2.4,0.3,11.8,23.9,1.1,1.1,2.3,0.125,0.8,-1.8,-1,0.2
2010/2011,58044000,65969238.46,473604,Philadelphia 76ers,23,PHI,Pennsylvania,East,Atlantic,41,41,0.5,99,97.5,1.01,Craig Brackins,PF,23,1306920,1535835,3,0,11,1.3,5.3,0.25,0,1.7,0,1.3,3.7,0.364,0.25,0,0,,0.7,0.7,1.3,0.3,0.3,0,0,1,2.7,33,0.1,0.25,0.313,0,7,7,7,4.6,1.6,0,0,22.3,-0.1,0,-0.1,-0.154,-7.8,-3.7,-11.5,-0.1
2010/2011,58044000,65969238.46,473604,Boston Celtics,2,BOS,Massachusetts,East,Atlantic,56,26,0.683,96.5,91.1,4.83,Avery Bradley,PG,20,1418160,1666560,31,0,5.2,0.7,2.2,0.343,0,0.2,0,0.7,2,0.371,0.343,0.2,0.4,0.5,0.1,0.4,0.5,0.4,0.3,0,0.5,0.6,1.7,162,2.2,0.36,0.075,0.179,3.2,9.3,6.5,11.9,3,0,18.1,26.1,-0.8,0.3,-0.5,-0.139,-9.6,0,-9.7,-0.3
2010/2011,58044000,65969238.46,473604,Philadelphia 76ers,23,PHI,Pennsylvania,East,Atlantic,41,41,0.5,99,97.5,1.01,Elton Brand,PF,31,15959099,18754439,81,81,34.7,6.2,12.1,0.512,0,0,0,6.2,12.1,0.512,0.512,2.6,3.4,0.78,2.9,5.4,8.3,1.5,1.1,1.3,1.2,3,15,2809,18.5,0.553,0.001,0.278,9.7,18,13.9,7.1,1.7,2.9,8.4,19.7,5.1,4.4,9.4,0.161,0.5,1.9,2.4,3.1
2010/2011,58044000,65969238.46,473604,#N/A,#N/A,TOT,#N/A,#N/A,#N/A,#N/A,#N/A,#N/A,#N/A,#N/A,#N/A,Corey Brewer,SF-SG,24,3703472,4352159,69,24,21.9,2.8,7.1,0.395,0.4,1.6,0.268,2.4,5.4,0.434,0.426,2,2.8,0.708,0.8,1.7,2.5,1.3,1.4,0.2,1.3,2.3,8,1510,11,0.482,0.23,0.393,4.2,8.9,6.5,9.1,3.3,0.8,13.2,18.8,-0.1,1.3,1.1,0.036,-1.7,0.5,-1.3,0.3
2010/2011,58044000,65969238.46,473604,Minnesota Timberwolves,18,MIN,Minnesota,West,Northwest,17,65,0.207,101.1,107.7,-5.97,Corey Brewer,SF,24,3703472,4352159,56,22,24.3,3,7.8,0.384,0.5,1.8,0.263,2.5,6,0.42,0.414,2.2,3.1,0.708,0.8,1.9,2.7,1.4,1.6,0.3,1.4,2.4,8.6,1362,10.3,0.471,0.227,0.391,3.6,9,6.2,8.6,3.3,0.8,13.1,18.4,-0.4,1,0.6,0.023,-2.2,0.3,-1.9,0.1
2010/2011,58044000,65969238.46,473604,Dallas Mavericks,7,DAL,Texas,West,Southwest,57,25,0.695,100.2,96,4.41,Corey Brewer,SG,24,3703472,4352159,13,2,11.4,1.9,3.9,0.49,0.3,1,0.308,1.6,2.9,0.553,0.529,1.2,1.6,0.714,0.9,0.8,1.8,0.9,0.8,0.2,0.8,1.9,5.3,148,17.6,0.573,0.255,0.412,9.9,8.4,9.1,13.3,3.9,1,14.2,22.2,0.3,0.3,0.5,0.163,2.1,1.8,3.9,0.2
2010/2011,58044000,65969238.46,473604,Chicago Bulls,5,CHI,Illinois,East,Central,62,20,0.756,98.6,91.3,6.53,Ronnie Brewer,SG,25,4790000,5628999,81,1,22,2.5,5.3,0.48,0.1,0.3,0.222,2.5,4.9,0.498,0.487,1.1,1.6,0.654,0.7,2.6,3.2,1.7,1.3,0.3,0.7,1,6.2,1781,13.8,0.518,0.063,0.311,3.7,13.2,8.6,12.1,3.2,0.9,10.2,13.9,1.7,3.8,5.4,0.147,-1.4,3.2,1.8,1.7
2010/2011,58044000,65969238.46,473604,Milwaukee Bucks,17,MIL,Wisconsin,East,Central,35,47,0.427,91.9,92.7,-1.02,Jon Brockman,C,23,1000000,1175156,63,6,10.7,0.8,1.5,0.511,0,0,,0.8,1.5,0.511,0.511,0.6,0.9,0.678,1.2,1.7,2.9,0.3,0.2,0,0.4,1.9,2.2,677,9.6,0.567,0,0.628,12.4,19.4,15.8,4.2,1.1,0.3,16.7,10,0.8,1,1.9,0.132,-3,0.7,-2.2,0
2010/2011,58044000,65969238.46,473604,#N/A,#N/A,TOT,#N/A,#N/A,#N/A,#N/A,#N/A,#N/A,#N/A,#N/A,#N/A,Aaron Brooks,PG,26,2016692,2369928,59,12,21.8,3.7,9.9,0.375,1.2,4,0.297,2.5,5.9,0.427,0.434,2.1,2.4,0.886,0.3,1,1.3,3.9,0.6,0.1,1.7,1.9,10.7,1284,13.1,0.489,0.402,0.239,1.8,5.2,3.5,28.9,1.3,0.2,13.2,25.9,0.7,0.4,1.1,0.04,0.4,-4,-3.5,-0.5
2010/2011,58044000,65969238.46,473604,Houston Rockets,11,HOU,Texas,West,Southwest,43,39,0.524,105.9,103.7,2.37,Aaron Brooks,PG,26,2016692,2369928,34,7,23.9,3.9,11.4,0.346,1.4,5,0.284,2.5,6.4,0.394,0.408,2.3,2.4,0.94,0.3,1.2,1.5,3.8,0.6,0.1,1.6,2,11.6,811,11.7,0.465,0.437,0.214,1.5,5.6,3.6,25.2,1.3,0.2,11.5,26.1,0.1,0.3,0.4,0.023,-0.1,-3.9,-4,-0.4
2010/2011,58044000,65969238.46,473604,Phoenix Suns,24,PHO,Arizona,West,Pacific,40,42,0.488,105,105.9,-0.46,Aaron Brooks,PG,26,2016692,2369928,25,5,18.9,3.4,8,0.43,0.9,2.7,0.328,2.6,5.3,0.481,0.485,1.8,2.3,0.807,0.4,0.7,1.1,4.2,0.5,0,1.8,1.8,9.6,473,15.6,0.533,0.335,0.285,2.2,4.4,3.3,35.3,1.4,0.2,16.4,25.7,0.6,0.1,0.7,0.07,1.4,-4.1,-2.8,-0.1
2010/2011,58044000,65969238.46,473604,#N/A,#N/A,TOT,#N/A,#N/A,#N/A,#N/A,#N/A,#N/A,#N/A,#N/A,#N/A,Derrick Brown,SF,23,762195,895698,49,1,11.8,1.5,2.7,0.565,0.1,0.2,0.5,1.4,2.5,0.57,0.584,0.7,1.2,0.533,0.8,1.2,2,0.7,0.4,0.2,0.7,1.2,3.8,576,12.9,0.588,0.076,0.458,8.5,12.2,10.3,9.5,1.8,1.4,18.2,15.5,0.5,0.5,1,0.083,-1.4,0.1,-1.3,0.1
2010/2011,58044000,65969238.46,473604,Charlotte Bobcats,4,CHA,North Carolina,East,Southeast,34,48,0.415,93.3,97.3,-4.08,Derrick Brown,SF,23,762195,895698,41,1,11.9,1.5,2.8,0.549,0,0.1,0.333,1.5,2.6,0.561,0.558,0.6,1.1,0.532,0.8,1.3,2,0.7,0.4,0.2,0.7,1.2,3.7,488,12.4,0.565,0.053,0.416,7.9,13,10.4,9.9,1.8,1.3,17.3,15.6,0.3,0.4,0.8,0.074,-1.9,0.2,-1.7,0
2010/2011,58044000,65969238.46,473604,New York Knicks,20,NYK,New York,East,Atlantic,42,40,0.512,106.5,105.7,0.48,Derrick Brown,SF,23,762195,895698,8,0,11,1.5,2.3,0.667,0.4,0.5,0.75,1.1,1.8,0.643,0.75,0.9,1.6,0.538,1.1,0.8,1.9,0.5,0.5,0.3,0.9,1.4,4.3,88,16,0.717,0.222,0.722,11.6,7.9,9.7,6.9,2.3,1.7,22.8,15.5,0.2,0.1,0.2,0.13,1.5,-0.7,0.8,0.1
2010/2011,58044000,65969238.46,473604,Charlotte Bobcats,4,CHA,North Carolina,East,Southeast,34,48,0.415,93.3,97.3,-4.08,Kwame Brown,C,28,1229255,1444567,66,50,26,2.9,5.7,0.517,0,0,,2.9,5.7,0.517,0.517,2.1,3.5,0.589,2.2,4.6,6.8,0.7,0.4,0.6,1,2.6,7.9,1714,12.8,0.55,0,0.616,10.3,21.6,15.9,4.1,0.8,1.8,12.6,14.9,1.8,1.7,3.5,0.097,-2.2,-0.1,-2.3,-0.1
2010/2011,58044000,65969238.46,473604,Los Angeles Lakers,14,LAL,California,West,Pacific,57,25,0.695,101.5,95.4,6.01,Shannon Brown,SG,25,2200000,2585344,82,0,19.1,3.3,7.8,0.425,0.9,2.6,0.349,2.4,5.3,0.462,0.482,1.1,1.2,0.911,0.4,1.5,1.9,1.2,0.8,0.2,0.9,1.5,8.7,1568,13.6,0.518,0.33,0.157,2.6,8.5,5.7,10,2.3,0.8,9.8,22.2,1.1,1.9,3.1,0.093,-0.6,-1.1,-1.7,0.1
2010/2011,58044000,65969238.46,473604,Los Angeles Lakers,14,LAL,California,West,Pacific,57,25,0.695,101.5,95.4,6.01,Kobe Bryant,SG,32,24806250,29151227,82,82,33.9,9,20,0.451,1.4,4.3,0.323,7.6,15.6,0.487,0.487,5.9,7.1,0.828,1,4.1,5.1,4.7,1.2,0.1,3,2.1,25.3,2779,23.9,0.548,0.217,0.356,3.5,13.3,8.5,26.7,1.9,0.3,11.4,35.1,6.8,3.5,10.3,0.178,4.7,-0.9,3.8,4.1
2010/2011,58044000,65969238.46,473604,Houston Rockets,11,HOU,Texas,West,Southwest,43,39,0.524,105.9,103.7,2.37,Chase Budinger,SF,22,780871,917645,78,22,22.3,3.6,8.4,0.425,1.1,3.5,0.325,2.4,4.9,0.497,0.493,1.5,1.8,0.855,0.7,2.9,3.6,1.6,0.5,0.2,0.9,1.5,9.8,1738,14.2,0.534,0.418,0.21,3.4,15,9.2,11.5,1.2,0.7,8.5,19.9,2.2,1.2,3.4,0.095,0.6,-1.3,-0.7,0.6
2010/2011,58044000,65969238.46,473604,Dallas Mavericks,7,DAL,Texas,West,Southwest,57,25,0.695,100.2,96,4.41,Caron Butler,SF,30,10561960,12411956,29,29,29.9,5.9,13,0.45,1,2.2,0.431,4.9,10.8,0.454,0.487,2.3,3,0.773,0.8,3.3,4.1,1.6,1,0.3,1.7,2,15,867,14.2,0.523,0.172,0.233,3.1,12.5,8,9.1,1.7,0.7,10.5,25.1,0.2,1,1.2,0.067,-1.4,0,-1.4,0.1
2010/2011,58044000,65969238.46,473604,#N/A,#N/A,TOT,#N/A,#N/A,#N/A,#N/A,#N/A,#N/A,#N/A,#N/A,#N/A,Rasual Butler,SG,31,2400000,2820375,47,2,16.4,1.7,5,0.333,1,2.9,0.338,0.7,2.1,0.327,0.43,0.4,0.6,0.667,0.2,1.4,1.6,0.6,0.2,0.3,0.5,0.8,4.7,770,6.2,0.446,0.574,0.114,1.5,10.1,5.9,5.3,0.5,1.5,8.8,15.8,-0.5,0.3,-0.1,-0.009,-3.4,-1.9,-5.3,-0.6
2010/2011,58044000,65969238.46,473604,Los Angeles Clippers,13,LAC,California,West,Pacific,32,50,0.39,98.6,101.8,-2.71,Rasual Butler,SG,31,2400000,2820375,41,2,18.1,1.8,5.5,0.323,1,3.1,0.326,0.8,2.4,0.32,0.416,0.4,0.7,0.667,0.2,1.6,1.9,0.7,0.2,0.4,0.5,0.8,5,744,5.9,0.433,0.571,0.119,1.6,10.3,6,5.5,0.6,1.6,8.5,15.6,-0.5,0.3,-0.2,-0.013,-3.6,-1.7,-5.3,-0.6
2010/2011,58044000,65969238.46,473604,Chicago Bulls,5,CHI,Illinois,East,Central,62,20,0.756,98.6,91.3,6.53,Rasual Butler,SG,31,2400000,2820375,6,0,4.3,1,1.8,0.545,0.7,1.2,0.571,0.3,0.7,0.5,0.727,0,0,,0,0.2,0.2,0,0,0,0.3,0.5,2.7,26,14.5,0.727,0.636,0,0,4.4,2.3,0,0,0,15.4,23,0,0,0.1,0.107,1.2,-6.1,-4.9,0
2010/2011,58044000,65969238.46,473604,Los Angeles Lakers,14,LAL,California,West,Pacific,57,25,0.695,101.5,95.4,6.01,Andrew Bynum,C,23,13700000,16099644,54,47,27.8,4.4,7.6,0.574,0,0,,4.4,7.6,0.574,0.574,2.6,3.9,0.66,3.1,6.3,9.4,1.4,0.4,2,1.4,2.6,11.3,1500,21.1,0.606,0,0.506,13.3,24.7,19.2,7.7,0.7,5.4,12.8,17.6,3.8,2.8,6.6,0.21,0.5,2.8,3.3,2
2010/2011,58044000,65969238.46,473604,Detroit Pistons,9,DET,Michigan,East,Central,30,52,0.366,97,100.6,-3.78,Will Bynum,PG,28,3250000,3819258,61,5,18.4,3,6.7,0.448,0.3,0.8,0.32,2.7,5.8,0.466,0.468,1.7,2,0.836,0.2,1,1.2,3.2,0.9,0.1,1.4,1.9,7.9,1125,15.2,0.524,0.123,0.3,1.6,6.7,4,28.6,2.5,0.3,15.3,22.5,1.1,0.4,1.5,0.066,-0.2,-2.9,-3.1,-0.3
2010/2011,58044000,65969238.46,473604,Toronto Raptors,28,TOR,Ontario,East,Atlantic,22,60,0.268,99.1,105.4,-6.28,Jose Calderon,PG,29,9000000,10576409,68,55,30.9,3.9,8.8,0.44,0.8,2.3,0.365,3,6.5,0.466,0.487,1.3,1.5,0.854,0.4,2.5,3,8.9,1.2,0.1,2.2,2.1,9.8,2102,16.3,0.522,0.262,0.173,1.7,9.9,5.7,43,2,0.3,18.8,16.8,3.2,0.4,3.7,0.084,1.4,-2.7,-1.3,0.4
2010/2011,58044000,65969238.46,473604,Portland Trail Blazers,25,POR,Oregon,West,Northwest,48,34,0.585,96.3,94.8,1.85,Marcus Camby,C,36,11749832,13807892,59,51,26.1,2,5,0.398,0,0,0,2,5,0.399,0.398,0.7,1.2,0.614,3.1,7.2,10.3,2.1,0.7,1.6,1.1,2.4,4.7,1540,14.8,0.426,0.003,0.238,13.8,35.2,24.1,11.7,1.4,5,16,11.7,0.8,3,3.7,0.116,-2.9,5.2,2.3,1.7
2010/2011,58044000,65969238.46,473604,Los Angeles Lakers,14,LAL,California,West,Pacific,57,25,0.695,101.5,95.4,6.01,Derrick Caracter,C,22,473604,556558,41,0,5.2,0.8,1.6,0.485,0,0,,0.8,1.6,0.485,0.485,0.4,0.6,0.739,0.5,0.6,1,0.2,0.1,0.2,0.5,1.1,2,215,10,0.532,0,0.348,10.3,12.2,11.3,5.1,1,3.5,20,20.2,0,0.3,0.3,0.057,-4.5,-0.3,-4.9,-0.2
2010/2011,58044000,65969238.46,473604,Dallas Mavericks,7,DAL,Texas,West,Southwest,57,25,0.695,100.2,96,4.41,Brian Cardinal,SF,33,1352181,1589024,56,4,11,0.8,1.8,0.43,0.8,1.6,0.483,0,0.2,0.077,0.64,0.3,0.3,0.944,0.2,0.9,1.1,0.7,0.4,0.1,0.3,1.5,2.6,618,9.7,0.672,0.87,0.18,2,8.9,5.6,9.1,2,0.9,13.6,9.5,1,0.7,1.7,0.132,1.1,1.3,2.4,0.7
2010/2011,58044000,65969238.46,473604,#N/A,#N/A,TOT,#N/A,#N/A,#N/A,#N/A,#N/A,#N/A,#N/A,#N/A,#N/A,Rodney Carney,SF,26,651872,766051,27,1,12.4,1.7,4.1,0.418,0.6,1.4,0.447,1.1,2.7,0.403,0.495,0.7,1,0.667,0.5,1.3,1.8,0.4,0.4,0.2,0.6,1.2,4.7,336,10.8,0.521,0.345,0.245,4.3,12.1,8.1,4.8,1.8,1.1,11.6,18.1,0.1,0.2,0.3,0.038,-2.5,-2.3,-4.9,-0.2
2010/2011,58044000,65969238.46,473604,Golden State Warriors,10,GSW,California,West,Pacific,36,46,0.439,103.4,105.7,-2,Rodney Carney,SF,26,651872,766051,25,1,13.2,1.8,4.3,0.421,0.7,1.5,0.459,1.1,2.8,0.4,0.5,0.7,1.1,0.667,0.5,1.4,1.9,0.4,0.4,0.2,0.6,1.3,5,331,10.7,0.526,0.346,0.252,4,12.3,8,4.9,1.7,1.2,11.9,18,0.1,0.2,0.3,0.038,-2.6,-2.4,-4.9,-0.2
2010/2011,58044000,65969238.46,473604,Memphis Grizzlies,15,MEM,Tennessee,West,Southwest,46,36,0.561,99.9,97.6,2.55,Rodney Carney,SF,26,651872,766051,2,0,2.5,0.5,1.5,0.333,0,0.5,0,0.5,1,0.5,0.333,0,0,,0.5,0,0.5,0,0.5,0,0,0,1,5,20.4,0.333,0.333,0,23.7,0,12,0,10.4,0,0,27.1,0,0,0,0.071,0.4,-1.2,-0.8,0
2010/2011,58044000,65969238.46,473604,#N/A,#N/A,TOT,#N/A,#N/A,#N/A,#N/A,#N/A,#N/A,#N/A,#N/A,#N/A,DeMarre Carroll,PF,24,1085400,1275514,12,0,4.2,0.3,1,0.333,0,0,,0.3,1,0.333,0.333,0.2,0.2,1,0.2,0.5,0.7,0.3,0.1,0.1,0,0.4,0.8,50,8.7,0.388,0,0.167,4.7,14.5,9.6,10.7,1,1.6,0,11.6,0,0,0.1,0.066,-4.5,-1.3,-5.8,0
2010/2011,58044000,65969238.46,473604,Memphis Grizzlies,15,MEM,Tennessee,West,Southwest,46,36,0.561,99.9,97.6,2.55,DeMarre Carroll,PF,24,1085400,1275514,7,0,5.6,0.6,1.3,0.444,0,0,,0.6,1.3,0.444,0.444,0.3,0.3,1,0.3,0.9,1.1,0.3,0.1,0.1,0,0.7,1.4,39,12.4,0.506,0,0.222,6.1,18.6,12.3,7.3,1.3,2.1,0,11.4,0.1,0,0.1,0.145,-2,0.5,-1.5,0
2010/2011,58044000,65969238.46,473604,Houston Rockets,11,HOU,Texas,West,Southwest,43,39,0.524,105.9,103.7,2.37,DeMarre Carroll,PF,24,1085400,1275514,5,0,2.2,0,0.6,0,0,0,,0,0.6,0,0,0,0,,0,0,0,0.4,0,0,0,0,0,11,-4.5,0,0,0,0,0,0,22.8,0,0,0,12,0,0,0,-0.214,-13.3,-7.8,-21.1,-0.1
2010/2011,58044000,65969238.46,473604,Charlotte Bobcats,4,CHA,North Carolina,East,Southeast,34,48,0.415,93.3,97.3,-4.08,Matt Carroll,SG,30,4300000,5053173,54,1,10.8,1.6,3.7,0.447,0.3,0.9,0.37,1.3,2.8,0.471,0.49,0.7,1,0.769,0.2,1,1.3,0.4,0.3,0.1,0.4,0.8,4.4,582,12.2,0.53,0.231,0.261,2.5,11.7,7.1,6.9,1.6,0.8,9.4,19.8,0.3,0.5,0.8,0.062,-2.3,-2,-4.3,-0.3
2010/2011,58044000,65969238.46,473604,#N/A,#N/A,TOT,#N/A,#N/A,#N/A,#N/A,#N/A,#N/A,#N/A,#N/A,#N/A,Anthony Carter,PG,35,1352181,1589024,33,0,14,1.4,3.2,0.425,0.4,1.2,0.3,1,2,0.5,0.481,0.2,0.2,1,0.2,1.3,1.5,2.1,0.8,0.2,1.2,1.5,3.3,463,9.2,0.502,0.377,0.075,1.7,10.9,6.3,21.3,2.9,1,26.3,14.3,-0.2,0.4,0.2,0.023,-2.8,0.1,-2.8,-0.1
2010/2011,58044000,65969238.46,473604,Denver Nuggets,8,DEN,Colorado,West,Northwest,50,32,0.61,107.5,102.7,4.81,Anthony Carter,PG,35,1352181,1589024,14,0,10.9,0.7,2.1,0.333,0.3,0.9,0.333,0.4,1.3,0.333,0.4,0.1,0.1,1,0,0.9,0.9,1.9,0.6,0.1,1,1.4,1.9,153,5.4,0.421,0.4,0.067,0,8.8,4.5,23.2,3,0.5,31.2,13.1,-0.2,0.2,-0.1,-0.018,-4.8,0.1,-4.7,-0.1
2010/2011,58044000,65969238.46,473604,New York Knicks,20,NYK,New York,East,Atlantic,42,40,0.512,106.5,105.7,0.48,Anthony Carter,PG,35,1352181,1589024,19,0,16.3,1.8,4,0.461,0.4,1.5,0.286,1.4,2.5,0.563,0.513,0.3,0.3,1,0.4,1.7,2.1,2.3,0.9,0.3,1.3,1.6,4.4,310,11.1,0.534,0.368,0.079,2.6,11.9,7.2,20.4,2.9,1.2,24.1,14.8,0,0.3,0.3,0.044,-1.9,0.1,-1.8,0
2010/2011,58044000,65969238.46,473604,#N/A,#N/A,TOT,#N/A,#N/A,#N/A,#N/A,#N/A,#N/A,#N/A,#N/A,#N/A,Vince Carter,SG,34,17300000,20330208,73,63,28.1,5.3,12.2,0.437,1.6,4.4,0.361,3.7,7.8,0.479,0.502,1.8,2.4,0.74,0.7,3,3.8,2,0.9,0.3,1.2,2.6,14,2051,14.8,0.528,0.36,0.194,3.1,12.4,7.8,12.1,1.7,0.7,8.5,23.5,2,1.9,3.8,0.089,1,-0.7,0.3,1.2
2010/2011,58044000,65969238.46,473604,Orlando Magic,22,ORL,Florida,East,Southeast,52,30,0.634,99.2,93.7,4.92,Vince Carter,SG,34,17300000,20330208,22,22,30.2,5.7,12.1,0.47,1.2,3.5,0.346,4.5,8.5,0.521,0.521,2.5,3.4,0.747,0.5,3.6,4.1,2.9,0.9,0.1,1.6,3.2,15.1,664,16.2,0.557,0.293,0.282,2,13.5,7.9,17.3,1.6,0.4,10.7,23.4,1.1,1,2.1,0.151,1.4,0.6,1.9,0.7
2010/2011,58044000,65969238.46,473604,Phoenix Suns,24,PHO,Arizona,West,Pacific,40,42,0.488,105,105.9,-0.46,Vince Carter,SG,34,17300000,20330208,51,41,27.2,5.2,12.3,0.422,1.7,4.8,0.366,3.4,7.5,0.458,0.494,1.4,1.9,0.735,0.8,2.8,3.6,1.6,0.9,0.3,1.1,2.4,13.5,1387,14.2,0.516,0.389,0.157,3.6,11.8,7.7,9.6,1.7,0.9,7.5,23.5,0.9,0.8,1.7,0.06,0.8,-1.2,-0.4,0.5
2010/2011,58044000,65969238.46,473604,Sacramento Kings,26,SAC,California,West,Pacific,24,58,0.293,99.4,104.7,-4.8,Omri Casspi,SF,22,1254480,1474210,71,27,24,3.2,7.7,0.412,1.3,3.5,0.372,1.9,4.2,0.445,0.496,1,1.4,0.673,1,3.3,4.3,1,0.8,0.2,1,1.6,8.6,1702,11.7,0.517,0.452,0.185,4.8,16,10.3,6.6,1.6,0.6,10.3,16.7,1.1,1.3,2.5,0.069,-0.6,-0.7,-1.3,0.3
2010/2011,58044000,65969238.46,473604,Miami Heat,16,MIA,Florida,East,Southeast,58,24,0.707,102.1,94.6,6.76,Mario Chalmers,PG,24,854389,1004040,70,28,22.6,2.2,5.5,0.399,1.2,3.3,0.359,1,2.2,0.459,0.506,0.8,0.9,0.871,0.2,1.9,2.1,2.5,1.1,0.1,1.3,2.3,6.4,1579,10.3,0.538,0.595,0.16,1,9.5,5.5,16.8,2.5,0.3,18,15,0.7,2.3,2.9,0.089,-0.3,0.3,0,0.8
2010/2011,58044000,65969238.46,473604,Dallas Mavericks,7,DAL,Texas,West,Southwest,57,25,0.695,100.2,96,4.41,Tyson Chandler,C,28,12600000,14806972,74,74,27.8,3.6,5.5,0.654,0,0,,3.6,5.5,0.654,0.654,2.9,4,0.732,2.8,6.6,9.4,0.4,0.5,1.1,1.2,3.2,10.1,2059,18.4,0.697,0,0.725,12.2,26.6,19.7,2.4,0.9,3,14.1,14.2,5.8,3.5,9.4,0.218,0.5,1.7,2.2,2.2
2010/2011,58044000,65969238.46,473604,#N/A,#N/A,TOT,#N/A,#N/A,#N/A,#N/A,#N/A,#N/A,#N/A,#N/A,#N/A,Wilson Chandler,SF,23,2130482,2503649,72,49,33.3,6,13.2,0.45,1.6,4.4,0.35,4.4,8.8,0.501,0.509,1.8,2.2,0.807,1,4.6,5.7,1.7,0.7,1.3,1.4,2.8,15.3,2401,14.6,0.537,0.336,0.169,3.6,15.9,9.7,8.1,1,2.9,9.2,20.9,2.1,1.9,3.9,0.079,-0.1,-0.5,-0.5,0.9
2010/2011,58044000,65969238.46,473604,New York Knicks,20,NYK,New York,East,Atlantic,42,40,0.512,106.5,105.7,0.48,Wilson Chandler,SF,23,2130482,2503649,51,30,34.5,6.4,14,0.461,1.7,4.8,0.351,4.7,9.2,0.518,0.521,1.9,2.3,0.807,1.2,4.7,5.9,1.7,0.7,1.4,1.3,3,16.4,1759,15.7,0.548,0.344,0.167,4,15.8,9.8,8.1,1,2.9,8.1,21,2.3,1.2,3.4,0.094,0.7,-0.8,-0.2,0.8
2010/2011,58044000,65969238.46,473604,Denver Nuggets,8,DEN,Colorado,West,Northwest,50,32,0.61,107.5,102.7,4.81,Wilson Chandler,SF,23,2130482,2503649,21,19,30.6,4.8,11.5,0.419,1.2,3.6,0.347,3.6,7.9,0.452,0.473,1.6,2,0.81,0.6,4.4,5,1.6,0.7,1.1,1.8,2.2,12.5,642,11.6,0.505,0.311,0.174,2.4,16.1,9.4,8.3,1.1,2.8,12.5,20.6,-0.2,0.7,0.5,0.037,-2.1,0.5,-1.6,0.1
2010/2011,58044000,65969238.46,473604,Phoenix Suns,24,PHO,Arizona,West,Pacific,40,42,0.488,105,105.9,-0.46,Josh Childress,SG,27,6500000,7638517,54,3,16.6,2.2,4,0.565,0,0.3,0.063,2.2,3.7,0.606,0.568,0.5,1.1,0.492,1.3,1.6,2.9,0.8,0.6,0.4,0.8,1.3,5,894,13,0.567,0.075,0.276,8.9,11.1,10,7,1.9,1.9,15.5,14.3,0.8,0.6,1.4,0.076,-0.7,1.3,0.5,0.6
2010/2011,58044000,65969238.46,473604,#N/A,#N/A,TOT,#N/A,#N/A,#N/A,#N/A,#N/A,#N/A,#N/A,#N/A,#N/A,Earl Clark,SF,23,1898760,2231340,42,0,11,1.6,3.8,0.43,0,0.1,0,1.6,3.6,0.444,0.43,0.6,1.1,0.574,0.9,1.5,2.4,0.2,0.2,0.4,0.7,1.1,3.9,464,10.1,0.456,0.032,0.297,9.5,15.7,12.7,3.1,0.9,3,13.5,20.5,-0.4,0.7,0.3,0.03,-5.9,-0.1,-6,-0.5
2010/2011,58044000,65969238.46,473604,Phoenix Suns,24,PHO,Arizona,West,Pacific,40,42,0.488,105,105.9,-0.46,Earl Clark,SF,23,1898760,2231340,9,0,8,1.3,3.4,0.387,0,0,,1.3,3.4,0.387,0.387,0.6,1.1,0.5,0.4,1.4,1.9,0.4,0.1,0.3,0.2,0.7,3.2,72,11.3,0.41,0,0.323,6.4,20.9,13.6,8.7,0.7,3.1,5.3,23.4,-0.1,0.1,0,-0.01,-6,-0.9,-6.9,-0.1
2010/2011,58044000,65969238.46,473604,Orlando Magic,22,ORL,Florida,East,Southeast,52,30,0.634,99.2,93.7,4.92,Earl Clark,SF,23,1898760,2231340,33,0,11.9,1.7,3.8,0.441,0,0.2,0,1.7,3.7,0.459,0.441,0.7,1.1,0.595,1,1.5,2.5,0.2,0.2,0.5,0.8,1.2,4.1,392,9.9,0.468,0.039,0.291,10.1,14.8,12.5,2.1,0.9,3,15.4,20,-0.3,0.7,0.3,0.038,-5.9,0.1,-5.8,-0.4
2010/2011,58044000,65969238.46,473604,#N/A,#N/A,TOT,#N/A,#N/A,#N/A,#N/A,#N/A,#N/A,#N/A,#N/A,#N/A,Jarron Collins,C,32,643551,756273,28,0,6.5,0.2,0.8,0.286,0,0,,0.2,0.8,0.286,0.286,0.3,0.4,0.7,0.5,0.4,0.9,0.1,0.1,0,0.3,1,0.7,181,1.6,0.374,0,0.476,9.1,6.4,7.9,1.5,1.1,0.4,21.6,8.1,-0.1,0.1,-0.1,-0.016,-5.4,-0.8,-6.2,-0.2
2010/2011,58044000,65969238.46,473604,Los Angeles Clippers,13,LAC,California,West,Pacific,32,50,0.39,98.6,101.8,-2.71,Jarron Collins,C,32,643551,756273,23,0,6.8,0.2,0.7,0.333,0,0,,0.2,0.7,0.333,0.333,0.3,0.4,0.7,0.3,0.4,0.7,0,0.2,0,0.2,1,0.7,157,1.8,0.438,0,0.667,5.3,7.4,6.3,0.9,1.3,0.5,20.5,6.9,-0.1,0.1,0,0,-5.5,-0.5,-6,-0.2
2010/2011,58044000,65969238.46,473604,Portland Trail Blazers,25,POR,Oregon,West,Northwest,48,34,0.585,96.3,94.8,1.85,Jarron Collins,C,32,643551,756273,5,0,4.8,0.2,1.2,0.167,0,0,,0.2,1.2,0.167,0.167,0,0,,1.4,0,1.4,0.2,0,0,0.4,1,0.4,24,0,0.167,0,0,34.2,0,17.8,5.9,0,0,25,15.6,-0.1,0,-0.1,-0.124,-4.7,-2.7,-7.4,0
2010/2011,58044000,65969238.46,473604,Atlanta Hawks,1,ATL,Georgia,East,Southeast,44,38,0.537,95,95.8,-1.1,Jason Collins,C,32,1352181,1589024,49,28,12.1,0.7,1.4,0.479,0,0,1,0.7,1.4,0.471,0.486,0.6,0.8,0.659,0.6,1.5,2.1,0.4,0.2,0.2,0.5,2,2,593,5.4,0.539,0.014,0.577,6.1,14.5,10.4,5.3,0.8,1.2,22.6,9.2,0.1,0.5,0.6,0.049,-4.4,0.5,-3.9,-0.3
2010/2011,58044000,65969238.46,473604,Charlotte Bobcats,4,CHA,North Carolina,East,Southeast,34,48,0.415,93.3,97.3,-4.08,Sherron Collins,PG,23,473604,556558,20,0,3.3,0.4,1.3,0.28,0.1,0.5,0.2,0.3,0.8,0.333,0.32,0.1,0.1,1,0,0.3,0.3,0.4,0.1,0,0.2,0.1,0.9,66,3.6,0.334,0.4,0.04,0,9.2,4.6,19.6,1.6,0,13.6,20.9,-0.2,0,-0.2,-0.121,-6.9,-3.3,-10.2,-0.1
2010/2011,58044000,65969238.46,473604,Indiana Pacers,12,IND,Indiana,East,Central,37,45,0.451,99.8,100.9,-1.38,Darren Collison,PG,23,1361040,1599435,79,79,29.9,5,11,0.457,0.5,1.6,0.331,4.5,9.4,0.479,0.481,2.6,2.9,0.871,0.5,2.3,2.8,5.1,1.1,0.2,2.5,1.4,13.2,2360,15.6,0.534,0.143,0.267,1.9,8.6,5.3,28.9,1.9,0.4,16.6,21.9,2.1,2.2,4.3,0.087,0.2,-0.9,-0.7,0.8
2010/2011,58044000,65969238.46,473604,Oklahoma City Thunder,21,OKC,Oklahoma,West,Northwest,55,27,0.671,104.8,101,3.81,Nick Collison,C,30,13250000,15570824,71,2,21.5,1.9,3.4,0.566,0,0,,1.9,3.4,0.566,0.566,0.8,1,0.753,1.7,2.8,4.5,1,0.6,0.4,0.8,3,4.6,1524,10.8,0.6,0,0.302,9.5,14.6,12.1,6.7,1.4,1.5,16.7,9.8,2.1,1.5,3.6,0.113,-0.3,1.4,1,1.2
2010/2011,58044000,65969238.46,473604,Memphis Grizzlies,15,MEM,Tennessee,West,Southwest,46,36,0.561,99.9,97.6,2.55,Mike Conley,PG,23,4913007,5773552,81,81,35.5,5.2,11.8,0.444,1,2.7,0.369,4.2,9.1,0.466,0.486,2.2,3,0.733,0.4,2.7,3,6.5,1.8,0.2,2.2,2.2,13.7,2872,15.9,0.521,0.228,0.259,1.3,9,5.1,28,2.6,0.5,14.2,19.4,3.4,3.2,6.6,0.111,1.4,-0.1,1.3,2.4
2010/2011,58044000,65969238.46,473604,Los Angeles Clippers,13,LAC,California,West,Pacific,32,50,0.39,98.6,101.8,-2.71,Brian Cook,PF,30,1146337,1347125,40,0,11.2,1.8,4.3,0.424,0.9,2,0.43,1,2.3,0.418,0.524,0.4,0.6,0.625,0.5,1.9,2.4,0.4,0.3,0.3,0.6,1.9,4.8,447,11.6,0.534,0.465,0.141,5,20,12.6,5.6,1.4,1.9,12.2,20.5,0.1,0.5,0.6,0.064,-1.8,-1.6,-3.5,-0.2
2010/2011,58044000,65969238.46,473604,Oklahoma City Thunder,21,OKC,Oklahoma,West,Northwest,55,27,0.671,104.8,101,3.81,Daequan Cook,SG,23,2169857,2549921,43,0,13.9,1.8,4.2,0.436,1.5,3.6,0.422,0.3,0.6,0.519,0.616,0.4,0.5,0.8,0.2,1.5,1.7,0.5,0.3,0,0.4,1.2,5.6,598,12.8,0.63,0.851,0.11,1.6,12.1,7,5.3,1.2,0.1,8.2,15.7,1.2,0.4,1.6,0.126,2.5,-2.7,-0.2,0.3
2010/2011,58044000,65969238.46,473604,Utah Jazz,29,UTA,Utah,West,Northwest,39,43,0.476,99.4,101.3,-1.44,0,C,24,#N/A,#N/A,4,0,4.5,0.5,0.8,0.667,0,0,,0.5,0.8,0.667,0.667,0,0,,0,0.8,0.8,0,0,0.3,0.3,0.3,1,18,7.8,0.667,0,0,0,20.3,10.1,0,0,4.5,25,10.2,0,0,0,0.008,-7.5,-2.4,-9.9,0
2010/2011,58044000,65969238.46,473604,Sacramento Kings,26,SAC,California,West,Pacific,24,58,0.293,99.4,104.7,-4.8,DeMarcus Cousins,C,20,3374640,3965730,81,62,28.5,5.3,12.4,0.43,0,0.2,0.167,5.3,12.2,0.435,0.432,3.4,5,0.687,2.7,6,8.6,2.5,1,0.8,3.3,4.1,14.1,2309,14.6,0.484,0.018,0.4,10.4,24.4,17.2,14.7,1.9,2.1,18.5,27.2,-1.9,2.9,1.1,0.022,-2.9,1.5,-1.4,0.4
2010/2011,58044000,65969238.46,473604,Atlanta Hawks,1,ATL,Georgia,East,Southeast,44,38,0.537,95,95.8,-1.1,Jamal Crawford,SG,30,10800000,12691690,76,0,30.2,4.8,11.5,0.421,1.6,4.6,0.341,3.3,6.9,0.474,0.489,2.9,3.4,0.854,0.3,1.4,1.7,3.2,0.8,0.2,1.9,1.3,14.2,2297,14.2,0.545,0.399,0.297,1.2,5.6,3.4,17.7,1.3,0.5,12.8,23.4,1.9,1.4,3.4,0.071,0.7,-2.7,-2,0
2010/2011,58044000,65969238.46,473604,#N/A,#N/A,TOT,#N/A,#N/A,#N/A,#N/A,#N/A,#N/A,#N/A,#N/A,#N/A,Jordan Crawford,SG,22,1042320,1224889,42,18,24.5,4.6,11.9,0.384,0.8,3,0.258,3.8,8.9,0.427,0.417,1.7,2,0.869,0.7,1.8,2.5,2.8,0.9,0.1,2,1.5,11.7,1027,11.8,0.456,0.256,0.168,3.4,8.6,5.9,19.8,2,0.2,13.4,27,-1,0.5,-0.6,-0.026,-1.4,-2.5,-3.8,-0.5
2010/2011,58044000,65969238.46,473604,Atlanta Hawks,1,ATL,Georgia,East,Southeast,44,38,0.537,95,95.8,-1.1,Jordan Crawford,SG,22,1042320,1224889,16,0,10,1.7,4.8,0.351,0.6,1.7,0.333,1.1,3.1,0.36,0.409,0.3,0.4,0.667,0.6,1.2,1.8,0.9,0.2,0,0.9,0.8,4.2,160,7.6,0.421,0.351,0.078,6.8,14.2,10.5,16,1,0,15.8,28.1,-0.4,0.1,-0.3,-0.09,-4.5,-3,-7.5,-0.2
2010/2011,58044000,65969238.46,473604,Washington Wizards,30,WAS,Washington DC,East,Southeast,23,59,0.28,97.3,104.7,-7.3,Jordan Crawford,SG,22,1042320,1224889,26,18,33.3,6.3,16.3,0.39,0.9,3.9,0.238,5.4,12.4,0.438,0.418,2.7,3,0.885,0.8,2.1,3,3.9,1.4,0.1,2.6,1.9,16.3,867,12.6,0.462,0.239,0.184,2.8,7.5,5.1,20.5,2.1,0.3,12.9,26.8,-0.6,0.3,-0.3,-0.014,-0.8,-2.4,-3.2,-0.3
2010/2011,58044000,65969238.46,473604,#N/A,#N/A,TOT,#N/A,#N/A,#N/A,#N/A,#N/A,#N/A,#N/A,#N/A,#N/A,Dante Cunningham,PF,23,762195,895698,78,18,21,2.8,6.1,0.462,0,0.2,0.077,2.8,5.9,0.473,0.463,0.6,0.8,0.726,1.2,2.3,3.6,0.6,0.7,0.6,0.7,2.3,6.2,1637,10.7,0.483,0.028,0.131,6.9,13.9,10.3,4.3,1.8,2.2,9.3,15.7,0.3,1.7,2,0.06,-3.2,0.5,-2.8,-0.3
2010/2011,58044000,65969238.46,473604,Portland Trail Blazers,25,POR,Oregon,West,Northwest,48,34,0.585,96.3,94.8,1.85,Dante Cunningham,PF,23,762195,895698,56,9,19.8,2.3,5.2,0.433,0,0.1,0,2.3,5.1,0.439,0.433,0.6,0.8,0.711,1.3,2.1,3.4,0.5,0.7,0.6,0.6,2.5,5.1,1108,9.5,0.457,0.014,0.155,7.7,13.4,10.4,4.3,1.9,2.4,9.6,14.5,0.1,1.2,1.3,0.057,-3.5,1,-2.5,-0.1
2010/2011,58044000,65969238.46,473604,Charlotte Bobcats,4,CHA,North Carolina,East,Southeast,34,48,0.415,93.3,97.3,-4.08,Dante Cunningham,PF,23,762195,895698,22,9,24,4.2,8.2,0.508,0,0.4,0.111,4.1,7.8,0.529,0.511,0.6,0.8,0.765,1,3,4,0.6,0.7,0.5,0.8,1.7,9,529,13.1,0.525,0.05,0.094,5.2,15,10.1,4.5,1.5,1.7,8.7,18.3,0.2,0.5,0.7,0.065,-2.6,-0.6,-3.2,-0.2
2010/2011,58044000,65969238.46,473604,Golden State Warriors,10,GSW,California,West,Pacific,36,46,0.439,103.4,105.7,-2,Stephen Curry,PG,22,2913840,3424218,74,74,33.6,6.8,14.2,0.48,2,4.6,0.442,4.8,9.6,0.498,0.551,2.9,3.1,0.934,0.7,3.2,3.9,5.8,1.5,0.3,3.1,3.1,18.6,2489,19.4,0.595,0.325,0.216,2.3,10.9,6.5,28.1,2.2,0.6,16.4,24.4,5.4,1.3,6.6,0.128,3.5,-1.6,1.9,2.4
2010/2011,58044000,65969238.46,473604,Sacramento Kings,26,SAC,California,West,Pacific,24,58,0.293,99.4,104.7,-4.8,Samuel Dalembert,C,29,13428129,15780153,80,46,24.2,3.4,7.1,0.473,0,0,0,3.4,7.1,0.474,0.473,1.4,1.9,0.73,2.7,5.6,8.2,0.8,0.5,1.5,1.7,2.8,8.1,1938,14.1,0.509,0.004,0.261,12.1,26.9,19.3,5.3,0.9,4.3,17.3,17.1,0.4,2.5,2.9,0.072,-3.6,1.6,-2,0
2010/2011,58044000,65969238.46,473604,Miami Heat,16,MIA,Florida,East,Southeast,58,24,0.707,102.1,94.6,6.76,Erick Dampier,C,35,1129469,1327302,51,22,16,1,1.7,0.584,0,0,0,1,1.7,0.591,0.584,0.5,0.9,0.545,1,2.4,3.5,0.4,0.3,0.9,0.6,1.6,2.5,815,9.7,0.591,0.011,0.494,8.2,17.1,12.9,3.8,0.9,4.5,22.8,8.1,0.5,1.4,1.9,0.109,-2.8,3,0.3,0.5
2010/2011,58044000,65969238.46,473604,Philadelphia 76ers,23,PHI,Pennsylvania,East,Atlantic,41,41,0.5,99,97.5,1.01,Antonio Daniels,PG,35,#N/A,#N/A,4,0,8.8,0.5,1.3,0.4,0,0.5,0,0.5,0.8,0.667,0.4,0.5,0.5,1,0,1.3,1.3,0.5,0,0,0.3,0,1.5,35,6.7,0.51,0.4,0.4,0,16.5,8.2,7.9,0,0,14.5,9.1,0,0,0,0.044,-4.9,-1.1,-6,0
2010/2011,58044000,65969238.46,473604,Boston Celtics,2,BOS,Massachusetts,East,Atlantic,56,26,0.683,96.5,91.1,4.83,Marquis Daniels,SF,30,2470000,2902636,49,0,19.1,2.3,4.7,0.491,0.1,0.4,0.19,2.2,4.3,0.521,0.5,0.8,1.2,0.684,0.5,1.8,2.3,1.3,0.8,0.4,0.8,1.3,5.5,938,11.7,0.527,0.091,0.246,3.3,11,7.4,10.6,2.2,1.8,12.9,15.1,0.3,1.7,2,0.103,-2.3,2.6,0.3,0.6
2010/2011,58044000,65969238.46,473604,#N/A,#N/A,TOT,#N/A,#N/A,#N/A,#N/A,#N/A,#N/A,#N/A,#N/A,#N/A,Baron Davis,PG,31,13000000,15277035,58,44,28.4,5,11.9,0.417,1.4,4.1,0.339,3.6,7.8,0.458,0.475,1.7,2.3,0.771,0.6,2.1,2.7,6.7,1.3,0.5,2.5,2.5,13.1,1649,17,0.506,0.345,0.189,2.5,8.6,5.5,41.2,2.4,1.3,16.3,24.4,1.5,1.3,2.8,0.081,2.2,-1.5,0.7,1.1
2010/2011,58044000,65969238.46,473604,Los Angeles Clippers,13,LAC,California,West,Pacific,32,50,0.39,98.6,101.8,-2.71,Baron Davis,PG,31,13000000,15277035,43,35,29.5,5,12,0.416,1,3.5,0.296,3.9,8.4,0.466,0.459,1.8,2.4,0.76,0.7,2.1,2.8,7,1.4,0.5,2.5,2.7,12.8,1269,16.3,0.492,0.295,0.202,2.7,8.3,5.5,39.9,2.5,1.4,16,23.5,1,1.1,2.1,0.079,1.5,-1.1,0.4,0.8
2010/2011,58044000,65969238.46,473604,Cleveland Cavaliers,6,CLE,Ohio,East,Central,19,63,0.232,95.5,104.5,-8.88,Baron Davis,PG,31,13000000,15277035,15,9,25.3,5,11.9,0.421,2.4,5.8,0.414,2.6,6.1,0.429,0.522,1.5,1.8,0.815,0.4,2,2.4,6.1,1.1,0.4,2.6,1.9,13.9,380,19.3,0.548,0.489,0.152,1.8,9.3,5.4,45.4,2.2,1.2,17,27.3,0.5,0.2,0.7,0.086,4.5,-2.8,1.7,0.4
2010/2011,58044000,65969238.46,473604,Toronto Raptors,28,TOR,Ontario,East,Atlantic,22,60,0.268,99.1,105.4,-6.28,Ed Davis,PF,21,1919160,2255313,65,17,24.6,3.3,5.7,0.576,0,0,,3.3,5.7,0.576,0.576,1.1,2,0.555,2.6,4.5,7.1,0.6,0.6,1,0.7,2.8,7.7,1602,15.8,0.583,0,0.343,12.1,22.3,17.1,3.8,1.3,3.2,10.1,13.3,2.9,1.1,4,0.119,-0.1,0.5,0.3,0.9
2010/2011,58044000,65969238.46,473604,Boston Celtics,2,BOS,Massachusetts,East,Atlantic,56,26,0.683,96.5,91.1,4.83,Glen Davis,C,25,3300000,3878016,78,13,29.5,4.6,10.3,0.448,0,0.2,0.133,4.6,10.1,0.454,0.449,2.5,3.4,0.736,1.3,4.2,5.4,1.2,1,0.4,1.1,3,11.7,2298,12.8,0.499,0.019,0.331,5.7,16.4,11.4,6.6,1.8,1,8.5,20.9,0.6,4.3,4.9,0.102,-2.8,1.4,-1.4,0.3
2010/2011,58044000,65969238.46,473604,Detroit Pistons,9,DET,Michigan,East,Central,30,52,0.366,97,100.6,-3.78,Austin Daye,SF,22,1803720,2119653,72,16,20.1,2.7,6.5,0.41,1,2.4,0.401,1.7,4.2,0.415,0.483,1.1,1.5,0.759,0.9,2.9,3.8,1.1,0.5,0.5,0.8,2.3,7.5,1446,13,0.518,0.365,0.229,5.2,18.6,11.6,8.5,1.5,2.2,10.2,18.6,1.2,0.9,2.1,0.07,-0.6,-0.7,-1.3,0.3
2010/2011,58044000,65969238.46,473604,Milwaukee Bucks,17,MIL,Wisconsin,East,Central,35,47,0.427,91.9,92.7,-1.02,Carlos Delfino,SF,28,3500000,4113047,49,40,32.4,4.1,10.5,0.39,2.1,5.8,0.37,1.9,4.7,0.415,0.492,1.2,1.5,0.8,0.5,3.6,4.1,2.3,1.6,0.2,1.2,1.5,11.5,1590,13.1,0.517,0.554,0.146,1.7,13.2,7.3,12.1,2.6,0.4,9.5,17.7,0.9,2.6,3.5,0.105,0.6,1.5,2.1,1.6
2010/2011,58044000,65969238.46,473604,Chicago Bulls,5,CHI,Illinois,East,Central,62,20,0.756,98.6,91.3,6.53,Luol Deng,SF,25,11345000,13332151,82,82,39.1,6.5,14.1,0.46,1.4,4.1,0.345,5.1,10,0.506,0.51,3.1,4.1,0.753,1.4,4.4,5.8,2.8,1,0.6,1.9,2,17.4,3208,15.5,0.549,0.288,0.291,4.4,12.8,8.7,11.9,1.3,1.1,10.7,20.9,4.7,5.2,9.9,0.149,1.2,1,2.2,3.4
2010/2011,58044000,65969238.46,473604,Toronto Raptors,28,TOR,Ontario,East,Atlantic,22,60,0.268,99.1,105.4,-6.28,DeMar DeRozan,SG,21,2453880,2883693,82,82,34.8,6.6,14.1,0.467,0.1,0.6,0.096,6.5,13.4,0.485,0.469,4,4.9,0.813,0.9,2.9,3.8,1.8,1,0.4,1.8,2.6,17.2,2851,14.5,0.53,0.045,0.348,3,10.2,6.5,8.6,1.5,0.8,9.8,23.2,2.8,0.5,3.2,0.055,-0.6,-1.9,-2.4,-0.3
2010/2011,58044000,65969238.46,473604,Charlotte Bobcats,4,CHA,North Carolina,East,Southeast,34,48,0.415,93.3,97.3,-4.08,Boris Diaw,PF,28,9000000,10576409,82,82,33.9,4.6,9.4,0.492,1,2.8,0.345,3.7,6.7,0.553,0.543,1,1.5,0.683,1.3,3.8,5,4.1,0.9,0.6,2,2.3,11.3,2778,13.9,0.558,0.292,0.159,4.5,13.6,9,20.6,1.4,1.3,16.7,16.8,2.4,2.3,4.8,0.082,0.8,0.7,1.5,2.5
2010/2011,58044000,65969238.46,473604,Los Angeles Clippers,13,LAC,California,West,Pacific,32,50,0.39,98.6,101.8,-2.71,Ike Diogu,PF,27,608772,715402,36,0,13.1,2.3,4.1,0.561,0,0,,2.3,4.1,0.561,0.561,1.1,1.7,0.661,1.1,2.1,3.2,0.1,0.1,0.1,0.6,2,5.8,470,13.7,0.59,0,0.419,10.3,18.3,14.3,0.7,0.3,0.5,11.2,18.7,0.7,0.3,1,0.104,-2.9,-4.7,-7.6,-0.7
2010/2011,58044000,65969238.46,473604,Charlotte Bobcats,4,CHA,North Carolina,East,Southeast,34,48,0.415,93.3,97.3,-4.08,DeSagana Diop,C,29,6478600,7613369,16,0,11.3,0.5,1.5,0.333,0,0,,0.5,1.5,0.333,0.333,0.3,0.7,0.364,0.8,1.8,2.5,0.4,0.3,0.9,0.7,1.6,1.3,181,5.4,0.347,0,0.458,8,18.9,13.4,5.7,1.2,6.7,27.6,10.3,-0.3,0.3,-0.1,-0.016,-7.4,4.2,-3.3,-0.1
2010/2011,58044000,65969238.46,473604,Milwaukee Bucks,17,MIL,Wisconsin,East,Central,35,47,0.427,91.9,92.7,-1.02,Keyon Dooling,PG,30,2000000,2350313,80,22,22,2.6,6.5,0.397,1,2.9,0.346,1.6,3.6,0.439,0.475,1,1.2,0.83,0.2,1.3,1.5,3,0.7,0.1,1.1,1.5,7.1,1757,11.3,0.509,0.451,0.181,0.8,7.1,3.9,23.4,1.6,0.2,14,17.3,0.8,2.1,2.9,0.08,-1,-1.2,-2.2,-0.1
2010/2011,58044000,65969238.46,473604,Toronto Raptors,28,TOR,Ontario,East,Atlantic,22,60,0.268,99.1,105.4,-6.28,Joey Dorsey,C,27,854389,1004040,43,9,12.1,1.2,2.3,0.525,0,0,,1.2,2.3,0.525,0.525,0.7,1.5,0.477,1.8,2.6,4.4,0.6,0.6,0.4,0.9,1.8,3.1,522,14.2,0.529,0,0.657,17.5,25.8,21.6,7.4,2.4,2.5,23.4,14.3,0.2,0.5,0.8,0.072,-1.6,1.6,0,0.3
2010/2011,58044000,65969238.46,473604,New York Knicks,20,NYK,New York,East,Atlantic,42,40,0.512,106.5,105.7,0.48,Toney Douglas,SG,24,1071000,1258592,81,9,24.3,3.9,9.3,0.416,1.8,4.7,0.373,2.1,4.6,0.46,0.511,1,1.3,0.794,0.8,2.2,3,3,1.1,0,1.1,2.2,10.6,1971,15.2,0.534,0.507,0.142,3.7,10.5,7.1,19.5,2.3,0.1,10,20.1,3,1.2,4.2,0.101,2.5,-1.8,0.7,1.4
2010/2011,58044000,65969238.46,473604,Milwaukee Bucks,17,MIL,Wisconsin,East,Central,35,47,0.427,91.9,92.7,-1.02,Chris Douglas-Roberts,SF,24,854389,1004040,44,12,20.1,2.7,6.2,0.429,0.3,1,0.326,2.3,5.2,0.449,0.456,1.7,2,0.831,0.2,1.8,2,1.1,0.7,0.3,0.8,1.7,7.3,884,11.5,0.517,0.168,0.326,0.9,11,5.8,9.8,1.8,1.2,10.1,18.4,0.4,1.3,1.6,0.088,-2.8,0.6,-2.3,-0.1
2010/2011,58044000,65969238.46,473604,Phoenix Suns,24,PHO,Arizona,West,Pacific,40,42,0.488,105,105.9,-0.46,Zabian Dowdell,PG,26,242374,284827,24,0,12.2,2.1,5.2,0.408,0.1,0.4,0.3,2,4.8,0.417,0.42,0.7,0.7,0.941,0.2,0.6,0.8,2.1,0.8,0.1,1.2,1.3,5,292,11.7,0.457,0.08,0.136,2,5.9,4,27.7,3.5,0.5,18,25,-0.4,0.2,-0.1,-0.019,-3.5,-1,-4.6,-0.2
2010/2011,58044000,65969238.46,473604,#N/A,#N/A,TOT,#N/A,#N/A,#N/A,#N/A,#N/A,#N/A,#N/A,#N/A,#N/A,Goran Dragic,PG,24,1972000,2317408,70,5,17.6,2.7,6.3,0.435,0.8,2.2,0.361,1.9,4.1,0.476,0.499,1.2,1.9,0.624,0.5,1.5,2,2.9,0.7,0.1,1.7,1.8,7.5,1234,13.2,0.524,0.351,0.302,3.3,9.9,6.6,25.6,2.1,0.6,19,22.4,0.2,0.8,1,0.04,-0.3,-1.2,-1.5,0.2
2010/2011,58044000,65969238.46,473604,Phoenix Suns,24,PHO,Arizona,West,Pacific,40,42,0.488,105,105.9,-0.46,Goran Dragic,PG,24,1972000,2317408,48,2,17.8,2.8,6.6,0.421,0.6,2.1,0.277,2.2,4.5,0.488,0.465,1.2,2,0.608,0.5,1.3,1.8,3.1,0.8,0.1,2,1.9,7.4,856,11.2,0.492,0.32,0.307,3.2,8.4,5.8,26.8,2.1,0.5,21.1,24,-0.7,0.5,-0.2,-0.012,-1.7,-1.3,-3,-0.2
2010/2011,58044000,65969238.46,473604,Houston Rockets,11,HOU,Texas,West,Southwest,43,39,0.524,105.9,103.7,2.37,Goran Dragic,PG,24,1972000,2317408,22,3,17.2,2.7,5.7,0.472,1.3,2.5,0.519,1.4,3.2,0.437,0.584,1.1,1.6,0.667,0.5,2,2.5,2.5,0.6,0.2,1,1.6,7.7,378,17.7,0.604,0.432,0.288,3.6,13.2,8.4,22.7,1.9,0.7,13,18.9,0.9,0.3,1.2,0.157,2.9,-0.9,2,0.4
2010/2011,58044000,65969238.46,473604,Phoenix Suns,24,PHO,Arizona,West,Pacific,40,42,0.488,105,105.9,-0.46,Jared Dudley,SF,25,2151068,2527841,82,15,26.1,3.7,7.7,0.477,1.3,3.1,0.415,2.4,4.6,0.519,0.56,2,2.7,0.743,1.4,2.5,3.9,1.3,1.1,0.2,0.9,1.7,10.6,2140,15.6,0.598,0.402,0.347,6,11.2,8.6,7.6,2.1,0.7,9.6,16.9,4.2,1.4,5.6,0.126,2.6,0.2,2.8,2.5
2010/2011,58044000,65969238.46,473604,Orlando Magic,22,ORL,Florida,East,Southeast,52,30,0.634,99.2,93.7,4.92,Chris Duhon,PG,28,3500000,4113047,51,5,15.2,1,2.5,0.38,0.3,1,0.25,0.7,1.5,0.468,0.43,0.3,0.5,0.56,0.2,0.8,1,2.3,0.3,0,1.2,0.6,2.5,774,5.6,0.446,0.403,0.194,1.4,6.3,3.9,22.4,1.1,0.2,30.3,12,-0.7,0.9,0.2,0.014,-4.7,-0.4,-5.1,-0.6
2010/2011,58044000,65969238.46,473604,San Antonio Spurs,27,SAS,Texas,West,Southwest,61,21,0.744,103.7,98,5.86,Tim Duncan,C,34,18700000,21975427,76,76,28.4,5.5,11,0.5,0,0.1,0,5.5,11,0.502,0.5,2.4,3.4,0.716,2.2,6.7,8.9,2.7,0.7,1.9,1.6,1.6,13.4,2156,21.9,0.537,0.005,0.307,9.3,26.8,18.3,15.7,1.2,4.8,11.4,22.9,3.7,4,7.7,0.171,-0.1,3.9,3.8,3.2
2010/2011,58044000,65969238.46,473604,Indiana Pacers,12,IND,Indiana,East,Central,37,45,0.451,99.8,100.9,-1.38,Mike Dunleavy,SG,30,10561984,12411984,61,44,27.6,3.9,8.5,0.462,1.7,4.2,0.402,2.3,4.4,0.519,0.56,1.6,2,0.8,0.5,4.1,4.5,1.7,0.7,0.5,1.1,1.8,11.2,1683,14.6,0.593,0.488,0.24,1.9,16.2,9.1,10.1,1.2,1.3,10.7,16.9,2.6,1.9,4.5,0.129,1.1,0.2,1.3,1.4
2010/2011,58044000,65969238.46,473604,Toronto Raptors,28,TOR,Ontario,East,Atlantic,22,60,0.268,99.1,105.4,-6.28,Ronald Dupree,SF,30,58393,68620,3,0,4.3,0.3,1.3,0.25,0,0.3,0,0.3,1,0.333,0.25,0,0,,0,1,1,0.3,0,0,0,0.7,0.7,13,0.5,0.25,0.25,0,0,28,13.7,10.7,0,0,0,13.8,0,0,0,-0.094,-8.2,-2.5,-10.7,0
2010/2011,58044000,65969238.46,473604,Oklahoma City Thunder,21,OKC,Oklahoma,West,Northwest,55,27,0.671,104.8,101,3.81,Kevin Durant,SF,22,6053663,7114001,78,78,38.9,9.1,19.7,0.462,1.9,5.3,0.35,7.3,14.4,0.504,0.509,7.6,8.7,0.88,0.7,6.1,6.8,2.7,1.1,1,2.8,2,27.7,3038,23.6,0.589,0.269,0.439,2.3,17.7,10.3,13.2,1.5,1.8,10.6,30.6,8.6,3.3,12,0.189,3.7,-0.8,2.9,3.7
2010/2011,58044000,65969238.46,473604,Los Angeles Lakers,14,LAL,California,West,Pacific,57,25,0.695,101.5,95.4,6.01,Devin Ebanks,SG,21,473604,556558,20,0,5.9,1.1,2.6,0.412,0.1,0.3,0.4,1,2.3,0.413,0.431,0.9,1.2,0.783,0.8,0.6,1.4,0.1,0.2,0.3,0.3,0.4,3.1,118,19.4,0.507,0.098,0.451,14.9,11.1,13,2.8,1.8,3.2,8.9,25.9,0.2,0.2,0.4,0.144,-1.8,-2.5,-4.3,-0.1
2010/2011,58044000,65969238.46,473604,Minnesota Timberwolves,18,MIN,Minnesota,West,Northwest,17,65,0.207,101.1,107.7,-5.97,Wayne Ellington,SG,23,1078800,1267758,62,8,19,2.6,6.4,0.403,0.8,2,0.397,1.8,4.5,0.406,0.463,0.7,0.9,0.792,0.4,1.3,1.7,1.2,0.5,0,0.9,1.4,6.6,1181,8.6,0.488,0.305,0.134,2.4,7.9,5.1,9.4,1.2,0.2,11.2,17.1,0.1,0.1,0.3,0.01,-2.2,-2.3,-4.6,-0.8
2010/2011,58044000,65969238.46,473604,Golden State Warriors,10,GSW,California,West,Pacific,36,46,0.439,103.4,105.7,-2,Monta Ellis,SG,25,11000000,12926722,80,80,40.3,9.1,20.1,0.451,1.7,4.7,0.361,7.4,15.4,0.478,0.493,4.3,5.4,0.789,0.6,3,3.5,5.6,2.1,0.3,3.2,2.5,24.1,3227,18.6,0.536,0.235,0.268,1.5,8.5,4.9,23.4,2.6,0.5,12.3,28.1,4.3,1.7,6,0.089,2,-1.8,0.2,1.8
2010/2011,58044000,65969238.46,473604,Utah Jazz,29,UTA,Utah,West,Northwest,39,43,0.476,99.4,101.3,-1.44,Francisco Elson,C,34,1146337,1347125,62,1,9.8,0.9,1.8,0.478,0,0,,0.9,1.8,0.478,0.478,0.4,0.5,0.839,0.6,1.3,1.9,0.5,0.3,0.2,0.5,1.4,2.2,610,8.9,0.529,0,0.274,6.9,16,11.4,7.9,1.8,1.9,20.2,11.9,0.1,0.5,0.6,0.046,-3.5,0.4,-3.1,-0.2
2010/2011,58044000,65969238.46,473604,Denver Nuggets,8,DEN,Colorado,West,Northwest,50,32,0.61,107.5,102.7,4.81,Melvin Ely,C,32,1223166,1437411,30,2,12.2,0.9,1.7,0.549,0,0,,0.9,1.7,0.549,0.549,0.4,0.7,0.619,0.9,1.6,2.5,0.5,0.1,0.4,0.5,1.7,2.3,366,8.3,0.573,0,0.412,8.8,14.4,11.7,5.3,0.5,2.3,18.9,9,0.3,0.3,0.6,0.083,-2,1,-1,0.1
2010/2011,58044000,65969238.46,473604,#N/A,#N/A,TOT,#N/A,#N/A,#N/A,#N/A,#N/A,#N/A,#N/A,#N/A,#N/A,Semih Erden,C,24,473604,556558,41,8,14.5,1.5,2.7,0.559,0,0,,1.5,2.7,0.559,0.559,1,1.5,0.65,0.9,2,2.9,0.5,0.4,0.6,0.8,2.5,4,595,10.3,0.593,0,0.541,7.9,15.8,12.1,5.1,1.3,3.1,19.8,13.7,0.3,1.1,1.4,0.115,-3,2.5,-0.5,0.2
2010/2011,58044000,65969238.46,473604,Boston Celtics,2,BOS,Massachusetts,East,Atlantic,56,26,0.683,96.5,91.1,4.83,Semih Erden,C,24,473604,556558,37,7,14.4,1.6,2.6,0.598,0,0,,1.6,2.6,0.598,0.598,0.9,1.5,0.63,0.8,2.1,2.9,0.5,0.4,0.6,0.9,2.5,4.1,531,10.8,0.621,0,0.557,7.6,16.6,12.4,5.5,1.3,3.1,20.9,13.8,0.4,1,1.4,0.128,-2.7,2.8,0.1,0.3
2010/2011,58044000,65969238.46,473604,Cleveland Cavaliers,6,CLE,Ohio,East,Central,19,63,0.232,95.5,104.5,-8.88,Semih Erden,C,24,473604,556558,4,1,16,1,3.5,0.286,0,0,,1,3.5,0.286,0.286,1.3,1.5,0.833,1.5,1.3,2.8,0.3,0.5,0.8,0.5,3,3.3,64,6.2,0.391,0,0.429,10.5,9.2,9.9,2.3,1.6,3.6,10.7,13.2,0,0,0,0.002,-5.5,0.1,-5.3,-0.1
2010/2011,58044000,65969238.46,473604,Utah Jazz,29,UTA,Utah,West,Northwest,39,43,0.476,99.4,101.3,-1.44,Jeremy Evans,SF,23,473604,556558,49,3,9.4,1.6,2.3,0.661,0,0,0,1.6,2.3,0.667,0.661,0.5,0.8,0.703,0.7,1.2,2,0.5,0.3,0.3,0.4,1,3.6,463,18.8,0.678,0.009,0.322,9.3,16.1,12.6,8.5,1.9,3,12.6,14.9,1.2,0.4,1.6,0.167,1,0.2,1.2,0.4
2010/2011,58044000,65969238.46,473604,#N/A,#N/A,TOT,#N/A,#N/A,#N/A,#N/A,#N/A,#N/A,#N/A,#N/A,#N/A,Maurice Evans,SF,32,2500000,2937891,73,24,21.2,2.4,5.8,0.417,0.8,2.3,0.329,1.7,3.5,0.475,0.482,0.7,0.8,0.897,0.7,1.4,2.1,0.6,0.5,0.2,0.5,1.8,6.3,1549,9.1,0.513,0.394,0.137,3.9,8,5.9,4.5,1.1,0.7,6.8,14.2,1,0.7,1.7,0.054,-1.3,-1.6,-2.9,-0.4
2010/2011,58044000,65969238.46,473604,Atlanta Hawks,1,ATL,Georgia,East,Southeast,44,38,0.537,95,95.8,-1.1,Maurice Evans,SF,32,2500000,2937891,47,12,17.8,1.7,4.3,0.393,0.6,1.9,0.315,1.1,2.4,0.455,0.463,0.5,0.6,0.857,0.5,1.3,1.8,0.6,0.3,0.1,0.3,1.6,4.5,837,7.5,0.492,0.443,0.139,3.3,8.7,6,5.4,1,0.5,6.6,13,0.3,0.6,0.9,0.05,-2.1,-1.3,-3.4,-0.3
2010/2011,58044000,65969238.46,473604,Washington Wizards,30,WAS,Washington DC,East,Southeast,23,59,0.28,97.3,104.7,-7.3,Maurice Evans,SF,32,2500000,2937891,26,12,27.4,3.8,8.6,0.439,1,3,0.346,2.7,5.6,0.49,0.5,1.1,1.2,0.933,1.1,1.7,2.8,0.6,0.7,0.3,0.7,2.1,9.7,712,10.9,0.531,0.35,0.135,4.5,7.1,5.8,3.4,1.3,1,7.1,15.8,0.7,0.2,0.9,0.058,-0.4,-1.9,-2.4,-0.1
2010/2011,58044000,65969238.46,473604,Toronto Raptors,28,TOR,Ontario,East,Atlantic,22,60,0.268,99.1,105.4,-6.28,Reggie Evans,PF,30,5080000,5969795,30,18,26.6,1.4,3.4,0.408,0,0,0,1.4,3.4,0.412,0.408,1.6,2.9,0.545,4,7.5,11.5,1.3,1,0.2,1.3,3,4.4,798,12.4,0.466,0.01,0.854,17.2,34.4,25.6,6.4,1.9,0.6,21.6,10.1,0.5,0.8,1.3,0.077,-1.8,1.4,-0.4,0.3
2010/2011,58044000,65969238.46,473604,Sacramento Kings,26,SAC,California,West,Pacific,24,58,0.293,99.4,104.7,-4.8,Tyreke Evans,SG,21,3880920,4560688,57,53,37,6.7,16.4,0.409,0.8,2.6,0.291,5.9,13.8,0.432,0.432,3.6,4.7,0.771,0.8,4,4.8,5.6,1.5,0.5,3.2,2.5,17.8,2107,14.4,0.482,0.159,0.285,2.4,12.7,7.4,24.9,2,1,14.9,25.3,-0.1,1.7,1.6,0.036,-0.6,0.1,-0.5,0.8
2010/2011,58044000,65969238.46,473604,New Orleans Hornets,19,NOH,Louisiana,West,Southwest,46,36,0.561,94.9,94,1.28,0,SF,26,#N/A,#N/A,7,0,2.7,0,0.7,0,0,0.3,0,0,0.4,0,0,0.4,0.6,0.75,0.1,0.1,0.3,0.3,0,0.1,0.1,0.1,0.4,19,0.6,0.222,0.4,0.8,6.4,6.4,6.4,14.2,0,4.4,12.9,19.5,-0.1,0,-0.1,-0.158,-8.7,-0.6,-9.3,0
2010/2011,58044000,65969238.46,473604,Cleveland Cavaliers,6,CLE,Ohio,East,Central,19,63,0.232,95.5,104.5,-8.88,Christian Eyenga,SF,21,1020960,1199787,44,18,21.5,3,7,0.425,0.6,2.1,0.275,2.4,4.9,0.488,0.466,0.4,0.6,0.643,0.6,2.2,2.8,0.8,0.8,0.6,1.1,1.8,6.9,947,9,0.476,0.297,0.092,3.2,12,7.5,6.2,1.9,2.3,12.9,17.5,-0.8,0.5,-0.3,-0.016,-3.6,-0.1,-3.7,-0.4
2010/2011,58044000,65969238.46,473604,New Jersey Nets,3,NJN,New Jersey,East,Atlantic,24,58,0.293,94.2,100.4,-6.28,Jordan Farmar,PG,24,3750000,4406837,73,18,24.6,3.5,8.9,0.392,1.5,4.2,0.359,2,4.8,0.421,0.475,1.1,1.4,0.82,0.3,2,2.4,5,0.8,0.1,1.9,1.8,9.6,1796,14.1,0.504,0.467,0.154,1.5,10.1,5.7,34.9,1.8,0.3,16.7,21.6,0.8,1,1.9,0.05,1.2,-2.1,-0.9,0.5
2010/2011,58044000,65969238.46,473604,#N/A,#N/A,TOT,#N/A,#N/A,#N/A,#N/A,#N/A,#N/A,#N/A,#N/A,#N/A,Derrick Favors,PF,19,4133280,4857251,78,27,19.7,2.8,5.3,0.517,0,0,,2.8,5.3,0.517,0.517,1.3,2.2,0.595,2.2,3.1,5.3,0.5,0.4,0.9,1,3.2,6.8,1535,13.8,0.542,0,0.416,12.9,19.1,16,4.2,1,3.5,13.5,17.1,1.5,1.4,2.9,0.091,-2.1,0,-2.1,0
2010/2011,58044000,65969238.46,473604,New Jersey Nets,3,NJN,New Jersey,East,Atlantic,24,58,0.293,94.2,100.4,-6.28,Derrick Favors,PF,19,4133280,4857251,56,23,19.5,2.5,4.9,0.511,0,0,,2.5,4.9,0.511,0.511,1.3,2.1,0.612,2.3,3.1,5.3,0.4,0.3,0.7,1,3.3,6.3,1091,12.6,0.54,0,0.42,13.3,19.1,16.1,3.2,0.9,2.9,14.6,16.3,0.9,1,1.9,0.083,-2.5,-0.2,-2.7,-0.2
2010/2011,58044000,65969238.46,473604,Utah Jazz,29,UTA,Utah,West,Northwest,39,43,0.476,99.4,101.3,-1.44,Derrick Favors,PF,19,4133280,4857251,22,4,20.2,3.4,6.4,0.529,0,0,,3.4,6.4,0.529,0.529,1.5,2.6,0.561,2,3.2,5.2,0.8,0.5,1.2,1,2.9,8.2,444,16.8,0.545,0,0.407,12.1,19.2,15.6,6.7,1.3,4.9,11.3,19.2,0.6,0.4,1,0.11,-1.1,0.5,-0.7,0.1
2010/2011,58044000,65969238.46,473604,#N/A,#N/A,TOT,#N/A,#N/A,#N/A,#N/A,#N/A,#N/A,#N/A,#N/A,#N/A,Raymond Felton,PG-SG,26,7500000,8813674,75,54,36.5,5.7,13.4,0.425,1.5,4.4,0.353,4.1,9,0.46,0.483,2.6,3.2,0.805,0.6,2.9,3.6,8.3,1.7,0.1,2.9,2,15.5,2737,16.6,0.524,0.327,0.24,2,9.2,5.6,35.8,2.3,0.3,16.6,21.6,3.6,1.8,5.4,0.094,2,-1.7,0.3,1.6
2010/2011,58044000,65969238.46,473604,New York Knicks,20,NYK,New York,East,Atlantic,42,40,0.512,106.5,105.7,0.48,Raymond Felton,PG,26,7500000,8813674,54,54,38.4,6.3,14.8,0.423,1.6,5,0.328,4.6,9.9,0.471,0.478,2.9,3.4,0.867,0.7,2.9,3.6,9,1.8,0.2,3.3,2.1,17.1,2074,17.3,0.524,0.335,0.226,2.2,8.6,5.3,37.3,2.3,0.4,16.7,22.6,2.9,1.2,4,0.093,2.3,-2,0.3,1.2
2010/2011,58044000,65969238.46,473604,Denver Nuggets,8,DEN,Colorado,West,Northwest,50,32,0.61,107.5,102.7,4.81,Raymond Felton,SG,26,7500000,8813674,21,0,31.6,4.2,9.7,0.431,1.3,2.9,0.459,2.9,6.8,0.42,0.5,1.8,2.9,0.617,0.4,3.2,3.6,6.5,1.3,0,2.1,1.8,11.5,663,14.7,0.523,0.299,0.294,1.4,11.3,6.5,31.1,2.1,0,16.3,18.5,0.7,0.6,1.3,0.097,0.9,-0.5,0.4,0.4
2010/2011,58044000,65969238.46,473604,Portland Trail Blazers,25,POR,Oregon,West,Northwest,48,34,0.585,96.3,94.8,1.85,Rudy Fernandez,SG,25,1246680,1465044,78,3,23.3,2.7,7.4,0.37,1.5,4.6,0.321,1.2,2.7,0.453,0.471,1.6,1.9,0.863,0.5,1.7,2.2,2.5,1.1,0.2,1.1,1.7,8.6,1821,13.4,0.522,0.628,0.254,2.4,9.5,5.8,16.9,2.6,0.6,12.1,18.7,2,1.8,3.8,0.1,1.5,-0.6,0.9,1.3
2010/2011,58044000,65969238.46,473604,Utah Jazz,29,UTA,Utah,West,Northwest,39,43,0.476,99.4,101.3,-1.44,Kyrylo Fesenko,C,24,1087500,1277982,53,1,8.6,0.8,1.9,0.44,0,0,0,0.8,1.9,0.444,0.44,0.3,0.9,0.391,0.6,1.4,2,0.3,0.1,0.3,0.5,1.7,2,456,5.8,0.441,0.01,0.46,8.9,19.8,14.3,5.9,0.5,2.9,17.2,14.6,-0.4,0.3,-0.1,-0.011,-5.7,-0.8,-6.5,-0.5
2010/2011,58044000,65969238.46,473604,New York Knicks,20,NYK,New York,East,Atlantic,42,40,0.512,106.5,105.7,0.48,Landry Fields,SG,22,473604,556558,82,81,31,3.6,7.3,0.497,1,2.7,0.393,2.6,4.7,0.556,0.568,1.4,1.8,0.769,1.3,5.1,6.4,1.9,1,0.2,1.3,1.4,9.7,2541,13.5,0.598,0.364,0.244,4.7,18.9,11.7,9,1.6,0.5,13.8,13.5,3.4,1.8,5.3,0.1,0.5,0.1,0.6,1.7
2010/2011,58044000,65969238.46,473604,Los Angeles Lakers,14,LAL,California,West,Pacific,57,25,0.695,101.5,95.4,6.01,Derek Fisher,PG,36,3700000,4348079,82,82,28,2.5,6.5,0.389,0.8,1.9,0.396,1.7,4.5,0.386,0.449,1,1.3,0.806,0.2,1.7,1.9,2.7,1.2,0.1,0.9,2.3,6.8,2297,8.9,0.486,0.301,0.195,0.7,6.6,3.7,14,2.3,0.3,10.9,12.8,1.2,2.5,3.7,0.078,-1.6,0.3,-1.2,0.4
2010/2011,58044000,65969238.46,473604,Minnesota Timberwolves,18,MIN,Minnesota,West,Northwest,17,65,0.207,101.1,107.7,-5.97,Jonny Flynn,PG,21,3192000,3751099,53,8,18.5,2,5.6,0.365,0.6,1.9,0.31,1.5,3.7,0.393,0.417,0.6,0.8,0.762,0.2,1.2,1.5,3.4,0.6,0.1,2.1,1.1,5.3,983,7.1,0.444,0.338,0.142,1.3,7.5,4.3,27.6,1.7,0.2,26.4,18.5,-1.6,0.2,-1.3,-0.064,-4.4,-2.8,-7.2,-1.3
2010/2011,58044000,65969238.46,473604,Denver Nuggets,8,DEN,Colorado,West,Northwest,50,32,0.61,107.5,102.7,4.81,Gary Forbes,SF,25,473604,556558,63,11,12.6,2,4.3,0.454,0.3,0.9,0.328,1.7,3.4,0.488,0.489,0.9,1.4,0.678,0.4,1.4,1.8,0.8,0.4,0.1,0.7,1.2,5.2,791,11.7,0.524,0.212,0.319,4.2,12.5,8.5,9.7,1.5,0.6,12.9,20.1,0.3,0.7,0.9,0.055,-1.9,-1.1,-3,-0.2
2010/2011,58044000,65969238.46,473604,Indiana Pacers,12,IND,Indiana,East,Central,37,45,0.451,99.8,100.9,-1.38,TJ Ford,PG,27,8500000,9988830,41,3,18.9,2.2,5.8,0.386,0.1,0.8,0.188,2.1,5,0.417,0.398,0.9,1.2,0.729,0.4,1.6,2,3.4,0.9,0.2,1.5,1.7,5.4,773,9.9,0.434,0.136,0.203,2.5,9.1,5.8,28.4,2.3,0.8,19.7,18.3,-0.7,0.8,0.2,0.011,-3.5,-0.3,-3.8,-0.3
2010/2011,58044000,65969238.46,473604,Indiana Pacers,12,IND,Indiana,East,Central,37,45,0.451,99.8,100.9,-1.38,Jeff Foster,C,34,6655000,7820666,56,3,16.8,1.4,3,0.479,0,0.1,0,1.4,2.9,0.488,0.479,0.5,0.9,0.563,2.9,3.4,6.3,0.8,0.4,0.6,0.5,2.3,3.3,940,14.3,0.497,0.018,0.287,19.1,22.3,20.7,7.3,1.3,2.4,12.1,10.1,1.6,1.4,3,0.152,-0.2,2.3,2.1,1
2010/2011,58044000,65969238.46,473604,Los Angeles Clippers,13,LAC,California,West,Pacific,32,50,0.39,98.6,101.8,-2.71,Randy Foye,SG,27,4250000,4994415,63,24,24.6,3.3,8.4,0.388,1.1,3.4,0.327,2.1,5,0.43,0.455,2.1,2.4,0.893,0.2,1.4,1.6,2.7,0.7,0.3,1.5,1.9,9.8,1551,11.4,0.516,0.409,0.281,1,6.7,3.9,17.5,1.6,1.1,13.7,19.9,0.9,0.8,1.7,0.051,-0.8,-1.8,-2.6,-0.2
2010/2011,58044000,65969238.46,473604,Phoenix Suns,24,PHO,Arizona,West,Pacific,40,42,0.488,105,105.9,-0.46,Channing Frye,PF,27,5200000,6110814,77,64,33,4.6,10.8,0.432,2.2,5.7,0.39,2.4,5.1,0.479,0.535,1.2,1.4,0.832,0.8,5.8,6.7,1.2,0.6,1,0.9,3.5,12.7,2541,12.8,0.557,0.53,0.129,3,20.4,11.7,5.7,0.9,2.3,7.7,16.9,2.7,2.1,4.7,0.09,0.7,0.5,1.2,2
2010/2011,58044000,65969238.46,473604,#N/A,#N/A,TOT,#N/A,#N/A,#N/A,#N/A,#N/A,#N/A,#N/A,#N/A,#N/A,Dan Gadzuric,C-PF,32,7248325,8517916,42,9,11,1.3,3.1,0.419,0,0,0,1.3,3,0.422,0.419,0.2,0.6,0.37,1.7,1.5,3.2,0.3,0.3,0.7,0.7,2.2,2.8,463,9.9,0.419,0.008,0.209,17.2,16.4,16.8,4.5,1.4,4.8,17.1,16.5,-0.3,0.4,0.1,0.014,-4.6,0.6,-4,-0.2
2010/2011,58044000,65969238.46,473604,Golden State Warriors,10,GSW,California,West,Pacific,36,46,0.439,103.4,105.7,-2,Dan Gadzuric,C,32,7248325,8517916,28,4,10.6,1.3,3.1,0.42,0,0,0,1.3,3.1,0.425,0.42,0.2,0.5,0.357,1.9,1.2,3.1,0.4,0.4,0.6,0.8,2.3,2.8,297,10.2,0.419,0.011,0.159,19.8,12.9,16.4,5.3,1.7,4.6,18.2,17.1,-0.2,0.2,0.1,0.013,-3.7,0.4,-3.3,-0.1
2010/2011,58044000,65969238.46,473604,New Jersey Nets,3,NJN,New Jersey,East,Atlantic,24,58,0.293,94.2,100.4,-6.28,Dan Gadzuric,PF,32,7248325,8517916,14,5,11.9,1.2,2.9,0.415,0,0,,1.2,2.9,0.415,0.415,0.4,0.9,0.385,1.3,2.2,3.5,0.2,0.2,0.8,0.6,2,2.8,166,9.1,0.417,0,0.317,12.5,22.7,17.4,2.9,1,5.1,14.6,15.3,-0.2,0.2,0.1,0.015,-6.2,1,-5.2,-0.1
2010/2011,58044000,65969238.46,473604,#N/A,#N/A,TOT,#N/A,#N/A,#N/A,#N/A,#N/A,#N/A,#N/A,#N/A,#N/A,Sundiata Gaines,PG,24,327296,384623,24,0,12.5,1.8,4.4,0.4,0.4,1.6,0.237,1.4,2.8,0.493,0.443,0.8,1.5,0.5,0.5,1,1.6,1.8,0.7,0,1.1,1,4.6,301,11.3,0.459,0.362,0.343,4.9,10,7.4,22.8,2.8,0.3,18.3,22.1,-0.3,0.2,-0.1,-0.015,-1.6,-1.3,-2.9,-0.1
2010/2011,58044000,65969238.46,473604,Minnesota Timberwolves,18,MIN,Minnesota,West,Northwest,17,65,0.207,101.1,107.7,-5.97,Sundiata Gaines,PG,24,327296,384623,8,0,8.1,0.9,2.8,0.318,0.3,0.8,0.333,0.6,2,0.313,0.364,0.6,1.3,0.5,0.1,0.6,0.8,0.8,0.4,0,0.8,0.5,2.6,65,4.9,0.398,0.273,0.455,1.7,8.8,5.1,13.7,2.3,0,18.5,21.2,-0.2,0,-0.1,-0.102,-6.3,-2.4,-8.7,-0.1
2010/2011,58044000,65969238.46,473604,Toronto Raptors,28,TOR,Ontario,East,Atlantic,22,60,0.268,99.1,105.4,-6.28,Sundiata Gaines,PG,24,327296,384623,6,0,15,2.5,5.8,0.429,0.5,2.5,0.2,2,3.3,0.6,0.471,0.3,1,0.333,0.3,1,1.3,1.8,0.7,0.2,1.3,1.7,5.8,90,9.3,0.465,0.429,0.171,2.6,8.1,5.3,19.5,2.3,0.8,17.5,22.7,-0.1,0,-0.1,-0.05,-2,-2.6,-4.6,-0.1
2010/2011,58044000,65969238.46,473604,New Jersey Nets,3,NJN,New Jersey,East,Atlantic,24,58,0.293,94.2,100.4,-6.28,Sundiata Gaines,PG,24,327296,384623,10,0,14.6,2,4.8,0.417,0.4,1.7,0.235,1.6,3.1,0.516,0.458,1.1,2,0.55,1,1.4,2.4,2.5,0.9,0,1.3,1.1,5.5,146,15.3,0.484,0.354,0.417,7.9,11.7,9.7,28.9,3.3,0,18.6,22.2,0,0.1,0.1,0.046,0.7,0,0.8,0.1
2010/2011,58044000,65969238.46,473604,#N/A,#N/A,TOT,#N/A,#N/A,#N/A,#N/A,#N/A,#N/A,#N/A,#N/A,#N/A,Danilo Gallinari,PF-SF,22,3304560,3883375,62,60,33.9,4.3,10.3,0.414,1.7,4.7,0.352,2.6,5.6,0.467,0.495,5.4,6.3,0.862,1,4,4.9,1.7,0.8,0.4,1.3,2.3,15.6,2104,15.7,0.597,0.458,0.611,3.2,13.4,8.3,7.4,1.2,0.9,9.3,18.9,4.9,1.2,6.1,0.139,2.1,-1.6,0.5,1.3
2010/2011,58044000,65969238.46,473604,New York Knicks,20,NYK,New York,East,Atlantic,42,40,0.512,106.5,105.7,0.48,Danilo Gallinari,PF,22,3304560,3883375,48,48,34.8,4.4,10.6,0.415,1.7,5,0.347,2.7,5.6,0.474,0.496,5.4,6,0.893,1,3.8,4.8,1.7,0.8,0.4,1.2,2.4,15.9,1671,15.6,0.6,0.47,0.57,3.3,12.5,7.8,7.4,1.1,0.8,8.4,18.5,4.2,0.7,4.9,0.14,2.4,-2,0.5,1
2010/2011,58044000,65969238.46,473604,Denver Nuggets,8,DEN,Colorado,West,Northwest,50,32,0.61,107.5,102.7,4.81,Danilo Gallinari,SF,22,3304560,3883375,14,12,30.9,3.9,9.4,0.412,1.4,3.9,0.37,2.4,5.5,0.442,0.489,5.6,7.2,0.772,0.8,4.6,5.4,1.6,0.9,0.6,1.8,1.9,14.7,433,15.9,0.587,0.412,0.771,3,16.8,10.1,7.5,1.5,1.6,12.5,20.6,0.7,0.5,1.2,0.133,0.7,-0.2,0.6,0.3
2010/2011,58044000,65969238.46,473604,Sacramento Kings,26,SAC,California,West,Pacific,24,58,0.293,99.4,104.7,-4.8,Francisco Garcia,SF,29,5500000,6463361,58,34,23.9,3.6,8.2,0.436,1.4,3.9,0.362,2.2,4.3,0.502,0.521,1.1,1.3,0.855,0.4,1.9,2.3,1.2,0.9,0.8,0.8,2.2,9.7,1386,13.5,0.551,0.472,0.16,1.9,9.2,5.5,8,1.9,2.6,8.1,17.3,1.9,1.1,3,0.104,0.6,0,0.7,0.9
2010/2011,58044000,65969238.46,473604,Boston Celtics,2,BOS,Massachusetts,East,Atlantic,56,26,0.683,96.5,91.1,4.83,Kevin Garnett,PF,34,18800000,22092943,71,71,31.3,6.1,11.6,0.528,0,0.1,0.2,6.1,11.5,0.53,0.529,2.6,3.1,0.862,1.2,7.7,8.9,2.4,1.3,0.8,1.6,2.1,14.9,2220,20.6,0.575,0.006,0.264,4.9,28.7,17.5,13.5,2.3,2,11.1,22.3,3.4,5.6,9,0.194,0,4.1,4,3.4
2010/2011,58044000,65969238.46,473604,Memphis Grizzlies,15,MEM,Tennessee,West,Southwest,46,36,0.561,99.9,97.6,2.55,Marc Gasol,C,26,3480000,4089544,81,81,31.9,4.5,8.5,0.527,0,0.1,0.429,4.5,8.4,0.528,0.529,2.7,3.6,0.748,1.9,5.1,7,2.5,0.9,1.7,1.8,3.3,11.7,2586,16.8,0.58,0.01,0.425,7.1,19.4,13.1,11.6,1.5,4.3,15.1,16.9,4,3.9,7.9,0.146,0.2,3.4,3.6,3.6
2010/2011,58044000,65969238.46,473604,Los Angeles Lakers,14,LAL,California,West,Pacific,57,25,0.695,101.5,95.4,6.01,Pau Gasol,C,30,17823000,20944815,82,82,37,7.2,13.7,0.529,0,0,0.333,7.2,13.6,0.53,0.53,4.3,5.2,0.823,3.3,6.9,10.2,3.3,0.6,1.6,1.7,2.5,18.8,3037,23.3,0.589,0.003,0.384,10.3,20.5,15.6,15.1,0.8,3.3,9.8,21.8,10,4.7,14.7,0.232,3,2.2,5.3,5.6
2010/2011,58044000,65969238.46,473604,Memphis Grizzlies,15,MEM,Tennessee,West,Southwest,46,36,0.561,99.9,97.6,2.55,Rudy Gay,SF,24,13603750,15986536,54,54,39.9,7.6,16.1,0.471,1.1,2.7,0.396,6.5,13.4,0.486,0.503,3.6,4.5,0.805,1.5,4.7,6.2,2.8,1.7,1.1,2.5,2.4,19.8,2152,17.8,0.548,0.166,0.277,4.5,14.2,9.3,11.6,2.2,2.2,12.2,23.3,2.7,2.9,5.5,0.123,1.4,1.4,2.7,2.6
2010/2011,58044000,65969238.46,473604,#N/A,#N/A,TOT,#N/A,#N/A,#N/A,#N/A,#N/A,#N/A,#N/A,#N/A,#N/A,Alonzo Gee,SG,23,681492,800858,56,34,20,2.2,4.7,0.458,0.3,0.9,0.333,1.9,3.8,0.488,0.491,1.3,1.6,0.783,1.1,2.1,3.3,0.7,0.7,0.3,1,1.7,5.9,1118,10.8,0.544,0.193,0.348,6.2,12.7,9.3,5.4,1.8,1.2,15.3,14.5,0.5,0.6,1,0.045,-2.2,-0.1,-2.3,-0.1
2010/2011,58044000,65969238.46,473604,San Antonio Spurs,27,SAS,Texas,West,Southwest,61,21,0.744,103.7,98,5.86,Alonzo Gee,SG,23,681492,800858,5,0,3.6,0.2,0.6,0.333,0,0,,0.2,0.6,0.333,0.333,0,0,,0.4,0.2,0.6,0,0,0.4,0.6,0.6,0.4,18,-2.1,0.333,0,0,13.2,6.3,9.7,0,0,7.9,50,15.3,-0.1,0,-0.1,-0.175,-12.1,1.4,-10.6,0
2010/2011,58044000,65969238.46,473604,Washington Wizards,30,WAS,Washington DC,East,Southeast,23,59,0.28,97.3,104.7,-7.3,Alonzo Gee,SG,23,681492,800858,11,5,11.5,1.1,2.5,0.444,0,0.2,0,1.1,2.3,0.48,0.444,0.7,1.1,0.667,1,1,2,0.5,0.6,0,0.7,0.9,2.9,127,9.9,0.496,0.074,0.444,9.5,10.3,9.9,5.9,2.8,0,19.9,14,0,0.1,0.1,0.023,-3.1,-0.4,-3.4,0
2010/2011,58044000,65969238.46,473604,Cleveland Cavaliers,6,CLE,Ohio,East,Central,19,63,0.232,95.5,104.5,-8.88,Alonzo Gee,SG,23,681492,800858,40,29,24.3,2.7,5.9,0.462,0.4,1.2,0.347,2.3,4.6,0.492,0.498,1.6,2,0.8,1.2,2.7,3.9,0.8,0.8,0.4,1.1,2,7.4,973,11.1,0.552,0.209,0.342,5.6,13.1,9.3,5.5,1.7,1.3,14,14.6,0.6,0.5,1,0.052,-1.9,-0.1,-2,0
2010/2011,58044000,65969238.46,473604,Indiana Pacers,12,IND,Indiana,East,Central,37,45,0.451,99.8,100.9,-1.38,Paul George,SG,20,2238360,2630423,61,19,20.7,2.9,6.5,0.453,0.7,2.3,0.297,2.3,4.2,0.537,0.505,1.3,1.7,0.762,0.6,3.1,3.7,1.1,1,0.4,1.1,2.1,7.8,1265,13,0.542,0.349,0.256,3.3,16.3,9.8,8.3,2.5,1.5,13.7,17.8,0.5,1.9,2.4,0.091,-1.2,1.2,0,0.6
2010/2011,58044000,65969238.46,473604,Cleveland Cavaliers,6,CLE,Ohio,East,Central,19,63,0.232,95.5,104.5,-8.88,Daniel Gibson,SG,24,4015334,4718646,67,15,27.8,3.9,9.9,0.4,1.8,4.4,0.403,2.2,5.5,0.398,0.489,2,2.4,0.822,0.4,2.3,2.6,3,0.7,0.3,1.2,2.3,11.6,1865,13.2,0.533,0.444,0.247,1.4,9.7,5.5,18.3,1.3,0.9,9.9,19.7,2,0.4,2.4,0.062,1,-2,-1,0.5
2010/2011,58044000,65969238.46,473604,Chicago Bulls,5,CHI,Illinois,East,Central,62,20,0.756,98.6,91.3,6.53,Taj Gibson,PF,25,1117680,1313448,80,19,21.8,2.9,6.3,0.466,0,0.1,0.125,2.9,6.2,0.472,0.467,1.3,1.9,0.676,2,3.7,5.7,0.7,0.5,1.3,0.9,2.5,7.1,1742,14.3,0.502,0.016,0.295,11.2,19.4,15.4,5.3,1.2,4.6,11.1,16.8,1.4,3.8,5.2,0.143,-2.7,2.8,0,0.9
2010/2011,58044000,65969238.46,473604,San Antonio Spurs,27,SAS,Texas,West,Southwest,61,21,0.744,103.7,98,5.86,Manu Ginobili,SG,33,11854584,13930992,80,79,30.3,5.5,12.7,0.433,1.9,5.5,0.349,3.6,7.2,0.497,0.509,4.5,5.1,0.871,0.5,3.2,3.7,4.9,1.5,0.4,2.2,2,17.4,2426,21.7,0.581,0.433,0.403,2.1,11.8,7.1,26.4,2.6,0.8,12.7,26,6.6,3.2,9.9,0.195,4.9,0.4,5.3,4.5
2010/2011,58044000,65969238.46,473604,Los Angeles Clippers,13,LAC,California,West,Pacific,32,50,0.39,98.6,101.8,-2.71,Ryan Gomes,SF,28,4000000,4700626,76,62,27.6,2.7,6.6,0.41,0.9,2.8,0.341,1.8,3.9,0.459,0.481,0.8,1.1,0.718,0.8,2.5,3.3,1.6,0.8,0.2,0.7,2.1,7.2,2095,9,0.504,0.418,0.168,3.4,10.7,7.1,8.5,1.5,0.4,9.2,12.7,1.3,1.2,2.5,0.057,-1,-0.1,-1.1,0.5
2010/2011,58044000,65969238.46,473604,Milwaukee Bucks,17,MIL,Wisconsin,East,Central,35,47,0.427,91.9,92.7,-1.02,Drew Gooden,PF,29,5760000,6768901,35,18,24.6,4.5,10.3,0.431,0.1,0.6,0.15,4.4,9.8,0.447,0.435,2.3,2.9,0.794,2.1,4.7,6.8,1.3,0.6,0.5,1.3,2.8,11.3,860,15.9,0.487,0.055,0.282,9.6,22.9,16.1,10.3,1.3,1.6,10.2,24.6,0.3,1.5,1.8,0.101,-2.3,0.8,-1.5,0.1
2010/2011,58044000,65969238.46,473604,Detroit Pistons,9,DET,Michigan,East,Central,30,52,0.366,97,100.6,-3.78,Ben Gordon,SG,27,10800000,12691690,82,27,26,4.1,9.4,0.44,1.3,3.2,0.402,2.8,6.1,0.46,0.51,1.7,2,0.85,0.5,1.9,2.4,2.1,0.6,0.2,1.7,2.2,11.2,2131,12.4,0.548,0.345,0.208,2.2,9.3,5.6,13.2,1.2,0.6,14.4,21.5,1.3,0.3,1.7,0.037,0.1,-2.6,-2.5,-0.3
2010/2011,58044000,65969238.46,473604,Los Angeles Clippers,13,LAC,California,West,Pacific,32,50,0.39,98.6,101.8,-2.71,Eric Gordon,SG,22,3016680,3545071,56,56,37.7,7.6,16.9,0.45,1.9,5.2,0.364,5.7,11.8,0.488,0.506,5.1,6.2,0.825,0.8,2.1,2.9,4.4,1.3,0.3,2.7,2.1,22.3,2112,18.5,0.566,0.307,0.367,2.5,6.6,4.5,20.7,1.7,0.7,12,26.5,4.2,1.1,5.3,0.12,3.3,-2,1.3,1.7
2010/2011,58044000,65969238.46,473604,#N/A,#N/A,TOT,#N/A,#N/A,#N/A,#N/A,#N/A,#N/A,#N/A,#N/A,#N/A,Marcin Gortat,C,26,6322320,7429715,80,14,25.4,4.2,7.5,0.561,0,0.1,0.25,4.2,7.5,0.563,0.561,1.8,2.4,0.725,1.9,6,7.9,0.9,0.5,1.1,1,2.4,10.2,2032,17.8,0.594,0.007,0.32,8.5,27.4,18,5.5,0.9,3.3,10.5,17.1,3.7,2.7,6.4,0.152,-1,1.7,0.7,1.4
2010/2011,58044000,65969238.46,473604,Orlando Magic,22,ORL,Florida,East,Southeast,52,30,0.634,99.2,93.7,4.92,Marcin Gortat,C,26,6322320,7429715,25,2,15.8,1.8,3.2,0.543,0,0,,1.8,3.2,0.543,0.543,0.5,0.7,0.667,1.5,3.2,4.7,0.7,0.3,0.8,0.7,2.1,4,396,13.7,0.562,0,0.222,11.5,23,17.4,6.8,0.9,4.1,16,12.4,0.5,0.8,1.3,0.157,-2.1,3.8,1.7,0.4
2010/2011,58044000,65969238.46,473604,Phoenix Suns,24,PHO,Arizona,West,Pacific,40,42,0.488,105,105.9,-0.46,Marcin Gortat,C,26,6322320,7429715,55,12,29.7,5.3,9.5,0.563,0,0.1,0.25,5.3,9.4,0.566,0.564,2.3,3.2,0.731,2,7.3,9.3,1,0.5,1.3,1.2,2.5,13,1636,18.8,0.598,0.008,0.335,7.8,28.5,18.1,5.2,0.9,3.2,9.7,18.3,3.2,1.9,5.1,0.151,-0.7,1.2,0.5,1
2010/2011,58044000,65969238.46,473604,Cleveland Cavaliers,6,CLE,Ohio,East,Central,19,63,0.232,95.5,104.5,-8.88,Joey Graham,SF,28,992680,1166554,39,8,15,2.1,4.6,0.458,0.2,0.8,0.3,1.9,3.8,0.49,0.483,0.7,0.9,0.806,0.2,1.9,2.2,0.5,0.2,0.2,0.7,1.9,5.2,586,7.7,0.518,0.168,0.201,1.5,15.3,8.2,5.2,0.5,0.9,12.6,17.2,-0.2,0.1,0,-0.004,-4.7,-2.4,-7.1,-0.8
2010/2011,58044000,65969238.46,473604,New Jersey Nets,3,NJN,New Jersey,East,Atlantic,24,58,0.293,94.2,100.4,-6.28,Stephen Graham,SG,28,992680,1166554,59,28,16.3,1.4,3.4,0.405,0.1,0.4,0.238,1.3,3,0.425,0.418,0.5,0.6,0.816,0.3,1.8,2.1,0.7,0.2,0,0.6,1.8,3.4,959,4.4,0.457,0.105,0.19,2,13.4,7.6,6.5,0.8,0.1,14.9,12.3,-0.7,0.4,-0.3,-0.014,-5.3,-0.7,-6,-0.9
2010/2011,58044000,65969238.46,473604,Indiana Pacers,12,IND,Indiana,East,Central,37,45,0.451,99.8,100.9,-1.38,Danny Granger,SF,27,10973202,12895230,79,79,35,6.8,15.9,0.425,2,5.2,0.386,4.8,10.8,0.443,0.487,5,5.9,0.848,1.1,4.3,5.4,2.6,1.1,0.8,2.6,2.7,20.5,2763,17.8,0.554,0.323,0.37,3.5,13.5,8.5,13,1.6,1.6,12.3,26.7,3.7,3.2,6.9,0.12,1.9,-0.3,1.6,2.5
2010/2011,58044000,65969238.46,473604,New Orleans Hornets,19,NOH,Louisiana,West,Southwest,46,36,0.561,94.9,94,1.28,Aaron Gray,C,26,1028840,1209048,41,6,13,1.4,2.4,0.566,0,0,,1.4,2.4,0.566,0.566,0.4,0.8,0.5,1.4,2.7,4.2,0.4,0.3,0.3,0.8,2.3,3.1,531,11,0.566,0,0.343,13.4,25.8,19.6,4.7,1.1,1.9,21.9,13.1,0.3,0.8,1.1,0.1,-3.1,1.2,-1.8,0
2010/2011,58044000,65969238.46,473604,San Antonio Spurs,27,SAS,Texas,West,Southwest,61,21,0.744,103.7,98,5.86,Danny Green,SG,23,94154,110645,8,0,11.5,2.1,4.4,0.486,0.9,2.4,0.368,1.3,2,0.625,0.586,0,0,,0.4,1.5,1.9,0.3,0.3,0.1,0.6,0.9,5.1,92,13.2,0.586,0.543,0,3.9,14.8,9.5,3.6,1.1,0.8,12.5,20,0,0.1,0.1,0.076,-0.7,-2.3,-3,0
2010/2011,58044000,65969238.46,473604,#N/A,#N/A,TOT,#N/A,#N/A,#N/A,#N/A,#N/A,#N/A,#N/A,#N/A,#N/A,Jeff Green,PF-SF,24,4455988,5236483,75,51,32.4,4.9,10.9,0.449,0.9,2.8,0.303,4.1,8.1,0.499,0.488,2.6,3.3,0.811,1,3.8,4.8,1.4,0.7,0.5,1.3,2.8,13.3,2427,12.9,0.538,0.257,0.298,3.7,13.5,8.8,7.2,1.1,1.1,9.6,19.5,2.4,2.4,4.8,0.095,-0.4,-0.4,-0.8,0.7
2010/2011,58044000,65969238.46,473604,Oklahoma City Thunder,21,OKC,Oklahoma,West,Northwest,55,27,0.671,104.8,101,3.81,Jeff Green,PF,24,4455988,5236483,49,49,37,5.5,12.6,0.437,1.1,3.8,0.304,4.4,8.9,0.493,0.482,3,3.7,0.818,1.2,4.4,5.6,1.8,0.8,0.4,1.6,2.9,15.2,1815,12.9,0.533,0.298,0.293,3.8,13.5,8.8,7.9,1.1,0.8,9.8,19.3,1.9,1.4,3.3,0.087,0.2,-0.7,-0.6,0.7
2010/2011,58044000,65969238.46,473604,Boston Celtics,2,BOS,Massachusetts,East,Atlantic,56,26,0.683,96.5,91.1,4.83,Jeff Green,SF,24,4455988,5236483,26,2,23.5,3.8,7.8,0.485,0.3,1,0.296,3.5,6.7,0.514,0.505,1.9,2.4,0.794,0.6,2.7,3.3,0.7,0.5,0.6,0.9,2.6,9.8,612,12.9,0.553,0.134,0.312,3.4,13.3,8.6,5.1,1.1,2,9.1,19.8,0.5,1,1.5,0.118,-2.1,0.5,-1.6,0.1
2010/2011,58044000,65969238.46,473604,New Orleans Hornets,19,NOH,Louisiana,West,Southwest,46,36,0.561,94.9,94,1.28,Willie Green,SG,29,3976000,4672422,77,13,21.7,3.5,7.9,0.443,0.7,2,0.348,2.8,5.9,0.476,0.488,1,1.3,0.78,0.3,1.8,2.1,1,0.5,0.2,0.9,1.9,8.7,1674,10.8,0.515,0.255,0.164,1.6,10.2,5.9,7.6,1.2,0.6,9.3,20.5,0.3,1.5,1.8,0.052,-1.9,-1.2,-3.1,-0.5
2010/2011,58044000,65969238.46,473604,Sacramento Kings,26,SAC,California,West,Pacific,24,58,0.293,99.4,104.7,-4.8,Donte Greene,SF,22,1116840,1312461,69,21,16.3,2.3,5.6,0.404,0.7,2.2,0.292,1.6,3.4,0.478,0.462,0.6,0.9,0.662,0.7,1.4,2.1,0.7,0.5,0.3,0.9,1.3,5.8,1127,9.7,0.482,0.399,0.168,4.8,10.2,7.4,6.5,1.6,1.3,12.6,18.2,-0.2,0.8,0.5,0.022,-2.2,-1.2,-3.4,-0.4
2010/2011,58044000,65969238.46,473604,New Jersey Nets,3,NJN,New Jersey,East,Atlantic,24,58,0.293,94.2,100.4,-6.28,Orien Greene,SG,28,52066,60787.055,3,0,1.7,0.3,0.7,0.5,0,0,,0.3,0.7,0.5,0.5,0.3,0.7,0.5,0,0,0,0.3,0.3,0,0,0,1,5,33,0.521,0,1,0,0,0,37.8,10.7,0,0,26.7,0,0,0,0.293,4.3,-1.9,2.4,0
2010/2011,58044000,65969238.46,473604,Los Angeles Clippers,13,LAC,California,West,Pacific,32,50,0.39,98.6,101.8,-2.71,Blake Griffin,PF,21,5357280,6295642,82,82,38,8.5,16.8,0.506,0.1,0.3,0.292,8.4,16.5,0.51,0.508,5.4,8.5,0.642,3.3,8.8,12.1,3.8,0.8,0.5,2.7,3.1,22.5,3112,21.9,0.549,0.017,0.505,10.2,26.9,18.6,18.7,1,1.1,11.7,27.3,6.5,3.4,9.8,0.152,2.2,0.9,3.2,4
2010/2011,58044000,65969238.46,473604,Memphis Grizzlies,15,MEM,Tennessee,West,Southwest,46,36,0.561,99.9,97.6,2.55,Hamed Haddadi,C,25,1600000,1880250,31,0,5.4,1,1.9,0.517,0,0,0,1,1.8,0.526,0.517,0.5,0.7,0.652,0.8,1.4,2.2,0.2,0.1,0.4,0.4,0.9,2.4,168,19.7,0.55,0.017,0.397,16.9,31.6,24.2,4.8,0.6,6.3,13.9,21.2,0.3,0.3,0.6,0.164,-2.4,0.3,-2,0
2010/2011,58044000,65969238.46,473604,Detroit Pistons,9,DET,Michigan,East,Central,30,52,0.366,97,100.6,-3.78,Richard Hamilton,SG,32,12500000,14689457,55,39,27.2,5.2,12.2,0.429,1,2.6,0.382,4.2,9.6,0.442,0.47,2.7,3.1,0.849,0.4,1.9,2.3,3.1,0.7,0.1,1.6,1.7,14.1,1498,15.8,0.52,0.215,0.256,1.9,8.7,5.1,19.8,1.4,0.2,10.5,26,1.6,0.2,1.8,0.059,0.9,-3.4,-2.5,-0.2
2010/2011,58044000,65969238.46,473604,Indiana Pacers,12,IND,Indiana,East,Central,37,45,0.451,99.8,100.9,-1.38,Tyler Hansbrough,PF,25,1998600,2348667,70,29,21.9,4.1,8.8,0.465,0,0,0,4.1,8.7,0.466,0.465,2.8,3.6,0.779,2.1,3.2,5.2,0.6,0.5,0.2,1.1,2.3,11,1535,16.4,0.529,0.003,0.413,10.6,15.9,13.2,4.7,1.2,0.7,9.5,23.1,2.2,1.6,3.8,0.118,-1.5,-1.9,-3.3,-0.5
2010/2011,58044000,65969238.46,473604,#N/A,#N/A,TOT,#N/A,#N/A,#N/A,#N/A,#N/A,#N/A,#N/A,#N/A,#N/A,Luke Harangody,PF,23,473604,556558,49,0,13.1,1.6,4.2,0.383,0.3,1.3,0.242,1.3,2.9,0.45,0.422,0.4,0.5,0.731,0.8,2.1,2.9,0.6,0.3,0.3,0.3,1.6,3.9,640,10.1,0.444,0.32,0.126,7.5,18.9,13.2,7.6,1.2,2,6.9,16.8,-0.1,0.7,0.6,0.048,-2.8,0,-2.8,-0.1
2010/2011,58044000,65969238.46,473604,Boston Celtics,2,BOS,Massachusetts,East,Atlantic,56,26,0.683,96.5,91.1,4.83,Luke Harangody,PF,23,473604,556558,28,0,8.6,1,2.5,0.394,0.1,0.4,0.2,0.9,2.2,0.426,0.408,0.2,0.3,0.625,0.6,1.4,2,0.4,0.1,0.3,0.2,1.3,2.3,241,8.7,0.423,0.141,0.113,9.2,18.3,14,6.4,0.9,2.3,6.3,15.8,-0.1,0.4,0.4,0.075,-4.1,1,-3,-0.1
2010/2011,58044000,65969238.46,473604,Cleveland Cavaliers,6,CLE,Ohio,East,Central,19,63,0.232,95.5,104.5,-8.88,Luke Harangody,PF,23,473604,556558,21,0,19,2.4,6.4,0.378,0.7,2.7,0.25,1.8,3.8,0.468,0.43,0.7,0.9,0.778,1.1,3.1,4.2,1,0.5,0.5,0.5,2.1,6.2,399,11,0.455,0.415,0.133,6.4,19.3,12.7,8.3,1.4,1.9,7.1,17.5,0,0.3,0.3,0.032,-2.1,-0.7,-2.7,-0.1
2010/2011,58044000,65969238.46,473604,Oklahoma City Thunder,21,OKC,Oklahoma,West,Northwest,55,27,0.671,104.8,101,3.81,James Harden,SG,21,4304520,5058484,82,5,26.7,3.6,8.3,0.436,1.4,4,0.349,2.3,4.4,0.514,0.518,3.5,4.2,0.843,0.5,2.6,3.1,2.1,1.1,0.3,1.3,2.5,12.2,2189,16.4,0.598,0.474,0.501,2.3,11,6.8,12.8,2.2,0.8,11.3,19.5,5,2.1,7.1,0.156,2.9,-0.6,2.3,2.4
2010/2011,58044000,65969238.46,473604,Denver Nuggets,8,DEN,Colorado,West,Northwest,50,32,0.61,107.5,102.7,4.81,Al Harrington,PF,30,5765000,6774777,73,3,22.8,3.8,9.2,0.416,1.6,4.5,0.357,2.2,4.8,0.473,0.503,1.2,1.6,0.735,1,3.5,4.5,1.4,0.5,0.1,1.5,2.8,10.5,1665,12.3,0.527,0.486,0.173,5.4,17.2,11.5,9.6,1.2,0.5,12.7,22.3,0.6,1.5,2.1,0.06,0.2,-1.2,-1.1,0.4
2010/2011,58044000,65969238.46,473604,#N/A,#N/A,TOT,#N/A,#N/A,#N/A,#N/A,#N/A,#N/A,#N/A,#N/A,#N/A,Devin Harris,PG,27,8981000,10554081,71,70,31.7,4.8,11.5,0.422,0.8,2.5,0.322,4,8.9,0.45,0.458,4.7,5.7,0.833,0.2,2.1,2.4,7.1,1,0.1,2.9,2.3,15.2,2254,17.2,0.545,0.221,0.494,0.9,8.2,4.5,38.2,1.7,0.2,17.3,24.6,3.2,1,4.2,0.089,1.6,-2.9,-1.3,0.4
2010/2011,58044000,65969238.46,473604,New Jersey Nets,3,NJN,New Jersey,East,Atlantic,24,58,0.293,94.2,100.4,-6.28,Devin Harris,PG,27,8981000,10554081,54,54,31.9,4.8,11.3,0.425,0.6,2,0.3,4.2,9.3,0.452,0.452,4.8,5.7,0.84,0.2,2.2,2.4,7.6,1.1,0.1,2.9,2.4,15,1724,17.6,0.543,0.18,0.502,0.7,8.3,4.4,41.2,1.8,0.2,17.5,24.4,2.6,0.9,3.4,0.096,1.7,-2.6,-0.9,0.5
2010/2011,58044000,65969238.46,473604,Utah Jazz,29,UTA,Utah,West,Northwest,39,43,0.476,99.4,101.3,-1.44,Devin Harris,PG,27,8981000,10554081,17,16,31.2,4.9,11.8,0.413,1.5,4.1,0.357,3.4,7.7,0.443,0.475,4.5,5.6,0.811,0.4,2,2.4,5.4,0.8,0.1,2.9,1.9,15.8,530,15.7,0.552,0.348,0.473,1.4,7.8,4.6,28.3,1.3,0.3,16.8,25.2,0.7,0.1,0.8,0.068,1.3,-3.9,-2.5,-0.1
2010/2011,58044000,65969238.46,473604,Cleveland Cavaliers,6,CLE,Ohio,East,Central,19,63,0.232,95.5,104.5,-8.88,Manny Harris,SG,21,473604,556558,54,15,17.3,2,5.4,0.374,0.6,1.7,0.37,1.4,3.6,0.376,0.433,1.3,1.7,0.763,0.7,1.9,2.6,1.6,0.6,0.1,1.2,1.2,5.9,933,10.4,0.486,0.318,0.322,4.3,13.2,8.6,14.8,1.7,0.6,16,19.1,-0.4,0.4,0,0.002,-2.5,-1.1,-3.6,-0.4
2010/2011,58044000,65969238.46,473604,Houston Rockets,11,HOU,Texas,West,Southwest,43,39,0.524,105.9,103.7,2.37,Mike Harris,PF,27,#N/A,#N/A,4,0,4,0.8,1.5,0.5,0,0,,0.8,1.5,0.5,0.5,0.5,1,0.5,0.5,0.8,1.3,0.3,0,0.3,0.3,0.5,2,16,17.9,0.515,0,0.667,14.1,21.3,17.7,10.2,0,4.3,11.4,24.2,0,0,0,0.102,-2.3,-1.1,-3.4,0
2010/2011,58044000,65969238.46,473604,Miami Heat,16,MIA,Florida,East,Southeast,58,24,0.707,102.1,94.6,6.76,Udonis Haslem,PF,30,3500000,4113047,13,0,26.5,3.4,6.6,0.512,0,0,,3.4,6.6,0.512,0.512,1.2,1.5,0.8,2.2,5.9,8.2,0.5,0.5,0.2,1.1,3,8,345,12.7,0.549,0,0.233,10.6,25,18.2,2.7,1.1,0.7,12.9,14.8,0.4,0.6,0.9,0.13,-2.7,-0.6,-3.3,-0.1
2010/2011,58044000,65969238.46,473604,Philadelphia 76ers,23,PHI,Pennsylvania,East,Atlantic,41,41,0.5,99,97.5,1.01,Spencer Hawes,C,22,2974320,3495291,81,81,21.2,3.3,7,0.465,0.1,0.5,0.243,3.1,6.6,0.48,0.473,0.6,1.1,0.534,1.6,4.1,5.7,1.5,0.4,0.9,1.2,2.5,7.2,1718,12.8,0.481,0.065,0.155,8.7,22.5,15.6,11.2,0.9,3.1,13.8,18.9,-0.3,2.6,2.4,0.066,-3.1,1.8,-1.3,0.3
2010/2011,58044000,65969238.46,473604,Houston Rockets,11,HOU,Texas,West,Southwest,43,39,0.524,105.9,103.7,2.37,Chuck Hayes,C,27,1972500,2317996,74,63,28.1,3.3,6.3,0.527,0,0,0,3.3,6.2,0.529,0.527,1.3,1.9,0.662,3,5.1,8.1,2.7,1.1,0.7,1.2,2.7,7.9,2079,16.2,0.554,0.004,0.307,11.9,20.7,16.3,14.3,1.9,1.6,14.1,13,3.9,2.4,6.3,0.146,1,2.8,3.8,3
2010/2011,58044000,65969238.46,473604,Utah Jazz,29,UTA,Utah,West,Northwest,39,43,0.476,99.4,101.3,-1.44,Gordon Hayward,SF,20,2356320,2769044,72,17,16.9,2,4.1,0.485,0.5,1,0.473,1.5,3,0.489,0.544,1,1.3,0.711,0.6,1.4,1.9,1.1,0.4,0.3,1,1.5,5.4,1218,10.7,0.578,0.253,0.331,4,9.8,6.9,10.2,1.3,1.3,17.3,15.3,0.8,0.4,1.2,0.048,-1.4,-1.4,-2.8,-0.2
2010/2011,58044000,65969238.46,473604,Minnesota Timberwolves,18,MIN,Minnesota,West,Northwest,17,65,0.207,101.1,107.7,-5.97,Lazar Hayward,SF,24,1020960,1199787,42,0,10,1.3,3.7,0.357,0.4,1.4,0.283,0.9,2.2,0.404,0.412,0.8,1,0.786,0.5,1.1,1.7,0.7,0.3,0.2,0.5,1,3.8,419,10.8,0.464,0.39,0.273,5.9,12.8,9.3,10.3,1.4,1.3,9.9,19.5,0.1,0.2,0.3,0.035,-1.7,-1.9,-3.6,-0.2
2010/2011,58044000,65969238.46,473604,Dallas Mavericks,7,DAL,Texas,West,Southwest,57,25,0.695,100.2,96,4.41,Brendan Haywood,C,31,6900000,8108580,72,8,18.5,1.8,3.1,0.574,0,0,0,1.8,3.1,0.577,0.574,0.9,2.5,0.362,1.8,3.4,5.2,0.3,0.2,1,0.7,2,4.4,1331,11.7,0.532,0.004,0.794,11.8,20.9,16.5,2.1,0.6,4.2,14.5,12.4,0.8,2.1,2.9,0.104,-3.2,2.1,-1,0.3
2010/2011,58044000,65969238.46,473604,Sacramento Kings,26,SAC,California,West,Pacific,24,58,0.293,99.4,104.7,-4.8,Luther Head,PG,28,992680,1166554,36,14,16.3,1.9,4.6,0.415,0.7,1.8,0.391,1.2,2.8,0.43,0.491,1.1,1.4,0.78,0.4,1.2,1.7,1.9,0.3,0.3,0.9,1.2,5.6,586,11.7,0.538,0.39,0.305,3,8.8,5.8,17.7,0.9,1.1,14.7,16.1,0.6,0.2,0.9,0.073,-0.7,-1.7,-2.5,-0.1
2010/2011,58044000,65969238.46,473604,Charlotte Bobcats,4,CHA,North Carolina,East,Southeast,34,48,0.415,93.3,97.3,-4.08,Gerald Henderson,SG,23,2103840,2472341,68,30,24.4,3.8,8.4,0.454,0.1,0.5,0.194,3.7,7.9,0.472,0.461,1.9,2.4,0.785,0.7,2.3,3,1.5,0.7,0.5,0.9,1.7,9.6,1661,13.2,0.509,0.063,0.286,3.5,11.6,7.5,10.7,1.6,1.6,9.1,19.9,0.9,1.4,2.4,0.068,-1.9,-0.3,-2.3,-0.1
2010/2011,58044000,65969238.46,473604,Memphis Grizzlies,15,MEM,Tennessee,West,Southwest,46,36,0.561,99.9,97.6,2.55,Xavier Henry,SG,19,2020200,2374051,38,16,13.9,1.7,4.2,0.406,0.1,0.4,0.118,1.7,3.8,0.441,0.413,0.9,1.4,0.635,0.2,0.7,1,0.5,0.3,0.1,0.3,1.3,4.3,527,7,0.451,0.106,0.325,2,6.4,4.2,5,1.1,0.5,6.6,16.8,-0.1,0.3,0.2,0.021,-3.9,-2.1,-6,-0.5
2010/2011,58044000,65969238.46,473604,Indiana Pacers,12,IND,Indiana,East,Central,37,45,0.451,99.8,100.9,-1.38,Roy Hibbert,C,24,1685280,1980467,81,80,27.7,5.1,11,0.461,0,0,0,5.1,10.9,0.463,0.461,2.5,3.4,0.745,2.2,5.3,7.5,2,0.4,1.8,2.3,3.2,12.7,2244,15.9,0.507,0.004,0.309,9.1,21,15.1,12.8,0.7,4.6,15.5,23.6,0.3,3.3,3.6,0.077,-2.5,2.3,-0.2,1
2010/2011,58044000,65969238.46,473604,Cleveland Cavaliers,6,CLE,Ohio,East,Central,19,63,0.232,95.5,104.5,-8.88,JJ Hickson,C,22,1528920,1796720,80,66,28.2,5.4,11.7,0.458,0,0.1,0,5.4,11.6,0.461,0.458,3.1,4.6,0.673,2.7,6,8.7,1.1,0.6,0.7,2.2,2.7,13.8,2256,15.6,0.503,0.005,0.392,10.8,25,17.7,7.5,1.1,1.8,13.6,25.5,-0.2,1.7,1.5,0.032,-3.2,-1.1,-4.3,-1.3
2010/2011,58044000,65969238.46,473604,Denver Nuggets,8,DEN,Colorado,West,Northwest,50,32,0.61,107.5,102.7,4.81,Nenê,C,28,11360000,13349778,75,75,30.5,5.4,8.7,0.615,0,0.1,0.2,5.3,8.7,0.618,0.615,3.8,5.4,0.711,1.9,5.7,7.6,2,1.1,1,1.8,3.2,14.5,2291,20.4,0.657,0.008,0.615,7.5,20.8,14.4,10.4,1.8,2.4,13.9,18.8,6.4,3.1,9.6,0.201,2.3,2.3,4.6,3.8
2010/2011,58044000,65969238.46,473604,San Antonio Spurs,27,SAS,Texas,West,Southwest,61,21,0.744,103.7,98,5.86,George Hill,PG,24,1157160,1359844,76,5,28.3,3.8,8.3,0.453,1,2.7,0.377,2.8,5.6,0.49,0.514,3.1,3.6,0.863,0.3,2.3,2.6,2.5,0.9,0.3,1.3,2,11.6,2148,14.6,0.588,0.322,0.427,1.3,9.2,5.4,13.6,1.6,0.7,11.6,18.2,4,2.1,6.1,0.136,1.1,-0.1,1.1,1.7
2010/2011,58044000,65969238.46,473604,Phoenix Suns,24,PHO,Arizona,West,Pacific,40,42,0.488,105,105.9,-0.46,Grant Hill,SF,38,3324000,3906220,80,80,30.1,5,10.3,0.484,0.6,1.4,0.395,4.4,8.9,0.498,0.511,2.7,3.2,0.829,1,3.3,4.2,2.5,0.8,0.4,1.7,2.3,13.2,2409,14.7,0.563,0.138,0.312,3.7,12.5,8.1,13,1.4,1.1,12.5,20.1,3.1,1.3,4.4,0.087,0.3,0.2,0.5,1.5
2010/2011,58044000,65969238.46,473604,Houston Rockets,11,HOU,Texas,West,Southwest,43,39,0.524,105.9,103.7,2.37,Jordan Hill,C,23,2669520,3137103,72,11,15.6,2.4,4.9,0.491,0,0,0,2.4,4.9,0.494,0.491,0.8,1.2,0.706,1.8,2.5,4.3,0.4,0.2,0.7,0.9,2.2,5.6,1125,13,0.521,0.006,0.241,12.9,18,15.4,4,0.6,3.2,13.7,17.7,0.8,1,1.8,0.079,-2.8,-0.6,-3.4,-0.4
2010/2011,58044000,65969238.46,473604,#N/A,#N/A,TOT,#N/A,#N/A,#N/A,#N/A,#N/A,#N/A,#N/A,#N/A,#N/A,Kirk Hinrich,SG-PG,30,9000000,10576409,72,51,30,3.9,8.7,0.446,1,2.6,0.399,2.8,6,0.467,0.506,1.5,1.8,0.841,0.3,2.2,2.5,4,1,0.2,1.7,2.6,10.2,2157,12.3,0.543,0.302,0.202,1.1,8.9,4.9,21.1,1.8,0.6,15.1,16.7,1.8,1.2,3,0.068,-0.2,-1.3,-1.5,0.3
2010/2011,58044000,65969238.46,473604,Washington Wizards,30,WAS,Washington DC,East,Southeast,23,59,0.28,97.3,104.7,-7.3,Kirk Hinrich,SG,30,9000000,10576409,48,29,30.6,4.1,9.1,0.452,0.9,2.3,0.384,3.2,6.8,0.475,0.501,1.9,2.2,0.876,0.3,2.4,2.7,4.4,1.2,0.2,1.8,2.5,11.1,1471,13.5,0.548,0.256,0.24,1,9.3,5,22.7,1.9,0.5,14.8,17.1,1.7,0.6,2.3,0.076,0.2,-1.4,-1.2,0.3
2010/2011,58044000,65969238.46,473604,Atlanta Hawks,1,ATL,Georgia,East,Southeast,44,38,0.537,95,95.8,-1.1,Kirk Hinrich,PG,30,9000000,10576409,24,22,28.6,3.3,7.7,0.432,1.3,3.2,0.421,2,4.5,0.44,0.519,0.6,0.9,0.667,0.3,1.9,2.2,3.3,0.8,0.3,1.5,2.8,8.6,686,9.8,0.53,0.411,0.114,1.2,8,4.7,17.9,1.5,0.8,16,16,0.2,0.5,0.7,0.05,-1.2,-0.9,-2,0
2010/2011,58044000,65969238.46,473604,Philadelphia 76ers,23,PHI,Pennsylvania,East,Atlantic,41,41,0.5,99,97.5,1.01,Jrue Holiday,PG,20,1627920,1913060,82,82,35.4,5.4,12.2,0.446,1,2.7,0.365,4.5,9.5,0.47,0.487,2.1,2.5,0.823,0.8,3.2,4,6.5,1.5,0.4,2.7,2.5,14,2901,15.4,0.525,0.222,0.209,2.7,10.5,6.6,29,2.2,0.8,16.7,20.8,2.2,3.5,5.7,0.094,0.8,0.6,1.4,2.5
2010/2011,58044000,65969238.46,473604,Cleveland Cavaliers,6,CLE,Ohio,East,Central,19,63,0.232,95.5,104.5,-8.88,Ryan Hollins,C,26,2333333,2742031,70,16,16.9,1.9,3.1,0.598,0,0,,1.9,3.1,0.598,0.598,1.6,2.3,0.681,1,1.7,2.7,0.4,0.3,0.6,1,2.8,5.3,1182,10.7,0.642,0,0.744,6.6,11.6,9,3.6,1,2.7,18.7,13.7,1.3,0.5,1.8,0.072,-2.5,-0.2,-2.7,-0.2
2010/2011,58044000,65969238.46,473604,Atlanta Hawks,1,ATL,Georgia,East,Southeast,44,38,0.537,95,95.8,-1.1,Al Horford,C,24,5444857,6398559,77,77,35.1,6.7,12,0.557,0,0.1,0.5,6.6,11.9,0.557,0.558,1.9,2.4,0.798,2.4,7,9.3,3.5,0.8,1,1.5,2.5,15.3,2704,20.7,0.587,0.004,0.204,8.2,23.7,16,17.5,1.2,2.3,10.6,19.7,6.4,3.7,10.1,0.179,2,2.4,4.4,4.4
2010/2011,58044000,65969238.46,473604,Miami Heat,16,MIA,Florida,East,Southeast,58,24,0.707,102.1,94.6,6.76,Eddie House,SG,32,1352181,1589024,56,1,17.5,2.3,5.7,0.399,1.2,3.1,0.389,1.1,2.6,0.411,0.505,0.7,0.7,0.95,0.2,1.5,1.6,1.1,0.6,0.1,0.5,1.2,6.5,978,11.9,0.535,0.545,0.125,1.2,9.5,5.6,10,1.7,0.2,7.9,17.6,1,1.2,2.2,0.108,0.2,-1.4,-1.2,0.2
2010/2011,58044000,65969238.46,473604,Orlando Magic,22,ORL,Florida,East,Southeast,52,30,0.634,99.2,93.7,4.92,Dwight Howard,C,25,16647180,19563042,78,78,37.6,7.9,13.4,0.593,0,0.1,0,7.9,13.3,0.597,0.593,7,11.7,0.596,4,10.1,14.1,1.4,1.4,2.4,3.6,3.3,22.9,2935,26.1,0.616,0.007,0.877,12.6,30.6,21.8,6.8,1.9,4.9,16.2,27.2,6.7,7.7,14.4,0.235,0.9,3.9,4.8,5
2010/2011,58044000,65969238.46,473604,Washington Wizards,30,WAS,Washington DC,East,Southeast,23,59,0.28,97.3,104.7,-7.3,Josh Howard,SF,30,3000000,3525469,18,10,22.7,3.2,9,0.358,0.4,1.6,0.241,2.8,7.4,0.383,0.38,1.6,2.6,0.617,1,3.1,4.1,1.3,0.7,0.3,1.1,1.9,8.4,409,9.2,0.416,0.179,0.29,4.8,16.2,10.3,9.4,1.6,0.9,9.9,21.9,-0.5,0.3,-0.2,-0.027,-4.1,-1.6,-5.8,-0.4
2010/2011,58044000,65969238.46,473604,Miami Heat,16,MIA,Florida,East,Southeast,58,24,0.707,102.1,94.6,6.76,Juwan Howard,PF,37,1352181,1589024,57,0,10.4,1,2.2,0.44,0,0,,1,2.2,0.44,0.44,0.5,0.6,0.829,0.6,1.5,2.1,0.4,0.2,0.1,0.4,1.1,2.4,592,8.4,0.495,0,0.28,7.7,16.3,12.2,5.8,0.9,0.5,15.1,13.1,0.2,0.8,0.9,0.074,-3.8,-0.3,-4.1,-0.3
2010/2011,58044000,65969238.46,473604,Washington Wizards,30,WAS,Washington DC,East,Southeast,23,59,0.28,97.3,104.7,-7.3,Lester Hudson,PG,26,192791,226559,11,0,6.6,0.5,2.2,0.25,0.4,1.4,0.267,0.2,0.8,0.222,0.333,0.2,0.4,0.5,0.1,0.4,0.5,1.5,0.4,0.1,0.6,0.9,1.6,73,6,0.349,0.625,0.167,1.5,6.5,3.9,34.1,2.8,1,21.4,19.8,-0.2,0,-0.1,-0.082,-4.2,-3.4,-7.6,-0.1
2010/2011,58044000,65969238.46,473604,New Jersey Nets,3,NJN,New Jersey,East,Atlantic,24,58,0.293,94.2,100.4,-6.28,Kris Humphries,PF,25,3200000,3760500,74,44,27.9,4.1,7.9,0.527,0,0,0,4.1,7.9,0.527,0.527,1.7,2.6,0.665,3,7.4,10.4,1.1,0.4,1.1,1.4,2.3,10,2061,17.8,0.555,0.002,0.328,12.5,32.2,22.1,7,0.9,3,13.4,17.3,2.7,2.7,5.4,0.125,-1.5,1.5,0,1
2010/2011,58044000,65969238.46,473604,Oklahoma City Thunder,21,OKC,Oklahoma,West,Northwest,55,27,0.671,104.8,101,3.81,Serge Ibaka,PF,21,1204200,1415123,82,44,27,4.1,7.5,0.543,0,0,0,4.1,7.5,0.544,0.543,1.7,2.2,0.75,2.6,5,7.6,0.3,0.4,2.4,0.9,3.3,9.9,2216,17.7,0.579,0.002,0.298,11.7,20.8,16.4,1.6,0.7,6.5,9.2,15.7,4.3,3.2,7.6,0.164,-1.1,1.2,0.1,1.1
2010/2011,58044000,65969238.46,473604,Philadelphia 76ers,23,PHI,Pennsylvania,East,Atlantic,41,41,0.5,99,97.5,1.01,Andre Iguodala,SF,27,12345250,14507601,67,67,36.9,5,11.3,0.445,0.9,2.7,0.337,4.1,8.6,0.479,0.486,3.1,4.5,0.693,0.9,4.9,5.8,6.3,1.5,0.6,2.1,1.6,14.1,2469,17.2,0.53,0.238,0.395,2.8,15.2,9,26.4,2.1,1.2,13.4,19.2,3.3,3.5,6.7,0.13,1.5,1.8,3.2,3.2
2010/2011,58044000,65969238.46,473604,Miami Heat,16,MIA,Florida,East,Southeast,58,24,0.707,102.1,94.6,6.76,Zydrunas Ilgauskas,C,35,1352181,1589024,72,51,15.9,2.3,4.4,0.508,0,0,0,2.3,4.4,0.509,0.508,0.5,0.6,0.783,1.5,2.5,4,0.4,0.3,0.8,0.7,2.6,5,1145,12.8,0.531,0.003,0.144,11.9,17.5,14.9,3.6,1.1,4,13.3,16,1,1.9,2.9,0.122,-2.6,1,-1.5,0.1
2010/2011,58044000,65969238.46,473604,New Orleans Hornets,19,NOH,Louisiana,West,Southwest,46,36,0.561,94.9,94,1.28,Didier Ilunga-Mbenga,C,30,1069509,1256840,41,0,8,0.6,1.2,0.469,0,0,,0.6,1.2,0.469,0.469,0.3,0.4,0.722,0.9,1.2,2.1,0.1,0.1,0.7,0.5,1.3,1.4,330,9.7,0.518,0,0.367,12.8,18.9,15.9,2.7,1,6.8,27,11.3,0,0.6,0.5,0.076,-4.9,3.6,-1.3,0.1
2010/2011,58044000,65969238.46,473604,Milwaukee Bucks,17,MIL,Wisconsin,East,Central,35,47,0.427,91.9,92.7,-1.02,Ersan Ilyasova,PF,23,2320500,2726950,60,34,25.1,3.7,8.5,0.436,0.6,2,0.298,3.1,6.4,0.479,0.471,1.6,1.7,0.894,1.8,4.3,6.1,0.9,0.9,0.4,1.1,2.7,9.5,1505,14.3,0.516,0.239,0.205,7.9,20.7,14.1,6.6,1.8,1.3,10.2,19.1,1.1,2.7,3.8,0.121,-1.4,1.2,-0.2,0.7
2010/2011,58044000,65969238.46,473604,Oklahoma City Thunder,21,OKC,Oklahoma,West,Northwest,55,27,0.671,104.8,101,3.81,Royal Ivey,SG,29,1200000,1410187,25,0,6.2,0.6,1.5,0.421,0.3,0.6,0.438,0.4,0.9,0.409,0.513,0.1,0.1,1,0.1,0.6,0.6,0.3,0.2,0,0.2,0.7,1.6,155,8.2,0.527,0.421,0.053,1.6,10.2,6,6.8,2,0.5,11.4,12.8,0.1,0.1,0.2,0.06,-2.1,-0.9,-3,0
2010/2011,58044000,65969238.46,473604,#N/A,#N/A,TOT,#N/A,#N/A,#N/A,#N/A,#N/A,#N/A,#N/A,#N/A,#N/A,Jarrett Jack,SG-PG,27,4600000,5405720,83,15,20.7,3.1,7.7,0.408,0.4,1.3,0.306,2.7,6.4,0.429,0.434,2.2,2.6,0.85,0.2,1.8,2.1,2.9,0.7,0.1,1.3,1.2,8.9,1722,14.2,0.503,0.17,0.336,1.4,10.9,6.1,23.3,1.7,0.3,13.1,23,0.9,1.4,2.4,0.066,-1,-1.2,-2.2,-0.1
2010/2011,58044000,65969238.46,473604,Toronto Raptors,28,TOR,Ontario,East,Atlantic,22,60,0.268,99.1,105.4,-6.28,Jarrett Jack,PG,27,4600000,5405720,13,13,26.7,3.7,9.4,0.393,0.3,1.8,0.167,3.4,7.5,0.449,0.41,3.1,3.5,0.87,0.5,2.8,3.2,4.5,1.1,0,2.6,1.9,10.8,347,12.6,0.492,0.197,0.377,2,12.6,7.2,25.9,2.1,0,19.3,22.8,-0.1,0.1,0,0.002,-1.5,-1.7,-3.3,-0.1
2010/2011,58044000,65969238.46,473604,New Orleans Hornets,19,NOH,Louisiana,West,Southwest,46,36,0.561,94.9,94,1.28,Jarrett Jack,SG,27,4600000,5405720,70,2,19.6,3,7.4,0.412,0.4,1.2,0.345,2.6,6.2,0.425,0.44,2,2.4,0.845,0.2,1.7,1.9,2.6,0.6,0.1,1.1,1.1,8.5,1375,14.6,0.505,0.163,0.326,1.2,10.4,5.8,22.6,1.6,0.4,11.4,23.1,1,1.3,2.4,0.082,-0.9,-1.1,-2,0
2010/2011,58044000,65969238.46,473604,Sacramento Kings,26,SAC,California,West,Pacific,24,58,0.293,99.4,104.7,-4.8,Darnell Jackson,PF,25,854389,1004040,59,2,8.2,1.3,2.7,0.487,0.1,0.2,0.273,1.3,2.5,0.503,0.497,0.5,0.8,0.612,0.8,0.8,1.6,0.2,0.2,0.1,0.4,1,3.2,486,12.3,0.521,0.07,0.31,11.2,10.8,11,4.6,1.2,0.4,11.4,18,0.4,0.3,0.7,0.069,-1.9,-2.4,-4.3,-0.3
2010/2011,58044000,65969238.46,473604,Charlotte Bobcats,4,CHA,North Carolina,East,Southeast,34,48,0.415,93.3,97.3,-4.08,Stephen Jackson,SG,32,8453250,9933892,67,67,35.9,6.5,15.8,0.411,1.8,5.4,0.337,4.7,10.4,0.449,0.468,3.7,4.6,0.816,0.8,3.7,4.5,3.6,1.2,0.4,3.1,2.4,18.5,2405,14.6,0.52,0.339,0.288,2.7,12.7,7.7,18.4,1.8,0.9,14.9,27.4,-0.2,2.1,1.9,0.039,0.6,-0.8,-0.2,1.1
2010/2011,58044000,65969238.46,473604,New Jersey Nets,3,NJN,New Jersey,East,Atlantic,24,58,0.293,94.2,100.4,-6.28,Damion James,SF,23,1156320,1358857,25,9,16.1,1.8,4.1,0.447,0,0.1,0,1.8,4,0.46,0.447,0.7,1.1,0.643,0.7,2.7,3.4,0.8,0.6,0.5,1,1.4,4.4,403,10.1,0.477,0.029,0.272,4.8,20.5,12.5,8.1,2.1,2.3,17.8,16.2,-0.4,0.5,0.1,0.015,-5.1,1.7,-3.4,-0.1
2010/2011,58044000,65969238.46,473604,Miami Heat,16,MIA,Florida,East,Southeast,58,24,0.707,102.1,94.6,6.76,LeBron James,SF,26,14500000,17039770,79,79,38.8,9.6,18.8,0.51,1.2,3.5,0.33,8.4,15.3,0.552,0.541,6.4,8.4,0.759,1,6.5,7.5,7,1.6,0.6,3.6,2.1,26.7,3063,27.3,0.594,0.188,0.446,3.3,18.7,11.4,34.9,2.1,1.3,13.8,31.5,10.3,5.3,15.6,0.244,6.5,2.1,8.6,8.2
2010/2011,58044000,65969238.46,473604,Cleveland Cavaliers,6,CLE,Ohio,East,Central,19,63,0.232,95.5,104.5,-8.88,Antawn Jamison,PF,34,13358905,15698804,56,38,32.9,6.7,15.6,0.427,1.6,4.7,0.346,5.1,10.9,0.462,0.479,3.1,4.2,0.731,1.5,5.2,6.7,1.7,0.9,0.5,1.4,2.4,18,1842,16.8,0.516,0.3,0.267,5.2,18.5,11.7,9.6,1.4,1.2,7.3,26,1.5,1.1,2.6,0.067,0.8,-1.7,-0.9,0.5
2010/2011,58044000,65969238.46,473604,#N/A,#N/A,TOT,#N/A,#N/A,#N/A,#N/A,#N/A,#N/A,#N/A,#N/A,#N/A,Othyus Jeffers,SG,25,#N/A,#N/A,17,1,18.9,1.8,3.8,0.477,0.1,0.2,0.25,1.8,3.6,0.492,0.485,1.8,2.7,0.652,1.5,2.5,3.9,1.2,1,0,0.8,1.9,5.5,322,13.3,0.546,0.062,0.708,8.5,15.4,11.9,9.3,2.7,0,14.1,13.6,0.4,0.3,0.7,0.097,-0.9,0.4,-0.5,0.1
2010/2011,58044000,65969238.46,473604,San Antonio Spurs,27,SAS,Texas,West,Southwest,61,21,0.744,103.7,98,5.86,Othyus Jeffers,SG,25,#N/A,#N/A,1,0,8,1,3,0.333,0,0,,1,3,0.333,0.333,0,0,,0,2,2,1,0,0,1,1,2,8,-0.5,0.333,0,0,0,28.4,14.5,18.6,0,0,25,23,0,0,0,-0.183,-12.4,-0.6,-13,0
2010/2011,58044000,65969238.46,473604,Washington Wizards,30,WAS,Washington DC,East,Southeast,23,59,0.28,97.3,104.7,-7.3,Othyus Jeffers,SG,25,#N/A,#N/A,16,1,19.6,1.9,3.9,0.484,0.1,0.3,0.25,1.8,3.6,0.5,0.492,1.9,2.9,0.652,1.6,2.5,4.1,1.2,1.1,0,0.8,1.9,5.7,314,13.7,0.553,0.065,0.742,8.8,15.1,11.8,9,2.8,0,13.6,13.4,0.4,0.3,0.7,0.104,-0.6,0.4,-0.2,0.1
2010/2011,58044000,65969238.46,473604,Utah Jazz,29,UTA,Utah,West,Northwest,39,43,0.476,99.4,101.3,-1.44,Al Jefferson,C,26,13000000,15277035,82,82,35.9,8,16.1,0.496,0,0,,8,16.1,0.496,0.496,2.7,3.5,0.761,2.9,6.8,9.7,1.8,0.6,1.9,1.3,2.9,18.6,2940,20.1,0.528,0,0.219,9.6,23.2,16.3,9.2,0.8,4.2,6.8,24.2,5.1,2.7,7.8,0.128,0,0.1,0.1,1.5
2010/2011,58044000,65969238.46,473604,San Antonio Spurs,27,SAS,Texas,West,Southwest,61,21,0.744,103.7,98,5.86,Richard Jefferson,SF,30,8400000,9871315,81,81,30.4,3.8,7.9,0.474,1.7,3.8,0.44,2.1,4.1,0.504,0.579,1.8,2.4,0.759,0.7,3.2,3.8,1.3,0.5,0.4,1.1,2,11,2459,12.4,0.612,0.478,0.304,2.6,11.8,7.3,6.5,0.8,1,11.3,15.4,3.7,2.1,5.9,0.115,1.1,0,1.2,2
2010/2011,58044000,65969238.46,473604,#N/A,#N/A,TOT,#N/A,#N/A,#N/A,#N/A,#N/A,#N/A,#N/A,#N/A,#N/A,Jared Jeffries,PF,29,6883800,8089542,42,9,14.3,0.7,2,0.349,0,0.2,0.222,0.7,1.8,0.364,0.36,0.3,0.7,0.414,1.5,1.3,2.8,0.9,0.7,0.4,0.5,1.8,1.8,601,8,0.375,0.105,0.337,11.7,10.3,11,8.1,2.6,2,17.5,8.8,0,0.5,0.6,0.045,-2.1,2.3,0.2,0.3
2010/2011,58044000,65969238.46,473604,Houston Rockets,11,HOU,Texas,West,Southwest,43,39,0.524,105.9,103.7,2.37,Jared Jeffries,PF,29,6883800,8089542,18,0,7.7,0.6,2,0.306,0.1,0.3,0.167,0.6,1.7,0.333,0.319,0.2,0.6,0.4,1.1,0.8,1.9,0.6,0.4,0.2,0.2,1.2,1.5,138,9.5,0.334,0.167,0.278,16.4,12.3,14.4,11.1,2.6,1.5,9,14.2,0,0.1,0.1,0.042,-1.9,1.3,-0.6,0
2010/2011,58044000,65969238.46,473604,New York Knicks,20,NYK,New York,East,Atlantic,42,40,0.512,106.5,105.7,0.48,Jared Jeffries,PF,29,6883800,8089542,24,9,19.3,0.8,2.1,0.38,0,0.1,0.333,0.8,2,0.383,0.39,0.3,0.8,0.421,1.8,1.6,3.4,1,1,0.6,0.7,2.3,2,463,7.6,0.403,0.06,0.38,10.3,9.7,10,7.2,2.6,2.2,22.6,7.2,0.1,0.4,0.4,0.046,-2.2,2.6,0.4,0.3
2010/2011,58044000,65969238.46,473604,Milwaukee Bucks,17,MIL,Wisconsin,East,Central,35,47,0.427,91.9,92.7,-1.02,Brandon Jennings,PG,21,2331120,2739430,63,61,34.4,5.7,14.7,0.39,1.6,4.8,0.323,4.2,9.9,0.422,0.443,3.2,3.9,0.809,0.7,3,3.7,4.8,1.5,0.3,2.3,2.1,16.2,2169,15.6,0.493,0.327,0.266,2.2,10.6,6.3,25.9,2.3,0.8,12.4,25.5,0.6,3.3,3.9,0.086,1.1,0.7,1.8,2.1
2010/2011,58044000,65969238.46,473604,Sacramento Kings,26,SAC,California,West,Pacific,24,58,0.293,99.4,104.7,-4.8,Eugene Jeter,PG,27,473604,552932.67,62,1,13.8,1.7,4.2,0.409,0.1,0.5,0.2,1.6,3.7,0.437,0.421,0.6,0.7,0.902,0.1,1,1.1,2.6,0.5,0,0.8,0.9,4.1,858,11.1,0.46,0.116,0.158,1.2,8.3,4.6,28.4,1.7,0.2,15.5,16.5,0.2,0.5,0.7,0.037,-3,-2.4,-5.4,-0.7
2010/2011,58044000,65969238.46,473604,Washington Wizards,30,WAS,Washington DC,East,Southeast,23,59,0.28,97.3,104.7,-7.3,Yi Jianlian,PF,23,4050499,4759970,63,11,17.7,2.3,5.5,0.418,0,0.2,0.231,2.3,5.3,0.425,0.422,1,1.4,0.681,1.3,2.7,3.9,0.4,0.4,0.5,0.8,1.8,5.6,1112,10.1,0.459,0.037,0.262,7.8,18,12.7,3.5,1.2,2.2,11.6,17.4,-0.4,0.8,0.4,0.016,-4.7,-1.2,-5.9,-1.1
2010/2011,58044000,65969238.46,473604,Toronto Raptors,28,TOR,Ontario,East,Atlantic,22,60,0.268,99.1,105.4,-6.28,Amir Johnson,PF,23,5000000,5875782,72,54,25.7,3.9,6.9,0.568,0,0,0,3.9,6.9,0.569,0.568,1.8,2.2,0.788,2.6,3.8,6.4,1.1,0.7,1.2,1,3.7,9.6,1853,17.6,0.608,0.002,0.323,11.8,17.8,14.7,6.8,1.5,3.6,10.9,15.3,4.4,1.2,5.6,0.146,1.5,1.1,2.7,2.2
2010/2011,58044000,65969238.46,473604,Portland Trail Blazers,25,POR,Oregon,West,Northwest,48,34,0.585,96.3,94.8,1.85,Armon Johnson,PG,21,473604,556558,38,0,7.3,1.2,2.7,0.455,0.1,0.3,0.417,1.1,2.3,0.461,0.48,0.3,0.6,0.591,0.3,0.7,0.9,1.2,0.1,0,1,0.8,2.9,277,9.3,0.497,0.119,0.218,4.7,11.5,7.9,28.1,1,0.3,25.6,25.1,-0.4,0.2,-0.3,-0.044,-4.4,-2.4,-6.8,-0.3
2010/2011,58044000,65969238.46,473604,#N/A,#N/A,TOT,#N/A,#N/A,#N/A,#N/A,#N/A,#N/A,#N/A,#N/A,#N/A,Chris Johnson,C,25,164368,193157,14,1,9.9,0.6,1.5,0.429,0,0,,0.6,1.5,0.429,0.429,1.1,1.4,0.75,0.9,1.4,2.3,0.2,0.2,0.6,0.7,1.5,2.4,138,10.2,0.554,0,0.952,10.3,18.2,14.2,3.2,1.2,5.3,25.1,13.5,0,0.2,0.2,0.08,-4.9,2,-2.9,0
2010/2011,58044000,65969238.46,473604,Portland Trail Blazers,25,POR,Oregon,West,Northwest,48,34,0.585,96.3,94.8,1.85,Chris Johnson,C,25,164368,193157,10,1,10.6,0.7,1.8,0.389,0,0,,0.7,1.8,0.389,0.389,1.3,1.8,0.722,1.1,1.6,2.7,0.2,0.3,0.6,0.8,1.8,2.7,106,10.3,0.521,0,1,12.2,19.3,15.6,2.8,1.5,4.7,23.6,15,0,0.2,0.2,0.069,-5.1,1.3,-3.8,0
2010/2011,58044000,65969238.46,473604,Boston Celtics,2,BOS,Massachusetts,East,Atlantic,56,26,0.683,96.5,91.1,4.83,Chris Johnson,C,25,164368,193157,4,0,8,0.5,0.8,0.667,0,0,,0.5,0.8,0.667,0.667,0.5,0.5,1,0.3,1,1.3,0.3,0,0.8,0.5,0.8,1.5,32,9.9,0.773,0,0.667,4.1,14.5,9.6,4.5,0,7.3,34,8.8,0,0.1,0.1,0.118,-4.4,4.2,-0.1,0
2010/2011,58044000,65969238.46,473604,#N/A,#N/A,TOT,#N/A,#N/A,#N/A,#N/A,#N/A,#N/A,#N/A,#N/A,#N/A,James Johnson,SF,23,1713600,2013748,38,25,21.6,2.8,6.2,0.456,0.2,0.9,0.235,2.6,5.3,0.493,0.473,1.2,1.9,0.662,1,2.8,3.7,2.3,0.9,1,1.7,2.5,7.1,822,12.6,0.505,0.143,0.3,5.2,15.4,10.2,16.4,2.1,3.4,19.3,18.2,-0.1,0.8,0.6,0.036,-1.9,1.9,0,0.4
2010/2011,58044000,65969238.46,473604,Chicago Bulls,5,CHI,Illinois,East,Central,62,20,0.756,98.6,91.3,6.53,James Johnson,SF,23,1713600,2013748,13,0,9.5,1.3,3.2,0.415,0.2,0.7,0.222,1.2,2.5,0.469,0.439,0.5,1,0.462,0.5,1.4,1.8,1.1,0.6,0.7,1.4,1.9,3.2,123,8.8,0.449,0.22,0.317,5.9,16.7,11.4,18.1,3.5,5.6,27.8,24.2,-0.4,0.3,0,-0.014,-6.3,5.1,-1.2,0
2010/2011,58044000,65969238.46,473604,Toronto Raptors,28,TOR,Ontario,East,Atlantic,22,60,0.268,99.1,105.4,-6.28,James Johnson,SF,23,1713600,2013748,25,25,28,3.6,7.8,0.464,0.2,1,0.24,3.4,6.8,0.497,0.48,1.6,2.3,0.707,1.2,3.5,4.7,3,1,1.1,1.8,2.8,9.2,699,13.2,0.517,0.128,0.296,5.1,15.1,10,16.1,1.8,3,17.2,17.1,0.2,0.4,0.6,0.044,-1.1,1.3,0.3,0.4
2010/2011,58044000,65969238.46,473604,Atlanta Hawks,1,ATL,Georgia,East,Southeast,44,38,0.537,95,95.8,-1.1,Joe Johnson,SG,29,16324500,19183843,72,72,35.5,7.1,16.1,0.443,1.2,4.2,0.297,5.9,12,0.494,0.481,2.7,3.4,0.802,0.8,3.2,4,4.7,0.7,0.1,2,1.8,18.2,2554,16.4,0.517,0.258,0.209,2.8,10.9,6.9,24,1,0.2,10.3,26.3,2.5,1.8,4.2,0.08,1.6,-1.8,-0.2,1.2
2010/2011,58044000,65969238.46,473604,#N/A,#N/A,TOT,#N/A,#N/A,#N/A,#N/A,#N/A,#N/A,#N/A,#N/A,#N/A,Trey Johnson,SG,26,89670,105376,8,0,11.8,1.5,4.1,0.364,0.1,0.4,0.333,1.4,3.8,0.367,0.379,1.1,1.3,0.9,0.3,0.6,0.9,1.4,0.1,0.1,0.6,1.5,4.3,94,8.3,0.455,0.091,0.303,2.5,6.5,4.4,17.4,0.5,0.8,11.8,20.2,0,0,0,-0.009,-3.7,-4,-7.6,-0.1
2010/2011,58044000,65969238.46,473604,Toronto Raptors,28,TOR,Ontario,East,Atlantic,22,60,0.268,99.1,105.4,-6.28,Trey Johnson,SG,26,89670,105376,7,0,11.6,1.4,4.3,0.333,0.1,0.4,0.333,1.3,3.9,0.333,0.35,1,1.1,0.875,0.3,0.7,1,1.6,0.1,0.1,0.7,1.6,4,81,7,0.418,0.1,0.267,2.9,7.5,5.1,20.2,0.6,0.9,13,21.3,-0.1,0,-0.1,-0.048,-4.4,-3.9,-8.3,-0.1
2010/2011,58044000,65969238.46,473604,Los Angeles Lakers,14,LAL,California,West,Pacific,57,25,0.695,101.5,95.4,6.01,Trey Johnson,SG,26,89670,105376,1,0,13,2,3,0.667,0,0,,2,3,0.667,0.667,2,2,1,0,0,0,0,0,0,0,1,6,13,16.2,0.773,0,0.667,0,0,0,0,0,0,0,13.6,0.1,0,0.1,0.23,0.8,-4.5,-3.7,0
2010/2011,58044000,65969238.46,473604,Minnesota Timberwolves,18,MIN,Minnesota,West,Northwest,17,65,0.207,101.1,107.7,-5.97,Wesley Johnson,SG,23,3726600,4379338,79,63,26.2,3.4,8.6,0.397,1.3,3.7,0.356,2.1,5,0.427,0.473,0.8,1.2,0.696,0.6,2.4,3,1.9,0.7,0.7,1.2,2.1,9,2069,10.2,0.491,0.424,0.135,2.7,10.4,6.4,11,1.4,2,11.6,16.8,0.4,0.9,1.3,0.03,-1.1,-0.4,-1.6,0.2
2010/2011,58044000,65969238.46,473604,Indiana Pacers,12,IND,Indiana,East,Central,37,45,0.451,99.8,100.9,-1.38,Dahntay Jones,SG,30,2500000,2937891,45,2,13.1,2.2,4.8,0.467,0.3,0.9,0.359,1.9,3.9,0.491,0.5,1.5,2,0.767,0.1,1.4,1.4,0.7,0.4,0.2,0.7,1.6,6.3,589,13.7,0.558,0.182,0.421,0.8,11.4,6.1,9.5,1.7,0.9,10.9,21.4,0.6,0.6,1.2,0.102,-1.7,-1.4,-3.1,-0.2
2010/2011,58044000,65969238.46,473604,Dallas Mavericks,7,DAL,Texas,West,Southwest,57,25,0.695,100.2,96,4.41,Dominique Jones,SG,22,1110120,1304564,18,0,7.5,0.8,2.5,0.311,0,0.2,0,0.8,2.3,0.341,0.311,0.8,0.9,0.824,0.3,1.1,1.4,1.1,0.3,0.2,0.6,0.4,2.3,135,10.6,0.4,0.089,0.378,5.4,15.9,10.8,20.8,1.9,1.7,16,21.7,-0.2,0.2,0,0.007,-5.1,1.7,-3.4,0
2010/2011,58044000,65969238.46,473604,Miami Heat,16,MIA,Florida,East,Southeast,58,24,0.707,102.1,94.6,6.76,James Jones,SF,30,1069509,1256840,81,8,19.1,1.8,4.3,0.422,1.5,3.5,0.429,0.3,0.7,0.39,0.6,0.7,0.9,0.833,0.3,1.7,2,0.5,0.4,0.2,0.3,1.6,5.9,1549,11.1,0.629,0.829,0.208,1.9,9.9,6.1,4.1,1,1,5.3,12,3,1.7,4.7,0.145,1.8,-0.9,0.9,1.1
2010/2011,58044000,65969238.46,473604,Indiana Pacers,12,IND,Indiana,East,Central,37,45,0.451,99.8,100.9,-1.38,Solomon Jones,C,26,1500000,1762734,39,0,13.5,1.3,3.1,0.405,0,0,0,1.3,3.1,0.408,0.405,1.1,1.6,0.661,1.2,1.7,2.9,0.8,0.3,0.6,0.9,2.4,3.6,528,8.5,0.469,0.008,0.512,9.5,14.2,11.9,8.5,1.2,3,19.1,15.4,-0.2,0.6,0.5,0.042,-4.1,1.6,-2.6,-0.1
2010/2011,58044000,65969238.46,473604,Los Angeles Clippers,13,LAC,California,West,Pacific,32,50,0.39,98.6,101.8,-2.71,DeAndre Jordan,C,22,854389,1004040,80,66,25.6,2.9,4.3,0.686,0,0,0,2.9,4.3,0.688,0.686,1.2,2.7,0.452,2.6,4.6,7.2,0.5,0.5,1.8,1.3,3.2,7.1,2047,14.8,0.648,0.003,0.636,11.9,20.9,16.5,3.2,1,5.4,18.8,11.7,2.6,2.6,5.2,0.122,-1.2,2.5,1.3,1.7
2010/2011,58044000,65969238.46,473604,Los Angeles Clippers,13,LAC,California,West,Pacific,32,50,0.39,98.6,101.8,-2.71,Chris Kaman,C,28,11800000,13866847,32,15,26.2,5.5,11.8,0.471,0,0,,5.5,11.8,0.471,0.471,1.3,1.8,0.754,1.6,5.4,7,1.4,0.5,1.5,1.8,2.3,12.4,838,15.7,0.495,0,0.152,7.2,24.1,15.7,10,1,4.5,12.6,24.4,-0.2,1.1,0.8,0.047,-3.7,1.2,-2.5,-0.1
2010/2011,58044000,65969238.46,473604,Philadelphia 76ers,23,PHI,Pennsylvania,East,Atlantic,41,41,0.5,99,97.5,1.01,Jason Kapono,SF,29,6641440,7804731,24,2,4.7,0.3,1.2,0.25,0,0.3,0.125,0.3,0.8,0.3,0.268,0,0.1,0.5,0.1,0.3,0.5,0.2,0.1,0,0.1,0.2,0.7,112,1.6,0.277,0.286,0.071,3.1,8.2,5.7,5,0.9,0.7,6.5,12.7,-0.3,0.1,-0.2,-0.07,-7.3,-1.1,-8.4,-0.2
2010/2011,58044000,65969238.46,473604,Dallas Mavericks,7,DAL,Texas,West,Southwest,57,25,0.695,100.2,96,4.41,Jason Kidd,PG,37,8610500,10118685,80,80,33.2,2.7,7.5,0.361,1.7,4.9,0.34,1,2.6,0.4,0.472,0.8,1,0.87,0.4,4,4.4,8.2,1.7,0.4,2.2,1.5,7.9,2653,14.4,0.5,0.656,0.129,1.6,13.4,7.7,35.4,2.7,0.8,22.1,14.3,2.5,3.9,6.4,0.116,1,2.1,3.1,3.4
2010/2011,58044000,65969238.46,473604,Utah Jazz,29,UTA,Utah,West,Northwest,39,43,0.476,99.4,101.3,-1.44,Andrei Kirilenko,SF,29,17823000,20944815,64,62,31.2,4,8.5,0.467,0.6,1.5,0.367,3.4,6.9,0.489,0.5,3.3,4.2,0.77,1.6,3.5,5.1,3,1.3,1.2,1.8,1.8,11.7,1999,16.6,0.567,0.181,0.498,6,13.8,9.9,14.9,2.1,3,15,17.8,2.9,1.7,4.5,0.109,0.8,1.3,2.2,2.1
2010/2011,58044000,65969238.46,473604,Toronto Raptors,28,TOR,Ontario,East,Atlantic,22,60,0.268,99.1,105.4,-6.28,Linas Kleiza,SF,26,4995000,5869907,39,23,26.5,4.6,10.4,0.438,1,3.4,0.298,3.6,7.1,0.505,0.486,1.1,1.7,0.631,0.9,3.6,4.5,1,0.5,0.2,1.7,2.5,11.2,1032,10.1,0.502,0.323,0.16,4.1,16.5,10.2,6.2,1,0.5,13,21.7,-0.5,0.2,-0.3,-0.012,-2,-2.7,-4.7,-0.7
2010/2011,58044000,65969238.46,473604,Chicago Bulls,5,CHI,Illinois,East,Central,62,20,0.756,98.6,91.3,6.53,Kyle Korver,SG,29,5000000,5875782,82,0,20.1,3,6.8,0.434,1.5,3.5,0.415,1.5,3.3,0.455,0.542,0.9,1.1,0.885,0.1,1.7,1.8,1.5,0.4,0.2,0.7,1.9,8.3,1649,13,0.572,0.519,0.156,0.9,9.5,5.3,12.1,1.1,0.9,9.2,18.3,2.7,2.4,5.1,0.149,0.8,-0.9,0,0.8
2010/2011,58044000,65969238.46,473604,#N/A,#N/A,TOT,#N/A,#N/A,#N/A,#N/A,#N/A,#N/A,#N/A,#N/A,#N/A,Kosta Koufos,C,21,1352640,1589563,50,2,8.7,1.4,3,0.453,0,0,0,1.4,3,0.459,0.453,0.5,0.9,0.558,1.1,1.5,2.6,0.1,0.2,0.5,0.6,1.2,3.2,434,12.6,0.474,0.013,0.287,14.6,19.1,16.8,2.5,1.1,4.4,15.5,19.9,-0.2,0.4,0.2,0.027,-5.1,-1.5,-6.7,-0.5
2010/2011,58044000,65969238.46,473604,Minnesota Timberwolves,18,MIN,Minnesota,West,Northwest,17,65,0.207,101.1,107.7,-5.97,Kosta Koufos,C,21,1352640,1589563,39,1,8.6,1.2,2.8,0.435,0,0.1,0,1.2,2.7,0.443,0.435,0.3,0.6,0.5,1.1,1.4,2.5,0.2,0.2,0.5,0.6,1.3,2.7,336,10.4,0.447,0.019,0.222,13.5,18.7,16,3.2,1.2,4.5,17.4,18.2,-0.3,0.3,0,-0.004,-5.5,-0.3,-5.8,-0.3
2010/2011,58044000,65969238.46,473604,Denver Nuggets,8,DEN,Colorado,West,Northwest,50,32,0.61,107.5,102.7,4.81,Kosta Koufos,C,21,1352640,1589563,11,1,8.9,1.9,3.8,0.5,0,0,,1.9,3.8,0.5,0.5,1.1,1.7,0.632,1.4,1.6,3,0,0.2,0.5,0.5,0.8,4.9,98,20.3,0.536,0,0.452,18.2,20.6,19.4,0,1,3.9,10.6,25.6,0.1,0.1,0.3,0.133,-4,-5.7,-9.7,-0.2
2010/2011,58044000,65969238.46,473604,#N/A,#N/A,TOT,#N/A,#N/A,#N/A,#N/A,#N/A,#N/A,#N/A,#N/A,#N/A,Nenad Krstic,C,27,5543116,6514029,71,67,22.1,3.3,6.4,0.511,0,0,,3.3,6.4,0.511,0.511,1.6,2.1,0.774,1.7,3,4.7,0.4,0.4,0.4,0.8,2.6,8.1,1571,13.1,0.557,0,0.323,9.9,15.4,12.7,2.8,0.9,1.2,9.8,16.9,2.3,1.7,4,0.122,-1.6,-1.2,-2.7,-0.3
2010/2011,58044000,65969238.46,473604,Oklahoma City Thunder,21,OKC,Oklahoma,West,Northwest,55,27,0.671,104.8,101,3.81,Nenad Krstic,C,27,5543116,6514029,47,47,21.7,3.2,6.5,0.498,0,0,,3.2,6.5,0.498,0.498,1.1,1.4,0.803,1.6,2.8,4.4,0.4,0.4,0.4,0.7,2.3,7.6,1018,12.5,0.534,0,0.216,9.2,14.4,11.9,3,0.9,1.2,9,16.4,1.2,0.8,2,0.096,-1.8,-1.5,-3.2,-0.3
2010/2011,58044000,65969238.46,473604,Boston Celtics,2,BOS,Massachusetts,East,Atlantic,56,26,0.683,96.5,91.1,4.83,Nenad Krstic,C,27,5543116,6514029,24,20,23,3.3,6.1,0.537,0,0,,3.3,6.1,0.537,0.537,2.5,3.3,0.75,2,3.4,5.3,0.3,0.3,0.3,1,3.2,9.1,553,14.3,0.598,0,0.544,11.1,17,14.2,2.3,0.8,1.1,11.2,17.8,1,0.9,2,0.17,-1.2,-0.6,-1.8,0
2010/2011,58044000,65969238.46,473604,#N/A,#N/A,TOT,#N/A,#N/A,#N/A,#N/A,#N/A,#N/A,#N/A,#N/A,#N/A,Carl Landry,PF,27,3000000,3525469,76,26,26.4,4.5,9,0.502,0,0.1,0,4.5,9,0.505,0.502,2.8,3.8,0.74,2.2,2.4,4.6,0.8,0.5,0.4,1.4,2.6,11.9,2008,14.8,0.555,0.006,0.419,9.3,10.8,10,5.2,1,1.2,11.8,20.5,2.8,1.3,4.1,0.098,-0.8,-1.2,-2,0
2010/2011,58044000,65969238.46,473604,Sacramento Kings,26,SAC,California,West,Pacific,24,58,0.293,99.4,104.7,-4.8,Carl Landry,PF,27,3000000,3525469,53,16,26.5,4.5,9.1,0.492,0,0.1,0,4.5,9.1,0.495,0.492,2.9,4.1,0.721,2.4,2.4,4.8,0.9,0.6,0.4,1.5,2.4,11.9,1406,14.7,0.545,0.006,0.444,10,10.5,10.2,5.7,1.1,1,12.4,20.3,1.8,0.7,2.5,0.086,-0.7,-1.3,-2,0
2010/2011,58044000,65969238.46,473604,New Orleans Hornets,19,NOH,Louisiana,West,Southwest,46,36,0.561,94.9,94,1.28,Carl Landry,PF,27,3000000,3525469,23,10,26.2,4.7,8.8,0.527,0,0,0,4.7,8.8,0.53,0.527,2.5,3.2,0.795,1.7,2.4,4.1,0.6,0.4,0.5,1.2,3.1,11.8,602,15.2,0.578,0.005,0.36,7.6,11.4,9.5,3.8,0.9,1.7,10.3,20.8,1,0.6,1.6,0.125,-0.8,-0.9,-1.7,0
2010/2011,58044000,65969238.46,473604,#N/A,#N/A,TOT,#N/A,#N/A,#N/A,#N/A,#N/A,#N/A,#N/A,#N/A,#N/A,Acie Law,PG,26,859087,1009560,51,0,14.2,1.6,3.6,0.435,0.1,0.7,0.167,1.5,2.9,0.5,0.452,0.9,1.3,0.734,0.2,1,1.2,1.6,0.6,0,0.8,1.2,4.2,726,9.9,0.502,0.194,0.344,1.9,8.2,5,16.3,2.2,0,16.7,15.7,0.1,0.3,0.4,0.027,-3,-1.9,-4.8,-0.5
2010/2011,58044000,65969238.46,473604,Memphis Grizzlies,15,MEM,Tennessee,West,Southwest,46,36,0.561,99.9,97.6,2.55,Acie Law,PG,26,859087,1009560,11,0,8.5,0.3,1.7,0.158,0,0.5,0,0.3,1.2,0.231,0.158,0.5,0.9,0.6,0.3,0.7,1,1.3,0.4,0,0.9,0.9,1.1,94,0.4,0.256,0.316,0.526,3.8,10.3,7,19.3,2.2,0,29.9,16,-0.4,0.1,-0.3,-0.138,-8,-0.3,-8.3,-0.1
2010/2011,58044000,65969238.46,473604,Golden State Warriors,10,GSW,California,West,Pacific,36,46,0.439,103.4,105.7,-2,Acie Law,PG,26,859087,1009560,40,0,15.8,2,4.2,0.467,0.2,0.8,0.2,1.8,3.4,0.526,0.485,1,1.4,0.759,0.2,1.1,1.3,1.8,0.7,0,0.8,1.3,5.1,632,11.3,0.532,0.18,0.323,1.6,7.9,4.7,15.9,2.2,0,14.7,15.6,0.5,0.2,0.7,0.052,-2.2,-2.1,-4.3,-0.4
2010/2011,58044000,65969238.46,473604,Phoenix Suns,24,PHO,Arizona,West,Pacific,40,42,0.488,105,105.9,-0.46,Gani Lawal,PF,22,473640,556601,1,0,2,0,0,,0,0,,0,0,,,0,0,,0,0,0,0,0,0,0,1,0,2,-9.1,,,,0,0,0,0,0,0,,0,0,0,0,-0.009,-5.4,0.5,-4.9,0
2010/2011,58044000,65969238.46,473604,Denver Nuggets,8,DEN,Colorado,West,Northwest,50,32,0.61,107.5,102.7,4.81,Ty Lawson,PG,23,1546560,1817450,80,31,26.3,4.3,8.6,0.503,0.9,2.1,0.404,3.5,6.5,0.536,0.553,2.2,2.8,0.764,0.8,1.8,2.6,4.7,1,0.1,1.7,1.7,11.7,2103,17.9,0.593,0.249,0.327,3.8,7.6,5.7,28.3,1.9,0.1,14.8,19.6,5.1,1.6,6.7,0.153,3.1,-1.2,1.9,2.1
2010/2011,58044000,65969238.46,473604,Houston Rockets,11,HOU,Texas,West,Southwest,43,39,0.524,105.9,103.7,2.37,Courtney Lee,SG,25,1409040,1655842,81,1,21.3,3.1,7.1,0.439,0.9,2.1,0.408,2.2,5,0.453,0.501,1.2,1.5,0.792,0.6,2,2.6,1.2,0.7,0.2,0.8,1.3,8.3,1723,12.6,0.534,0.302,0.208,3.3,10.4,6.9,8.9,1.7,0.7,9.8,17.9,1.6,1.1,2.7,0.076,-0.5,-0.9,-1.4,0.2
2010/2011,58044000,65969238.46,473604,Golden State Warriors,10,GSW,California,West,Pacific,36,46,0.439,103.4,105.7,-2,David Lee,PF,27,10800000,12691690,73,73,36.1,6.8,13.4,0.507,0,0,0.333,6.8,13.4,0.508,0.508,2.9,3.7,0.787,3,6.8,9.8,3.2,1,0.4,2.3,2.9,16.5,2634,17.8,0.549,0.003,0.273,9.1,21.9,15.4,14,1.4,0.9,13.4,21.2,4.1,2,6,0.11,0.1,0.1,0.3,1.5
2010/2011,58044000,65969238.46,473604,#N/A,#N/A,TOT,#N/A,#N/A,#N/A,#N/A,#N/A,#N/A,#N/A,#N/A,#N/A,Rashard Lewis,SF-PF,31,19573711,23002174,57,52,32,4.4,10.2,0.433,1.5,4.3,0.357,2.9,5.9,0.488,0.508,1.4,1.7,0.802,1.2,3.8,5.1,1.6,0.9,0.5,1.5,2.8,11.7,1824,12,0.535,0.419,0.165,4.4,14,9.1,8.1,1.5,1.3,12.2,17.6,1.2,1.9,3,0.079,-0.2,0.3,0.2,1
2010/2011,58044000,65969238.46,473604,Orlando Magic,22,ORL,Florida,East,Southeast,52,30,0.634,99.2,93.7,4.92,Rashard Lewis,PF,31,19573711,23002174,25,25,32.4,4.5,10.8,0.419,1.8,4.8,0.367,2.8,6,0.46,0.5,1.4,1.8,0.756,0.9,3.3,4.2,1.2,0.9,0.4,1.4,2.5,12.2,810,11,0.524,0.444,0.167,3.4,11.7,7.6,5.9,1.4,1,10.8,18.6,0.3,1.2,1.5,0.091,-0.6,0.8,0.2,0.4
2010/2011,58044000,65969238.46,473604,Washington Wizards,30,WAS,Washington DC,East,Southeast,23,59,0.28,97.3,104.7,-7.3,Rashard Lewis,SF,31,19573711,23002174,32,27,31.7,4.3,9.8,0.446,1.3,3.9,0.347,3,5.9,0.511,0.514,1.3,1.6,0.843,1.5,4.3,5.8,2,0.9,0.6,1.6,3,11.4,1014,12.8,0.544,0.397,0.163,5.2,15.9,10.4,9.9,1.5,1.5,13.5,16.8,0.8,0.7,1.5,0.07,0.2,0,0.1,0.5
2010/2011,58044000,65969238.46,473604,Golden State Warriors,10,GSW,California,West,Pacific,36,46,0.439,103.4,105.7,-2,Jeremy Lin,PG,22,473604,556558,29,0,9.8,1,2.5,0.389,0,0.2,0.2,0.9,2.3,0.403,0.396,0.7,0.9,0.76,0.4,0.8,1.2,1.4,1.1,0.3,0.6,1.1,2.6,285,14.8,0.458,0.069,0.347,4.7,8.9,6.8,20.4,5.9,2.4,17.8,15.6,0,0.4,0.5,0.078,-2.4,3,0.6,0.2
2010/2011,58044000,65969238.46,473604,Charlotte Bobcats,4,CHA,North Carolina,East,Southeast,34,48,0.415,93.3,97.3,-4.08,Shaun Livingston,PG,25,3500000,4113047,73,0,17.3,2.5,5.4,0.466,0,0.1,0.25,2.5,5.4,0.468,0.467,1.5,1.7,0.864,0.4,1.6,2,2.2,0.6,0.4,1.2,1.5,6.6,1261,14.3,0.53,0.01,0.315,2.8,11.6,7.2,22.5,2,1.9,16.3,20.1,0.7,1.2,1.9,0.073,-2,0.1,-1.9,0
2010/2011,58044000,65969238.46,473604,New Jersey Nets,3,NJN,New Jersey,East,Atlantic,24,58,0.293,94.2,100.4,-6.28,Brook Lopez,C,22,2413320,2836028,82,82,35.2,7.9,16,0.492,0,0,0,7.9,16,0.492,0.492,4.7,6,0.787,2.4,3.5,6,1.6,0.6,1.5,2.1,2.9,20.4,2889,19.3,0.549,0.001,0.374,7.8,12.3,10,8.8,0.9,3.2,10.4,27.3,4.4,1.9,6.3,0.105,0.6,-0.4,0.1,1.5
2010/2011,58044000,65969238.46,473604,Phoenix Suns,24,PHO,Arizona,West,Pacific,40,42,0.488,105,105.9,-0.46,Robin Lopez,C,22,1867320,2194393,67,56,14.8,2.7,5.3,0.501,0,0,,2.7,5.3,0.501,0.501,1.1,1.5,0.74,1.2,2,3.2,0.1,0.3,0.7,0.7,2.1,6.4,991,13.9,0.539,0,0.28,9.5,15.6,12.6,1.3,0.9,3.4,10.7,20.4,0.8,0.8,1.5,0.074,-3.3,-1.6,-4.9,-0.7
2010/2011,58044000,65969238.46,473604,Minnesota Timberwolves,18,MIN,Minnesota,West,Northwest,17,65,0.207,101.1,107.7,-5.97,Kevin Love,PF,22,3638280,4275548,73,73,35.8,6.6,14.1,0.47,1.2,2.9,0.417,5.4,11.2,0.483,0.513,5.8,6.8,0.85,4.5,10.7,15.2,2.5,0.6,0.4,2.1,2,20.2,2611,24.3,0.593,0.206,0.486,13.7,34.2,23.6,11.8,0.9,0.8,11.1,22.9,8.9,2.5,11.4,0.21,3.9,-0.2,3.7,3.8
2010/2011,58044000,65969238.46,473604,Houston Rockets,11,HOU,Texas,West,Southwest,43,39,0.524,105.9,103.7,2.37,Kyle Lowry,PG,24,5750000,6757150,75,71,34.2,4.6,10.8,0.426,1.7,4.6,0.376,2.9,6.2,0.464,0.506,2.6,3.3,0.765,1.2,2.9,4.1,6.7,1.4,0.3,2.1,2.8,13.5,2563,16.5,0.55,0.424,0.31,3.9,9.7,6.8,29.4,2,0.6,14.7,18.6,5.1,1.8,7,0.13,3.1,-0.4,2.7,3
2010/2011,58044000,65969238.46,473604,Chicago Bulls,5,CHI,Illinois,East,Central,62,20,0.756,98.6,91.3,6.53,John Lucas,PG,28,208264,244742,2,0,5,0.5,1.5,0.333,0,0.5,0,0.5,1,0.5,0.333,0,1,0,0,0,0,0.5,0,0,0,0,1,10,-0.1,0.258,0.333,0.667,0,0,0,15,0,0,0,17.8,0,0,0,-0.121,-8.9,-6.9,-15.8,0
2010/2011,58044000,65969238.46,473604,Milwaukee Bucks,17,MIL,Wisconsin,East,Central,35,47,0.427,91.9,92.7,-1.02,Corey Maggette,SF,31,9600000,11281502,67,18,20.9,3.8,8.3,0.453,0.4,1.2,0.359,3.4,7.2,0.468,0.478,4,4.9,0.834,0.7,2.9,3.6,1.3,0.3,0.1,1.9,2.6,12,1401,15.8,0.573,0.14,0.581,3.6,16.8,10,11.3,0.8,0.3,15.3,27.7,1.5,1.9,3.4,0.115,-1.3,-1.4,-2.7,-0.2
2010/2011,58044000,65969238.46,473604,Miami Heat,16,MIA,Florida,East,Southeast,58,24,0.707,102.1,94.6,6.76,Jamaal Magloire,C,32,1229255,1444567,18,0,8.8,0.7,1.2,0.591,0,0,,0.7,1.2,0.591,0.591,0.5,1,0.5,0.9,2.4,3.4,0.2,0.2,0.1,0.3,1.4,1.9,158,12.7,0.585,0,0.818,13.6,31.2,22.9,2.8,1.3,1,14.3,10.3,0.3,0.3,0.6,0.172,-2.5,-0.1,-2.7,0
2010/2011,58044000,65969238.46,473604,Dallas Mavericks,7,DAL,Texas,West,Southwest,57,25,0.695,100.2,96,4.41,Ian Mahinmi,C,24,762196,895699,56,0,8.7,1,1.8,0.561,0,0,0,1,1.7,0.573,0.561,1.1,1.5,0.768,0.8,1.4,2.1,0.1,0.3,0.3,0.4,1.9,3.1,488,13.7,0.645,0.02,0.837,10.7,17.8,14.4,2.5,1.5,2.3,15.7,15.3,1,0.8,1.8,0.177,-1.3,0.8,-0.6,0.2
2010/2011,58044000,65969238.46,473604,Dallas Mavericks,7,DAL,Texas,West,Southwest,57,25,0.695,100.2,96,4.41,Shawn Marion,SF,32,7305500,8585106,80,27,28.2,5.4,10.4,0.52,0.1,0.4,0.152,5.4,10,0.536,0.523,1.6,2.1,0.768,2.1,4.8,6.9,1.4,0.9,0.6,1.6,1.8,12.5,2253,17,0.551,0.04,0.197,9.1,19.2,14.3,8.3,1.6,1.7,12.5,21.5,2.3,3.4,5.6,0.12,-0.7,1.8,1.2,1.8
2010/2011,58044000,65969238.46,473604,Portland Trail Blazers,25,POR,Oregon,West,Northwest,48,34,0.585,96.3,94.8,1.85,Sean Marks,C,35,1264687,1486205,29,0,7.2,0.7,1.5,0.432,0.1,0.1,1,0.6,1.4,0.405,0.455,0.2,0.3,0.625,0.6,0.8,1.4,0.1,0.1,0.2,0.4,1.5,1.6,208,4.9,0.473,0.045,0.182,9,14.8,11.8,2.9,0.8,2,18.8,13.1,-0.1,0.2,0.1,0.019,-5.3,-0.7,-6,-0.2
2010/2011,58044000,65969238.46,473604,Washington Wizards,30,WAS,Washington DC,East,Southeast,23,59,0.28,97.3,104.7,-7.3,Cartier Martin,SF,26,854389,1004040,52,1,10.4,1.4,3.5,0.39,0.8,1.9,0.394,0.6,1.6,0.386,0.497,0.5,0.8,0.7,0.4,1,1.4,0.3,0.3,0.1,0.3,1,4,542,11.7,0.524,0.544,0.22,4.1,11.8,7.8,5.2,1.7,0.8,7.4,17.6,0.5,0.3,0.8,0.071,-0.3,-2.7,-3,-0.1
2010/2011,58044000,65969238.46,473604,Denver Nuggets,8,DEN,Colorado,West,Northwest,50,32,0.61,107.5,102.7,4.81,Kenyon Martin,PF,33,16545454,19443498,48,48,25.7,3.9,7.5,0.511,0,0.2,0.222,3.8,7.4,0.518,0.514,0.9,1.5,0.583,1.4,4.8,6.2,2.3,0.9,0.7,1.2,2.8,8.6,1233,14.1,0.526,0.025,0.199,6.5,20.9,13.9,13.6,1.8,2.2,13,16.4,1,1.6,2.7,0.104,-0.9,2.7,1.8,1.2
2010/2011,58044000,65969238.46,473604,Houston Rockets,11,HOU,Texas,West,Southwest,43,39,0.524,105.9,103.7,2.37,Kevin Martin,SG,27,11100005,13044243,80,80,32.5,6.9,15.8,0.436,2.2,5.7,0.383,4.7,10.1,0.467,0.506,7.4,8.4,0.888,0.4,2.9,3.2,2.5,1,0.2,2.3,1.9,23.5,2603,21.4,0.601,0.362,0.528,1.2,10,5.6,13,1.6,0.4,10.5,29.6,8,1.5,9.5,0.175,4.4,-2.8,1.6,2.3
2010/2011,58044000,65969238.46,473604,New York Knicks,20,NYK,New York,East,Atlantic,42,40,0.512,106.5,105.7,0.48,Roger Mason,SG,30,1400000,1645219,26,0,12.3,1,3,0.338,0.6,1.7,0.364,0.4,1.3,0.303,0.442,0.3,0.4,0.7,0.2,1.5,1.7,0.8,0.2,0.1,0.2,1,2.9,319,7.1,0.461,0.571,0.13,1.8,13.7,7.7,8.8,0.9,0.5,6.9,12.2,0.1,0.1,0.2,0.029,-2.4,-2,-4.4,-0.2
2010/2011,58044000,65969238.46,473604,Portland Trail Blazers,25,POR,Oregon,West,Northwest,48,34,0.585,96.3,94.8,1.85,Wesley Matthews,SG,24,5765000,6774777,82,69,33.6,5.4,11.9,0.449,1.9,4.6,0.407,3.5,7.3,0.476,0.528,3.2,3.8,0.844,0.6,2.6,3.1,2,1.2,0.1,1.7,2.4,15.9,2758,15.5,0.582,0.386,0.322,2,9.7,5.7,10.2,2,0.3,11,21.3,5,2.3,7.2,0.126,2.1,-1.1,1.1,2.1
2010/2011,58044000,65969238.46,473604,Detroit Pistons,9,DET,Michigan,East,Central,30,52,0.366,97,100.6,-3.78,Jason Maxiell,PF,27,5000000,5875782,57,14,16.3,1.6,3.3,0.492,0,0,,1.6,3.3,0.492,0.492,0.9,1.7,0.515,1.2,1.9,3,0.3,0.4,0.4,0.8,1.6,4.2,930,9.4,0.51,0,0.524,8.3,14.7,11.4,2.7,1.4,1.8,15.9,13.9,0,0.4,0.5,0.024,-3.6,-0.9,-4.5,-0.6
2010/2011,58044000,65969238.46,473604,Oklahoma City Thunder,21,OKC,Oklahoma,West,Northwest,55,27,0.671,104.8,101,3.81,Eric Maynor,PG,23,1417800,1666136,82,0,14.6,1.6,4.1,0.402,0.5,1.2,0.385,1.2,2.9,0.409,0.458,0.5,0.7,0.729,0.3,1.2,1.5,2.9,0.4,0.1,0.9,1.2,4.2,1200,11.7,0.485,0.288,0.177,2.5,9.1,5.9,30.3,1.5,0.4,17.7,16.5,0.7,0.8,1.5,0.061,-1.2,-2.1,-3.4,-0.4
2010/2011,58044000,65969238.46,473604,Memphis Grizzlies,15,MEM,Tennessee,West,Southwest,46,36,0.561,99.9,97.6,2.55,OJ Mayo,SG,23,4456200,5236732,71,17,26.3,4.3,10.5,0.407,1.4,3.7,0.364,2.9,6.8,0.431,0.471,1.4,1.8,0.756,0.5,1.9,2.4,2,1,0.4,1.4,1.8,11.3,1869,12.6,0.499,0.353,0.175,2.2,8.7,5.4,12.1,2,1.1,11,21.8,0.5,1.9,2.4,0.062,-0.2,-0.9,-1.1,0.4
2010/2011,58044000,65969238.46,473604,Milwaukee Bucks,17,MIL,Wisconsin,East,Central,35,47,0.427,91.9,92.7,-1.02,Luc Mbah a Moute,PF,24,854389,1004040,79,52,26.5,2.5,5.4,0.463,0,0.1,0,2.5,5.3,0.47,0.463,1.7,2.4,0.707,2.1,3.2,5.3,0.9,0.9,0.4,1,2.3,6.7,2093,11.5,0.518,0.016,0.439,9.2,14.3,11.7,5.3,1.8,1.1,13.1,13.1,1.5,3.3,4.8,0.109,-2.3,2.2,0,1
2010/2011,58044000,65969238.46,473604,San Antonio Spurs,27,SAS,Texas,West,Southwest,61,21,0.744,103.7,98,5.86,Antonio McDyess,PF,36,4860000,5711260,73,16,19,2.3,4.7,0.491,0,0,0,2.3,4.7,0.493,0.491,0.7,1.1,0.675,1.7,3.7,5.4,1.2,0.5,0.5,1,2.2,5.3,1387,12.8,0.516,0.003,0.224,10.5,22.3,16.5,9,1.3,2,16,14.9,1,2.1,3,0.105,-2.2,2.2,0,0.7
2010/2011,58044000,65969238.46,473604,Washington Wizards,30,WAS,Washington DC,East,Southeast,23,59,0.28,97.3,104.7,-7.3,JaVale McGee,C,23,1601040,1881472,79,75,27.8,4.2,7.6,0.55,0,0,0,4.2,7.6,0.552,0.55,1.7,2.9,0.583,2.8,5.2,8,0.5,0.5,2.4,1.3,2.9,10.1,2193,17.4,0.566,0.005,0.381,11.2,22.2,16.5,2.8,1,6.7,12.6,16.3,2.7,2.5,5.3,0.115,-1.8,1.7,-0.1,1
2010/2011,58044000,65969238.46,473604,Detroit Pistons,9,DET,Michigan,East,Central,30,52,0.366,97,100.6,-3.78,Tracy McGrady,SG,31,1352181,1589024,72,39,23.4,3.2,7.1,0.442,0.4,1.2,0.341,2.7,5.9,0.462,0.471,1.3,1.8,0.698,0.7,2.8,3.5,3.5,0.9,0.5,1.4,1.4,8,1686,14.9,0.503,0.171,0.251,3.4,15.4,9.1,23.6,2.1,1.6,15.2,18.6,1,1.1,2.1,0.061,-0.5,0.2,-0.3,0.7
2010/2011,58044000,65969238.46,473604,Charlotte Bobcats,4,CHA,North Carolina,East,Southeast,34,48,0.415,93.3,97.3,-4.08,Dominic McGuire,SF,25,884120,1038979,52,8,14.6,1.4,3.5,0.396,0,0,0,1.4,3.5,0.4,0.396,0.6,0.8,0.769,1.2,2.6,3.8,0.8,0.2,0.6,0.5,1.8,3.3,760,10.4,0.437,0.011,0.214,10,21.8,15.9,9,0.7,3.5,11.2,13.8,0.1,0.9,0.9,0.059,-4,1.5,-2.5,-0.1
2010/2011,58044000,65969238.46,473604,Indiana Pacers,12,IND,Indiana,East,Central,37,45,0.451,99.8,100.9,-1.38,Josh McRoberts,PF,23,885120,1040154,72,51,22.2,2.9,5.4,0.547,0.3,0.8,0.383,2.6,4.5,0.577,0.576,1.2,1.7,0.739,1.5,3.8,5.3,2.1,0.7,0.8,1.3,2.3,7.4,1597,16,0.608,0.155,0.308,7.6,18.8,13.3,15,1.5,2.6,17.5,14.7,2.6,2.2,4.9,0.147,0.4,2.5,2.9,2
2010/2011,58044000,65969238.46,473604,Philadelphia 76ers,23,PHI,Pennsylvania,East,Atlantic,41,41,0.5,99,97.5,1.01,Jodie Meeks,SG,23,762195,895698,74,64,27.9,3.3,7.7,0.425,1.9,4.7,0.397,1.4,3,0.468,0.546,2.1,2.3,0.894,0.3,2,2.3,1.1,0.9,0.1,0.8,1.3,10.5,2062,12.6,0.6,0.611,0.298,1.2,8.4,4.8,5.7,1.6,0.1,8.5,15.7,3.2,1.9,5.1,0.12,1.6,-1,0.6,1.4
2010/2011,58044000,65969238.46,473604,New Orleans Hornets,19,NOH,Louisiana,West,Southwest,46,36,0.561,94.9,94,1.28,Pops Mensah-Bonsu,PF,27,364461,428298,7,0,5,0.1,0.4,0.333,0,0,,0.1,0.4,0.333,0.333,0,0,,0.4,1.1,1.6,0.3,0,0,0.3,1.6,0.3,35,-0.1,0.333,0,0,10.4,28,19.1,8,0,0,40,6.8,0,0,0,0.013,-6.6,1.2,-5.4,0
2010/2011,58044000,65969238.46,473604,Utah Jazz,29,UTA,Utah,West,Northwest,39,43,0.476,99.4,101.3,-1.44,CJ Miles,SF,23,3700000,4348079,78,19,25.2,4.7,11.5,0.407,1.4,4.3,0.322,3.3,7.2,0.459,0.468,2,2.5,0.811,0.7,2.6,3.3,1.7,0.9,0.5,1.2,2.8,12.8,1969,14.4,0.507,0.377,0.218,3.3,12.4,7.8,11.7,2,1.6,8.6,25.1,1.2,1.3,2.5,0.061,0.4,-2.1,-1.6,0.2
2010/2011,58044000,65969238.46,473604,Minnesota Timberwolves,18,MIN,Minnesota,West,Northwest,17,65,0.207,101.1,107.7,-5.97,Darko Milicic,C,25,4325000,5082552,69,69,24.4,3.9,8.4,0.469,0,0,,3.9,8.4,0.469,0.469,0.9,1.7,0.557,1.9,3.3,5.2,1.5,0.8,2,2.2,3.3,8.8,1686,12.2,0.482,0,0.199,8.5,15.4,11.8,9.9,1.6,6.3,19.4,19.7,-1.5,1.7,0.2,0.007,-3.8,3,-0.8,0.5
2010/2011,58044000,65969238.46,473604,Portland Trail Blazers,25,POR,Oregon,West,Northwest,48,34,0.585,96.3,94.8,1.85,Andre Miller,PG,34,7269264,8542523,81,81,32.7,4.8,10.4,0.46,0,0.5,0.108,4.7,10,0.476,0.462,3.1,3.6,0.853,1.2,2.5,3.7,7,1.4,0.1,2.4,2.1,12.7,2650,17.8,0.529,0.044,0.346,4.3,9.9,7,35.7,2.3,0.4,16.8,20.6,4.6,2.4,7,0.127,1.3,-0.2,1.1,2.1
2010/2011,58044000,65969238.46,473604,Houston Rockets,11,HOU,Texas,West,Southwest,43,39,0.524,105.9,103.7,2.37,Brad Miller,C,34,4400000,5170688,60,5,16.9,2.2,4.9,0.446,0.7,1.8,0.374,1.5,3.2,0.487,0.514,1.3,1.6,0.83,0.7,3,3.7,2.4,0.5,0.4,0.9,1.6,6.4,1015,16.3,0.566,0.361,0.318,4.9,19.9,12.4,21.4,1.4,1.4,13.8,17,2,1,3,0.142,1.2,0.6,1.7,0.9
2010/2011,58044000,65969238.46,473604,Miami Heat,16,MIA,Florida,East,Southeast,58,24,0.707,102.1,94.6,6.76,Mike Miller,SG,30,5000000,5875782,41,2,20.4,2,4.9,0.401,1,2.9,0.364,0.9,2,0.452,0.507,0.6,0.8,0.676,0.9,3.6,4.5,1.2,0.5,0,1,2.1,5.6,838,9.7,0.525,0.584,0.168,5.7,19.5,13,9.1,1.3,0.2,15.9,14.4,0.4,1.2,1.6,0.09,-0.8,0.2,-0.6,0.3
2010/2011,58044000,65969238.46,473604,Portland Trail Blazers,25,POR,Oregon,West,Northwest,48,34,0.585,96.3,94.8,1.85,Patrick Mills,PG,22,937195,1101350,64,0,12.2,2.1,5.1,0.412,0.7,2.1,0.353,1.4,3,0.451,0.483,0.6,0.7,0.766,0.3,0.5,0.8,1.7,0.4,0,1,1,5.5,783,13,0.506,0.405,0.143,2.8,5.2,4,24.3,1.9,0.1,15.1,24.5,0.2,0.5,0.7,0.044,-0.1,-3.5,-3.6,-0.3
2010/2011,58044000,65969238.46,473604,Utah Jazz,29,UTA,Utah,West,Northwest,39,43,0.476,99.4,101.3,-1.44,Paul Millsap,PF,25,7600000,8931189,76,76,34.3,6.9,13,0.531,0.1,0.3,0.391,6.8,12.7,0.535,0.536,3.4,4.4,0.757,2.2,5.5,7.6,2.5,1.4,0.9,1.9,3.6,17.3,2605,19.8,0.578,0.023,0.342,7.5,19.4,13.4,12.6,2.1,2.2,11.3,22.6,5.2,2.5,7.7,0.143,1.6,0.7,2.4,2.9
2010/2011,58044000,65969238.46,473604,Houston Rockets,11,HOU,Texas,West,Southwest,43,39,0.524,105.9,103.7,2.37,Yao Ming,C,30,17686100,20783936,5,5,18.2,3.6,7.4,0.486,0,0,,3.6,7.4,0.486,0.486,3,3.2,0.938,1.4,4,5.4,0.8,0,1.6,1.4,2.6,10.2,91,19.8,0.579,0,0.432,8.7,24.9,16.8,7.3,0,6.1,13.7,24.8,0.2,0.1,0.3,0.147,-2.8,0,-2.8,0
2010/2011,58044000,65969238.46,473604,#N/A,#N/A,TOT,#N/A,#N/A,#N/A,#N/A,#N/A,#N/A,#N/A,#N/A,#N/A,Nazr Mohammed,C,33,6883800,8089542,75,37,17.1,3.1,6,0.522,0,0,0,3.1,6,0.523,0.522,0.9,1.5,0.598,1.9,3,4.9,0.3,0.4,0.7,0.9,2.5,7.1,1280,15.9,0.538,0.002,0.25,13.2,21.2,17.2,3.3,1.2,3.5,12.3,20.6,1,1.6,2.7,0.1,-2.5,-0.8,-3.3,-0.4
2010/2011,58044000,65969238.46,473604,Charlotte Bobcats,4,CHA,North Carolina,East,Southeast,34,48,0.415,93.3,97.3,-4.08,Nazr Mohammed,C,33,6883800,8089542,51,30,16.7,3.1,6.2,0.502,0,0,0,3.1,6.2,0.503,0.502,1,1.7,0.591,1.8,3.1,4.9,0.3,0.3,0.9,1,2.4,7.3,851,15.9,0.52,0.003,0.278,13.3,22.6,17.9,3.7,0.9,4.4,12.5,22.4,0.3,1.1,1.4,0.08,-3.3,-0.8,-4.1,-0.5
2010/2011,58044000,65969238.46,473604,Oklahoma City Thunder,21,OKC,Oklahoma,West,Northwest,55,27,0.671,104.8,101,3.81,Nazr Mohammed,C,33,6883800,8089542,24,7,17.9,3.1,5.5,0.573,0,0,,3.1,5.5,0.573,0.573,0.6,1,0.625,1.9,2.9,4.8,0.3,0.7,0.4,0.8,2.6,6.9,429,16,0.583,0,0.183,13,18.5,15.8,2.4,1.9,1.7,11.8,17,0.7,0.5,1.2,0.139,-0.7,-1,-1.7,0
2010/2011,58044000,65969238.46,473604,Detroit Pistons,9,DET,Michigan,East,Central,30,52,0.366,97,100.6,-3.78,Greg Monroe,C,20,2798040,3288135,80,48,27.8,3.8,6.9,0.551,0,0,0,3.8,6.9,0.552,0.551,1.8,2.9,0.622,3.1,4.4,7.5,1.3,1.2,0.6,1,2.5,9.4,2222,18,0.575,0.002,0.424,13,20.4,16.5,7.5,2.3,1.6,11,15.4,4.7,1.9,6.6,0.143,1.4,1,2.5,2.5
2010/2011,58044000,65969238.46,473604,#N/A,#N/A,TOT,#N/A,#N/A,#N/A,#N/A,#N/A,#N/A,#N/A,#N/A,#N/A,Jamario Moon,SF,30,3000000,3525469,59,20,17.7,1.7,4.2,0.407,0.6,2.1,0.309,1.1,2.1,0.504,0.484,0.3,0.3,0.882,0.4,2.4,2.8,0.9,0.5,0.6,0.4,1.1,4.3,1042,10.1,0.499,0.496,0.069,2.5,16,9.1,7.8,1.4,2.4,7.9,12,0.4,0.7,1.1,0.05,-2.3,0.5,-1.9,0
2010/2011,58044000,65969238.46,473604,Cleveland Cavaliers,6,CLE,Ohio,East,Central,19,63,0.232,95.5,104.5,-8.88,Jamario Moon,SF,30,3000000,3525469,40,13,19.1,1.9,4.7,0.402,0.7,2.4,0.284,1.2,2.4,0.521,0.474,0.3,0.3,0.909,0.4,2.6,3,1.1,0.6,0.7,0.4,1,4.7,764,10.7,0.488,0.503,0.058,2,16.1,8.9,9.3,1.7,2.7,8.1,12.5,0.2,0.5,0.7,0.043,-2.3,0.9,-1.4,0.1
2010/2011,58044000,65969238.46,473604,Los Angeles Clippers,13,LAC,California,West,Pacific,32,50,0.39,98.6,101.8,-2.71,Jamario Moon,SF,30,3000000,3525469,19,7,14.6,1.3,3.1,0.424,0.6,1.5,0.393,0.7,1.6,0.452,0.517,0.3,0.3,0.833,0.5,2,2.5,0.4,0.2,0.3,0.3,1.4,3.5,278,8.4,0.535,0.475,0.102,3.8,15.9,9.9,3.8,0.6,1.7,7.5,10.7,0.2,0.2,0.4,0.068,-2.5,-0.8,-3.3,-0.1
2010/2011,58044000,65969238.46,473604,New Jersey Nets,3,NJN,New Jersey,East,Atlantic,24,58,0.293,94.2,100.4,-6.28,Anthony Morrow,SG,25,4000000,4700626,58,47,32,4.8,10.7,0.45,1.9,4.5,0.423,2.9,6.2,0.469,0.539,1.7,1.8,0.897,0.6,2.3,3,1.2,0.3,0.1,0.9,2.3,13.2,1856,12.1,0.573,0.419,0.173,2.3,8.8,5.5,6.3,0.5,0.3,7.5,18,2.6,0.4,3,0.078,1.1,-2.3,-1.2,0.4
2010/2011,58044000,65969238.46,473604,#N/A,#N/A,TOT,#N/A,#N/A,#N/A,#N/A,#N/A,#N/A,#N/A,#N/A,#N/A,Timofey Mozgov,C,24,3567096,4191896,45,14,11.6,1.4,3,0.474,0,0,,1.4,3,0.474,0.474,0.8,1.2,0.712,1,1.7,2.7,0.3,0.3,0.6,0.8,1.9,3.6,524,10.8,0.523,0,0.391,10,16.4,13.2,4.2,1.4,3.5,18.3,16.2,0.1,0.5,0.6,0.053,-4,-0.2,-4.3,-0.3
2010/2011,58044000,65969238.46,473604,New York Knicks,20,NYK,New York,East,Atlantic,42,40,0.512,106.5,105.7,0.48,Timofey Mozgov,C,24,3567096,4191896,34,14,13.5,1.5,3.3,0.464,0,0,,1.5,3.3,0.464,0.464,0.9,1.3,0.705,1.2,1.9,3.1,0.4,0.4,0.7,0.9,2.2,4,458,10.3,0.514,0,0.393,10.1,15.8,13,4.8,1.5,3.7,19.6,15.8,0,0.4,0.4,0.044,-4,0.4,-3.6,-0.2
2010/2011,58044000,65969238.46,473604,Denver Nuggets,8,DEN,Colorado,West,Northwest,50,32,0.61,107.5,102.7,4.81,Timofey Mozgov,C,24,3567096,4191896,11,0,6,1,1.9,0.524,0,0,,1,1.9,0.524,0.524,0.5,0.7,0.75,0.5,1.1,1.5,0,0.1,0.2,0.3,0.7,2.5,66,14.4,0.571,0,0.381,9,20.4,14.9,0,0.8,2.3,10.9,18.6,0.1,0.1,0.2,0.112,-4.6,-4.5,-9,-0.1
2010/2011,58044000,65969238.46,473604,Oklahoma City Thunder,21,OKC,Oklahoma,West,Northwest,55,27,0.671,104.8,101,3.81,Byron Mullens,PF,21,1204200,1405903.5,13,0,6.5,0.7,2.2,0.321,0,0,,0.7,2.2,0.321,0.321,0.5,1.1,0.5,0.5,1.4,1.8,0,0.2,0.2,0.6,0.8,1.9,85,3.5,0.366,0,0.5,8.6,24,16.5,0,1.2,2.6,19,22.5,-0.3,0.1,-0.2,-0.113,-12.5,-4.7,-17.2,-0.3
2010/2011,58044000,65969238.46,473604,#N/A,#N/A,TOT,#N/A,#N/A,#N/A,#N/A,#N/A,#N/A,#N/A,#N/A,#N/A,Troy Murphy,PF,30,11968253,14064571,35,4,13.3,1.2,3.3,0.368,0.1,0.9,0.152,1.1,2.3,0.457,0.39,0.6,0.9,0.667,0.6,2.6,3.2,0.7,0.4,0.1,0.6,1.3,3.1,466,8,0.428,0.289,0.263,5.8,23.4,14.5,7.6,1.7,0.5,13.6,14.8,-0.4,0.7,0.3,0.029,-4.5,0.7,-3.8,-0.2
2010/2011,58044000,65969238.46,473604,New Jersey Nets,3,NJN,New Jersey,East,Atlantic,24,58,0.293,94.2,100.4,-6.28,Troy Murphy,PF,30,11968253,14064571,18,4,16,1.4,4.2,0.342,0.2,1.3,0.174,1.2,2.9,0.415,0.368,0.5,0.9,0.529,0.6,3.6,4.2,0.9,0.4,0.1,0.7,1.6,3.6,288,6.7,0.389,0.303,0.224,4.4,27,15.4,9.2,1.3,0.5,13.5,15.6,-0.4,0.3,-0.1,-0.022,-5.7,0.1,-5.5,-0.3
2010/2011,58044000,65969238.46,473604,Boston Celtics,2,BOS,Massachusetts,East,Atlantic,56,26,0.683,96.5,91.1,4.83,Troy Murphy,PF,30,11968253,14064571,17,0,10.5,0.9,2.2,0.421,0.1,0.6,0.1,0.9,1.6,0.536,0.434,0.6,0.8,0.846,0.6,1.6,2.2,0.4,0.5,0.1,0.4,1.1,2.6,178,10.1,0.503,0.263,0.342,8.1,17.6,13.1,5,2.4,0.4,13.8,13.7,0.1,0.4,0.4,0.111,-2.7,1.6,-1.1,0
2010/2011,58044000,65969238.46,473604,Washington Wizards,30,WAS,Washington DC,East,Southeast,23,59,0.28,97.3,104.7,-7.3,Hamady N'Diaye,C,24,473604,556558,16,0,5,0.3,0.3,0.8,0,0,,0.3,0.3,0.8,0.8,0.4,0.8,0.5,0.1,0.3,0.4,0,0.1,0.3,0.2,1.1,0.9,80,5.3,0.681,0,2.4,2.8,7.4,5,0,1.3,4.8,22.6,7.3,0,0,0.1,0.046,-4.8,0.2,-4.6,-0.1
2010/2011,58044000,65969238.46,473604,Charlotte Bobcats,4,CHA,North Carolina,East,Southeast,34,48,0.415,93.3,97.3,-4.08,Eduardo Najera,PF,34,3000000,3525469,31,0,12,0.8,2.3,0.361,0.4,1.1,0.324,0.5,1.2,0.395,0.438,0.2,0.4,0.545,0.5,1,1.4,0.6,0.4,0.2,0.4,1.7,2.2,372,5.5,0.449,0.472,0.153,4.5,9.8,7.2,8.2,1.6,1.3,14.5,11.3,-0.1,0.3,0.2,0.02,-3.2,0.1,-3.1,-0.1
2010/2011,58044000,65969238.46,473604,Phoenix Suns,24,PHO,Arizona,West,Pacific,40,42,0.488,105,105.9,-0.46,Steve Nash,PG,36,10310938,12116966,75,75,33.3,5.3,10.8,0.492,1.1,2.7,0.395,4.2,8.1,0.525,0.542,3,3.3,0.912,0.5,2.9,3.5,11.4,0.6,0.1,3.5,1.2,14.7,2497,20.8,0.601,0.253,0.307,1.8,10.2,6,53.1,1,0.1,22.4,21.4,7.3,0.7,7.9,0.153,3.6,-3,0.6,1.6
2010/2011,58044000,65969238.46,473604,San Antonio Spurs,27,SAS,Texas,West,Southwest,61,21,0.744,103.7,98,5.86,Gary Neal,SG,26,525000,616957,80,1,21.1,3.6,7.9,0.451,1.6,3.9,0.419,2,4.1,0.481,0.553,1.1,1.3,0.808,0.3,2.2,2.5,1.2,0.3,0.1,1,1.9,9.8,1685,13.1,0.578,0.487,0.165,1.5,11.8,6.8,9.1,0.8,0.2,10.3,20.6,2.1,1.4,3.5,0.099,0.9,-1.9,-1.1,0.4
2010/2011,58044000,65969238.46,473604,Orlando Magic,22,ORL,Florida,East,Southeast,52,30,0.634,99.2,93.7,4.92,Jameer Nelson,PG,28,7800000,9166221,76,76,30.5,4.9,11,0.446,1.6,3.9,0.401,3.4,7.1,0.471,0.517,1.7,2.1,0.802,0.5,2.5,3,6,1,0,2.6,2.8,13.1,2319,15.4,0.548,0.354,0.193,1.9,9.3,5.7,33.7,1.7,0.1,17.6,22,3.4,3.2,6.6,0.136,1.8,-0.2,1.6,2.1
2010/2011,58044000,65969238.46,473604,Chicago Bulls,5,CHI,Illinois,East,Central,62,20,0.756,98.6,91.3,6.53,Joakim Noah,C,25,3128536,3676519,48,48,32.8,4.4,8.4,0.525,0,0,0,4.4,8.4,0.526,0.525,2.9,3.9,0.739,3.8,6.6,10.4,2.2,1,1.5,1.9,3.3,11.7,1576,18.8,0.579,0.002,0.468,13.9,22.8,18.5,10.7,1.6,3.5,15.7,16.8,3.1,3.6,6.7,0.205,0.7,4.2,4.9,2.8
2010/2011,58044000,65969238.46,473604,Philadelphia 76ers,23,PHI,Pennsylvania,East,Atlantic,41,41,0.5,99,97.5,1.01,Andres Nocioni,SF,31,6850000,8049822,54,17,17.2,2.2,5.1,0.426,0.8,2.2,0.356,1.4,2.9,0.478,0.502,0.9,1.1,0.803,0.4,2.8,3.1,0.8,0.3,0.3,0.9,1.9,6.1,931,10.1,0.538,0.426,0.22,2.4,18.6,10.5,7.4,0.8,1.2,13.4,17.4,0.2,1.1,1.3,0.067,-2.3,-0.6,-3,-0.2
2010/2011,58044000,65969238.46,473604,#N/A,#N/A,TOT,#N/A,#N/A,#N/A,#N/A,#N/A,#N/A,#N/A,#N/A,#N/A,Steve Novak,SF,27,734945,863675,30,0,7.2,1.2,2.2,0.522,0.9,1.5,0.565,0.3,0.7,0.429,0.716,0.3,0.3,1,0.1,0.8,0.9,0.1,0,0.2,0.1,0.5,3.5,215,17.8,0.737,0.687,0.119,2.2,12.6,7.6,2.2,0.2,1.7,5.4,16,0.7,0.2,0.9,0.196,3.3,-2.9,0.4,0.1
2010/2011,58044000,65969238.46,473604,Dallas Mavericks,7,DAL,Texas,West,Southwest,57,25,0.695,100.2,96,4.41,Steve Novak,SF,27,734945,863675,7,0,2.6,0.6,1.1,0.5,0.4,0.6,0.75,0.1,0.6,0.25,0.688,0,0,,0,0.7,0.7,0,0,0,0,0.4,1.6,18,19.6,0.688,0.5,0,0,31.3,16.2,0,0,0,0,20.8,0.1,0,0.1,0.205,0.3,-7.2,-6.9,0
2010/2011,58044000,65969238.46,473604,San Antonio Spurs,27,SAS,Texas,West,Southwest,61,21,0.744,103.7,98,5.86,Steve Novak,SF,27,734945,863675,23,0,8.6,1.3,2.6,0.525,1,1.8,0.548,0.3,0.7,0.471,0.72,0.3,0.3,1,0.2,0.8,1,0.1,0,0.2,0.2,0.5,4,197,17.7,0.744,0.712,0.136,2.4,10.9,6.8,2.4,0.3,1.8,6,15.5,0.6,0.2,0.8,0.195,3.5,-2.5,1,0.2
2010/2011,58044000,65969238.46,473604,Dallas Mavericks,7,DAL,Texas,West,Southwest,57,25,0.695,100.2,96,4.41,Dirk Nowitzki,PF,32,17278618,20305081,73,73,34.3,8.4,16.2,0.517,0.9,2.3,0.393,7.5,13.8,0.538,0.545,5.4,6.1,0.892,0.7,6.3,7,2.6,0.5,0.6,1.9,2.4,23,2504,23.4,0.612,0.142,0.376,2.4,20.8,12,14.2,0.8,1.4,9.1,28.2,7.8,3.3,11.1,0.213,3.2,0.6,3.8,3.7
2010/2011,58044000,65969238.46,473604,Boston Celtics,2,BOS,Massachusetts,East,Atlantic,56,26,0.683,96.5,91.1,4.83,Jermaine O'Neal,C,32,5765000,6774777,24,10,18,2.1,4.5,0.459,0,0,0,2.1,4.5,0.463,0.459,1.2,1.8,0.674,1,2.6,3.7,0.5,0.1,1.3,1.1,2.7,5.4,431,9.2,0.504,0.009,0.394,7.6,17,12.6,4.3,0.2,5.4,17.4,17.2,-0.2,0.8,0.6,0.065,-5.4,2.4,-3,-0.1
2010/2011,58044000,65969238.46,473604,Boston Celtics,2,BOS,Massachusetts,East,Atlantic,56,26,0.683,96.5,91.1,4.83,Shaquille O'Neal,C,38,1352181,1589024,37,36,20.3,3.6,5.4,0.667,0,0,,3.6,5.4,0.667,0.667,2,3.5,0.557,1.3,3.5,4.8,0.7,0.4,1.1,1.5,3.2,9.2,752,17.4,0.659,0,0.652,8.3,20.1,14.6,5.9,1.1,4.4,17.8,20.1,1.1,1.6,2.7,0.174,-1.1,2.6,1.5,0.7
2010/2011,58044000,65969238.46,473604,Portland Trail Blazers,25,POR,Oregon,West,Northwest,48,34,0.585,96.3,94.8,1.85,Fabricio Oberto,C,35,992680,1166554,5,0,9,0.6,1,0.6,0,0,,0.6,1,0.6,0.6,0.2,0.4,0.5,0.6,0.8,1.4,0,0,0,0.6,2,1.4,45,0.8,0.595,0,0.4,7.8,11.4,9.5,0,0,0,33.8,9.2,0,0,0,-0.012,-6.4,-3.6,-10,-0.1
2010/2011,58044000,65969238.46,473604,Los Angeles Lakers,14,LAL,California,West,Pacific,57,25,0.695,101.5,95.4,6.01,Lamar Odom,PF,31,8200000,9636283,82,35,32.2,5.8,10.9,0.53,0.8,2.2,0.382,4.9,8.7,0.566,0.568,2,3,0.675,2.1,6.5,8.7,3,0.6,0.7,1.7,2.4,14.4,2639,19.4,0.589,0.199,0.275,7.8,22.2,15.2,15.5,0.9,1.8,12.2,19.7,6.1,4,10.1,0.184,2.3,1.4,3.7,3.8
2010/2011,58044000,65969238.46,473604,New Orleans Hornets,19,NOH,Louisiana,West,Southwest,46,36,0.561,94.9,94,1.28,Emeka Okafor,C,28,11495000,13508424,72,72,31.8,4.2,7.3,0.573,0,0,0,4.2,7.3,0.574,0.573,2,3.6,0.562,3.2,6.3,9.5,0.6,0.6,1.8,1.7,3.2,10.3,2287,16,0.584,0.002,0.492,12.2,24.3,18.2,3,0.9,4.6,15.7,15.8,2.7,3.8,6.5,0.136,-1.5,2.4,0.8,1.6
2010/2011,58044000,65969238.46,473604,Utah Jazz,29,UTA,Utah,West,Northwest,39,43,0.476,99.4,101.3,-1.44,Mehmet Okur,C,31,9945000,11686932,13,0,12.9,1.7,4.8,0.355,0.4,1.2,0.313,1.3,3.5,0.37,0.395,1.2,1.5,0.75,0.7,1.6,2.3,1.5,0.3,0.3,0.5,1.4,4.9,168,12.6,0.452,0.258,0.323,6.4,15.2,10.8,17.7,1.3,1.9,9,21.2,0.1,0.1,0.2,0.048,-1.4,-1.6,-3,0
2010/2011,58044000,65969238.46,473604,New Jersey Nets,3,NJN,New Jersey,East,Atlantic,24,58,0.293,94.2,100.4,-6.28,Travis Outlaw,SF,26,7000000,8226095,82,55,28.8,3.3,8.9,0.375,0.9,3.1,0.302,2.4,5.8,0.413,0.427,1.6,2.1,0.772,0.7,3.3,4,1,0.4,0.4,0.9,1.8,9.2,2358,8.8,0.469,0.345,0.234,2.6,14,8.1,5.8,0.8,1.2,8.1,17.3,-0.4,1.2,0.8,0.016,-2.6,-0.9,-3.6,-0.9
2010/2011,58044000,65969238.46,473604,#N/A,#N/A,TOT,#N/A,#N/A,#N/A,#N/A,#N/A,#N/A,#N/A,#N/A,#N/A,Larry Owens,SF,28,55718,65477,12,0,11.9,1.3,2.7,0.469,0.5,1.1,0.462,0.8,1.6,0.474,0.563,0.3,0.8,0.444,0.1,1.2,1.3,0.7,0.8,0.4,0.4,1.5,3.3,143,11.2,0.556,0.406,0.281,0.8,11.4,6,8.4,3.2,2.7,12.2,12.7,0.1,0.2,0.2,0.083,-1.6,1.5,-0.1,0.1
2010/2011,58044000,65969238.46,473604,San Antonio Spurs,27,SAS,Texas,West,Southwest,61,21,0.744,103.7,98,5.86,Larry Owens,SF,28,55718,65477,7,0,4.4,0.4,0.9,0.5,0.1,0.4,0.333,0.3,0.4,0.667,0.583,0.3,0.6,0.5,0,0.6,0.6,0.1,0.3,0,0,0.6,1.3,31,11.9,0.58,0.5,0.667,0,14.6,7.5,4.6,3.4,0,0,11.5,0,0,0.1,0.151,-0.3,0.8,0.5,0
2010/2011,58044000,65969238.46,473604,Washington Wizards,30,WAS,Washington DC,East,Southeast,23,59,0.28,97.3,104.7,-7.3,Larry Owens,SF,28,55718,65477,5,0,22.4,2.4,5.2,0.462,1,2,0.5,1.4,3.2,0.438,0.558,0.4,1,0.4,0.2,2,2.2,1.4,1.4,1,1,2.8,6.2,112,11,0.55,0.385,0.192,1,10.6,5.6,9.5,3.2,3.4,15.1,13.1,0,0.1,0.1,0.064,-2,1.7,-0.2,0
2010/2011,58044000,65969238.46,473604,Atlanta Hawks,1,ATL,Georgia,East,Southeast,44,38,0.537,95,95.8,-1.1,Zaza Pachulia,C,26,4251250,4995884,79,7,15.7,1.4,2.9,0.461,0,0,,1.4,2.9,0.461,0.461,1.7,2.3,0.754,1.5,2.7,4.2,0.7,0.4,0.3,0.9,2.3,4.4,1244,12.4,0.562,0,0.772,11.6,20.6,16.1,7,1.5,1.3,18.2,14.5,1.5,1.6,3.1,0.118,-2.2,0.8,-1.5,0.2
2010/2011,58044000,65969238.46,473604,Cleveland Cavaliers,6,CLE,Ohio,East,Central,19,63,0.232,95.5,104.5,-8.88,Anthony Parker,SF,35,2855700,3355894,72,65,29,3.1,7.7,0.399,1.2,3.2,0.379,1.9,4.5,0.412,0.476,1,1.3,0.779,0.5,2.6,3,3,0.9,0.1,1.1,1.5,8.3,2091,10.5,0.505,0.411,0.172,1.8,10.5,6,16.7,1.7,0.4,11.9,14.6,0.9,0.6,1.5,0.034,-0.8,-0.7,-1.6,0.2
2010/2011,58044000,65969238.46,473604,San Antonio Spurs,27,SAS,Texas,West,Southwest,61,21,0.744,103.7,98,5.86,Tony Parker,PG,28,13500000,15864613,78,78,32.4,7.1,13.7,0.519,0.3,0.9,0.357,6.8,12.8,0.531,0.531,3,3.9,0.769,0.4,2.7,3.1,6.6,1.2,0,2.6,1.7,17.5,2528,20.4,0.569,0.065,0.283,1.4,9.3,5.5,35.2,1.9,0.1,14.3,25.5,5.8,2.4,8.2,0.156,2.5,-0.8,1.7,2.4
2010/2011,58044000,65969238.46,473604,Houston Rockets,11,HOU,Texas,West,Southwest,43,39,0.524,105.9,103.7,2.37,Patrick Patterson,PF,21,1823280,2142639,52,6,16.7,2.9,5.1,0.558,0,0,0,2.9,5.1,0.562,0.558,0.6,0.8,0.714,1.7,2.2,3.8,0.8,0.3,0.7,0.6,1.5,6.3,868,16.7,0.574,0.007,0.157,11.2,14.9,13.1,7.6,1,3,9.8,16.1,1.7,0.7,2.4,0.134,0,0.5,0.5,0.5
2010/2011,58044000,65969238.46,473604,New Orleans Hornets,19,NOH,Louisiana,West,Southwest,46,36,0.561,94.9,94,1.28,Chris Paul,PG,25,14940153,17557018,80,80,36,5.4,11.6,0.463,0.9,2.3,0.388,4.5,9.3,0.482,0.502,4.2,4.8,0.878,0.5,3.6,4.1,9.8,2.4,0.1,2.2,2.5,15.9,2880,23.7,0.578,0.197,0.414,1.6,12.3,6.9,45.8,3.5,0.1,13.9,21.1,9.5,4.4,13.9,0.232,5.4,1,6.4,6.1
2010/2011,58044000,65969238.46,473604,#N/A,#N/A,TOT,#N/A,#N/A,#N/A,#N/A,#N/A,#N/A,#N/A,#N/A,#N/A,Aleksandar Pavlovic,SG-SF,27,202295,237728,31,7,11.7,0.9,2.3,0.403,0.4,1,0.387,0.5,1.3,0.415,0.486,0.2,0.3,0.6,0,1,1,0.5,0.3,0.2,0.4,1.1,2.5,362,6,0.497,0.431,0.139,0.4,9.9,5.3,6.4,1.5,1.6,13.6,11.6,-0.2,0.5,0.3,0.042,-3.7,1.2,-2.5,0
2010/2011,58044000,65969238.46,473604,Dallas Mavericks,7,DAL,Texas,West,Southwest,57,25,0.695,100.2,96,4.41,Aleksandar Pavlovic,SF,27,202295,237728,10,6,16.3,1.5,3.5,0.429,0.7,1.6,0.438,0.8,1.9,0.421,0.529,0.4,0.5,0.8,0,1.2,1.2,0.7,0.5,0.3,0.5,1.5,4.1,163,7.8,0.551,0.457,0.143,0,8.3,4.3,6.3,1.6,1.4,11.8,12.1,0,0.2,0.2,0.067,-2.1,1.1,-1,0
2010/2011,58044000,65969238.46,473604,New Orleans Hornets,19,NOH,Louisiana,West,Southwest,46,36,0.561,94.9,94,1.28,Aleksandar Pavlovic,SG,27,202295,237728,4,1,12.5,0.5,2.8,0.182,0,1.3,0,0.5,1.5,0.333,0.182,0,0,,0,1.5,1.5,1.5,0,1,0.3,1,1,50,2.9,0.182,0.455,0,0,14.7,7.3,17.1,0,6.7,8.3,11.4,-0.1,0.1,-0.1,-0.065,-8.1,2.8,-5.3,0
2010/2011,58044000,65969238.46,473604,Boston Celtics,2,BOS,Massachusetts,East,Atlantic,56,26,0.683,96.5,91.1,4.83,Aleksandar Pavlovic,SG,27,202295,237728,17,0,8.8,0.7,1.5,0.462,0.3,0.6,0.5,0.4,0.9,0.438,0.558,0.1,0.3,0.4,0.1,0.8,0.8,0.2,0.3,0,0.4,0.9,1.8,149,5.1,0.55,0.385,0.192,0.9,10.1,5.8,2.9,1.8,0,17.5,11,-0.1,0.2,0.2,0.051,-3.9,0.7,-3.2,0
2010/2011,58044000,65969238.46,473604,Minnesota Timberwolves,18,MIN,Minnesota,West,Northwest,17,65,0.207,101.1,107.7,-5.97,Nikola Pekovic,C,25,4000000,4700626,65,11,13.6,2.1,4,0.517,0,0,,2.1,4,0.517,0.517,1.3,1.8,0.763,1.4,1.6,3,0.4,0.3,0.5,1.4,2.8,5.5,887,11.2,0.573,0,0.433,11,13.2,12.1,4.8,1,3,22.5,19.4,0.2,0.5,0.6,0.035,-3.1,-0.8,-3.9,-0.4
2010/2011,58044000,65969238.46,473604,#N/A,#N/A,TOT,#N/A,#N/A,#N/A,#N/A,#N/A,#N/A,#N/A,#N/A,#N/A,Kendrick Perkins,C,26,4640208,5452970,29,24,25.6,2.3,4.5,0.515,0,0,,2.3,4.5,0.515,0.515,1.4,2.5,0.556,2.1,5.9,8,0.9,0.3,0.9,1.9,3.1,6,742,9.6,0.538,0,0.554,10.4,26.2,18.7,5.2,0.6,2.6,25.7,13.7,-0.2,1.2,1,0.063,-4.3,1.8,-2.5,-0.1
2010/2011,58044000,65969238.46,473604,Boston Celtics,2,BOS,Massachusetts,East,Atlantic,56,26,0.683,96.5,91.1,4.83,Kendrick Perkins,C,26,4640208,5452970,12,7,26.1,2.7,4.9,0.542,0,0,,2.7,4.9,0.542,0.542,1.9,3.3,0.575,1.9,6.2,8.1,0.8,0.2,0.8,2.1,3.1,7.3,313,10.2,0.568,0,0.678,9.6,27.5,19.1,4.8,0.3,2.5,24.6,15.6,-0.1,0.6,0.6,0.088,-4.8,1.9,-2.8,-0.1
2010/2011,58044000,65969238.46,473604,Oklahoma City Thunder,21,OKC,Oklahoma,West,Northwest,55,27,0.671,104.8,101,3.81,Kendrick Perkins,C,26,4640208,5452970,17,17,25.2,2.1,4.2,0.493,0,0,,2.1,4.2,0.493,0.493,1,1.9,0.531,2.3,5.6,7.9,0.9,0.4,0.9,1.8,3.2,5.1,429,9.1,0.511,0,0.451,11,25.3,18.4,5.4,0.8,2.7,26.7,12.3,-0.1,0.6,0.4,0.046,-3.9,1.6,-2.3,0
2010/2011,58044000,65969238.46,473604,Oklahoma City Thunder,21,OKC,Oklahoma,West,Northwest,55,27,0.671,104.8,101,3.81,Morris Peterson,SG,33,6665000,7832418,4,0,5.8,0.5,1.3,0.4,0,0.3,0,0.5,1,0.5,0.4,0,0,,0,0.8,0.8,0.3,0,0,0,1.3,1,23,1.7,0.4,0.2,0,0,14.8,7.6,6.4,0,0,0,9.9,0,0,0,0.015,-5.1,-2.1,-7.3,0
2010/2011,58044000,65969238.46,473604,New Jersey Nets,3,NJN,New Jersey,East,Atlantic,24,58,0.293,94.2,100.4,-6.28,Johan Petro,C,25,3250000,3819258,77,1,11.6,1.7,3.8,0.445,0,0.1,0,1.7,3.7,0.451,0.445,0.2,0.4,0.536,0.8,1.9,2.8,0.6,0.4,0.4,0.6,2.3,3.5,893,9.9,0.452,0.014,0.097,8,20.4,14,8.4,2,2.9,13.2,18.1,-0.7,1.1,0.4,0.024,-4.6,1.4,-3.2,-0.3
2010/2011,58044000,65969238.46,473604,Boston Celtics,2,BOS,Massachusetts,East,Atlantic,56,26,0.683,96.5,91.1,4.83,Paul Pierce,SF,33,13876321,16306849,80,80,34.7,6.3,12.8,0.497,1.4,3.7,0.374,5,9.1,0.547,0.551,4.8,5.6,0.86,0.4,5,5.4,3.3,1,0.6,2.1,2.9,18.9,2774,19.7,0.62,0.291,0.44,1.6,16.6,9.5,16.1,1.5,1.4,12.3,24,6.5,5.1,11.6,0.201,3.1,1.6,4.7,4.7
2010/2011,58044000,65969238.46,473604,#N/A,#N/A,TOT,#N/A,#N/A,#N/A,#N/A,#N/A,#N/A,#N/A,#N/A,#N/A,Mickael Pietrus,SG-SF,28,5300000,6228329,57,4,19.4,2.5,6.4,0.392,1.5,4.1,0.36,1,2.3,0.45,0.508,0.7,1,0.684,0.3,1.9,2.2,0.6,0.5,0.4,0.7,1.8,7.2,1107,9.8,0.526,0.647,0.156,1.6,11.5,6.6,4.6,1.3,1.4,9.1,17.6,0.3,1,1.3,0.055,-0.7,-0.7,-1.4,0.2
2010/2011,58044000,65969238.46,473604,Orlando Magic,22,ORL,Florida,East,Southeast,52,30,0.634,99.2,93.7,4.92,Mickael Pietrus,SF,28,5300000,6228329,19,0,22,2.4,6.1,0.391,1.8,4.6,0.391,0.6,1.5,0.393,0.539,0.2,0.3,0.5,0.3,2.3,2.6,0.5,0.5,0.2,0.7,1.8,6.7,418,8.3,0.54,0.757,0.052,1.7,12,7,3.8,1.3,0.6,10.6,14.6,0.1,0.6,0.7,0.082,-0.8,0.2,-0.6,0.2
2010/2011,58044000,65969238.46,473604,Phoenix Suns,24,PHO,Arizona,West,Pacific,40,42,0.488,105,105.9,-0.46,Mickael Pietrus,SG,28,5300000,6228329,38,4,18.1,2.6,6.6,0.392,1.3,3.9,0.342,1.2,2.7,0.465,0.494,0.9,1.3,0.706,0.2,1.8,2,0.6,0.5,0.5,0.7,1.7,7.4,689,10.8,0.519,0.596,0.204,1.5,11.2,6.4,5,1.4,1.9,8.4,19.5,0.1,0.4,0.6,0.039,-0.6,-1.3,-1.9,0
2010/2011,58044000,65969238.46,473604,Miami Heat,16,MIA,Florida,East,Southeast,58,24,0.707,102.1,94.6,6.76,Dexter Pittman,C,22,473604,556558,2,0,5.5,0.5,1.5,0.333,0,0,,0.5,1.5,0.333,0.333,0,0,,0.5,1,1.5,0,0,0,1,1,1,11,-6.4,0.333,0,0,11.5,20.4,16.2,0,0,0,40,21.3,-0.1,0,-0.1,-0.246,-15.7,-5.5,-21.2,-0.1
2010/2011,58044000,65969238.46,473604,New Orleans Hornets,19,NOH,Louisiana,West,Southwest,46,36,0.561,94.9,94,1.28,Quincy Pondexter,SF,22,1073280,1261272,66,6,11.1,1.1,2.7,0.406,0.3,0.8,0.36,0.8,2,0.423,0.456,0.4,0.5,0.706,0.3,1,1.3,0.4,0.3,0.2,0.2,1,2.8,734,8.5,0.482,0.278,0.189,3.8,10.8,7.3,5.9,1.3,1.1,7.6,13.7,0.2,0.7,0.9,0.06,-2.8,0,-2.8,-0.1
2010/2011,58044000,65969238.46,473604,Indiana Pacers,12,IND,Indiana,East,Central,37,45,0.451,99.8,100.9,-1.38,James Posey,SF,34,7148800,8400959,49,0,17.1,1.7,4.9,0.336,1.4,4.3,0.316,0.3,0.6,0.483,0.475,0.2,0.3,0.733,0.2,2.8,3,0.7,0.5,0.1,0.5,2.1,4.9,839,7.5,0.485,0.88,0.062,1.3,18,9.7,6.1,1.4,0.5,8.8,14.3,0,1,1,0.056,-1.3,-0.6,-2,0
2010/2011,58044000,65969238.46,473604,#N/A,#N/A,TOT,#N/A,#N/A,#N/A,#N/A,#N/A,#N/A,#N/A,#N/A,#N/A,Leon Powe,C-PF,27,915852,1076269,30,3,10.9,2,4,0.496,0,0.1,0,2,3.9,0.504,0.496,1.3,2.4,0.556,0.8,1.3,2.1,0.2,0.3,0.1,0.4,1.5,5.3,328,15,0.524,0.017,0.605,8.3,14.2,11.2,3.6,1.6,0.9,7.4,22.4,0.4,0.2,0.6,0.09,-2.4,-3.1,-5.5,-0.3
2010/2011,58044000,65969238.46,473604,Cleveland Cavaliers,6,CLE,Ohio,East,Central,19,63,0.232,95.5,104.5,-8.88,Leon Powe,PF,27,915852,1076269,14,3,13.4,2.1,4.2,0.492,0,0,,2.1,4.2,0.492,0.492,0.9,1.9,0.462,1.1,1.6,2.7,0.1,0.5,0.2,0.4,1.4,5,187,12.9,0.497,0,0.441,9.6,13.9,11.7,1.9,1.9,1.2,6.6,18.3,0.1,0.1,0.2,0.051,-3.4,-2.4,-5.9,-0.2
2010/2011,58044000,65969238.46,473604,Memphis Grizzlies,15,MEM,Tennessee,West,Southwest,46,36,0.561,99.9,97.6,2.55,Leon Powe,C,27,915852,1076269,16,0,8.8,1.9,3.8,0.5,0,0.1,0,1.9,3.6,0.517,0.5,1.8,2.9,0.609,0.5,1.1,1.6,0.3,0.2,0.1,0.4,1.5,5.5,141,17.8,0.548,0.033,0.767,6.7,14.5,10.6,6,1.1,0.6,8,27.9,0.3,0.1,0.4,0.142,-1,-4,-5,-0.1
2010/2011,58044000,65969238.46,473604,Atlanta Hawks,1,ATL,Georgia,East,Southeast,44,38,0.537,95,95.8,-1.1,Josh Powell,PF,28,1069609,1256958,54,0,12.1,1.7,3.9,0.452,0,0,0,1.7,3.8,0.454,0.452,0.7,0.8,0.8,0.9,1.6,2.5,0.4,0.1,0.1,1,1.4,4.1,653,8,0.492,0.005,0.216,9.1,15.8,12.5,5.5,0.4,0.6,18.9,20.4,-0.7,0.5,-0.2,-0.012,-5.8,-2.3,-8,-1
2010/2011,58044000,65969238.46,473604,Indiana Pacers,12,IND,Indiana,East,Central,37,45,0.451,99.8,100.9,-1.38,AJ Price,PG,24,762195,895698,50,0,15.9,2.3,6.4,0.356,0.8,3,0.275,1.5,3.4,0.427,0.42,1.1,1.6,0.667,0.3,1.1,1.4,2.2,0.6,0,1.1,1.2,6.5,795,10.7,0.454,0.466,0.253,2.3,7.8,5,22.7,1.8,0.1,13,22.7,-0.4,0.7,0.3,0.02,-1.1,-2.3,-3.4,-0.3
2010/2011,58044000,65969238.46,473604,Utah Jazz,29,UTA,Utah,West,Northwest,39,43,0.476,99.4,101.3,-1.44,Ronnie Price,SG,27,1380000,1621716,59,0,12.2,1.3,3.6,0.352,0.3,1.2,0.29,0.9,2.4,0.383,0.4,0.5,0.7,0.744,0.4,0.7,1,0.9,0.7,0.1,0.9,1.8,3.3,717,5.5,0.434,0.329,0.186,3.7,6.6,5.1,11.7,3.1,0.6,19.5,18,-1.2,0.5,-0.7,-0.048,-4.1,-1.1,-5.3,-0.6
2010/2011,58044000,65969238.46,473604,Detroit Pistons,9,DET,Michigan,East,Central,30,52,0.366,97,100.6,-3.78,Tayshaun Prince,SF,30,11148760,13101538,78,78,32.8,6.1,12.8,0.473,0.4,1.3,0.347,5.6,11.6,0.486,0.49,1.5,2.2,0.702,1,3.2,4.2,2.8,0.4,0.5,1.1,1.2,14.1,2562,15.1,0.511,0.098,0.168,3.6,12.6,7.9,14.4,0.6,1.3,7.1,21,2.9,0.4,3.3,0.062,0,-1.7,-1.7,0.2
2010/2011,58044000,65969238.46,473604,#N/A,#N/A,TOT,#N/A,#N/A,#N/A,#N/A,#N/A,#N/A,#N/A,#N/A,#N/A,Joel Przybilla,C,31,7405300,8702386,36,9,14.4,0.7,1.2,0.568,0,0,,0.7,1.2,0.568,0.568,0.4,0.8,0.519,1,3,4,0.4,0.1,0.4,0.8,2.2,1.8,519,6.2,0.573,0,0.614,8.4,26.4,17.1,3.6,0.5,2.4,34.2,7.7,-0.1,0.6,0.5,0.046,-5.5,0.8,-4.7,-0.4
2010/2011,58044000,65969238.46,473604,Portland Trail Blazers,25,POR,Oregon,West,Northwest,48,34,0.585,96.3,94.8,1.85,Joel Przybilla,C,31,7405300,8702386,31,9,14.4,0.7,1.1,0.618,0,0,,0.7,1.1,0.618,0.618,0.4,0.7,0.565,0.9,3,3.9,0.4,0.2,0.5,0.7,2,1.8,445,7.2,0.623,0,0.676,7.4,26.7,16.6,4.2,0.6,2.6,33.3,6.9,0.1,0.6,0.6,0.066,-4.8,1.7,-3.1,-0.1
2010/2011,58044000,65969238.46,473604,Charlotte Bobcats,4,CHA,North Carolina,East,Southeast,34,48,0.415,93.3,97.3,-4.08,Joel Przybilla,C,31,7405300,8702386,5,0,14.8,0.8,2,0.4,0,0,,0.8,2,0.4,0.4,0.2,0.8,0.25,1.8,3,4.8,0,0,0.2,1.4,3.2,1.8,74,0.3,0.383,0,0.4,14.6,24.7,19.6,0,0,1.1,37.3,11.9,-0.2,0.1,-0.1,-0.074,-10,-4.1,-14.1,-0.2
2010/2011,58044000,65969238.46,473604,San Antonio Spurs,27,SAS,Texas,West,Southwest,61,21,0.744,103.7,98,5.86,Chris Quinn,PG,27,861978,1012959,41,0,7.1,0.8,2.2,0.363,0.3,0.9,0.297,0.5,1.3,0.407,0.423,0.1,0.2,0.5,0.1,0.5,0.6,1,0.1,0,0.3,0.7,2,292,7.5,0.428,0.407,0.088,1.2,8.5,5,21.1,0.9,0.2,11.3,16.8,-0.1,0.2,0.1,0.024,-3,-2.3,-5.3,-0.2
2010/2011,58044000,65969238.46,473604,Golden State Warriors,10,GSW,California,West,Pacific,36,46,0.439,103.4,105.7,-2,Vladimir Radmanovic,PF,30,6883800,8089542,74,6,15.8,1.9,4.3,0.431,0.9,2.3,0.405,0.9,2,0.462,0.541,0.4,0.5,0.882,0.9,2,2.9,1.1,0.6,0.6,0.8,2.1,5.1,1169,12.6,0.562,0.544,0.107,6.1,14.7,10.3,9.6,1.9,2.9,14.6,14.7,1.2,0.9,2.1,0.086,-0.2,0.2,0,0.6
2010/2011,58044000,65969238.46,473604,#N/A,#N/A,TOT,#N/A,#N/A,#N/A,#N/A,#N/A,#N/A,#N/A,#N/A,#N/A,Anthony Randolph,C-PF,21,1965720,2310028,40,3,14.8,3.1,6.6,0.466,0,0.1,0.25,3.1,6.5,0.469,0.468,1.5,2.2,0.674,1.1,2.9,4,0.8,0.6,0.6,1.3,1.6,7.6,590,16.2,0.505,0.015,0.326,8,22.7,15.2,9.8,1.9,3.1,14.9,25.8,-0.2,0.6,0.5,0.038,-3.5,-0.1,-3.6,-0.2
2010/2011,58044000,65969238.46,473604,New York Knicks,20,NYK,New York,East,Atlantic,42,40,0.512,106.5,105.7,0.48,Anthony Randolph,PF,21,1965720,2310028,17,0,7.5,0.8,2.6,0.311,0.1,0.2,0.25,0.8,2.4,0.317,0.322,0.4,0.7,0.5,0.6,1.7,2.4,0.4,0.2,0.5,0.6,0.9,2.1,127,7.6,0.348,0.089,0.267,9.8,26.3,18,8.1,1.6,4.6,16.6,21.1,-0.4,0.2,-0.2,-0.074,-8.5,0.7,-7.8,-0.2
2010/2011,58044000,65969238.46,473604,Minnesota Timberwolves,18,MIN,Minnesota,West,Northwest,17,65,0.207,101.1,107.7,-5.97,Anthony Randolph,C,21,1965720,2310028,23,3,20.1,4.7,9.5,0.498,0,0,,4.7,9.5,0.498,0.498,2.3,3.2,0.703,1.4,3.8,5.2,1.1,0.8,0.7,1.9,2,11.7,463,18.5,0.537,0,0.338,7.5,21.7,14.4,10.3,1.9,2.6,14.6,27.1,0.2,0.5,0.7,0.069,-2.2,-0.3,-2.5,-0.1
2010/2011,58044000,65969238.46,473604,Memphis Grizzlies,15,MEM,Tennessee,West,Southwest,46,36,0.561,99.9,97.6,2.55,Zach Randolph,PF,29,17666666,20761098,75,74,36.3,8,15.8,0.503,0.1,0.6,0.186,7.9,15.3,0.515,0.507,4,5.3,0.758,4.3,7.8,12.2,2.2,0.8,0.3,2,2.3,20.1,2724,22.6,0.552,0.036,0.333,14.2,26,20.1,10.2,1.2,0.7,10,25,6.8,3.7,10.5,0.185,2.6,-0.1,2.5,3.1
2010/2011,58044000,65969238.46,473604,Los Angeles Lakers,14,LAL,California,West,Pacific,57,25,0.695,101.5,95.4,6.01,Theo Ratliff,C,37,1352181,1589024,10,0,7.1,0.1,0.6,0.167,0,0,,0.1,0.6,0.167,0.167,0,0.2,0,0.6,0.7,1.3,0.3,0.2,0.5,0.3,0.7,0.2,71,4.4,0.145,0,0.333,9.9,10.8,10.4,5.5,1.5,5.4,30.4,6.3,-0.1,0.1,0,0,-6.4,4.7,-1.8,0
2010/2011,58044000,65969238.46,473604,New York Knicks,20,NYK,New York,East,Atlantic,42,40,0.512,106.5,105.7,0.48,Andy Rautins,SG,24,600000,705093,5,0,4.8,0.6,1.4,0.429,0.2,0.8,0.25,0.4,0.6,0.667,0.5,0.2,0.4,0.5,0,0.2,0.2,0.6,0.2,0,1.4,0,1.6,24,-1.2,0.508,0.571,0.286,0,4.8,2.4,18.7,2.1,0,47,27.5,-0.2,0,-0.2,-0.314,-11.6,-4.3,-16,-0.1
2010/2011,58044000,65969238.46,473604,Milwaukee Bucks,17,MIL,Wisconsin,East,Central,35,47,0.427,91.9,92.7,-1.02,Michael Redd,SG,31,18300000,21505365,10,0,13.4,1.8,4.5,0.4,0.4,1.7,0.235,1.4,2.8,0.5,0.444,0.4,0.4,1,0,0.8,0.8,1.2,0.2,0.1,0.4,0.4,4.4,134,9.7,0.47,0.378,0.089,0,7.1,3.5,15.6,0.8,0.6,7.9,17.7,0,0.1,0.1,0.048,-3,-2.1,-5.1,-0.1
2010/2011,58044000,65969238.46,473604,Orlando Magic,22,ORL,Florida,East,Southeast,52,30,0.634,99.2,93.7,4.92,JJ Redick,SG,26,7250000,8519885,59,5,25.6,3.3,7.6,0.441,1.5,3.7,0.397,1.9,3.9,0.482,0.538,1.9,2.2,0.875,0.1,1.8,1.9,1.7,0.5,0.1,0.9,1.4,10.1,1513,12.8,0.589,0.49,0.286,0.5,8.1,4.4,11,1,0.2,9.5,17,2.7,1.8,4.5,0.142,1.1,-0.4,0.6,1
2010/2011,58044000,65969238.46,473604,#N/A,#N/A,TOT,#N/A,#N/A,#N/A,#N/A,#N/A,#N/A,#N/A,#N/A,#N/A,Jason Richardson,SG,30,14444444,16974483,80,80,33.9,5.9,13.2,0.447,2.4,6,0.395,3.5,7.2,0.49,0.536,1.5,2,0.73,0.8,3.3,4.1,1.8,1.2,0.2,1.2,2,15.6,2715,15,0.555,0.454,0.151,2.9,11.1,7.1,9.2,1.8,0.4,7.8,20.6,3.6,3.3,6.9,0.123,2,0.1,2.2,2.8
2010/2011,58044000,65969238.46,473604,Phoenix Suns,24,PHO,Arizona,West,Pacific,40,42,0.488,105,105.9,-0.46,Jason Richardson,SG,30,14444444,16974483,25,25,31.8,7.3,15.6,0.47,2.5,5.9,0.419,4.8,9.6,0.502,0.55,2.2,2.9,0.764,1.3,3.1,4.4,1.4,1.1,0.1,1.2,1.8,19.3,796,19.1,0.574,0.38,0.185,4.8,11.3,8,7.9,1.7,0.3,6.7,25.5,1.5,0.4,1.9,0.117,3.5,-2.2,1.3,0.7
2010/2011,58044000,65969238.46,473604,Orlando Magic,22,ORL,Florida,East,Southeast,52,30,0.634,99.2,93.7,4.92,Jason Richardson,SG,30,14444444,16974483,55,55,34.9,5.3,12.1,0.433,2.3,6,0.384,2.9,6.1,0.482,0.528,1.1,1.6,0.701,0.6,3.4,4,2,1.2,0.2,1.2,2.1,13.9,1919,13.2,0.543,0.496,0.13,2.1,11,6.7,9.7,1.8,0.4,8.4,18.6,2.1,2.9,5,0.125,1.4,1.1,2.5,2.2
2010/2011,58044000,65969238.46,473604,Orlando Magic,22,ORL,Florida,East,Southeast,52,30,0.634,99.2,93.7,4.92,Quentin Richardson,SF,30,2265000,2661729,57,19,16.8,1.5,4.5,0.341,0.7,2.6,0.288,0.8,1.9,0.413,0.424,0.6,0.8,0.75,0.7,2.4,3.1,0.7,0.4,0.1,0.6,1.3,4.4,955,8.1,0.454,0.573,0.173,4.9,16.6,10.9,6.1,1.4,0.4,10.7,14.9,-0.2,1.5,1.3,0.067,-2.4,0.8,-1.6,0.1
2010/2011,58044000,65969238.46,473604,Minnesota Timberwolves,18,MIN,Minnesota,West,Northwest,17,65,0.207,101.1,107.7,-5.97,Luke Ridnour,PG,29,4000000,4700626,71,66,30.4,4.5,9.6,0.468,1.1,2.6,0.44,3.4,7,0.479,0.528,1.7,1.9,0.883,0.5,2.3,2.8,5.4,1.3,0.1,2.2,2.1,11.8,2159,15,0.567,0.27,0.201,1.9,8.6,5.1,28.1,2.1,0.4,17.6,17.8,3.2,0.8,4,0.089,1.2,-1.5,-0.3,0.9
2010/2011,58044000,65969238.46,473604,#N/A,#N/A,TOT,#N/A,#N/A,#N/A,#N/A,#N/A,#N/A,#N/A,#N/A,#N/A,Nate Robinson,PG,26,4200000,4935657,59,11,17.2,2.5,6.4,0.399,1.1,3.4,0.325,1.4,3,0.483,0.485,0.6,0.7,0.818,0.3,1.3,1.5,1.9,0.5,0.1,1.2,1.9,6.8,1013,10,0.507,0.532,0.117,1.9,8.6,5.5,17.8,1.5,0.3,14.7,21.9,-0.4,1.5,1.1,0.051,-0.7,-1,-1.7,0.1
2010/2011,58044000,65969238.46,473604,Boston Celtics,2,BOS,Massachusetts,East,Atlantic,56,26,0.683,96.5,91.1,4.83,Nate Robinson,PG,26,4200000,4935657,55,11,17.9,2.7,6.6,0.404,1.1,3.5,0.328,1.5,3.1,0.491,0.492,0.6,0.7,0.825,0.3,1.3,1.6,1.9,0.5,0.1,1.2,1.9,7.1,983,10.2,0.512,0.532,0.111,2,8.7,5.6,17.4,1.6,0.3,14.8,21.7,-0.3,1.5,1.1,0.054,-0.6,-0.8,-1.4,0.2
2010/2011,58044000,65969238.46,473604,Oklahoma City Thunder,21,OKC,Oklahoma,West,Northwest,55,27,0.671,104.8,101,3.81,Nate Robinson,PG,26,4200000,4935657,4,0,7.5,1,3.8,0.267,0.5,2,0.25,0.5,1.8,0.286,0.333,0.8,1,0.75,0,0.3,0.3,1.5,0,0,0.5,2,3.3,30,3.3,0.388,0.533,0.267,0,3.8,2,31.6,0,0,10.7,28.4,0,0,0,-0.063,-3.1,-7.9,-11,-0.1
2010/2011,58044000,65969238.46,473604,Boston Celtics,2,BOS,Massachusetts,East,Atlantic,56,26,0.683,96.5,91.1,4.83,Rajon Rondo,PG,24,9090911,10683243,68,68,37.2,4.7,9.9,0.475,0.1,0.6,0.233,4.5,9.2,0.491,0.482,1.1,1.9,0.568,1.3,3.1,4.4,11.2,2.3,0.2,3.4,1.8,10.6,2527,17.1,0.495,0.064,0.197,4.5,9.7,7.2,47.1,3.2,0.3,24.3,18.3,1.8,4.8,6.6,0.126,0.3,1.7,2,2.5
2010/2011,58044000,65969238.46,473604,Chicago Bulls,5,CHI,Illinois,East,Central,62,20,0.756,98.6,91.3,6.53,Derrick Rose,PG,22,5546160,6517606,81,81,37.4,8.8,19.7,0.445,1.6,4.8,0.332,7.2,15,0.481,0.485,5.9,6.9,0.858,1,3.1,4.1,7.7,1,0.6,3.4,1.7,25,3026,23.5,0.55,0.241,0.348,3.2,9.4,6.4,38.7,1.5,1.3,13.1,32.2,8.3,4.8,13.1,0.208,5.8,0.1,5.9,6
2010/2011,58044000,65969238.46,473604,New Jersey Nets,3,NJN,New Jersey,East,Atlantic,24,58,0.293,94.2,100.4,-6.28,Quinton Ross,SF,29,1146337,1347125,36,4,9.8,0.7,1.6,0.441,0,0.1,0,0.7,1.6,0.464,0.441,0.1,0.4,0.357,0.3,0.6,0.8,0.3,0.1,0.2,0.2,1.1,1.6,353,3.7,0.437,0.051,0.237,3.3,6.9,5,4.3,0.5,1.3,9.7,9.5,-0.1,0.1,0,-0.007,-5.1,-0.7,-5.8,-0.3
2010/2011,58044000,65969238.46,473604,Portland Trail Blazers,25,POR,Oregon,West,Northwest,48,34,0.585,96.3,94.8,1.85,Brandon Roy,SG,26,13520500,15888704,47,23,27.9,4.4,11.1,0.4,0.8,2.4,0.333,3.6,8.7,0.418,0.436,2.5,2.9,0.848,0.6,2,2.6,2.7,0.8,0.3,1.2,1.6,12.2,1310,13.9,0.491,0.218,0.264,2.5,9.1,5.6,16.8,1.5,0.8,8.6,22.8,1.2,0.9,2.1,0.077,-0.5,-1.6,-2,0
2010/2011,58044000,65969238.46,473604,Indiana Pacers,12,IND,Indiana,East,Central,37,45,0.451,99.8,100.9,-1.38,Brandon Rush,SG,25,2069049,2431456,67,21,26.2,3.2,7.7,0.421,1.4,3.3,0.417,1.9,4.4,0.425,0.512,1.2,1.6,0.755,0.5,2.7,3.2,0.9,0.6,0.5,1,1.6,9.1,1754,10.6,0.54,0.433,0.206,2.1,11.6,6.9,5.6,1.2,1.5,10.9,15.9,0.9,1.7,2.6,0.07,-1.1,-0.1,-1.2,0.4
2010/2011,58044000,65969238.46,473604,Milwaukee Bucks,17,MIL,Wisconsin,East,Central,35,47,0.427,91.9,92.7,-1.02,John Salmons,SG,31,8000000,9401252,73,70,35,5.1,12.3,0.415,1.1,3,0.379,4,9.3,0.427,0.462,2.7,3.3,0.813,0.4,3.3,3.6,3.5,1,0.4,1.9,2.2,14,2554,12.8,0.51,0.244,0.267,1.2,11.2,6.1,17.5,1.5,0.9,12,20.9,0.9,3.4,4.3,0.081,-0.8,0.7,-0.2,1.2
2010/2011,58044000,65969238.46,473604,Cleveland Cavaliers,6,CLE,Ohio,East,Central,19,63,0.232,95.5,104.5,-8.88,Samardo Samuels,PF,22,500000,587578,37,10,18.9,3,6.5,0.456,0,0.1,0,3,6.4,0.462,0.456,1.8,3,0.618,2,2.2,4.3,0.5,0.4,0.5,1.4,2.4,7.8,701,11.7,0.498,0.012,0.456,12,14,13,4.2,1.1,2,15.5,22.1,-0.3,0.3,0,0.002,-3.9,-2,-5.9,-0.7
2010/2011,58044000,65969238.46,473604,Milwaukee Bucks,17,MIL,Wisconsin,East,Central,35,47,0.427,91.9,92.7,-1.02,Larry Sanders,C,22,1731960,2035324,60,12,14.5,1.9,4.5,0.433,0,0,,1.9,4.5,0.433,0.433,0.5,0.8,0.56,1,2,3,0.3,0.4,1.2,0.6,2,4.3,872,11,0.448,0,0.187,7.7,16.3,11.9,3.2,1.3,6.5,11.6,17.6,-0.7,1.8,1,0.057,-6.2,3,-3.2,-0.3
2010/2011,58044000,65969238.46,473604,Chicago Bulls,5,CHI,Illinois,East,Central,62,20,0.756,98.6,91.3,6.53,Brian Scalabrine,PF,32,1229255,1444567,18,0,4.9,0.6,1.1,0.526,0,0.3,0,0.6,0.8,0.714,0.526,0,0,,0.1,0.4,0.4,0.3,0.2,0.2,0.3,1,1.1,88,6.5,0.526,0.263,0,1.4,9.1,5.3,10.4,1.8,3.5,20.8,12.5,0,0.2,0.1,0.071,-4.5,2.1,-2.4,0
2010/2011,58044000,65969238.46,473604,Houston Rockets,11,HOU,Texas,West,Southwest,43,39,0.524,105.9,103.7,2.37,Luis Scola,PF,30,7775378,9137286,74,74,32.6,7.7,15.3,0.504,0,0,0,7.7,15.2,0.505,0.504,2.9,3.9,0.738,2,6.2,8.2,2.5,0.6,0.6,2,3.1,18.3,2412,18.4,0.538,0.003,0.257,6.9,21.6,14.2,13.7,1,1.3,10.5,25.7,3.3,2.2,5.5,0.11,-0.2,-0.1,-0.2,1.1
2010/2011,58044000,65969238.46,473604,Oklahoma City Thunder,21,OKC,Oklahoma,West,Northwest,55,27,0.671,104.8,101,3.81,Thabo Sefolosha,SG,26,3250000,3819258,79,79,25.9,2,4.2,0.471,0.4,1.3,0.275,1.6,2.9,0.558,0.514,0.7,1,0.747,0.8,3.6,4.4,1.4,1.2,0.5,0.7,2.2,5.1,2049,10.4,0.545,0.306,0.237,3.8,15.5,9.9,7.9,2.5,1.4,13,9.4,1.6,2.5,4.1,0.097,-0.6,2.6,2,2
2010/2011,58044000,65969238.46,473604,Washington Wizards,30,WAS,Washington DC,East,Southeast,23,59,0.28,97.3,104.7,-7.3,Kevin Seraphin,PF,21,1563120,1836910,58,1,10.9,1.1,2.5,0.449,0,0,,1.1,2.5,0.449,0.449,0.4,0.5,0.71,1.4,1.2,2.6,0.2,0.3,0.5,0.7,2.2,2.7,635,8.4,0.479,0,0.211,13.9,13.4,13.7,2.4,1.4,3.4,20.7,14.1,-0.2,0.5,0.2,0.017,-4.2,-0.2,-4.5,-0.4
2010/2011,58044000,65969238.46,473604,Cleveland Cavaliers,6,CLE,Ohio,East,Central,19,63,0.232,95.5,104.5,-8.88,Ramon Sessions,PG,24,3964320,4658696,81,38,26.3,4.5,9.6,0.466,0,0.2,0.2,4.4,9.4,0.472,0.468,4.3,5.2,0.823,0.6,2.6,3.1,5.2,0.7,0.1,2.2,1.1,13.3,2133,19,0.559,0.019,0.545,2.4,11.6,6.9,35,1.5,0.3,15.6,24.2,3.8,0.6,4.4,0.099,1.3,-1.9,-0.6,0.8
2010/2011,58044000,65969238.46,473604,Washington Wizards,30,WAS,Washington DC,East,Southeast,23,59,0.28,97.3,104.7,-7.3,Mustafa Shakur,PG,26,89670,105376,22,0,7.2,1,2.7,0.356,0,0.5,0.1,0.9,2.2,0.408,0.364,0.4,0.7,0.533,0.3,0.7,1,1.1,0.2,0.1,0.8,0.7,2.3,159,6.8,0.389,0.169,0.254,4.8,11.2,7.9,24.9,1.6,1.4,21.5,23.2,-0.5,0.1,-0.4,-0.112,-5.8,-1.8,-7.6,-0.2
2010/2011,58044000,65969238.46,473604,Phoenix Suns,24,PHO,Arizona,West,Pacific,40,42,0.488,105,105.9,-0.46,Garret Siler,C,24,473640,556601,21,0,4.8,0.8,1.5,0.548,0,0,,0.8,1.5,0.548,0.548,0.5,1,0.5,0.8,0.6,1.3,0.1,0,0.2,0.5,1,2.1,101,13.5,0.553,0,0.71,18.3,13.7,16,4.7,0.5,2.9,19.7,22.6,0.1,0.1,0.1,0.054,-2.4,-1.8,-4.2,-0.1
2010/2011,58044000,65969238.46,473604,San Antonio Spurs,27,SAS,Texas,West,Southwest,61,21,0.744,103.7,98,5.86,Bobby Simmons,SF,30,71951,84553,2,0,8,0,1.5,0,0,1.5,0,0,0,,0,0,0,,0,0,0,1,0,0,0,1,0,16,-5.5,0,1,0,0,0,0,15.7,0,0,0,8.6,0,0,0,-0.138,-8.6,-5.6,-14.3,0
2010/2011,58044000,65969238.46,473604,Milwaukee Bucks,17,MIL,Wisconsin,East,Central,35,47,0.427,91.9,92.7,-1.02,Brian Skinner,C,34,270436,317804,2,0,3,0,0,,0,0,,0,0,,,0,0,,0,0,0,0,0,0,0,0,0,6,0,,,,0,0,0,0,0,0,,0,0,0,0,0.023,-7.2,1.3,-6,0
2010/2011,58044000,65969238.46,473604,Los Angeles Clippers,13,LAC,California,West,Pacific,32,50,0.39,98.6,101.8,-2.71,Craig Smith,PF,27,2300000,2702860,48,0,12.2,2.2,3.9,0.553,0,0.1,0,2.2,3.8,0.568,0.553,1,1.4,0.735,0.9,1.5,2.4,0.6,0.3,0.1,0.7,1.8,5.4,586,15.4,0.592,0.027,0.362,8.7,14.7,11.7,9.1,1.4,0.9,13.2,19.1,1,0.4,1.5,0.12,-0.6,-1.1,-1.7,0
2010/2011,58044000,65969238.46,473604,#N/A,#N/A,TOT,#N/A,#N/A,#N/A,#N/A,#N/A,#N/A,#N/A,#N/A,#N/A,Ishmael Smith,PG,22,473604,556558,43,3,10.3,1,2.7,0.374,0.1,0.2,0.3,0.9,2.4,0.381,0.387,0.3,0.5,0.571,0.2,0.9,1.1,1.8,0.4,0,0.8,0.9,2.3,442,7.6,0.406,0.087,0.183,1.8,10.3,6.1,25.5,2.1,0.3,21.5,15.9,-0.5,0.4,-0.1,-0.016,-5.1,-1.1,-6.1,-0.5
2010/2011,58044000,65969238.46,473604,Houston Rockets,11,HOU,Texas,West,Southwest,43,39,0.524,105.9,103.7,2.37,Ishmael Smith,PG,22,473604,556558,28,3,11.8,1.1,3,0.386,0.1,0.3,0.375,1,2.7,0.387,0.404,0.3,0.4,0.7,0.2,1.3,1.5,2.3,0.5,0.1,0.9,0.9,2.6,329,8.8,0.423,0.096,0.12,2.1,12.4,7.2,27.8,2,0.4,22.9,15.2,-0.2,0.3,0,0.002,-4.5,-0.6,-5.1,-0.3
2010/2011,58044000,65969238.46,473604,Memphis Grizzlies,15,MEM,Tennessee,West,Southwest,46,36,0.561,99.9,97.6,2.55,Ishmael Smith,PG,22,473604,556558,15,0,7.5,0.7,2.1,0.344,0,0.1,0,0.7,2,0.367,0.344,0.3,0.7,0.455,0.1,0.3,0.3,1,0.3,0,0.5,0.7,1.8,113,4.3,0.366,0.063,0.344,1,4.3,2.6,18.8,2.3,0,17.8,17.9,-0.3,0.1,-0.2,-0.066,-6.6,-2.3,-9,-0.2
2010/2011,58044000,65969238.46,473604,Denver Nuggets,8,DEN,Colorado,West,Northwest,50,32,0.61,107.5,102.7,4.81,JR Smith,SF,25,6757851,7941532,79,6,24.9,4.3,9.9,0.435,1.6,4,0.39,2.7,5.9,0.466,0.514,2.1,2.8,0.738,0.6,3.5,4.1,2.2,1.2,0.2,1.3,2.2,12.3,1968,16.4,0.55,0.406,0.282,2.7,15.8,9.4,14.2,2.3,0.6,10.2,22.2,2.6,2.3,5,0.121,1.8,0.1,1.9,1.9
2010/2011,58044000,65969238.46,473604,New Orleans Hornets,19,NOH,Louisiana,West,Southwest,46,36,0.561,94.9,94,1.28,Jason Smith,C,24,2187913,2571140,77,6,14.3,1.8,4,0.443,0,0,0,1.8,4,0.446,0.443,0.8,0.9,0.843,1.2,2,3.1,0.5,0.3,0.4,0.7,1.9,4.3,1102,10.8,0.49,0.007,0.228,9.8,16.9,13.3,5.3,1.3,2.4,13.6,16.9,0.2,1.4,1.6,0.07,-3.6,0.9,-2.7,-0.2
2010/2011,58044000,65969238.46,473604,#N/A,#N/A,TOT,#N/A,#N/A,#N/A,#N/A,#N/A,#N/A,#N/A,#N/A,#N/A,Joe Smith,PF,35,1352181,1589024,16,3,4.3,0.2,1,0.188,0,0,,0.2,1,0.188,0.188,0.1,0.1,1,0.2,1.1,1.3,0.3,0,0.3,0.3,0.8,0.5,69,-0.1,0.237,0,0.125,5.1,28.9,17.3,8,0,4.4,22.9,14.5,-0.3,0.1,-0.1,-0.099,-11.9,1.8,-10,-0.1
2010/2011,58044000,65969238.46,473604,New Jersey Nets,3,NJN,New Jersey,East,Atlantic,24,58,0.293,94.2,100.4,-6.28,Joe Smith,PF,35,1352181,1589024,4,3,6.3,0.3,1,0.25,0,0,,0.3,1,0.25,0.25,0,0,,0.3,0.5,0.8,0.3,0,0,0.5,0.8,0.5,25,-3.9,0.25,0,0,4.6,9.7,7.1,5.8,0,0,33.3,11.1,-0.1,0,-0.1,-0.159,-10.1,-1.3,-11.4,-0.1
2010/2011,58044000,65969238.46,473604,Los Angeles Lakers,14,LAL,California,West,Pacific,57,25,0.695,101.5,95.4,6.01,Joe Smith,PF,35,1352181,1589024,12,0,3.7,0.2,1,0.167,0,0,,0.2,1,0.167,0.167,0.2,0.2,1,0.2,1.3,1.5,0.3,0,0.3,0.3,0.8,0.5,44,2.1,0.233,0,0.167,5.3,39.9,23.2,9.2,0,6.9,18.9,16.5,-0.2,0.1,-0.1,-0.065,-12.9,3.6,-9.3,-0.1
2010/2011,58044000,65969238.46,473604,Atlanta Hawks,1,ATL,Georgia,East,Southeast,44,38,0.537,95,95.8,-1.1,Josh Smith,PF,25,11600000,13631816,77,77,34.4,6.5,13.5,0.477,0.7,2,0.331,5.8,11.5,0.503,0.502,3,4.1,0.725,1.7,6.8,8.5,3.3,1.3,1.6,2.6,2.8,16.5,2645,19.2,0.54,0.148,0.304,6.2,23.7,15,17.1,2,3.5,14.3,24.7,1.9,4.5,6.4,0.116,0.2,3,3.1,3.4
2010/2011,58044000,65969238.46,473604,Philadelphia 76ers,23,PHI,Pennsylvania,East,Atlantic,41,41,0.5,99,97.5,1.01,Darius Songaila,C,32,4818000,5661904,10,0,7.1,0.7,1.5,0.467,0,0,,0.7,1.5,0.467,0.467,0.2,0.4,0.5,0.2,0.8,1,0.2,0,0,0.4,1.6,1.6,71,1.2,0.477,0,0.267,3.2,13,8.1,4.1,0,0,19.3,13.5,-0.1,0.1,0,-0.019,-6.9,-1.9,-8.8,-0.1
2010/2011,58044000,65969238.46,473604,Philadelphia 76ers,23,PHI,Pennsylvania,East,Atlantic,41,41,0.5,99,97.5,1.01,Marreese Speights,C,23,1773960,2084680,64,1,11.5,2.3,4.5,0.495,0,0.1,0.25,2.2,4.5,0.498,0.497,0.9,1.1,0.753,1,2.3,3.3,0.5,0.1,0.3,0.6,1.9,5.4,734,15.3,0.532,0.014,0.251,10.1,22.9,16.5,7,0.6,2,11,22.8,0.7,1,1.7,0.11,-2.7,-1.3,-3.9,-0.4
2010/2011,58044000,65969238.46,473604,San Antonio Spurs,27,SAS,Texas,West,Southwest,61,21,0.744,103.7,98,5.86,Tiago Splitter,C,26,3400000,3995532,60,6,12.3,1.7,3.2,0.529,0,0,0,1.7,3.2,0.532,0.529,1.3,2.3,0.543,1.2,2.2,3.4,0.4,0.5,0.3,0.5,1.5,4.6,738,16,0.55,0.005,0.733,11.6,19.8,15.8,5.3,2,1.6,11.2,17.7,1.1,1.1,2.3,0.149,-1.4,0.7,-0.7,0.2
2010/2011,58044000,65969238.46,473604,Miami Heat,16,MIA,Florida,East,Southeast,58,24,0.707,102.1,94.6,6.76,Jerry Stackhouse,SG,36,222712,261721,7,1,7.1,0.4,1.7,0.25,0.1,0.6,0.25,0.3,1.1,0.25,0.292,0.7,1,0.714,0.1,0.9,1,0.4,0,0.3,0.3,0.4,1.7,50,6,0.398,0.333,0.583,2.5,13.4,8.3,8.5,0,3.1,11.7,16,-0.1,0.1,0,0.005,-5.9,-0.7,-6.6,-0.1
2010/2011,58044000,65969238.46,473604,Indiana Pacers,12,IND,Indiana,East,Central,37,45,0.451,99.8,100.9,-1.38,Lance Stephenson,SG,20,750000,881367,12,0,9.6,1.1,3.3,0.333,0,0.4,0,1.1,2.8,0.382,0.333,0.9,1.2,0.786,0.1,1.4,1.5,1.8,0.3,0,1.3,1.2,3.1,115,5.5,0.41,0.128,0.359,1,16.3,8.7,28.3,1.8,0,26.2,23.5,-0.4,0.1,-0.2,-0.093,-7.4,-0.7,-8.1,-0.2
2010/2011,58044000,65969238.46,473604,Dallas Mavericks,7,DAL,Texas,West,Southwest,57,25,0.695,100.2,96,4.41,DeShawn Stevenson,SG,29,4151786,4878998,72,54,16.1,1.8,4.6,0.388,1.3,3.5,0.378,0.5,1.1,0.42,0.53,0.5,0.6,0.767,0.3,1.2,1.5,1.1,0.3,0.1,0.6,1,5.3,1158,9.8,0.549,0.755,0.13,2.1,8.4,5.4,10,1,0.3,11.2,15.9,0.8,1,1.8,0.074,0.6,-0.8,-0.3,0.5
2010/2011,58044000,65969238.46,473604,#N/A,#N/A,TOT,#N/A,#N/A,#N/A,#N/A,#N/A,#N/A,#N/A,#N/A,#N/A,Predrag Stojakovic,SF,33,15532320,18252907,33,13,18.7,3,6.9,0.441,1.7,4.1,0.419,1.3,2.8,0.473,0.566,0.7,0.8,0.92,0.4,1.8,2.3,0.9,0.4,0.1,0.5,0.7,8.5,617,15.2,0.588,0.599,0.11,2.8,11.3,7.1,7.7,1.1,0.2,6.7,19.4,1.1,0.6,1.6,0.126,2.3,-1.6,0.6,0.4
2010/2011,58044000,65969238.46,473604,New Orleans Hornets,19,NOH,Louisiana,West,Southwest,46,36,0.561,94.9,94,1.28,Predrag Stojakovic,SF,33,15532320,18252907,6,0,14.8,2.3,5.5,0.424,1.8,4.2,0.44,0.5,1.3,0.375,0.591,1,1.2,0.857,0,1,1,1,0.3,0,0.7,0.3,7.5,89,16.7,0.624,0.758,0.212,0,8.3,4.1,11.5,1.2,0,10,21.5,0.2,0.1,0.3,0.144,3.4,-3.4,-0.1,0
2010/2011,58044000,65969238.46,473604,Toronto Raptors,28,TOR,Ontario,East,Atlantic,22,60,0.268,99.1,105.4,-6.28,Predrag Stojakovic,SF,33,15532320,18252907,2,0,11,3.5,5,0.7,2,3,0.667,1.5,2,0.75,0.9,1,1,1,0,1.5,1.5,0.5,0,0,1,0,10,22,34,0.919,0.6,0.2,0,16.6,8.1,9.5,0,0,15.5,26.2,0.1,0,0.1,0.242,10.6,-6.3,4.3,0
2010/2011,58044000,65969238.46,473604,Dallas Mavericks,7,DAL,Texas,West,Southwest,57,25,0.695,100.2,96,4.41,Predrag Stojakovic,SF,33,15532320,18252907,25,13,20.2,3.2,7.4,0.429,1.7,4.2,0.4,1.5,3.2,0.468,0.543,0.6,0.6,0.938,0.6,2.1,2.6,0.9,0.4,0.1,0.4,0.9,8.6,506,14.1,0.563,0.571,0.087,3.4,11.6,7.6,7,1.1,0.3,5.4,18.7,0.7,0.5,1.2,0.118,1.7,-1.1,0.6,0.3
2010/2011,58044000,65969238.46,473604,New York Knicks,20,NYK,New York,East,Atlantic,42,40,0.512,106.5,105.7,0.48,Amare Stoudemire,C,28,16486611,19374349,78,78,36.8,9.5,19,0.502,0.1,0.3,0.435,9.4,18.7,0.503,0.505,6.1,7.7,0.792,2.5,5.6,8.2,2.6,0.9,1.9,3.2,3.5,25.3,2870,22.7,0.565,0.016,0.403,7.8,17.6,12.7,13.2,1.2,3.8,12.5,30.9,5.4,2.6,8,0.134,0.8,-0.1,0.7,1.9
2010/2011,58044000,65969238.46,473604,Detroit Pistons,9,DET,Michigan,East,Central,30,52,0.366,97,100.6,-3.78,Rodney Stuckey,PG,24,2767126,3251806,70,54,31.2,5.2,11.8,0.439,0.4,1.3,0.289,4.8,10.5,0.457,0.455,4.7,5.4,0.866,1,2.1,3.1,5.2,1.1,0.1,2.2,2.5,15.5,2183,18.4,0.544,0.109,0.461,3.7,8.6,6,27.5,1.9,0.4,13.5,24.5,4.4,0.6,5,0.111,2.3,-2,0.3,1.3
2010/2011,58044000,65969238.46,473604,Detroit Pistons,9,DET,Michigan,East,Central,30,52,0.366,97,100.6,-3.78,DaJuan Summers,SF,23,762195,895698,22,1,9,1.3,3.1,0.406,0.4,1,0.429,0.9,2.2,0.396,0.471,0.4,0.9,0.45,0.1,0.5,0.5,0.1,0.1,0,0.6,1,3.4,199,4.4,0.476,0.304,0.29,1.2,6.4,3.7,1.6,0.8,0.4,14.3,21.3,-0.3,0,-0.3,-0.083,-5.5,-5,-10.5,-0.4
2010/2011,58044000,65969238.46,473604,Atlanta Hawks,1,ATL,Georgia,East,Southeast,44,38,0.537,95,95.8,-1.1,Pape Sy,SF,22,473604,556558,3,0,7,0.7,2,0.333,0,0.3,0,0.7,1.7,0.4,0.333,1,1,1,0.7,0.3,1,0.7,0.3,0,1,0.3,2.3,21,9.2,0.478,0.167,0.5,11.6,5.7,8.6,14.5,2.6,0,29.1,23.3,0,0,0,-0.047,-5,-1.1,-6,0
2010/2011,58044000,65969238.46,473604,#N/A,#N/A,TOT,#N/A,#N/A,#N/A,#N/A,#N/A,#N/A,#N/A,#N/A,#N/A,Jermaine Taylor,SG,24,780871,917645,34,8,14.2,2.8,5.8,0.48,0.4,1.3,0.311,2.4,4.4,0.53,0.515,0.6,0.8,0.75,0.8,1.1,1.8,0.9,0.4,0.1,1.4,1.1,6.6,483,12.2,0.535,0.23,0.143,6,8.7,7.3,11.1,1.5,0.7,18.1,22.9,-0.1,0.3,0.1,0.014,-1.9,-2.1,-4,-0.2
2010/2011,58044000,65969238.46,473604,Houston Rockets,11,HOU,Texas,West,Southwest,43,39,0.524,105.9,103.7,2.37,Jermaine Taylor,SG,24,780871,917645,8,0,9.6,2,4,0.5,0.3,0.6,0.4,1.8,3.4,0.519,0.531,0.6,0.8,0.833,0.1,1,1.1,0.3,0.3,0.3,0.8,0.5,4.9,77,13.3,0.563,0.156,0.188,1.5,11.8,6.6,4.4,1.3,1.8,14.8,23.3,0,0.1,0,0.027,-3.9,-2.5,-6.5,-0.1
2010/2011,58044000,65969238.46,473604,Sacramento Kings,26,SAC,California,West,Pacific,24,58,0.293,99.4,104.7,-4.8,Jermaine Taylor,SG,24,780871,917645,26,8,15.6,3,6.3,0.476,0.5,1.5,0.3,2.5,4.8,0.532,0.512,0.6,0.8,0.727,1,1.1,2,1.2,0.5,0.1,1.5,1.3,7.1,406,12,0.53,0.244,0.134,6.8,8.1,7.4,12.4,1.5,0.5,18.7,22.8,-0.1,0.2,0.1,0.011,-1.5,-2,-3.5,-0.2
2010/2011,58044000,65969238.46,473604,Atlanta Hawks,1,ATL,Georgia,East,Southeast,44,38,0.537,95,95.8,-1.1,Jeff Teague,PG,22,1476840,1735518,70,7,13.8,1.9,4.3,0.438,0.3,0.7,0.375,1.6,3.7,0.449,0.467,1.1,1.4,0.794,0.2,1.3,1.5,2,0.6,0.4,0.9,1.2,5.2,963,14.6,0.521,0.158,0.319,1.4,11.3,6.4,23.3,2.5,2,15.6,20.3,0.4,1.2,1.7,0.083,-2,0.2,-1.8,0.1
2010/2011,58044000,65969238.46,473604,Minnesota Timberwolves,18,MIN,Minnesota,West,Northwest,17,65,0.207,101.1,107.7,-5.97,Sebastian Telfair,PG,25,2700000,3172922,37,8,19.2,2.6,6.5,0.402,0.8,2.1,0.359,1.9,4.4,0.423,0.461,1.2,1.6,0.733,0.5,1,1.5,3,0.7,0.1,1.7,1.7,7.2,711,10.5,0.497,0.324,0.249,2.6,5.9,4.2,24.2,1.7,0.3,19.3,19.9,0,0.2,0.1,0.008,-1.6,-2.9,-4.5,-0.4
2010/2011,58044000,65969238.46,473604,#N/A,#N/A,TOT,#N/A,#N/A,#N/A,#N/A,#N/A,#N/A,#N/A,#N/A,#N/A,Garrett Temple,PG-SG,24,170373,200214,24,0,9.6,0.8,2.8,0.294,0.4,1.5,0.27,0.4,1.3,0.323,0.368,0.3,0.7,0.412,0,0.9,1,1.3,0.5,0.3,1,1,2.4,230,4.7,0.378,0.544,0.25,0.5,11.6,6,21.9,2.6,2.1,23.4,20.1,-0.7,0.3,-0.4,-0.085,-6.1,0.3,-5.8,-0.2
2010/2011,58044000,65969238.46,473604,San Antonio Spurs,27,SAS,Texas,West,Southwest,61,21,0.744,103.7,98,5.86,Garrett Temple,SG,24,170373,200214,3,0,7,0.3,1.7,0.2,0,0.3,0,0.3,1.3,0.25,0.2,0,0.7,0,0.3,0.3,0.7,0.7,0.3,0.3,0.3,0.7,0.7,21,0.6,0.17,0.2,0.4,5.7,5.4,5.5,12.7,2.5,3.4,14.5,15.1,-0.1,0,-0.1,-0.135,-8.6,2.1,-6.6,0
2010/2011,58044000,65969238.46,473604,Milwaukee Bucks,17,MIL,Wisconsin,East,Central,35,47,0.427,91.9,92.7,-1.02,Garrett Temple,SG,24,170373,200214,9,0,9.2,0.8,2.3,0.333,0.3,1.1,0.3,0.4,1.2,0.364,0.405,0,0.4,0,0,0.7,0.7,0.7,0.1,0.1,0.2,0.9,1.9,83,3.1,0.373,0.476,0.19,0,8.6,4.2,11.6,0.6,0.9,8.1,14,-0.1,0.1,0,-0.019,-5.7,-1.2,-6.9,-0.1
2010/2011,58044000,65969238.46,473604,Charlotte Bobcats,4,CHA,North Carolina,East,Southeast,34,48,0.415,93.3,97.3,-4.08,Garrett Temple,PG,24,170373,200214,12,0,10.5,1,3.5,0.286,0.6,2.2,0.269,0.4,1.3,0.313,0.369,0.6,0.9,0.636,0,1.3,1.3,2,0.8,0.3,1.7,1.2,3.2,126,6.4,0.406,0.619,0.262,0,14.5,7.2,30.2,3.8,2.6,29.9,24.9,-0.5,0.2,-0.3,-0.119,-5.9,1,-5,-0.1
2010/2011,58044000,65969238.46,473604,Dallas Mavericks,7,DAL,Texas,West,Southwest,57,25,0.695,100.2,96,4.41,Jason Terry,SG,33,10650000,12515417,82,10,31.3,6,13.3,0.451,1.5,4.3,0.362,4.5,9,0.493,0.509,2.2,2.6,0.85,0.3,1.6,1.9,4.1,1.1,0.2,2,1.7,15.8,2564,15.9,0.545,0.322,0.196,1.1,5.7,3.5,22.2,1.9,0.4,12.4,24.7,2.8,2.5,5.3,0.1,1.5,-0.9,0.6,1.7
2010/2011,58044000,65969238.46,473604,#N/A,#N/A,TOT,#N/A,#N/A,#N/A,#N/A,#N/A,#N/A,#N/A,#N/A,#N/A,Hasheem Thabeet,C,23,4793280,5632854,47,0,7.9,0.4,0.9,0.425,0,0,,0.4,0.9,0.425,0.425,0.4,0.7,0.543,0.5,1.1,1.6,0.1,0.2,0.3,0.4,1.6,1.1,373,4.7,0.478,0,0.875,7.6,16.5,12,1.4,1.3,3.5,23.5,8.7,-0.2,0.5,0.3,0.043,-5.2,1.3,-3.9,-0.2
2010/2011,58044000,65969238.46,473604,Memphis Grizzlies,15,MEM,Tennessee,West,Southwest,46,36,0.561,99.9,97.6,2.55,Hasheem Thabeet,C,23,4793280,5632854,45,0,8.2,0.4,0.9,0.436,0,0,,0.4,0.9,0.436,0.436,0.4,0.8,0.543,0.5,1.1,1.7,0.1,0.2,0.3,0.4,1.6,1.2,369,4.9,0.487,0,0.897,7.7,16.7,12.1,1.4,1.3,3.3,23.8,8.7,-0.1,0.5,0.3,0.045,-5.1,1.2,-3.8,-0.2
2010/2011,58044000,65969238.46,473604,Houston Rockets,11,HOU,Texas,West,Southwest,43,39,0.524,105.9,103.7,2.37,Hasheem Thabeet,C,23,4793280,5632854,2,0,2,0,0.5,0,0,0,,0,0.5,0,0,0,0,,0,0,0,0,0,0.5,0,1.5,0,4,-13.6,0,0,0,0,0,0,0,0,17.4,0,11,0,0,0,-0.179,-14.3,7,-7.3,0
2010/2011,58044000,65969238.46,473604,Atlanta Hawks,1,ATL,Georgia,East,Southeast,44,38,0.537,95,95.8,-1.1,Etan Thomas,C,32,1223166,1437411,13,0,6.3,0.8,1.6,0.476,0,0,,0.8,1.6,0.476,0.476,0.9,1.2,0.8,0.5,1.3,1.8,0.2,0.1,0.3,0.4,0.8,2.5,82,15.1,0.58,0,0.714,8.9,24.8,16.9,3.9,0.7,3.7,15.3,18.9,0.1,0.1,0.2,0.13,-4.3,-0.7,-5.1,-0.1
2010/2011,58044000,65969238.46,473604,Chicago Bulls,5,CHI,Illinois,East,Central,62,20,0.756,98.6,91.3,6.53,Kurt Thomas,PF,38,1352181,1589024,52,37,22.7,1.8,3.6,0.511,0,0,1,1.8,3.6,0.508,0.513,0.4,0.6,0.625,1.4,4.3,5.8,1.2,0.6,0.8,0.8,3.2,4.1,1178,10,0.527,0.005,0.172,7.7,21.9,15,7.4,1.4,2.7,17.3,9.4,0.7,2.6,3.2,0.131,-2.9,4,1.1,0.9
2010/2011,58044000,65969238.46,473604,Charlotte Bobcats,4,CHA,North Carolina,East,Southeast,34,48,0.415,93.3,97.3,-4.08,Tyrus Thomas,C,24,6611570,7769629,41,2,21,3.8,8.1,0.471,0,0.1,0,3.8,8,0.476,0.471,2.6,3.3,0.787,1.6,3.9,5.5,0.7,0.7,1.6,1.6,2.8,10.2,861,18.2,0.536,0.009,0.411,9.1,22.5,15.8,6.2,1.9,6.2,14.3,24.9,0.4,1.5,1.8,0.103,-3.1,1.9,-1.2,0.2
2010/2011,58044000,65969238.46,473604,Sacramento Kings,26,SAC,California,West,Pacific,24,58,0.293,99.4,104.7,-4.8,Jason Thompson,PF,24,2178000,2559490,75,39,23.3,3.6,7.1,0.507,0,0,0,3.6,7.1,0.51,0.507,1.6,2.7,0.605,1.9,4.1,6.1,1.2,0.4,0.6,1.3,2.8,8.8,1748,13.6,0.533,0.006,0.375,9.1,20.7,14.8,7.9,0.8,1.8,13.7,17.9,1.4,1.5,2.9,0.079,-2,0.1,-1.9,0
2010/2011,58044000,65969238.46,473604,#N/A,#N/A,TOT,#N/A,#N/A,#N/A,#N/A,#N/A,#N/A,#N/A,#N/A,#N/A,Al Thornton,SF-PF,27,2814196,3307120,71,23,19.5,2.9,6.1,0.476,0.1,0.4,0.154,2.8,5.7,0.496,0.48,1.5,2,0.775,0.8,2.2,3,0.9,0.5,0.2,0.9,2,7.4,1383,11.7,0.531,0.06,0.329,4.5,13.4,8.8,7.2,1.3,0.7,11.5,17.8,1,0.6,1.6,0.054,-2.5,-1.8,-4.3,-0.8
2010/2011,58044000,65969238.46,473604,Washington Wizards,30,WAS,Washington DC,East,Southeast,23,59,0.28,97.3,104.7,-7.3,Al Thornton,SF,27,2814196,3307120,49,23,21.8,3.1,6.7,0.471,0.1,0.5,0.16,3.1,6.2,0.497,0.477,1.7,2.2,0.757,0.9,2.2,3.2,1,0.6,0.2,0.9,2.1,8,1069,11.8,0.525,0.076,0.327,4.7,12.2,8.3,7.7,1.3,0.6,10.5,17.3,0.9,0.4,1.3,0.058,-1.9,-1.5,-3.4,-0.4
2010/2011,58044000,65969238.46,473604,Golden State Warriors,10,GSW,California,West,Pacific,36,46,0.439,103.4,105.7,-2,Al Thornton,PF,27,2814196,3307120,22,0,14.3,2.3,4.7,0.49,0,0,0,2.3,4.7,0.495,0.49,1.3,1.6,0.829,0.5,2.1,2.6,0.5,0.3,0.1,0.9,1.8,6,314,11.3,0.549,0.01,0.337,3.5,17.4,10.3,5.3,1.1,0.7,14.3,19.6,0.1,0.2,0.3,0.042,-4.5,-2.7,-7.3,-0.4
2010/2011,58044000,65969238.46,473604,#N/A,#N/A,TOT,#N/A,#N/A,#N/A,#N/A,#N/A,#N/A,#N/A,#N/A,#N/A,Marcus Thornton,SG,23,762195,895698,73,23,24.3,4.8,11.1,0.434,1.2,3.3,0.367,3.6,7.8,0.462,0.488,2,2.5,0.788,0.8,2.7,3.5,1.8,0.9,0.1,1.3,1.5,12.8,1775,16.5,0.525,0.297,0.228,4,13.3,8.6,13.2,1.9,0.4,9.5,24.9,1.9,1.6,3.5,0.095,1.2,-1.2,0,0.9
2010/2011,58044000,65969238.46,473604,New Orleans Hornets,19,NOH,Louisiana,West,Southwest,46,36,0.561,94.9,94,1.28,Marcus Thornton,SG,23,762195,895698,46,0,16.2,3,7.3,0.41,0.8,2,0.376,2.2,5.2,0.423,0.463,1.1,1.4,0.758,0.5,2.3,2.8,0.9,0.4,0.1,0.8,1.1,7.8,745,14,0.494,0.278,0.198,4.1,17.4,10.7,10.3,1.4,0.4,9.2,25.6,0,0.9,0.9,0.057,-1.5,-1.6,-3.1,-0.2
2010/2011,58044000,65969238.46,473604,Sacramento Kings,26,SAC,California,West,Pacific,24,58,0.293,99.4,104.7,-4.8,Marcus Thornton,SG,23,762195,895698,27,23,38.1,7.9,17.5,0.45,2,5.4,0.361,5.9,12.1,0.491,0.506,3.5,4.4,0.805,1.3,3.4,4.7,3.4,1.7,0.2,2.1,2.2,21.3,1030,18.2,0.547,0.311,0.249,3.9,10.3,7,15.3,2.2,0.4,9.6,24.4,1.9,0.8,2.6,0.123,3.1,-0.9,2.2,1.1
2010/2011,58044000,65969238.46,473604,Minnesota Timberwolves,18,MIN,Minnesota,West,Northwest,17,65,0.207,101.1,107.7,-5.97,Anthony Tolliver,SF,25,2200000,2585344,65,4,21,2.2,4.8,0.45,0.7,1.8,0.409,1.4,3,0.475,0.526,1.6,2,0.802,1.4,3.1,4.5,1.3,0.4,0.4,0.8,2.2,6.7,1362,13.3,0.585,0.367,0.419,7.3,17,12,8.9,1,1.6,11.7,13.1,2.6,0.7,3.3,0.115,0.5,-0.1,0.4,0.8
2010/2011,58044000,65969238.46,473604,New York Knicks,20,NYK,New York,East,Atlantic,42,40,0.512,106.5,105.7,0.48,Ronny Turiaf,C,28,4000000,4700626,64,21,17.8,1.6,2.5,0.632,0,0,,1.6,2.5,0.632,0.632,1,1.5,0.622,1,2.2,3.2,1.4,0.5,1.1,0.6,2.5,4.2,1141,13.6,0.648,0,0.601,6.4,14.4,10.4,11.5,1.5,4.7,16.6,9.6,2.1,1.1,3.2,0.134,-0.5,2.5,2,1.2
2010/2011,58044000,65969238.46,473604,#N/A,#N/A,TOT,#N/A,#N/A,#N/A,#N/A,#N/A,#N/A,#N/A,#N/A,#N/A,Hidayet Turkoglu,SF-PF,31,10215850,12005223,81,72,31.4,4,8.9,0.446,1.6,3.8,0.41,2.4,5.1,0.473,0.534,1.3,1.9,0.679,0.6,3.8,4.4,4.2,0.9,0.4,1.6,3,10.8,2540,13.4,0.555,0.429,0.216,2.1,14,8.2,21.5,1.5,1,14.3,16.7,3.4,3.4,6.8,0.129,1.1,1.5,2.7,3
2010/2011,58044000,65969238.46,473604,Phoenix Suns,24,PHO,Arizona,West,Pacific,40,42,0.488,105,105.9,-0.46,Hidayet Turkoglu,PF,31,10215850,12005223,25,16,25.2,3.4,7.7,0.44,1.6,3.9,0.423,1.8,3.8,0.458,0.547,1,1.4,0.722,0.8,3.2,4,2.3,0.7,0.6,1.2,3.1,9.5,630,13.1,0.567,0.503,0.187,3.7,14.7,9.2,13.7,1.5,1.6,12.9,17.2,0.8,0.4,1.2,0.092,1.3,0.5,1.8,0.6
2010/2011,58044000,65969238.46,473604,Orlando Magic,22,ORL,Florida,East,Southeast,52,30,0.634,99.2,93.7,4.92,Hidayet Turkoglu,SF,31,10215850,12005223,56,56,34.1,4.2,9.4,0.448,1.5,3.8,0.404,2.7,5.6,0.478,0.529,1.4,2.1,0.667,0.4,4.1,4.6,5.1,1,0.4,1.8,3,11.4,1910,13.6,0.55,0.403,0.227,1.6,13.8,7.8,24,1.5,0.8,14.8,16.6,2.7,3,5.6,0.142,1.1,1.9,3,2.4
2010/2011,58044000,65969238.46,473604,Philadelphia 76ers,23,PHI,Pennsylvania,East,Atlantic,41,41,0.5,99,97.5,1.01,Evan Turner,SG,22,4602720,5408916,78,14,23,2.9,6.8,0.425,0.2,0.6,0.318,2.7,6.2,0.435,0.439,1.3,1.6,0.808,0.5,3.4,3.9,2,0.6,0.2,1,1.8,7.2,1797,10.8,0.484,0.083,0.236,2.7,16.9,9.8,13.4,1.4,0.6,12,17,0,2.2,2.3,0.06,-3.1,0.7,-2.4,-0.2
2010/2011,58044000,65969238.46,473604,Golden State Warriors,10,GSW,California,West,Pacific,36,46,0.439,103.4,105.7,-2,Ekpe Udoh,C,23,3065040,3601901,58,18,17.8,1.7,3.8,0.437,0,0,,1.7,3.8,0.437,0.437,0.7,1.1,0.656,1.4,1.7,3.1,0.7,0.4,1.5,0.8,2.5,4.1,1030,9.7,0.472,0,0.288,8.6,11.4,10,5.4,1.1,6.4,16.1,12.8,0,0.7,0.7,0.032,-4.1,2.2,-2,0
2010/2011,58044000,65969238.46,473604,San Antonio Spurs,27,SAS,Texas,West,Southwest,61,21,0.744,103.7,98,5.86,Ime Udoka,SF,33,264232,310513,20,0,6.5,0.3,1.1,0.238,0,0.4,0,0.3,0.7,0.385,0.238,0.2,0.4,0.5,0.3,0.7,1,0.7,0.4,0.1,0.3,0.7,0.7,130,5.3,0.285,0.381,0.381,4.6,12.2,8.5,13.2,3.2,0.5,16.9,10.4,-0.2,0.2,0,0.008,-4.5,2.5,-2,0
2010/2011,58044000,65969238.46,473604,Sacramento Kings,26,SAC,California,West,Pacific,24,58,0.293,99.4,104.7,-4.8,Beno Udrih,PG,28,6478600,7613369,79,64,34.6,5.2,10.4,0.5,0.8,2.3,0.357,4.4,8.1,0.54,0.539,2.5,2.9,0.864,0.5,2.8,3.4,4.9,1.2,0.1,1.8,2.3,13.7,2734,15.7,0.587,0.221,0.277,1.7,9.6,5.5,22.1,1.7,0.2,13.2,16.9,5.6,1.6,7.2,0.126,1.8,-0.8,1,2.1
2010/2011,58044000,65969238.46,473604,New Jersey Nets,3,NJN,New Jersey,East,Atlantic,24,58,0.293,94.2,100.4,-6.28,Ben Uzoh,PG,22,473604,556558,42,0,10.4,1.5,3.4,0.424,0.1,0.2,0.375,1.4,3.2,0.426,0.434,0.8,1.3,0.589,0.7,0.7,1.5,1.6,0.3,0.2,0.6,0.7,3.8,438,14.7,0.468,0.056,0.389,7.9,8.6,8.2,26.7,1.6,1.4,12.9,20.5,0.2,0.2,0.5,0.054,-0.9,-0.8,-1.7,0
2010/2011,58044000,65969238.46,473604,Cleveland Cavaliers,6,CLE,Ohio,East,Central,19,63,0.232,95.5,104.5,-8.88,Anderson Varejao,C,28,7281818,8557276,31,31,32.1,3.7,7,0.528,0,0.1,0,3.7,6.9,0.533,0.528,1.7,2.6,0.667,3.2,6.5,9.7,1.5,0.9,1.2,1.3,2.8,9.1,994,15.2,0.56,0.009,0.375,11,24.1,17.4,7.4,1.4,2.9,13.7,13.3,1.3,0.9,2.2,0.105,-1.2,2.1,0.8,0.7
2010/2011,58044000,65969238.46,473604,Memphis Grizzlies,15,MEM,Tennessee,West,Southwest,46,36,0.561,99.9,97.6,2.55,Greivis Vasquez,SG,24,1035960,1217415,70,1,12.3,1.4,3.3,0.408,0.4,1.2,0.291,1,2.1,0.476,0.461,0.5,0.6,0.773,0.2,0.9,1,2.2,0.3,0.1,1,1.2,3.6,860,9.4,0.493,0.369,0.189,1.7,8.6,5.1,25.3,1.3,0.4,21.7,16.9,-0.1,0.7,0.5,0.03,-2.3,-2.2,-4.6,-0.6
2010/2011,58044000,65969238.46,473604,Detroit Pistons,9,DET,Michigan,East,Central,30,52,0.366,97,100.6,-3.78,Charlie Villanueva,PF,26,7020000,8249599,76,11,21.9,4.1,9.3,0.442,1.6,4.3,0.387,2.5,5.1,0.488,0.53,1.2,1.5,0.767,0.7,3.2,3.9,0.6,0.6,0.6,0.9,2.3,11.1,1666,15.9,0.553,0.456,0.164,3.5,18.8,10.8,5,1.4,2,8,23.1,2.1,1,3.1,0.091,0.9,-2.7,-1.8,0.1
2010/2011,58044000,65969238.46,473604,#N/A,#N/A,TOT,#N/A,#N/A,#N/A,#N/A,#N/A,#N/A,#N/A,#N/A,#N/A,Sasha Vujacic,SG,26,5475113,6434114,67,17,24.6,3.6,8.9,0.402,1.4,3.9,0.37,2.1,5,0.426,0.483,1.2,1.4,0.844,0.4,2.3,2.8,2,0.8,0.1,1,2,9.8,1648,12.3,0.515,0.44,0.161,2.1,11.5,6.7,13.7,1.7,0.2,9.4,19.8,1.1,1,2.1,0.061,0.6,-1.1,-0.5,0.6
2010/2011,58044000,65969238.46,473604,Los Angeles Lakers,14,LAL,California,West,Pacific,57,25,0.695,101.5,95.4,6.01,Sasha Vujacic,SG,26,5475113,6434114,11,0,4.9,0.7,2.1,0.348,0.3,0.6,0.429,0.5,1.5,0.313,0.413,0.1,0.2,0.5,0.1,0.3,0.4,0.5,0.1,0,0.5,0.6,1.8,54,3.4,0.419,0.304,0.087,2.2,6.1,4.2,14.5,1,0,17.3,24.4,-0.1,0,-0.1,-0.082,-6.3,-3.8,-10.1,-0.1
2010/2011,58044000,65969238.46,473604,New Jersey Nets,3,NJN,New Jersey,East,Atlantic,24,58,0.293,94.2,100.4,-6.28,Sasha Vujacic,SG,26,5475113,6434114,56,17,28.5,4.1,10.2,0.404,1.7,4.6,0.369,2.4,5.7,0.432,0.486,1.4,1.7,0.851,0.5,2.7,3.3,2.3,0.9,0.1,1.1,2.3,11.4,1594,12.6,0.518,0.446,0.164,2.1,11.7,6.7,13.6,1.8,0.2,9,19.6,1.2,1,2.2,0.066,0.8,-1,-0.2,0.7
2010/2011,58044000,65969238.46,473604,Miami Heat,16,MIA,Florida,East,Southeast,58,24,0.707,102.1,94.6,6.76,Dwyane Wade,SG,29,14200000,16687223,76,76,37.1,9.1,18.2,0.5,0.8,2.7,0.306,8.3,15.5,0.534,0.523,6.5,8.6,0.758,1.6,4.8,6.4,4.6,1.5,1.1,3.1,2.6,25.5,2823,25.6,0.581,0.149,0.471,5.5,14.4,10.2,23.5,2.1,2.4,12.4,31.6,8.1,4.7,12.8,0.218,4.4,1.5,5.9,5.7
2010/2011,58044000,65969238.46,473604,Boston Celtics,2,BOS,Massachusetts,East,Atlantic,56,26,0.683,96.5,91.1,4.83,Von Wafer,SG,25,915852,1076269,58,2,9.5,1.2,2.7,0.421,0.3,1.2,0.269,0.8,1.6,0.533,0.478,0.6,0.7,0.842,0.1,0.7,0.8,0.6,0.3,0.1,0.3,0.7,3.2,553,10.6,0.524,0.421,0.239,1.7,8.8,5.5,9.8,1.7,0.7,10.2,17,0.2,0.9,1.1,0.092,-1.7,-0.1,-1.8,0
2010/2011,58044000,65969238.46,473604,New York Knicks,20,NYK,New York,East,Atlantic,42,40,0.512,106.5,105.7,0.48,Henry Walker,SG,23,854389,1004040,61,1,12.9,1.7,3.9,0.441,1,2.5,0.386,0.7,1.4,0.542,0.566,0.5,0.7,0.705,0.3,1.7,2,0.6,0.3,0.1,0.6,1.3,4.9,784,11.3,0.583,0.648,0.186,2.3,15.6,8.9,6.6,1.3,0.6,12.7,16.6,0.7,0.4,1.1,0.069,-0.3,-2.5,-2.8,-0.2
2010/2011,58044000,65969238.46,473604,Washington Wizards,30,WAS,Washington DC,East,Southeast,23,59,0.28,97.3,104.7,-7.3,John Wall,PG,20,5144280,6045334,69,64,37.8,5.8,14.1,0.409,0.5,1.7,0.296,5.3,12.4,0.425,0.427,4.4,5.7,0.766,0.5,4.1,4.6,8.3,1.8,0.5,3.8,2.5,16.4,2606,15.8,0.494,0.118,0.404,1.5,12.8,6.9,36,2.4,1,18.6,23.8,0.3,1.9,2.2,0.041,0,-0.2,-0.2,1.2
2010/2011,58044000,65969238.46,473604,Detroit Pistons,9,DET,Michigan,East,Central,30,52,0.366,97,100.6,-3.78,Ben Wallace,C,36,2080000,2444325,54,49,22.9,1.2,2.8,0.45,0,0,0.5,1.2,2.7,0.449,0.453,0.4,1.1,0.333,2.4,4.1,6.5,1.3,1,1,0.8,1.5,2.9,1238,12.3,0.442,0.013,0.383,12.2,22.9,17.3,8.1,2.3,3.5,20.2,8.2,0.5,1.4,1.9,0.072,-2,3.8,1.8,1.2
2010/2011,58044000,65969238.46,473604,#N/A,#N/A,TOT,#N/A,#N/A,#N/A,#N/A,#N/A,#N/A,#N/A,#N/A,#N/A,Gerald Wallace,SF-PF,28,10500000,12339143,71,63,37.9,5.4,12,0.454,0.9,2.6,0.333,4.6,9.4,0.487,0.49,3.9,5.3,0.746,1.6,6.5,8,2.4,1.5,0.9,2.1,2.6,15.7,2693,16.2,0.548,0.219,0.439,4.9,21,12.8,10.9,2.1,1.9,13,20.3,2.6,3.6,6.2,0.111,0,1.7,1.7,2.5
2010/2011,58044000,65969238.46,473604,Charlotte Bobcats,4,CHA,North Carolina,East,Southeast,34,48,0.415,93.3,97.3,-4.08,Gerald Wallace,SF,28,10500000,12339143,48,48,39,5.3,12.1,0.433,0.7,2.2,0.33,4.5,9.9,0.456,0.463,4.4,5.9,0.739,1.5,6.7,8.2,2.4,1.2,1,2.1,2.5,15.6,1872,15,0.53,0.182,0.488,4.6,21,12.7,10.5,1.7,2.1,12.4,20.2,1.3,2.3,3.6,0.092,-0.8,1.5,0.8,1.3
2010/2011,58044000,65969238.46,473604,Portland Trail Blazers,25,POR,Oregon,West,Northwest,48,34,0.585,96.3,94.8,1.85,Gerald Wallace,PF,28,10500000,12339143,23,15,35.7,5.8,11.7,0.498,1.2,3.5,0.338,4.7,8.2,0.566,0.548,3,3.9,0.767,1.7,5.9,7.6,2.5,2,0.7,2.3,2.7,15.8,821,18.9,0.59,0.297,0.335,5.6,21.2,13,11.9,3.1,1.5,14.4,20.5,1.3,1.3,2.6,0.153,1.8,2.2,4,1.2
2010/2011,58044000,65969238.46,473604,Los Angeles Lakers,14,LAL,California,West,Pacific,57,25,0.695,101.5,95.4,6.01,Luke Walton,SF,30,5260000,6181323,54,0,9,0.7,2.1,0.328,0.1,0.6,0.235,0.6,1.5,0.366,0.362,0.1,0.2,0.7,0.2,1.1,1.2,1.1,0.2,0.1,0.6,0.7,1.7,484,5.1,0.378,0.293,0.086,2.2,13.1,7.8,18,1,0.6,20.5,14.3,-0.7,0.5,-0.2,-0.016,-5.7,-0.5,-6.2,-0.5
2010/2011,58044000,65969238.46,473604,Los Angeles Clippers,13,LAC,California,West,Pacific,32,50,0.39,98.6,101.8,-2.71,Willie Warren,PG,21,500000,587578,19,0,7.1,0.7,1.8,0.371,0.3,0.8,0.333,0.4,1.1,0.4,0.443,0.3,0.4,0.75,0.1,0.6,0.6,1.4,0.3,0,0.4,0.8,1.9,134,10.8,0.48,0.429,0.229,0.9,9.5,5.2,30.4,2.3,0,17.2,15.5,0.1,0.1,0.2,0.065,-2,-2.5,-4.5,-0.1
2010/2011,58044000,65969238.46,473604,Phoenix Suns,24,PHO,Arizona,West,Pacific,40,42,0.488,105,105.9,-0.46,Hakim Warrick,PF,28,4250000,4994415,80,6,17.7,2.9,5.6,0.511,0,0.1,0.091,2.8,5.4,0.522,0.512,2.7,3.7,0.721,1.1,2.6,3.7,0.9,0.4,0.1,1,1.3,8.4,1416,16.5,0.581,0.025,0.659,7.2,17,12.1,7.6,1.1,0.5,12.1,20.9,2.6,0.8,3.4,0.116,-0.8,-1.2,-1.9,0
2010/2011,58044000,65969238.46,473604,Chicago Bulls,5,CHI,Illinois,East,Central,62,20,0.756,98.6,91.3,6.53,CJ Watson,PG,26,3100000,3642985,82,1,13.3,1.8,4.8,0.371,0.5,1.4,0.393,1.2,3.4,0.362,0.426,0.8,1.1,0.742,0.2,1,1.1,2.3,0.7,0.1,0.9,1,4.9,1091,12.8,0.466,0.284,0.236,1.8,8.1,5,26.9,2.7,0.8,14.4,21.4,0.2,2,2.1,0.093,-1.9,-0.3,-2.2,0
2010/2011,58044000,65969238.46,473604,Utah Jazz,29,UTA,Utah,West,Northwest,39,43,0.476,99.4,101.3,-1.44,Earl Watson,PG,31,1229255,1444567,80,13,19.6,1.6,3.8,0.41,0.5,1.3,0.336,1.1,2.5,0.45,0.469,0.7,1,0.671,0.7,1.6,2.3,3.5,0.8,0.2,1.5,1.8,4.3,1567,10.2,0.5,0.349,0.267,4,10.1,7,25.7,2.1,0.9,25.3,13.4,0.2,0.8,1,0.03,-1.7,-0.9,-2.6,-0.3
2010/2011,58044000,65969238.46,473604,Utah Jazz,29,UTA,Utah,West,Northwest,39,43,0.476,99.4,101.3,-1.44,Kyle Weaver,SG,24,#N/A,#N/A,5,0,13.8,1.8,5,0.36,0.6,1.4,0.429,1.2,3.6,0.333,0.42,1.4,1.6,0.875,0.4,1.6,2,1.4,0.4,0.4,1.4,0.6,5.6,69,11.3,0.491,0.28,0.32,3.5,14.1,8.7,15.8,1.5,2.4,19.7,23.6,-0.1,0,0,-0.018,-4,-1.7,-5.6,-0.1
2010/2011,58044000,65969238.46,473604,Minnesota Timberwolves,18,MIN,Minnesota,West,Northwest,17,65,0.207,101.1,107.7,-5.97,Martell Webster,SF,24,4800000,5640751,46,1,23.8,3.3,7.4,0.447,1.2,2.9,0.417,2.1,4.5,0.466,0.528,2,2.7,0.77,0.8,2.4,3.2,1.2,0.6,0.2,1.3,2.2,9.8,1094,12.4,0.575,0.388,0.359,3.6,11.6,7.5,7.5,1.3,0.6,12.8,17.6,1.4,0.3,1.8,0.077,0.1,-1.7,-1.5,0.1
2010/2011,58044000,65969238.46,473604,Toronto Raptors,28,TOR,Ontario,East,Atlantic,22,60,0.268,99.1,105.4,-6.28,Sonny Weems,SF,24,854389,1004040,59,28,23.9,3.9,8.7,0.444,0.3,1,0.279,3.6,7.7,0.467,0.461,1.2,1.6,0.766,0.7,1.9,2.6,1.8,0.6,0,1.5,1.5,9.2,1413,10.2,0.492,0.119,0.183,3.2,9.8,6.4,11.6,1.2,0.1,13.4,20.3,-0.4,0,-0.4,-0.013,-2.3,-2.4,-4.7,-1
2010/2011,58044000,65969238.46,473604,New Orleans Hornets,19,NOH,Louisiana,West,Southwest,46,36,0.561,94.9,94,1.28,David West,PF,30,8287500,9739110,70,70,35,7.5,14.9,0.508,0,0.1,0.222,7.5,14.7,0.51,0.509,3.8,4.7,0.807,2.2,5.3,7.6,2.3,1,0.9,2,2.9,18.9,2451,20.4,0.558,0.009,0.314,7.6,18.7,13.1,12.7,1.5,2.1,10.7,25.8,4.4,3.4,7.8,0.152,1.2,1.5,2.7,2.9
2010/2011,58044000,65969238.46,473604,Boston Celtics,2,BOS,Massachusetts,East,Atlantic,56,26,0.683,96.5,91.1,4.83,Delonte West,PG,27,1069509,1256840,24,2,18.9,2.3,5,0.458,0.5,1.4,0.364,1.8,3.6,0.494,0.508,0.5,0.6,0.867,0.3,1.3,1.5,2.7,0.8,0.4,1.3,1.2,5.6,453,12.3,0.533,0.275,0.125,1.7,8,5,22,2.3,1.7,19.2,16.6,0.1,0.8,0.9,0.093,-1.8,1.3,-0.5,0.2
2010/2011,58044000,65969238.46,473604,New Jersey Nets,3,NJN,New Jersey,East,Atlantic,24,58,0.293,94.2,100.4,-6.28,Mario West,SG,26,#N/A,#N/A,6,3,19.3,1.5,3.5,0.429,0.2,0.7,0.25,1.3,2.8,0.471,0.452,0.5,0.8,0.6,0.3,1.5,1.8,1.7,1.2,0,0.3,2.2,3.7,116,9.1,0.474,0.19,0.238,2,9.4,5.6,13.2,3.2,0,7.9,10.1,0.1,0.1,0.2,0.069,-2.3,0.9,-1.4,0
2010/2011,58044000,65969238.46,473604,Oklahoma City Thunder,21,OKC,Oklahoma,West,Northwest,55,27,0.671,104.8,101,3.81,Russell Westbrook,PG,22,4017720,4721450,82,82,34.7,7.5,17,0.442,0.4,1.3,0.33,7.1,15.7,0.451,0.454,6.5,7.7,0.842,1.5,3.1,4.6,8.2,1.9,0.4,3.9,2.5,21.9,2847,23.6,0.538,0.074,0.454,5.2,10.3,7.8,42.7,2.8,0.8,15.9,31.6,6.3,3.1,9.4,0.159,4.4,0.5,5,5
2010/2011,58044000,65969238.46,473604,#N/A,#N/A,TOT,#N/A,#N/A,#N/A,#N/A,#N/A,#N/A,#N/A,#N/A,#N/A,DJ White,C-PF,24,1108680,1302872,47,0,14.6,2.4,4.7,0.507,0,0,0,2.4,4.6,0.512,0.507,1,1.4,0.719,0.9,2.4,3.4,0.4,0.3,0.4,0.3,1.6,5.7,685,15.3,0.542,0.009,0.292,7.6,20,13.8,4.9,0.9,2.3,5.4,17.7,1.1,0.7,1.8,0.128,-1.9,-1,-2.9,-0.1
2010/2011,58044000,65969238.46,473604,Oklahoma City Thunder,21,OKC,Oklahoma,West,Northwest,55,27,0.671,104.8,101,3.81,DJ White,PF,24,1108680,1302872,23,0,9.5,1.3,2.8,0.462,0,0,,1.3,2.8,0.462,0.462,0.2,0.4,0.5,0.5,1.7,2.3,0.2,0.3,0.3,0.3,1.3,2.8,219,10.1,0.468,0,0.154,6.6,20.7,13.9,2.9,1.4,2.7,9.2,15.8,0,0.3,0.3,0.056,-5,-0.5,-5.5,-0.2
2010/2011,58044000,65969238.46,473604,Charlotte Bobcats,4,CHA,North Carolina,East,Southeast,34,48,0.415,93.3,97.3,-4.08,DJ White,C,24,1108680,1302872,24,0,19.4,3.4,6.4,0.526,0,0.1,0,3.4,6.3,0.533,0.526,1.7,2.3,0.759,1.3,3.1,4.4,0.6,0.3,0.5,0.3,1.9,8.5,466,17.7,0.571,0.013,0.351,8,19.6,13.8,5.8,0.7,2.1,3.8,18.6,1.1,0.4,1.6,0.161,-0.4,-1.2,-1.7,0
2010/2011,58044000,65969238.46,473604,Sacramento Kings,26,SAC,California,West,Pacific,24,58,0.293,99.4,104.7,-4.8,Hassan Whiteside,C,21,730437,858377,1,0,2,0,0,,0,0,,0,0,,,0,0,,0,0,0,0,0,0,0,2,0,2,-17.9,,,,0,0,0,0,0,0,,0,0,0,0,0.007,-6.5,0,-6.5,0
2010/2011,58044000,65969238.46,473604,Detroit Pistons,9,DET,Michigan,East,Central,30,52,0.366,97,100.6,-3.78,Chris Wilcox,PF,28,3000000,3525469,57,29,17.5,3.3,5.6,0.581,0,0,0,3.3,5.6,0.583,0.581,0.9,1.6,0.562,1.7,3.1,4.8,0.8,0.5,0.3,0.8,2.5,7.4,995,18,0.587,0.003,0.276,11.2,22.7,16.7,7.4,1.6,1.4,10.6,18.9,2,0.8,2.8,0.133,0.4,-0.9,-0.5,0.4
2010/2011,58044000,65969238.46,473604,Atlanta Hawks,1,ATL,Georgia,East,Southeast,44,38,0.537,95,95.8,-1.1,Damien Wilkins,SF,31,748656,879788,52,0,13,1.3,2.6,0.504,0,0.2,0.2,1.3,2.4,0.528,0.511,0.8,1.1,0.714,0.4,1.3,1.7,0.8,0.5,0.2,0.4,1.4,3.5,676,11.4,0.557,0.073,0.409,4.1,11.9,8,9.3,2.1,1,11.5,12.8,0.7,0.8,1.5,0.104,-2.1,0.6,-1.5,0.1
2010/2011,58044000,65969238.46,473604,#N/A,#N/A,TOT,#N/A,#N/A,#N/A,#N/A,#N/A,#N/A,#N/A,#N/A,#N/A,Deron Williams,PG,26,14940152,17557017,65,65,37.9,6.6,15,0.439,1.6,4.9,0.331,5,10.1,0.491,0.493,5.4,6.3,0.845,0.6,3.4,4,10.3,1.2,0.2,3.5,2.9,20.1,2465,21.1,0.566,0.325,0.423,1.9,10.9,6.3,45.9,1.7,0.5,16.6,25.8,6.2,1.1,7.3,0.142,5.2,-2.4,2.8,3
2010/2011,58044000,65969238.46,473604,Utah Jazz,29,UTA,Utah,West,Northwest,39,43,0.476,99.4,101.3,-1.44,Deron Williams,PG,26,14940152,17557017,53,53,37.9,7,15.2,0.458,1.7,4.9,0.345,5.3,10.3,0.511,0.513,5.7,6.7,0.853,0.6,3.3,3.9,9.7,1.2,0.2,3.5,2.9,21.3,2009,22.1,0.587,0.32,0.439,1.9,10.5,6.2,43.6,1.7,0.5,16.3,26.2,5.9,0.8,6.7,0.159,5.9,-2.6,3.3,2.7
2010/2011,58044000,65969238.46,473604,New Jersey Nets,3,NJN,New Jersey,East,Atlantic,24,58,0.293,94.2,100.4,-6.28,Deron Williams,PG,26,14940152,17557017,12,12,38,4.9,14.1,0.349,1.3,4.9,0.271,3.6,9.2,0.391,0.396,3.8,4.8,0.793,0.7,3.9,4.6,12.8,1.3,0.3,3.6,3.2,15,456,17,0.463,0.349,0.343,2,12.5,7.1,55.9,1.8,0.5,18.1,24.2,0.3,0.3,0.6,0.066,2.4,-1.8,0.5,0.3
2010/2011,58044000,65969238.46,473604,#N/A,#N/A,TOT,#N/A,#N/A,#N/A,#N/A,#N/A,#N/A,#N/A,#N/A,#N/A,Jason Williams,PG,35,1877145,2205938,27,0,10.9,0.8,2.5,0.328,0.4,1.4,0.263,0.4,1.1,0.414,0.403,0,0,,0.1,1,1.1,1.9,0.4,0,0.7,0.3,2,295,8.4,0.403,0.567,0,1.2,10.6,6,25.1,2,0.3,21.2,13.2,-0.2,0.4,0.2,0.031,-3.5,-0.4,-3.9,-0.1
2010/2011,58044000,65969238.46,473604,Orlando Magic,22,ORL,Florida,East,Southeast,52,30,0.634,99.2,93.7,4.92,Jason Williams,PG,35,1877145,2205938,16,0,10.7,0.8,2.4,0.342,0.4,1.4,0.304,0.4,0.9,0.4,0.434,0,0,,0.2,1.2,1.4,1.5,0.5,0,0.7,0.4,2.1,171,8.5,0.434,0.605,0,2.1,12.6,7.5,21,2.5,0,22.4,13.3,-0.1,0.3,0.2,0.053,-3,1.5,-1.5,0
2010/2011,58044000,65969238.46,473604,Memphis Grizzlies,15,MEM,Tennessee,West,Southwest,46,36,0.561,99.9,97.6,2.55,Jason Williams,PG,35,1877145,2205938,11,0,11.3,0.8,2.6,0.31,0.3,1.4,0.2,0.5,1.3,0.429,0.362,0,0,,0,0.7,0.7,2.5,0.3,0.1,0.6,0.2,1.9,124,8.2,0.362,0.517,0,0,7.8,3.9,30.8,1.3,0.7,19.4,13.1,-0.1,0.1,0,0,-4.1,-3,-7.1,-0.2
2010/2011,58044000,65969238.46,473604,Cleveland Cavaliers,6,CLE,Ohio,East,Central,19,63,0.232,95.5,104.5,-8.88,Jawad Williams,SF,27,321652,377991,26,1,15,1.6,4.8,0.325,0.5,1.7,0.289,1.1,3.1,0.346,0.377,0.3,0.5,0.75,0.3,1.6,1.8,0.8,0.3,0.1,0.6,1.3,4,391,4.8,0.396,0.357,0.095,2,12.4,7.1,9,1.2,0.6,10.9,17.1,-0.6,0.1,-0.5,-0.067,-5.3,-1.9,-7.2,-0.5
2010/2011,58044000,65969238.46,473604,Philadelphia 76ers,23,PHI,Pennsylvania,East,Atlantic,41,41,0.5,99,97.5,1.01,Louis Williams,SG,24,5000000,5875782,75,0,23.3,4.3,10.6,0.406,1.2,3.4,0.348,3.1,7.2,0.434,0.462,3.9,4.7,0.823,0.4,1.6,2,3.4,0.6,0.2,1.4,1.7,13.7,1747,18.9,0.54,0.318,0.448,2.1,7.7,4.9,24.1,1.4,0.7,9.7,27.8,3.5,1.6,5.1,0.141,2.9,-2.5,0.4,1
2010/2011,58044000,65969238.46,473604,Atlanta Hawks,1,ATL,Georgia,East,Southeast,44,38,0.537,95,95.8,-1.1,Marvin Williams,SF,24,6712500,7888238,65,52,28.7,3.8,8.3,0.458,0.6,1.7,0.336,3.2,6.6,0.489,0.493,2.3,2.7,0.845,1,3.8,4.8,1.4,0.5,0.4,1,1.6,10.4,1865,13.5,0.551,0.205,0.324,4.4,15.7,10.1,7.6,1,0.9,9.2,17.2,2.3,1.7,4,0.102,-0.9,-0.4,-1.3,0.3
2010/2011,58044000,65969238.46,473604,#N/A,#N/A,TOT,#N/A,#N/A,#N/A,#N/A,#N/A,#N/A,#N/A,#N/A,#N/A,Maurice Williams,PG,28,9300000,10928956,58,56,30.8,5,12.6,0.399,1.4,4.2,0.324,3.7,8.4,0.436,0.453,2.6,3.1,0.853,0.4,2.3,2.6,6.6,0.9,0.2,2.9,2.6,14,1788,13.9,0.503,0.334,0.242,1.3,8.7,5,36.9,1.5,0.4,17.5,24.7,0.4,0.6,1,0.026,0.6,-2.9,-2.3,-0.1
2010/2011,58044000,65969238.46,473604,Cleveland Cavaliers,6,CLE,Ohio,East,Central,19,63,0.232,95.5,104.5,-8.88,Maurice Williams,PG,28,9300000,10928956,36,34,29.6,4.9,12.8,0.385,1,3.8,0.265,3.9,9.1,0.436,0.424,2.4,2.8,0.833,0.4,2.3,2.7,7.1,0.9,0.3,2.9,2.5,13.3,1065,13.8,0.471,0.294,0.221,1.6,9.1,5.2,42.8,1.6,0.7,17.2,26,-0.4,0.3,-0.1,-0.005,0.2,-2.9,-2.7,-0.2
2010/2011,58044000,65969238.46,473604,Los Angeles Clippers,13,LAC,California,West,Pacific,32,50,0.39,98.6,101.8,-2.71,Maurice Williams,PG,28,9300000,10928956,22,22,32.9,5.1,12.2,0.422,2,4.9,0.398,3.2,7.3,0.438,0.502,3,3.4,0.88,0.3,2.3,2.5,5.6,0.9,0,3,2.7,15.2,723,14,0.556,0.403,0.28,1,8,4.5,28.2,1.4,0,18,22.7,0.8,0.3,1.1,0.073,1,-2.8,-1.8,0
2010/2011,58044000,65969238.46,473604,Golden State Warriors,10,GSW,California,West,Pacific,36,46,0.439,103.4,105.7,-2,Reggie Williams,SF,24,762195,895698,80,9,20.3,3.4,7.2,0.469,1.3,3,0.423,2.1,4.1,0.502,0.558,1.3,1.7,0.746,0.6,2.1,2.7,1.5,0.4,0,0.7,1.6,9.2,1626,14.9,0.585,0.421,0.234,3.1,12.2,7.5,11.4,0.9,0.1,8.3,18.7,3.4,0.3,3.7,0.109,1.4,-3.2,-1.9,0
2010/2011,58044000,65969238.46,473604,New York Knicks,20,NYK,New York,East,Atlantic,42,40,0.512,106.5,105.7,0.48,Shawne Williams,PF,24,885210,1040260,64,11,20.7,2.6,6,0.426,1.3,3.3,0.401,1.2,2.7,0.457,0.536,0.6,0.8,0.837,0.9,2.8,3.7,0.7,0.6,0.8,0.7,2.6,7.1,1323,12.2,0.558,0.551,0.127,5.1,15.6,10.3,5.3,1.5,2.8,10.2,15.2,1.4,1.1,2.5,0.089,0,-0.4,-0.5,0.5
2010/2011,58044000,65969238.46,473604,#N/A,#N/A,TOT,#N/A,#N/A,#N/A,#N/A,#N/A,#N/A,#N/A,#N/A,#N/A,Shelden Williams,PF,27,915852,1076269,59,38,15.4,1.7,3.7,0.468,0,0,,1.7,3.7,0.468,0.468,1,1.3,0.773,1.6,3.1,4.6,0.5,0.4,0.4,0.7,2.1,4.5,911,12.3,0.522,0,0.341,12,22.3,17.3,5.1,1.3,2.1,14.5,14.5,0.9,1.1,1.9,0.102,-2.4,0.5,-1.9,0
2010/2011,58044000,65969238.46,473604,Denver Nuggets,8,DEN,Colorado,West,Northwest,50,32,0.61,107.5,102.7,4.81,Shelden Williams,PF,27,915852,1076269,42,32,17,2,4.3,0.453,0,0,,2,4.3,0.453,0.453,0.8,1.1,0.739,1.8,3.5,5.3,0.5,0.4,0.5,0.9,2.2,4.7,713,11.3,0.492,0,0.254,12.3,23.4,18,3.9,1.3,2.3,15.5,14.9,0.2,0.9,1.2,0.078,-3.3,0.7,-2.5,-0.1
2010/2011,58044000,65969238.46,473604,New York Knicks,20,NYK,New York,East,Atlantic,42,40,0.512,106.5,105.7,0.48,Shelden Williams,PF,27,915852,1076269,17,6,11.6,1.2,2.3,0.538,0,0,,1.2,2.3,0.538,0.538,1.4,1.7,0.828,1.1,1.8,2.9,0.8,0.3,0.2,0.4,2,3.9,198,15.9,0.638,0,0.744,10.9,18,14.4,9.5,1.3,1.5,10.4,13,0.6,0.1,0.8,0.188,0.8,-0.4,0.3,0.1
2010/2011,58044000,65969238.46,473604,#N/A,#N/A,TOT,#N/A,#N/A,#N/A,#N/A,#N/A,#N/A,#N/A,#N/A,#N/A,Terrence Williams,SG,23,2214480,2602360,21,0,13.8,2,5.5,0.374,0.3,1,0.273,1.8,4.4,0.398,0.4,0.7,1,0.667,0.2,2.2,2.4,1.8,0.4,0,1.6,1.2,5,290,6.9,0.427,0.191,0.183,1.6,19.3,10.3,22,1.6,0,21,24.7,-0.8,0.2,-0.6,-0.096,-6.2,-1.1,-7.3,-0.4
2010/2011,58044000,65969238.46,473604,New Jersey Nets,3,NJN,New Jersey,East,Atlantic,24,58,0.293,94.2,100.4,-6.28,Terrence Williams,SG,23,2214480,2602360,10,0,20.6,2.9,7.3,0.397,0.4,1.2,0.333,2.5,6.1,0.41,0.425,0.5,1,0.5,0.3,3.3,3.6,3.1,0.5,0,2.5,2.1,6.7,206,6.2,0.433,0.164,0.137,1.7,19.5,10.3,25.6,1.3,0,24.4,23.1,-0.6,0.1,-0.4,-0.102,-6,-0.7,-6.7,-0.2
2010/2011,58044000,65969238.46,473604,Houston Rockets,11,HOU,Texas,West,Southwest,43,39,0.524,105.9,103.7,2.37,Terrence Williams,SG,23,2214480,2602360,11,0,7.6,1.3,3.8,0.333,0.2,0.9,0.2,1.1,2.9,0.375,0.357,0.8,1,0.818,0.1,1.3,1.4,0.6,0.4,0,0.7,0.4,3.5,84,8.6,0.416,0.238,0.262,1.3,18.9,10.1,13.2,2.4,0,14.6,28.8,-0.2,0.1,-0.1,-0.08,-6.7,-2.1,-8.8,-0.1
2010/2011,58044000,65969238.46,473604,Los Angeles Lakers,14,LAL,California,West,Pacific,57,25,0.695,101.5,95.4,6.01,Metta World Peace,SF,31,6322320,7429715,82,82,29.4,3.2,8,0.397,1,2.8,0.356,2.2,5.2,0.419,0.46,1.1,1.7,0.676,1.2,2,3.3,2.1,1.5,0.4,1.1,2.2,8.5,2410,11.2,0.485,0.354,0.207,4.9,7.6,6.3,10.7,2.7,1.1,11.1,15.3,1.2,3.2,4.4,0.088,-0.3,1.4,1.1,1.9
2010/2011,58044000,65969238.46,473604,Sacramento Kings,26,SAC,California,West,Pacific,24,58,0.293,99.4,104.7,-4.8,Antoine Wright,SG,26,992680,1166554,7,0,4.4,0.1,1.1,0.125,0,0.6,0,0.1,0.6,0.25,0.125,0,0,,0.3,0.1,0.4,0,0.1,0,0.1,0.4,0.3,31,-4.8,0.125,0.5,0,7.2,3.8,5.5,0,1.6,0,11.1,12.6,-0.1,0,-0.1,-0.179,-9.4,-3.1,-12.5,-0.1
2010/2011,58044000,65969238.46,473604,#N/A,#N/A,TOT,#N/A,#N/A,#N/A,#N/A,#N/A,#N/A,#N/A,#N/A,#N/A,Brandan Wright,PF,23,3398072,3993266,37,2,10.2,1.6,3.2,0.513,0,0,,1.6,3.2,0.513,0.513,0.6,0.8,0.677,0.8,1.6,2.4,0.3,0.3,0.5,0.4,0.9,3.8,379,15.9,0.54,0,0.265,9.2,18.2,13.6,5.1,1.5,3.4,9.7,17.2,0.4,0.4,0.8,0.099,-2.6,-0.2,-2.8,-0.1
2010/2011,58044000,65969238.46,473604,Golden State Warriors,10,GSW,California,West,Pacific,36,46,0.439,103.4,105.7,-2,Brandan Wright,PF,23,3398072,3993266,21,1,9.3,1.8,3,0.603,0,0,,1.8,3,0.603,0.603,0.3,0.7,0.5,0.7,1.3,2,0.2,0.1,0.5,0.5,0.9,4,195,16.2,0.6,0,0.222,8,16.1,11.9,4.1,0.8,3.9,12.6,17.9,0.3,0.1,0.4,0.091,-2.6,-1.5,-4.1,-0.1
2010/2011,58044000,65969238.46,473604,New Jersey Nets,3,NJN,New Jersey,East,Atlantic,24,58,0.293,94.2,100.4,-6.28,Brandan Wright,PF,23,3398072,3993266,16,1,11.5,1.4,3.4,0.407,0,0,,1.4,3.4,0.407,0.407,0.9,1.1,0.824,1.1,1.9,3,0.4,0.5,0.4,0.3,0.9,3.6,184,15.5,0.472,0,0.315,10.6,20.5,15.4,6.2,2.3,2.9,6.1,16.5,0.2,0.2,0.4,0.107,-2.7,1.2,-1.5,0
2010/2011,58044000,65969238.46,473604,Golden State Warriors,10,GSW,California,West,Pacific,36,46,0.439,103.4,105.7,-2,Dorell Wright,SF,25,3500000,4113047,82,82,38.4,5.9,14,0.423,2.4,6.3,0.376,3.5,7.7,0.462,0.508,2.2,2.8,0.789,1.1,4.2,5.3,3,1.5,0.8,1.6,2.1,16.4,3147,15,0.539,0.45,0.199,3.1,12.6,7.8,11.6,2,1.5,9.6,19.3,3.9,1.8,5.8,0.088,1.5,-0.4,1.1,2.5
2010/2011,58044000,65969238.46,473604,Toronto Raptors,28,TOR,Ontario,East,Atlantic,22,60,0.268,99.1,105.4,-6.28,Julian Wright,SF,23,2858057,3358664,52,6,14.7,1.6,3.1,0.513,0,0.2,0.2,1.5,2.9,0.533,0.519,0.4,0.8,0.512,0.9,1.4,2.3,1.1,0.8,0.4,0.8,0.9,3.6,766,12.1,0.525,0.063,0.269,7.1,11.3,9.1,11,2.6,2,19.4,13,0.2,0.4,0.6,0.038,-1.6,1.2,-0.4,0.3
2010/2011,58044000,65969238.46,473604,Washington Wizards,30,WAS,Washington DC,East,Southeast,23,59,0.28,97.3,104.7,-7.3,Nick Young,SG,25,2630503,3091252,64,40,31.8,6.4,14.6,0.441,1.6,4.2,0.387,4.8,10.4,0.462,0.497,2.9,3.6,0.816,0.4,2.3,2.7,1.2,0.7,0.3,1.4,2.3,17.4,2034,14.5,0.538,0.29,0.244,1.4,8.6,4.9,6.6,1.1,0.6,8,24.4,2.3,0.4,2.8,0.065,0.5,-3.5,-3,-0.5
2010/2011,58044000,65969238.46,473604,Memphis Grizzlies,15,MEM,Tennessee,West,Southwest,46,36,0.561,99.9,97.6,2.55,Sam Young,SF,25,886000,1041188,78,46,20.2,3,6.3,0.472,0.2,0.6,0.34,2.8,5.7,0.486,0.489,1.1,1.5,0.767,0.5,1.9,2.4,0.9,0.9,0.3,0.8,1.5,7.3,1577,12.5,0.525,0.101,0.235,3,11.2,7.1,6.9,2.3,1.2,10.1,17.3,1.1,1.8,2.9,0.088,-1.6,0.3,-1.3,0.3
2010/2011,58044000,65969238.46,473604,Philadelphia 76ers,23,PHI,Pennsylvania,East,Atlantic,41,41,0.5,99,97.5,1.01,Thaddeus Young,PF,22,2901241,3409412,82,1,26,5.6,10.3,0.541,0.1,0.3,0.273,5.5,10.1,0.548,0.544,1.5,2.1,0.707,1.9,3.4,5.3,1,1.1,0.3,1.2,2.1,12.7,2135,18.4,0.566,0.026,0.205,8.3,15.2,11.7,6.7,2.2,0.9,9.7,22.1,3.2,3,6.2,0.139,0.3,0,0.3,1.2
2009/2010,57700000,67649793.99,457588,Denver Nuggets,8,DEN,Colorado,West,Northwest,53,29,0.646,106.5,102.4,4.15,Arron Afflalo,SG,24,1086240,1289948,82,75,27.1,3.3,7.1,0.465,1.3,3,0.434,2,4.1,0.488,0.557,0.9,1.2,0.735,0.7,2.4,3.1,1.7,0.6,0.4,0.9,2.7,8.8,2221,10.9,0.576,0.426,0.168,3.1,9.9,6.5,9.3,1,1,10.5,14,2.8,1.4,4.3,0.092,0.8,-0.5,0.3,1.3
2009/2010,57700000,67649793.99,457588,Charlotte Bobcats,4,CHA,North Carolina,East,Southeast,44,38,0.537,95.3,93.8,1.3,Alexis Ajinca,C,21,1372080,1629393,6,0,5,0.8,1.7,0.5,0,0,,0.8,1.7,0.5,0.5,0,0.2,0,0.2,0.5,0.7,0,0.2,0.2,0.3,0.8,1.7,30,6.3,0.479,0,0.1,4.1,11.8,8,0,1.8,2.7,16.1,19.3,-0.1,0,0,-0.013,-8.5,-2,-10.4,-0.1
2009/2010,57700000,67649793.99,457588,Portland Trail Blazers,25,POR,Oregon,West,Northwest,50,32,0.61,98.1,94.8,3.18,LaMarcus Aldridge,PF,24,5844827,6940936,78,78,37.5,7.4,15,0.495,0.1,0.2,0.313,7.4,14.8,0.498,0.497,2.9,3.9,0.757,2.5,5.6,8,2.1,0.9,0.6,1.3,3,17.9,2922,18.2,0.535,0.014,0.26,8.1,18.6,13.3,9.9,1.3,1.3,7.4,22.9,5.5,3.3,8.8,0.145,0.9,0.6,1.6,2.6
2009/2010,57700000,67649793.99,457588,Chicago Bulls,5,CHI,Illinois,East,Central,41,41,0.5,97.5,99.1,-1.64,Joe Alexander,SF,23,2583360,3067830,8,0,3.6,0.1,0.8,0.167,0,0.1,0,0.1,0.6,0.2,0.167,0.3,0.4,0.667,0.3,0.4,0.6,0.3,0.1,0.1,0,1.1,0.5,29,2.8,0.273,0.167,0.5,7.8,11.3,9.6,9.3,1.8,2.6,0,11.3,0,0,0,0.03,-5.2,1.5,-3.7,0
2009/2010,57700000,67649793.99,457588,Denver Nuggets,8,DEN,Colorado,West,Northwest,53,29,0.646,106.5,102.4,4.15,Malik Allen,PF,31,1300000,1543795,51,3,8.9,0.9,2.3,0.397,0,0.1,0.167,0.9,2.2,0.409,0.401,0.2,0.3,0.923,0.7,0.9,1.6,0.3,0.2,0.1,0.4,1.3,2.1,456,5.9,0.431,0.052,0.112,9.2,11.5,10.4,5.1,1.2,0.8,15.3,14,-0.3,0.3,0.1,0.009,-4.2,-0.8,-5,-0.3
2009/2010,57700000,67649793.99,457588,Boston Celtics,2,BOS,Massachusetts,East,Atlantic,50,32,0.61,99.2,95.6,3.37,Ray Allen,SG,34,18776860,22298179,80,80,35.2,5.8,12.2,0.477,1.8,5,0.363,4,7.2,0.556,0.551,2.9,3.2,0.913,0.6,2.6,3.2,2.6,0.8,0.3,1.6,2.3,16.3,2819,15.2,0.601,0.41,0.26,2,8.8,5.5,12.3,1.2,0.7,10.6,20.2,5.1,2.9,7.9,0.135,2.3,-0.7,1.7,2.6
2009/2010,57700000,67649793.99,457588,Boston Celtics,2,BOS,Massachusetts,East,Atlantic,50,32,0.61,99.2,95.6,3.37,Tony Allen,SG,28,2500000,2968837,54,8,16.5,2.4,4.7,0.51,0,0.1,0,2.4,4.6,0.52,0.51,1.3,2.2,0.605,1,1.7,2.7,1.3,1.1,0.4,1.2,2,6.1,889,14.2,0.54,0.02,0.47,7.4,12.5,10,13,3.5,1.7,17.8,19.6,0.2,1.6,1.9,0.1,-1.8,2.6,0.8,0.6
2009/2010,57700000,67649793.99,457588,#N/A,#N/A,TOT,#N/A,#N/A,#N/A,#N/A,#N/A,#N/A,#N/A,#N/A,#N/A,Rafer Alston,PG,33,5053133,6000771,52,38,27.3,3,8.6,0.348,1.1,3.2,0.345,1.9,5.3,0.349,0.413,1.1,1.6,0.728,0.3,2.2,2.5,3.4,1,0.2,1.8,2,8.2,1421,8.2,0.443,0.377,0.182,1,9.7,5.3,20.2,1.9,0.5,16.5,18.8,-1.6,1.2,-0.4,-0.013,-2.9,-0.8,-3.7,-0.6
2009/2010,57700000,67649793.99,457588,New Jersey Nets,3,NJN,New Jersey,East,Atlantic,12,70,0.146,92.4,101.5,-8.93,Rafer Alston,PG,33,5053133,6000771,27,13,28.4,3.5,10.3,0.343,1,3.2,0.322,2.5,7,0.353,0.394,1.6,2,0.815,0.3,2.4,2.8,3.9,1,0.2,2.3,1.9,9.7,766,8.7,0.436,0.314,0.195,1.3,10.4,5.6,23.1,1.9,0.5,16.9,21.7,-1.2,0.4,-0.8,-0.051,-3.3,-1.7,-5,-0.6
2009/2010,57700000,67649793.99,457588,Miami Heat,16,MIA,Florida,East,Southeast,47,35,0.573,96.5,94.2,1.99,Rafer Alston,PG,33,5053133,6000771,25,25,26.2,2.4,6.8,0.355,1.2,3.2,0.37,1.2,3.5,0.341,0.444,0.6,1.1,0.556,0.2,2,2.2,2.9,0.9,0.2,1.4,2.1,6.6,655,7.7,0.456,0.479,0.16,0.7,8.9,4.8,16.7,1.9,0.6,15.8,15.4,-0.4,0.8,0.4,0.031,-2.4,0.2,-2.3,0
2009/2010,57700000,67649793.99,457588,Phoenix Suns,24,PHO,Arizona,West,Pacific,54,28,0.659,110.2,105.3,4.67,Louis Amundson,PF,27,855189,1015566,79,0,14.8,1.9,3.5,0.551,0,0,0,1.9,3.5,0.553,0.551,0.8,1.6,0.545,1.6,2.8,4.4,0.4,0.3,0.9,0.7,2.1,4.7,1168,14.4,0.562,0.004,0.446,13.1,19.9,16.7,3.7,1,4.4,14.7,14.6,1.5,1.3,2.9,0.118,-1,1.4,0.4,0.7
2009/2010,57700000,67649793.99,457588,Denver Nuggets,8,DEN,Colorado,West,Northwest,53,29,0.646,106.5,102.4,4.15,Chris Andersen,PF,31,3650000,4334502,76,0,22.3,1.9,3.3,0.566,0,0,0,1.9,3.3,0.573,0.566,2.2,3.1,0.695,1.9,4.4,6.4,0.4,0.6,1.9,0.8,2.3,5.9,1695,15.8,0.631,0.012,0.94,10.1,22.7,16.4,2.8,1.3,6.3,14.3,10.8,3.2,2.7,5.9,0.166,-1.1,3.3,2.1,1.8
2009/2010,57700000,67649793.99,457588,Houston Rockets,11,HOU,Texas,West,Southwest,42,40,0.512,102.4,102.7,-0.02,David Andersen,C,29,2300000,2731330,63,0,14.1,2.3,5.4,0.432,0.4,1.2,0.346,1.9,4.2,0.458,0.472,0.7,1.1,0.687,0.9,2.4,3.3,0.7,0.2,0.2,0.6,1.9,5.8,891,12.1,0.497,0.229,0.197,6.7,20.6,13.4,8.1,0.9,1,9.1,20.2,0.4,0.9,1.3,0.07,-2.5,-1.3,-3.8,-0.4
2009/2010,57700000,67649793.99,457588,Oklahoma City Thunder,21,OKC,Oklahoma,West,Northwest,50,32,0.61,101.5,98,3.55,Antonio Anderson,SF,24,139968,166216,1,0,15,1,3,0.333,0,0,,1,3,0.333,0.333,0,0,,1,0,1,0,0,0,1,1,2,15,-1.7,0.333,0,0,7.9,0,3.8,0,0,0,25,12,0,0,0,-0.104,-8.2,-3.1,-11.4,0
2009/2010,57700000,67649793.99,457588,Orlando Magic,22,ORL,Florida,East,Southeast,59,23,0.72,102.8,95.3,7.12,Ryan Anderson,PF,21,1317120,1564126,63,6,14.5,2.7,6.2,0.436,1.2,3.3,0.37,1.4,2.8,0.514,0.536,1.1,1.3,0.866,1.1,2.1,3.2,0.6,0.4,0.2,0.9,1.3,7.7,911,18.1,0.574,0.544,0.211,9.2,16.2,12.8,7.1,1.4,1.1,11.7,24.4,1.7,1.4,3.1,0.161,2.3,-1,1.3,0.8
2009/2010,57700000,67649793.99,457588,Denver Nuggets,8,DEN,Colorado,West,Northwest,53,29,0.646,106.5,102.4,4.15,Carmelo Anthony,SF,25,15779912,18739198,69,69,38.2,10,21.8,0.458,0.9,2.7,0.316,9.1,19.1,0.478,0.478,7.4,8.9,0.83,2.2,4.4,6.6,3.2,1.3,0.4,3,3.3,28.2,2634,22.2,0.548,0.125,0.407,6.7,13.1,9.9,15.9,1.7,0.9,10.6,33.4,5.6,2.4,7.9,0.145,2.7,-1.3,1.4,2.3
2009/2010,57700000,67649793.99,457588,Miami Heat,16,MIA,Florida,East,Southeast,47,35,0.573,96.5,94.2,1.99,Joel Anthony,C,27,825497,980306,80,16,16.5,1,2,0.478,0,0,,1,2,0.478,0.478,0.8,1.2,0.717,1.5,1.6,3.1,0.2,0.3,1.4,0.6,2,2.7,1322,10.2,0.546,0,0.579,11,11.1,11.1,1.3,0.8,6.7,18.4,8.7,1,2,3.1,0.111,-3.1,3.5,0.4,0.8
2009/2010,57700000,67649793.99,457588,Washington Wizards,30,WAS,Washington DC,East,Southeast,26,56,0.317,96.2,101,-4.72,Gilbert Arenas,PG,28,16192080,19228662,32,32,36.5,7.9,19.3,0.411,2,5.7,0.348,5.9,13.6,0.437,0.462,4.8,6.5,0.739,0.5,3.6,4.2,7.2,1.3,0.3,3.7,3,22.6,1169,18.7,0.511,0.294,0.336,1.6,11.6,6.5,36.3,1.8,0.6,14.2,31.9,0.9,0.9,1.8,0.072,3.8,-1.3,2.5,1.3
2009/2010,57700000,67649793.99,457588,Houston Rockets,11,HOU,Texas,West,Southwest,42,40,0.512,102.4,102.7,-0.02,Trevor Ariza,SF,24,5854000,6951830,72,71,36.5,5.5,13.9,0.394,1.9,5.7,0.334,3.6,8.2,0.436,0.462,2.1,3.2,0.649,1.1,4.5,5.6,3.8,1.8,0.6,2.2,2.3,14.9,2629,13.3,0.488,0.407,0.228,3.3,14.7,8.8,16.7,2.4,1.1,12.8,21.2,0.1,3.1,3.2,0.058,0,1.3,1.3,2.2
2009/2010,57700000,67649793.99,457588,#N/A,#N/A,TOT,#N/A,#N/A,#N/A,#N/A,#N/A,#N/A,#N/A,#N/A,#N/A,Hilton Armstrong,PF-C,25,2801198,3326520,33,0,10.2,0.8,2.4,0.354,0,0,0,0.8,2.4,0.359,0.354,0.5,1,0.469,0.8,1.6,2.5,0.6,0.5,0.4,0.7,1.8,2.2,335,6.9,0.381,0.013,0.405,9.2,19.2,14.1,8.8,2.3,2.7,19.1,15.5,-0.5,0.4,-0.1,-0.017,-6.1,2,-4,-0.2
2009/2010,57700000,67649793.99,457588,New Orleans Hornets,19,NOH,Louisiana,West,Southwest,37,45,0.451,100.2,102.7,-2.27,Hilton Armstrong,PF,25,2801198,3326520,18,0,13.3,1.1,2.8,0.38,0,0,,1.1,2.8,0.38,0.38,0.7,1.6,0.464,0.9,2.4,3.4,0.9,0.4,0.4,0.7,2.4,2.8,239,7.5,0.409,0,0.56,8.2,22,15,9.3,1.7,2.5,17.3,14.4,-0.2,0.3,0.1,0.01,-5.5,1.9,-3.7,-0.1
2009/2010,57700000,67649793.99,457588,Sacramento Kings,26,SAC,California,West,Pacific,25,57,0.305,100,104.4,-4.06,Hilton Armstrong,C,25,2801198,3326520,6,0,9.3,0.7,2,0.333,0,0,,0.7,2,0.333,0.333,0.3,0.3,1,0.8,1.5,2.3,0.3,0.3,0.7,0.7,0.8,1.7,56,8.4,0.388,0,0.167,10.1,18.6,14.3,5,1.8,5.2,23.7,13.3,-0.1,0.1,0,-0.012,-6.8,2.7,-4.2,0
2009/2010,57700000,67649793.99,457588,Houston Rockets,11,HOU,Texas,West,Southwest,42,40,0.512,102.4,102.7,-0.02,Hilton Armstrong,C,25,2801198,3326520,9,0,4.4,0.6,1.9,0.294,0,0.1,0,0.6,1.8,0.313,0.294,0,0.2,0,0.6,0.1,0.7,0.3,0.6,0,0.6,1.1,1.1,40,1.1,0.28,0.059,0.118,13.8,3,8.6,11.5,6.4,0,21.9,25.3,-0.2,0.1,-0.2,-0.185,-8.2,2.1,-6.1,0
2009/2010,57700000,67649793.99,457588,Miami Heat,16,MIA,Florida,East,Southeast,47,35,0.573,96.5,94.2,1.99,Carlos Arroyo,PG,30,1107572,1315280,72,35,22,2.5,5.2,0.475,0.1,0.3,0.28,2.4,4.9,0.489,0.484,1.1,1.3,0.844,0.4,1.4,1.8,3.1,0.5,0.1,0.8,1.4,6.1,1585,12.3,0.529,0.067,0.24,1.9,7.7,4.8,22.2,1.2,0.3,11.5,13.9,2.2,1.5,3.7,0.113,-1.2,-0.8,-2,0
2009/2010,57700000,67649793.99,457588,Memphis Grizzlies,15,MEM,Tennessee,West,Southwest,40,42,0.488,102.5,104,-1.39,Darrell Arthur,PF,21,1050480,1247481,32,1,14.3,2,4.6,0.432,0,0,0,2,4.5,0.434,0.432,0.5,0.9,0.567,1.2,2.3,3.4,0.5,0.4,0.4,0.7,1.9,4.5,457,10.5,0.449,0.007,0.205,9.4,18.7,14,4.9,1.6,2.3,12.1,17.4,-0.1,0.4,0.3,0.031,-3.9,-0.4,-4.3,-0.3
2009/2010,57700000,67649793.99,457588,Detroit Pistons,9,DET,Michigan,East,Central,27,55,0.329,94,99.1,-5.02,Chucky Atkins,PG,35,2066455,2453987,40,11,16.1,1.4,3.9,0.363,0.6,1.8,0.301,0.9,2.1,0.417,0.433,0.6,0.7,0.926,0.1,0.6,0.7,2.3,0.4,0,0.8,1.3,4,644,8.3,0.477,0.465,0.172,0.9,4.8,2.7,21.6,1.4,0,15.9,14.4,0.2,0.1,0.2,0.017,-2.1,-3.7,-5.8,-0.6
2009/2010,57700000,67649793.99,457588,Charlotte Bobcats,4,CHA,North Carolina,East,Southeast,44,38,0.537,95.3,93.8,1.3,DJ Augustin,PG,22,2385480,2832841,80,2,18.4,2.1,5.4,0.386,0.9,2.2,0.393,1.2,3.2,0.381,0.467,1.3,1.6,0.779,0.1,1.1,1.2,2.4,0.6,0.1,0.9,1.6,6.4,1472,11.2,0.516,0.409,0.301,0.9,6.9,4,21.7,1.6,0.3,13.1,17.9,1.1,1.7,2.8,0.092,-0.9,-1.6,-2.6,-0.2
2009/2010,57700000,67649793.99,457588,Portland Trail Blazers,25,POR,Oregon,West,Northwest,50,32,0.61,98.1,94.8,3.18,Jeff Ayres,C,22,457588,543401,39,4,10.4,1.1,1.7,0.662,0,0,,1.1,1.7,0.662,0.662,0.5,0.5,0.9,0.6,1.9,2.5,0,0.2,0.4,0.3,1.9,2.7,405,12.1,0.705,0,0.308,7.6,22.5,15,0.4,0.9,3.2,14,10.1,0.8,0.6,1.3,0.156,-2.5,-0.4,-2.9,-0.1
2009/2010,57700000,67649793.99,457588,Golden State Warriors,10,GSW,California,West,Pacific,26,56,0.317,108.8,112.4,-3.28,Kelenna Azubuike,SF,26,3132000,3719359,9,7,25.7,5.3,9.8,0.545,1.1,3,0.37,4.2,6.8,0.623,0.602,2.1,3.1,0.679,1.3,3.2,4.6,1.1,0.6,1,0.8,1.8,13.9,231,19.8,0.623,0.307,0.318,5.7,14.2,9.9,6.8,1,2.8,6.5,19.9,0.6,0.1,0.7,0.148,1.9,-2,0,0.1
2009/2010,57700000,67649793.99,457588,Denver Nuggets,8,DEN,Colorado,West,Northwest,53,29,0.646,106.5,102.4,4.15,Renaldo Balkman,SF,25,2112417,2508569,13,1,7,0.5,1.4,0.333,0,0.5,0,0.5,0.8,0.545,0.333,0.2,0.5,0.333,0.3,1.5,1.8,0.5,0.6,0.2,0.5,1.2,1.1,91,6.6,0.339,0.389,0.333,5.1,23.9,14.6,10.6,4.5,1.7,22.5,13,-0.2,0.2,0,-0.001,-5.2,4,-1.1,0
2009/2010,57700000,67649793.99,457588,Toronto Raptors,28,TOR,Ontario,East,Atlantic,40,42,0.488,104.1,105.9,-1.83,Marcus Banks,PG,28,4553793,5407788,22,0,11.1,1.8,3.3,0.534,0.3,1.1,0.292,1.5,2.2,0.653,0.582,1.1,1.3,0.828,0.1,0.9,1,1.2,0.5,0.1,0.9,1.4,5,244,15.3,0.635,0.329,0.397,1.5,9.4,5.6,16.4,2.5,0.6,18.9,19.8,0.4,0.1,0.5,0.095,1.1,-1.8,-0.7,0.1
2009/2010,57700000,67649793.99,457588,Phoenix Suns,24,PHO,Arizona,West,Pacific,54,28,0.659,110.2,105.3,4.67,Leandro Barbosa,PG,27,6600000,7837731,44,5,17.9,3.5,8.3,0.425,1,3.1,0.324,2.5,5.2,0.485,0.485,1.5,1.7,0.877,0.3,1.3,1.6,1.5,0.5,0.3,1,1.6,9.5,786,14,0.526,0.373,0.2,1.7,7.9,5,12.5,1.5,1.1,10.4,24.9,0.7,0.4,1.1,0.065,0.3,-2.3,-2,0
2009/2010,57700000,67649793.99,457588,Dallas Mavericks,7,DAL,Texas,West,Southwest,55,27,0.671,102,99.3,2.66,Jose Juan Barea,PG,25,1657500,1968339,78,18,19.8,3,6.8,0.44,0.7,2,0.357,2.3,4.7,0.476,0.493,1,1.2,0.844,0.2,1.7,1.9,3.3,0.4,0.1,1.3,1.5,7.6,1546,12.8,0.526,0.298,0.171,1.3,9.5,5.4,26.1,1.2,0.3,15.3,19.9,1,1.2,2.2,0.069,-0.6,-1.8,-2.4,-0.1
2009/2010,57700000,67649793.99,457588,Toronto Raptors,28,TOR,Ontario,East,Atlantic,40,42,0.488,104.1,105.9,-1.83,Andrea Bargnani,PF,24,6527491,7751624,80,80,35,6.7,14.3,0.47,1.5,4.1,0.372,5.2,10.2,0.509,0.523,2.3,2.9,0.774,1.3,4.9,6.2,1.2,0.3,1.4,1.5,2.7,17.2,2799,15.5,0.552,0.284,0.205,4.6,15.9,10.4,5.4,0.5,3,8.8,22.3,3.3,0.9,4.2,0.072,0.7,-1.5,-0.8,0.8
2009/2010,57700000,67649793.99,457588,Orlando Magic,22,ORL,Florida,East,Southeast,59,23,0.72,102.8,95.3,7.12,Matt Barnes,SF,29,1600000,1900056,81,58,25.9,3.3,6.9,0.487,0.8,2.6,0.319,2.5,4.3,0.586,0.546,1.3,1.8,0.74,1.3,4.2,5.5,1.7,0.7,0.4,1.4,2.3,8.8,2097,13.6,0.576,0.372,0.262,6.1,18,12.3,10.1,1.5,1.1,15.3,16.2,2.5,3.4,5.9,0.135,0.5,2.2,2.7,2.5
2009/2010,57700000,67649793.99,457588,New York Knicks,20,NYK,New York,East,Atlantic,29,53,0.354,102.1,105.9,-4.01,Earl Barron,C,28,#N/A,#N/A,7,6,33.1,4.3,9.7,0.441,0,0,,4.3,9.7,0.441,0.441,3.1,4.1,0.759,4.4,6.6,11,1.1,0.6,0.6,1.6,3.4,11.7,232,14.7,0.508,0,0.426,14.9,22.9,18.9,5.2,0.9,1.3,12,17.9,0.3,0.2,0.4,0.091,-2.5,-1.4,-3.8,-0.1
2009/2010,57700000,67649793.99,457588,Orlando Magic,22,ORL,Florida,East,Southeast,59,23,0.72,102.8,95.3,7.12,Brandon Bass,PF,24,4000000,4750140,50,3,13,2.4,4.7,0.511,0,0,,2.4,4.7,0.511,0.511,1,1.3,0.825,1.1,1.5,2.5,0.4,0.2,0.5,0.6,1.4,5.8,648,16.5,0.556,0,0.27,10,12.6,11.3,5.1,1,3.1,10.6,20.9,1,1,2,0.147,-1.5,0.5,-1,0.2
2009/2010,57700000,67649793.99,457588,New Jersey Nets,3,NJN,New Jersey,East,Atlantic,12,70,0.146,92.4,101.5,-8.93,Tony Battie,C,33,6292000,7471970,15,0,8.9,0.9,2.7,0.35,0.1,0.3,0.25,0.9,2.4,0.361,0.363,0.5,0.7,0.7,0.3,1.3,1.5,0.2,0.3,0.1,0.2,1.3,2.4,134,6.1,0.405,0.1,0.25,3.3,17.1,9.9,3.7,1.6,1.1,6.3,16.2,-0.1,0.1,0,-0.014,-6.7,-1.8,-8.4,-0.2
2009/2010,57700000,67649793.99,457588,Houston Rockets,11,HOU,Texas,West,Southwest,42,40,0.512,102.4,102.7,-0.02,Shane Battier,SG,31,6864200,8151478,67,62,32.4,2.7,6.7,0.398,1.5,4.2,0.362,1.1,2.5,0.458,0.511,1.1,1.6,0.726,1.1,3.6,4.7,2.4,0.8,1.1,1,2.1,8,2168,11.1,0.541,0.624,0.237,3.8,13.1,8.2,10.9,1.2,2.6,11.5,11.4,2.2,2.1,4.3,0.095,0.1,1.9,2.1,2.2
2009/2010,57700000,67649793.99,457588,Portland Trail Blazers,25,POR,Oregon,West,Northwest,50,32,0.61,98.1,94.8,3.18,Nicolas Batum,SF,21,1118760,1328566,37,25,24.8,3.8,7.2,0.519,1.5,3.6,0.409,2.3,3.7,0.625,0.619,1.2,1.4,0.843,0.9,2.9,3.8,1.2,0.6,0.7,0.7,2.2,10.1,918,17.3,0.646,0.493,0.19,4.3,14.8,9.5,8,1.4,2.2,8.5,16.4,2.4,1.1,3.5,0.181,3.2,0.6,3.8,1.3
2009/2010,57700000,67649793.99,457588,Portland Trail Blazers,25,POR,Oregon,West,Northwest,50,32,0.61,98.1,94.8,3.18,Jerryd Bayless,SG,21,2143080,2544982,74,11,17.6,2.7,6.5,0.414,0.4,1.2,0.315,2.3,5.3,0.437,0.444,2.7,3.3,0.831,0.2,1.4,1.6,2.3,0.4,0.1,1.3,2.1,8.5,1304,14.3,0.534,0.19,0.501,1.7,9.8,5.7,22.1,1.1,0.3,13.8,24.9,1.7,1,2.7,0.098,-0.3,-2.2,-2.5,-0.2
2009/2010,57700000,67649793.99,457588,Miami Heat,16,MIA,Florida,East,Southeast,47,35,0.573,96.5,94.2,1.99,Michael Beasley,PF,21,4638600,5508500,78,78,29.8,6,13.3,0.45,0.4,1.3,0.275,5.6,12,0.469,0.463,2.5,3.1,0.8,1.6,4.8,6.4,1.3,1,0.6,1.7,2.8,14.8,2328,16.1,0.505,0.098,0.231,6.3,18.8,12.6,7.8,1.8,1.7,10.3,25.8,0.8,3.8,4.6,0.095,-2,0.3,-1.7,0.2
2009/2010,57700000,67649793.99,457588,Dallas Mavericks,7,DAL,Texas,West,Southwest,55,27,0.671,102,99.3,2.66,Rodrigue Beaubois,PG,21,1075440,1277122,56,16,12.5,2.8,5.3,0.518,0.8,2,0.409,2,3.4,0.582,0.594,0.8,0.9,0.808,0.2,1.2,1.4,1.3,0.5,0.2,1,1.5,7.1,700,18.5,0.617,0.368,0.174,2,10.7,6.4,18.6,2.1,1.3,14.4,24.7,1.1,0.8,2,0.134,2.4,-1.1,1.3,0.6
2009/2010,57700000,67649793.99,457588,Toronto Raptors,28,TOR,Ontario,East,Atlantic,40,42,0.488,104.1,105.9,-1.83,Marco Belinelli,SG,23,1547640,1837876,66,1,17,2.3,5.7,0.406,0.9,2.4,0.38,1.4,3.3,0.425,0.485,1.5,1.8,0.835,0.2,1.2,1.4,1.3,0.6,0.1,0.9,1.2,7.1,1121,12.6,0.543,0.417,0.319,1.5,8.3,5,11.8,1.9,0.3,12.2,20.1,0.9,0.2,1.2,0.049,0.4,-2.6,-2.2,-0.1
2009/2010,57700000,67649793.99,457588,Milwaukee Bucks,17,MIL,Wisconsin,East,Central,46,36,0.561,97.7,96,1.37,Charlie Bell,SG,30,3596000,4270376,71,39,22.7,2.4,6.2,0.381,1,2.8,0.365,1.4,3.4,0.395,0.464,0.7,0.9,0.716,0.4,1.4,1.9,1.5,0.5,0.2,0.8,1.9,6.5,1611,7.9,0.486,0.451,0.151,2.1,7.5,4.7,9.8,1.3,0.6,10.3,14.8,0.1,1.9,2,0.06,-2,0.2,-1.7,0.1
2009/2010,57700000,67649793.99,457588,#N/A,#N/A,TOT,#N/A,#N/A,#N/A,#N/A,#N/A,#N/A,#N/A,#N/A,#N/A,Raja Bell,SG,33,5250000,6234559,6,5,30,4.7,10.2,0.459,2,4.5,0.444,2.7,5.7,0.471,0.557,0.5,0.5,1,0.8,3,3.8,2.2,0.7,0.3,0.8,2.5,11.8,180,13.8,0.57,0.443,0.049,3.4,11.8,7.6,12.3,1.2,0.9,7.4,17.3,0.3,0.2,0.5,0.131,0.9,-1,-0.1,0.1
2009/2010,57700000,67649793.99,457588,Charlotte Bobcats,4,CHA,North Carolina,East,Southeast,44,38,0.537,95.3,93.8,1.3,Raja Bell,SG,33,5250000,6234559,5,5,31.4,4.8,11,0.436,1.8,4.8,0.375,3,6.2,0.484,0.518,0.6,0.6,1,1,3.2,4.2,2,0.8,0.4,1,2.6,12,157,12.8,0.533,0.436,0.055,3.9,12.1,8.1,11.3,1.4,1,8.2,18.2,0.2,0.2,0.4,0.113,0.2,-0.3,-0.2,0.1
2009/2010,57700000,67649793.99,457588,Golden State Warriors,10,GSW,California,West,Pacific,26,56,0.317,108.8,112.4,-3.28,Raja Bell,SG,33,5250000,6234559,1,0,23,4,6,0.667,3,3,1,1,3,0.333,0.917,0,0,,0,2,2,3,0,0,0,2,11,23,20.6,0.917,0.5,0,0,9.8,4.8,19.5,0,0,0,11.2,0.1,0,0.1,0.256,5.7,-5.3,0.5,0
2009/2010,57700000,67649793.99,457588,New York Knicks,20,NYK,New York,East,Atlantic,29,53,0.354,102.1,105.9,-4.01,Jonathan Bender,SF,29,801361,951644,25,1,11.7,1.6,4,0.4,0.6,1.6,0.359,1,2.4,0.426,0.47,1,1,0.923,0.6,1.5,2.1,0.6,0.1,0.7,1.1,1.3,4.7,292,10.8,0.529,0.39,0.26,5.7,14.7,10.1,8.4,0.3,4.3,20.1,21.6,-0.2,0.2,0,-0.001,-4.1,-1.2,-5.4,-0.2
2009/2010,57700000,67649793.99,457588,Atlanta Hawks,1,ATL,Georgia,East,Southeast,53,29,0.646,101.7,97,4.44,Mike Bibby,PG,31,6217617,7383638,80,80,27.4,3.4,8.1,0.416,1.6,4.1,0.389,1.8,4,0.444,0.514,0.9,1,0.861,0.3,2.1,2.3,3.9,0.8,0,1.1,2,9.1,2195,12.7,0.538,0.503,0.123,1.1,8.8,4.9,20.8,1.6,0.1,11.7,16.1,3,1.7,4.8,0.104,1.2,-1.5,-0.2,1
2009/2010,57700000,67649793.99,457588,Golden State Warriors,10,GSW,California,West,Pacific,26,56,0.317,108.8,112.4,-3.28,Andris Biedrins,C,23,9000000,10687815,33,29,23.1,2.5,4.2,0.591,0,0,,2.5,4.2,0.591,0.591,0.1,0.8,0.16,1.9,5.9,7.8,1.7,0.6,1.3,1,3.5,5,763,13,0.561,0,0.182,9.1,29,18.9,10.1,1.3,4.1,17.8,10.1,0.7,0.9,1.6,0.101,-2.3,3,0.7,0.5
2009/2010,57700000,67649793.99,457588,Denver Nuggets,8,DEN,Colorado,West,Northwest,53,29,0.646,106.5,102.4,4.15,Chauncey Billups,PG,33,12100000,14369174,73,73,34.1,5.5,13.2,0.418,2.2,5.6,0.386,3.4,7.6,0.441,0.499,6.4,7,0.91,0.3,2.8,3.1,5.6,1.1,0.1,2.4,2.1,19.5,2490,20.2,0.601,0.423,0.532,1.2,9.3,5.3,26.1,1.7,0.3,13,24.3,7.7,1.7,9.5,0.182,5,-1.9,3.1,3.2
2009/2010,57700000,67649793.99,457588,San Antonio Spurs,27,SAS,Texas,West,Southwest,50,32,0.61,101.4,96.3,5.07,DeJuan Blair,PF,20,850000,1009404,82,23,18.2,3.4,6,0.556,0,0,0,3.4,6,0.558,0.556,1.1,2,0.547,2.4,4,6.4,0.8,0.6,0.5,1.4,2.7,7.8,1494,17.7,0.564,0.004,0.325,16,25.1,20.6,7.1,1.8,1.9,16.5,20.8,1.8,2.8,4.6,0.147,-0.7,1.4,0.7,1
2009/2010,57700000,67649793.99,457588,#N/A,#N/A,TOT,#N/A,#N/A,#N/A,#N/A,#N/A,#N/A,#N/A,#N/A,#N/A,Steve Blake,PG,29,4930000,5854547,80,38,27,2.7,6.5,0.416,1.5,3.7,0.395,1.3,2.9,0.443,0.527,0.5,0.6,0.75,0.3,2.1,2.3,4.8,0.7,0.1,1.6,1.5,7.3,2159,11.6,0.539,0.563,0.092,1.2,9.4,5.2,26.9,1.4,0.2,19.1,14.5,1.9,1.4,3.3,0.074,0.1,-1.6,-1.5,0.3
2009/2010,57700000,67649793.99,457588,Portland Trail Blazers,25,POR,Oregon,West,Northwest,50,32,0.61,98.1,94.8,3.18,Steve Blake,PG,29,4930000,5854547,51,28,27.4,2.8,7,0.403,1.5,4.1,0.377,1.3,2.9,0.439,0.513,0.5,0.6,0.75,0.3,2,2.3,4,0.7,0,1.3,1.6,7.6,1397,11.2,0.526,0.583,0.09,1.3,9.2,5.2,22.5,1.4,0.1,15,14.8,1.3,1.1,2.4,0.082,0.7,-1,-0.3,0.6
2009/2010,57700000,67649793.99,457588,Los Angeles Clippers,13,LAC,California,West,Pacific,29,53,0.354,95.7,102.1,-6.01,Steve Blake,PG,29,4930000,5854547,29,10,26.3,2.6,5.8,0.443,1.3,3,0.437,1.2,2.8,0.45,0.557,0.4,0.6,0.75,0.2,2.2,2.4,6.1,0.7,0.1,2.2,1.3,6.8,762,12.3,0.569,0.521,0.096,0.9,9.6,5.2,34.9,1.4,0.4,26.6,14.1,0.6,0.3,0.9,0.058,-1.1,-2.6,-3.7,-0.3
2009/2010,57700000,67649793.99,457588,Washington Wizards,30,WAS,Washington DC,East,Southeast,26,56,0.317,96.2,101,-4.72,Andray Blatche,PF,23,3000000,3562605,81,36,27.9,5.9,12.3,0.478,0.2,0.5,0.295,5.7,11.8,0.487,0.485,2.1,2.9,0.744,2,4.3,6.3,2.1,1,0.9,2.2,2.7,14.1,2256,17.6,0.519,0.044,0.234,7.9,18.2,13,13.8,2,2.4,14.2,25.8,0.8,2.6,3.4,0.073,-0.6,1.2,0.6,1.5
2009/2010,57700000,67649793.99,457588,San Antonio Spurs,27,SAS,Texas,West,Southwest,50,32,0.61,101.4,96.3,5.07,Keith Bogans,SF,29,1033342,1227129,79,50,19.7,1.5,3.8,0.403,0.9,2.5,0.357,0.6,1.3,0.49,0.52,0.5,0.6,0.74,0.3,1.9,2.2,1.2,0.6,0.2,0.7,2,4.4,1559,7.7,0.542,0.658,0.168,1.9,11.2,6.6,8.5,1.5,0.6,14.2,11,0.7,1.9,2.6,0.081,-1,1.1,0.1,0.8
2009/2010,57700000,67649793.99,457588,Milwaukee Bucks,17,MIL,Wisconsin,East,Central,46,36,0.561,97.7,96,1.37,Andrew Bogut,C,25,10000000,11875350,69,69,32.3,6.9,13.2,0.52,0,0,0,6.9,13.2,0.521,0.52,2.2,3.4,0.629,3,7.1,10.2,1.8,0.6,2.5,1.9,3.2,15.9,2229,20.7,0.54,0.002,0.26,10.1,26.4,17.9,10.3,0.9,6.2,11.4,23.3,2.6,4.8,7.5,0.161,-0.9,4.3,3.4,3
2009/2010,57700000,67649793.99,457588,San Antonio Spurs,27,SAS,Texas,West,Southwest,50,32,0.61,101.4,96.3,5.07,Matt Bonner,PF,29,3240380,3848064,65,8,17.9,2.6,5.7,0.446,1.4,3.6,0.39,1.2,2.2,0.539,0.567,0.5,0.7,0.729,0.8,2.5,3.3,1,0.5,0.4,0.6,1.7,7,1161,14.9,0.581,0.621,0.129,5.3,16.1,10.8,9,1.4,1.5,9,17,2.1,1.6,3.7,0.153,2.1,0.5,2.5,1.3
2009/2010,57700000,67649793.99,457588,New Jersey Nets,3,NJN,New Jersey,East,Atlantic,12,70,0.146,92.4,101.5,-8.93,Josh Boone,PF,25,2056968,2442721,63,28,16.6,1.9,3.5,0.525,0,0,,1.9,3.5,0.525,0.525,0.3,0.9,0.328,2,3,5,0.5,0.5,0.8,0.6,1.8,4,1045,13.7,0.509,0,0.26,13.1,22,17.4,4.6,1.5,3.4,13,12.5,0.7,1.1,1.8,0.084,-3,1.1,-1.9,0
2009/2010,57700000,67649793.99,457588,Utah Jazz,29,UTA,Utah,West,Northwest,53,29,0.646,104.2,98.9,5.33,Carlos Boozer,PF,28,13520500,16056067,78,78,34.3,7.9,14.1,0.562,0,0,,7.9,14.1,0.562,0.562,3.7,4.9,0.742,2.3,8.9,11.2,3.2,1.1,0.5,2.7,3.5,19.5,2673,21.3,0.599,0,0.35,8.2,29.9,19.4,15.8,1.6,1.1,14.3,24.8,5.3,4.6,9.9,0.178,1.5,2,3.5,3.7
2009/2010,57700000,67649793.99,457588,Toronto Raptors,28,TOR,Ontario,East,Atlantic,40,42,0.488,104.1,105.9,-1.83,Chris Bosh,C,25,15779912,18739198,70,70,36.1,8.6,16.5,0.518,0.1,0.3,0.364,8.5,16.2,0.521,0.522,6.7,8.4,0.797,2.9,7.9,10.8,2.4,0.6,1,2.4,2.4,24,2526,25,0.592,0.019,0.509,9.9,25.2,17.7,11.5,0.9,2.1,10.7,28.7,7.9,1.7,9.6,0.182,3,-0.7,2.3,2.7
2009/2010,57700000,67649793.99,457588,Oklahoma City Thunder,21,OKC,Oklahoma,West,Northwest,50,32,0.61,101.5,98,3.55,Ryan Bowen,SF,34,209592,248897,1,0,8,1,1,1,0,0,,1,1,1,1,2,2,1,1,1,2,0,1,0,0,2,4,8,31.3,1.064,0,2,14.7,14,14.3,0,6.4,0,0,10.5,0.1,0,0.1,0.509,8.3,-0.2,8.1,0
2009/2010,57700000,67649793.99,457588,Washington Wizards,30,WAS,Washington DC,East,Southeast,26,56,0.317,96.2,101,-4.72,Earl Boykins,PG,33,1191180,1414568,67,1,16.7,2.6,6,0.427,0.3,0.9,0.317,2.3,5.1,0.446,0.45,1.1,1.3,0.865,0.3,0.9,1.1,2.6,0.4,0,1,0.7,6.6,1117,12.9,0.498,0.149,0.221,1.7,6.1,3.9,25.3,1.1,0.2,13.5,20.7,0.6,0.3,1,0.042,-1.4,-3.3,-4.7,-0.8
2009/2010,57700000,67649793.99,457588,Philadelphia 76ers,23,PHI,Pennsylvania,East,Atlantic,27,55,0.329,97.7,101.6,-3.93,Elton Brand,PF,30,14858471,17644955,76,57,30.2,5.4,11.3,0.48,0,0,0,5.4,11.3,0.481,0.48,2.3,3.1,0.738,2.4,3.7,6.1,1.4,1.1,1.1,1.7,3.1,13.1,2297,15.7,0.518,0.001,0.272,9,14.7,11.8,7.9,1.9,2.7,12,21.7,1.6,1.9,3.5,0.073,-1.2,0.2,-1.1,0.5
2009/2010,57700000,67649793.99,457588,Minnesota Timberwolves,18,MIN,Minnesota,West,Northwest,15,67,0.183,98.2,107.8,-9.06,Corey Brewer,SG,23,2916120,3462994,82,82,30.3,5,11.6,0.431,1,2.9,0.346,4,8.7,0.459,0.474,2,3.1,0.648,0.9,2.5,3.4,2.4,1.4,0.4,2,2.7,13,2482,12.1,0.502,0.25,0.27,3.1,9.6,6.3,12.5,2.4,0.9,13.4,21.5,-0.4,1.4,1,0.02,-1,-0.6,-1.6,0.2
2009/2010,57700000,67649793.99,457588,#N/A,#N/A,TOT,#N/A,#N/A,#N/A,#N/A,#N/A,#N/A,#N/A,#N/A,#N/A,Ronnie Brewer,SG,24,2717161,3226723,58,53,30,3.6,7.4,0.487,0.1,0.5,0.258,3.5,6.9,0.505,0.497,1.5,2.3,0.639,0.8,2.4,3.2,2.7,1.6,0.3,0.9,1.4,8.8,1742,12.5,0.524,0.072,0.31,3.1,9.4,6.4,12.7,2.7,0.7,9.8,13.9,1.6,2.2,3.7,0.103,-0.5,1.6,1.1,1.4
2009/2010,57700000,67649793.99,457588,Utah Jazz,29,UTA,Utah,West,Northwest,53,29,0.646,104.2,98.9,5.33,Ronnie Brewer,SG,24,2717161,3226723,53,53,31.4,3.9,7.8,0.495,0.2,0.6,0.258,3.7,7.3,0.514,0.505,1.5,2.4,0.633,0.8,2.6,3.4,2.8,1.6,0.3,1,1.5,9.5,1662,12.8,0.53,0.075,0.308,3.2,9.4,6.4,13.1,2.6,0.7,9.7,14.1,1.7,2.1,3.8,0.108,-0.3,1.6,1.3,1.4
2009/2010,57700000,67649793.99,457588,Memphis Grizzlies,15,MEM,Tennessee,West,Southwest,40,42,0.488,102.5,104,-1.39,Ronnie Brewer,SG,24,2717161,3226723,5,0,16,0.6,2.6,0.231,0,0,,0.6,2.6,0.231,0.231,0.8,1,0.8,0.2,1.2,1.4,0.6,1.2,0,0.4,0,2,80,5.9,0.329,0,0.385,1.5,8.8,5.1,4.9,3.8,0,11.6,9.4,-0.1,0.1,0,-0.01,-5.2,1.5,-3.7,0
2009/2010,57700000,67649793.99,457588,#N/A,#N/A,TOT,#N/A,#N/A,#N/A,#N/A,#N/A,#N/A,#N/A,#N/A,#N/A,Primoz Brezec,C,30,1107572,1315280,21,0,4.5,0.4,1.2,0.346,0,0,,0.4,1.2,0.346,0.346,0,0.3,0.167,0.6,0.6,1.2,0,0,0.1,0.1,0.9,0.9,95,4.9,0.332,0,0.231,14.2,16.3,15.2,1.6,0.6,2.5,6.5,14.6,-0.1,0.1,0,-0.007,-7.2,-2.4,-9.5,-0.2
2009/2010,57700000,67649793.99,457588,Philadelphia 76ers,23,PHI,Pennsylvania,East,Atlantic,27,55,0.329,97.7,101.6,-3.93,Primoz Brezec,C,30,1107572,1315280,7,0,5.1,0.3,1.9,0.154,0,0,,0.3,1.9,0.154,0.154,0.1,0.3,0.5,0.9,0.9,1.7,0,0.1,0.1,0,1.3,0.7,36,0.4,0.18,0,0.154,19.4,20,19.6,0,1.5,2.2,0,17.6,-0.1,0,-0.1,-0.113,-10.7,-6,-16.7,-0.1
2009/2010,57700000,67649793.99,457588,Milwaukee Bucks,17,MIL,Wisconsin,East,Central,46,36,0.561,97.7,96,1.37,Primoz Brezec,C,30,1107572,1315280,14,0,4.2,0.5,0.9,0.538,0,0,,0.5,0.9,0.538,0.538,0,0.3,0,0.4,0.5,0.9,0.1,0,0.1,0.1,0.7,1,59,7.6,0.474,0,0.308,11,14.2,12.5,2.6,0,2.7,11.9,12.9,0,0.1,0.1,0.057,-5,-0.2,-5.2,0
2009/2010,57700000,67649793.99,457588,Sacramento Kings,26,SAC,California,West,Pacific,25,57,0.305,100,104.4,-4.06,Jon Brockman,PF,22,457588,543401,52,4,12.6,1.1,2,0.534,0,0,,1.1,2,0.534,0.534,0.7,1.2,0.597,2,2.1,4.1,0.4,0.3,0.1,0.4,2.2,2.8,654,12.4,0.564,0,0.602,18.2,19.2,18.7,4.8,1.2,0.6,15,10.4,1.2,0.5,1.7,0.125,-0.4,-0.4,-0.8,0.2
2009/2010,57700000,67649793.99,457588,Houston Rockets,11,HOU,Texas,West,Southwest,42,40,0.512,102.4,102.7,-0.02,Aaron Brooks,PG,25,1118520,1328281,82,82,35.6,7,16.2,0.432,2.5,6.4,0.398,4.5,9.8,0.454,0.511,3,3.6,0.822,0.7,2,2.6,5.3,0.8,0.2,2.8,2.4,19.6,2919,16,0.549,0.394,0.224,2,6.6,4.2,25.6,1.2,0.3,13.7,25.7,3.9,1.6,5.5,0.091,2.7,-2.5,0.2,1.6
2009/2010,57700000,67649793.99,457588,#N/A,#N/A,TOT,#N/A,#N/A,#N/A,#N/A,#N/A,#N/A,#N/A,#N/A,#N/A,Bobby Brown,PG,25,736420,874524,45,0,11.5,2,5.3,0.371,0.6,2.2,0.265,1.4,3.1,0.446,0.426,0.3,0.3,0.867,0.2,0.6,0.8,2,0.3,0,1,0.9,4.8,519,9.3,0.441,0.414,0.063,2,6.6,4.3,27.5,1.5,0.1,15.9,25.4,-0.7,0.2,-0.5,-0.05,-2.6,-4,-6.6,-0.6
2009/2010,57700000,67649793.99,457588,New Orleans Hornets,19,NOH,Louisiana,West,Southwest,37,45,0.451,100.2,102.7,-2.27,Bobby Brown,PG,25,736420,874524,22,0,14.9,2.7,6.9,0.395,0.8,3,0.258,2,3.9,0.5,0.451,0.4,0.4,1,0,0.8,0.8,2.1,0.4,0,1.1,1.3,6.6,328,10,0.466,0.434,0.053,0.4,6.2,3.2,22.7,1.4,0.2,13.4,25,-0.3,0.1,-0.2,-0.026,-2.1,-4.3,-6.3,-0.4
2009/2010,57700000,67649793.99,457588,Los Angeles Clippers,13,LAC,California,West,Pacific,29,53,0.354,95.7,102.1,-6.01,Bobby Brown,PG,25,736420,874524,23,0,8.3,1.2,3.7,0.329,0.4,1.4,0.281,0.8,2.3,0.358,0.382,0.2,0.3,0.714,0.3,0.5,0.9,1.8,0.3,0,1,0.6,3,191,8.2,0.397,0.376,0.082,4.8,7.3,6.1,35.7,1.6,0,20,26.1,-0.4,0.1,-0.4,-0.092,-3.4,-3.6,-7,-0.2
2009/2010,57700000,67649793.99,457588,Charlotte Bobcats,4,CHA,North Carolina,East,Southeast,44,38,0.537,95.3,93.8,1.3,Derrick Brown,SF,22,457588,543401,57,0,9.4,1.2,2.6,0.463,0,0.1,0.286,1.2,2.5,0.471,0.469,0.8,1.3,0.667,0.5,0.8,1.4,0.3,0.4,0.2,0.3,0.9,3.3,535,12.6,0.52,0.048,0.49,7.1,10.4,8.8,6,2.1,1.5,9.6,17.2,0.5,0.8,1.3,0.114,-2.5,0.3,-2.2,0
2009/2010,57700000,67649793.99,457588,#N/A,#N/A,TOT,#N/A,#N/A,#N/A,#N/A,#N/A,#N/A,#N/A,#N/A,#N/A,Devin Brown,SG,31,1100000,1306288,50,37,21.2,2.7,7.2,0.377,1.2,3.3,0.354,1.6,3.9,0.396,0.457,1.4,1.7,0.802,0.6,1.9,2.5,1.3,0.7,0.1,1.2,1.4,8,1060,10,0.5,0.454,0.238,3.2,10.6,6.8,9.1,1.6,0.4,13.5,19.8,-0.2,0.6,0.4,0.017,-1.6,-1.4,-3,-0.3
2009/2010,57700000,67649793.99,457588,New Orleans Hornets,19,NOH,Louisiana,West,Southwest,37,45,0.451,100.2,102.7,-2.27,Devin Brown,SG,31,1100000,1306288,39,37,24.8,3.3,8.3,0.394,1.4,3.8,0.367,1.9,4.6,0.416,0.477,1.8,2.2,0.802,0.7,2.1,2.8,1.5,0.8,0.1,1.5,1.6,9.7,967,10.9,0.522,0.452,0.265,3.2,10.1,6.6,9,1.6,0.4,13.6,19.8,0.1,0.5,0.6,0.031,-1,-1.5,-2.5,-0.1
2009/2010,57700000,67649793.99,457588,Chicago Bulls,5,CHI,Illinois,East,Central,41,41,0.5,97.5,99.1,-1.64,Devin Brown,SG,31,1100000,1306288,11,0,8.5,0.7,3.3,0.222,0.4,1.5,0.235,0.4,1.7,0.211,0.278,0,0,,0.2,1.2,1.4,0.6,0.3,0.1,0.5,0.9,1.8,93,0.4,0.278,0.472,0,2.4,15.3,9,10.9,1.7,0.8,12.2,19.8,-0.4,0.1,-0.3,-0.129,-8,-0.9,-8.9,-0.2
2009/2010,57700000,67649793.99,457588,Detroit Pistons,9,DET,Michigan,East,Central,27,55,0.329,94,99.1,-5.02,Kwame Brown,C,27,4100000,4868893,48,1,13.8,1.3,2.6,0.5,0,0,0,1.3,2.6,0.504,0.5,0.7,2,0.337,1.1,2.6,3.7,0.5,0.3,0.3,0.9,1.9,3.3,660,7.9,0.47,0.008,0.79,9.1,24.3,16.2,5.1,1.2,1.5,20.5,14.7,-0.6,0.5,-0.1,-0.009,-5.3,-0.3,-5.6,-0.6
2009/2010,57700000,67649793.99,457588,Los Angeles Lakers,14,LAL,California,West,Pacific,57,25,0.695,101.7,97,4.78,Shannon Brown,SG,24,2000000,2375070,82,7,20.7,3.1,7.2,0.427,0.8,2.3,0.328,2.3,4.9,0.474,0.48,1.2,1.5,0.818,0.4,1.9,2.2,1.3,0.7,0.4,0.8,1.6,8.1,1700,12.4,0.517,0.319,0.204,2,10,6,9.9,1.7,1.4,9.4,18.8,1.1,2.3,3.4,0.096,-1.3,-0.1,-1.4,0.3
2009/2010,57700000,67649793.99,457588,Los Angeles Lakers,14,LAL,California,West,Pacific,57,25,0.695,101.7,97,4.78,Kobe Bryant,SG,31,23034375,27354127,73,73,38.8,9.8,21.5,0.456,1.4,4.1,0.329,8.5,17.4,0.487,0.488,6,7.4,0.811,1.1,4.3,5.4,5,1.5,0.3,3.2,2.6,27,2835,21.9,0.545,0.192,0.345,3.1,12.2,7.7,23.8,2.1,0.5,11.4,32.3,5.4,4,9.4,0.16,3.6,-0.1,3.6,4
2009/2010,57700000,67649793.99,457588,Houston Rockets,11,HOU,Texas,West,Southwest,42,40,0.512,102.4,102.7,-0.02,Chase Budinger,SF,21,457588,543401,74,4,20.1,3.4,7.6,0.441,1.2,3.4,0.369,2.1,4.3,0.497,0.522,0.9,1.2,0.77,0.5,2.5,3,1.2,0.5,0.1,0.6,1.1,8.9,1488,14.1,0.545,0.441,0.154,2.8,14.6,8.5,9.7,1.2,0.5,7.4,19.4,1.9,1.2,3.1,0.1,0.3,-1.5,-1.1,0.3
2009/2010,57700000,67649793.99,457588,#N/A,#N/A,TOT,#N/A,#N/A,#N/A,#N/A,#N/A,#N/A,#N/A,#N/A,#N/A,Caron Butler,SF-SG,29,9780970,11615244,74,74,37.6,6.1,14.2,0.428,0.6,2,0.29,5.5,12.2,0.45,0.448,3.6,4.3,0.838,1.4,4.8,6.2,2.1,1.6,0.3,2.2,2.6,16.3,2783,13.7,0.507,0.138,0.3,4.3,14.9,9.5,9.2,2.2,0.7,11.9,22.1,0.6,2.9,3.5,0.061,-1.1,0.4,-0.6,1
2009/2010,57700000,67649793.99,457588,Washington Wizards,30,WAS,Washington DC,East,Southeast,26,56,0.317,96.2,101,-4.72,Caron Butler,SF,29,9780970,11615244,47,47,39.4,6.2,14.8,0.422,0.5,2,0.263,5.7,12.7,0.447,0.44,3.9,4.5,0.877,1.4,5.3,6.7,2.3,1.4,0.3,2.4,2.7,16.9,1853,13.5,0.506,0.137,0.304,4.2,15.6,9.8,9.6,1.9,0.6,12.6,22,0.4,1.7,2.1,0.054,-1,0.3,-0.8,0.6
2009/2010,57700000,67649793.99,457588,Dallas Mavericks,7,DAL,Texas,West,Southwest,55,27,0.671,102,99.3,2.66,Caron Butler,SG,29,9780970,11615244,27,27,34.4,5.8,13.2,0.44,0.6,1.9,0.34,5.2,11.4,0.456,0.464,2.9,3.9,0.76,1.3,4,5.4,1.8,1.8,0.3,1.7,2.5,15.2,930,14.2,0.509,0.14,0.291,4.5,13.3,8.9,8.5,2.7,0.7,10.5,22.3,0.2,1.2,1.4,0.075,-1.1,0.8,-0.3,0.4
2009/2010,57700000,67649793.99,457588,Los Angeles Clippers,13,LAC,California,West,Pacific,29,53,0.354,95.7,102.1,-6.01,Rasual Butler,SF,30,3945000,4684825,82,64,33,4.3,10.6,0.409,1.8,5.3,0.336,2.6,5.3,0.482,0.493,1.5,1.8,0.841,0.5,2.5,2.9,1.4,0.4,0.8,1,1.5,11.9,2702,10.7,0.524,0.497,0.167,1.7,8.7,5.1,6.8,0.7,1.9,7.8,17,1.8,0.9,2.7,0.048,-0.4,-1.1,-1.6,0.3
2009/2010,57700000,67649793.99,457588,Los Angeles Lakers,14,LAL,California,West,Pacific,57,25,0.695,101.7,97,4.78,Andrew Bynum,C,22,12526998,14876249,65,65,30.4,6,10.6,0.57,0,0,0,6,10.6,0.571,0.57,3,4,0.739,2.7,5.6,8.3,1,0.5,1.4,1.8,3,15,1977,20.2,0.608,0.001,0.379,10.1,20.4,15.3,5.8,0.9,3.6,12.5,20.8,4.4,3.4,7.8,0.188,0.2,1.3,1.4,1.7
2009/2010,57700000,67649793.99,457588,Detroit Pistons,9,DET,Michigan,East,Central,27,55,0.329,94,99.1,-5.02,Will Bynum,PG,27,825497,980306,63,20,26.5,3.8,8.5,0.444,0.2,0.9,0.218,3.6,7.6,0.47,0.455,2.3,2.8,0.798,0.4,1.9,2.3,4.5,0.9,0.1,1.8,2.3,10,1667,13.8,0.513,0.103,0.333,1.6,9.2,5.2,28.2,1.8,0.4,15.8,20.1,1.3,0.6,1.9,0.054,-0.6,-2,-2.5,-0.2
2009/2010,57700000,67649793.99,457588,Toronto Raptors,28,TOR,Ontario,East,Atlantic,40,42,0.488,104.1,105.9,-1.83,Jose Calderon,PG,28,8219009,9760361,68,39,26.7,4,8.4,0.482,1,2.5,0.398,3,5.8,0.519,0.542,1.2,1.5,0.798,0.3,1.8,2.1,5.9,0.7,0.1,1.5,2,10.3,1817,16.5,0.569,0.301,0.183,1.5,7.5,4.6,33.8,1.3,0.3,13.9,17.9,4.2,0,4.2,0.111,2.7,-3.4,-0.6,0.6
2009/2010,57700000,67649793.99,457588,#N/A,#N/A,TOT,#N/A,#N/A,#N/A,#N/A,#N/A,#N/A,#N/A,#N/A,#N/A,Marcus Camby,PF-C,35,7650000,9084643,74,74,31.3,3.2,6.8,0.475,0,0.1,0.286,3.2,6.7,0.478,0.477,1.1,1.6,0.639,3.4,8.4,11.8,2.5,1.3,2,1.2,2.2,7.5,2314,17.9,0.501,0.014,0.244,12.7,31.9,22.2,12.3,2.2,4.8,14.1,12.8,2.5,4.3,6.8,0.142,-1,5.5,4.5,3.8
2009/2010,57700000,67649793.99,457588,Los Angeles Clippers,13,LAC,California,West,Pacific,29,53,0.354,95.7,102.1,-6.01,Marcus Camby,PF,35,7650000,9084643,51,51,31.3,3.3,7,0.466,0,0.1,0.333,3.2,6.9,0.469,0.469,1.2,1.8,0.659,3.3,8.8,12.1,3,1.4,1.9,1.3,2.1,7.7,1596,18.3,0.497,0.017,0.256,12,32.9,22.4,14.4,2.2,4.6,13.9,13,1.7,2.8,4.6,0.137,-1,5.6,4.6,2.7
2009/2010,57700000,67649793.99,457588,Portland Trail Blazers,25,POR,Oregon,West,Northwest,50,32,0.61,98.1,94.8,3.18,Marcus Camby,C,35,7650000,9084643,23,23,31.2,3.1,6.3,0.497,0,0,0,3.1,6.3,0.5,0.497,0.8,1.3,0.581,3.6,7.5,11.1,1.5,1.1,2,1.2,2.4,7,718,17,0.511,0.007,0.214,14.2,29.9,22,7.5,2,5.2,14.5,12.3,0.8,1.5,2.3,0.152,-0.9,5.3,4.5,1.2
2009/2010,57700000,67649793.99,457588,Minnesota Timberwolves,18,MIN,Minnesota,West,Northwest,15,67,0.183,98.2,107.8,-9.06,Brian Cardinal,PF,32,6750000,8015861,29,0,9.2,0.5,1.2,0.389,0.1,0.3,0.333,0.4,0.9,0.407,0.431,0.6,0.6,0.944,0.2,0.8,1,0.8,0.3,0.1,0.2,1.9,1.7,267,6.9,0.546,0.25,0.5,2.9,9.4,6.1,12.3,1.7,0.8,13.7,8.3,0.3,0.1,0.4,0.071,-2.5,-0.4,-2.9,-0.1
2009/2010,57700000,67649793.99,457588,Philadelphia 76ers,23,PHI,Pennsylvania,East,Atlantic,27,55,0.329,97.7,101.6,-3.93,Rodney Carney,SG,25,855189,1015566,68,0,12.6,1.7,4.1,0.401,0.6,2,0.304,1.1,2.2,0.49,0.473,0.8,0.9,0.825,0.4,1.6,2,0.5,0.4,0.3,0.3,1.2,4.7,857,12.7,0.515,0.479,0.223,3.5,15.5,9.4,6.7,1.5,1.8,6.3,17.6,0.9,0.6,1.5,0.082,-0.8,-1.9,-2.7,-0.1
2009/2010,57700000,67649793.99,457588,Memphis Grizzlies,15,MEM,Tennessee,West,Southwest,40,42,0.488,102.5,104,-1.39,DeMarre Carroll,SF,23,1009680,1199030,71,1,11.2,1.2,3.1,0.396,0,0.1,0,1.2,3,0.407,0.396,0.5,0.7,0.623,0.7,1.4,2.1,0.5,0.4,0.1,0.3,1.5,2.9,795,8.5,0.426,0.027,0.239,7.8,14.3,11,5.9,1.8,0.9,8.9,14.8,-0.1,0.6,0.5,0.031,-3.4,-0.7,-4.1,-0.4
2009/2010,57700000,67649793.99,457588,Dallas Mavericks,7,DAL,Texas,West,Southwest,55,27,0.671,102,99.3,2.66,Matt Carroll,SG,29,4700000,5581414,25,0,4.8,0.7,2,0.36,0.2,0.8,0.211,0.6,1.2,0.452,0.4,0.2,0.2,1,0.2,0.3,0.5,0.2,0.2,0,0.3,0.5,1.8,121,7.1,0.437,0.38,0.12,3.8,7.5,5.7,7.7,2.1,0,11.7,22.7,-0.2,0.1,-0.1,-0.029,-4.1,-2.5,-6.6,-0.1
2009/2010,57700000,67649793.99,457588,Denver Nuggets,8,DEN,Colorado,West,Northwest,53,29,0.646,106.5,102.4,4.15,Anthony Carter,PG,34,1306455,1551461,54,7,15.9,1.4,3.4,0.42,0.3,1.2,0.27,1.1,2.2,0.5,0.467,0.2,0.2,0.846,0.3,1.3,1.6,3,0.7,0.2,1.1,1.3,3.3,859,10.3,0.482,0.348,0.072,2.3,9.6,6,26.6,2.3,1.1,23.7,12.6,0.1,0.8,0.9,0.051,-2,-0.2,-2.2,0
2009/2010,57700000,67649793.99,457588,Orlando Magic,22,ORL,Florida,East,Southeast,59,23,0.72,102.8,95.3,7.12,Vince Carter,SG,33,16300000,19356821,75,74,30.8,5.8,13.5,0.428,1.6,4.3,0.367,4.2,9.2,0.456,0.486,3.4,4.1,0.84,0.4,3.5,3.9,3.1,0.7,0.2,1.4,2.5,16.6,2310,17.1,0.541,0.319,0.301,1.7,12.6,7.3,17.8,1.2,0.6,8.4,25.2,4.4,3,7.4,0.154,1.9,-0.1,1.7,2.2
2009/2010,57700000,67649793.99,457588,Sacramento Kings,26,SAC,California,West,Pacific,25,57,0.305,100,104.4,-4.06,Omri Casspi,SF,21,1167000,1385853,77,31,25.1,3.9,8.7,0.446,1,2.6,0.369,2.9,6.1,0.48,0.502,1.5,2.3,0.672,1,3.6,4.5,1.2,0.7,0.2,1.3,1.6,10.3,1931,13,0.529,0.302,0.259,4.4,16.5,10.4,7.7,1.4,0.6,11.6,19.4,1.1,1.4,2.5,0.063,-1,-1.1,-2.1,-0.1
2009/2010,57700000,67649793.99,457588,Miami Heat,16,MIA,Florida,East,Southeast,47,35,0.573,96.5,94.2,1.99,Mario Chalmers,PG,23,773500,918558,73,22,24.8,2.5,6.2,0.401,1,3.2,0.318,1.5,3,0.491,0.483,1.1,1.5,0.745,0.3,1.5,1.8,3.4,1.2,0.2,1.7,2.4,7.1,1807,10.7,0.519,0.52,0.242,1.6,7.1,4.4,21,2.7,0.5,19.7,16.3,0.3,2.4,2.7,0.072,-0.7,0.3,-0.4,0.7
2009/2010,57700000,67649793.99,457588,Charlotte Bobcats,4,CHA,North Carolina,East,Southeast,44,38,0.537,95.3,93.8,1.3,Tyson Chandler,C,27,11850000,14072290,51,27,22.8,2.1,3.7,0.574,0,0,,2.1,3.7,0.574,0.574,2.3,3.1,0.732,2.2,4,6.3,0.3,0.3,1.1,1.8,2.7,6.5,1163,12.5,0.643,0,0.826,12,21,16.6,2.2,0.8,3.9,26,14,0.9,2,2.9,0.12,-3.2,1.6,-1.6,0.1
2009/2010,57700000,67649793.99,457588,New York Knicks,20,NYK,New York,East,Atlantic,29,53,0.354,102.1,105.9,-4.01,Wilson Chandler,SG,22,1255440,1490879,65,64,35.7,6.3,13.2,0.479,0.6,2.3,0.267,5.7,10.9,0.524,0.502,2,2.5,0.806,1.4,3.9,5.4,2.1,0.7,0.8,1.7,2.8,15.3,2320,13.7,0.534,0.174,0.186,4.5,12.7,8.5,9.8,1,1.6,10.4,20.2,1.8,0.9,2.7,0.057,-1,-0.8,-1.8,0.1
2009/2010,57700000,67649793.99,457588,Phoenix Suns,24,PHO,Arizona,West,Pacific,54,28,0.659,110.2,105.3,4.67,Earl Clark,PF,22,1766280,2097519,51,0,7.5,1.1,3,0.371,0,0.1,0.4,1.1,2.9,0.37,0.377,0.5,0.7,0.722,0.4,0.9,1.2,0.4,0.1,0.3,0.5,0.5,2.7,383,8.5,0.42,0.033,0.238,5.6,12.3,9.1,7.8,0.9,2.4,12.1,21.9,-0.5,0.2,-0.3,-0.033,-5.8,-1.1,-6.9,-0.5
2009/2010,57700000,67649793.99,457588,Phoenix Suns,24,PHO,Arizona,West,Pacific,54,28,0.659,110.2,105.3,4.67,Jarron Collins,C,31,1181803,1403432,34,10,7.7,0.4,0.9,0.387,0,0,,0.4,0.9,0.387,0.387,0.3,0.7,0.4,0.6,1.2,1.8,0.2,0.1,0.1,0.3,1.2,1,261,3.7,0.405,0,0.806,10.1,16.4,13.4,2.9,0.4,0.8,19.2,8.8,-0.1,0.1,0.1,0.01,-3.9,-0.3,-4.2,-0.1
2009/2010,57700000,67649793.99,457588,Atlanta Hawks,1,ATL,Georgia,East,Southeast,53,29,0.646,101.7,97,4.44,Jason Collins,C,31,1181803,1403432,24,0,4.8,0.3,1,0.348,0,0,0,0.3,0.9,0.364,0.348,0,0.1,0,0.2,0.4,0.6,0.2,0.1,0.1,0.2,0.9,0.7,115,0.9,0.335,0.043,0.087,5,9.2,7.1,4.8,1.4,1.3,17.3,11.6,-0.2,0.1,-0.1,-0.044,-6.7,0,-6.7,-0.1
2009/2010,57700000,67649793.99,457588,Los Angeles Clippers,13,LAC,California,West,Pacific,29,53,0.354,95.7,102.1,-6.01,Mardy Collins,SG,25,1867742,2218009,43,0,10.9,1.1,3,0.367,0.1,0.4,0.235,1,2.6,0.387,0.383,0.3,0.5,0.619,0.3,0.9,1.2,1,0.5,0,0.7,1,2.6,470,5.7,0.404,0.133,0.164,3.2,9.2,6.2,14.1,2.5,0.2,18.9,16.3,-0.8,0.3,-0.5,-0.049,-5.7,-0.4,-6.2,-0.5
2009/2010,57700000,67649793.99,457588,New Orleans Hornets,19,NOH,Louisiana,West,Southwest,37,45,0.451,100.2,102.7,-2.27,Darren Collison,PG,22,1266120,1503561,76,37,27.8,4.9,10.4,0.477,0.6,1.5,0.4,4.3,8.9,0.49,0.506,1.9,2.3,0.851,0.5,2,2.5,5.7,1,0.1,2.7,1.2,12.4,2109,16.5,0.546,0.146,0.221,2.2,8.6,5.3,32.9,1.9,0.1,18.9,23.1,1.9,1.1,2.9,0.067,0.2,-1.9,-1.7,0.2
2009/2010,57700000,67649793.99,457588,Oklahoma City Thunder,21,OKC,Oklahoma,West,Northwest,50,32,0.61,101.5,98,3.55,Nick Collison,C,29,6250000,7422094,75,5,20.8,2.4,4.1,0.589,0,0.1,0.25,2.4,4.1,0.593,0.591,1,1.4,0.692,2,3.1,5.1,0.5,0.5,0.6,0.8,3.1,5.9,1557,13.1,0.616,0.013,0.346,11.5,16.7,14.2,3.7,1.2,2.3,15,12.1,2.6,2.2,4.7,0.146,-0.6,1.2,0.6,1
2009/2010,57700000,67649793.99,457588,Memphis Grizzlies,15,MEM,Tennessee,West,Southwest,40,42,0.488,102.5,104,-1.39,Mike Conley,PG,22,3883800,4612148,80,80,32.1,4.6,10.4,0.445,1,2.7,0.387,3.6,7.7,0.464,0.494,1.7,2.3,0.743,0.4,2,2.4,5.3,1.4,0.2,2.1,2.2,12,2569,13.9,0.526,0.255,0.225,1.4,7.3,4.3,24.8,2.2,0.4,15.7,18.4,2.6,1.3,4,0.074,0.7,-1.4,-0.7,0.8
2009/2010,57700000,67649793.99,457588,Houston Rockets,11,HOU,Texas,West,Southwest,42,40,0.512,102.4,102.7,-0.02,Will Conroy,PG,27,48559,57665,5,0,7.2,0.6,2,0.3,0,0.6,0,0.6,1.4,0.429,0.3,0,0.4,0,0,0.6,0.6,1.4,0,0,0.8,1,1.2,36,-2.4,0.276,0.3,0.2,0,9.9,4.8,28,0,0,26.9,18.3,-0.2,0,-0.1,-0.192,-10.2,-3.8,-14,-0.1
2009/2010,57700000,67649793.99,457588,Houston Rockets,11,HOU,Texas,West,Southwest,42,40,0.512,102.4,102.7,-0.02,Brian Cook,PF,29,3500000,4156372,15,0,2.9,0.5,1.5,0.304,0.1,0.6,0.222,0.3,0.9,0.357,0.348,0.3,0.5,0.714,0.1,0.5,0.6,0.1,0,0.1,0.4,0.3,1.4,44,2.4,0.403,0.391,0.304,2.5,21.6,11.7,3.7,0,3.3,18.7,32.2,-0.2,0,-0.2,-0.191,-11.4,-4.4,-15.8,-0.2
2009/2010,57700000,67649793.99,457588,Miami Heat,16,MIA,Florida,East,Southeast,47,35,0.573,96.5,94.2,1.99,Daequan Cook,SG,22,1362120,1617565,45,3,15.4,1.8,5.6,0.32,0.9,2.8,0.317,0.9,2.8,0.323,0.399,0.5,0.6,0.84,0.2,1.6,1.8,1,0.3,0.2,0.5,1.1,5,691,7.5,0.422,0.498,0.099,1.5,12.3,7,9.8,1.1,1.2,8.3,19.6,-0.7,0.8,0.1,0.01,-3.4,-1.1,-4.5,-0.4
2009/2010,57700000,67649793.99,457588,Atlanta Hawks,1,ATL,Georgia,East,Southeast,53,29,0.646,101.7,97,4.44,Jamal Crawford,SG,29,9360000,11115328,79,0,31.1,6.3,14,0.449,2.1,5.4,0.382,4.2,8.6,0.491,0.523,3.4,4,0.857,0.4,2.1,2.5,3,0.8,0.2,1.7,1.7,18,2460,18.4,0.573,0.386,0.285,1.6,8,4.8,16.1,1.3,0.4,9.9,25.8,5.6,1.7,7.3,0.143,3.5,-2.7,0.8,1.8
2009/2010,57700000,67649793.99,457588,Portland Trail Blazers,25,POR,Oregon,West,Northwest,50,32,0.61,98.1,94.8,3.18,Dante Cunningham,PF,22,457588,543401,63,2,11.2,1.7,3.4,0.495,0,0,0,1.7,3.4,0.5,0.495,0.5,0.8,0.646,0.9,1.7,2.5,0.2,0.4,0.3,0.2,1.5,3.9,707,14.3,0.517,0.009,0.224,9.4,18.7,14,3.3,1.9,2.5,6,16.8,0.9,1,1.9,0.129,-2.1,0.2,-1.9,0
2009/2010,57700000,67649793.99,457588,New York Knicks,20,NYK,New York,East,Atlantic,29,53,0.354,102.1,105.9,-4.01,Eddy Curry,C,27,10500423,12469620,7,0,8.9,1.1,3,0.381,0,0,,1.1,3,0.381,0.381,1.4,2.4,0.588,0.6,1.3,1.9,0,0,0.1,1.9,1.9,3.7,62,-1.9,0.456,0,0.81,7.2,16.8,11.9,0,0,1.2,31.3,30.2,-0.4,0,-0.3,-0.258,-15.7,-7.3,-23,-0.3
2009/2010,57700000,67649793.99,457588,Los Angeles Clippers,13,LAC,California,West,Pacific,29,53,0.354,95.7,102.1,-6.01,JamesOn Curry,PG,24,26917,31964,1,0,0,0,0,,0,0,,0,0,,,0,0,,0,0,0,0,0,0,0,0,0,0,,,,,,,,,,,,,0,0,0,,-6.7,-0.2,-6.9,0
2009/2010,57700000,67649793.99,457588,Golden State Warriors,10,GSW,California,West,Pacific,26,56,0.317,108.8,112.4,-3.28,Stephen Curry,PG,21,2710560,3218885,80,77,36.2,6.6,14.3,0.462,2.1,4.8,0.437,4.5,9.5,0.474,0.535,2.2,2.5,0.885,0.6,3.9,4.5,5.9,1.9,0.2,3,3.2,17.5,2896,16.3,0.568,0.332,0.175,1.8,12,6.8,24.6,2.5,0.5,16.5,21.8,3,1.6,4.7,0.077,1.8,-0.7,1,2.2
2009/2010,57700000,67649793.99,457588,Philadelphia 76ers,23,PHI,Pennsylvania,East,Atlantic,27,55,0.329,97.7,101.6,-3.93,Samuel Dalembert,C,28,12025694,14280933,82,80,25.9,3.5,6.4,0.545,0,0,,3.5,6.4,0.545,0.545,1.2,1.6,0.729,2.9,6.6,9.6,0.8,0.5,1.8,1.5,3.1,8.1,2124,16.8,0.573,0,0.254,13.1,30.7,21.8,4.7,1,5.6,17.5,15.1,2.3,3,5.2,0.118,-2.3,1.9,-0.4,0.9
2009/2010,57700000,67649793.99,457588,Dallas Mavericks,7,DAL,Texas,West,Southwest,55,27,0.671,102,99.3,2.66,Erick Dampier,C,34,12115500,14387581,55,47,23.3,2.4,3.9,0.624,0,0.1,0.333,2.4,3.8,0.629,0.627,1.1,1.8,0.604,2.3,4.9,7.3,0.6,0.3,1.4,1.1,2.8,6,1280,14,0.637,0.014,0.474,11.6,24.1,17.9,3.5,0.6,4.5,19.2,11.4,1.8,2,3.7,0.14,-1.7,2.4,0.7,0.9
2009/2010,57700000,67649793.99,457588,Boston Celtics,2,BOS,Massachusetts,East,Atlantic,50,32,0.61,99.2,95.6,3.37,Marquis Daniels,SF,29,1990000,2363194,51,4,18.4,2.4,4.9,0.498,0.1,0.5,0.214,2.3,4.3,0.534,0.51,0.7,1.1,0.607,0.5,1.3,1.9,1.3,0.5,0.1,0.8,1.8,5.6,937,9.6,0.526,0.112,0.225,3.6,8.7,6.2,11.1,1.5,0.5,13.3,15.8,0.2,1,1.3,0.064,-2.5,-0.1,-2.5,-0.1
2009/2010,57700000,67649793.99,457588,Los Angeles Clippers,13,LAC,California,West,Pacific,29,53,0.354,95.7,102.1,-6.01,Baron Davis,PG,30,12150000,14428550,75,73,33.6,5.5,13.5,0.406,1.1,3.9,0.277,4.4,9.6,0.459,0.446,3.2,3.9,0.821,0.7,2.9,3.5,8,1.7,0.6,2.8,2.8,15.3,2523,17.4,0.501,0.292,0.287,2.4,9.9,6.1,39.6,2.6,1.3,15.6,24.3,2.5,2.1,4.5,0.086,2,-0.5,1.5,2.3
2009/2010,57700000,67649793.99,457588,Boston Celtics,2,BOS,Massachusetts,East,Atlantic,50,32,0.61,99.2,95.6,3.37,Glen Davis,PF,24,3000000,3562605,54,1,17.3,2.3,5.2,0.437,0,0.1,0,2.3,5.1,0.444,0.437,1.8,2.6,0.696,1.9,1.9,3.8,0.6,0.4,0.3,1,2.4,6.3,933,11.5,0.5,0.014,0.495,13.7,13.3,13.5,5.9,1.2,1.2,13.5,19.7,0.5,1.2,1.6,0.084,-2.5,-0.5,-3,-0.2
2009/2010,57700000,67649793.99,457588,Washington Wizards,30,WAS,Washington DC,East,Southeast,26,56,0.317,96.2,101,-4.72,Paul Davis,PF,25,80488,95582,2,0,4,1,2,0.5,0,0,,1,2,0.5,0.5,0.5,1,0.5,0,0,0,1.5,0,0.5,0,0,2.5,8,33.3,0.512,0,0.5,0,0,0,73.8,0,9.5,0,27.6,0,0,0,0.295,4.5,-9.2,-4.7,0
2009/2010,57700000,67649793.99,457588,Los Angeles Clippers,13,LAC,California,West,Pacific,29,53,0.354,95.7,102.1,-6.01,Ricky Davis,SF,30,2484000,2949837,36,2,13.9,1.7,4,0.434,0.4,1.2,0.381,1.3,2.8,0.455,0.49,0.5,0.9,0.581,0.3,1.3,1.6,1.1,0.3,0.1,0.8,1.1,4.4,499,8.5,0.504,0.294,0.217,2.3,11,6.6,12.3,1.1,0.4,15.6,16.8,-0.1,0.2,0.1,0.005,-3.4,-1.8,-5.1,-0.4
2009/2010,57700000,67649793.99,457588,Detroit Pistons,9,DET,Michigan,East,Central,27,55,0.329,94,99.1,-5.02,Austin Daye,SF,21,1677840,1992493,69,4,13.3,2,4.3,0.464,0.4,1.4,0.305,1.6,2.9,0.54,0.514,0.7,0.8,0.821,0.5,2,2.5,0.5,0.4,0.4,0.7,1.7,5.1,915,12.8,0.546,0.322,0.19,4.2,19.8,11.5,6.3,1.5,2.4,13.1,18.5,0.6,0.7,1.3,0.067,-1.9,-0.8,-2.7,-0.2
2009/2010,57700000,67649793.99,457588,Milwaukee Bucks,17,MIL,Wisconsin,East,Central,46,36,0.561,97.7,96,1.37,Carlos Delfino,SF,27,3500000,4156372,75,66,30.4,4,9.8,0.408,1.8,4.9,0.367,2.2,4.9,0.45,0.5,1.2,1.6,0.782,0.7,4.6,5.3,2.7,1.1,0.3,1.6,1.8,11,2279,12.9,0.526,0.499,0.163,2.4,18,9.8,14,1.8,0.7,13.2,18,1.1,3.7,4.8,0.101,-0.1,1.8,1.6,2.1
2009/2010,57700000,67649793.99,457588,Chicago Bulls,5,CHI,Illinois,East,Central,41,41,0.5,97.5,99.1,-1.64,Luol Deng,SF,24,10370425,12315243,70,69,37.9,6.8,14.5,0.466,0.5,1.2,0.386,6.3,13.3,0.474,0.482,3.6,4.7,0.764,1.9,5.4,7.3,2,0.9,0.9,1.9,1.8,17.6,2651,16.1,0.531,0.082,0.325,5.6,15.8,10.7,9.1,1.3,1.8,10.4,21.9,2.5,3.4,5.9,0.106,-0.6,0.7,0.2,1.4
2009/2010,57700000,67649793.99,457588,Toronto Raptors,28,TOR,Ontario,East,Atlantic,40,42,0.488,104.1,105.9,-1.83,DeMar DeRozan,SG,20,2282640,2710715,77,65,21.6,3.3,6.6,0.498,0.1,0.2,0.25,3.3,6.4,0.506,0.502,1.9,2.5,0.763,0.9,2,2.9,0.7,0.6,0.2,0.8,2.3,8.6,1664,12.5,0.554,0.031,0.379,4.8,10.9,7.9,4.9,1.3,0.8,9.4,18.1,2,0.3,2.3,0.066,-0.9,-1.9,-2.8,-0.3
2009/2010,57700000,67649793.99,457588,Charlotte Bobcats,4,CHA,North Carolina,East,Southeast,44,38,0.537,95.3,93.8,1.3,Boris Diaw,PF,27,9000000,10687815,82,82,35.4,4.5,9.4,0.483,0.8,2.5,0.32,3.7,6.9,0.541,0.525,1.4,1.8,0.769,1.6,3.6,5.2,4,0.7,0.7,2.2,2.7,11.3,2906,12.8,0.552,0.266,0.19,5.5,11.9,8.8,18.9,1.1,1.6,17.5,16.2,2.4,3.8,6.2,0.103,0.3,1.6,1.9,2.9
2009/2010,57700000,67649793.99,457588,Miami Heat,16,MIA,Florida,East,Southeast,47,35,0.573,96.5,94.2,1.99,Yakhouba Diawara,SG,27,945000,1122220,6,2,7.3,0.3,1.7,0.2,0.2,1,0.167,0.2,0.7,0.25,0.25,0,0,,0.2,0.5,0.7,0.5,0.2,0,0.5,1.3,0.8,44,-3.7,0.25,0.6,0,2.7,8,5.3,9.7,1.2,0,23.1,13.9,-0.2,0,-0.1,-0.124,-8,-0.9,-8.9,-0.1
2009/2010,57700000,67649793.99,457588,#N/A,#N/A,TOT,#N/A,#N/A,#N/A,#N/A,#N/A,#N/A,#N/A,#N/A,#N/A,Travis Diener,PG,27,1740000,2066311,9,0,5.7,0.2,1.1,0.2,0.1,0.8,0.143,0.1,0.3,0.333,0.25,0.1,0.4,0.25,0,0.3,0.3,0.9,0.4,0,0,0.2,0.7,51,7.6,0.255,0.7,0.4,0,6.8,3.4,21.8,4,0,0,10.5,0,0.1,0,0.019,-3.6,-0.3,-3.9,0
2009/2010,57700000,67649793.99,457588,Indiana Pacers,12,IND,Indiana,East,Central,32,50,0.39,100.8,103.8,-3.11,Travis Diener,PG,27,1740000,2066311,4,0,6.3,0.3,1.5,0.167,0.3,1.3,0.2,0,0.3,0,0.25,0,0.5,0,0,0.5,0.5,1,0.8,0,0,0.3,0.8,25,7.9,0.218,0.833,0.333,0,8.8,4.4,22,5.9,0,0,12.1,0,0,0,-0.005,-3.6,1.5,-2.1,0
2009/2010,57700000,67649793.99,457588,Portland Trail Blazers,25,POR,Oregon,West,Northwest,50,32,0.61,98.1,94.8,3.18,Travis Diener,PG,27,1740000,2066311,5,0,5.2,0.2,0.8,0.25,0,0.4,0,0.2,0.4,0.5,0.25,0.2,0.4,0.5,0,0.2,0.2,0.8,0.2,0,0,0.2,0.6,26,7.3,0.307,0.5,0.5,0,4.8,2.4,21.7,2.1,0,0,8.9,0,0,0,0.043,-3.5,-2.1,-5.6,0
2009/2010,57700000,67649793.99,457588,Charlotte Bobcats,4,CHA,North Carolina,East,Southeast,44,38,0.537,95.3,93.8,1.3,DeSagana Diop,C,28,6031800,7162973,27,0,9.7,0.6,1.1,0.517,0,0,,0.6,1.1,0.517,0.517,0.1,0.3,0.222,0.9,1.5,2.4,0.2,0.2,0.5,0.4,1.1,1.2,262,7.8,0.485,0,0.31,11.2,18.5,15,2.9,1,4.4,26.7,8,-0.1,0.5,0.4,0.072,-5,3,-2,0
2009/2010,57700000,67649793.99,457588,New Jersey Nets,3,NJN,New Jersey,East,Atlantic,12,70,0.146,92.4,101.5,-8.93,Keyon Dooling,PG,29,3564000,4232374,53,8,18.3,2.4,6.1,0.398,1.1,3,0.376,1.3,3.2,0.419,0.489,0.9,1.2,0.77,0.2,0.9,1,2.5,0.6,0,1.1,1.5,6.9,971,11.6,0.519,0.485,0.188,0.9,5.7,3.2,24,1.8,0,14.4,19.4,0.4,0.3,0.7,0.035,-0.4,-3.8,-4.2,-0.5
2009/2010,57700000,67649793.99,457588,#N/A,#N/A,TOT,#N/A,#N/A,#N/A,#N/A,#N/A,#N/A,#N/A,#N/A,#N/A,Joey Dorsey,PF,26,881000,1046218,15,0,7.1,0.6,1.3,0.45,0,0,,0.6,1.3,0.45,0.45,0.3,0.8,0.417,1.1,1.8,2.9,0.1,0.2,0.1,0.4,1.4,1.5,106,9.8,0.455,0,0.6,16.8,29.9,23.2,2.8,1.4,1.4,19.2,13.1,0,0.1,0.1,0.062,-5.7,-1.7,-7.4,-0.1
2009/2010,57700000,67649793.99,457588,Houston Rockets,11,HOU,Texas,West,Southwest,42,40,0.512,102.4,102.7,-0.02,Joey Dorsey,PF,26,881000,1046218,7,0,7.7,0.7,1.6,0.455,0,0,,0.7,1.6,0.455,0.455,0.1,0.3,0.5,1.6,2,3.6,0.3,0.3,0.1,0.6,1.7,1.6,54,11.5,0.463,0,0.182,22.5,30.8,26.5,5.4,1.9,1.3,25.2,13,0,0.1,0.1,0.088,-3.6,0.9,-2.7,0
2009/2010,57700000,67649793.99,457588,Sacramento Kings,26,SAC,California,West,Pacific,25,57,0.305,100,104.4,-4.06,Joey Dorsey,PF,26,881000,1046218,8,0,6.5,0.5,1.1,0.444,0,0,,0.5,1.1,0.444,0.444,0.5,1.3,0.4,0.6,1.6,2.3,0,0.1,0.1,0.3,1.1,1.5,52,7.9,0.448,0,1.111,10.9,29,19.8,0,1,1.4,13,13.1,0,0.1,0,0.035,-7.8,-4.4,-12.2,-0.1
2009/2010,57700000,67649793.99,457588,New York Knicks,20,NYK,New York,East,Atlantic,29,53,0.354,102.1,105.9,-4.01,Toney Douglas,PG,23,996240,1183069,56,12,19.4,3.2,7,0.458,1.2,3.1,0.389,2,3.9,0.514,0.545,1,1.2,0.809,0.7,1.2,1.9,2,0.8,0.1,1,2.1,8.6,1087,14.9,0.571,0.448,0.174,4.1,7.2,5.6,16.6,2,0.2,11.6,19.8,1.8,0.4,2.2,0.097,1.7,-2.4,-0.8,0.3
2009/2010,57700000,67649793.99,457588,New Jersey Nets,3,NJN,New Jersey,East,Atlantic,12,70,0.146,92.4,101.5,-8.93,Chris Douglas-Roberts,SF,23,736000,874025,67,38,25.8,3.8,8.6,0.445,0.2,0.8,0.259,3.6,7.7,0.464,0.457,2,2.3,0.847,0.7,2.3,3,1.4,0.8,0.3,1.4,1.5,9.8,1730,11.5,0.512,0.094,0.274,2.9,10.7,6.6,9.5,1.7,0.8,13.1,19.6,-0.2,0.9,0.7,0.02,-2.9,-1.1,-4,-0.9
2009/2010,57700000,67649793.99,457588,Phoenix Suns,24,PHO,Arizona,West,Pacific,54,28,0.659,110.2,105.3,4.67,Goran Dragic,PG,23,1836000,2180314,80,2,18,2.8,6.1,0.452,0.9,2.4,0.394,1.9,3.8,0.488,0.527,1.5,2,0.736,0.5,1.7,2.1,3,0.6,0.1,1.6,1.6,7.9,1442,14.8,0.566,0.383,0.324,3.2,9.8,6.7,24.1,1.7,0.4,18.3,21.1,2,0.8,2.8,0.094,1.6,-1.2,0.4,0.9
2009/2010,57700000,67649793.99,457588,Phoenix Suns,24,PHO,Arizona,West,Pacific,54,28,0.659,110.2,105.3,4.67,Jared Dudley,SF,24,1307640,1552868,82,1,24.3,2.7,6,0.459,1.5,3.2,0.458,1.3,2.8,0.461,0.582,1.3,1.7,0.754,1.2,2.2,3.4,1.4,1,0.2,0.8,2,8.2,1991,13.6,0.612,0.535,0.282,5.9,9.8,8,7.9,2,0.6,11,13.7,4,1.3,5.3,0.129,3.3,0.4,3.7,2.9
2009/2010,57700000,67649793.99,457588,New York Knicks,20,NYK,New York,East,Atlantic,29,53,0.354,102.1,105.9,-4.01,Chris Duhon,PG,27,6031800,7162973,67,59,30.9,2.5,6.7,0.373,1.3,3.9,0.349,1.2,2.9,0.404,0.472,1,1.4,0.716,0.4,2.2,2.7,5.6,0.9,0,1.6,1.2,7.4,2072,10.7,0.501,0.572,0.211,1.5,8.4,4.9,25.9,1.5,0.1,18.2,13.1,1.5,0.5,1.9,0.045,-0.9,-2,-2.9,-0.5
2009/2010,57700000,67649793.99,457588,San Antonio Spurs,27,SAS,Texas,West,Southwest,50,32,0.61,101.4,96.3,5.07,Tim Duncan,C,33,22183220,26343351,78,77,31.3,7.2,13.9,0.518,0,0.1,0.182,7.2,13.7,0.522,0.519,3.5,4.8,0.725,2.8,7.3,10.1,3.2,0.6,1.5,1.8,1.9,17.9,2438,24.7,0.56,0.01,0.346,10.8,26.8,18.9,17.8,1,3.5,10.1,26,6.4,4.5,10.9,0.215,2.4,3.2,5.6,4.7
2009/2010,57700000,67649793.99,457588,Indiana Pacers,12,IND,Indiana,East,Central,32,50,0.39,100.8,103.8,-3.11,Mike Dunleavy,SF,29,9780992,11615270,67,15,22.2,3.4,8.3,0.41,1.1,3.5,0.318,2.3,4.8,0.478,0.478,2,2.4,0.842,0.4,3.1,3.5,1.5,0.6,0.2,1.1,1.6,9.9,1486,13.1,0.531,0.423,0.283,1.8,15.6,8.7,11.3,1.3,0.7,10.3,20.7,0.8,1.5,2.3,0.075,-0.9,-1,-1.9,0
2009/2010,57700000,67649793.99,457588,Oklahoma City Thunder,21,OKC,Oklahoma,West,Northwest,50,32,0.61,101.5,98,3.55,Kevin Durant,SF,21,4796880,5696463,82,82,39.5,9.7,20.3,0.476,1.6,4.3,0.365,8.1,16.1,0.506,0.514,9.2,10.2,0.9,1.3,6.3,7.6,2.8,1.4,1,3.3,2.1,30.1,3239,26.2,0.607,0.21,0.504,3.8,17.9,11,13.5,1.8,1.9,11.7,32,11.1,5,16.1,0.238,4.9,0.2,5.1,5.8
2009/2010,57700000,67649793.99,457588,Minnesota Timberwolves,18,MIN,Minnesota,West,Northwest,15,67,0.183,98.2,107.8,-9.06,Wayne Ellington,SG,22,1003560,1191762,76,1,18.2,2.5,5.9,0.424,0.8,2.1,0.395,1.7,3.8,0.441,0.496,0.8,0.9,0.871,0.4,1.7,2.1,1,0.3,0.1,1,0.9,6.6,1384,9.6,0.527,0.362,0.156,2.6,10.4,6.4,8.3,0.7,0.3,13.4,17.4,0.3,0.1,0.4,0.014,-2.1,-2.6,-4.8,-1
2009/2010,57700000,67649793.99,457588,Golden State Warriors,10,GSW,California,West,Pacific,26,56,0.317,108.8,112.4,-3.28,Monta Ellis,SG,24,11000000,13062885,64,64,41.4,9.9,22,0.449,1.2,3.6,0.338,8.7,18.4,0.47,0.476,4.6,6.1,0.753,0.7,3.3,4,5.3,2.2,0.4,3.8,3,25.5,2647,16.7,0.517,0.162,0.276,1.9,9,5.4,21.2,2.6,0.7,13.4,29.5,0,1.3,1.3,0.023,-0.1,-1.4,-1.5,0.3
2009/2010,57700000,67649793.99,457588,#N/A,#N/A,TOT,#N/A,#N/A,#N/A,#N/A,#N/A,#N/A,#N/A,#N/A,#N/A,Francisco Elson,C,33,1700000,2018809,12,0,5.5,0.4,1.3,0.333,0,0,,0.4,1.3,0.333,0.333,0.2,0.4,0.4,0.5,0.7,1.2,0.2,0.1,0,0.1,0.6,1,66,5.5,0.349,0,0.333,10,14.5,12.1,4.3,0.8,0,5.5,12.5,0,0.1,0,0.022,-6,-0.8,-6.8,-0.1
2009/2010,57700000,67649793.99,457588,Milwaukee Bucks,17,MIL,Wisconsin,East,Central,46,36,0.561,97.7,96,1.37,Francisco Elson,C,33,1700000,2018809,11,0,5.6,0.4,1.2,0.308,0,0,,0.4,1.2,0.308,0.308,0.2,0.2,1,0.5,0.7,1.2,0.2,0.1,0,0.1,0.6,0.9,62,5.4,0.36,0,0.154,8.7,15.4,11.9,4.6,0.8,0,6.7,10.9,0,0.1,0.1,0.044,-5.8,0.1,-5.8,-0.1
2009/2010,57700000,67649793.99,457588,Philadelphia 76ers,23,PHI,Pennsylvania,East,Atlantic,27,55,0.329,97.7,101.6,-3.93,Francisco Elson,C,33,1700000,2018809,1,0,4,1,2,0.5,0,0,,1,2,0.5,0.5,0,3,0,1,0,1,0,0,0,0,0,2,4,6.3,0.301,0,1.5,29,0,14.7,0,0,0,0,37.8,0,0,0,-0.326,-9,-14.5,-23.5,0
2009/2010,57700000,67649793.99,457588,Atlanta Hawks,1,ATL,Georgia,East,Southeast,53,29,0.646,101.7,97,4.44,Maurice Evans,SF,31,2500000,2968837,79,5,16.7,2.2,5,0.445,0.7,2.1,0.337,1.5,2.8,0.527,0.518,0.6,0.8,0.754,0.7,1.2,1.9,0.6,0.4,0.2,0.3,1.6,5.7,1317,12.2,0.539,0.43,0.155,5.2,8.5,6.8,5.5,1.4,1,4.5,15.4,2.1,1.1,3.1,0.114,0.7,-1.4,-0.7,0.4
2009/2010,57700000,67649793.99,457588,Toronto Raptors,28,TOR,Ontario,East,Atlantic,40,42,0.488,104.1,105.9,-1.83,Reggie Evans,PF,29,4960000,5890173,28,1,11.1,1.2,2.5,0.493,0,0,,1.2,2.5,0.493,0.493,1,2.1,0.45,1.1,2.7,3.8,0.3,0.5,0.1,0.8,1.6,3.4,311,11.4,0.498,0,0.87,11.7,27.7,19.9,3.7,2.3,1,18.7,17.2,-0.1,0.3,0.2,0.033,-4.1,-0.8,-4.9,-0.2
2009/2010,57700000,67649793.99,457588,Sacramento Kings,26,SAC,California,West,Pacific,25,57,0.305,100,104.4,-4.06,Tyreke Evans,SG,20,3610080,4287096,72,72,37.2,7.4,16.2,0.458,0.5,2,0.255,6.9,14.2,0.485,0.473,4.8,6.5,0.748,0.9,4.4,5.3,5.8,1.5,0.4,3,2.8,20.1,2677,18.2,0.529,0.121,0.399,2.8,13.6,8.1,26.1,2.1,0.7,13.6,26.2,3.3,2.1,5.4,0.097,1.6,0,1.6,2.5
2009/2010,57700000,67649793.99,457588,Los Angeles Lakers,14,LAL,California,West,Pacific,57,25,0.695,101.7,97,4.78,Jordan Farmar,PG,23,1947240,2312415,82,0,18,2.7,6.3,0.435,1,2.8,0.376,1.7,3.5,0.483,0.518,0.7,1,0.671,0.2,1.4,1.6,1.5,0.6,0.1,0.9,1.3,7.2,1474,12.3,0.535,0.445,0.165,1.1,8.8,5,13.4,1.8,0.6,11.5,19,1,1.8,2.8,0.093,-0.5,-1,-1.4,0.2
2009/2010,57700000,67649793.99,457588,Charlotte Bobcats,4,CHA,North Carolina,East,Southeast,44,38,0.537,95.3,93.8,1.3,Raymond Felton,PG,25,5501196,6532863,80,80,33,4.9,10.6,0.459,0.8,2,0.385,4.1,8.6,0.475,0.494,1.7,2.2,0.763,0.7,2.9,3.6,5.6,1.5,0.3,2.1,2.2,12.1,2643,15.2,0.525,0.184,0.204,2.5,10.5,6.6,29.5,2.5,0.7,15.4,19.2,2.5,4,6.5,0.118,0.5,1.1,1.6,2.4
2009/2010,57700000,67649793.99,457588,Portland Trail Blazers,25,POR,Oregon,West,Northwest,50,32,0.61,98.1,94.8,3.18,Rudy Fernandez,SG,24,1165320,1383858,62,2,23.2,2.6,6.8,0.378,1.6,4.3,0.368,1,2.5,0.395,0.494,1.4,1.6,0.867,0.6,2.1,2.6,2,1,0.2,1.2,1.4,8.1,1441,13.1,0.54,0.629,0.232,3,11.2,7,13.8,2.4,0.6,13.4,17.7,1.4,1.6,3,0.101,1.5,0.3,1.8,1.4
2009/2010,57700000,67649793.99,457588,Utah Jazz,29,UTA,Utah,West,Northwest,53,29,0.646,104.2,98.9,5.33,Kyrylo Fesenko,C,23,870000,1033155,49,5,8.3,1.1,1.9,0.547,0,0,0,1.1,1.9,0.553,0.547,0.5,1.2,0.421,0.7,1.2,1.8,0.3,0.1,0.4,0.5,1.6,2.6,408,9.7,0.533,0.011,0.6,9.8,16.1,13.1,5.3,0.8,3.7,16.7,15.8,0.1,0.5,0.6,0.07,-3.6,0.6,-2.9,-0.1
2009/2010,57700000,67649793.99,457588,#N/A,#N/A,TOT,#N/A,#N/A,#N/A,#N/A,#N/A,#N/A,#N/A,#N/A,#N/A,Michael Finley,SF,36,2500000,2968837,46,7,15.4,1.8,4,0.44,0.7,1.8,0.39,1.1,2.2,0.48,0.527,0.2,0.3,0.533,0.1,1.4,1.5,0.9,0.2,0.1,0.5,0.7,4.4,709,9,0.53,0.446,0.082,1,10.7,6,9.2,0.7,0.6,9.9,13.8,0.3,0.7,1,0.066,-1.9,-0.7,-2.6,-0.1
2009/2010,57700000,67649793.99,457588,San Antonio Spurs,27,SAS,Texas,West,Southwest,50,32,0.61,101.4,96.3,5.07,Michael Finley,SF,36,2500000,2968837,25,6,15.8,1.5,3.9,0.381,0.5,1.6,0.317,1,2.2,0.429,0.448,0.2,0.4,0.667,0.2,1.3,1.5,0.8,0.2,0.2,0.5,0.5,3.7,395,6.5,0.461,0.423,0.093,1.5,9.6,5.6,6.8,0.8,0.7,11.4,13.2,-0.2,0.4,0.2,0.026,-3.4,-0.2,-3.7,-0.2
2009/2010,57700000,67649793.99,457588,Boston Celtics,2,BOS,Massachusetts,East,Atlantic,50,32,0.61,99.2,95.6,3.37,Michael Finley,SF,36,2500000,2968837,21,1,15,2.1,4.1,0.506,0.9,2,0.463,1.2,2.2,0.543,0.615,0.1,0.3,0.333,0,1.5,1.6,1.1,0.2,0.1,0.4,1,5.2,314,12.1,0.608,0.471,0.069,0.4,12.2,6.4,12.2,0.7,0.5,8.2,14.6,0.4,0.3,0.8,0.115,0,-1.3,-1.3,0.1
2009/2010,57700000,67649793.99,457588,Los Angeles Lakers,14,LAL,California,West,Pacific,57,25,0.695,101.7,97,4.78,Derek Fisher,PG,35,5048000,5994676,82,82,27.2,2.6,6.8,0.38,1,2.7,0.348,1.6,4.1,0.401,0.45,1.4,1.6,0.856,0.3,1.8,2.1,2.5,1.1,0.1,1,2.5,7.5,2227,9.3,0.499,0.401,0.237,1.3,7.2,4.3,12.9,2.1,0.3,11.2,14,1.2,2.7,3.9,0.085,-1.2,0.4,-0.8,0.7
2009/2010,57700000,67649793.99,457588,Minnesota Timberwolves,18,MIN,Minnesota,West,Northwest,15,67,0.183,98.2,107.8,-9.06,Jonny Flynn,PG,20,2969280,3526124,81,81,28.9,4.9,11.8,0.417,1,2.7,0.358,4,9.1,0.434,0.457,2.8,3.3,0.826,0.3,2.1,2.4,4.4,1,0,2.9,1.2,13.5,2339,13,0.511,0.226,0.284,1.1,8.1,4.6,24.7,1.8,0.1,17.9,24.2,-0.6,0.7,0.1,0.002,-1.2,-2.5,-3.6,-1
2009/2010,57700000,67649793.99,457588,Indiana Pacers,12,IND,Indiana,East,Central,32,50,0.39,100.8,103.8,-3.11,TJ Ford,PG,26,8500000,10094048,47,32,25.3,4,8.9,0.445,0.2,1.1,0.16,3.8,7.8,0.484,0.455,2.2,2.9,0.77,0.9,2.3,3.2,3.8,0.9,0.2,1.9,2.2,10.3,1189,13.4,0.507,0.12,0.323,3.7,10,6.8,24.8,1.8,0.7,15.9,21,0.3,1.1,1.4,0.058,-1.5,-0.3,-1.8,0.1
2009/2010,57700000,67649793.99,457588,Indiana Pacers,12,IND,Indiana,East,Central,32,50,0.39,100.8,103.8,-3.11,Jeff Foster,C,33,6077500,7217244,16,3,15.9,1.4,2.9,0.478,0,0.1,0,1.4,2.8,0.489,0.478,0.3,0.6,0.556,2.1,2.9,5.1,1.3,0.2,0.3,0.9,2.8,3.1,255,9.6,0.49,0.022,0.196,14.4,20.3,17.3,12.1,0.6,1.1,21.9,11.1,0.2,0.3,0.4,0.085,-2.6,1.3,-1.3,0
2009/2010,57700000,67649793.99,457588,Washington Wizards,30,WAS,Washington DC,East,Southeast,26,56,0.317,96.2,101,-4.72,Randy Foye,PG,26,3575761,4246341,70,38,23.8,3.7,8.8,0.414,0.9,2.6,0.346,2.8,6.2,0.442,0.464,1.8,2.1,0.89,0.2,1.6,1.9,3.3,0.5,0.1,1.3,1.8,10.1,1667,13.2,0.516,0.294,0.234,1.1,8,4.5,22.6,1,0.5,12.1,21.1,1.6,0.7,2.2,0.064,0.1,-2.6,-2.5,-0.2
2009/2010,57700000,67649793.99,457588,Phoenix Suns,24,PHO,Arizona,West,Pacific,54,28,0.659,110.2,105.3,4.67,Channing Frye,C,26,2000000,2375070,81,41,27,3.9,8.7,0.451,2.1,4.8,0.439,1.8,3.8,0.466,0.573,1.2,1.5,0.81,0.8,4.5,5.3,1.4,0.8,0.9,0.9,3.2,11.2,2190,15,0.598,0.558,0.172,3.6,17.6,11,7.4,1.5,2.4,8.8,16.7,4.3,2.2,6.4,0.141,2.8,0.9,3.7,3.2
2009/2010,57700000,67649793.99,457588,Milwaukee Bucks,17,MIL,Wisconsin,East,Central,46,36,0.561,97.7,96,1.37,Dan Gadzuric,C,31,6749260,8014982,32,6,9.8,1.2,2.8,0.438,0,0,,1.2,2.8,0.438,0.438,0.3,0.8,0.4,1.2,1.7,2.9,0.4,0.3,0.4,0.5,2,2.8,314,10.5,0.44,0,0.281,13.1,20.5,16.6,6,1.5,3.3,13,16.6,-0.1,0.6,0.5,0.077,-4.5,2.2,-2.4,0
2009/2010,57700000,67649793.99,457588,Utah Jazz,29,UTA,Utah,West,Northwest,53,29,0.646,104.2,98.9,5.33,Sundiata Gaines,PG,23,269169,319647,32,0,6.8,1.2,2.6,0.463,0.2,0.8,0.269,1,1.8,0.554,0.506,0.7,1.4,0.5,0.2,0.7,0.9,1.2,0.4,0,0.4,0.5,3.3,217,17.3,0.518,0.317,0.561,3.4,12.2,7.9,28,2.8,0,12,24,0.3,0.3,0.5,0.121,1.2,-1.1,0.1,0.1
2009/2010,57700000,67649793.99,457588,New York Knicks,20,NYK,New York,East,Atlantic,29,53,0.354,102.1,105.9,-4.01,Danilo Gallinari,SF,21,3089040,3668343,81,74,33.9,4.8,11.4,0.423,2.3,6,0.381,2.5,5.4,0.469,0.523,3.1,3.8,0.818,0.8,4.1,4.9,1.7,0.9,0.7,1.4,2.4,15.1,2747,14.8,0.575,0.526,0.331,2.6,14,8.2,7.6,1.4,1.6,9.4,19.3,4.1,1.5,5.6,0.098,1.3,-1,0.2,1.6
2009/2010,57700000,67649793.99,457588,Sacramento Kings,26,SAC,California,West,Pacific,25,57,0.305,100,104.4,-4.06,Francisco Garcia,SG,28,5800000,6887703,25,4,23,3.3,7,0.466,0.9,2.4,0.39,2.4,4.7,0.504,0.531,0.6,0.7,0.882,0.4,2.2,2.6,1.8,0.4,0.8,0.8,2,8.1,575,12.4,0.55,0.335,0.097,2.2,11.1,6.6,12.1,0.9,2.4,10.3,15.7,0.6,0.3,1,0.081,-0.7,-0.4,-1.1,0.1
2009/2010,57700000,67649793.99,457588,Boston Celtics,2,BOS,Massachusetts,East,Atlantic,50,32,0.61,99.2,95.6,3.37,Kevin Garnett,PF,33,16400000,19475575,69,69,29.9,5.8,11.2,0.521,0,0.1,0.2,5.8,11.1,0.523,0.521,2.7,3.2,0.837,1.1,6.2,7.3,2.7,1,0.8,1.5,2.5,14.3,2060,19.4,0.569,0.006,0.286,4.8,24.8,15.1,15.7,1.7,2.2,10.4,22.1,3.6,3.8,7.3,0.171,0,2.6,2.6,2.4
2009/2010,57700000,67649793.99,457588,Memphis Grizzlies,15,MEM,Tennessee,West,Southwest,40,42,0.488,102.5,104,-1.39,Marc Gasol,C,25,3240000,3847613,69,69,35.8,5.5,9.4,0.581,0,0,0,5.5,9.4,0.582,0.581,3.7,5.4,0.67,3,6.3,9.3,2.4,1,1.6,2,3.7,14.6,2469,19.3,0.617,0.002,0.578,9.8,20.5,15.1,10.2,1.4,3.4,14.2,16.9,5.9,2.5,8.4,0.164,2.1,2.3,4.3,3.9
2009/2010,57700000,67649793.99,457588,Los Angeles Lakers,14,LAL,California,West,Pacific,57,25,0.695,101.7,97,4.78,Pau Gasol,C,29,16452000,19537326,65,65,37,7,13,0.536,0,0.1,0,7,12.9,0.539,0.536,4.4,5.6,0.79,3.7,7.6,11.3,3.4,0.6,1.7,2.2,2.3,18.3,2403,22.9,0.593,0.006,0.429,11.4,22.7,17.1,15,0.8,3.5,12.5,21.4,6.8,4.2,11,0.22,2.4,3,5.4,4.5
2009/2010,57700000,67649793.99,457588,Memphis Grizzlies,15,MEM,Tennessee,West,Southwest,40,42,0.488,102.5,104,-1.39,Rudy Gay,SF,23,3280997,3896298,80,80,39.7,7.5,16.1,0.466,0.8,2.5,0.327,6.7,13.6,0.492,0.491,3.8,5,0.753,1.4,4.5,5.9,1.9,1.5,0.8,2.1,2.5,19.6,3175,16.2,0.535,0.157,0.311,4.2,13.2,8.7,7.8,1.9,1.5,10.3,22.5,4,2.4,6.4,0.096,0.7,-0.2,0.4,1.9
2009/2010,57700000,67649793.99,457588,Washington Wizards,30,WAS,Washington DC,East,Southeast,26,56,0.317,96.2,101,-4.72,Alonzo Gee,SG,22,#N/A,#N/A,11,2,16.5,2.5,5.4,0.475,0.6,0.8,0.778,1.9,4.5,0.42,0.534,1.6,2.6,0.621,1.4,1.6,3,0.6,0.6,0.1,0.9,1.2,7.4,182,16.2,0.564,0.153,0.492,9.3,11.6,10.4,6.4,2,0.4,12.2,20.4,0.3,0.1,0.4,0.108,0.2,-1.6,-1.4,0
2009/2010,57700000,67649793.99,457588,Golden State Warriors,10,GSW,California,West,Pacific,26,56,0.317,108.8,112.4,-3.28,Devean George,SF,32,1600000,1900056,45,4,16.9,2,4.6,0.432,1.1,2.7,0.39,0.9,1.8,0.494,0.549,0.4,0.5,0.696,0.5,2.1,2.5,0.7,0.9,0.2,0.3,2,5.4,761,11.6,0.56,0.597,0.112,3,13.8,8.3,5.8,2.6,0.9,6.5,13,0.8,0.5,1.3,0.084,0,-0.6,-0.6,0.3
2009/2010,57700000,67649793.99,457588,Cleveland Cavaliers,6,CLE,Ohio,East,Central,61,21,0.744,102.1,95.6,6.17,Daniel Gibson,PG,23,4088500,4855237,56,10,19.1,2.2,4.8,0.466,1.3,2.7,0.477,1,2.1,0.454,0.599,0.6,0.9,0.694,0.2,1.1,1.3,1.3,0.4,0.1,0.6,1.4,6.3,1068,11.3,0.613,0.556,0.183,1.5,6.4,4.1,9.8,1.2,0.5,11.1,14.2,1.6,1,2.6,0.117,0.8,-1.2,-0.4,0.4
2009/2010,57700000,67649793.99,457588,Chicago Bulls,5,CHI,Illinois,East,Central,41,41,0.5,97.5,99.1,-1.64,Taj Gibson,PF,24,1039800,1234798,82,70,26.9,3.8,7.7,0.494,0,0,,3.8,7.7,0.494,0.494,1.4,2.1,0.646,2.8,4.7,7.5,0.9,0.6,1.3,1.4,3.4,9,2204,13.8,0.521,0,0.278,11.6,19.2,15.4,5,1.2,3.6,13.9,16.7,1.2,3.5,4.7,0.103,-2.3,1.8,-0.6,0.8
2009/2010,57700000,67649793.99,457588,#N/A,#N/A,TOT,#N/A,#N/A,#N/A,#N/A,#N/A,#N/A,#N/A,#N/A,#N/A,JR Giddens,SF,24,1028880,1221831,32,1,7.5,0.9,1.9,0.467,0,0.3,0,0.9,1.6,0.56,0.467,0.4,0.7,0.565,0.5,1.1,1.6,0.4,0.3,0.1,0.5,0.9,2.2,239,9.2,0.492,0.167,0.383,7.7,17.2,12.5,8.2,1.9,0.6,19.5,16.7,-0.1,0.3,0.1,0.021,-4.4,-0.2,-4.7,-0.2
2009/2010,57700000,67649793.99,457588,Boston Celtics,2,BOS,Massachusetts,East,Atlantic,50,32,0.61,99.2,95.6,3.37,JR Giddens,SF,24,1028880,1221831,21,1,4.7,0.4,1,0.429,0,0.1,0,0.4,0.9,0.474,0.429,0.3,0.6,0.5,0.2,0.8,1,0.3,0.2,0,0.3,0.5,1.1,99,7.3,0.457,0.095,0.571,5.1,19.3,12.4,8.9,2.1,0.8,21,15.8,-0.1,0.2,0,0.015,-6.1,1.1,-5,-0.1
2009/2010,57700000,67649793.99,457588,New York Knicks,20,NYK,New York,East,Atlantic,29,53,0.354,102.1,105.9,-4.01,JR Giddens,SF,24,1028880,1221831,11,0,12.7,1.7,3.5,0.487,0,0.7,0,1.7,2.8,0.613,0.487,0.6,1,0.636,1.1,1.7,2.8,0.6,0.5,0.1,0.9,1.7,4.1,140,10.5,0.513,0.205,0.282,9.6,15.7,12.6,7.7,1.8,0.5,18.6,17.4,0,0.1,0.1,0.026,-3.3,-1.2,-4.5,-0.1
2009/2010,57700000,67649793.99,457588,Memphis Grizzlies,15,MEM,Tennessee,West,Southwest,40,42,0.488,102.5,104,-1.39,Trey Gilder,SF,25,26917,31823.9691,2,0,2.5,0.5,0.5,1,0,0,,0.5,0.5,1,1,0,0,,0,0.5,0.5,0,0.5,0,0,0,1,5,30.9,1,0,0,0,23.4,11.7,0,10.3,0,0,8.8,0,0,0,0.336,3.8,3.8,7.6,0
2009/2010,57700000,67649793.99,457588,San Antonio Spurs,27,SAS,Texas,West,Southwest,50,32,0.61,101.4,96.3,5.07,Manu Ginobili,SG,32,10728130,12740030,75,21,28.7,5.3,12,0.441,1.8,4.7,0.377,3.5,7.4,0.481,0.514,4.1,4.7,0.87,0.9,2.9,3.8,4.9,1.4,0.3,2.1,2.1,16.5,2150,22.5,0.584,0.388,0.393,3.8,11.6,7.7,28.2,2.5,0.8,12.7,25.8,6.5,3.2,9.7,0.216,5.6,0.7,6.3,4.5
2009/2010,57700000,67649793.99,457588,Minnesota Timberwolves,18,MIN,Minnesota,West,Northwest,15,67,0.183,98.2,107.8,-9.06,Ryan Gomes,SF,27,3867500,4592791,76,64,29.1,4.3,9.6,0.447,1,2.6,0.372,3.3,7,0.475,0.497,1.4,1.7,0.825,1,3.6,4.6,1.6,0.8,0.2,1.3,2,10.9,2210,12.1,0.528,0.272,0.172,3.8,14,8.8,8.8,1.4,0.5,10.8,17.4,1.5,0.9,2.4,0.052,-0.8,-0.9,-1.7,0.2
2009/2010,57700000,67649793.99,457588,#N/A,#N/A,TOT,#N/A,#N/A,#N/A,#N/A,#N/A,#N/A,#N/A,#N/A,#N/A,Drew Gooden,C-PF,28,4500000,5343907,70,33,25.1,4.1,8.6,0.478,0,0.1,0.125,4.1,8.5,0.483,0.479,2.7,3.1,0.861,3,4.8,7.7,0.7,0.6,0.8,1.5,2.8,10.9,1755,16.9,0.547,0.013,0.359,13.7,21.9,17.8,4.4,1.2,2.5,13.4,21,2.3,2.2,4.4,0.121,-1.6,-0.3,-1.9,0
2009/2010,57700000,67649793.99,457588,Dallas Mavericks,7,DAL,Texas,West,Southwest,55,27,0.671,102,99.3,2.66,Drew Gooden,C,28,4500000,5343907,46,11,22.4,3.4,7.3,0.467,0,0.1,0.167,3.4,7.2,0.473,0.469,2,2.5,0.809,2.7,4.2,6.9,0.6,0.6,1.1,1.2,2.8,8.9,1030,16.1,0.528,0.018,0.342,13.9,21.2,17.6,4,1.3,3.6,12.7,19.8,1.1,1.6,2.7,0.125,-2.1,0.7,-1.3,0.2
2009/2010,57700000,67649793.99,457588,Los Angeles Clippers,13,LAC,California,West,Pacific,29,53,0.354,95.7,102.1,-6.01,Drew Gooden,PF,28,4500000,5343907,24,22,30.2,5.5,11.1,0.492,0,0.1,0,5.5,11,0.496,0.492,3.9,4.2,0.921,3.5,5.9,9.4,0.9,0.6,0.3,2.2,2.7,14.8,725,18,0.572,0.008,0.38,13.4,22.8,18.1,5,1.1,0.8,14.3,22.6,1.1,0.6,1.7,0.114,-1,-1.7,-2.8,-0.1
2009/2010,57700000,67649793.99,457588,Detroit Pistons,9,DET,Michigan,East,Central,27,55,0.329,94,99.1,-5.02,Ben Gordon,SG,26,10000000,11875350,62,17,27.9,4.7,11.3,0.416,1.2,3.8,0.321,3.5,7.5,0.465,0.47,3.2,3.7,0.861,0.4,1.5,1.9,2.7,0.8,0.1,1.9,2.4,13.8,1730,14,0.534,0.335,0.329,1.7,7,4.2,16.7,1.5,0.3,12.9,24.5,1.8,0.4,2.1,0.059,1,-3.1,-2.1,-0.1
2009/2010,57700000,67649793.99,457588,Los Angeles Clippers,13,LAC,California,West,Pacific,29,53,0.354,95.7,102.1,-6.01,Eric Gordon,SG,21,2819880,3348706,62,60,36,5.7,12.6,0.449,1.9,5.2,0.371,3.8,7.5,0.503,0.525,3.6,4.8,0.742,0.4,2.2,2.6,3,1.1,0.2,2.3,1.5,16.9,2229,14.1,0.571,0.409,0.381,1.3,7.1,4.2,13.8,1.6,0.5,13.6,21.5,2.3,0.9,3.2,0.069,1.3,-1.7,-0.5,0.9
2009/2010,57700000,67649793.99,457588,Orlando Magic,22,ORL,Florida,East,Southeast,59,23,0.72,102.8,95.3,7.12,Marcin Gortat,C,25,5854000,6951830,81,0,13.4,1.5,2.8,0.533,0,0,0,1.5,2.8,0.54,0.533,0.6,0.9,0.68,1.3,2.9,4.2,0.2,0.2,0.9,0.6,1.7,3.6,1088,13.9,0.563,0.013,0.33,11.5,24.3,18.1,2.4,0.8,4.8,15,13,1.2,2.2,3.4,0.151,-3,2.5,-0.5,0.4
2009/2010,57700000,67649793.99,457588,Denver Nuggets,8,DEN,Colorado,West,Northwest,53,29,0.646,106.5,102.4,4.15,Joey Graham,SF,27,884881,1050827,63,18,12,1.7,3.2,0.52,0,0.2,0.154,1.6,3,0.545,0.525,0.9,1.2,0.74,0.6,1.3,2,0.3,0.4,0.1,0.7,1.7,4.2,759,10.6,0.568,0.064,0.361,6,12.7,9.3,4.5,1.5,0.7,15.5,16.2,0.5,0.6,1.1,0.072,-2.5,-1.1,-3.6,-0.3
2009/2010,57700000,67649793.99,457588,Charlotte Bobcats,4,CHA,North Carolina,East,Southeast,44,38,0.537,95.3,93.8,1.3,Stephen Graham,SG,27,884881,1050827,70,8,11.5,1.7,3.4,0.496,0.2,0.7,0.32,1.5,2.7,0.542,0.529,0.6,0.9,0.646,0.3,1.6,1.9,0.3,0.3,0.1,0.5,1.3,4.2,804,11.2,0.551,0.208,0.271,3.7,16.3,10.1,5,1.3,1,11.8,17.6,0.4,1.2,1.6,0.094,-3.1,-0.6,-3.7,-0.3
2009/2010,57700000,67649793.99,457588,Indiana Pacers,12,IND,Indiana,East,Central,32,50,0.39,100.8,103.8,-3.11,Danny Granger,SF,26,9930500,11792816,62,62,36.7,7.9,18.4,0.428,2.5,7.1,0.361,5.3,11.3,0.471,0.498,5.9,6.9,0.848,1.1,4.4,5.5,2.8,1.5,0.8,2.5,3,24.1,2278,19.8,0.564,0.385,0.376,3.2,13.3,8.2,13.6,2,1.6,10.6,28.7,3.5,2.7,6.2,0.131,3.1,-0.4,2.7,2.7
2009/2010,57700000,67649793.99,457588,#N/A,#N/A,TOT,#N/A,#N/A,#N/A,#N/A,#N/A,#N/A,#N/A,#N/A,#N/A,Aaron Gray,C,25,1000497,1188125,32,0,9.7,1.3,2.6,0.512,0,0,,1.3,2.6,0.512,0.512,0.6,0.9,0.714,1.4,1.9,3.3,0.7,0.3,0.3,0.6,1.7,3.3,311,16.6,0.551,0,0.341,16.7,23.1,19.8,10.6,1.5,2.7,16,16.4,0.5,0.4,0.9,0.142,-0.6,1.3,0.7,0.2
2009/2010,57700000,67649793.99,457588,Chicago Bulls,5,CHI,Illinois,East,Central,41,41,0.5,97.5,99.1,-1.64,Aaron Gray,C,25,1000497,1188125,8,0,6.3,1,2.6,0.381,0,0,,1,2.6,0.381,0.381,0.3,0.9,0.286,0.6,1.4,2,0.3,0,0,0.1,1.3,2.3,50,7,0.374,0,0.333,11.3,24.1,17.8,6.5,0,0,4,22.5,-0.1,0.1,0,-0.013,-6.6,-3.7,-10.2,-0.1
2009/2010,57700000,67649793.99,457588,New Orleans Hornets,19,NOH,Louisiana,West,Southwest,37,45,0.451,100.2,102.7,-2.27,Aaron Gray,C,25,1000497,1188125,24,0,10.9,1.4,2.5,0.557,0,0,,1.4,2.5,0.557,0.557,0.8,0.9,0.857,1.7,2.1,3.8,0.8,0.4,0.5,0.7,1.8,3.6,261,18.4,0.612,0,0.344,17.7,22.9,20.2,11.4,1.8,3.2,19.5,15.3,0.6,0.3,0.9,0.172,0.5,2.2,2.8,0.3
2009/2010,57700000,67649793.99,457588,Cleveland Cavaliers,6,CLE,Ohio,East,Central,61,21,0.744,102.1,95.6,6.17,Danny Green,SG,22,457588,543401,20,0,5.8,0.8,2,0.385,0.3,1.1,0.273,0.5,0.9,0.529,0.462,0.2,0.3,0.667,0.4,0.5,0.9,0.3,0.3,0.2,0.3,0.5,2,115,12.3,0.48,0.564,0.154,8.7,8.9,8.8,6.7,2.7,2,10.7,18.9,0,0.2,0.2,0.083,-0.6,-0.1,-0.8,0
2009/2010,57700000,67649793.99,457588,Oklahoma City Thunder,21,OKC,Oklahoma,West,Northwest,50,32,0.61,101.5,98,3.55,Jeff Green,PF,23,3516960,4176513,82,82,37.1,5.9,13,0.453,1.3,3.8,0.333,4.6,9.2,0.503,0.502,2,2.7,0.74,1.4,4.6,6,1.6,1.3,0.9,1.6,2.7,15.1,3043,13.8,0.53,0.292,0.208,4.3,13.9,9.2,7.2,1.8,1.8,10.4,19.2,2.5,4.2,6.6,0.105,0,1.1,1.1,2.4
2009/2010,57700000,67649793.99,457588,Philadelphia 76ers,23,PHI,Pennsylvania,East,Atlantic,27,55,0.329,97.7,101.6,-3.93,Willie Green,SG,28,3682000,4372504,73,18,21.3,3.4,7.4,0.457,0.6,1.9,0.346,2.8,5.6,0.494,0.5,1.3,1.6,0.833,0.3,1.5,1.8,2.1,0.4,0.2,0.9,1.8,8.7,1553,12.8,0.538,0.25,0.21,1.5,8.4,4.9,15.8,1.1,0.6,10.1,19.4,1.8,0.3,2.2,0.067,-0.3,-3,-3.3,-0.5
2009/2010,57700000,67649793.99,457588,Sacramento Kings,26,SAC,California,West,Pacific,25,57,0.305,100,104.4,-4.06,Donte Greene,SF,21,1044000,1239786,76,50,21.4,3.2,7.3,0.441,0.9,2.4,0.377,2.3,4.9,0.473,0.504,1.2,1.8,0.643,0.7,2.4,3.1,0.9,0.5,0.7,1.2,2,8.5,1630,11.6,0.526,0.331,0.253,3.7,12.9,8.2,6.8,1.3,2.4,13.1,19.2,0.3,1.2,1.5,0.044,-1.8,-0.6,-2.4,-0.2
2009/2010,57700000,67649793.99,457588,Phoenix Suns,24,PHO,Arizona,West,Pacific,54,28,0.659,110.2,105.3,4.67,Taylor Griffin,SF,23,457588,543401,8,0,4,0.5,1.3,0.4,0,0.3,0,0.5,1,0.5,0.4,0.3,0.5,0.5,0,0.3,0.3,0.1,0,0.3,0.1,0.5,1.3,32,5.2,0.425,0.2,0.4,0,6.7,3.5,4.3,0,4.4,7.8,17.6,0,0,0,-0.039,-5.8,-1.4,-7.3,0
2009/2010,57700000,67649793.99,457588,Memphis Grizzlies,15,MEM,Tennessee,West,Southwest,40,42,0.488,102.5,104,-1.39,Hamed Haddadi,C,24,1627779,1933044,36,0,6.7,0.7,1.7,0.387,0,0.1,0,0.7,1.6,0.407,0.387,0.4,0.5,0.737,0.7,1.4,2.1,0.3,0,0.4,0.6,1.6,1.7,240,7.2,0.441,0.048,0.306,12.6,23.9,18.2,5.9,0.2,4.4,22.1,16.5,-0.2,0.2,0,-0.002,-5.7,0.1,-5.6,-0.2
2009/2010,57700000,67649793.99,457588,San Antonio Spurs,27,SAS,Texas,West,Southwest,50,32,0.61,101.4,96.3,5.07,Malik Hairston,SG,22,736420,874524,47,0,6.7,0.9,1.6,0.526,0,0.2,0.182,0.8,1.4,0.585,0.539,0.4,0.6,0.567,0.3,0.8,1,0.3,0.1,0.2,0.2,0.6,2.1,317,11.6,0.555,0.145,0.395,4.9,13.1,9.1,7.5,0.7,2,11,14.5,0.3,0.4,0.7,0.107,-2.3,0.3,-2,0
2009/2010,57700000,67649793.99,457588,San Antonio Spurs,27,SAS,Texas,West,Southwest,50,32,0.61,101.4,96.3,5.07,Marcus Haislip,SF,29,825497,980306,10,0,4.4,1,2.1,0.476,0.3,0.5,0.6,0.7,1.6,0.438,0.548,0.2,0.5,0.4,0.4,0.6,1,0,0,0.2,0.3,0.5,2.5,44,15.4,0.539,0.238,0.238,10.9,15.7,13.3,0,0,3.3,11.5,27.3,0,0.1,0.1,0.065,-4.2,-6.3,-10.5,-0.1
2009/2010,57700000,67649793.99,457588,Detroit Pistons,9,DET,Michigan,East,Central,27,55,0.329,94,99.1,-5.02,Richard Hamilton,SG,31,11625000,13805095,46,46,33.7,6.4,15.6,0.409,0.9,3,0.297,5.5,12.6,0.435,0.437,4.4,5.2,0.846,0.7,2,2.7,4.4,0.7,0.1,2.5,2.5,18.1,1552,14.9,0.505,0.192,0.336,2.2,7.7,4.8,23.5,1,0.2,12.3,27.9,1.2,0.1,1.4,0.043,0.9,-3.4,-2.5,-0.2
2009/2010,57700000,67649793.99,457588,Indiana Pacers,12,IND,Indiana,East,Central,32,50,0.39,100.8,103.8,-3.11,Tyler Hansbrough,PF,24,1859160,2207817,29,1,17.6,2.8,7.8,0.36,0,0.1,0,2.8,7.6,0.367,0.36,2.9,3.9,0.743,2.1,2.7,4.8,1,0.6,0.3,0.7,2.4,8.5,511,14.6,0.448,0.018,0.502,12.7,16.8,14.7,9,1.6,1.1,7.1,25.5,0.1,0.6,0.7,0.07,-3,-1.2,-4.2,-0.3
2009/2010,57700000,67649793.99,457588,Oklahoma City Thunder,21,OKC,Oklahoma,West,Northwest,50,32,0.61,101.5,98,3.55,James Harden,SG,20,4054160,4814457,76,0,22.9,3.1,7.6,0.403,1.2,3.3,0.375,1.8,4.3,0.424,0.484,2.6,3.2,0.808,0.6,2.6,3.2,1.8,1.1,0.3,1.4,2.6,9.9,1738,14,0.551,0.429,0.415,3.2,12.7,8.1,12.3,2.4,0.9,13.4,20.4,2,2.5,4.5,0.124,0.7,0.3,1,1.3
2009/2010,57700000,67649793.99,457588,New York Knicks,20,NYK,New York,East,Atlantic,29,53,0.354,102.1,105.9,-4.01,Al Harrington,PF,29,10026875,11907265,72,15,30.5,6.2,14.3,0.435,1.9,5.7,0.342,4.3,8.6,0.496,0.503,3.3,4.4,0.757,1.2,4.4,5.6,1.5,0.9,0.4,1.8,2.9,17.7,2195,16.8,0.546,0.397,0.308,4.5,16.7,10.5,8.6,1.4,0.9,10.1,26.8,2.2,1.3,3.5,0.077,0.7,-2.6,-1.9,0.1
2009/2010,57700000,67649793.99,457588,New Jersey Nets,3,NJN,New Jersey,East,Atlantic,12,70,0.146,92.4,101.5,-8.93,Devin Harris,PG,26,8400000,9975294,64,61,34.7,5.6,13.8,0.403,0.9,3.4,0.276,4.6,10.4,0.444,0.437,4.8,6,0.798,0.4,2.8,3.2,6.6,1.2,0.3,2.8,2.8,16.9,2221,16.2,0.512,0.245,0.437,1.2,9.7,5.3,34.6,1.9,0.6,14.7,25.5,1.5,1.2,2.7,0.057,1.5,-2,-0.5,0.8
2009/2010,57700000,67649793.99,457588,#N/A,#N/A,TOT,#N/A,#N/A,#N/A,#N/A,#N/A,#N/A,#N/A,#N/A,#N/A,Mike Harris,PF,26,64978,77163,13,0,7.4,0.8,2.3,0.367,0,0.1,0,0.8,2.2,0.379,0.367,0.5,0.8,0.636,0.8,1.1,1.8,0.2,0.4,0.1,0.7,1.1,2.2,96,7.2,0.416,0.033,0.367,11.5,17.3,14.3,4.8,2.7,0.8,20.5,20.2,-0.2,0.1,-0.1,-0.037,-6.9,-0.6,-7.5,-0.1
2009/2010,57700000,67649793.99,457588,Houston Rockets,11,HOU,Texas,West,Southwest,42,40,0.512,102.4,102.7,-0.02,Mike Harris,PF,26,64978,77163,8,0,10.3,1.3,3.4,0.37,0,0.1,0,1.3,3.3,0.385,0.37,0.6,1.1,0.556,1.1,1.4,2.5,0.4,0.5,0.1,1.1,1.3,3.1,82,6.4,0.404,0.037,0.333,12.1,16,14,5.6,2.5,0.9,22.5,21.6,-0.2,0.1,-0.1,-0.073,-7.4,-0.2,-7.6,-0.1
2009/2010,57700000,67649793.99,457588,Washington Wizards,30,WAS,Washington DC,East,Southeast,26,56,0.317,96.2,101,-4.72,Mike Harris,PF,26,64978,77163,5,0,2.8,0.2,0.6,0.333,0,0,,0.2,0.6,0.333,0.333,0.4,0.4,1,0.2,0.6,0.8,0,0.2,0,0,0.8,0.8,14,11.9,0.515,0,0.667,8.1,25,16.4,0,3.7,0,0,12.6,0,0,0.1,0.179,-4,-2.7,-6.7,0
2009/2010,57700000,67649793.99,457588,#N/A,#N/A,TOT,#N/A,#N/A,#N/A,#N/A,#N/A,#N/A,#N/A,#N/A,#N/A,Jason Hart,PG,31,521384,619161,5,0,4.4,0.2,0.4,0.5,0,0,,0.2,0.4,0.5,0.5,0,0,,0,0.4,0.4,1.2,0.4,0.2,0.6,0.8,0.4,22,8.7,0.5,0,0,0,10.9,5.3,36.4,4.6,3.5,60,10.3,0,0,0,-0.003,-7.6,0.4,-7.2,0
2009/2010,57700000,67649793.99,457588,Minnesota Timberwolves,18,MIN,Minnesota,West,Northwest,15,67,0.183,98.2,107.8,-9.06,Jason Hart,PG,31,521384,619161,1,0,5,0,1,0,0,0,,0,1,0,0,0,0,,0,0,0,1,1,0,0,0,0,5,9.3,0,0,0,0,0,0,25.5,10,0,0,8.7,0,0,0,-0.028,-8.4,0.7,-7.7,0
2009/2010,57700000,67649793.99,457588,New Orleans Hornets,19,NOH,Louisiana,West,Southwest,37,45,0.451,100.2,102.7,-2.27,Jason Hart,PG,31,521384,619161,4,0,4.3,0.3,0.3,1,0,0,,0.3,0.3,1,1,0,0,,0,0.5,0.5,1.3,0.3,0.3,0.8,1,0.5,17,8.5,1,0,0,0,14.1,6.9,39.6,3,4.5,75,10.8,0,0,0,0.004,-7.3,0.3,-7,0
2009/2010,57700000,67649793.99,457588,Miami Heat,16,MIA,Florida,East,Southeast,47,35,0.573,96.5,94.2,1.99,Udonis Haslem,PF,29,7100000,8431498,78,0,27.9,4,8.1,0.494,0,0,,4,8.1,0.494,0.494,1.9,2.5,0.762,2.1,5.9,8.1,0.7,0.4,0.3,1,2.2,9.9,2177,14.6,0.538,0,0.305,9.1,24.8,17,3.9,0.7,0.9,9.5,17.1,2.8,3.2,6,0.132,-2.3,-0.3,-2.6,-0.3
2009/2010,57700000,67649793.99,457588,New Jersey Nets,3,NJN,New Jersey,East,Atlantic,12,70,0.146,92.4,101.5,-8.93,Trenton Hassell,SF,30,4350000,5165777,52,31,21.3,1.7,4.2,0.411,0,0.1,0,1.7,4.1,0.421,0.411,1,1.3,0.754,1.1,1.8,2.9,1,0.3,0.2,0.9,1.8,4.5,1106,6.5,0.465,0.023,0.315,5.6,10.5,7.9,7.2,0.8,0.6,15.9,12.3,-0.4,0.3,-0.1,-0.003,-4.5,-0.7,-5.2,-0.9
2009/2010,57700000,67649793.99,457588,Sacramento Kings,26,SAC,California,West,Pacific,25,57,0.305,100,104.4,-4.06,Spencer Hawes,C,21,2332800,2770281,72,59,26.4,4.3,9.3,0.468,0.4,1.2,0.299,4,8,0.494,0.488,1,1.5,0.689,2,4,6.1,2.2,0.4,1.2,1.8,2.8,10,1904,13.8,0.507,0.131,0.159,8.6,17.7,13.1,13.2,0.9,3.2,15.5,19.6,0.5,1.6,2.1,0.054,-1.4,1.1,-0.3,0.8
2009/2010,57700000,67649793.99,457588,Houston Rockets,11,HOU,Texas,West,Southwest,42,40,0.512,102.4,102.7,-0.02,Chuck Hayes,C,26,2111750,2507777,82,82,21.6,2,4,0.489,0,0,,2,4,0.489,0.489,0.4,0.8,0.545,1.8,3.8,5.7,1.7,0.9,0.5,0.9,2.7,4.4,1773,11.7,0.5,0,0.201,9.4,21.1,15,11.4,2.1,1.8,17.1,10.8,1.2,2.4,3.6,0.098,-2.1,3.3,1.2,1.4
2009/2010,57700000,67649793.99,457588,New Jersey Nets,3,NJN,New Jersey,East,Atlantic,12,70,0.146,92.4,101.5,-8.93,Jarvis Hayes,SF,28,2062800,2449647,45,19,23,3.1,7.3,0.421,1.3,4,0.335,1.7,3.3,0.523,0.512,0.3,0.4,0.778,0.2,2.2,2.4,0.9,0.6,0.2,0.6,2,7.8,1033,9.7,0.521,0.546,0.055,1,11.5,6,6.7,1.5,0.6,7.7,16.2,0.3,0.5,0.8,0.038,-1.1,-1.8,-2.9,-0.2
2009/2010,57700000,67649793.99,457588,#N/A,#N/A,TOT,#N/A,#N/A,#N/A,#N/A,#N/A,#N/A,#N/A,#N/A,#N/A,Brendan Haywood,C,30,6000000,7125210,77,67,30.6,3.6,6.4,0.562,0,0,0,3.6,6.4,0.563,0.562,2,3.2,0.62,3.6,5.7,9.3,0.6,0.3,2.1,1.3,2.7,9.1,2355,16.1,0.588,0.002,0.499,13.5,21.5,17.5,2.8,0.6,5.1,14.2,13.5,3.7,3,6.7,0.137,-1,1.8,0.7,1.6
2009/2010,57700000,67649793.99,457588,Washington Wizards,30,WAS,Washington DC,East,Southeast,26,56,0.317,96.2,101,-4.72,Brendan Haywood,C,30,6000000,7125210,49,48,32.9,3.8,6.8,0.561,0,0,,3.8,6.8,0.561,0.561,2.1,3.2,0.646,4.1,6.3,10.3,0.4,0.4,2.1,1.4,3,9.8,1614,16.2,0.591,0,0.472,14.1,22.2,18.1,1.7,0.6,4.8,14.2,13.2,2.6,1.9,4.5,0.133,-1,1.2,0.2,0.9
2009/2010,57700000,67649793.99,457588,Dallas Mavericks,7,DAL,Texas,West,Southwest,55,27,0.671,102,99.3,2.66,Brendan Haywood,C,30,6000000,7125210,28,19,26.5,3.1,5.6,0.564,0,0,0,3.1,5.5,0.568,0.564,1.8,3.1,0.575,2.8,4.6,7.4,0.9,0.3,2,1.1,2.3,8.1,741,16.1,0.582,0.006,0.558,12.2,19.9,16.1,5,0.6,5.8,14.1,14,1.1,1.1,2.2,0.144,-1.1,3,1.9,0.7
2009/2010,57700000,67649793.99,457588,Indiana Pacers,12,IND,Indiana,East,Central,32,50,0.39,100.8,103.8,-3.11,Luther Head,SG,27,884881,1050827,47,10,17.3,2.9,6.6,0.437,0.8,2.2,0.352,2.1,4.4,0.481,0.497,1,1.2,0.828,0.1,1.6,1.7,1.5,0.4,0.2,1.1,1.1,7.6,813,11.5,0.53,0.338,0.186,0.8,10,5.4,14.8,1.1,0.8,13.8,21.2,-0.1,0.6,0.6,0.034,-2.2,-1.9,-4.1,-0.4
2009/2010,57700000,67649793.99,457588,Charlotte Bobcats,4,CHA,North Carolina,East,Southeast,44,38,0.537,95.3,93.8,1.3,Gerald Henderson,SG,22,1957080,2324101,43,0,8.3,0.9,2.4,0.356,0.1,0.4,0.211,0.8,2,0.388,0.375,0.8,1.1,0.745,0.3,0.9,1.3,0.3,0.2,0.2,0.3,0.6,2.6,355,9.7,0.453,0.183,0.452,5.2,13.3,9.3,6,1.5,2.1,10.1,18.2,-0.1,0.5,0.4,0.056,-4.7,-0.1,-4.7,-0.2
2009/2010,57700000,67649793.99,457588,Indiana Pacers,12,IND,Indiana,East,Central,32,50,0.39,100.8,103.8,-3.11,Roy Hibbert,C,23,1575360,1870795,81,69,25.1,4.8,9.7,0.495,0,0.1,0.5,4.7,9.6,0.495,0.497,2.1,2.8,0.754,2.2,3.5,5.7,2,0.4,1.6,1.8,3.5,11.7,2035,16.2,0.537,0.008,0.286,9.4,15.5,12.4,13.5,0.7,4.6,14.1,22.2,1.6,2.5,4.1,0.098,-1.4,1.8,0.3,1.2
2009/2010,57700000,67649793.99,457588,Cleveland Cavaliers,6,CLE,Ohio,East,Central,61,21,0.744,102.1,95.6,6.17,JJ Hickson,PF,21,1429200,1697225,81,73,20.9,3.6,6.4,0.554,0,0,0,3.6,6.4,0.555,0.554,1.4,2,0.681,1.4,3.6,4.9,0.5,0.4,0.5,1.1,1.6,8.5,1691,15.2,0.58,0.002,0.312,8.2,19.5,14.1,3.9,1.1,1.8,13.4,18.9,1.8,2.5,4.3,0.123,-2.3,-0.3,-2.6,-0.2
2009/2010,57700000,67649793.99,457588,Denver Nuggets,8,DEN,Colorado,West,Northwest,53,29,0.646,106.5,102.4,4.15,Nenê,C,27,10520000,12492868,82,82,33.6,5.1,8.7,0.587,0,0,0,5.1,8.7,0.589,0.587,3.6,5.1,0.704,2,5.6,7.6,2.5,1.4,1,1.5,3.4,13.8,2755,18.9,0.631,0.003,0.58,7,19.1,13.1,11.6,2.1,2.2,12.2,16.5,7.1,3.7,10.8,0.188,2.1,2.5,4.7,4.6
2009/2010,57700000,67649793.99,457588,San Antonio Spurs,27,SAS,Texas,West,Southwest,50,32,0.61,101.4,96.3,5.07,George Hill,PG,23,1081680,1284532,78,43,29.2,4.5,9.5,0.478,1,2.4,0.399,3.6,7.1,0.505,0.529,2.3,3,0.772,0.5,2.1,2.6,2.9,0.9,0.3,1.3,2.8,12.4,2276,14.7,0.572,0.255,0.321,2.2,8.2,5.3,15.5,1.6,0.8,10.7,19,4.1,2.6,6.7,0.142,1.3,0.2,1.5,2
2009/2010,57700000,67649793.99,457588,Phoenix Suns,24,PHO,Arizona,West,Pacific,54,28,0.659,110.2,105.3,4.67,Grant Hill,SF,37,3000000,3562605,81,81,30,4.1,8.7,0.478,0.4,1,0.438,3.7,7.7,0.483,0.503,2.5,3.1,0.817,0.9,4.6,5.5,2.4,0.7,0.4,1.3,2,11.3,2430,14,0.561,0.114,0.357,3.6,16.3,10.3,11.2,1.2,1,11.7,16.8,3.7,1.8,5.5,0.109,0.3,0.9,1.1,1.9
2009/2010,57700000,67649793.99,457588,#N/A,#N/A,TOT,#N/A,#N/A,#N/A,#N/A,#N/A,#N/A,#N/A,#N/A,#N/A,Jordan Hill,PF,22,2483280,2948982,47,0,13.3,2.1,4.3,0.493,0,0,0,2.1,4.2,0.497,0.493,1,1.4,0.676,1.6,2.1,3.7,0.4,0.3,0.4,0.6,2,5.2,624,15,0.528,0.01,0.338,13.5,18.7,16,5.2,1.1,2.5,11.5,18.7,0.8,0.6,1.4,0.105,-2.3,-0.8,-3.1,-0.2
2009/2010,57700000,67649793.99,457588,New York Knicks,20,NYK,New York,East,Atlantic,29,53,0.354,102.1,105.9,-4.01,Jordan Hill,PF,22,2483280,2948982,24,0,10.5,1.7,3.8,0.446,0,0.1,0,1.7,3.8,0.456,0.446,0.6,0.9,0.714,1.3,1.2,2.5,0.3,0.4,0.4,0.5,1.5,4,252,14,0.479,0.022,0.228,14.2,13.3,13.8,4.5,2,2.7,10.6,20.3,0.1,0.2,0.3,0.059,-3.2,-1.2,-4.4,-0.2
2009/2010,57700000,67649793.99,457588,Houston Rockets,11,HOU,Texas,West,Southwest,42,40,0.512,102.4,102.7,-0.02,Jordan Hill,PF,22,2483280,2948982,23,0,16.2,2.5,4.7,0.532,0,0,,2.5,4.7,0.532,0.532,1.3,2,0.66,1.9,3,5,0.6,0.2,0.5,0.8,2.4,6.4,372,15.7,0.567,0,0.431,13.1,22.4,17.6,5.6,0.5,2.3,12.2,17.6,0.6,0.4,1,0.135,-1.7,-0.5,-2.2,0
2009/2010,57700000,67649793.99,457588,Chicago Bulls,5,CHI,Illinois,East,Central,41,41,0.5,97.5,99.1,-1.64,Kirk Hinrich,SG,29,9500000,11281583,74,53,33.5,4.2,10.2,0.409,1.4,3.8,0.371,2.8,6.4,0.431,0.478,1.1,1.5,0.752,0.3,3.2,3.5,4.5,1.1,0.3,1.5,2.8,10.9,2481,11.6,0.501,0.372,0.15,1.1,10.4,5.8,20.5,1.8,0.7,12.3,16.6,1.2,2.8,4,0.077,-0.3,0.3,0,1.2
2009/2010,57700000,67649793.99,457588,Philadelphia 76ers,23,PHI,Pennsylvania,East,Atlantic,27,55,0.329,97.7,101.6,-3.93,Jrue Holiday,PG,19,1514280,1798260,73,51,24.2,3.2,7.1,0.442,0.8,2.2,0.39,2.3,4.9,0.465,0.502,0.9,1.2,0.756,0.8,1.8,2.6,3.8,1.1,0.2,2.1,2.1,8,1767,12.3,0.526,0.306,0.165,3.7,9.1,6.4,24.4,2.3,0.8,21.9,18.4,0.2,1,1.2,0.032,-0.8,-1,-1.8,0.1
2009/2010,57700000,67649793.99,457588,Minnesota Timberwolves,18,MIN,Minnesota,West,Northwest,15,67,0.183,98.2,107.8,-9.06,Ryan Hollins,C,25,2183333,2592784,73,27,16.8,2.3,4.2,0.558,0,0,0,2.3,4.1,0.56,0.558,1.5,2.2,0.69,1.1,1.8,2.8,0.7,0.3,0.5,1.3,2.7,6.1,1223,11,0.6,0.003,0.521,7.1,11.9,9.5,6.4,0.8,2.3,20.3,16.6,0.8,0.5,1.2,0.048,-2.6,-0.7,-3.3,-0.4
2009/2010,57700000,67649793.99,457588,Atlanta Hawks,1,ATL,Georgia,East,Southeast,53,29,0.646,101.7,97,4.44,Al Horford,C,23,4307640,5115473,81,81,35.1,5.8,10.5,0.551,0,0,1,5.8,10.4,0.551,0.552,2.6,3.3,0.789,2.9,7,9.9,2.3,0.7,1.1,1.5,2.8,14.2,2845,19.4,0.594,0.001,0.319,9.6,23.3,16.4,10.4,1.1,2.4,11.2,17.6,6.9,3.9,10.9,0.183,1.5,1.9,3.3,3.8
2009/2010,57700000,67649793.99,457588,#N/A,#N/A,TOT,#N/A,#N/A,#N/A,#N/A,#N/A,#N/A,#N/A,#N/A,#N/A,Eddie House,PG-SG,31,2862000,3398725,68,0,17.9,2.5,6.7,0.38,1.2,3.3,0.348,1.4,3.4,0.412,0.467,0.7,0.8,0.923,0.2,1.4,1.6,1.3,0.6,0.1,0.7,1.2,7,1217,10.5,0.495,0.499,0.114,1.3,9.3,5.3,11,1.7,0.5,9,20,0,1.1,1.1,0.042,-1.4,-1.8,-3.2,-0.4
2009/2010,57700000,67649793.99,457588,Boston Celtics,2,BOS,Massachusetts,East,Atlantic,50,32,0.61,99.2,95.6,3.37,Eddie House,PG,31,2862000,3398725,50,0,16.9,2.6,6.4,0.401,1.3,3.3,0.383,1.3,3.1,0.419,0.5,0.7,0.8,0.9,0.1,1.2,1.4,1,0.6,0.1,0.5,1.2,7.2,846,11.9,0.527,0.519,0.124,1,8.7,5,9.2,1.7,0.7,7.4,20.3,0.4,1,1.4,0.081,-0.3,-1.6,-1.9,0
2009/2010,57700000,67649793.99,457588,New York Knicks,20,NYK,New York,East,Atlantic,29,53,0.354,102.1,105.9,-4.01,Eddie House,SG,31,2862000,3398725,18,0,20.6,2.4,7.4,0.331,0.8,3.3,0.25,1.6,4.1,0.397,0.387,0.7,0.7,1,0.3,1.9,2.2,2.1,0.7,0,1.1,1.1,6.4,371,7.3,0.416,0.451,0.09,1.8,10.6,6.1,14.9,1.7,0,12.6,19.3,-0.5,0.1,-0.4,-0.047,-3.8,-2.3,-6.1,-0.4
2009/2010,57700000,67649793.99,457588,Orlando Magic,22,ORL,Florida,East,Southeast,59,23,0.72,102.8,95.3,7.12,Dwight Howard,C,24,15202590,18053608,82,82,34.7,6.2,10.2,0.612,0,0.1,0,6.2,10.1,0.617,0.612,5.9,10,0.592,3.5,9.7,13.2,1.8,0.9,2.8,3.3,3.5,18.3,2843,24,0.63,0.008,0.978,12,31.3,22,8.7,1.4,6,18.7,23.9,6.1,7.1,13.2,0.223,0.4,5,5.5,5.4
2009/2010,57700000,67649793.99,457588,#N/A,#N/A,TOT,#N/A,#N/A,#N/A,#N/A,#N/A,#N/A,#N/A,#N/A,#N/A,Josh Howard,SF,29,10890000,12932256,35,12,26.2,4.5,11.1,0.405,0.7,2.5,0.267,3.8,8.6,0.444,0.434,3.1,4,0.784,0.9,2.7,3.6,1.4,0.7,0.3,1.3,2.6,12.7,918,12.7,0.496,0.222,0.358,3.8,11.8,7.8,8.5,1.5,0.9,9.3,24.8,0.2,0.9,1,0.054,-1.8,-1.5,-3.3,-0.3
2009/2010,57700000,67649793.99,457588,Dallas Mavericks,7,DAL,Texas,West,Southwest,55,27,0.671,102,99.3,2.66,Josh Howard,SF,29,10890000,12932256,31,9,26.7,4.4,11,0.401,0.6,2.4,0.267,3.8,8.6,0.438,0.43,3,3.8,0.79,0.8,2.8,3.6,1.4,0.7,0.3,1.4,2.5,12.5,827,12,0.492,0.219,0.348,3.6,11.8,7.8,8.5,1.4,0.8,9.8,24.3,0,0.8,0.8,0.045,-2.1,-1.4,-3.5,-0.3
2009/2010,57700000,67649793.99,457588,Washington Wizards,30,WAS,Washington DC,East,Southeast,26,56,0.317,96.2,101,-4.72,Josh Howard,SF,29,10890000,12932256,4,3,22.8,5,11.5,0.435,0.8,2.8,0.273,4.3,8.8,0.486,0.467,3.8,5,0.75,1,2.3,3.3,1,0.8,0.5,0.8,3.3,14.5,91,19.2,0.529,0.239,0.435,5,11.6,8.2,8.2,1.7,1.7,5.2,28.8,0.2,0.1,0.3,0.139,1.3,-3.1,-1.9,0
2009/2010,57700000,67649793.99,457588,Portland Trail Blazers,25,POR,Oregon,West,Northwest,50,32,0.61,98.1,94.8,3.18,Juwan Howard,C,36,1306455,1551461,73,27,22.4,2.6,5.1,0.509,0,0,0,2.6,5.1,0.511,0.509,0.8,1,0.786,1.5,3.1,4.6,0.8,0.4,0.1,1,2.6,6,1632,10,0.538,0.003,0.187,8.1,17.3,12.7,5.9,0.9,0.5,15.1,13.9,1.1,1.6,2.6,0.077,-2.1,0.3,-1.7,0.1
2009/2010,57700000,67649793.99,457588,#N/A,#N/A,TOT,#N/A,#N/A,#N/A,#N/A,#N/A,#N/A,#N/A,#N/A,#N/A,Lester Hudson,PG,25,392987,466685,25,0,5.2,0.8,2.1,0.396,0.2,0.6,0.313,0.6,1.5,0.432,0.443,0.4,0.5,0.846,0.3,0.4,0.7,0.5,0.3,0.1,0.6,0.5,2.3,131,13.2,0.494,0.302,0.245,6.4,9.9,8.2,15.7,3.2,1.8,19.3,25,-0.1,0.2,0.1,0.029,-2.4,-0.2,-2.6,0
2009/2010,57700000,67649793.99,457588,Boston Celtics,2,BOS,Massachusetts,East,Atlantic,50,32,0.61,99.2,95.6,3.37,Lester Hudson,PG,25,392987,466685,16,0,4.4,0.4,1.1,0.389,0.2,0.3,0.6,0.3,0.8,0.308,0.472,0.3,0.4,0.833,0.2,0.3,0.5,0.5,0.2,0.1,0.6,0.4,1.4,70,8.7,0.533,0.278,0.333,5.4,8.5,7,17.1,2.2,2.3,30.4,19.9,-0.1,0.1,0,0.003,-4.7,0.7,-4.1,0
2009/2010,57700000,67649793.99,457588,Memphis Grizzlies,15,MEM,Tennessee,West,Southwest,40,42,0.488,102.5,104,-1.39,Lester Hudson,PG,25,392987,466685,9,0,6.8,1.6,3.9,0.4,0.2,1.2,0.182,1.3,2.7,0.5,0.429,0.7,0.8,0.857,0.4,0.7,1.1,0.6,0.6,0.1,0.6,0.6,4,61,18.3,0.473,0.314,0.2,7.6,11.5,9.6,14.1,4.2,1.2,11.6,30.9,0,0.1,0.1,0.06,0.4,-1.2,-0.9,0
2009/2010,57700000,67649793.99,457588,#N/A,#N/A,TOT,#N/A,#N/A,#N/A,#N/A,#N/A,#N/A,#N/A,#N/A,#N/A,Larry Hughes,SG,31,13655268,16216109,45,16,24.8,3,8.6,0.355,1,3.1,0.309,2.1,5.5,0.381,0.411,2.1,2.5,0.832,0.5,2.6,3.2,3,1.2,0.3,1.7,1.6,9.1,1115,12,0.472,0.36,0.293,2.4,12.4,7.3,18.9,2.4,1,14.7,20.9,-0.3,1,0.7,0.03,-2,-0.2,-2.2,-0.1
2009/2010,57700000,67649793.99,457588,New York Knicks,20,NYK,New York,East,Atlantic,29,53,0.354,102.1,105.9,-4.01,Larry Hughes,SG,31,13655268,16216109,31,14,26.5,3.3,9,0.366,0.9,3.1,0.289,2.4,5.9,0.407,0.416,2.1,2.5,0.823,0.5,3,3.5,3.5,1.3,0.4,1.8,1.7,9.6,820,12.3,0.473,0.348,0.283,2.2,13.3,7.6,20.1,2.5,1,15.1,20.4,-0.2,0.6,0.4,0.023,-2,-0.2,-2.2,0
2009/2010,57700000,67649793.99,457588,Charlotte Bobcats,4,CHA,North Carolina,East,Southeast,44,38,0.537,95.3,93.8,1.3,Larry Hughes,SG,31,13655268,16216109,14,2,21.1,2.5,7.6,0.327,1.1,3,0.357,1.4,4.6,0.308,0.397,2.1,2.4,0.853,0.5,1.8,2.3,2,0.9,0.3,1.4,1.2,8.1,295,11.1,0.467,0.393,0.318,2.9,10,6.5,15.8,2.2,1.1,13.5,22.2,-0.1,0.4,0.3,0.051,-2.1,-0.2,-2.3,0
2009/2010,57700000,67649793.99,457588,#N/A,#N/A,TOT,#N/A,#N/A,#N/A,#N/A,#N/A,#N/A,#N/A,#N/A,#N/A,Kris Humphries,PF,24,3200000,3800112,69,0,17.7,2.6,5.9,0.441,0,0,0,2.6,5.9,0.442,0.441,1.8,2.8,0.668,1.7,3.7,5.5,0.5,0.5,0.7,1,2.1,7.1,1221,15.1,0.495,0.002,0.466,11,25.1,17.8,4.5,1.5,2.9,11.8,21,0.3,1.6,1.9,0.074,-4.1,-0.5,-4.5,-0.8
2009/2010,57700000,67649793.99,457588,Dallas Mavericks,7,DAL,Texas,West,Southwest,55,27,0.671,102,99.3,2.66,Kris Humphries,PF,24,3200000,3800112,25,0,12.6,2.1,4.6,0.461,0,0,,2.1,4.6,0.461,0.461,1,1.8,0.568,1.5,2.3,3.8,0.3,0.3,0.4,0.5,1.7,5.2,315,14.8,0.487,0,0.383,14,20.5,17.3,3.6,1.2,2.6,8.8,21.5,0.2,0.4,0.6,0.097,-3.3,-1.2,-4.5,-0.2
2009/2010,57700000,67649793.99,457588,New Jersey Nets,3,NJN,New Jersey,East,Atlantic,12,70,0.146,92.4,101.5,-8.93,Kris Humphries,PF,24,3200000,3800112,44,0,20.6,2.9,6.7,0.433,0,0,0,2.9,6.6,0.435,0.433,2.3,3.3,0.699,1.9,4.6,6.4,0.6,0.7,0.8,1.2,2.3,8.1,906,15.1,0.498,0.003,0.498,10,26.7,18,4.8,1.7,3,12.9,20.8,0.1,1.1,1.3,0.066,-4.4,-0.2,-4.6,-0.6
2009/2010,57700000,67649793.99,457588,Golden State Warriors,10,GSW,California,West,Pacific,26,56,0.317,108.8,112.4,-3.28,Chris Hunter,C,25,632455,751062,60,9,13.1,1.8,3.6,0.502,0,0.1,0,1.8,3.6,0.512,0.502,0.9,1.2,0.754,0.9,1.9,2.8,0.6,0.2,0.6,0.5,2.2,4.5,783,12.2,0.546,0.018,0.318,7.9,16,11.9,6.7,0.8,3.2,10.8,15.2,0.9,0.4,1.3,0.08,-2.5,-0.6,-3.1,-0.2
2009/2010,57700000,67649793.99,457588,Chicago Bulls,5,CHI,Illinois,East,Central,41,41,0.5,97.5,99.1,-1.64,Lindsey Hunter,PG,39,1306455,1551461,13,0,9.4,0.4,2.3,0.167,0.1,1,0.077,0.3,1.3,0.235,0.183,0.2,0.2,1,0.1,1,1.1,0.7,0.1,0,0.3,0.9,1,122,-2.2,0.21,0.433,0.067,0.9,11.7,6.4,10.1,0.4,0,11.5,12.8,-0.4,0.1,-0.3,-0.117,-8.7,-1.4,-10.1,-0.2
2009/2010,57700000,67649793.99,457588,Atlanta Hawks,1,ATL,Georgia,East,Southeast,53,29,0.646,101.7,97,4.44,Othello Hunter,SF,23,307564,365243,7,0,4.7,0.6,1.7,0.333,0,0,,0.6,1.7,0.333,0.333,0.4,0.6,0.75,0.9,0.9,1.7,0,0,0.1,0.4,0.7,1.6,33,7.9,0.4,0,0.333,21,21.4,21.2,0,0,2.3,17.9,23.4,-0.1,0,0,-0.031,-9.2,-7.2,-16.5,-0.1
2009/2010,57700000,67649793.99,457588,Memphis Grizzlies,15,MEM,Tennessee,West,Southwest,40,42,0.488,102.5,104,-1.39,Steven Hunter,C,28,3696000,4389129,21,0,7.5,0.8,2,0.395,0,0,,0.8,2,0.395,0.395,0.9,1.7,0.528,0.9,1.1,2,0,0,0.5,0.4,0.5,2.5,158,11.6,0.45,0,0.837,13.3,17.8,15.5,0,0.3,4.8,13.3,18.8,-0.1,0.1,0.1,0.018,-6.6,-4.2,-10.9,-0.4
2009/2010,57700000,67649793.99,457588,Oklahoma City Thunder,21,OKC,Oklahoma,West,Northwest,50,32,0.61,101.5,98,3.55,Serge Ibaka,PF,20,1120200,1330276,73,0,18.1,2.8,5.1,0.543,0,0,0.5,2.7,5,0.543,0.545,0.8,1.3,0.63,1.9,3.5,5.4,0.1,0.3,1.3,0.9,2.7,6.3,1323,15.2,0.562,0.005,0.249,12.3,21.9,17.2,1.2,1,5.5,14.2,16.2,1.3,2.4,3.7,0.134,-3.1,0.8,-2.4,-0.1
2009/2010,57700000,67649793.99,457588,Philadelphia 76ers,23,PHI,Pennsylvania,East,Atlantic,27,55,0.329,97.7,101.6,-3.93,Andre Iguodala,SF,26,12200000,14487927,82,82,38.9,6,13.7,0.443,1.1,3.7,0.31,4.9,10,0.492,0.485,3.8,5.2,0.733,1,5.5,6.5,5.8,1.7,0.7,2.7,1.8,17.1,3193,17.8,0.535,0.271,0.384,3,16.8,9.8,23.7,2.3,1.4,14.3,21.8,4,2.8,6.7,0.101,1.9,0.8,2.7,3.8
2009/2010,57700000,67649793.99,457588,Cleveland Cavaliers,6,CLE,Ohio,East,Central,61,21,0.744,102.1,95.6,6.17,Zydrunas Ilgauskas,C,34,11541074,13705430,64,6,20.9,3,6.8,0.443,0.2,0.4,0.478,2.9,6.5,0.441,0.455,1.2,1.6,0.743,1.8,3.6,5.4,0.8,0.2,0.8,1,2.9,7.4,1339,11.9,0.491,0.053,0.231,10.7,19.6,15.3,5.6,0.5,2.9,11.6,19,0.5,2,2.5,0.088,-3.3,0.2,-3.2,-0.4
2009/2010,57700000,67649793.99,457588,Los Angeles Lakers,14,LAL,California,West,Pacific,57,25,0.695,101.7,97,4.78,Didier Ilunga-Mbenga,C,29,959111,1138977,49,2,7.2,1,2.1,0.466,0,0,,1,2.1,0.466,0.466,0.2,0.4,0.474,0.7,1.1,1.8,0.2,0.1,0.6,0.3,1.1,2.1,355,11.6,0.471,0,0.184,10.2,17.2,13.7,3.4,0.7,6.2,11.9,16,0,0.6,0.6,0.084,-5.1,1.7,-3.4,-0.1
2009/2010,57700000,67649793.99,457588,Milwaukee Bucks,17,MIL,Wisconsin,East,Central,46,36,0.561,97.7,96,1.37,Ersan Ilyasova,PF,22,2100000,2493823,81,31,23.4,4,9,0.443,1,3,0.336,3,6,0.496,0.499,1.4,2,0.715,1.9,4.4,6.4,1,0.7,0.3,0.9,3.1,10.4,1898,15.7,0.526,0.331,0.217,9,22.6,15.5,7.5,1.5,1,8.2,20.8,2.5,3.3,5.8,0.146,0.3,0.5,0.8,1.3
2009/2010,57700000,67649793.99,457588,#N/A,#N/A,TOT,#N/A,#N/A,#N/A,#N/A,#N/A,#N/A,#N/A,#N/A,#N/A,Allen Iverson,SG-PG,34,1191180,1414567,28,24,30.9,4.9,11.3,0.43,0.3,0.9,0.36,4.5,10.4,0.436,0.445,3.7,4.7,0.794,0.6,2.3,2.8,4,0.7,0.1,2.3,1.7,13.8,865,13.4,0.515,0.079,0.415,2.1,8.7,5.4,21,1.2,0.2,14.6,23,0.5,0.2,0.7,0.037,-1.4,-2.8,-4.2,-0.5
2009/2010,57700000,67649793.99,457588,Memphis Grizzlies,15,MEM,Tennessee,West,Southwest,40,42,0.488,102.5,104,-1.39,Allen Iverson,PG,34,1191180,1414567,3,0,22.3,5,8.7,0.577,0.3,0.3,1,4.7,8.3,0.56,0.596,2,4,0.5,0.3,1,1.3,3.7,0.3,0,2.3,1.7,12.3,67,16.9,0.591,0.038,0.462,1.7,5.2,3.5,28,0.8,0,18.3,25,0.1,0,0.1,0.074,-0.2,-5.1,-5.3,-0.1
2009/2010,57700000,67649793.99,457588,Philadelphia 76ers,23,PHI,Pennsylvania,East,Atlantic,27,55,0.329,97.7,101.6,-3.93,Allen Iverson,SG,34,1191180,1414567,25,24,31.9,4.8,11.6,0.417,0.3,1,0.333,4.5,10.6,0.425,0.431,3.9,4.8,0.824,0.6,2.4,3,4.1,0.7,0.1,2.3,1.7,13.9,798,13.1,0.508,0.083,0.41,2.2,9,5.5,20.4,1.2,0.2,14.3,22.8,0.4,0.2,0.6,0.034,-1.5,-2.6,-4.1,-0.4
2009/2010,57700000,67649793.99,457588,#N/A,#N/A,TOT,#N/A,#N/A,#N/A,#N/A,#N/A,#N/A,#N/A,#N/A,#N/A,Royal Ivey,SG,28,1050000,1246911,44,0,7.4,0.8,1.9,0.422,0.3,0.8,0.4,0.5,1.1,0.438,0.506,0.2,0.3,0.75,0.1,0.6,0.8,0.6,0.4,0,0.3,0.9,2.1,326,11,0.527,0.422,0.145,2.1,10.3,6.1,12.4,3.1,0.5,11.1,13.8,0.2,0.3,0.6,0.086,-1.1,-0.3,-1.4,0
2009/2010,57700000,67649793.99,457588,Philadelphia 76ers,23,PHI,Pennsylvania,East,Atlantic,27,55,0.329,97.7,101.6,-3.93,Royal Ivey,SG,28,1050000,1246911,26,0,9.1,1,2.1,0.473,0.5,0.9,0.5,0.5,1.2,0.452,0.582,0.2,0.3,0.857,0.2,0.8,1,0.7,0.4,0.1,0.2,1,2.7,236,12.6,0.603,0.436,0.127,2.5,10.7,6.5,10.8,2.2,0.7,7.9,12.2,0.4,0.1,0.6,0.117,0.3,-1.2,-1,0.1
2009/2010,57700000,67649793.99,457588,Milwaukee Bucks,17,MIL,Wisconsin,East,Central,46,36,0.561,97.7,96,1.37,Royal Ivey,SG,28,1050000,1246911,18,0,5,0.5,1.6,0.321,0.1,0.6,0.182,0.4,0.9,0.412,0.357,0.2,0.3,0.6,0.1,0.4,0.4,0.6,0.5,0,0.3,0.8,1.3,90,6.8,0.381,0.393,0.179,1.2,9.3,5,16.8,5.2,0,16.6,18.2,-0.2,0.2,0,0.003,-4.8,2.2,-2.7,0
2009/2010,57700000,67649793.99,457588,Toronto Raptors,28,TOR,Ontario,East,Atlantic,40,42,0.488,104.1,105.9,-1.83,Jarrett Jack,PG,26,4500000,5343907,82,43,27.4,3.9,8.2,0.481,1,2.4,0.412,2.9,5.8,0.511,0.542,2.5,2.9,0.842,0.4,2.3,2.7,5,0.7,0.1,2,1.8,11.4,2243,16.3,0.599,0.297,0.359,1.6,9.8,5.8,27.7,1.4,0.2,17.3,19.1,4.5,0.2,4.8,0.102,2.5,-2.3,0.1,1.2
2009/2010,57700000,67649793.99,457588,#N/A,#N/A,TOT,#N/A,#N/A,#N/A,#N/A,#N/A,#N/A,#N/A,#N/A,#N/A,Cedric Jackson,PG,23,53834,63929,12,0,6.2,0.5,1.7,0.3,0.1,0.5,0.167,0.4,1.2,0.357,0.325,0.6,1,0.583,0.2,0.5,0.7,1.2,0.3,0.2,0.9,0.6,1.7,74,5.5,0.396,0.3,0.6,3.1,9.4,6.3,27.1,2.1,1.9,30.3,22.4,-0.3,0.1,-0.2,-0.111,-7.1,-0.4,-7.5,-0.1
2009/2010,57700000,67649793.99,457588,Cleveland Cavaliers,6,CLE,Ohio,East,Central,61,21,0.744,102.1,95.6,6.17,Cedric Jackson,PG,23,53834,63929,5,0,2,0,0.4,0,0,0.2,0,0,0.2,0,0,0.2,0.8,0.25,0,0.2,0.2,0.4,0,0,0.2,0,0.2,10,-6.6,0.133,0.5,2,0,11.3,6,25.5,0,0,21,22.2,-0.1,0,-0.1,-0.336,-13.3,-3.6,-16.8,0
2009/2010,57700000,67649793.99,457588,San Antonio Spurs,27,SAS,Texas,West,Southwest,50,32,0.61,101.4,96.3,5.07,Cedric Jackson,PG,23,53834,63929,3,0,8.3,0.7,2.3,0.286,0,0.7,0,0.7,1.7,0.4,0.286,1,1.3,0.75,0.3,1,1.3,2,1,0.7,0.7,0.7,2.3,25,19.2,0.4,0.286,0.571,4.8,13.8,9.4,33.5,6.3,5.8,18.6,19.7,0,0.1,0.1,0.124,-1.7,7.1,5.4,0
2009/2010,57700000,67649793.99,457588,Washington Wizards,30,WAS,Washington DC,East,Southeast,26,56,0.317,96.2,101,-4.72,Cedric Jackson,PG,23,53834,63929,4,0,9.8,1,2.8,0.364,0.3,0.8,0.333,0.8,2,0.375,0.409,0.8,1,0.75,0.3,0.5,0.8,1.5,0,0,2,1.3,3,39,-0.2,0.47,0.273,0.364,2.9,6,4.4,23.5,0,0,38.5,24.1,-0.2,0,-0.2,-0.204,-9,-4.4,-13.4,-0.1
2009/2010,57700000,67649793.99,457588,#N/A,#N/A,TOT,#N/A,#N/A,#N/A,#N/A,#N/A,#N/A,#N/A,#N/A,#N/A,Darnell Jackson,PF,24,736420,874524,28,0,4.4,0.3,1.1,0.3,0,0.1,0.25,0.3,0.9,0.308,0.317,0.1,0.2,0.667,0.3,0.5,0.8,0.1,0.1,0.1,0.5,0.8,0.8,123,-0.1,0.352,0.133,0.2,9,12,10.6,4.6,0.9,2.5,28.5,17.2,-0.4,0.2,-0.3,-0.104,-9.2,-0.1,-9.3,-0.2
2009/2010,57700000,67649793.99,457588,Cleveland Cavaliers,6,CLE,Ohio,East,Central,61,21,0.744,102.1,95.6,6.17,Darnell Jackson,PF,24,736420,874524,27,0,4.2,0.3,0.9,0.32,0,0.1,0.333,0.3,0.8,0.318,0.34,0.1,0.2,0.667,0.3,0.4,0.7,0.1,0.1,0.1,0.5,0.7,0.8,114,0.4,0.38,0.12,0.24,8.8,11.9,10.4,4.9,0.9,2.7,32,16.6,-0.4,0.1,-0.2,-0.094,-8.8,0.5,-8.3,-0.2
2009/2010,57700000,67649793.99,457588,Milwaukee Bucks,17,MIL,Wisconsin,East,Central,46,36,0.561,97.7,96,1.37,Darnell Jackson,PF,24,736420,874524,1,0,9,1,5,0.2,0,1,0,1,4,0.25,0.2,0,0,,1,1,2,0,0,0,0,2,2,9,-6.3,0.2,0.2,0,12,13.3,12.6,0,0,0,0,25.2,-0.1,0,0,-0.227,-13.3,-8,-21.2,0
2009/2010,57700000,67649793.99,457588,#N/A,#N/A,TOT,#N/A,#N/A,#N/A,#N/A,#N/A,#N/A,#N/A,#N/A,#N/A,Stephen Jackson,SG-PF,31,7650000,9084643,81,81,38.6,7.4,17.5,0.423,1.6,4.9,0.328,5.8,12.7,0.46,0.469,4.2,5.4,0.779,1,4,5,3.7,1.6,0.5,3.2,2.4,20.6,3129,15.6,0.518,0.277,0.306,3,12.2,7.7,17.7,2.2,1.1,13.9,27.5,0.5,4.6,5,0.077,0.3,0.5,0.8,2.2
2009/2010,57700000,67649793.99,457588,Golden State Warriors,10,GSW,California,West,Pacific,26,56,0.317,108.8,112.4,-3.28,Stephen Jackson,PF,31,7650000,9084643,9,9,33.3,6.2,14.8,0.421,1.2,4.4,0.275,5,10.3,0.484,0.462,2.9,4.1,0.703,0.7,3.2,3.9,4.7,1.6,0.7,2.9,1.8,16.6,300,14.5,0.499,0.301,0.278,2.2,10.9,6.5,21.3,2.2,1.4,14.8,25,-0.1,0.2,0,0.008,-1.1,-1.5,-2.6,0
2009/2010,57700000,67649793.99,457588,Charlotte Bobcats,4,CHA,North Carolina,East,Southeast,44,38,0.537,95.3,93.8,1.3,Stephen Jackson,SG,31,7650000,9084643,72,72,39.3,7.6,17.8,0.423,1.6,4.9,0.334,5.9,12.9,0.457,0.469,4.3,5.5,0.786,1,4.1,5.1,3.6,1.6,0.5,3.2,2.5,21.1,2829,15.7,0.52,0.275,0.309,3.1,12.3,7.8,17.3,2.2,1.1,13.8,27.8,0.6,4.4,5,0.085,0.5,0.7,1.2,2.3
2009/2010,57700000,67649793.99,457588,Cleveland Cavaliers,6,CLE,Ohio,East,Central,61,21,0.744,102.1,95.6,6.17,LeBron James,SF,25,15779912,18739198,76,76,39,10.1,20.1,0.503,1.7,5.1,0.333,8.4,15,0.56,0.545,7.8,10.2,0.767,0.9,6.4,7.3,8.6,1.6,1,3.4,1.6,29.7,2966,31.1,0.604,0.253,0.506,3,18.5,11.1,41.8,2.2,2,12.3,33.5,13.3,5.2,18.5,0.299,9.7,2.8,12.5,10.9
2009/2010,57700000,67649793.99,457588,Washington Wizards,30,WAS,Washington DC,East,Southeast,26,56,0.317,96.2,101,-4.72,Mike James,PG,34,6466600,7679314,4,0,11.5,1.5,5,0.3,0.5,1.5,0.333,1,3.5,0.286,0.35,1,2,0.5,0.3,0.5,0.8,1.3,0.8,0,1.3,0.8,4.5,46,5.5,0.383,0.3,0.4,2.5,5.1,3.8,17.3,3.4,0,17.5,28.1,-0.2,0,-0.1,-0.14,-5.9,-2.5,-8.5,-0.1
2009/2010,57700000,67649793.99,457588,#N/A,#N/A,TOT,#N/A,#N/A,#N/A,#N/A,#N/A,#N/A,#N/A,#N/A,#N/A,Antawn Jamison,PF,33,11641095,13824208,66,64,36.5,7.2,15.7,0.461,1.3,3.7,0.344,6,12,0.498,0.502,2.9,4.5,0.647,2.1,6.3,8.4,1.3,1.1,0.3,1.4,2.7,18.7,2406,17.3,0.529,0.238,0.29,6.6,20.1,13.4,6.1,1.5,0.7,7.2,23.9,3,2.8,5.8,0.115,0.6,-1.1,-0.5,0.9
2009/2010,57700000,67649793.99,457588,Washington Wizards,30,WAS,Washington DC,East,Southeast,26,56,0.317,96.2,101,-4.72,Antawn Jamison,PF,33,11641095,13824208,41,41,38.9,7.7,17.1,0.45,1.4,4.1,0.345,6.3,13,0.483,0.491,3.7,5.3,0.7,2.4,6.4,8.8,1.3,1,0.2,1.5,2.7,20.5,1595,17.5,0.528,0.24,0.31,7,19.3,13.1,5.8,1.4,0.4,7.1,24.3,2.3,1.4,3.7,0.112,1.2,-1.7,-0.5,0.6
2009/2010,57700000,67649793.99,457588,Cleveland Cavaliers,6,CLE,Ohio,East,Central,61,21,0.744,102.1,95.6,6.17,Antawn Jamison,PF,33,11641095,13824208,25,23,32.4,6.5,13.4,0.485,1.1,3.2,0.342,5.4,10.3,0.529,0.525,1.7,3.3,0.506,1.5,6.2,7.7,1.3,1.1,0.5,1.2,2.7,15.8,811,16.7,0.53,0.235,0.247,5.7,21.8,14.2,6.8,1.8,1.1,7.5,23.1,0.7,1.4,2.1,0.122,-0.5,-0.1,-0.6,0.3
2009/2010,57700000,67649793.99,457588,Minnesota Timberwolves,18,MIN,Minnesota,West,Northwest,15,67,0.183,98.2,107.8,-9.06,Nathan Jawai,C,23,736420,874524,39,2,10.6,1.3,2.8,0.441,0,0,0,1.3,2.8,0.445,0.441,0.7,1,0.684,1.3,1.4,2.7,0.6,0.3,0.2,0.7,1.5,3.2,412,11,0.485,0.009,0.342,13.1,15.2,14.1,8.7,1.2,1.6,17.5,16.3,0,0.2,0.3,0.031,-3,-0.5,-3.5,-0.2
2009/2010,57700000,67649793.99,457588,Utah Jazz,29,UTA,Utah,West,Northwest,53,29,0.646,104.2,98.9,5.33,Othyus Jeffers,SG,24,#N/A,#N/A,14,0,5.2,0.9,2.1,0.414,0,0,,0.9,2.1,0.414,0.414,0.9,1.4,0.684,0.6,0.8,1.4,0.1,0.3,0,0.4,0.7,2.6,73,13.6,0.495,0,0.655,13.3,17.4,15.4,2.1,2.8,0,13.8,26.7,0,0.1,0.1,0.067,-5,-3.5,-8.5,-0.1
2009/2010,57700000,67649793.99,457588,Minnesota Timberwolves,18,MIN,Minnesota,West,Northwest,15,67,0.183,98.2,107.8,-9.06,Al Jefferson,C,25,12000000,14250420,76,76,32.4,7.4,14.8,0.498,0,0.1,0,7.4,14.8,0.5,0.498,2.4,3.5,0.68,2.4,6.9,9.3,1.8,0.8,1.3,1.8,2.7,17.1,2463,19,0.524,0.004,0.236,8,24.2,16,10,1.3,3,9.9,24.3,2.3,2.3,4.6,0.09,-0.9,0.5,-0.4,1
2009/2010,57700000,67649793.99,457588,San Antonio Spurs,27,SAS,Texas,West,Southwest,50,32,0.61,101.4,96.3,5.07,Richard Jefferson,SF,29,14200000,16862997,81,70,31.1,4.5,9.6,0.467,0.7,2.3,0.316,3.7,7.3,0.515,0.505,2.6,3.5,0.735,0.7,3.7,4.4,2,0.6,0.5,1.3,2.2,12.3,2520,13.1,0.551,0.241,0.37,2.7,13.6,8.3,9.6,0.9,1.1,10.4,18.3,3,3,6,0.113,-0.3,0.6,0.3,1.5
2009/2010,57700000,67649793.99,457588,#N/A,#N/A,TOT,#N/A,#N/A,#N/A,#N/A,#N/A,#N/A,#N/A,#N/A,#N/A,Jared Jeffries,PF-SF,28,6466600,7679314,70,37,25.6,2,4.5,0.439,0.3,1,0.296,1.7,3.5,0.481,0.473,1.1,1.7,0.625,1.9,2.3,4.1,1.4,0.9,1,1.1,2.9,5.3,1794,9.8,0.507,0.226,0.382,8.1,10.3,9.1,8,1.8,2.9,17.2,11.1,0.9,1.3,2.2,0.058,-1.8,2.1,0.3,1
2009/2010,57700000,67649793.99,457588,New York Knicks,20,NYK,New York,East,Atlantic,29,53,0.354,102.1,105.9,-4.01,Jared Jeffries,PF,28,6466600,7679314,52,37,28.1,2,4.4,0.443,0.4,1.2,0.323,1.6,3.2,0.488,0.487,1.2,1.8,0.645,1.9,2.4,4.3,1.6,1,1.1,1.2,3,5.5,1462,9.7,0.524,0.27,0.404,7.6,9.8,8.7,7.9,1.9,3,18.6,10.3,0.8,1,1.7,0.057,-1.6,2.2,0.6,1
2009/2010,57700000,67649793.99,457588,Houston Rockets,11,HOU,Texas,West,Southwest,42,40,0.512,102.4,102.7,-0.02,Jared Jeffries,SF,28,6466600,7679314,18,0,18.4,2,4.7,0.429,0.1,0.5,0.111,1.9,4.2,0.467,0.435,0.8,1.5,0.556,1.7,1.9,3.6,1,0.5,0.7,0.8,2.6,4.9,332,10.1,0.459,0.107,0.321,10.3,12.2,11.2,8.1,1.4,2.9,12.7,14.6,0.1,0.3,0.4,0.058,-2.7,1.4,-1.2,0.1
2009/2010,57700000,67649793.99,457588,Milwaukee Bucks,17,MIL,Wisconsin,East,Central,46,36,0.561,97.7,96,1.37,Brandon Jennings,PG,20,2168520,2575193,82,82,32.6,5.5,14.8,0.371,1.8,4.7,0.374,3.7,10.1,0.37,0.431,2.7,3.3,0.817,0.6,2.8,3.4,5.7,1.3,0.2,2.4,2.3,15.5,2671,14.5,0.475,0.319,0.225,2,10.4,6,29.6,2.1,0.5,13,26.1,0.3,3.9,4.2,0.075,0.6,0.2,0.9,1.9
2009/2010,57700000,67649793.99,457588,Detroit Pistons,9,DET,Michigan,East,Central,27,55,0.329,94,99.1,-5.02,Jonas Jerebko,PF,22,457588,543401,80,73,27.9,3.6,7.5,0.481,0.5,1.4,0.313,3.2,6.1,0.52,0.511,1.6,2.2,0.71,2.4,3.6,6,0.7,1,0.4,1,2.9,9.3,2232,13.9,0.545,0.191,0.292,9.9,16.5,13,4.2,1.9,1.1,10.8,15.7,2.9,1.5,4.4,0.095,0.1,-0.3,-0.2,1
2009/2010,57700000,67649793.99,457588,New Jersey Nets,3,NJN,New Jersey,East,Atlantic,12,70,0.146,92.4,101.5,-8.93,Yi Jianlian,PF,22,3194400,3793462,52,51,31.8,4.4,10.8,0.403,0.3,0.8,0.366,4.1,10,0.406,0.417,3,3.7,0.798,2.2,4.9,7.2,0.9,0.7,1,1.5,3.3,12,1655,12.3,0.481,0.073,0.343,7.7,18.7,13,4.9,1.2,2.3,10.6,20.1,0,1.3,1.3,0.037,-3.4,-0.6,-4,-0.8
2009/2010,57700000,67649793.99,457588,Toronto Raptors,28,TOR,Ontario,East,Atlantic,40,42,0.488,104.1,105.9,-1.83,Amir Johnson,PF,22,3666666,4354294,82,5,17.7,2.5,4.1,0.623,0,0,0,2.5,4,0.63,0.623,1.2,1.8,0.638,1.9,2.9,4.8,0.6,0.5,0.8,0.8,3.1,6.2,1453,16.7,0.639,0.012,0.446,12.9,19.1,16.1,5,1.6,3.5,13.6,14.5,3.4,1.1,4.5,0.15,1.4,0.8,2.1,1.5
2009/2010,57700000,67649793.99,457588,Orlando Magic,22,ORL,Florida,East,Southeast,59,23,0.72,102.8,95.3,7.12,Anthony Johnson,PG,35,2160000,2565075,31,0,13.1,1.6,3.6,0.441,0.4,1.3,0.333,1.2,2.3,0.5,0.5,0.6,0.6,0.95,0.3,1.3,1.5,2,0.4,0,0.8,1,4.2,406,12.4,0.543,0.351,0.18,2.4,11,6.8,24.2,1.4,0.2,17.8,16.7,0.5,0.5,1,0.116,-0.6,-0.2,-0.8,0.1
2009/2010,57700000,67649793.99,457588,Chicago Bulls,5,CHI,Illinois,East,Central,41,41,0.5,97.5,99.1,-1.64,James Johnson,PF,22,1594080,1893025,65,11,11.6,1.5,3.2,0.452,0.2,0.7,0.326,1.2,2.5,0.488,0.488,0.8,1.1,0.729,0.5,1.4,2,0.7,0.3,0.7,1,1.9,3.9,757,10.4,0.532,0.219,0.333,5.1,13.6,9.4,9.8,1.4,4.3,20.5,18,-0.3,1.1,0.8,0.054,-3.8,1.7,-2.1,0
2009/2010,57700000,67649793.99,457588,Atlanta Hawks,1,ATL,Georgia,East,Southeast,53,29,0.646,101.7,97,4.44,Joe Johnson,SG,28,14976754,17785420,76,76,38,8.4,18.2,0.458,1.7,4.6,0.369,6.7,13.6,0.488,0.505,2.9,3.5,0.818,1,3.7,4.6,4.9,1.1,0.1,1.9,1.9,21.3,2886,19.3,0.538,0.253,0.194,3,11.4,7.1,22,1.5,0.1,8.8,26.3,6,2.4,8.4,0.14,3.5,-1.3,2.2,3
2009/2010,57700000,67649793.99,457588,Indiana Pacers,12,IND,Indiana,East,Central,32,50,0.39,100.8,103.8,-3.11,Dahntay Jones,SF,29,2500000,2968837,76,26,24.9,3.8,8.2,0.461,0.1,0.4,0.125,3.7,7.8,0.479,0.464,2.6,3.4,0.77,0.6,2.4,3,2,0.5,0.5,1.7,3.1,10.2,1892,10.8,0.527,0.051,0.413,2.7,10.5,6.6,12.9,1,1.5,14.9,20.1,0.1,1.6,1.8,0.045,-3.2,-0.3,-3.6,-0.8
2009/2010,57700000,67649793.99,457588,Phoenix Suns,24,PHO,Arizona,West,Pacific,54,28,0.659,110.2,105.3,4.67,Dwayne Jones,PF,26,#N/A,#N/A,2,0,3.5,0,0,,0,0,,0,0,,,0,0,,0,1,1,0,0,0,0,0.5,0,7,1.4,,,,0,30.5,16.1,0,0,0,,0,0,0,0,0.045,-7.4,-0.8,-8.2,0
2009/2010,57700000,67649793.99,457588,Miami Heat,16,MIA,Florida,East,Southeast,47,35,0.573,96.5,94.2,1.99,James Jones,SF,29,4320000,5130151,36,6,14,1.2,3.3,0.361,1,2.5,0.411,0.2,0.8,0.207,0.517,0.6,0.8,0.821,0.1,1.1,1.3,0.5,0.3,0.1,0.3,1.3,4.1,503,8.8,0.556,0.756,0.235,0.9,9.5,5.3,5.1,1.2,0.6,7.7,13.3,0.5,0.5,1,0.099,-0.5,-1,-1.5,0.1
2009/2010,57700000,67649793.99,457588,Indiana Pacers,12,IND,Indiana,East,Central,32,50,0.39,100.8,103.8,-3.11,Solomon Jones,C,25,1620000,1923806,52,2,13,1.5,3.4,0.443,0,0.1,0,1.5,3.3,0.451,0.443,1,1.4,0.718,1,1.8,2.8,0.6,0.3,0.7,0.8,2.4,4,675,9.9,0.499,0.017,0.403,8.2,15.1,11.6,7.3,1,3.9,16.2,16.1,0,0.8,0.8,0.058,-4.5,1.4,-3.1,-0.2
2009/2010,57700000,67649793.99,457588,Los Angeles Clippers,13,LAC,California,West,Pacific,29,53,0.354,95.7,102.1,-6.01,DeAndre Jordan,C,21,736420,874524,70,12,16.2,2.1,3.4,0.605,0,0,0,2.1,3.4,0.61,0.605,0.7,1.8,0.375,1.7,3.3,5,0.3,0.2,0.9,1.1,2.2,4.8,1137,12.7,0.571,0.008,0.538,12.4,23.6,17.9,2.9,0.7,4,20.3,14.7,0.2,1.2,1.5,0.061,-3.9,0.3,-3.7,-0.5
2009/2010,57700000,67649793.99,457588,Los Angeles Clippers,13,LAC,California,West,Pacific,29,53,0.354,95.7,102.1,-6.01,Chris Kaman,C,27,10400000,12350364,76,76,34.3,7.8,15.8,0.49,0,0.1,0,7.8,15.7,0.492,0.49,3,4,0.749,2.4,6.8,9.3,1.6,0.5,1.2,2.9,2.8,18.5,2608,16.5,0.527,0.005,0.255,8.1,23.2,15.6,8.6,0.7,2.7,14.3,27.1,0,2.4,2.4,0.044,-2.8,-0.4,-3.2,-0.8
2009/2010,57700000,67649793.99,457588,Philadelphia 76ers,23,PHI,Pennsylvania,East,Atlantic,27,55,0.329,97.7,101.6,-3.93,Jason Kapono,SF,28,6212960,7378107,57,12,17.1,2.2,5.3,0.419,1.1,3,0.368,1.1,2.3,0.485,0.523,0.2,0.3,0.6,0.2,0.9,1.2,0.7,0.4,0.1,0.6,1.4,5.7,976,8.4,0.527,0.568,0.05,1.7,6.4,4,6.1,1.1,0.5,10,15.9,0.3,0.1,0.5,0.023,-1,-3.1,-4.1,-0.5
2009/2010,57700000,67649793.99,457588,#N/A,#N/A,TOT,#N/A,#N/A,#N/A,#N/A,#N/A,#N/A,#N/A,#N/A,#N/A,Coby Karl,SF-SG,26,355215,421829,7,1,16.1,1.6,4.6,0.344,0.3,1.6,0.182,1.3,3,0.429,0.375,0.6,0.9,0.667,0.6,2,2.6,2.1,0.4,0.1,1.4,2,4,113,5.1,0.404,0.344,0.188,3.9,14,8.9,17.9,1.3,0.6,22.4,17,-0.2,0,-0.2,-0.076,-5.5,-1.6,-7.1,-0.1
2009/2010,57700000,67649793.99,457588,Cleveland Cavaliers,6,CLE,Ohio,East,Central,61,21,0.744,102.1,95.6,6.17,Coby Karl,SG,26,355215,421829,3,0,1.7,0,0,,0,0,,0,0,,,0,0,,0,0.7,0.7,0,0,0,1.3,0,0,5,-38.1,,,,0,45.4,23.8,0,0,0,100,37.3,-0.1,0,-0.1,-1.112,-45.3,-0.9,-46.2,-0.1
2009/2010,57700000,67649793.99,457588,Golden State Warriors,10,GSW,California,West,Pacific,26,56,0.317,108.8,112.4,-3.28,Coby Karl,SF,26,355215,421829,4,1,27,2.8,8,0.344,0.5,2.8,0.182,2.3,5.3,0.429,0.375,1,1.5,0.667,1,3,4,3.8,0.8,0.3,1.5,3.5,7,108,7.1,0.404,0.344,0.188,4.1,12.5,8.2,18.7,1.3,0.7,14.8,16.1,-0.1,0,-0.1,-0.028,-3.6,-1.7,-5.3,-0.1
2009/2010,57700000,67649793.99,457588,Dallas Mavericks,7,DAL,Texas,West,Southwest,55,27,0.671,102,99.3,2.66,Jason Kidd,PG,36,8000000,9500280,80,80,36,3.6,8.4,0.423,2.2,5.2,0.425,1.4,3.2,0.42,0.554,1,1.2,0.808,0.6,5,5.6,9.1,1.8,0.4,2.4,1.8,10.3,2881,17.2,0.577,0.617,0.148,1.9,15.6,8.9,36.4,2.6,0.9,21.4,14.5,4.8,4,8.9,0.148,2.7,1.6,4.3,4.6
2009/2010,57700000,67649793.99,457588,Utah Jazz,29,UTA,Utah,West,Northwest,53,29,0.646,104.2,98.9,5.33,Andrei Kirilenko,SF,28,16452000,19537326,58,35,29,4.2,8.3,0.506,0.4,1.5,0.292,3.8,6.8,0.555,0.533,3,4,0.744,1.3,3.2,4.6,2.7,1.4,1.2,1.4,1.8,11.9,1681,18.2,0.588,0.185,0.485,5.5,12.9,9.3,14,2.5,3.4,11.9,17.7,3.3,2.7,6,0.171,1.6,2.9,4.5,2.8
2009/2010,57700000,67649793.99,457588,Utah Jazz,29,UTA,Utah,West,Northwest,53,29,0.646,104.2,98.9,5.33,Kyle Korver,SG,28,5155115,6121879,52,0,18.3,2.7,5.4,0.493,1.1,2.1,0.536,1.5,3.3,0.465,0.598,0.8,0.9,0.796,0.2,1.9,2.1,1.7,0.5,0.2,0.8,1.5,7.2,952,13.9,0.62,0.393,0.175,1.3,12.2,6.9,13.9,1.4,1,12.2,16.2,1.6,1,2.6,0.13,0.9,-0.5,0.4,0.6
2009/2010,57700000,67649793.99,457588,Utah Jazz,29,UTA,Utah,West,Northwest,53,29,0.646,104.2,98.9,5.33,Kosta Koufos,C,20,1214040,1441715,36,0,4.8,0.6,1.3,0.468,0,0,,0.6,1.3,0.468,0.468,0.3,0.4,0.6,0.4,0.8,1.3,0.2,0.1,0.1,0.4,0.7,1.5,172,7.7,0.494,0,0.319,11.3,19.4,15.5,5.1,0.6,1.9,21.9,17.9,-0.2,0.2,0,0.014,-5.7,-0.9,-6.6,-0.2
2009/2010,57700000,67649793.99,457588,Oklahoma City Thunder,21,OKC,Oklahoma,West,Northwest,50,32,0.61,101.5,98,3.55,Nenad Krstic,C,26,5400000,6412689,76,76,22.9,3.7,7.4,0.502,0,0.1,0.2,3.7,7.3,0.505,0.503,1,1.4,0.717,1.8,3.3,5,0.7,0.4,0.6,0.8,2.3,8.4,1741,13.7,0.527,0.009,0.189,9.1,16,12.6,4.9,0.9,1.9,8.7,17.1,2,2.2,4.2,0.116,-1.7,0,-1.7,0.1
2009/2010,57700000,67649793.99,457588,Boston Celtics,2,BOS,Massachusetts,East,Atlantic,50,32,0.61,99.2,95.6,3.37,0,SG,25,#N/A,#N/A,1,0,22,3,6,0.5,1,2,0.5,2,4,0.5,0.583,0,0,,1,3,4,2,0,0,1,0,7,22,12.8,0.583,0.333,0,5.7,16.3,11.1,14.4,0,0,14.3,14.9,0,0,0,0.098,-1.2,-1.6,-2.8,0
2009/2010,57700000,67649793.99,457588,#N/A,#N/A,TOT,#N/A,#N/A,#N/A,#N/A,#N/A,#N/A,#N/A,#N/A,#N/A,Carl Landry,PF,26,3000000,3562605,80,29,30.9,6.2,11.6,0.536,0,0,0.333,6.2,11.6,0.537,0.537,4.3,5.3,0.806,2.4,3.5,5.9,0.8,0.7,0.8,1.7,2.9,16.8,2469,19,0.6,0.003,0.459,8.5,13.4,10.9,4.6,1.1,1.9,10.8,22.5,5.8,1.9,7.7,0.15,0.4,-1.1,-0.7,0.8
2009/2010,57700000,67649793.99,457588,Houston Rockets,11,HOU,Texas,West,Southwest,42,40,0.512,102.4,102.7,-0.02,Carl Landry,PF,26,3000000,3562605,52,1,27.2,5.8,10.6,0.547,0,0,,5.8,10.6,0.547,0.547,4.5,5.4,0.839,2.3,3.2,5.5,0.8,0.5,0.9,1.7,2.8,16.1,1415,21.1,0.621,0,0.507,9.5,13.8,11.6,5,1,2.4,11.3,23.8,4.1,1.3,5.4,0.184,1,-1,0,0.7
2009/2010,57700000,67649793.99,457588,Sacramento Kings,26,SAC,California,West,Pacific,25,57,0.305,100,104.4,-4.06,Carl Landry,PF,26,3000000,3562605,28,28,37.6,7,13.5,0.52,0,0.1,0.333,7,13.4,0.521,0.521,3.9,5.3,0.741,2.4,4.1,6.5,0.9,1,0.6,1.8,3.1,18,1054,16,0.568,0.008,0.388,7.1,12.8,9.9,4.1,1.3,1.2,10.1,20.7,1.6,0.6,2.3,0.105,-0.4,-1.1,-1.5,0.1
2009/2010,57700000,67649793.99,457588,#N/A,#N/A,TOT,#N/A,#N/A,#N/A,#N/A,#N/A,#N/A,#N/A,#N/A,#N/A,Marcus Landry,SF,24,457588,543401,18,0,6.2,0.9,2.4,0.372,0.5,1.6,0.321,0.4,0.8,0.467,0.477,0.2,0.3,0.6,0.3,0.8,1.1,0,0.1,0.1,0.3,0.8,2.4,111,7.2,0.487,0.651,0.116,5,14.6,9.7,0,0.5,1.3,11.7,20.9,-0.1,0,-0.1,-0.034,-5,-6.8,-11.8,-0.3
2009/2010,57700000,67649793.99,457588,New York Knicks,20,NYK,New York,East,Atlantic,29,53,0.354,102.1,105.9,-4.01,Marcus Landry,SF,24,457588,543401,17,0,6.4,0.9,2.4,0.39,0.5,1.5,0.346,0.4,0.9,0.467,0.5,0.2,0.3,0.6,0.3,0.8,1.1,0,0.1,0.1,0.4,0.8,2.6,108,8.1,0.509,0.634,0.122,5.2,15,10,0,0.5,1.4,12.2,20.6,-0.1,0,0,-0.015,-4.6,-6.7,-11.3,-0.3
2009/2010,57700000,67649793.99,457588,Boston Celtics,2,BOS,Massachusetts,East,Atlantic,50,32,0.61,99.2,95.6,3.37,Marcus Landry,SF,24,457588,543401,1,0,3,0,2,0,0,2,0,0,0,,0,0,0,,0,0,0,0,0,0,0,0,0,3,-26.8,0,1,0,0,0,0,0,0,0,0,31.3,0,0,0,-0.738,-19.7,-10.2,-29.9,0
2009/2010,57700000,67649793.99,457588,#N/A,#N/A,TOT,#N/A,#N/A,#N/A,#N/A,#N/A,#N/A,#N/A,#N/A,#N/A,Acie Law,PG,25,2216160,2631767,26,1,9,1.3,2.9,0.467,0.2,0.6,0.313,1.2,2.3,0.508,0.5,1.5,1.9,0.776,0.1,0.5,0.7,1,0.4,0,0.7,0.6,4.3,234,16,0.585,0.213,0.653,1.4,6.6,4.1,17.5,2.3,0.4,15,21.7,0.3,0.2,0.6,0.115,-0.7,-2.5,-3.2,-0.1
2009/2010,57700000,67649793.99,457588,Golden State Warriors,10,GSW,California,West,Pacific,26,56,0.317,108.8,112.4,-3.28,Acie Law,PG,25,2216160,2631767,5,0,13.2,1.8,2.8,0.643,0.2,0.6,0.333,1.6,2.2,0.727,0.679,2.4,3,0.8,0,0.4,0.4,1.4,1.2,0,0.4,1,6.2,66,21.3,0.752,0.214,1.071,0,3.4,1.7,15,4.3,0,8.8,14.7,0.3,0,0.3,0.236,2.9,-2.1,0.8,0
2009/2010,57700000,67649793.99,457588,Charlotte Bobcats,4,CHA,North Carolina,East,Southeast,44,38,0.537,95.3,93.8,1.3,Acie Law,PG,25,2216160,2631767,9,0,3.7,0.6,1.8,0.313,0,0.1,0,0.6,1.7,0.333,0.313,0.7,0.8,0.857,0,0.1,0.1,0.3,0.1,0.1,0.3,0.3,1.8,33,7.5,0.419,0.063,0.438,0,3.6,1.8,16,1.6,2.5,13.6,31.1,-0.1,0,0,-0.066,-8.5,-3.4,-11.9,-0.1
2009/2010,57700000,67649793.99,457588,Chicago Bulls,5,CHI,Illinois,East,Central,41,41,0.5,97.5,99.1,-1.64,Acie Law,PG,25,2216160,2631767,12,1,11.3,1.8,3.8,0.467,0.3,1,0.333,1.4,2.8,0.515,0.511,1.7,2.3,0.741,0.3,0.9,1.2,1.3,0.3,0,1,0.7,5.5,135,15.4,0.58,0.267,0.6,2.5,8.9,5.8,19.2,1.5,0,17.4,22.9,0.2,0.1,0.3,0.101,-0.6,-2.4,-3,0
2009/2010,57700000,67649793.99,457588,Denver Nuggets,8,DEN,Colorado,West,Northwest,53,29,0.646,106.5,102.4,4.15,Ty Lawson,PG,22,1438690,1708494,65,8,20.3,3.1,6,0.515,0.5,1.3,0.41,2.6,4.7,0.544,0.559,1.6,2.2,0.757,0.6,1.3,1.9,3.1,0.7,0,1.3,1.4,8.3,1318,16.4,0.6,0.213,0.359,3.7,7.1,5.4,24.2,1.8,0.1,15.4,18,2.9,0.9,3.7,0.135,1.8,-1.8,0,0.7
2009/2010,57700000,67649793.99,457588,New Jersey Nets,3,NJN,New Jersey,East,Atlantic,12,70,0.146,92.4,101.5,-8.93,Courtney Lee,SG,24,1264440,1501566,71,66,33.5,4.8,10.9,0.436,1.1,3.2,0.338,3.7,7.7,0.476,0.485,1.9,2.2,0.869,0.8,2.7,3.5,1.7,1.3,0.3,1.1,1.8,12.5,2375,12.8,0.525,0.29,0.197,2.8,9.7,6.1,9,2.1,0.6,8.3,17.7,1.8,1.3,3.1,0.063,-0.2,-0.6,-0.8,0.7
2009/2010,57700000,67649793.99,457588,New York Knicks,20,NYK,New York,East,Atlantic,29,53,0.354,102.1,105.9,-4.01,David Lee,C,26,7000000,8312745,81,81,37.3,8.5,15.5,0.545,0,0.1,0,8.5,15.4,0.549,0.545,3.3,4.1,0.812,2.8,8.9,11.7,3.6,1,0.5,2.3,3.2,20.2,3019,22.2,0.584,0.006,0.262,8.4,27.6,17.9,17.5,1.4,1,11.9,23.8,7.4,2.9,10.3,0.163,1.9,1,2.9,3.7
2009/2010,57700000,67649793.99,457588,Orlando Magic,22,ORL,Florida,East,Southeast,59,23,0.72,102.8,95.3,7.12,Rashard Lewis,PF,30,18876000,22415911,72,72,32.9,4.9,11.2,0.435,2.3,5.9,0.397,2.5,5.3,0.476,0.539,2,2.5,0.806,0.9,3.6,4.4,1.5,1.1,0.4,1.5,2.5,14.1,2369,14,0.573,0.525,0.224,3.1,12.1,7.8,7.4,1.7,0.9,10.9,19.4,3.1,3.4,6.5,0.132,1.8,0.9,2.7,2.8
2009/2010,57700000,67649793.99,457588,#N/A,#N/A,TOT,#N/A,#N/A,#N/A,#N/A,#N/A,#N/A,#N/A,#N/A,#N/A,Shaun Livingston,PG,24,296695,352335,36,18,22.1,2.9,5.6,0.517,0,0.2,0,2.9,5.4,0.533,0.517,1.2,1.3,0.875,0.4,1.7,2.2,3.6,0.5,0.3,1.6,1.7,6.9,796,12.8,0.563,0.03,0.239,2.3,9,5.6,26.3,1.1,1.1,20.7,15.9,0.7,0.5,1.2,0.07,-1.5,-1.2,-2.7,-0.1
2009/2010,57700000,67649793.99,457588,Oklahoma City Thunder,21,OKC,Oklahoma,West,Northwest,50,32,0.61,101.5,98,3.55,Shaun Livingston,PG,24,296695,352335,10,0,13,0.5,1.6,0.313,0,0.2,0,0.5,1.4,0.357,0.313,0,0,,0.4,1.6,2,1.4,0.5,0.2,0.8,0.9,1,130,4.7,0.313,0.125,0,3.6,13.8,8.8,14.7,2,1.1,33.3,8.3,-0.2,0.2,0,-0.004,-5.9,2.5,-3.4,0
2009/2010,57700000,67649793.99,457588,Washington Wizards,30,WAS,Washington DC,East,Southeast,26,56,0.317,96.2,101,-4.72,Shaun Livingston,PG,24,296695,352335,26,18,25.6,3.8,7.1,0.535,0,0.2,0,3.8,7,0.547,0.535,1.6,1.8,0.875,0.5,1.8,2.2,4.5,0.5,0.3,1.9,2,9.2,666,14.4,0.582,0.022,0.259,2,8.1,5,28.6,0.9,1,19.5,17.4,0.9,0.3,1.2,0.085,-0.6,-1.9,-2.5,-0.1
2009/2010,57700000,67649793.99,457588,New Jersey Nets,3,NJN,New Jersey,East,Atlantic,12,70,0.146,92.4,101.5,-8.93,Brook Lopez,C,21,2225880,2643310,82,82,36.9,6.9,13.8,0.499,0,0,0,6.9,13.7,0.5,0.499,5.1,6.2,0.817,3.3,5.4,8.6,2.3,0.7,1.7,2.5,3.1,18.8,3027,20.1,0.57,0.002,0.451,9.9,17.5,13.5,11.8,1,3.4,13.1,23.6,5.5,2.4,7.9,0.125,1.1,0.8,1.9,3
2009/2010,57700000,67649793.99,457588,Phoenix Suns,24,PHO,Arizona,West,Pacific,54,28,0.659,110.2,105.3,4.67,Robin Lopez,C,21,1745520,2072866,51,31,19.3,3.4,5.7,0.588,0,0,,3.4,5.7,0.588,0.588,1.7,2.5,0.704,2,2.8,4.9,0.1,0.2,1,0.8,2.3,8.4,986,17.6,0.621,0,0.43,12.6,15.6,14.2,1.1,0.5,3.8,10.6,17.3,2.5,0.8,3.2,0.158,0.3,-1.2,-1,0.3
2009/2010,57700000,67649793.99,457588,Minnesota Timberwolves,18,MIN,Minnesota,West,Northwest,15,67,0.183,98.2,107.8,-9.06,Kevin Love,PF,21,3401040,4038854,60,22,28.6,4.9,10.8,0.45,0.6,1.8,0.33,4.3,9,0.474,0.478,3.8,4.6,0.815,3.8,7.2,11,2.3,0.7,0.4,2,2.3,14,1714,20.7,0.549,0.164,0.427,14.5,28.6,21.5,12.9,1.3,1,13.2,22.4,3.4,1.5,4.9,0.138,1.8,0.1,1.9,1.7
2009/2010,57700000,67649793.99,457588,Houston Rockets,11,HOU,Texas,West,Southwest,42,40,0.512,102.4,102.7,-0.02,Kyle Lowry,PG,23,2034997,2416630,68,0,24.3,2.7,6.8,0.397,0.5,2,0.272,2.2,4.8,0.448,0.436,3.2,3.8,0.827,1.3,2.3,3.6,4.5,0.9,0.1,1.7,2.5,9.1,1651,15.5,0.536,0.293,0.56,6.1,11.2,8.6,27.7,1.9,0.4,16.7,18.6,2.9,1.4,4.3,0.126,1.3,0,1.3,1.4
2009/2010,57700000,67649793.99,457588,Golden State Warriors,10,GSW,California,West,Pacific,26,56,0.317,108.8,112.4,-3.28,Corey Maggette,PF,30,8937931,10614106,70,49,29.7,6.5,12.7,0.516,0.2,0.7,0.26,6.3,11.9,0.531,0.523,6.6,7.9,0.835,1.3,4,5.3,2.5,0.7,0.1,2.4,3.3,19.8,2081,20.3,0.615,0.056,0.622,4.9,15.2,10,13.2,1.2,0.1,13,26.7,5.6,0.7,6.3,0.144,1.6,-2.6,-1,0.5
2009/2010,57700000,67649793.99,457588,Miami Heat,16,MIA,Florida,East,Southeast,47,35,0.573,96.5,94.2,1.99,Jamaal Magloire,C,31,1229225,1459747,36,0,10,0.8,1.6,0.5,0,0,,0.8,1.6,0.5,0.5,0.6,1.6,0.356,1.1,2.2,3.4,0,0.3,0.3,0.5,1.6,2.1,359,9.4,0.47,0,1.054,13.5,26,19.8,0.4,1.3,2.5,17.2,13,-0.1,0.7,0.6,0.078,-6.1,-0.9,-7,-0.5
2009/2010,57700000,67649793.99,457588,San Antonio Spurs,27,SAS,Texas,West,Southwest,50,32,0.61,101.4,96.3,5.07,Ian Mahinmi,C,23,1079640,1282110,26,0,6.3,1.3,2.1,0.636,0,0,,1.3,2.1,0.636,0.636,1.2,1.8,0.66,0.5,1.5,2,0.1,0.1,0.3,0.6,1.2,3.9,165,21.6,0.667,0,0.855,9.4,27.2,18.5,2.1,1,3.5,16.5,25.2,0.4,0.3,0.7,0.206,-2.3,-1.6,-3.9,-0.1
2009/2010,57700000,67649793.99,457588,Dallas Mavericks,7,DAL,Texas,West,Southwest,55,27,0.671,102,99.3,2.66,Shawn Marion,SF,31,6635068,7879375,75,75,31.8,5.3,10.4,0.508,0,0.3,0.158,5.2,10.1,0.516,0.51,1.4,1.9,0.755,2.1,4.3,6.4,1.4,0.9,0.8,1.3,1.9,12,2385,14.7,0.535,0.024,0.179,7.7,15.2,11.5,7.2,1.5,1.9,10.6,18.1,2.1,2.8,5,0.1,-0.9,1.4,0.4,1.5
2009/2010,57700000,67649793.99,457588,New Orleans Hornets,19,NOH,Louisiana,West,Southwest,37,45,0.451,100.2,102.7,-2.27,Sean Marks,C,34,1187686,1410418,14,0,5.4,0.3,0.6,0.5,0,0,,0.3,0.6,0.5,0.5,0.1,0.4,0.4,1,0.6,1.6,0.1,0,0.2,0.1,1.2,0.7,75,9,0.49,0,0.625,21.5,14.3,18,3.6,0,3,16.4,7.4,0.1,0,0.2,0.104,-1.4,-0.1,-1.5,0
2009/2010,57700000,67649793.99,457588,#N/A,#N/A,TOT,#N/A,#N/A,#N/A,#N/A,#N/A,#N/A,#N/A,#N/A,#N/A,Cartier Martin,SF,25,86638,102885,18,2,21.7,2.8,7.6,0.368,0.9,2.7,0.347,1.8,4.8,0.379,0.43,1.3,1.7,0.8,1.4,2.4,3.8,0.9,0.6,0.1,1.1,2.7,7.8,390,9,0.473,0.36,0.221,7.1,12.6,9.8,6.2,1.4,0.2,11.3,18.8,-0.1,0.2,0.1,0.011,-2.1,-2.5,-4.6,-0.3
2009/2010,57700000,67649793.99,457588,Golden State Warriors,10,GSW,California,West,Pacific,26,56,0.317,108.8,112.4,-3.28,Cartier Martin,SF,25,86638,102885,10,2,27.6,3.2,8.8,0.364,1,3.1,0.323,2.2,5.7,0.386,0.42,1.6,2.1,0.762,1.7,3,4.7,0.9,0.8,0,1.3,3.6,9,276,7.3,0.463,0.352,0.239,6.8,12.3,9.5,4.5,1.4,0,11.8,17.1,-0.1,0.1,-0.1,-0.01,-2.9,-2.6,-5.5,-0.2
2009/2010,57700000,67649793.99,457588,Washington Wizards,30,WAS,Washington DC,East,Southeast,26,56,0.317,96.2,101,-4.72,Cartier Martin,SF,25,86638,102885,8,0,14.3,2.3,6,0.375,0.9,2.3,0.389,1.4,3.8,0.367,0.448,1,1.1,0.889,1,1.6,2.6,0.9,0.4,0.1,0.8,1.5,6.4,114,13.2,0.491,0.375,0.188,8,13.3,10.6,10.2,1.4,0.7,10.4,23,0.1,0.1,0.1,0.061,-0.2,-2.3,-2.5,0
2009/2010,57700000,67649793.99,457588,Denver Nuggets,8,DEN,Colorado,West,Northwest,53,29,0.646,106.5,102.4,4.15,Kenyon Martin,PF,32,15363636,18244856,58,58,34.2,4.9,10.7,0.456,0.1,0.5,0.276,4.7,10.2,0.465,0.463,1.6,2.9,0.557,2.4,7,9.4,1.9,1.2,1.1,1.6,3.2,11.5,1986,13.4,0.481,0.047,0.269,8.3,23.3,15.8,8.5,1.8,2.3,11.6,17.5,0.4,2.8,3.3,0.079,-2,2.2,0.2,1.1
2009/2010,57700000,67649793.99,457588,#N/A,#N/A,TOT,#N/A,#N/A,#N/A,#N/A,#N/A,#N/A,#N/A,#N/A,#N/A,Kevin Martin,SG,26,10180170,12089308,46,43,35.5,6.3,15.1,0.417,1.5,4.6,0.333,4.8,10.5,0.453,0.468,6.5,7.4,0.876,0.6,2.9,3.6,2.4,1,0.1,2,2.1,20.6,1633,17,0.561,0.303,0.491,2,9.7,5.8,11.2,1.4,0.3,9.8,25.3,3.2,1,4.2,0.123,1.5,-2.3,-0.7,0.5
2009/2010,57700000,67649793.99,457588,Sacramento Kings,26,SAC,California,West,Pacific,25,57,0.305,100,104.4,-4.06,Kevin Martin,SG,26,10180170,12089308,22,21,35.2,6.1,15.4,0.398,1.8,5,0.355,4.4,10.4,0.419,0.456,5.8,7,0.819,0.9,3.4,4.3,2.6,1,0.2,1.6,2.3,19.8,774,17,0.535,0.324,0.457,2.9,11.1,7,11.9,1.5,0.4,7.9,25.3,1.5,0.4,1.9,0.116,1.9,-2.2,-0.4,0.3
2009/2010,57700000,67649793.99,457588,Houston Rockets,11,HOU,Texas,West,Southwest,42,40,0.512,102.4,102.7,-0.02,Kevin Martin,SG,26,10180170,12089308,24,22,35.8,6.4,14.8,0.435,1.3,4.2,0.31,5.1,10.6,0.484,0.479,7.1,7.7,0.924,0.4,2.5,2.9,2.3,1,0.1,2.4,1.9,21.3,859,17.1,0.586,0.282,0.523,1.2,8.4,4.7,10.5,1.4,0.2,11.6,25.4,1.8,0.5,2.3,0.129,1.2,-2.3,-1,0.2
2009/2010,57700000,67649793.99,457588,Sacramento Kings,26,SAC,California,West,Pacific,25,57,0.305,100,104.4,-4.06,Desmond Mason,SF,32,76850,91262,5,4,13.2,1,2.4,0.417,0,0,,1,2.4,0.417,0.417,0.6,0.8,0.75,0.8,1.8,2.6,0.4,0.2,0.2,0.8,1,2.6,66,6.2,0.472,0,0.333,6.9,15.8,11.3,4.2,0.8,1.1,22.5,11.9,0,0,0,-0.007,-5.8,-0.6,-6.5,-0.1
2009/2010,57700000,67649793.99,457588,San Antonio Spurs,27,SAS,Texas,West,Southwest,50,32,0.61,101.4,96.3,5.07,Roger Mason,SG,29,3780000,4488882,79,5,19.2,2.4,6.3,0.389,1.1,3.3,0.333,1.3,2.9,0.453,0.478,0.3,0.4,0.794,0.1,1.9,2.1,1.7,0.4,0.2,0.7,1.3,6.3,1515,9.7,0.49,0.532,0.069,0.9,11.5,6.3,13.5,1,0.7,10.4,17.2,0.3,1.7,1.9,0.062,-1.2,-0.5,-1.7,0.1
2009/2010,57700000,67649793.99,457588,Utah Jazz,29,UTA,Utah,West,Northwest,53,29,0.646,104.2,98.9,5.33,Wesley Matthews,SG,23,457588,543401,82,48,24.7,3.3,6.9,0.483,0.8,2,0.382,2.6,4.9,0.525,0.539,2,2.4,0.829,0.6,1.7,2.3,1.5,0.8,0.2,1.1,1.9,9.4,2025,12.3,0.592,0.292,0.342,3,8,5.6,9,1.6,0.6,12.5,16.5,2.6,1.9,4.6,0.108,0.3,-0.5,-0.2,0.9
2009/2010,57700000,67649793.99,457588,Detroit Pistons,9,DET,Michigan,East,Central,27,55,0.329,94,99.1,-5.02,Jason Maxiell,C,26,5000000,5937675,76,29,20.4,2.8,5.5,0.511,0,0,0,2.8,5.4,0.512,0.511,1.2,2,0.574,2.1,3.2,5.3,0.5,0.5,0.5,0.9,2.3,6.8,1550,14,0.531,0.002,0.373,11.8,20,15.7,4.1,1.3,2.1,12.3,16.4,1.5,1.1,2.6,0.081,-1.8,-0.6,-2.4,-0.2
2009/2010,57700000,67649793.99,457588,Sacramento Kings,26,SAC,California,West,Pacific,25,57,0.305,100,104.4,-4.06,Sean May,C,25,884881,1050827,37,4,8.9,1.4,3,0.459,0,0.1,0,1.4,2.9,0.477,0.459,0.6,0.9,0.656,0.5,1.4,1.9,0.5,0.3,0.2,0.5,1.2,3.3,331,11.7,0.492,0.036,0.288,6.8,17.5,12.1,8.1,1.9,1.5,13.2,19.3,0,0.3,0.3,0.044,-3.8,-0.5,-4.3,-0.2
2009/2010,57700000,67649793.99,457588,#N/A,#N/A,TOT,#N/A,#N/A,#N/A,#N/A,#N/A,#N/A,#N/A,#N/A,#N/A,Eric Maynor,PG,22,1318920,1566263,81,2,15.7,1.9,4.5,0.418,0.3,0.9,0.31,1.6,3.7,0.444,0.448,0.6,0.9,0.722,0.3,1.3,1.6,3.3,0.5,0.1,1,1.4,4.7,1269,11.8,0.478,0.193,0.196,2,9.6,5.9,31.5,1.6,0.6,17.5,17.1,0.5,1.4,1.9,0.071,-2,-1.4,-3.3,-0.4
2009/2010,57700000,67649793.99,457588,Utah Jazz,29,UTA,Utah,West,Northwest,53,29,0.646,104.2,98.9,5.33,Eric Maynor,PG,22,1318920,1566263,26,2,14,2,5.1,0.391,0.2,0.9,0.208,1.8,4.2,0.431,0.41,1,1.3,0.758,0.4,1.1,1.5,3.1,0.5,0.1,1.1,1.3,5.2,363,12.3,0.454,0.18,0.248,3.4,8.9,6.2,33.1,1.8,0.4,16,21.7,0,0.4,0.4,0.051,-1.9,-1.8,-3.7,-0.2
2009/2010,57700000,67649793.99,457588,Oklahoma City Thunder,21,OKC,Oklahoma,West,Northwest,50,32,0.61,101.5,98,3.55,Eric Maynor,PG,22,1318920,1566263,55,0,16.5,1.9,4.3,0.434,0.3,0.9,0.362,1.5,3.4,0.452,0.47,0.5,0.7,0.692,0.2,1.5,1.7,3.4,0.5,0.1,1,1.5,4.5,906,11.6,0.492,0.2,0.166,1.4,9.9,5.8,30.9,1.5,0.7,18.4,15.3,0.5,1,1.5,0.079,-2,-1.2,-3.2,-0.3
2009/2010,57700000,67649793.99,457588,Memphis Grizzlies,15,MEM,Tennessee,West,Southwest,40,42,0.488,102.5,104,-1.39,OJ Mayo,SG,22,4165560,4946748,82,82,38,6.6,14.4,0.458,1.7,4.3,0.383,5,10.1,0.49,0.516,2.6,3.2,0.809,0.7,3,3.8,3,1.2,0.2,2.1,2.1,17.5,3113,14.6,0.551,0.3,0.221,2.3,9.4,5.8,12.2,1.6,0.4,11.9,20.7,4.3,1.4,5.6,0.087,1.7,-1.3,0.4,1.9
2009/2010,57700000,67649793.99,457588,Milwaukee Bucks,17,MIL,Wisconsin,East,Central,46,36,0.561,97.7,96,1.37,Luc Mbah a Moute,PF,23,736420,874524,73,62,25.6,2.4,5.1,0.48,0.1,0.2,0.353,2.3,4.8,0.486,0.488,1.3,1.8,0.699,2.3,3.1,5.5,1.1,0.8,0.5,1,2.5,6.2,1866,11.8,0.53,0.046,0.36,9.9,14.6,12.2,6.5,1.7,1.6,14.1,12.1,1.8,3,4.7,0.122,-1.6,2.9,1.4,1.6
2009/2010,57700000,67649793.99,457588,San Antonio Spurs,27,SAS,Texas,West,Southwest,50,32,0.61,101.4,96.3,5.07,Antonio McDyess,PF,35,7500000,8906512,77,50,21,2.7,5.6,0.479,0,0,0,2.7,5.5,0.481,0.479,0.5,0.7,0.632,1.9,4,5.9,1.1,0.6,0.4,1,1.9,5.8,1617,12.2,0.492,0.005,0.133,11,21.8,16.5,7.7,1.4,1.4,14.8,15.1,0.6,2.6,3.2,0.094,-2.5,2.1,-0.4,0.7
2009/2010,57700000,67649793.99,457588,Washington Wizards,30,WAS,Washington DC,East,Southeast,26,56,0.317,96.2,101,-4.72,JaVale McGee,C,22,1496640,1777312,60,19,16.1,2.6,5.1,0.508,0,0,0,2.6,5.1,0.51,0.508,1.2,1.9,0.638,1.5,2.6,4.1,0.2,0.3,1.7,0.9,2,6.4,968,17,0.539,0.003,0.378,10.3,18.7,14.5,2.4,0.9,8,12.5,19.1,0.8,1.3,2.1,0.105,-3.2,1.7,-1.5,0.1
2009/2010,57700000,67649793.99,457588,#N/A,#N/A,TOT,#N/A,#N/A,#N/A,#N/A,#N/A,#N/A,#N/A,#N/A,#N/A,Tracy McGrady,SG,30,23239562,27597794,30,24,22.4,3,7.8,0.387,0.5,2.1,0.25,2.5,5.7,0.439,0.421,1.6,2.1,0.746,0.7,2.4,3.1,3.3,0.5,0.5,1.5,1.3,8.2,673,12.2,0.466,0.272,0.268,3.7,12.4,7.9,22.6,1.1,1.5,14.3,20.6,0,0.3,0.3,0.018,-2.2,-1.2,-3.3,-0.2
2009/2010,57700000,67649793.99,457588,Houston Rockets,11,HOU,Texas,West,Southwest,42,40,0.512,102.4,102.7,-0.02,Tracy McGrady,SG,30,23239562,27597794,6,0,7.7,1.2,3.2,0.368,0.2,0.3,0.5,1,2.8,0.353,0.395,0.7,1,0.667,0,0.8,0.8,1,0,0.3,0.2,0.3,3.2,46,12.4,0.439,0.105,0.316,0,12.9,6.2,20.9,0,3.2,4.4,21.8,0,0,0,0.047,-4.1,-2,-6.1,0
2009/2010,57700000,67649793.99,457588,New York Knicks,20,NYK,New York,East,Atlantic,29,53,0.354,102.1,105.9,-4.01,Tracy McGrady,SG,30,23239562,27597794,24,24,26.1,3.5,9,0.389,0.6,2.6,0.242,2.9,6.4,0.448,0.424,1.8,2.4,0.754,0.9,2.8,3.7,3.9,0.6,0.5,1.8,1.6,9.4,627,12.2,0.469,0.287,0.264,3.9,12.4,8.1,22.7,1.2,1.4,15.1,20.5,-0.1,0.3,0.2,0.016,-2,-1.1,-3.1,-0.2
2009/2010,57700000,67649793.99,457588,#N/A,#N/A,TOT,#N/A,#N/A,#N/A,#N/A,#N/A,#N/A,#N/A,#N/A,#N/A,Dominic McGuire,SF,24,825497,980306,51,2,6,0.4,1,0.365,0,0,,0.4,1,0.365,0.365,0,0.1,0,0.5,1.1,1.5,0.2,0.1,0.1,0.3,0.7,0.7,307,3.8,0.345,0,0.135,8.5,21.3,14.8,5.1,0.8,1,23.6,10.6,-0.5,0.3,-0.2,-0.038,-7.1,0.2,-6.9,-0.4
2009/2010,57700000,67649793.99,457588,Washington Wizards,30,WAS,Washington DC,East,Southeast,26,56,0.317,96.2,101,-4.72,Dominic McGuire,SF,24,825497,980306,41,0,5.9,0.4,1,0.375,0,0,,0.4,1,0.375,0.375,0,0.1,0,0.4,1.1,1.5,0.2,0.1,0.1,0.2,0.8,0.7,240,4.2,0.355,0,0.125,8,21.4,14.6,4.8,0.9,1,19.2,9.9,-0.3,0.2,-0.1,-0.015,-6.5,0.3,-6.2,-0.3
2009/2010,57700000,67649793.99,457588,Sacramento Kings,26,SAC,California,West,Pacific,25,57,0.305,100,104.4,-4.06,Dominic McGuire,SF,24,825497,980306,10,2,6.7,0.4,1.2,0.333,0,0,,0.4,1.2,0.333,0.333,0,0.2,0,0.6,1.2,1.8,0.3,0.1,0.1,0.7,0.3,0.8,67,2.4,0.311,0,0.167,10.1,20.8,15.4,6.1,0.8,1.1,35.2,13.1,-0.2,0,-0.2,-0.122,-9.2,0.1,-9.1,-0.1
2009/2010,57700000,67649793.99,457588,Indiana Pacers,12,IND,Indiana,East,Central,32,50,0.39,100.8,103.8,-3.11,Josh McRoberts,C,22,825497,980306,42,3,12.5,1.8,3.5,0.521,0.2,0.5,0.348,1.6,2.9,0.553,0.548,0.5,0.9,0.5,1,2.1,3,1,0.4,0.4,0.5,1.8,4.3,524,14.8,0.55,0.158,0.26,8.3,18.2,13.2,13.5,1.6,2.2,10.5,15.3,0.8,0.7,1.5,0.134,-0.7,1.4,0.7,0.4
2009/2010,57700000,67649793.99,457588,#N/A,#N/A,TOT,#N/A,#N/A,#N/A,#N/A,#N/A,#N/A,#N/A,#N/A,#N/A,Jodie Meeks,SG,22,650000,771897,60,0,12,1.7,4.5,0.388,0.7,2.2,0.318,1,2.3,0.456,0.466,0.5,0.7,0.795,0.2,1.5,1.7,0.7,0.3,0.1,0.4,0.9,4.7,719,10.8,0.493,0.493,0.146,1.4,14.9,7.9,8.7,1.3,0.5,8.1,19.6,0.1,0.8,0.9,0.06,-2,-1.7,-3.7,-0.3
2009/2010,57700000,67649793.99,457588,Milwaukee Bucks,17,MIL,Wisconsin,East,Central,46,36,0.561,97.7,96,1.37,Jodie Meeks,SG,22,650000,771897,41,0,11.9,1.6,4.3,0.362,0.6,2,0.28,1,2.3,0.432,0.427,0.4,0.5,0.857,0.1,1.6,1.8,0.5,0.3,0.1,0.5,0.8,4.1,486,8.4,0.454,0.463,0.119,1.1,16.4,8.4,7.2,1.4,0.6,9.7,19.2,-0.4,0.7,0.3,0.029,-4,-0.6,-4.6,-0.3
2009/2010,57700000,67649793.99,457588,Philadelphia 76ers,23,PHI,Pennsylvania,East,Atlantic,27,55,0.329,97.7,101.6,-3.93,Jodie Meeks,SG,22,650000,771897,19,0,12.3,2.1,4.8,0.44,1,2.6,0.38,1.1,2.2,0.512,0.544,0.7,0.9,0.722,0.2,1.2,1.4,0.9,0.3,0.1,0.3,1,5.9,233,15.8,0.566,0.549,0.198,2,11.8,6.8,12,1.1,0.3,4.8,20.3,0.5,0.1,0.6,0.124,2.3,-4,-1.7,0
2009/2010,57700000,67649793.99,457588,#N/A,#N/A,TOT,#N/A,#N/A,#N/A,#N/A,#N/A,#N/A,#N/A,#N/A,#N/A,Pops Mensah-Bonsu,PF,26,330199,392122,20,0,6,0.7,1.7,0.394,0,0,,0.7,1.7,0.394,0.394,0.7,1.2,0.542,0.8,1,1.8,0.2,0.2,0.5,0.5,1,2,120,11.4,0.448,0,0.727,16.1,18.3,17.2,3.6,1.7,5.7,18.7,20.3,-0.1,0.1,0,0.006,-5,0.2,-4.8,-0.1
2009/2010,57700000,67649793.99,457588,Houston Rockets,11,HOU,Texas,West,Southwest,42,40,0.512,102.4,102.7,-0.02,Pops Mensah-Bonsu,PF,26,330199,392122,4,0,3.3,0.3,1,0.25,0,0,,0.3,1,0.25,0.25,0.8,1.5,0.5,0.3,0.8,1,0.3,0.3,0.3,0,0.8,1.3,13,15.2,0.377,0,1.5,8.5,27.5,17.6,11,3.9,5.6,0,22.6,0,0,0,0.108,-4.9,3.8,-1.1,0
2009/2010,57700000,67649793.99,457588,Toronto Raptors,28,TOR,Ontario,East,Atlantic,40,42,0.488,104.1,105.9,-1.83,Pops Mensah-Bonsu,PF,26,330199,392122,16,0,6.7,0.8,1.8,0.414,0,0,,0.8,1.8,0.414,0.414,0.6,1.1,0.556,0.9,1,1.9,0.1,0.2,0.5,0.6,1.1,2.1,107,11,0.46,0,0.621,17,17.2,17.1,2.7,1.4,5.7,21.3,20,-0.1,0.1,0,-0.006,-5,-0.2,-5.2,-0.1
2009/2010,57700000,67649793.99,457588,Utah Jazz,29,UTA,Utah,West,Northwest,53,29,0.646,104.2,98.9,5.33,CJ Miles,SF,22,3700000,4393879,63,28,23.8,3.8,8.9,0.429,1.2,3.4,0.341,2.7,5.5,0.484,0.495,1,1.5,0.695,0.7,2,2.7,1.7,0.9,0.3,1.3,3,9.9,1497,10.8,0.515,0.386,0.169,3.4,9.7,6.6,10.7,2,0.9,11.8,20.5,0.2,1.7,1.9,0.061,-0.6,-0.6,-1.1,0.3
2009/2010,57700000,67649793.99,457588,#N/A,#N/A,TOT,#N/A,#N/A,#N/A,#N/A,#N/A,#N/A,#N/A,#N/A,#N/A,Darko Milicic,C,24,7500000,8906512,32,18,21.4,3.1,6.4,0.49,0,0,0,3.1,6.3,0.493,0.49,0.5,0.9,0.536,1.5,3.3,4.7,1.5,0.7,1.1,1.1,2.6,6.7,685,12.8,0.497,0.005,0.137,7.5,17.3,12.3,10.7,1.6,3.7,13.9,16,0.1,0.6,0.7,0.05,-2.6,1.9,-0.7,0.2
2009/2010,57700000,67649793.99,457588,New York Knicks,20,NYK,New York,East,Atlantic,29,53,0.354,102.1,105.9,-4.01,Darko Milicic,C,24,7500000,8906512,8,0,8.9,1,2.1,0.471,0,0,,1,2.1,0.471,0.471,0,0,,0.6,1.6,2.3,0.5,0.5,0.1,0.3,0.9,2,71,12.1,0.471,0,0,7.9,21.2,14.4,8.4,2.9,1.1,10.5,12.1,0,0.1,0.1,0.073,-3.7,1.3,-2.4,0
2009/2010,57700000,67649793.99,457588,Minnesota Timberwolves,18,MIN,Minnesota,West,Northwest,15,67,0.183,98.2,107.8,-9.06,Darko Milicic,C,24,7500000,8906512,24,18,25.6,3.8,7.8,0.492,0,0,0,3.8,7.8,0.495,0.492,0.6,1.2,0.536,1.8,3.8,5.5,1.8,0.8,1.4,1.4,3.1,8.3,614,12.9,0.499,0.005,0.15,7.5,16.9,12.1,11,1.5,4,14.2,16.4,0.1,0.5,0.6,0.048,-2.5,2,-0.5,0.2
2009/2010,57700000,67649793.99,457588,Portland Trail Blazers,25,POR,Oregon,West,Northwest,50,32,0.61,98.1,94.8,3.18,Andre Miller,PG,33,6730800,7993060,82,66,30.5,4.9,11.1,0.445,0.2,1,0.2,4.7,10.1,0.469,0.454,3.9,4.8,0.821,1,2.3,3.2,5.4,1.1,0.1,2.1,2.1,14,2500,18.1,0.53,0.088,0.432,4,9.2,6.6,30.3,2,0.3,13.8,23.8,4.6,2.4,7,0.134,1.9,-0.3,1.6,2.3
2009/2010,57700000,67649793.99,457588,Chicago Bulls,5,CHI,Illinois,East,Central,41,41,0.5,97.5,99.1,-1.64,Brad Miller,C,33,12250000,14547304,82,37,23.8,3,7.1,0.43,0.5,1.6,0.28,2.6,5.5,0.474,0.462,2.2,2.7,0.827,1,3.9,4.9,1.9,0.5,0.4,1.3,2.3,8.8,1950,12.9,0.53,0.227,0.379,4.8,17.8,11.4,12.2,1.2,1.1,13.6,18.1,1.5,2.5,4,0.098,-1.3,0.5,-0.8,0.6
2009/2010,57700000,67649793.99,457588,Washington Wizards,30,WAS,Washington DC,East,Southeast,26,56,0.317,96.2,101,-4.72,Mike Miller,SG,29,9750000,11578466,54,50,33.4,4,8,0.501,1.5,3.2,0.48,2.5,4.9,0.515,0.596,1.3,1.6,0.824,1,5.2,6.2,3.9,0.7,0.2,2.1,2.4,10.9,1805,13.9,0.623,0.395,0.196,3.5,18.2,10.7,18.4,1.1,0.5,19.6,14.7,2.5,1.4,3.9,0.104,1.4,0.7,2,1.8
2009/2010,57700000,67649793.99,457588,Portland Trail Blazers,25,POR,Oregon,West,Northwest,50,32,0.61,98.1,94.8,3.18,Patrick Mills,PG,21,457588,543401,10,0,3.8,1,2.4,0.417,0.2,0.4,0.5,0.8,2,0.4,0.458,0.4,0.7,0.571,0.1,0.1,0.2,0.5,0,0,0.4,0.6,2.6,38,11.9,0.48,0.167,0.292,3.2,3.3,3.3,27.1,0,0,12.9,38.9,0,0,0,-0.036,-1.8,-6.7,-8.5,-0.1
2009/2010,57700000,67649793.99,457588,Utah Jazz,29,UTA,Utah,West,Northwest,53,29,0.646,104.2,98.9,5.33,Paul Millsap,PF,24,7692932,9135626,82,8,27.8,4.7,8.7,0.538,0,0.1,0.111,4.7,8.6,0.543,0.538,2.2,3.2,0.693,2.3,4.5,6.8,1.6,0.8,1.2,1.4,3.5,11.6,2277,16.7,0.573,0.013,0.369,9.9,18.9,14.5,8.9,1.4,3.5,12.2,18.7,3.7,3.5,7.2,0.151,0.1,2.1,2.1,2.4
2009/2010,57700000,67649793.99,457588,Charlotte Bobcats,4,CHA,North Carolina,East,Southeast,44,38,0.537,95.3,93.8,1.3,Nazr Mohammed,C,32,6466600,7679314,58,29,17,3.3,5.9,0.553,0,0,,3.3,5.9,0.553,0.553,1.4,2.2,0.648,2,3.3,5.2,0.5,0.3,0.7,0.9,1.8,7.9,984,19.6,0.578,0,0.365,14.2,22.9,18.6,5.4,0.8,3.6,11.8,21.3,1.8,1.8,3.6,0.174,-1,0.3,-0.7,0.3
2009/2010,57700000,67649793.99,457588,Cleveland Cavaliers,6,CLE,Ohio,East,Central,61,21,0.744,102.1,95.6,6.17,Jamario Moon,SF,29,2750000,3265721,61,2,17.2,1.9,4,0.462,0.5,1.6,0.32,1.3,2.4,0.558,0.526,0.6,0.7,0.8,0.4,2.7,3.1,0.8,0.6,0.5,0.4,1.1,4.9,1052,12.6,0.555,0.405,0.182,3.1,17.8,10.8,6.9,1.7,2.2,7.9,12.8,1.2,1.7,2.9,0.131,-1.1,1.6,0.6,0.7
2009/2010,57700000,67649793.99,457588,Golden State Warriors,10,GSW,California,West,Pacific,26,56,0.317,108.8,112.4,-3.28,Mikki Moore,C,34,2537952,3013906,23,20,17.7,2.3,3.9,0.6,0,0,,2.3,3.9,0.6,0.6,0.3,0.5,0.636,1.1,1.9,3,1.6,0.2,0.6,0.9,2.6,5,406,11.2,0.606,0,0.122,7,12,9.5,12.5,0.6,2.3,18.1,12.2,0.5,0.1,0.6,0.071,-1.5,-0.4,-1.9,0
2009/2010,57700000,67649793.99,457588,Atlanta Hawks,1,ATL,Georgia,East,Southeast,53,29,0.646,101.7,97,4.44,Randolph Morris,PF,24,855189,1015566,28,0,4.4,0.8,1.5,0.561,0,0,,0.8,1.5,0.561,0.561,0.6,1,0.593,0.4,1,1.4,0.1,0.2,0.1,0.4,1.2,2.2,124,14.6,0.586,0,0.659,9.3,26.6,17.9,2.6,2.1,1.8,18.5,24.1,0.1,0.2,0.3,0.108,-4.5,-2.1,-6.6,-0.1
2009/2010,57700000,67649793.99,457588,Los Angeles Lakers,14,LAL,California,West,Pacific,57,25,0.695,101.7,97,4.78,Adam Morrison,SF,25,5257229,6243143,31,0,7.8,1,2.7,0.376,0.2,0.7,0.238,0.9,2.1,0.422,0.406,0.2,0.3,0.625,0.3,0.7,1,0.6,0.1,0.1,0.3,0.5,2.4,241,7.4,0.418,0.247,0.094,4.7,10.1,7.4,11.3,0.6,0.6,10.2,18.3,-0.2,0.2,0,0.009,-4.4,-1.8,-6.2,-0.3
2009/2010,57700000,67649793.99,457588,Golden State Warriors,10,GSW,California,West,Pacific,26,56,0.317,108.8,112.4,-3.28,Anthony Morrow,SG,24,736420,874524,69,37,29.2,4.8,10.2,0.468,2,4.4,0.456,2.7,5.7,0.477,0.568,1.5,1.7,0.886,0.9,2.9,3.8,1.5,0.9,0.2,1.2,2.3,13,2018,14,0.597,0.437,0.162,3.3,11.1,7.1,7.6,1.5,0.6,10,17.8,3,0.6,3.5,0.084,1.4,-1.9,-0.5,0.7
2009/2010,57700000,67649793.99,457588,Oklahoma City Thunder,21,OKC,Oklahoma,West,Northwest,50,32,0.61,101.5,98,3.55,Byron Mullens,PF,20,1120200,1324412.46,13,0,4.2,0.5,1.5,0.368,0,0,,0.5,1.5,0.368,0.368,0,0,,0.2,0.5,0.8,0.1,0.2,0,0.3,1,1.1,54,0.7,0.368,0,0,6.6,14.5,10.6,2.9,1.9,0,17.4,19.1,-0.2,0.1,-0.1,-0.077,-8.9,-1.6,-10.5,-0.1
2009/2010,57700000,67649793.99,457588,Indiana Pacers,12,IND,Indiana,East,Central,32,50,0.39,100.8,103.8,-3.11,Troy Murphy,PF,29,11047619,13119434,72,69,32.6,5.3,11.3,0.472,1.8,4.6,0.384,3.6,6.7,0.533,0.551,2.1,2.7,0.798,1.8,8.4,10.2,2.1,1,0.5,1.4,2.4,14.6,2344,18,0.585,0.41,0.237,6,28.5,17.2,10.6,1.5,1,10,18.8,4.1,3.7,7.8,0.159,1.4,1.1,2.6,2.7
2009/2010,57700000,67649793.99,457588,#N/A,#N/A,TOT,#N/A,#N/A,#N/A,#N/A,#N/A,#N/A,#N/A,#N/A,#N/A,Ronald Murray,SG,30,1990000,2363194,75,2,22.3,3.6,9.1,0.392,0.9,2.9,0.312,2.7,6.2,0.431,0.443,1.9,2.6,0.727,0.4,2.1,2.4,1.8,0.6,0.2,1.2,1.7,9.9,1673,11.7,0.485,0.324,0.284,2,10.6,6.4,14,1.4,0.8,10.6,23.6,-0.2,2,1.8,0.051,-1.7,-1.3,-3,-0.4
2009/2010,57700000,67649793.99,457588,Charlotte Bobcats,4,CHA,North Carolina,East,Southeast,44,38,0.537,95.3,93.8,1.3,Ronald Murray,SG,30,1990000,2363194,46,1,21.6,3.5,8.9,0.389,0.9,2.8,0.313,2.6,6.1,0.425,0.439,2,2.8,0.71,0.3,1.8,2.1,1.8,0.6,0.3,1.4,1.7,9.9,993,11.4,0.484,0.319,0.319,1.9,9.9,5.9,15.2,1.5,1,12.2,25,-0.4,1.3,0.9,0.041,-2.1,-1.3,-3.4,-0.3
2009/2010,57700000,67649793.99,457588,Chicago Bulls,5,CHI,Illinois,East,Central,41,41,0.5,97.5,99.1,-1.64,Ronald Murray,SG,30,1990000,2363194,29,1,23.4,3.7,9.4,0.397,1,3.1,0.311,2.8,6.3,0.44,0.449,1.7,2.2,0.762,0.4,2.5,2.9,1.8,0.6,0.1,0.9,1.7,10.1,680,12.1,0.487,0.331,0.232,2.2,11.6,7,12.2,1.4,0.4,8,21.5,0.2,0.7,0.9,0.065,-1.1,-1.4,-2.5,-0.1
2009/2010,57700000,67649793.99,457588,#N/A,#N/A,TOT,#N/A,#N/A,#N/A,#N/A,#N/A,#N/A,#N/A,#N/A,#N/A,Eduardo Najera,PF,33,3100000,3681358,46,5,14.9,1.3,3.2,0.425,0.4,1.4,0.297,0.9,1.8,0.524,0.49,0.3,0.5,0.583,0.7,1.8,2.5,0.6,0.6,0.3,0.5,2,3.4,685,8.4,0.501,0.438,0.164,5.7,13.7,9.6,6.5,2,1.5,13.8,12.2,0.1,0.8,0.8,0.058,-2.1,0.9,-1.3,0.1
2009/2010,57700000,67649793.99,457588,New Jersey Nets,3,NJN,New Jersey,East,Atlantic,12,70,0.146,92.4,101.5,-8.93,Eduardo Najera,PF,33,3100000,3681358,13,2,15.7,1.5,4.1,0.377,0.2,1.3,0.176,1.3,2.8,0.472,0.406,0.5,0.9,0.5,0.9,2,2.9,1.2,0.7,0.2,0.9,2.5,3.8,204,7,0.42,0.321,0.226,6.5,15.4,10.7,12,2.3,0.7,17.1,15.8,-0.2,0.2,-0.1,-0.017,-4,0.1,-4,-0.1
2009/2010,57700000,67649793.99,457588,Dallas Mavericks,7,DAL,Texas,West,Southwest,55,27,0.671,102,99.3,2.66,Eduardo Najera,PF,33,3100000,3681358,33,3,14.6,1.3,2.8,0.452,0.5,1.4,0.34,0.8,1.4,0.565,0.538,0.2,0.4,0.667,0.7,1.7,2.3,0.4,0.5,0.4,0.4,1.8,3.3,481,9.1,0.549,0.505,0.129,5.3,13,9.2,4.1,1.8,1.9,11.7,10.6,0.3,0.6,0.9,0.089,-1.3,1.2,-0.1,0.2
2009/2010,57700000,67649793.99,457588,Phoenix Suns,24,PHO,Arizona,West,Pacific,54,28,0.659,110.2,105.3,4.67,Steve Nash,PG,35,13125000,15586397,81,81,32.8,6.2,12.2,0.507,1.5,3.6,0.426,4.6,8.6,0.54,0.57,2.6,2.8,0.938,0.4,2.9,3.3,11,0.5,0.1,3.6,1.3,16.5,2660,21.6,0.615,0.295,0.228,1.5,9.4,5.7,50.9,0.8,0.3,21.4,22.9,9.1,0.8,9.9,0.178,4.9,-3.1,1.8,2.6
2009/2010,57700000,67649793.99,457588,Orlando Magic,22,ORL,Florida,East,Southeast,59,23,0.72,102.8,95.3,7.12,Jameer Nelson,PG,27,6138888,7290144,65,64,28.6,4.9,10.9,0.449,1.3,3.5,0.381,3.6,7.4,0.481,0.51,1.5,1.8,0.845,0.4,2.6,3,5.4,0.7,0,2.1,2.3,12.6,1860,15.5,0.54,0.32,0.164,1.7,10.1,6,32.1,1.3,0.1,15.5,22.3,2.8,2.2,5,0.13,1.6,-0.6,1,1.4
2009/2010,57700000,67649793.99,457588,Toronto Raptors,28,TOR,Ontario,East,Atlantic,40,42,0.488,104.1,105.9,-1.83,Radoslav Nesterovic,C,33,1990000,2363194,42,8,9.8,1.9,3.5,0.544,0,0,,1.9,3.5,0.544,0.544,0,0.1,0.2,0.9,1.2,2.1,0.6,0.2,0.4,0.4,1.3,3.9,413,16,0.539,0,0.034,10.9,14.5,12.7,9.9,1.2,3.2,9.6,18.5,0.6,0.2,0.8,0.089,0,-0.4,-0.4,0.2
2009/2010,57700000,67649793.99,457588,Chicago Bulls,5,CHI,Illinois,East,Central,41,41,0.5,97.5,99.1,-1.64,Joakim Noah,C,24,2455680,2916206,64,54,30.1,4.1,8.1,0.504,0,0,,4.1,8.1,0.504,0.504,2.5,3.4,0.744,3.4,7.6,11,2.1,0.5,1.6,1.8,3.1,10.7,1925,17.9,0.557,0,0.421,12.9,27.6,20.3,10.8,0.9,4,16,17.1,2.7,3.5,6.2,0.154,-0.7,3.3,2.5,2.2
2009/2010,57700000,67649793.99,457588,Sacramento Kings,26,SAC,California,West,Pacific,25,57,0.305,100,104.4,-4.06,Andres Nocioni,SF,30,7500000,8906512,75,28,19.7,3.1,7.8,0.399,1.3,3.3,0.386,1.8,4.5,0.408,0.48,0.9,1.3,0.717,0.4,2.5,3,1,0.4,0.3,0.9,2.1,8.5,1477,11.1,0.504,0.424,0.169,2.5,14.9,8.6,8,1.1,1.3,9.6,20.9,0.4,1,1.3,0.044,-1.5,-1.9,-3.4,-0.5
2009/2010,57700000,67649793.99,457588,Los Angeles Clippers,13,LAC,California,West,Pacific,29,53,0.354,95.7,102.1,-6.01,Steve Novak,SF,26,855189,1015566,54,0,6.7,0.8,2,0.389,0.4,1.3,0.31,0.4,0.7,0.541,0.491,0.1,0.2,0.778,0,0.6,0.6,0.1,0.1,0,0,0.4,2.1,362,8.3,0.505,0.657,0.083,0.3,10.3,5.3,2.6,1,0.4,1.8,14.2,0.2,0.1,0.3,0.043,-2.2,-3.2,-5.4,-0.3
2009/2010,57700000,67649793.99,457588,Dallas Mavericks,7,DAL,Texas,West,Southwest,55,27,0.671,102,99.3,2.66,Dirk Nowitzki,PF,31,19795714,23508104,81,80,37.5,8.9,18.5,0.481,0.6,1.5,0.421,8.3,17,0.487,0.498,6.6,7.2,0.915,1,6.7,7.7,2.7,0.9,1,1.8,2.6,25,3039,22.9,0.578,0.081,0.392,3.1,20.1,11.7,13,1.2,2,7.8,28.8,8.4,3.9,12.3,0.194,2.3,0.3,2.6,3.5
2009/2010,57700000,67649793.99,457588,Toronto Raptors,28,TOR,Ontario,East,Atlantic,40,42,0.488,104.1,105.9,-1.83,Patrick O'Bryant,C,23,1620000,1923806,11,0,4.6,0.7,1.4,0.533,0,0.1,0,0.7,1.3,0.571,0.533,0.3,0.5,0.5,0.2,0.8,1,0.1,0.2,0.4,0.5,1.1,1.7,51,9.9,0.539,0.067,0.4,4.8,20.3,12.7,3,2,6,22.1,20.3,-0.1,0.1,0,-0.009,-6,0.8,-5.2,0
2009/2010,57700000,67649793.99,457588,Miami Heat,16,MIA,Florida,East,Southeast,47,35,0.573,96.5,94.2,1.99,Jermaine O'Neal,C,31,23016000,27332306,70,70,28.4,5.6,10.6,0.529,0,0,0,5.6,10.6,0.53,0.529,2.3,3.2,0.72,1.8,5.2,6.9,1.3,0.4,1.4,1.8,3,13.6,1991,17.9,0.563,0.003,0.302,7.4,21.2,14.3,8.4,0.7,3.9,12.9,22.9,2.4,3.2,5.6,0.135,-1.4,1.5,0,1
2009/2010,57700000,67649793.99,457588,Cleveland Cavaliers,6,CLE,Ohio,East,Central,61,21,0.744,102.1,95.6,6.17,Shaquille O'Neal,C,37,20000000,23750701,53,53,23.4,4.9,8.7,0.566,0,0,0,4.9,8.7,0.567,0.566,2.1,4.3,0.496,1.8,4.9,6.7,1.5,0.3,1.2,2,3.2,12,1240,17.9,0.565,0.002,0.488,9.4,24,17,11.3,0.6,3.9,15.7,25.1,0.9,2.1,3.1,0.119,-1.9,1.4,-0.5,0.5
2009/2010,57700000,67649793.99,457588,Washington Wizards,30,WAS,Washington DC,East,Southeast,26,56,0.317,96.2,101,-4.72,Fabricio Oberto,C,34,3900000,4631386,57,20,11.4,0.6,1,0.625,0,0,,0.6,1,0.625,0.625,0.2,0.3,0.765,0.6,1.2,1.8,0.9,0.2,0.2,0.6,2.1,1.5,650,5.7,0.654,0,0.304,5.9,12.8,9.3,11.1,0.9,1.1,36.2,6.9,0.2,0.4,0.6,0.047,-2.9,0.9,-2.1,0
2009/2010,57700000,67649793.99,457588,Portland Trail Blazers,25,POR,Oregon,West,Northwest,50,32,0.61,98.1,94.8,3.18,Greg Oden,C,22,5361240,6366660,21,21,23.9,4.4,7.2,0.605,0,0,,4.4,7.2,0.605,0.605,2.3,3,0.766,3,5.4,8.5,0.9,0.4,2.3,1.9,4,11.1,502,23.1,0.647,0,0.421,15.6,28.3,21.9,6.7,0.9,7.7,17.8,20.7,1.3,1,2.2,0.214,0.6,3.6,4.1,0.8
2009/2010,57700000,67649793.99,457588,Los Angeles Lakers,14,LAL,California,West,Pacific,57,25,0.695,101.7,97,4.78,Lamar Odom,PF,30,7500000,8906512,82,38,31.5,4.2,9,0.463,0.7,2.2,0.319,3.5,6.8,0.51,0.502,1.7,2.5,0.693,2.2,7.5,9.8,3.3,0.9,0.7,1.8,2.8,10.8,2585,15.9,0.533,0.246,0.273,8,26.5,17.3,15.6,1.5,1.7,15.3,17,2.8,4.9,7.7,0.143,0,3.1,3.1,3.3
2009/2010,57700000,67649793.99,457588,New Orleans Hornets,19,NOH,Louisiana,West,Southwest,37,45,0.451,100.2,102.7,-2.27,Emeka Okafor,C,27,10538937,12515357,82,82,28.9,4.2,8,0.53,0,0,,4.2,8,0.53,0.53,1.9,3.3,0.562,3.1,6,9,0.7,0.7,1.5,1.4,2.7,10.4,2370,16.5,0.547,0,0.418,12.2,24.7,18.4,3.5,1.2,4.1,12.5,17.1,2.6,2.8,5.5,0.111,-2.1,1.2,-0.9,0.7
2009/2010,57700000,67649793.99,457588,Utah Jazz,29,UTA,Utah,West,Northwest,53,29,0.646,104.2,98.9,5.33,Mehmet Okur,C,30,9000000,10687815,73,73,29.4,4.9,10.6,0.458,1.1,2.9,0.385,3.7,7.7,0.486,0.511,2.7,3.3,0.82,1.8,5.2,7.1,1.6,0.5,1.1,1.7,3.1,13.5,2149,15.6,0.561,0.275,0.308,7.5,20.6,14.2,8.5,0.9,3,12.6,21,2.6,3,5.6,0.126,0.1,0.8,0.8,1.5
2009/2010,57700000,67649793.99,457588,Oklahoma City Thunder,21,OKC,Oklahoma,West,Northwest,50,32,0.61,101.5,98,3.55,Kevin Ollie,PG,37,1306455,1551461,25,0,10.5,0.7,1.8,0.4,0,0,0,0.7,1.8,0.409,0.4,0.3,0.3,1,0.1,0.9,1,0.8,0.4,0,0.2,0.6,1.8,263,7,0.453,0.022,0.178,1.3,9.3,5.5,10.8,1.8,0,11,9.3,0,0.3,0.3,0.059,-4,0.4,-3.5,-0.1
2009/2010,57700000,67649793.99,457588,#N/A,#N/A,TOT,#N/A,#N/A,#N/A,#N/A,#N/A,#N/A,#N/A,#N/A,#N/A,Travis Outlaw,SF,25,4000000,4750140,34,6,21.5,3.2,8.3,0.391,1.2,3.1,0.381,2.1,5.2,0.398,0.463,1.4,1.7,0.831,1,2.6,3.6,1,0.5,0.5,0.9,1.3,9.1,730,13.3,0.503,0.374,0.21,5.3,14.3,9.8,7.6,1.3,1.8,9.4,21.4,0.4,0.6,0.9,0.062,-1.2,-1.4,-2.5,-0.1
2009/2010,57700000,67649793.99,457588,Portland Trail Blazers,25,POR,Oregon,West,Northwest,50,32,0.61,98.1,94.8,3.18,Travis Outlaw,SF,25,4000000,4750140,11,0,21,3.5,9.2,0.376,1.1,2.8,0.387,2.4,6.4,0.371,0.436,1.9,2.2,0.875,1.2,2.3,3.5,0.7,0.6,0.7,1.1,1.2,9.9,231,14.8,0.489,0.307,0.238,6.9,13.5,10.2,5.9,1.7,2.8,9.7,25.4,0.1,0.3,0.3,0.071,-1.5,-1,-2.5,0
2009/2010,57700000,67649793.99,457588,Los Angeles Clippers,13,LAC,California,West,Pacific,29,53,0.354,95.7,102.1,-6.01,Travis Outlaw,SF,25,4000000,4750140,23,6,21.7,3.1,7.8,0.4,1.2,3.2,0.378,1.9,4.6,0.415,0.478,1.2,1.5,0.8,0.9,2.7,3.6,1.1,0.5,0.4,0.9,1.3,8.7,499,12.6,0.512,0.411,0.194,4.6,14.7,9.6,8.4,1.1,1.3,9.3,19.5,0.3,0.3,0.6,0.058,-1,-1.5,-2.6,-0.1
2009/2010,57700000,67649793.99,457588,Atlanta Hawks,1,ATL,Georgia,East,Southeast,53,29,0.646,101.7,97,4.44,Zaza Pachulia,C,25,4750000,5640791,78,1,14,1.5,3.2,0.488,0,0.1,0,1.5,3.1,0.496,0.488,1.2,1.8,0.65,1.5,2.3,3.8,0.5,0.5,0.4,0.7,2.4,4.3,1089,13.1,0.539,0.016,0.581,12.4,19,15.7,5.6,1.8,2.2,15.8,15.5,1.2,1.5,2.7,0.121,-1.7,0.8,-0.9,0.3
2009/2010,57700000,67649793.99,457588,Chicago Bulls,5,CHI,Illinois,East,Central,41,41,0.5,97.5,99.1,-1.64,Jannero Pargo,PG,30,2000000,2375070,63,5,13.2,2.1,6,0.346,0.6,2.2,0.275,1.5,3.9,0.387,0.396,0.7,0.7,0.933,0.1,1.1,1.2,1.4,0.5,0,0.8,1.1,5.5,829,8.9,0.429,0.362,0.118,1.2,9.1,5.2,17.5,1.8,0.2,11.1,24.4,-1.1,0.9,-0.3,-0.015,-3.2,-2.4,-5.6,-0.8
2009/2010,57700000,67649793.99,457588,Cleveland Cavaliers,6,CLE,Ohio,East,Central,61,21,0.744,102.1,95.6,6.17,Anthony Parker,SG,34,2644230,3140115,81,81,28.3,2.5,5.9,0.434,1.3,3.2,0.414,1.2,2.6,0.458,0.547,0.9,1.2,0.789,0.4,2.5,2.9,1.9,0.8,0.2,0.9,1.9,7.3,2289,9.9,0.576,0.549,0.2,1.6,10,6,9.9,1.4,0.6,12.1,12,2.3,2.6,4.9,0.103,0.2,0.6,0.8,1.6
2009/2010,57700000,67649793.99,457588,San Antonio Spurs,27,SAS,Texas,West,Southwest,50,32,0.61,101.4,96.3,5.07,Tony Parker,PG,27,12600000,14962941,56,50,30.9,6.2,12.8,0.487,0.2,0.6,0.294,6.1,12.2,0.497,0.494,3.3,4.4,0.756,0.1,2.3,2.4,5.7,0.5,0.1,2.7,1.7,16,1728,16.4,0.542,0.047,0.344,0.5,8.5,4.6,30.9,0.9,0.3,15.3,25.8,2,1.6,3.6,0.101,-0.1,-1.6,-1.7,0.1
2009/2010,57700000,67649793.99,457588,New Orleans Hornets,19,NOH,Louisiana,West,Southwest,37,45,0.451,100.2,102.7,-2.27,Chris Paul,PG,24,13520500,16056067,45,45,38,7,14.2,0.493,1.2,2.8,0.409,5.8,11.3,0.514,0.534,3.6,4.2,0.847,0.4,3.8,4.2,10.7,2.1,0.2,2.5,2.6,18.7,1712,23.7,0.584,0.199,0.298,1.3,11.9,6.5,45.4,2.9,0.4,13.5,22.2,5.7,1.5,7.3,0.204,5.2,-0.4,4.9,3
2009/2010,57700000,67649793.99,457588,Minnesota Timberwolves,18,MIN,Minnesota,West,Northwest,15,67,0.183,98.2,107.8,-9.06,Aleksandar Pavlovic,SF,26,2750000,3265720,71,0,12.4,1.5,4.2,0.363,0.5,1.7,0.297,1,2.6,0.407,0.422,0.1,0.4,0.385,0.2,1.5,1.6,0.8,0.3,0.1,0.7,1.2,3.7,877,5.4,0.422,0.393,0.087,1.5,13.6,7.5,10,1.3,0.5,14.5,18.1,-1.5,0.3,-1.2,-0.063,-5,-2,-7,-1.1
2009/2010,57700000,67649793.99,457588,Minnesota Timberwolves,18,MIN,Minnesota,West,Northwest,15,67,0.183,98.2,107.8,-9.06,Oleksiy Pecherov,C,24,1547640,1837876,44,5,10.2,1.8,4.3,0.41,0.3,1.2,0.269,1.4,3.1,0.463,0.447,0.7,0.7,0.906,0.7,2.1,2.8,0.3,0.2,0.3,0.7,1.3,4.5,447,12,0.487,0.277,0.17,7.9,23.4,15.5,4,1,2.4,13.7,22.8,-0.3,0.4,0.1,0.01,-4.5,-2.7,-7.1,-0.6
2009/2010,57700000,67649793.99,457588,Boston Celtics,2,BOS,Massachusetts,East,Atlantic,50,32,0.61,99.2,95.6,3.37,Kendrick Perkins,C,25,4250000,5047024,78,78,27.6,4,6.7,0.602,0,0,0,4,6.7,0.605,0.602,2.1,3.6,0.582,2,5.6,7.6,1,0.3,1.7,2.1,2.8,10.1,2154,15,0.613,0.006,0.536,9.1,24.4,16.9,6,0.6,4.8,20.4,17.6,1.4,3.8,5.2,0.117,-2.5,2.7,0.2,1.2
2009/2010,57700000,67649793.99,457588,New Orleans Hornets,19,NOH,Louisiana,West,Southwest,37,45,0.451,100.2,102.7,-2.27,Morris Peterson,SG,32,6212960,7378107,46,39,21.2,2.5,6.5,0.385,1.3,3.7,0.363,1.2,2.8,0.415,0.488,0.7,1.2,0.611,0.4,2.4,2.7,0.9,0.5,0.1,0.6,1.8,7.1,973,9.3,0.503,0.568,0.179,2,13.4,7.6,6.2,1.3,0.4,7.7,16.5,0.3,0.5,0.8,0.039,-1.2,-1.6,-2.8,-0.2
2009/2010,57700000,67649793.99,457588,Denver Nuggets,8,DEN,Colorado,West,Northwest,53,29,0.646,106.5,102.4,4.15,Johan Petro,C,24,884881,1050827,36,16,12.1,1.5,2.8,0.535,0,0,0,1.5,2.8,0.54,0.535,0.4,0.6,0.667,0.9,2.7,3.6,0.4,0.3,0.4,0.6,2.2,3.4,436,10.7,0.553,0.01,0.208,8.5,25.4,17.1,4.8,1.2,2.2,17.3,13.6,0.2,0.6,0.8,0.089,-3.5,0.5,-2.9,-0.1
2009/2010,57700000,67649793.99,457588,Boston Celtics,2,BOS,Massachusetts,East,Atlantic,50,32,0.61,99.2,95.6,3.37,Paul Pierce,SF,32,19795712,23508102,71,71,34,5.8,12.2,0.472,1.5,3.7,0.414,4.2,8.5,0.497,0.535,5.2,6.1,0.852,0.5,3.8,4.4,3.1,1.2,0.4,2.3,2.8,18.3,2411,18.2,0.613,0.303,0.499,2,13.4,7.9,15.1,1.8,1,13.6,23.8,5,3.3,8.3,0.165,2.3,0.3,2.7,2.9
2009/2010,57700000,67649793.99,457588,Orlando Magic,22,ORL,Florida,East,Southeast,59,23,0.72,102.8,95.3,7.12,Mickael Pietrus,SF,27,5300000,6293935,75,24,22.5,3.1,7.2,0.432,1.5,4.1,0.379,1.6,3.1,0.502,0.54,0.9,1.5,0.633,0.5,2.3,2.9,0.7,0.7,0.4,0.9,1.8,8.7,1687,11.9,0.555,0.568,0.202,2.8,11.6,7.4,4.7,1.6,1.4,10.5,18,1.2,2.5,3.6,0.103,0.2,0.5,0.7,1.1
2009/2010,57700000,67649793.99,457588,New Orleans Hornets,19,NOH,Louisiana,West,Southwest,37,45,0.451,100.2,102.7,-2.27,James Posey,SF,33,6031800,7162973,77,2,22.5,1.6,4.5,0.365,1.1,3.1,0.335,0.6,1.3,0.437,0.483,0.9,1,0.825,0.4,3.9,4.3,1.5,0.5,0.2,0.7,2.6,5.2,1731,8.7,0.525,0.701,0.232,2.1,20.5,11.2,9.3,1.3,0.8,11.8,11.4,1,1.4,2.4,0.067,-1.3,0.6,-0.7,0.6
2009/2010,57700000,67649793.99,457588,Cleveland Cavaliers,6,CLE,Ohio,East,Central,61,21,0.744,102.1,95.6,6.17,Leon Powe,SF,26,855189,1015566,20,2,11.8,1.1,2.5,0.429,0,0,,1.1,2.5,0.429,0.429,1.9,3.2,0.587,1,2.1,3.1,0,0.3,0.1,0.6,1.8,4,236,10.2,0.515,0,1.286,10.1,20.2,15.4,0,1.3,0.7,12.5,17.3,0.1,0.3,0.5,0.097,-5.8,-4.1,-9.9,-0.5
2009/2010,57700000,67649793.99,457588,Los Angeles Lakers,14,LAL,California,West,Pacific,57,25,0.695,101.7,97,4.78,Josh Powell,PF,27,959111,1138977,63,0,9.2,1.1,3.1,0.366,0.1,0.3,0.438,1,2.8,0.36,0.384,0.3,0.5,0.645,0.7,1.1,1.8,0.6,0.1,0.1,0.5,1.1,2.7,581,6.7,0.407,0.082,0.16,8.5,13.7,11.2,9,0.8,0.8,13.7,18.6,-0.7,0.7,0,0.001,-5.5,-0.8,-6.2,-0.6
2009/2010,57700000,67649793.99,457588,Indiana Pacers,12,IND,Indiana,East,Central,32,50,0.39,100.8,103.8,-3.11,AJ Price,PG,23,457588,543401,56,2,15.4,2.6,6.3,0.41,1.1,3.1,0.345,1.5,3.2,0.472,0.494,1.1,1.3,0.8,0.2,1.4,1.6,1.9,0.6,0.1,1.1,0.9,7.3,865,14,0.53,0.492,0.212,1.5,9.7,5.6,20.5,2,0.2,13.2,22.7,0.4,0.8,1.2,0.065,0.2,-2,-1.8,0
2009/2010,57700000,67649793.99,457588,Utah Jazz,29,UTA,Utah,West,Northwest,53,29,0.646,104.2,98.9,5.33,Ronnie Price,PG,26,1250000,1484418,60,4,13.4,1.6,4,0.405,0.3,1.1,0.286,1.3,3,0.447,0.442,0.7,1,0.695,0.5,0.8,1.2,2.1,0.7,0.2,0.9,1.8,4.3,806,10.3,0.476,0.26,0.244,4.2,6.6,5.4,22,2.5,1.3,17.3,18,-0.1,1,0.9,0.056,-1.9,-0.2,-2.2,0
2009/2010,57700000,67649793.99,457588,Detroit Pistons,9,DET,Michigan,East,Central,27,55,0.329,94,99.1,-5.02,Tayshaun Prince,SF,29,10324380,12260563,49,49,34,5.8,11.8,0.486,0.6,1.5,0.37,5.2,10.3,0.503,0.509,1.4,2,0.714,1.4,3.6,5.1,3.3,0.7,0.4,1.2,1.6,13.5,1664,16,0.53,0.126,0.169,4.9,13.8,9,16.9,1.1,1.1,8.8,18.9,2.6,0.6,3.2,0.091,1.2,-0.5,0.7,1.1
2009/2010,57700000,67649793.99,457588,Portland Trail Blazers,25,POR,Oregon,West,Northwest,50,32,0.61,98.1,94.8,3.18,Joel Przybilla,C,30,6857725,8143788,30,9,22.7,1.5,2.9,0.523,0,0,,1.5,2.9,0.523,0.523,1.1,1.7,0.647,2.4,5.5,7.9,0.3,0.3,1.4,1.3,3.2,4.1,681,11.2,0.567,0,0.593,13,30.4,21.6,1.7,0.6,5.1,26.5,10.3,0.3,1.2,1.4,0.101,-4.1,2.2,-1.9,0
2009/2010,57700000,67649793.99,457588,New Jersey Nets,3,NJN,New Jersey,East,Atlantic,12,70,0.146,92.4,101.5,-8.93,Chris Quinn,PG,26,1055000,1252849,25,0,8.9,0.8,2.2,0.357,0.4,1.3,0.313,0.4,1,0.417,0.446,0.2,0.2,1,0,0.6,0.6,1.2,0.4,0,0.4,0.6,2.2,223,9.3,0.477,0.571,0.107,0.5,8.1,4.1,20.9,2.1,0.3,14.6,14.1,0,0.1,0.1,0.025,-2.6,-2.6,-5.2,-0.2
2009/2010,57700000,67649793.99,457588,#N/A,#N/A,TOT,#N/A,#N/A,#N/A,#N/A,#N/A,#N/A,#N/A,#N/A,#N/A,Vladimir Radmanovic,PF,29,6466600,7679314,41,20,21.7,2.5,6.7,0.377,0.7,2.6,0.278,1.8,4,0.442,0.432,0.5,0.7,0.741,1.2,3.1,4.3,1.1,0.7,0.2,1.1,2.4,6.2,891,7.9,0.449,0.396,0.099,6.4,16.2,11.3,7.2,1.6,0.6,13.4,16,-0.6,0.6,0,-0.002,-3.1,-1,-4.1,-0.5
2009/2010,57700000,67649793.99,457588,Charlotte Bobcats,4,CHA,North Carolina,East,Southeast,44,38,0.537,95.3,93.8,1.3,Vladimir Radmanovic,PF,29,6466600,7679314,8,0,16.6,1.8,5.3,0.333,0.9,2.8,0.318,0.9,2.5,0.35,0.417,0.5,0.8,0.667,1,2.6,3.6,0.9,0.4,0.1,0.6,2.3,4.9,133,8,0.437,0.524,0.143,7.4,18.7,13.1,8.6,1.2,0.6,10.1,17.3,0,0.2,0.2,0.055,-2.5,-0.5,-3,0
2009/2010,57700000,67649793.99,457588,Golden State Warriors,10,GSW,California,West,Pacific,26,56,0.317,108.8,112.4,-3.28,Vladimir Radmanovic,PF,29,6466600,7679314,33,20,23,2.7,7,0.385,0.7,2.6,0.267,2,4.4,0.455,0.435,0.5,0.6,0.762,1.3,3.2,4.5,1.2,0.8,0.2,1.2,2.4,6.6,758,7.9,0.452,0.372,0.091,6.2,15.8,10.9,6.9,1.6,0.6,14,15.8,-0.6,0.4,-0.2,-0.012,-3.2,-1.1,-4.3,-0.4
2009/2010,57700000,67649793.99,457588,Golden State Warriors,10,GSW,California,West,Pacific,26,56,0.317,108.8,112.4,-3.28,Anthony Randolph,C,20,1837560,2182166,33,8,22.7,4.2,9.4,0.443,0,0.2,0.2,4.1,9.2,0.447,0.445,3.3,4.1,0.801,2.2,4.3,6.5,1.3,0.8,1.5,1.5,2.8,11.6,749,18.7,0.521,0.016,0.44,10.7,21.4,16,8.5,1.8,4.9,11.7,23.9,0.7,0.8,1.5,0.098,-2.2,0.8,-1.4,0.1
2009/2010,57700000,67649793.99,457588,#N/A,#N/A,TOT,#N/A,#N/A,#N/A,#N/A,#N/A,#N/A,#N/A,#N/A,#N/A,Shavlik Randolph,PF,26,343542,407967,6,0,8.8,1,3,0.333,0,0,,1,3,0.333,0.333,0.3,0.3,1,1.2,1.2,2.3,0.2,0.2,0.2,0.5,1.5,2.3,53,6.2,0.371,0,0.111,15.6,15.6,15.6,3.2,1,1.5,13.7,19.5,-0.1,0.1,0,-0.013,-7.6,-3.8,-11.3,-0.1
2009/2010,57700000,67649793.99,457588,Miami Heat,16,MIA,Florida,East,Southeast,47,35,0.573,96.5,94.2,1.99,Shavlik Randolph,PF,26,343542,407967,3,0,15.7,1.7,5,0.333,0,0,,1.7,5,0.333,0.333,0,0,,2.3,2,4.3,0,0.3,0.3,0.7,3,3.3,47,4.9,0.333,0,0,17.6,14.9,16.3,0,1.1,1.7,11.8,17,-0.1,0.1,0,-0.015,-7.8,-3.8,-11.7,-0.1
2009/2010,57700000,67649793.99,457588,Portland Trail Blazers,25,POR,Oregon,West,Northwest,50,32,0.61,98.1,94.8,3.18,Shavlik Randolph,PF,26,343542,407967,3,0,2,0.3,1,0.333,0,0,,0.3,1,0.333,0.333,0.7,0.7,1,0,0.3,0.3,0.3,0,0,0.3,0,1.3,6,16.5,0.515,0,0.667,0,20.8,10.3,28.6,0,0,20.5,38.6,0,0,0,0.005,-5.4,-3,-8.5,0
2009/2010,57700000,67649793.99,457588,Memphis Grizzlies,15,MEM,Tennessee,West,Southwest,40,42,0.488,102.5,104,-1.39,Zach Randolph,PF,28,16000000,19000560,81,81,37.7,8,16.5,0.488,0.2,0.6,0.288,7.9,15.9,0.496,0.494,4.5,5.7,0.778,4.1,7.7,11.7,1.8,1,0.4,2.1,2.8,20.8,3051,21.2,0.546,0.039,0.348,12.6,23.8,18.2,8.2,1.3,0.8,10.1,24.6,7,2.7,9.7,0.153,1.8,-0.9,0.9,2.2
2009/2010,57700000,67649793.99,457588,#N/A,#N/A,TOT,#N/A,#N/A,#N/A,#N/A,#N/A,#N/A,#N/A,#N/A,#N/A,Theo Ratliff,C,36,1306455,1551461,49,29,16.5,1.4,3.1,0.461,0,0,,1.4,3.1,0.461,0.461,0.8,1,0.76,1.2,2,3.2,0.5,0.2,1.2,0.8,1.8,3.6,807,10.3,0.511,0,0.329,8.9,14.3,11.6,4.7,0.8,6,19.1,12.3,0.1,1.4,1.4,0.084,-4,3.7,-0.4,0.3
2009/2010,57700000,67649793.99,457588,San Antonio Spurs,27,SAS,Texas,West,Southwest,50,32,0.61,101.4,96.3,5.07,Theo Ratliff,C,36,1306455,1551461,21,3,8.7,0.8,1.7,0.444,0,0,,0.8,1.7,0.444,0.444,0.1,0.2,0.5,0.7,1.2,1.9,0.4,0.1,0.9,0.8,1.3,1.6,183,7.8,0.45,0,0.111,9.8,15.7,12.8,6.9,0.9,7.1,29.8,13.4,-0.3,0.3,0.1,0.019,-6.1,4.7,-1.4,0
2009/2010,57700000,67649793.99,457588,Charlotte Bobcats,4,CHA,North Carolina,East,Southeast,44,38,0.537,95.3,93.8,1.3,Theo Ratliff,C,36,1306455,1551461,28,26,22.3,1.9,4.1,0.466,0,0,,1.9,4.1,0.466,0.466,1.3,1.6,0.783,1.6,2.6,4.2,0.6,0.3,1.5,0.9,2.1,5.1,624,11,0.528,0,0.397,8.7,13.9,11.3,4.1,0.8,5.7,15.5,12,0.3,1,1.3,0.104,-3.4,3.4,0,0.3
2009/2010,57700000,67649793.99,457588,Milwaukee Bucks,17,MIL,Wisconsin,East,Central,46,36,0.561,97.7,96,1.37,Michael Redd,SG,30,17040000,20235597,18,12,27.3,4.2,11.8,0.352,1,3.3,0.3,3.2,8.5,0.373,0.394,2.6,3.7,0.712,0.6,2.4,3,2.2,1.1,0.1,0.8,1.3,11.9,492,12.1,0.444,0.282,0.31,2.4,10.4,6.2,13,2,0.3,5.8,23.7,-0.1,0.7,0.6,0.059,-1.6,-0.5,-2.1,0
2009/2010,57700000,67649793.99,457588,Orlando Magic,22,ORL,Florida,East,Southeast,59,23,0.72,102.8,95.3,7.12,JJ Redick,SG,25,2839408,3371896,82,9,22,3,6.7,0.439,1.4,3.3,0.405,1.6,3.4,0.473,0.54,2.3,2.7,0.86,0.2,1.7,1.9,1.9,0.3,0,0.8,1.4,9.6,1808,15,0.606,0.495,0.401,1.1,8.5,5,13.9,0.8,0.2,8.8,18.3,4.7,1.8,6.5,0.173,2.5,-1.1,1.4,1.5
2009/2010,57700000,67649793.99,457588,Chicago Bulls,5,CHI,Illinois,East,Central,41,41,0.5,97.5,99.1,-1.64,Chris Richard,PF,25,43319,51442,18,0,12.4,0.8,1.6,0.517,0,0,,0.8,1.6,0.517,0.517,0.4,0.6,0.636,1.1,2.2,3.3,0.4,0.4,0.2,0.8,2.8,2.1,224,6.5,0.547,0,0.379,9.6,19.6,14.7,4.4,1.8,1.4,29.3,9.6,0,0.4,0.3,0.067,-4.6,1.8,-2.7,0
2009/2010,57700000,67649793.99,457588,Phoenix Suns,24,PHO,Arizona,West,Pacific,54,28,0.659,110.2,105.3,4.67,Jason Richardson,SG,29,13333333,15833800,79,76,31.5,6,12.6,0.474,2,5.1,0.393,4,7.6,0.528,0.553,1.7,2.3,0.739,1,4.1,5.1,1.8,0.8,0.4,1.2,2.1,15.7,2485,16.6,0.574,0.401,0.184,3.9,13.9,9.2,8.8,1.3,0.9,7.9,20.8,5,1.7,6.6,0.128,2.9,-0.7,2.2,2.7
2009/2010,57700000,67649793.99,457588,Miami Heat,16,MIA,Florida,East,Southeast,47,35,0.573,96.5,94.2,1.99,Quentin Richardson,SF,29,9352400,11106302,76,75,27.4,3.2,7.4,0.431,1.9,4.7,0.397,1.3,2.7,0.493,0.558,0.7,0.9,0.732,0.8,4.1,4.9,1.2,0.9,0.2,0.8,2.2,8.9,2082,12.9,0.572,0.638,0.127,3.6,17.4,10.6,7,1.8,0.7,9.5,14.8,2.7,3.1,5.8,0.133,1.1,0.9,2,2.1
2009/2010,57700000,67649793.99,457588,Milwaukee Bucks,17,MIL,Wisconsin,East,Central,46,36,0.561,97.7,96,1.37,Luke Ridnour,PG,28,6500000,7718977,82,0,21.5,4,8.4,0.478,0.8,2.2,0.381,3.2,6.2,0.513,0.528,1.5,1.7,0.907,0.3,1.5,1.7,4,0.7,0.1,1.3,2.2,10.4,1759,17.7,0.57,0.264,0.204,1.5,8.1,4.6,31.9,1.6,0.3,12.4,22,4,2.2,6.2,0.168,2.4,-1.5,0.9,1.3
2009/2010,57700000,67649793.99,457588,#N/A,#N/A,TOT,#N/A,#N/A,#N/A,#N/A,#N/A,#N/A,#N/A,#N/A,#N/A,Nate Robinson,PG,25,4000000,4750140,56,2,19.9,3.8,8.8,0.436,1.6,4,0.39,2.3,4.8,0.474,0.524,0.9,1.2,0.746,0.5,1.5,2,2.9,0.9,0.1,1.3,2.1,10.1,1115,16.3,0.543,0.452,0.136,2.9,8.6,5.8,24.9,2.3,0.3,12.3,24.4,1.4,0.8,2.2,0.095,2.3,-2.2,0.1,0.6
2009/2010,57700000,67649793.99,457588,New York Knicks,20,NYK,New York,East,Atlantic,29,53,0.354,102.1,105.9,-4.01,Nate Robinson,PG,25,4000000,4750140,30,2,24.4,5.1,11.2,0.452,1.7,4.5,0.375,3.4,6.7,0.505,0.528,1.4,1.8,0.778,0.8,1.6,2.4,3.7,0.9,0.2,1.8,2.2,13.2,733,17.6,0.552,0.405,0.161,3.5,7.7,5.6,26.4,1.9,0.5,12.8,25.4,1.1,0.3,1.4,0.091,2.7,-2.8,-0.1,0.3
2009/2010,57700000,67649793.99,457588,Boston Celtics,2,BOS,Massachusetts,East,Atlantic,50,32,0.61,99.2,95.6,3.37,Nate Robinson,PG,25,4000000,4750140,26,0,14.7,2.4,6,0.401,1.4,3.3,0.414,1,2.7,0.386,0.516,0.3,0.5,0.615,0.2,1.3,1.5,2,0.8,0,0.8,1.9,6.5,382,13.9,0.522,0.554,0.083,1.7,10.3,6.1,22.1,3,0,10.9,22.4,0.2,0.6,0.8,0.103,1.5,-0.9,0.6,0.3
2009/2010,57700000,67649793.99,457588,#N/A,#N/A,TOT,#N/A,#N/A,#N/A,#N/A,#N/A,#N/A,#N/A,#N/A,#N/A,Sergio Rodriguez,PG,23,1892035,2246857,66,8,15.9,2.5,5.3,0.476,0.5,1.4,0.352,2,3.9,0.519,0.521,1,1.4,0.731,0.4,1,1.3,3.2,0.8,0.1,1.7,1.3,6.6,1048,14.8,0.554,0.259,0.265,2.6,7.2,4.8,32.2,2.4,0.4,22.5,21.6,0.6,0.6,1.2,0.053,-0.7,-2.5,-3.2,-0.3
2009/2010,57700000,67649793.99,457588,Sacramento Kings,26,SAC,California,West,Pacific,25,57,0.305,100,104.4,-4.06,Sergio Rodriguez,PG,23,1892035,2246857,39,0,13.3,2.3,4.9,0.463,0.4,1.1,0.357,1.9,3.8,0.493,0.503,1.1,1.6,0.694,0.4,0.9,1.3,3.1,0.7,0.1,1.5,1.2,6,517,16.9,0.538,0.221,0.326,3.3,7.9,5.5,37.7,2.9,0.4,21.4,23.6,0.4,0.4,0.8,0.074,0.3,-2.1,-1.8,0
2009/2010,57700000,67649793.99,457588,New York Knicks,20,NYK,New York,East,Atlantic,29,53,0.354,102.1,105.9,-4.01,Sergio Rodriguez,PG,23,1892035,2246857,27,8,19.7,2.9,6,0.491,0.6,1.8,0.347,2.3,4.1,0.554,0.543,0.9,1.1,0.806,0.3,1.1,1.4,3.4,0.8,0.1,2,1.4,7.4,531,12.8,0.573,0.304,0.193,1.9,6.5,4.2,26.9,2,0.3,24,19.5,0.2,0.2,0.4,0.033,-1.7,-2.8,-4.6,-0.3
2009/2010,57700000,67649793.99,457588,Boston Celtics,2,BOS,Massachusetts,East,Atlantic,50,32,0.61,99.2,95.6,3.37,Rajon Rondo,PG,23,2094922,2487793,81,81,36.6,5.7,11.2,0.508,0.2,1,0.213,5.5,10.2,0.536,0.517,2.2,3.5,0.621,1.2,3.2,4.4,9.8,2.3,0.1,3,2.4,13.7,2963,19.1,0.54,0.088,0.312,4.3,10.5,7.5,43.7,3.3,0.3,19.3,20.2,4.9,4.7,9.6,0.156,2.2,1.3,3.5,4.1
2009/2010,57700000,67649793.99,457588,Chicago Bulls,5,CHI,Illinois,East,Central,41,41,0.5,97.5,99.1,-1.64,Derrick Rose,PG,21,5184480,6156751,78,78,36.8,8.6,17.6,0.489,0.2,0.8,0.267,8.4,16.8,0.5,0.495,3.3,4.3,0.766,0.8,2.9,3.8,6,0.7,0.3,2.8,1.2,20.8,2871,18.6,0.532,0.044,0.246,2.6,8.7,5.7,30.3,1,0.7,12.5,27.2,3.5,2.5,6,0.1,1.7,-1.3,0.5,1.8
2009/2010,57700000,67649793.99,457588,#N/A,#N/A,TOT,#N/A,#N/A,#N/A,#N/A,#N/A,#N/A,#N/A,#N/A,#N/A,Quinton Ross,SF-SG,28,1033342,1227129,52,7,10.8,0.8,2.1,0.36,0.1,0.4,0.19,0.7,1.7,0.4,0.378,0.2,0.3,0.571,0.3,0.6,0.9,0.2,0.3,0.1,0.2,1.3,1.8,562,3,0.393,0.189,0.126,3.5,6.6,5,3,1.2,0.8,8.6,10.4,-0.4,0.3,-0.1,-0.008,-4.8,-0.4,-5.2,-0.5
2009/2010,57700000,67649793.99,457588,Dallas Mavericks,7,DAL,Texas,West,Southwest,55,27,0.671,102,99.3,2.66,Quinton Ross,SF,28,1033342,1227129,27,7,11.1,0.9,2.1,0.411,0.1,0.5,0.231,0.7,1.6,0.465,0.438,0.2,0.3,0.625,0.4,0.6,1,0.3,0.3,0.1,0.1,1.3,2,301,5.4,0.454,0.232,0.143,4.2,6,5.1,3.3,1.2,1,4.8,9.6,0.1,0.2,0.3,0.043,-3.2,0,-3.2,-0.1
2009/2010,57700000,67649793.99,457588,Washington Wizards,30,WAS,Washington DC,East,Southeast,26,56,0.317,96.2,101,-4.72,Quinton Ross,SG,28,1033342,1227129,25,0,10.4,0.7,2.2,0.309,0,0.3,0.125,0.6,1.9,0.34,0.318,0.1,0.2,0.5,0.2,0.6,0.9,0.2,0.2,0.1,0.3,1.4,1.5,261,0.3,0.33,0.145,0.109,2.6,7.2,4.9,2.8,1.2,0.6,12.2,11.4,-0.5,0.1,-0.4,-0.067,-6.7,-0.8,-7.5,-0.4
2009/2010,57700000,67649793.99,457588,Portland Trail Blazers,25,POR,Oregon,West,Northwest,50,32,0.61,98.1,94.8,3.18,Brandon Roy,SG,25,3910816,4644231,65,65,37.2,7.6,16,0.473,1.1,3.4,0.33,6.4,12.6,0.512,0.508,5.3,6.8,0.78,1.1,3.3,4.4,4.7,0.9,0.2,2,2.1,21.5,2419,21.3,0.568,0.213,0.424,3.7,10.9,7.3,23.1,1.4,0.5,9.5,26.7,7,2.1,9.1,0.18,4.8,-0.7,4.1,3.7
2009/2010,57700000,67649793.99,457588,Indiana Pacers,12,IND,Indiana,East,Central,32,50,0.39,100.8,103.8,-3.11,Brandon Rush,SG,24,1934160,2296882,82,64,30.4,3.6,8.6,0.423,1.5,3.7,0.411,2.1,4.9,0.433,0.511,0.7,1.1,0.629,0.5,3.7,4.2,1.4,0.7,0.8,1.1,1.9,9.4,2491,9.6,0.522,0.43,0.127,1.8,13.5,7.6,6.9,1.1,1.9,11.1,14.8,0,2.5,2.5,0.047,-2.1,0.7,-1.3,0.4
2009/2010,57700000,67649793.99,457588,Los Angeles Clippers,13,LAC,California,West,Pacific,29,53,0.354,95.7,102.1,-6.01,Kareem Rush,SG,29,534906,635219,7,0,8.3,0.6,1.6,0.364,0.1,0.4,0.333,0.4,1.1,0.375,0.409,0,0,,0.1,0.7,0.9,0.6,0.3,0.4,0.4,1.1,1.3,58,4.8,0.409,0.273,0,2,10,6,10,1.8,3.8,21.4,10.9,-0.1,0.1,0,-0.019,-6.1,1.7,-4.5,0
2009/2010,57700000,67649793.99,457588,#N/A,#N/A,TOT,#N/A,#N/A,#N/A,#N/A,#N/A,#N/A,#N/A,#N/A,#N/A,John Salmons,SG,30,5456000,6479191,81,56,34.9,5.4,12.2,0.441,1.5,3.8,0.382,3.9,8.4,0.468,0.501,3.1,3.8,0.83,0.4,2.9,3.3,2.8,1.2,0.3,1.5,2,15.4,2824,14.7,0.553,0.312,0.308,1.4,9.4,5.4,12.9,1.8,0.7,9.9,19.9,3.7,3.4,7.1,0.121,0.9,0.1,1,2.1
2009/2010,57700000,67649793.99,457588,Chicago Bulls,5,CHI,Illinois,East,Central,41,41,0.5,97.5,99.1,-1.64,John Salmons,SG,30,5456000,6479191,51,28,33.2,4.5,10.7,0.42,1.4,3.8,0.38,3.1,7,0.441,0.486,2.3,2.9,0.789,0.4,3.1,3.4,2.5,1.3,0.4,1.4,2,12.7,1695,12.7,0.53,0.35,0.268,1.2,10.1,5.7,11.6,2,1,10.3,18.1,1.2,2,3.2,0.092,-0.2,0.4,0.2,1
2009/2010,57700000,67649793.99,457588,Milwaukee Bucks,17,MIL,Wisconsin,East,Central,46,36,0.561,97.7,96,1.37,John Salmons,SG,30,5456000,6479191,30,28,37.6,6.9,14.8,0.467,1.5,3.9,0.385,5.4,10.9,0.497,0.518,4.6,5.3,0.867,0.6,2.6,3.2,3.3,1.1,0.1,1.8,2.2,19.9,1129,17.6,0.581,0.264,0.357,1.6,8.3,4.8,15,1.6,0.3,9.4,22.7,2.5,1.4,3.9,0.165,2.4,-0.3,2.1,1.1
2009/2010,57700000,67649793.99,457588,Boston Celtics,2,BOS,Massachusetts,East,Atlantic,50,32,0.61,99.2,95.6,3.37,Brian Scalabrine,PF,31,3413793,4053998,52,3,9.1,0.6,1.6,0.341,0.3,0.9,0.327,0.3,0.7,0.361,0.435,0.1,0.1,0.667,0.2,0.8,0.9,0.5,0.2,0.1,0.3,1.1,1.5,472,3.6,0.445,0.576,0.071,2.4,9.9,6.2,8.1,1,0.7,16.2,10.4,-0.3,0.5,0.2,0.019,-4,-0.1,-4,-0.2
2009/2010,57700000,67649793.99,457588,Houston Rockets,11,HOU,Texas,West,Southwest,42,40,0.512,102.4,102.7,-0.02,Luis Scola,PF,29,3375600,4008643,82,82,32.6,6.8,13.3,0.514,0,0.1,0.2,6.8,13.2,0.515,0.514,2.5,3.3,0.779,2.1,6.5,8.6,2.1,0.8,0.3,2,3,16.2,2671,17.2,0.55,0.005,0.245,7.2,23.6,15.1,11.1,1.2,0.7,11.9,22.7,3.4,3,6.3,0.114,-0.8,0.4,-0.4,1.1
2009/2010,57700000,67649793.99,457588,Oklahoma City Thunder,21,OKC,Oklahoma,West,Northwest,50,32,0.61,101.5,98,3.55,Thabo Sefolosha,SG,25,2759628,3277155,82,82,28.6,2.4,5.4,0.44,0.5,1.6,0.313,1.9,3.8,0.494,0.486,0.7,1.1,0.674,0.9,3.8,4.7,1.8,1.2,0.6,1.1,1.9,6,2348,9.8,0.509,0.297,0.202,3.8,14.8,9.5,8.9,2.1,1.5,15.8,10.9,0.6,3.4,4,0.082,-1.6,2.8,1.2,1.9
2009/2010,57700000,67649793.99,457588,Minnesota Timberwolves,18,MIN,Minnesota,West,Northwest,15,67,0.183,98.2,107.8,-9.06,Ramon Sessions,PG,23,3670667,4359045,82,1,21.1,3.1,6.8,0.456,0,0.2,0.067,3.1,6.6,0.467,0.457,2,2.8,0.717,0.7,1.9,2.6,3.1,0.7,0.1,1.7,1.7,8.2,1732,12.9,0.513,0.027,0.42,3.7,10.3,6.9,23.3,1.6,0.2,17.2,19.9,0.5,0.6,1.1,0.031,-1.9,-1.5,-3.4,-0.6
2009/2010,57700000,67649793.99,457588,New Jersey Nets,3,NJN,New Jersey,East,Atlantic,12,70,0.146,92.4,101.5,-8.93,Bobby Simmons,PF,29,10560000,12540370,23,2,17.2,1.8,5.1,0.359,0.9,2.7,0.317,1,2.3,0.407,0.444,0.8,0.9,0.9,0.5,2.3,2.7,0.7,0.7,0.1,0.8,2.3,5.3,395,8,0.485,0.538,0.171,3.1,15.9,9.2,6.3,2,0.6,13.1,16.8,-0.2,0.3,0.1,0.014,-3,-1.3,-4.2,-0.2
2009/2010,57700000,67649793.99,457588,#N/A,#N/A,TOT,#N/A,#N/A,#N/A,#N/A,#N/A,#N/A,#N/A,#N/A,#N/A,James Singleton,PF-SF,28,1030189,1223385,57,3,17.1,1.7,4.5,0.382,0.1,0.6,0.189,1.6,3.8,0.415,0.396,0.9,1.1,0.855,1.9,2.9,4.8,0.5,0.5,0.8,0.9,2,4.5,977,11.4,0.452,0.146,0.244,12.6,20,16.3,4.8,1.5,3.3,14.8,15.4,-0.1,1.2,1.1,0.056,-3,1.4,-1.6,0.1
2009/2010,57700000,67649793.99,457588,Dallas Mavericks,7,DAL,Texas,West,Southwest,55,27,0.671,102,99.3,2.66,James Singleton,SF,28,1030189,1223385,25,0,8.4,1,2.6,0.375,0.2,0.9,0.227,0.8,1.7,0.452,0.414,0.2,0.2,1,0.7,1.5,2.2,0.4,0.4,0.3,0.5,1.2,2.4,211,10.2,0.443,0.344,0.094,9.4,20.4,14.9,6.3,2.7,2.5,15.3,17.1,-0.2,0.4,0.2,0.048,-3.6,1.7,-1.9,0
2009/2010,57700000,67649793.99,457588,Washington Wizards,30,WAS,Washington DC,East,Southeast,26,56,0.317,96.2,101,-4.72,James Singleton,PF,28,1030189,1223385,32,3,23.9,2.3,5.9,0.384,0.1,0.5,0.133,2.2,5.5,0.406,0.389,1.5,1.8,0.839,2.8,4.1,6.9,0.7,0.5,1.1,1.2,2.6,6.1,766,11.8,0.454,0.079,0.295,13.5,19.8,16.6,4.3,1.2,3.6,14.7,14.9,0.1,0.9,0.9,0.059,-2.9,1.3,-1.6,0.1
2009/2010,57700000,67649793.99,457588,Los Angeles Clippers,13,LAC,California,West,Pacific,29,53,0.354,95.7,102.1,-6.01,Brian Skinner,PF,33,1306455,1551461,16,1,7.7,0.6,1.6,0.4,0,0,,0.6,1.6,0.4,0.4,0.4,0.5,0.75,0.6,1.1,1.7,0,0.2,0.3,0.4,1.3,1.6,123,5.5,0.456,0,0.32,8.4,17.1,12.7,0,1.3,2.4,19.7,13.1,-0.1,0.1,0,-0.006,-7.9,-2.5,-10.4,-0.3
2009/2010,57700000,67649793.99,457588,Los Angeles Clippers,13,LAC,California,West,Pacific,29,53,0.354,95.7,102.1,-6.01,Craig Smith,PF,26,2500000,2968837,75,2,16.4,3,5.3,0.569,0,0.1,0.2,3,5.2,0.574,0.571,1.8,2.8,0.635,1.3,2.5,3.8,1.1,0.4,0.3,1.2,2.6,7.8,1232,16.9,0.599,0.013,0.524,9.1,18,13.5,11.8,1.4,1.5,15.3,21.2,2,1,3,0.117,-0.2,-0.3,-0.5,0.5
2009/2010,57700000,67649793.99,457588,Denver Nuggets,8,DEN,Colorado,West,Northwest,53,29,0.646,106.5,102.4,4.15,JR Smith,SG,24,5508426,6541449,75,0,27.8,5.7,13.8,0.414,2.1,6.2,0.338,3.6,7.5,0.477,0.491,1.9,2.7,0.706,0.4,2.7,3.1,2.4,1.3,0.3,1.9,2.3,15.4,2082,15,0.515,0.452,0.195,1.6,11.3,6.5,15,2.4,0.7,11,26.9,0.6,2.1,2.7,0.062,1.1,-1.4,-0.3,0.9
2009/2010,57700000,67649793.99,457588,Philadelphia 76ers,23,PHI,Pennsylvania,East,Atlantic,27,55,0.329,97.7,101.6,-3.93,Jason Smith,PF,23,1418880,1684969,56,2,11.8,1.3,3.1,0.431,0.2,0.5,0.345,1.2,2.6,0.448,0.46,0.5,0.8,0.69,1,1.4,2.4,0.6,0.4,0.5,0.6,2,3.4,658,10.6,0.491,0.167,0.241,9.5,14.7,12.1,7.5,1.7,3.4,15.4,15.8,0.1,0.6,0.7,0.048,-2.7,0.4,-2.3,0
2009/2010,57700000,67649793.99,457588,Atlanta Hawks,1,ATL,Georgia,East,Southeast,53,29,0.646,101.7,97,4.44,Joe Smith,PF,34,1306455,1551461,64,1,9.3,1.2,3,0.399,0,0.1,0.143,1.2,2.9,0.409,0.402,0.6,0.8,0.813,1,1.4,2.5,0.3,0.1,0.3,0.3,1.5,3,592,11.2,0.453,0.036,0.249,12.9,18.1,15.5,5.3,0.5,2.4,9.3,18.4,0.3,0.6,0.9,0.077,-3.5,-1.4,-4.9,-0.4
2009/2010,57700000,67649793.99,457588,Atlanta Hawks,1,ATL,Georgia,East,Southeast,53,29,0.646,101.7,97,4.44,Josh Smith,PF,24,10800000,12825378,81,81,35.4,6.2,12.3,0.505,0,0.1,0,6.2,12.2,0.508,0.505,3.2,5.2,0.618,2.8,6,8.7,4.2,1.6,2.1,2.4,3,15.7,2871,21,0.536,0.007,0.422,9,19.8,14.3,19,2.4,4.5,14.3,22.2,4.2,5.1,9.3,0.155,1.2,4.3,5.5,5.4
2009/2010,57700000,67649793.99,457588,New Orleans Hornets,19,NOH,Louisiana,West,Southwest,37,45,0.451,100.2,102.7,-2.27,Darius Songaila,C,31,4526000,5374783,75,1,18.8,3.2,6.5,0.494,0,0.1,0.167,3.2,6.4,0.498,0.495,0.8,1,0.811,0.8,2.3,3.1,0.9,0.8,0.2,1.1,2.7,7.2,1410,11.6,0.522,0.012,0.152,4.8,14.7,9.7,7.9,2.3,0.8,13.5,19.5,0,1.2,1.3,0.044,-3.1,0,-3.1,-0.4
2009/2010,57700000,67649793.99,457588,Philadelphia 76ers,23,PHI,Pennsylvania,East,Atlantic,27,55,0.329,97.7,101.6,-3.93,Marreese Speights,C,22,1658280,1969265,62,1,16.4,3.4,7.2,0.477,0,0.1,0,3.4,7.1,0.483,0.477,1.7,2.3,0.745,1.4,2.7,4.1,0.6,0.5,0.5,0.8,2.5,8.6,1016,17.6,0.524,0.011,0.327,9.7,19.7,14.6,6.2,1.5,2.6,9.1,25.1,1.2,0.9,2.1,0.101,-1.9,-2,-3.9,-0.5
2009/2010,57700000,67649793.99,457588,Milwaukee Bucks,17,MIL,Wisconsin,East,Central,46,36,0.561,97.7,96,1.37,Jerry Stackhouse,SG,35,2668598,3169053,42,0,20.4,3.1,7.5,0.408,1.1,3.1,0.346,2,4.4,0.452,0.479,1.3,1.6,0.797,0.5,1.9,2.4,1.7,0.5,0.2,1.6,1.3,8.5,855,11.1,0.517,0.411,0.218,2.4,11.3,6.6,13.4,1.3,0.8,16,21.9,-0.3,1.1,0.9,0.048,-1.8,-0.4,-2.2,0
2009/2010,57700000,67649793.99,457588,#N/A,#N/A,TOT,#N/A,#N/A,#N/A,#N/A,#N/A,#N/A,#N/A,#N/A,#N/A,DeShawn Stevenson,SG,28,3886928,4615863,64,18,13.8,0.7,2.5,0.282,0.3,1.4,0.218,0.4,1.2,0.355,0.34,0.4,0.5,0.714,0.2,1.3,1.4,0.9,0.3,0.1,0.5,1.2,2.1,883,3.3,0.381,0.534,0.215,1.4,10.5,5.9,8.9,0.9,0.5,14.4,10.7,-0.9,0.5,-0.4,-0.022,-4.5,-0.5,-5,-0.7
2009/2010,57700000,67649793.99,457588,Washington Wizards,30,WAS,Washington DC,East,Southeast,26,56,0.317,96.2,101,-4.72,DeShawn Stevenson,SG,28,3886928,4615863,40,13,15.4,0.7,2.6,0.282,0.3,1.6,0.177,0.5,1,0.439,0.335,0.5,0.6,0.72,0.2,1.5,1.6,1.1,0.3,0.1,0.6,1.3,2.2,616,3.3,0.382,0.602,0.243,1.3,11,6.1,10,0.9,0.6,17.4,10.2,-0.6,0.3,-0.3,-0.025,-4.4,-0.4,-4.8,-0.4
2009/2010,57700000,67649793.99,457588,Dallas Mavericks,7,DAL,Texas,West,Southwest,55,27,0.671,102,99.3,2.66,DeShawn Stevenson,SG,28,3886928,4615863,24,5,11.1,0.7,2.5,0.283,0.3,1,0.32,0.4,1.5,0.257,0.35,0.3,0.4,0.7,0.2,0.9,1.1,0.5,0.2,0,0.3,1,2,267,3.2,0.38,0.417,0.167,1.7,9.3,5.6,6.2,1,0.3,8.5,12.1,-0.3,0.2,-0.1,-0.015,-4.8,-0.8,-5.6,-0.2
2009/2010,57700000,67649793.99,457588,New Orleans Hornets,19,NOH,Louisiana,West,Southwest,37,45,0.451,100.2,102.7,-2.27,Predrag Stojakovic,SF,32,13392000,15903469,62,55,31.4,4.5,11.1,0.404,2.1,5.7,0.375,2.4,5.4,0.435,0.5,1.5,1.7,0.897,0.6,3,3.7,1.5,0.8,0.1,0.9,1.3,12.6,1947,12.4,0.533,0.512,0.156,2.3,11.5,6.8,7.2,1.3,0.2,7.1,18.6,1.9,0.9,2.7,0.067,0.7,-1.6,-1,0.5
2009/2010,57700000,67649793.99,457588,Phoenix Suns,24,PHO,Arizona,West,Pacific,54,28,0.659,110.2,105.3,4.67,Amare Stoudemire,PF,27,16378325,19449835,82,82,34.6,8.6,15.4,0.557,0,0.1,0.167,8.6,15.3,0.559,0.557,5.9,7.7,0.771,2.8,6.1,8.9,1,0.6,1,2.6,3.4,23.1,2838,22.6,0.615,0.005,0.5,9.7,18.9,14.5,4.8,0.9,2.1,12.1,27.3,8.2,2.5,10.7,0.181,1.6,-1.3,0.3,1.6
2009/2010,57700000,67649793.99,457588,Detroit Pistons,9,DET,Michigan,East,Central,27,55,0.329,94,99.1,-5.02,Rodney Stuckey,PG,23,1805040,2143548,73,67,34.2,6.2,15.2,0.405,0.2,1.1,0.228,5.9,14.1,0.418,0.413,4.1,4.9,0.833,0.9,2.9,3.8,4.8,1.4,0.2,2.2,2.8,16.6,2499,15.6,0.479,0.071,0.324,3.1,11.1,6.8,24.7,2.2,0.4,11.4,26.4,1.4,1.3,2.7,0.052,0.2,-1,-0.8,0.7
2009/2010,57700000,67649793.99,457588,Detroit Pistons,9,DET,Michigan,East,Central,27,55,0.329,94,99.1,-5.02,DaJuan Summers,SF,22,457588,543401,44,0,9.2,1,3,0.354,0.3,1,0.357,0.7,2,0.352,0.412,0.6,0.9,0.711,0.3,0.7,1,0.4,0.2,0.2,0.4,1.2,3,405,7.5,0.457,0.323,0.292,3.9,9.9,6.7,6.3,1.1,1.5,9.8,18.5,-0.1,0.1,0,0.002,-3.3,-2.5,-5.8,-0.4
2009/2010,57700000,67649793.99,457588,Houston Rockets,11,HOU,Texas,West,Southwest,42,40,0.512,102.4,102.7,-0.02,Jermaine Taylor,SG,23,725000,860962,31,4,9.8,1.5,3.8,0.378,0.2,0.7,0.227,1.3,3.1,0.412,0.399,1.1,1.5,0.717,0.7,0.8,1.5,0.5,0.3,0.1,0.6,0.5,4.1,303,11.4,0.46,0.185,0.387,7.7,9.8,8.7,8.4,1.7,0.7,12,23.1,-0.1,0.2,0.1,0.015,-3.5,-1.9,-5.5,-0.3
2009/2010,57700000,67649793.99,457588,Atlanta Hawks,1,ATL,Georgia,East,Southeast,53,29,0.646,101.7,97,4.44,Jeff Teague,PG,21,1373880,1631530,71,3,10.1,1.3,3.2,0.396,0.1,0.5,0.219,1.2,2.7,0.426,0.412,0.6,0.7,0.837,0.1,0.9,0.9,1.7,0.5,0.2,0.7,1.2,3.2,719,11,0.459,0.141,0.216,0.8,10.2,5.4,25.1,2.5,1.2,16.7,19.1,-0.2,0.8,0.6,0.042,-3.5,-0.7,-4.2,-0.4
2009/2010,57700000,67649793.99,457588,#N/A,#N/A,TOT,#N/A,#N/A,#N/A,#N/A,#N/A,#N/A,#N/A,#N/A,#N/A,Sebastian Telfair,PG,24,2500000,2968837,43,1,15.3,1.9,4.7,0.413,0.3,1.3,0.232,1.6,3.4,0.483,0.445,0.7,0.9,0.784,0.1,0.9,1,2.9,0.6,0.1,1.2,1.7,4.8,659,10.3,0.479,0.279,0.184,0.9,7.1,4,29.9,1.9,0.6,18.7,18.4,-0.1,0.4,0.3,0.02,-2.9,-2.7,-5.7,-0.6
2009/2010,57700000,67649793.99,457588,Los Angeles Clippers,13,LAC,California,West,Pacific,29,53,0.354,95.7,102.1,-6.01,Sebastian Telfair,PG,24,2500000,2968837,39,1,14.9,1.7,4.3,0.404,0.3,1.2,0.234,1.4,3.1,0.471,0.437,0.6,0.8,0.774,0.1,0.9,1.1,2.9,0.6,0.1,1.1,1.7,4.3,582,9.8,0.47,0.283,0.187,1,7.2,4.1,30.3,2,0.6,19.7,17.4,-0.1,0.3,0.2,0.015,-3.1,-2.6,-5.7,-0.5
2009/2010,57700000,67649793.99,457588,Cleveland Cavaliers,6,CLE,Ohio,East,Central,61,21,0.744,102.1,95.6,6.17,Sebastian Telfair,PG,24,2500000,2968837,4,0,19.3,4,8.8,0.457,0.5,2.3,0.222,3.5,6.5,0.538,0.486,1.3,1.5,0.833,0,1,1,3,0.5,0,1.5,1.5,9.8,77,14,0.518,0.257,0.171,0,5.9,3.1,27.1,1.4,0,13.7,26.4,0,0.1,0.1,0.065,-1.4,-4.1,-5.4,-0.1
2009/2010,57700000,67649793.99,457588,#N/A,#N/A,TOT,#N/A,#N/A,#N/A,#N/A,#N/A,#N/A,#N/A,#N/A,#N/A,Garrett Temple,SG,23,180344,214164,27,4,12.4,1.6,3.7,0.436,0.5,1.4,0.351,1.1,2.4,0.484,0.5,1.3,1.9,0.7,0.2,0.9,1.1,0.8,0.5,0.2,1,1.6,5,334,10.5,0.553,0.366,0.495,2.1,8.8,5.4,9.6,2,1.3,18,20.3,0,0.4,0.4,0.057,-2.3,-0.6,-2.9,-0.1
2009/2010,57700000,67649793.99,457588,Houston Rockets,11,HOU,Texas,West,Southwest,42,40,0.512,102.4,102.7,-0.02,Garrett Temple,SG,23,180344,214164,9,0,13.1,1.4,3.2,0.448,0.3,1.3,0.25,1.1,1.9,0.588,0.5,1.8,2.7,0.667,0.2,1.3,1.6,0.8,0.4,0.4,1.6,1.8,5,118,8.6,0.569,0.414,0.828,1.9,12.1,6.8,8.9,1.7,2.5,26.1,20.1,-0.1,0.1,0,0.004,-4.4,0,-4.4,-0.1
2009/2010,57700000,67649793.99,457588,Sacramento Kings,26,SAC,California,West,Pacific,25,57,0.305,100,104.4,-4.06,Garrett Temple,SG,23,180344,214164,5,0,4.6,0.6,1.6,0.375,0,0.4,0,0.6,1.2,0.5,0.375,1,1,1,0.2,0.4,0.6,0.4,0.2,0,0.4,0.2,2.2,23,15.4,0.539,0.25,0.625,4.9,10.1,7.5,13.2,2.2,0,16.4,23.5,0,0,0,0.078,-1.7,-2.5,-4.2,0
2009/2010,57700000,67649793.99,457588,San Antonio Spurs,27,SAS,Texas,West,Southwest,50,32,0.61,101.4,96.3,5.07,Garrett Temple,SG,23,180344,214164,13,4,14.8,2.2,4.9,0.438,0.8,1.8,0.435,1.4,3.2,0.439,0.516,1.1,1.6,0.667,0.2,0.8,1.1,0.9,0.6,0.2,0.8,1.9,6.2,193,11.1,0.546,0.359,0.328,1.9,6.6,4.3,9.5,2.2,0.7,13.1,20,0.1,0.2,0.3,0.086,-1.1,-0.7,-1.8,0
2009/2010,57700000,67649793.99,457588,Dallas Mavericks,7,DAL,Texas,West,Southwest,55,27,0.671,102,99.3,2.66,Jason Terry,SG,32,9862500,11712064,77,12,33,5.9,13.5,0.438,1.8,4.8,0.365,4.2,8.7,0.479,0.503,3,3.5,0.866,0.2,1.6,1.8,3.8,1.2,0.2,1.4,1.8,16.6,2540,16.5,0.552,0.358,0.257,0.9,5.4,3.2,18.8,1.9,0.5,8.6,23,4.4,2.1,6.5,0.123,2.5,-1.7,0.8,1.8
2009/2010,57700000,67649793.99,457588,Memphis Grizzlies,15,MEM,Tennessee,West,Southwest,40,42,0.488,102.5,104,-1.39,Hasheem Thabeet,C,22,4458840,5295028,68,13,13,1.1,1.9,0.588,0,0,,1.1,1.9,0.588,0.588,0.8,1.4,0.581,1.3,2.3,3.6,0.2,0.2,1.3,0.6,2.4,3.1,883,12.9,0.605,0,0.71,11.2,20.9,16.1,1.7,0.9,7.7,20,10.7,0.8,1.2,2,0.109,-2.8,2.4,-0.4,0.4
2009/2010,57700000,67649793.99,457588,Oklahoma City Thunder,21,OKC,Oklahoma,West,Northwest,50,32,0.61,101.5,98,3.55,Etan Thomas,C,31,7350000,8728382,23,1,14,1.3,3,0.456,0,0,,1.3,3,0.456,0.456,0.6,1,0.591,0.8,2,2.8,0,0.2,0.7,0.8,1.7,3.3,321,6.9,0.483,0,0.324,6.6,16,11.4,0.5,0.6,3.7,18.8,13.4,-0.2,0.4,0.2,0.028,-6.5,-0.2,-6.7,-0.4
2009/2010,57700000,67649793.99,457588,Sacramento Kings,26,SAC,California,West,Pacific,25,57,0.305,100,104.4,-4.06,Kenny Thomas,PF,32,8775000,10420620,26,2,12,0.7,1.3,0.486,0,0,,0.7,1.3,0.486,0.486,0.3,0.5,0.583,1.3,2,3.3,0.6,0.4,0.4,0.7,1.6,1.6,313,9,0.509,0,0.343,12.6,18.9,15.7,6.5,1.6,2.3,29.7,8.1,0.1,0.3,0.4,0.059,-3.2,2.1,-1.1,0.1
2009/2010,57700000,67649793.99,457588,Milwaukee Bucks,17,MIL,Wisconsin,East,Central,46,36,0.561,97.7,96,1.37,Kurt Thomas,C,37,3800000,4512633,70,9,15,1.4,3,0.476,0,0,,1.4,3,0.476,0.476,0.2,0.2,0.8,1.2,3,4.2,0.7,0.4,0.7,0.7,2.3,3,1049,9.9,0.489,0,0.072,8.7,23.5,15.8,6.7,1.3,3.4,18.3,11.3,0,2,2.1,0.095,-4.6,3.8,-0.8,0.3
2009/2010,57700000,67649793.99,457588,Dallas Mavericks,7,DAL,Texas,West,Southwest,55,27,0.671,102,99.3,2.66,Tim Thomas,SF,32,7773055,9230775,18,1,15.8,2.7,5.9,0.462,0.9,2.4,0.372,1.8,3.5,0.524,0.538,1.2,1.3,0.875,0.7,1.6,2.3,0.8,0.6,0.1,0.8,1.7,7.5,285,15.1,0.579,0.406,0.226,5.3,11.1,8.2,8,1.8,0.5,10.7,21.1,0.4,0.3,0.7,0.12,1.1,-1.5,-0.4,0.1
2009/2010,57700000,67649793.99,457588,#N/A,#N/A,TOT,#N/A,#N/A,#N/A,#N/A,#N/A,#N/A,#N/A,#N/A,#N/A,Tyrus Thomas,PF-C,23,4743598,5633188,54,3,22.6,3.6,7.8,0.462,0,0.1,0,3.6,7.7,0.465,0.462,2.2,3.2,0.686,1.5,4.7,6.2,1,1.2,1.6,1.7,2.4,9.4,1220,16.8,0.511,0.007,0.417,7.8,23.6,15.9,7.8,2.7,5.5,15.6,22.1,-0.3,2.9,2.6,0.103,-3.9,4,0.1,0.6
2009/2010,57700000,67649793.99,457588,Chicago Bulls,5,CHI,Illinois,East,Central,41,41,0.5,97.5,99.1,-1.64,Tyrus Thomas,PF,23,4743598,5633188,29,3,23.4,3.4,7.1,0.483,0,0,0,3.4,7,0.485,0.483,2,3.1,0.644,1.4,4.9,6.3,1.1,1.4,1.7,1.8,2.2,8.8,678,16.5,0.523,0.005,0.439,7,22.8,15,7.8,3,5.4,17.5,19.6,-0.2,1.6,1.4,0.101,-3.6,4.6,0.9,0.5
2009/2010,57700000,67649793.99,457588,Charlotte Bobcats,4,CHA,North Carolina,East,Southeast,44,38,0.537,95.3,93.8,1.3,Tyrus Thomas,C,23,4743598,5633188,25,0,21.7,3.8,8.6,0.442,0,0.1,0,3.8,8.5,0.446,0.442,2.5,3.4,0.729,1.6,4.5,6.1,0.9,0.9,1.5,1.6,2.6,10.1,542,17.1,0.499,0.009,0.395,8.8,24.7,16.9,7.8,2.3,5.6,13.7,25.1,-0.1,1.3,1.2,0.106,-4.1,3.2,-0.9,0.1
2009/2010,57700000,67649793.99,457588,Sacramento Kings,26,SAC,California,West,Pacific,25,57,0.305,100,104.4,-4.06,Jason Thompson,C,23,2035920,2417726,75,58,31.4,4.9,10.5,0.472,0,0.1,0.1,4.9,10.3,0.477,0.473,2.6,3.7,0.715,3,5.5,8.5,1.7,0.5,1,1.9,3.7,12.5,2357,14.6,0.518,0.013,0.353,10.8,20.3,15.5,8.3,0.9,2.3,13.3,19.6,1.9,2,4,0.081,-1.4,0.5,-0.9,0.7
2009/2010,57700000,67649793.99,457588,#N/A,#N/A,TOT,#N/A,#N/A,#N/A,#N/A,#N/A,#N/A,#N/A,#N/A,#N/A,Al Thornton,SF,26,1900200,2256554,75,46,27.7,4.3,9,0.473,0.1,0.4,0.355,4.1,8.6,0.479,0.482,2,2.8,0.725,1.5,2.4,3.9,1.2,0.6,0.5,1.4,2.7,10.7,2079,11.8,0.523,0.046,0.312,6.4,10,8.2,7.1,1.1,1.3,11.7,19,1.2,1,2.2,0.05,-1.9,-0.8,-2.7,-0.4
2009/2010,57700000,67649793.99,457588,Los Angeles Clippers,13,LAC,California,West,Pacific,29,53,0.354,95.7,102.1,-6.01,Al Thornton,SF,26,1900200,2256554,51,30,27.5,4.3,9,0.478,0.1,0.3,0.357,4.2,8.7,0.482,0.484,2,2.7,0.741,1.7,2.1,3.8,1.2,0.5,0.4,1.3,2.8,10.7,1405,11.6,0.526,0.03,0.302,7,8.9,7.9,7.2,0.9,1.2,11.2,18.9,1,0.5,1.5,0.05,-1.8,-1.2,-3,-0.4
2009/2010,57700000,67649793.99,457588,Washington Wizards,30,WAS,Washington DC,East,Southeast,26,56,0.317,96.2,101,-4.72,Al Thornton,SF,26,1900200,2256554,24,16,28.1,4.2,9,0.463,0.3,0.7,0.353,3.9,8.3,0.472,0.477,2.1,3,0.694,1.3,3,4.3,1.2,0.8,0.5,1.5,2.6,10.7,674,12.1,0.517,0.079,0.333,5.2,12.3,8.7,7.1,1.6,1.5,12.7,19.1,0.2,0.5,0.7,0.051,-2,-0.1,-2,0
2009/2010,57700000,67649793.99,457588,New Orleans Hornets,19,NOH,Louisiana,West,Southwest,37,45,0.451,100.2,102.7,-2.27,Marcus Thornton,SG,22,457888,543758,73,17,25.6,5.5,12.1,0.451,1.6,4.3,0.374,3.8,7.8,0.493,0.517,2,2.4,0.814,1,1.9,2.9,1.6,0.8,0.2,1,1.7,14.5,1872,17.4,0.55,0.354,0.2,4.4,8.9,6.6,10.3,1.6,0.4,7.3,25.3,3.1,0.9,4,0.103,2.3,-2.7,-0.4,0.8
2009/2010,57700000,67649793.99,457588,Memphis Grizzlies,15,MEM,Tennessee,West,Southwest,40,42,0.488,102.5,104,-1.39,Jamaal Tinsley,PG,31,6190300,7351197,38,1,15.5,1.4,3.7,0.371,0.2,1,0.179,1.2,2.7,0.446,0.396,0.6,0.7,0.815,0.3,1.4,1.7,2.8,0.9,0.1,1.7,1.8,3.5,589,7.8,0.438,0.279,0.193,2.2,10.9,6.5,25.4,2.9,0.6,29.3,16,-0.8,0.5,-0.3,-0.027,-3.9,-0.2,-4.1,-0.3
2009/2010,57700000,67649793.99,457588,#N/A,#N/A,TOT,#N/A,#N/A,#N/A,#N/A,#N/A,#N/A,#N/A,#N/A,#N/A,Anthony Tolliver,PF,24,411529,488704,46,29,31,4.2,9.8,0.43,1.1,3.3,0.329,3.1,6.5,0.481,0.486,2.2,2.9,0.769,1.8,5.1,7,1.9,0.7,0.7,1,2.8,11.7,1427,13.6,0.531,0.339,0.298,6.5,18.7,12.5,8.6,1.1,1.7,8.3,16.6,1.7,0.8,2.5,0.084,0,-0.5,-0.5,0.6
2009/2010,57700000,67649793.99,457588,Portland Trail Blazers,25,POR,Oregon,West,Northwest,50,32,0.61,98.1,94.8,3.18,Anthony Tolliver,PF,24,411529,488704,2,0,2,0,0.5,0,0,0.5,0,0,0,,0,0,0,,0,0.5,0.5,0,0,0,0,0.5,0,4,-11.5,0,1,0,0,31.2,15.5,0,0,0,0,11.9,0,0,0,-0.217,-13.6,-5.1,-18.7,0
2009/2010,57700000,67649793.99,457588,Golden State Warriors,10,GSW,California,West,Pacific,26,56,0.317,108.8,112.4,-3.28,Anthony Tolliver,PF,24,411529,488704,44,29,32.3,4.4,10.2,0.431,1.1,3.4,0.331,3.3,6.8,0.481,0.487,2.3,3,0.769,1.9,5.3,7.3,2,0.7,0.8,1,2.9,12.3,1423,13.7,0.532,0.337,0.299,6.5,18.6,12.5,8.6,1.1,1.7,8.3,16.6,1.8,0.8,2.5,0.085,0,-0.5,-0.4,0.6
2009/2010,57700000,67649793.99,457588,#N/A,#N/A,TOT,#N/A,#N/A,#N/A,#N/A,#N/A,#N/A,#N/A,#N/A,#N/A,Alando Tucker,SF,25,1071720,1272705,15,0,6.4,1.1,2.6,0.436,0.1,0.5,0.143,1.1,2.1,0.5,0.449,1.1,1.4,0.762,0.4,0.3,0.7,0.3,0,0,0.3,0.4,3.4,96,13.4,0.529,0.179,0.538,7.4,4.6,5.9,6.4,0,0,9.4,24.4,0.1,0,0.1,0.061,-1.3,-5.4,-6.8,-0.1
2009/2010,57700000,67649793.99,457588,Phoenix Suns,24,PHO,Arizona,West,Pacific,54,28,0.659,110.2,105.3,4.67,Alando Tucker,SF,25,1071720,1272705,11,0,6.5,1.2,2.7,0.433,0.1,0.6,0.143,1.1,2.1,0.522,0.45,1.5,1.9,0.762,0.5,0.2,0.6,0.3,0,0,0.4,0.5,3.9,71,15.7,0.548,0.233,0.7,8.4,3,5.6,6.4,0,0,9.3,26.9,0.2,0,0.1,0.099,0.3,-5.9,-5.6,-0.1
2009/2010,57700000,67649793.99,457588,Minnesota Timberwolves,18,MIN,Minnesota,West,Northwest,15,67,0.183,98.2,107.8,-9.06,Alando Tucker,SF,25,1071720,1272705,4,0,6.3,1,2.3,0.444,0,0,,1,2.3,0.444,0.444,0,0,,0.3,0.5,0.8,0.3,0,0,0.3,0.3,2,25,6.9,0.444,0,0,4.4,9.1,6.7,6.4,0,0,10,17.4,0,0,0,-0.047,-5.9,-4.1,-10,-0.1
2009/2010,57700000,67649793.99,457588,Golden State Warriors,10,GSW,California,West,Pacific,26,56,0.317,108.8,112.4,-3.28,Ronny Turiaf,C,27,4140000,4916395,42,20,20.8,2,3.5,0.582,0,0,0,2,3.5,0.586,0.582,0.9,1.9,0.474,1.3,3.3,4.5,2.1,0.5,1.3,1.2,2.3,4.9,872,12.6,0.574,0.007,0.534,6.8,17.7,12.2,13.8,1.3,4.4,21.4,11.3,0.8,0.7,1.4,0.078,-2.1,2.5,0.4,0.5
2009/2010,57700000,67649793.99,457588,Toronto Raptors,28,TOR,Ontario,East,Atlantic,40,42,0.488,104.1,105.9,-1.83,Hidayet Turkoglu,SF,30,9000000,10687815,74,69,30.7,3.7,9.1,0.409,1.5,3.9,0.374,2.3,5.2,0.436,0.49,2.4,3.1,0.774,0.6,4.1,4.6,4.1,0.7,0.4,1.7,3,11.3,2272,13.3,0.54,0.429,0.335,2.2,15.2,8.9,19.5,1.2,1.1,13.9,18.1,2.6,0.8,3.4,0.071,1.5,-0.5,1,1.7
2009/2010,57700000,67649793.99,457588,Sacramento Kings,26,SAC,California,West,Pacific,25,57,0.305,100,104.4,-4.06,Ime Udoka,SG,32,838034,995194,69,2,13.7,1.3,3.5,0.378,0.4,1.3,0.286,0.9,2.2,0.433,0.432,0.6,0.8,0.737,0.7,2,2.8,0.8,0.5,0.1,0.6,1.2,3.6,944,9.6,0.47,0.378,0.237,6.1,17.2,11.6,8.8,1.8,0.5,13.6,14.4,0,0.8,0.8,0.041,-2.5,-0.2,-2.7,-0.2
2009/2010,57700000,67649793.99,457588,Sacramento Kings,26,SAC,California,West,Pacific,25,57,0.305,100,104.4,-4.06,Beno Udrih,PG,27,6031800,7162973,79,41,31.4,5.3,10.6,0.493,0.9,2.5,0.377,4.3,8.1,0.53,0.538,1.5,1.8,0.837,0.5,2.3,2.8,4.7,1.1,0.1,1.7,2.1,12.9,2477,15.7,0.566,0.237,0.168,1.7,8.5,5.1,24.1,1.8,0.3,13.1,18.6,4.2,1.3,5.5,0.107,1.6,-1.4,0.2,1.4
2009/2010,57700000,67649793.99,457588,Milwaukee Bucks,17,MIL,Wisconsin,East,Central,46,36,0.561,97.7,96,1.37,Roko Ukic,PG,25,303232,360098,13,0,7.5,1.1,2.3,0.467,0.2,0.9,0.25,0.8,1.4,0.611,0.517,0.7,0.8,0.818,0,0.2,0.2,0.9,0.1,0,0.5,0.5,3.1,97,12.2,0.574,0.4,0.367,0,3.7,1.8,20,0.5,0,14.7,19.1,0.1,0.1,0.2,0.101,-1.5,-4.2,-5.7,-0.1
2009/2010,57700000,67649793.99,457588,Cleveland Cavaliers,6,CLE,Ohio,East,Central,61,21,0.744,102.1,95.6,6.17,Anderson Varejao,PF,27,6300000,7481470,76,7,28.5,3.5,6.1,0.572,0,0.1,0.2,3.5,6.1,0.576,0.573,1.5,2.3,0.663,2.5,5.1,7.6,1.1,0.9,0.9,0.9,2.9,8.6,2166,15.8,0.598,0.011,0.375,10.9,20.4,15.9,6.1,1.7,2.4,11,13.1,4.3,3.8,8.1,0.179,0.4,2.6,3,2.7
2009/2010,57700000,67649793.99,457588,Detroit Pistons,9,DET,Michigan,East,Central,27,55,0.329,94,99.1,-5.02,Charlie Villanueva,PF,25,6500000,7718977,78,16,23.7,4.7,10.6,0.439,1.3,3.6,0.351,3.4,7,0.484,0.499,1.4,1.7,0.815,1.1,3.6,4.7,0.7,0.6,0.7,0.9,2.9,11.9,1848,16,0.526,0.341,0.157,5.2,19.6,12,5.2,1.4,2.5,7.7,23.9,2.1,1.4,3.5,0.092,0.1,-2,-1.9,0.1
2009/2010,57700000,67649793.99,457588,Los Angeles Lakers,14,LAL,California,West,Pacific,57,25,0.695,101.7,97,4.78,Sasha Vujacic,SG,25,5000000,5937675,67,1,8.6,1,2.4,0.402,0.4,1.2,0.309,0.6,1.2,0.494,0.479,0.4,0.5,0.848,0.4,0.8,1.2,0.6,0.3,0.1,0.3,1,2.8,575,11.4,0.518,0.494,0.201,4.9,10.4,7.7,10.5,1.8,0.5,8.7,15.2,0.7,0.7,1.4,0.12,-0.4,-0.5,-0.9,0.2
2009/2010,57700000,67649793.99,457588,Miami Heat,16,MIA,Florida,East,Southeast,47,35,0.573,96.5,94.2,1.99,Dwyane Wade,SG,28,15779912,18739198,77,77,36.3,9.3,19.6,0.476,0.9,3.2,0.3,8.4,16.5,0.509,0.5,6.9,9.1,0.761,1.4,3.5,4.8,6.5,1.8,1.1,3.3,2.4,26.6,2792,28,0.562,0.161,0.465,4.5,11.1,7.8,36.4,2.7,2.4,12.2,34.9,8.5,4.6,13,0.224,7.4,2,9.4,8
2009/2010,57700000,67649793.99,457588,#N/A,#N/A,TOT,#N/A,#N/A,#N/A,#N/A,#N/A,#N/A,#N/A,#N/A,#N/A,Henry Walker,SG-SF,22,736420,874524,35,13,21.9,3.4,6.6,0.517,1.4,3.3,0.431,2,3.3,0.603,0.625,1.1,1.4,0.796,0.4,2.1,2.5,1.1,0.7,0.1,0.8,2.4,9.4,768,14.6,0.649,0.5,0.211,2.2,11,6.5,8.3,1.5,0.3,9.9,16.6,1.6,0.3,1.9,0.121,1.9,-1.8,0.1,0.4
2009/2010,57700000,67649793.99,457588,Boston Celtics,2,BOS,Massachusetts,East,Atlantic,50,32,0.61,99.2,95.6,3.37,Henry Walker,SF,22,736420,874524,8,0,3.6,0.4,0.8,0.5,0,0,,0.4,0.8,0.5,0.5,0.3,0.3,1,0,0.6,0.6,0.4,0,0,0.3,0.5,1,29,7.6,0.581,0,0.333,0,20.6,10.6,15.6,0,0,22.5,14.4,0,0,0,0.062,-5.4,-0.9,-6.4,0
2009/2010,57700000,67649793.99,457588,New York Knicks,20,NYK,New York,East,Atlantic,29,53,0.354,102.1,105.9,-4.01,Henry Walker,SG,22,736420,874524,27,13,27.4,4.3,8.4,0.518,1.9,4.3,0.431,2.5,4.1,0.609,0.628,1.4,1.7,0.787,0.6,2.5,3.1,1.4,0.9,0.1,1,2.9,11.9,739,14.9,0.651,0.513,0.208,2.3,10.6,6.4,8,1.6,0.3,9.5,16.7,1.6,0.3,1.9,0.123,2.2,-1.9,0.3,0.4
2009/2010,57700000,67649793.99,457588,Detroit Pistons,9,DET,Michigan,East,Central,27,55,0.329,94,99.1,-5.02,Ben Wallace,C,35,1306445,1551449,69,67,28.6,2.3,4.2,0.541,0,0,0,2.3,4.2,0.545,0.541,0.9,2.3,0.406,3.6,5.1,8.7,1.5,1.2,1.2,0.9,1.9,5.5,1975,15.8,0.526,0.007,0.548,14.1,23.1,18.3,8,2.4,3.6,15,10,2.4,2.3,4.7,0.115,-0.1,3.9,3.9,2.9
2009/2010,57700000,67649793.99,457588,Charlotte Bobcats,4,CHA,North Carolina,East,Southeast,44,38,0.537,95.3,93.8,1.3,Gerald Wallace,SF,27,9075000,10776880,76,76,41,6,12.4,0.484,0.7,1.8,0.371,5.3,10.6,0.503,0.511,5.6,7.2,0.776,2,8.1,10,2.1,1.5,1.1,2.3,2.6,18.2,3119,18.3,0.586,0.148,0.577,5.9,23.2,14.7,9,2,2.2,13.1,20.3,5.3,6.2,11.5,0.177,0.6,2.9,3.5,4.3
2009/2010,57700000,67649793.99,457588,Boston Celtics,2,BOS,Massachusetts,East,Atlantic,50,32,0.61,99.2,95.6,3.37,Rasheed Wallace,C,35,5854000,6951830,79,13,22.5,3.4,8.2,0.409,1,3.7,0.283,2.3,4.6,0.511,0.472,1.2,1.6,0.768,0.5,3.6,4.1,1,1,0.9,0.8,2.8,9,1780,13.1,0.504,0.446,0.192,3,19,11.2,7.3,2.4,3.1,8.2,20.2,0.2,3.4,3.6,0.096,-1.4,1.7,0.3,1
2009/2010,57700000,67649793.99,457588,Los Angeles Lakers,14,LAL,California,West,Pacific,57,25,0.695,101.7,97,4.78,Luke Walton,SF,29,4840000,5747669,29,0,9.4,1,2.9,0.357,0.2,0.6,0.412,0.8,2.3,0.343,0.399,0.1,0.1,0.5,0.4,0.9,1.3,1.4,0.3,0,0.4,0.7,2.4,272,9.7,0.402,0.202,0.048,5,10.6,7.8,21.5,1.9,0.3,12.3,16.1,-0.1,0.4,0.3,0.047,-3.2,-0.2,-3.4,-0.1
2009/2010,57700000,67649793.99,457588,#N/A,#N/A,TOT,#N/A,#N/A,#N/A,#N/A,#N/A,#N/A,#N/A,#N/A,#N/A,Hakim Warrick,PF,27,3000000,3562605,76,6,20.5,3.5,7.2,0.482,0,0.1,0.143,3.5,7.1,0.486,0.483,2.7,3.6,0.737,1.7,2.5,4.1,0.7,0.3,0.2,1.1,1.7,9.6,1557,15.6,0.547,0.013,0.498,9,13.9,11.4,5.6,0.8,0.9,10.7,21.8,2.2,1.8,4,0.124,-1.6,-1.1,-2.8,-0.3
2009/2010,57700000,67649793.99,457588,Milwaukee Bucks,17,MIL,Wisconsin,East,Central,46,36,0.561,97.7,96,1.37,Hakim Warrick,PF,27,3000000,3562605,48,6,21.3,3.8,7.9,0.481,0,0.1,0.167,3.8,7.8,0.487,0.483,2.6,3.6,0.727,1.8,2.6,4.4,0.7,0.4,0.2,1.2,1.7,10.2,1024,15.6,0.54,0.016,0.455,9.2,14.6,11.8,5.8,0.9,0.8,11.2,22.6,1.2,1.3,2.5,0.119,-1.8,-0.8,-2.6,-0.2
2009/2010,57700000,67649793.99,457588,Chicago Bulls,5,CHI,Illinois,East,Central,41,41,0.5,97.5,99.1,-1.64,Hakim Warrick,PF,27,3000000,3562605,28,0,19,3,6.1,0.483,0,0,0,3,6.1,0.485,0.483,2.8,3.6,0.755,1.4,2.2,3.6,0.6,0.3,0.3,0.8,1.5,8.7,533,15.7,0.56,0.006,0.593,8.5,12.8,10.6,5.2,0.7,1.1,9.6,20.2,1,0.5,1.5,0.133,-1.4,-1.7,-3.1,-0.2
2009/2010,57700000,67649793.99,457588,Golden State Warriors,10,GSW,California,West,Pacific,26,56,0.317,108.8,112.4,-3.28,CJ Watson,PG,25,1000497,1188125,65,15,27.5,3.8,8.1,0.468,0.7,2.2,0.31,3.1,5.9,0.527,0.51,2,2.6,0.771,0.4,2.2,2.6,2.8,1.6,0.1,1.1,1.9,10.3,1788,13.8,0.555,0.275,0.314,1.7,8.9,5.3,14.3,2.8,0.3,10.3,16,2.2,0.9,3.1,0.082,0.2,-0.7,-0.4,0.7
2009/2010,57700000,67649793.99,457588,Indiana Pacers,12,IND,Indiana,East,Central,32,50,0.39,100.8,103.8,-3.11,Earl Watson,PG,30,9400000,11162829,79,52,29.4,2.8,6.6,0.426,0.7,2.3,0.288,2.2,4.3,0.5,0.476,1.5,2.1,0.71,0.7,2.4,3,5.1,1.3,0.2,2.2,2.3,7.8,2322,10.9,0.517,0.351,0.323,2.5,8.8,5.6,25.6,2.2,0.5,22.6,14.7,0.3,2.3,2.6,0.055,-1.6,0.2,-1.5,0.3
2009/2010,57700000,67649793.99,457588,Oklahoma City Thunder,21,OKC,Oklahoma,West,Northwest,50,32,0.61,101.5,98,3.55,Kyle Weaver,SG,23,870968,1034305,12,0,12,1,2.8,0.364,0.6,1.6,0.368,0.4,1.2,0.357,0.47,0.4,0.5,0.833,0.1,1.4,1.5,0.9,0.5,0.5,0.3,1.1,3,144,10.7,0.505,0.576,0.182,0.8,13.2,7.2,11.1,2.1,3.1,10.1,12.4,0.1,0.2,0.3,0.106,-1.7,1.8,0,0.1
2009/2010,57700000,67649793.99,457588,Portland Trail Blazers,25,POR,Oregon,West,Northwest,50,32,0.61,98.1,94.8,3.18,Martell Webster,SF,23,4344000,5158652,82,49,24.5,3.2,7.8,0.405,1.5,4,0.373,1.6,3.7,0.44,0.502,1.5,1.9,0.813,0.6,2.7,3.3,0.8,0.5,0.5,0.7,1.9,9.4,2005,12.5,0.543,0.52,0.243,2.9,13.7,8.3,5,1.2,1.6,7.8,18.2,2.4,2,4.4,0.105,0.5,-0.7,-0.2,0.9
2009/2010,57700000,67649793.99,457588,Toronto Raptors,28,TOR,Ontario,East,Atlantic,40,42,0.488,104.1,105.9,-1.83,Sonny Weems,SG,23,736420,874524,69,19,19.8,3.4,6.6,0.515,0,0.2,0.133,3.4,6.4,0.528,0.517,0.6,0.9,0.688,0.6,2.2,2.8,1.5,0.6,0.4,0.9,1.8,7.5,1368,12.9,0.533,0.033,0.14,3.7,12.6,8.3,11.6,1.5,1.4,11.8,18.4,0.8,0.5,1.3,0.044,-1.2,-0.7,-1.9,0
2009/2010,57700000,67649793.99,457588,New Orleans Hornets,19,NOH,Louisiana,West,Southwest,37,45,0.451,100.2,102.7,-2.27,David West,PF,29,9075000,10776880,81,81,36.4,7.6,15.1,0.505,0.1,0.3,0.259,7.6,14.8,0.51,0.508,3.7,4.2,0.865,2,5.4,7.5,3,0.9,0.7,2.1,2.9,19,2949,18.9,0.56,0.022,0.279,6.4,17.9,12,13.7,1.3,1.5,11.2,24,5.2,2.3,7.5,0.122,0.8,0.4,1.2,2.4
2009/2010,57700000,67649793.99,457588,Cleveland Cavaliers,6,CLE,Ohio,East,Central,61,21,0.744,102.1,95.6,6.17,Delonte West,SG,26,4254250,5052071,60,3,25,3.2,7.3,0.445,0.4,1.3,0.325,2.8,6,0.471,0.474,1.9,2.4,0.81,0.5,2.3,2.8,3.3,0.9,0.5,1.5,1.4,8.8,1500,13.8,0.53,0.177,0.326,2.4,10.6,6.7,20,1.9,1.4,15.3,18.3,1.3,2,3.3,0.106,-1.1,0.8,-0.3,0.6
2009/2010,57700000,67649793.99,457588,Atlanta Hawks,1,ATL,Georgia,East,Southeast,53,29,0.646,101.7,97,4.44,Mario West,SG,25,446740,530519,39,1,3.6,0.3,0.5,0.571,0,0,0,0.3,0.5,0.6,0.571,0.2,0.3,0.6,0.2,0.5,0.7,0.2,0.2,0,0.2,0.6,0.8,142,9.9,0.591,0.048,0.476,6.5,15.8,11.1,8.8,3,0,21.6,10.5,0.1,0.2,0.3,0.106,-2.1,1.3,-0.8,0
2009/2010,57700000,67649793.99,457588,Oklahoma City Thunder,21,OKC,Oklahoma,West,Northwest,50,32,0.61,101.5,98,3.55,Russell Westbrook,PG,21,3755640,4459954,82,82,34.3,5.9,14.1,0.418,0.3,1.3,0.221,5.6,12.9,0.438,0.428,4,5.1,0.78,1.7,3.1,4.9,8,1.3,0.4,3.3,2.5,16.1,2813,17.8,0.491,0.09,0.364,6,10.3,8.2,38.6,2,0.9,16.6,25.7,2.7,3.4,6.1,0.105,1.4,0.6,2.1,2.9
2009/2010,57700000,67649793.99,457588,Oklahoma City Thunder,21,OKC,Oklahoma,West,Northwest,50,32,0.61,101.5,98,3.55,DJ White,PF,23,1036440,1230808,12,0,8.5,2.1,3.4,0.61,0,0,,2.1,3.4,0.61,0.61,0.8,0.8,0.9,0.8,1.1,1.9,0.3,0.4,0.3,0.3,1,4.9,102,25.9,0.65,0,0.244,11.6,14.2,12.9,7.4,2.5,2.2,6.2,21.3,0.4,0.2,0.6,0.276,3.3,0,3.3,0.1
2009/2010,57700000,67649793.99,457588,Detroit Pistons,9,DET,Michigan,East,Central,27,55,0.329,94,99.1,-5.02,Chris Wilcox,PF,27,3000000,3562605,34,10,13,1.9,3.5,0.525,0,0,,1.9,3.5,0.525,0.525,0.8,1.5,0.5,1.3,2.1,3.4,0.4,0.4,0.4,1.1,1.9,4.5,441,12,0.532,0,0.433,11.4,21.4,16.1,4.9,1.6,2.3,21,18.9,-0.2,0.4,0.2,0.022,-4,-0.5,-4.5,-0.3
2009/2010,57700000,67649793.99,457588,Minnesota Timberwolves,18,MIN,Minnesota,West,Northwest,15,67,0.183,98.2,107.8,-9.06,Damien Wilkins,SF,30,3300000,3918865,80,31,19.8,2.1,4.8,0.433,0.2,0.8,0.295,1.8,4,0.459,0.457,1.3,1.6,0.798,0.9,2.2,3.1,1.7,0.8,0.3,1,1.8,5.6,1585,11.5,0.515,0.16,0.339,5,12.7,8.8,12.5,2.1,1.2,14.8,14.1,0.9,1,1.9,0.056,-1.8,0.6,-1.2,0.3
2009/2010,57700000,67649793.99,457588,Oklahoma City Thunder,21,OKC,Oklahoma,West,Northwest,50,32,0.61,101.5,98,3.55,Mike Wilks,PG,30,175908,208896,4,0,14.8,1.5,3,0.5,0.5,0.8,0.667,1,2.3,0.444,0.583,0.5,1,0.5,0.3,0.8,1,1,0,0,1,1.3,4,59,5.9,0.581,0.25,0.333,2,5.7,3.9,10.1,0,0,22.5,13.5,0,0,0,0.023,-3.6,-2.6,-6.2,-0.1
2009/2010,57700000,67649793.99,457588,Utah Jazz,29,UTA,Utah,West,Northwest,53,29,0.646,104.2,98.9,5.33,Deron Williams,PG,25,12323900,14635063,76,76,36.9,6.5,13.9,0.469,1.3,3.4,0.371,5.2,10.4,0.501,0.515,4.4,5.5,0.801,0.7,3.3,4,10.5,1.3,0.2,3.3,2.7,18.7,2802,20.6,0.574,0.246,0.397,2.2,10.4,6.4,44.5,1.8,0.5,16.9,23.8,7.4,3,10.3,0.177,4.3,-1,3.3,3.7
2009/2010,57700000,67649793.99,457588,Orlando Magic,22,ORL,Florida,East,Southeast,59,23,0.72,102.8,95.3,7.12,Jason Williams,PG,34,1306455,1551461,82,18,20.8,2.3,5.2,0.444,1,2.7,0.38,1.3,2.5,0.512,0.542,0.4,0.5,0.756,0.1,1.5,1.5,3.6,0.6,0,1.1,0.8,6,1703,12.9,0.555,0.519,0.096,0.5,7.8,4.3,26.9,1.6,0.1,16.4,14.5,2.5,2,4.5,0.127,0.5,-0.8,-0.3,0.7
2009/2010,57700000,67649793.99,457588,Cleveland Cavaliers,6,CLE,Ohio,East,Central,61,21,0.744,102.1,95.6,6.17,Jawad Williams,PG,26,736420,874524,54,6,13.7,1.5,3.8,0.393,0.6,1.7,0.323,0.9,2.1,0.451,0.466,0.6,0.8,0.711,0.3,1.2,1.5,0.6,0.2,0.1,0.3,1.4,4.1,742,8.2,0.496,0.451,0.218,2.7,10.2,6.7,6.8,0.8,0.5,7.4,15.3,0.3,0.7,1.1,0.069,-2,-1.5,-3.5,-0.3
2009/2010,57700000,67649793.99,457588,Philadelphia 76ers,23,PHI,Pennsylvania,East,Atlantic,27,55,0.329,97.7,101.6,-3.93,Louis Williams,PG,23,4972500,5905018,64,38,29.9,5,10.6,0.47,1.1,3.2,0.34,3.9,7.4,0.527,0.521,3,3.6,0.824,0.4,2.5,2.9,4.2,1.3,0.2,1.7,1.7,14,1912,18.2,0.576,0.304,0.344,1.5,10.1,5.8,22.9,2.2,0.6,12,21.1,4.1,1.1,5.2,0.13,2.7,-1.6,1.1,1.5
2009/2010,57700000,67649793.99,457588,Memphis Grizzlies,15,MEM,Tennessee,West,Southwest,40,42,0.488,102.5,104,-1.39,Marcus Williams,PG,24,855189,1015566,62,1,14.1,1.7,4.4,0.384,0.4,1.3,0.296,1.3,3.1,0.421,0.428,0.6,0.9,0.673,0.2,1.3,1.5,2.6,0.5,0,1.2,0.7,4.3,872,10.6,0.456,0.299,0.203,1.7,10.7,6.2,26.7,1.9,0.1,20,18.5,-0.4,0.5,0,0.002,-2.4,-2,-4.5,-0.5
2009/2010,57700000,67649793.99,457588,Atlanta Hawks,1,ATL,Georgia,East,Southeast,53,29,0.646,101.7,97,4.44,Marvin Williams,SF,23,7500000,8906512,81,81,30.5,3.7,8.2,0.455,0.5,1.6,0.303,3.2,6.6,0.492,0.485,2.2,2.7,0.819,1.3,3.8,5.1,1.1,0.8,0.6,0.9,2,10.1,2468,13,0.54,0.199,0.324,5,14.8,9.8,5.6,1.4,1.4,8.7,15.5,3.1,2.6,5.7,0.112,-0.5,0.4,-0.2,1.1
2009/2010,57700000,67649793.99,457588,Cleveland Cavaliers,6,CLE,Ohio,East,Central,61,21,0.744,102.1,95.6,6.17,Maurice Williams,PG,27,8860000,10521560,69,68,34.2,5.5,12.4,0.442,2.3,5.4,0.429,3.2,7,0.452,0.535,2.6,2.9,0.894,0.4,2.6,3,5.3,1,0.3,2.5,2.5,15.8,2359,16.1,0.58,0.434,0.232,1.5,8.6,5.2,25,1.6,0.7,15.5,22,4,2.7,6.7,0.136,2.5,-0.9,1.6,2.2
2009/2010,57700000,67649793.99,457588,Golden State Warriors,10,GSW,California,West,Pacific,26,56,0.317,108.8,112.4,-3.28,Reggie Williams,SF,23,#N/A,#N/A,24,10,32.6,5.8,11.8,0.495,1.4,3.8,0.359,4.5,8,0.56,0.553,2.2,2.6,0.839,0.8,3.8,4.6,2.8,1,0.3,1.2,2,15.2,782,16.1,0.588,0.325,0.219,2.5,13.3,7.8,12.7,1.4,0.5,8.5,18.6,1.5,0.3,1.7,0.105,1.5,-1.7,-0.2,0.4
2009/2010,57700000,67649793.99,457588,New Jersey Nets,3,NJN,New Jersey,East,Atlantic,12,70,0.146,92.4,101.5,-8.93,Sean Williams,PF,23,1629120,1934637,20,0,11.4,1.1,2.5,0.429,0,0.1,0,1.1,2.4,0.438,0.429,0.5,1,0.526,1.1,1.3,2.3,0.1,0.4,1,1,2.1,2.6,227,7,0.453,0.02,0.388,10.2,13.3,11.7,0.7,1.9,6.2,25.9,15.6,-0.4,0.3,-0.2,-0.036,-7.8,1.2,-6.6,-0.3
2009/2010,57700000,67649793.99,457588,Boston Celtics,2,BOS,Massachusetts,East,Atlantic,50,32,0.61,99.2,95.6,3.37,Shelden Williams,PF,26,825497,980306,54,0,11.1,1.2,2.2,0.521,0,0,0,1.2,2.2,0.525,0.521,1.4,1.8,0.765,0.9,1.8,2.7,0.4,0.2,0.4,0.6,1.6,3.7,597,14.1,0.612,0.008,0.81,9.9,19.8,15,5.3,1.1,2.8,15.5,15.3,1.1,0.9,2,0.162,-2,1,-1.1,0.1
2009/2010,57700000,67649793.99,457588,New Jersey Nets,3,NJN,New Jersey,East,Atlantic,12,70,0.146,92.4,101.5,-8.93,Terrence Williams,SF,22,2060040,2446369,78,9,22.6,3.3,8.3,0.401,0.4,1.3,0.31,2.9,7.1,0.417,0.425,1.3,1.8,0.715,0.6,3.9,4.5,2.9,0.6,0.1,1.6,1.6,8.4,1764,11.5,0.459,0.154,0.221,2.9,20.6,11.4,22.4,1.3,0.4,14.8,21.8,-1.5,1.3,-0.3,-0.007,-3.2,-0.6,-3.8,-0.8
2009/2010,57700000,67649793.99,457588,Los Angeles Lakers,14,LAL,California,West,Pacific,57,25,0.695,101.7,97,4.78,Metta World Peace,SF,30,5854000,6951830,77,77,33.8,4,9.6,0.414,1.4,3.8,0.355,2.6,5.8,0.453,0.484,1.7,2.4,0.688,1.3,3,4.3,3,1.4,0.3,1.6,2.1,11,2605,12.1,0.514,0.4,0.251,4.3,9.9,7.1,13.3,2.1,0.6,12.8,16.2,1.8,3.5,5.3,0.098,0.3,1.2,1.5,2.3
2009/2010,57700000,67649793.99,457588,Toronto Raptors,28,TOR,Ontario,East,Atlantic,40,42,0.488,104.1,105.9,-1.83,Antoine Wright,SF,25,2110550,2506352,67,10,20.8,2.4,6,0.406,0.9,2.6,0.335,1.6,3.4,0.46,0.479,0.8,1.1,0.688,0.6,2.3,2.8,1.1,0.4,0.2,0.9,2,6.5,1392,8.6,0.502,0.434,0.193,3.3,12.6,8.1,7.4,1.1,0.6,11.8,16.1,0.1,0.2,0.3,0.011,-1,-1.7,-2.7,-0.3
2009/2010,57700000,67649793.99,457588,Miami Heat,16,MIA,Florida,East,Southeast,47,35,0.573,96.5,94.2,1.99,Dorell Wright,SF,24,2750000,3265721,72,1,20.8,2.7,5.8,0.463,0.8,2.2,0.389,1.8,3.6,0.508,0.536,0.8,1,0.884,0.7,2.6,3.3,1.3,0.7,0.4,0.7,1.3,7.1,1496,14.5,0.567,0.375,0.165,4,14.4,9.2,9.8,1.9,1.7,10.6,15.8,2.1,2.2,4.3,0.137,0.2,1.3,1.5,1.3
2009/2010,57700000,67649793.99,457588,New Orleans Hornets,19,NOH,Louisiana,West,Southwest,37,45,0.451,100.2,102.7,-2.27,Julian Wright,SF,22,2000040,2375117,68,14,12.8,1.7,3.4,0.5,0,0.1,0.333,1.7,3.3,0.504,0.504,0.4,0.6,0.61,0.9,1.3,2.1,0.6,0.4,0.3,0.6,0.7,3.8,871,11.8,0.518,0.026,0.177,7.7,11.8,9.7,7,1.7,1.6,15,15.4,0.2,0.6,0.8,0.044,-3,0.2,-2.8,-0.2
2009/2010,57700000,67649793.99,457588,Washington Wizards,30,WAS,Washington DC,East,Southeast,26,56,0.317,96.2,101,-4.72,Nick Young,SG,24,1714800,2036385,74,23,19.2,3.1,7.5,0.418,0.9,2.3,0.406,2.2,5.2,0.423,0.479,1.4,1.8,0.8,0.3,1.1,1.4,0.6,0.4,0.1,0.8,2,8.6,1421,10.7,0.519,0.305,0.233,1.6,6.7,4.1,5.7,1,0.4,8.3,21.4,0.9,0.5,1.4,0.046,-1.2,-3.3,-4.5,-0.9
2009/2010,57700000,67649793.99,457588,Memphis Grizzlies,15,MEM,Tennessee,West,Southwest,40,42,0.488,102.5,104,-1.39,Sam Young,SF,24,824200,978766,80,1,16.5,2.8,6.2,0.451,0.1,0.7,0.196,2.7,5.5,0.483,0.462,1.7,2.2,0.777,1,1.6,2.5,0.7,0.4,0.3,1.2,1.3,7.4,1321,13,0.518,0.113,0.352,6.8,11,8.9,6.2,1.3,1.2,14.1,22.1,0.6,0.7,1.2,0.044,-2.1,-2.2,-4.4,-0.8
2009/2010,57700000,67649793.99,457588,Philadelphia 76ers,23,PHI,Pennsylvania,East,Atlantic,27,55,0.329,97.7,101.6,-3.93,Thaddeus Young,PF,21,2105400,2500236,67,45,32,5.7,12.1,0.47,0.7,2.1,0.348,5,10.1,0.495,0.499,1.7,2.5,0.691,1.9,3.3,5.2,1.4,1.2,0.2,1.9,2,13.8,2145,14,0.523,0.17,0.203,7,12.3,9.6,7.5,2,0.6,12.5,21.5,0.9,1.2,2.1,0.047,-0.5,-1.3,-1.8,0.1
2008/2009,58680000,69929958.12,442114,#N/A,#N/A,TOT,#N/A,#N/A,#N/A,#N/A,#N/A,#N/A,#N/A,#N/A,#N/A,Alex Acker,SG,26,711517,832895,25,0,8,1.2,3,0.395,0.3,0.8,0.35,0.9,2.2,0.411,0.441,0.2,0.4,0.5,0.3,0.6,1,0.5,0.2,0.2,0.3,0.4,2.9,199,10.4,0.448,0.263,0.132,4.5,9.6,7,10.2,1.3,1.5,8,20.1,-0.1,0.1,0,-0.011,-3.6,-2.4,-6,-0.2
2008/2009,58680000,69929958.12,442114,Detroit Pistons,9,DET,Michigan,East,Central,39,43,0.476,94.2,94.7,-0.36,Alex Acker,SG,26,711517,832895,7,0,2.9,0.6,1.6,0.364,0,0.6,0,0.6,1,0.571,0.364,0.1,0.3,0.5,0,0.3,0.3,0.1,0.3,0.1,0,0,1.3,20,16,0.379,0.364,0.182,0,12,5.9,9.1,5.5,3.9,0,28.3,0,0,0,0.009,-3.2,1,-2.3,0
2008/2009,58680000,69929958.12,442114,Los Angeles Clippers,13,LAC,California,West,Pacific,19,63,0.232,95.1,103.9,-8.47,Alex Acker,SG,26,711517,832895,18,0,9.9,1.4,3.6,0.4,0.4,0.9,0.438,1.1,2.7,0.388,0.454,0.2,0.4,0.5,0.4,0.8,1.2,0.6,0.2,0.2,0.4,0.5,3.5,179,9.8,0.46,0.246,0.123,5,9.3,7.1,10.3,0.9,1.2,9.3,19.2,-0.1,0,0,-0.013,-3.6,-2.8,-6.4,-0.2
2008/2009,58680000,69929958.12,442114,Toronto Raptors,28,TOR,Ontario,East,Atlantic,33,49,0.402,99,101.9,-2.54,Hassan Adams,SG,24,297163,347856,12,0,4.3,0.3,1.1,0.308,0,0,,0.3,1.1,0.308,0.308,0.3,0.5,0.5,0.1,0.5,0.6,0.1,0.1,0.1,0.3,0.3,0.9,52,0.4,0.352,0,0.462,2.3,13.4,7.9,2.8,1,1.5,20.4,17.4,-0.2,0,-0.2,-0.144,-10.6,-1.3,-12,-0.1
2008/2009,58680000,69929958.12,442114,Detroit Pistons,9,DET,Michigan,East,Central,39,43,0.476,94.2,94.7,-0.36,Arron Afflalo,SG,23,1015440,1188665,74,8,16.7,1.8,4.1,0.437,0.6,1.4,0.402,1.2,2.6,0.456,0.508,0.8,1,0.817,0.4,1.4,1.8,0.6,0.4,0.2,0.6,1.9,4.9,1234,8.9,0.548,0.357,0.237,2.8,10.1,6.4,5.5,1.3,0.8,11.5,14.5,0.8,1,1.8,0.069,-1.7,-0.7,-2.4,-0.1
2008/2009,58680000,69929958.12,442114,New Jersey Nets,3,NJN,New Jersey,East,Atlantic,34,48,0.415,98.1,100.5,-2.31,Maurice Ager,SG,24,1042440,1220271,20,0,4.9,0.8,2.2,0.349,0,0.3,0,0.8,1.9,0.405,0.349,0.2,0.4,0.5,0.2,0.4,0.5,0.2,0.1,0.1,0.2,0.9,1.7,97,2.2,0.365,0.14,0.186,3.6,8.7,6.1,5.3,0.6,1.7,7.9,24.4,-0.3,0,-0.3,-0.133,-8.5,-4.3,-12.8,-0.3
2008/2009,58680000,69929958.12,442114,San Antonio Spurs,27,SAS,Texas,West,Southwest,54,28,0.659,97,93.3,3.36,Blake Ahearn,PG,24,125562,146981,3,0,6.3,0.7,2,0.333,0.7,1.3,0.5,0,0.7,0,0.5,0.7,0.7,1,0,0.3,0.3,0.7,0.3,0,0.3,1,2.7,19,12.9,0.581,0.667,0.333,0,6.2,3.1,16,2.9,0,12.7,20.1,0,0,0.1,0.149,0.6,-1.8,-1.1,0
2008/2009,58680000,69929958.12,442114,Charlotte Bobcats,4,CHA,North Carolina,East,Southeast,35,47,0.427,93.6,94.9,-1.2,Alexis Ajinca,PF,20,1276320,1494049,31,4,5.9,0.8,2.2,0.362,0,0.1,0,0.8,2.2,0.373,0.362,0.6,0.9,0.714,0.3,0.7,1,0.1,0.2,0.2,0.4,1.1,2.3,182,7,0.43,0.029,0.406,6.2,14.2,10.2,2.8,2.1,2.7,12.9,24.2,-0.3,0.3,-0.1,-0.018,-8.1,-1.2,-9.3,-0.3
2008/2009,58680000,69929958.12,442114,Portland Trail Blazers,25,POR,Oregon,West,Northwest,54,28,0.659,99.4,94.1,5,LaMarcus Aldridge,PF,23,4631400,5421477,81,81,37.1,7.4,15.3,0.484,0.1,0.3,0.25,7.3,15,0.489,0.486,3.2,4.1,0.781,2.9,4.6,7.5,1.9,1,1,1.5,2.6,18.1,3004,19.1,0.529,0.023,0.269,9.5,15.6,12.5,9.3,1.4,2,8,23.7,6.1,3.3,9.5,0.151,1.2,0.7,1.9,3
2008/2009,58680000,69929958.12,442114,Milwaukee Bucks,17,MIL,Wisconsin,East,Central,34,48,0.415,99.3,100.4,-0.88,Joe Alexander,SF,22,2403120,2813072,59,0,12.1,1.7,4.2,0.416,0.3,0.8,0.348,1.5,3.4,0.432,0.449,1,1.4,0.699,0.7,1.2,1.9,0.7,0.3,0.5,0.9,1.8,4.7,716,10.1,0.494,0.188,0.339,6.9,12.3,9.5,9.5,1.1,3.4,15.6,20.9,-0.3,0.7,0.4,0.03,-3.4,0.2,-3.3,-0.2
2008/2009,58680000,69929958.12,442114,Milwaukee Bucks,17,MIL,Wisconsin,East,Central,34,48,0.415,99.3,100.4,-0.88,Malik Allen,PF,30,1300000,1521769,49,3,11.8,1.5,3.5,0.429,0,0,0,1.5,3.4,0.432,0.429,0.2,0.4,0.476,0.7,1.4,2.1,0.7,0.1,0.2,0.4,1.8,3.2,579,7.3,0.435,0.006,0.124,6.8,14.5,10.5,9.5,0.6,1.7,10,15.4,-0.2,0.5,0.3,0.024,-4.5,-0.1,-4.6,-0.4
2008/2009,58680000,69929958.12,442114,Boston Celtics,2,BOS,Massachusetts,East,Atlantic,62,20,0.756,100.9,93.4,7.44,Ray Allen,SG,33,18388430,21525341,79,79,36.4,6.3,13.2,0.48,2.5,6.2,0.409,3.8,7,0.542,0.575,3,3.2,0.952,0.8,2.7,3.5,2.8,0.9,0.2,1.7,2,18.2,2876,17.3,0.624,0.467,0.239,2.9,8.6,5.9,12.6,1.3,0.4,10.4,20.8,7.4,3.7,11.1,0.186,4.3,-0.3,3.9,4.3
2008/2009,58680000,69929958.12,442114,Boston Celtics,2,BOS,Massachusetts,East,Atlantic,62,20,0.756,100.9,93.4,7.44,Tony Allen,SG,27,2500000,2926478,46,2,19.3,3,6.2,0.482,0.1,0.6,0.222,2.8,5.6,0.51,0.493,1.7,2.4,0.725,0.5,1.8,2.3,1.4,1.2,0.5,1.7,2.1,7.8,887,12.9,0.541,0.095,0.384,3.2,10.7,7.1,12,3.2,2.1,18.8,21.5,-0.2,1.8,1.6,0.085,-2.7,2.5,-0.3,0.4
2008/2009,58680000,69929958.12,442114,Utah Jazz,29,UTA,Utah,West,Northwest,48,34,0.585,103.6,100.9,2.31,Morris Almond,SG,23,1081440,1265924,25,1,10.2,1.3,3.2,0.407,0.2,0.7,0.294,1.1,2.6,0.438,0.438,0.8,1,0.808,0.4,1.1,1.4,0.3,0.2,0.2,0.6,1.2,3.7,255,7.3,0.498,0.21,0.321,4.2,12.6,8.4,4.2,0.8,1.2,14.8,19.1,-0.1,0.2,0.1,0.01,-4.7,-2.1,-6.8,-0.3
2008/2009,58680000,69929958.12,442114,#N/A,#N/A,TOT,#N/A,#N/A,#N/A,#N/A,#N/A,#N/A,#N/A,#N/A,#N/A,Rafer Alston,PG,32,4900000,5735898,77,76,31.8,4.1,10.6,0.385,1.5,4.3,0.338,2.6,6.4,0.417,0.454,2,2.7,0.75,0.4,2.5,2.9,5.3,1.4,0.1,1.8,1.8,11.7,2447,13.8,0.494,0.404,0.254,1.6,8.8,5.3,27,2.3,0.3,13.3,19.9,1.7,3.7,5.3,0.104,0.4,0.6,1,1.9
2008/2009,58680000,69929958.12,442114,Houston Rockets,11,HOU,Texas,West,Southwest,53,29,0.646,98.4,94.4,3.73,Rafer Alston,PG,32,4900000,5735898,48,48,33.1,4,10.9,0.37,1.7,4.8,0.348,2.4,6.1,0.387,0.446,1.8,2.3,0.789,0.5,2.5,3,5.4,1.2,0.1,1.8,1.5,11.5,1591,12.8,0.484,0.441,0.209,1.9,8.4,5.3,25.9,1.9,0.3,13.4,19.2,0.9,2.1,2.9,0.088,0.3,0.1,0.4,1
2008/2009,58680000,69929958.12,442114,Orlando Magic,22,ORL,Florida,East,Southeast,59,23,0.72,101,94.4,6.48,Rafer Alston,PG,32,4900000,5735898,29,28,29.5,4.2,10.3,0.413,1.1,3.5,0.317,3.1,6.8,0.462,0.466,2.4,3.4,0.707,0.3,2.6,2.9,5.1,1.8,0.1,1.8,2.2,12,856,15.6,0.509,0.339,0.332,1.1,9.6,5.5,28.9,3.1,0.3,13.2,21.2,0.8,1.6,2.4,0.135,0.7,1.4,2.1,0.9
2008/2009,58680000,69929958.12,442114,Phoenix Suns,24,PHO,Arizona,West,Pacific,46,36,0.561,109.4,107.5,1.62,Louis Amundson,PF,26,797581,929580.6555,76,0,13.7,1.8,3.3,0.536,0,0,0,1.8,3.3,0.538,0.536,0.7,1.6,0.442,1.7,1.9,3.6,0.4,0.4,0.9,0.7,2,4.2,1044,13.3,0.53,0.004,0.48,14.9,15.3,15.1,3.7,1.5,4.6,15.6,15.1,0.8,1,1.8,0.082,-1.3,0.8,-0.5,0.4
2008/2009,58680000,69929958.12,442114,Denver Nuggets,8,DEN,Colorado,West,Northwest,54,28,0.659,104.3,100.9,3.13,Chris Andersen,C,30,998398,1168716,71,1,20.6,2.3,4.1,0.548,0,0.1,0.2,2.2,4,0.56,0.551,1.8,2.5,0.718,2.3,3.9,6.2,0.4,0.6,2.5,1,2.5,6.4,1460,18.1,0.608,0.034,0.62,13.4,21.6,17.6,3.2,1.4,9.3,15.7,13.4,2.5,2.8,5.4,0.176,-1.2,4.6,3.4,2
2008/2009,58680000,69929958.12,442114,New Jersey Nets,3,NJN,New Jersey,East,Atlantic,34,48,0.415,98.1,100.5,-2.31,Ryan Anderson,PF,20,1225200,1434208,66,30,19.9,2.4,6.2,0.393,1,2.9,0.365,1.4,3.3,0.417,0.478,1.5,1.8,0.845,1.6,3.1,4.7,0.8,0.7,0.3,1,2.4,7.4,1312,13.6,0.532,0.464,0.285,9.3,19,14.1,6.4,1.8,1.2,12.1,18.6,1.3,1.2,2.5,0.09,-0.1,-1,-1.1,0.3
2008/2009,58680000,69929958.12,442114,Denver Nuggets,8,DEN,Colorado,West,Northwest,54,28,0.659,104.3,100.9,3.13,Carmelo Anthony,SF,24,14410581,16868905,66,66,34.5,8.1,18.3,0.443,1,2.6,0.371,7.2,15.7,0.455,0.469,5.6,7.1,0.793,1.6,5.2,6.8,3.4,1.1,0.4,3,3,22.8,2277,19,0.532,0.141,0.388,5.6,17,11.5,18.1,1.7,0.8,12.3,31.5,2.4,2.6,5,0.105,0.8,-0.5,0.3,1.3
2008/2009,58680000,69929958.12,442114,Miami Heat,16,MIA,Florida,East,Southeast,43,39,0.524,98.3,98,0.49,Joel Anthony,C,26,711517,832895,65,28,16.1,0.9,1.8,0.483,0,0,,0.9,1.8,0.483,0.483,0.5,0.7,0.652,1.4,1.7,3,0.4,0.3,1.4,0.6,2.1,2.2,1048,9.3,0.521,0,0.39,10.1,12.4,11.2,3.7,1,7.2,22.9,8,0.4,1.4,1.7,0.079,-4,4.1,0.2,0.6
2008/2009,58680000,69929958.12,442114,Washington Wizards,30,WAS,Washington DC,East,Southeast,19,63,0.232,96.1,103.5,-6.98,Gilbert Arenas,PG,27,14653466,17153224,2,2,31.5,3,11.5,0.261,1,3.5,0.286,2,8,0.25,0.304,6,8,0.75,0.5,4,4.5,10,0,0.5,0.5,2,13,63,18.9,0.433,0.304,0.696,1.8,15.3,8.4,47.8,0,1.3,3.2,22.4,0.2,0,0.2,0.115,2.5,-4.1,-1.7,0
2008/2009,58680000,69929958.12,442114,Los Angeles Lakers,14,LAL,California,West,Pacific,65,17,0.793,106.9,99.3,7.11,Trevor Ariza,SF,23,3100000,3628833,82,20,24.4,3.3,7.3,0.46,0.7,2.3,0.319,2.6,4.9,0.526,0.511,1.5,2.1,0.71,1.4,2.9,4.3,1.8,1.7,0.3,1.1,2,8.9,1999,15.5,0.544,0.32,0.284,6.4,13.5,10,10.4,3.5,0.9,11.5,16.6,2.5,3.5,6.1,0.146,1,2.1,3.1,2.6
2008/2009,58680000,69929958.12,442114,New Orleans Hornets,19,NOH,Louisiana,West,Southwest,49,33,0.598,95.8,94.3,1.41,Hilton Armstrong,C,24,2032800,2379578,70,29,15.6,2,3.5,0.561,0,0,0,2,3.5,0.566,0.561,0.9,1.4,0.633,1.2,1.6,2.8,0.4,0.4,0.6,1.1,2.6,4.8,1092,10.7,0.585,0.008,0.398,9,12.6,10.8,4.4,1.3,3.5,21.7,16.3,0.2,1.3,1.5,0.068,-3.4,1.1,-2.3,-0.1
2008/2009,58680000,69929958.12,442114,Memphis Grizzlies,15,MEM,Tennessee,West,Southwest,24,58,0.293,93.9,99.3,-5.23,Darrell Arthur,PF,20,977160,1143855,76,64,19.3,2.5,5.7,0.438,0,0,0,2.5,5.7,0.44,0.438,0.5,0.8,0.667,1.4,3.1,4.6,0.6,0.7,0.7,0.6,2.7,5.6,1464,11.3,0.456,0.005,0.138,8.9,20.3,14.5,5,1.9,2.9,9.2,16.3,-0.1,1.8,1.7,0.055,-3.9,0.8,-3.1,-0.4
2008/2009,58680000,69929958.12,442114,#N/A,#N/A,TOT,#N/A,#N/A,#N/A,#N/A,#N/A,#N/A,#N/A,#N/A,#N/A,Chucky Atkins,PG,34,3240000,3792716,33,0,12.5,1,3.4,0.301,0.5,1.7,0.263,0.6,1.7,0.339,0.367,0.5,0.5,0.938,0.2,0.6,0.7,1.8,0.3,0.1,0.7,0.8,3,412,6.2,0.408,0.504,0.142,1.4,5.3,3.4,20.9,1.2,0.4,16.1,15.4,-0.3,0.2,-0.2,-0.018,-3.9,-3.2,-7.2,-0.5
2008/2009,58680000,69929958.12,442114,Denver Nuggets,8,DEN,Colorado,West,Northwest,54,28,0.659,104.3,100.9,3.13,Chucky Atkins,PG,34,3240000,3792716,14,0,8.2,0.6,1.9,0.333,0.4,1.2,0.294,0.3,0.7,0.4,0.426,0.3,0.3,1,0,0.4,0.4,2,0.1,0.1,0.7,0.4,1.9,115,8.9,0.469,0.63,0.148,0,5.9,3,34.9,0.9,0.7,25.8,15,0,0.1,0,0.019,-3.6,-5,-8.6,-0.2
2008/2009,58680000,69929958.12,442114,Oklahoma City Thunder,21,OKC,Oklahoma,West,Northwest,23,59,0.28,97,103.1,-6.04,Chucky Atkins,PG,34,3240000,3792716,19,0,15.6,1.3,4.5,0.291,0.5,2.1,0.25,0.8,2.4,0.326,0.349,0.6,0.6,0.917,0.3,0.7,0.9,1.6,0.4,0.1,0.7,1.2,3.7,297,5.1,0.389,0.465,0.14,1.9,5.1,3.5,15.5,1.4,0.2,12.5,15.5,-0.3,0.1,-0.2,-0.032,-4.1,-2.6,-6.6,-0.3
2008/2009,58680000,69929958.12,442114,Charlotte Bobcats,4,CHA,North Carolina,East,Southeast,35,47,0.427,93.6,94.9,-1.2,DJ Augustin,PG,21,2208960,2585790,72,12,26.5,3.7,8.6,0.43,1.5,3.4,0.439,2.2,5.2,0.424,0.517,2.9,3.2,0.893,0.2,1.6,1.8,3.5,0.6,0,1.7,1.9,11.8,1908,14.9,0.587,0.396,0.375,1.1,7.5,4.3,22.6,1.2,0.1,14.1,20.8,3.6,1.5,5.1,0.128,1.6,-2.3,-0.7,0.6
2008/2009,58680000,69929958.12,442114,Golden State Warriors,10,GSW,California,West,Pacific,29,53,0.354,108.6,112.3,-3.8,Kelenna Azubuike,SF,25,2900000,3394715,74,51,32.1,5.3,11.4,0.464,1.3,2.8,0.448,4,8.6,0.469,0.52,2.5,3.1,0.808,1.5,3.5,5,1.6,0.8,0.7,1.3,2.5,14.4,2375,14.7,0.562,0.249,0.271,5.1,11.8,8.5,7.6,1.2,1.5,9.1,18.7,3.6,0.5,4.1,0.083,0.9,-1.6,-0.7,0.8
2008/2009,58680000,69929958.12,442114,Denver Nuggets,8,DEN,Colorado,West,Northwest,54,28,0.659,104.3,100.9,3.13,Renaldo Balkman,PF,24,1369920,1603616,53,10,14.7,2.1,3.7,0.558,0,0.1,0.286,2,3.6,0.568,0.563,0.8,1.2,0.646,1.6,2.2,3.8,0.6,0.9,0.4,0.7,1.8,5,780,16.8,0.585,0.036,0.33,13.2,16.9,15.1,6.9,3.1,2.3,13.4,14.9,1.3,1.3,2.6,0.162,0.5,2.2,2.7,0.9
2008/2009,58680000,69929958.12,442114,#N/A,#N/A,TOT,#N/A,#N/A,#N/A,#N/A,#N/A,#N/A,#N/A,#N/A,#N/A,Marcus Banks,PG,27,4260000,4986720,22,0,9.4,1,2.6,0.368,0.1,0.9,0.158,0.8,1.7,0.474,0.395,0.5,0.8,0.611,0,0.8,0.8,1.3,0.5,0.1,0.6,1.2,2.5,206,7.8,0.431,0.333,0.316,0.6,9.9,5.2,20.6,2.8,0.8,17.7,17.9,-0.3,0.2,0,-0.008,-4.6,-0.7,-5.4,-0.2
2008/2009,58680000,69929958.12,442114,Miami Heat,16,MIA,Florida,East,Southeast,43,39,0.524,98.3,98,0.49,Marcus Banks,PG,27,4260000,4986720,16,0,10.4,0.9,2.4,0.385,0.1,0.9,0.143,0.8,1.6,0.52,0.41,0.6,0.9,0.667,0,0.9,0.9,1.4,0.6,0.1,0.7,1.3,2.6,166,8.7,0.461,0.359,0.385,0,10.9,5.4,19.8,3.2,1,19.4,16,-0.1,0.2,0.1,0.023,-4.4,0.1,-4.3,-0.1
2008/2009,58680000,69929958.12,442114,Toronto Raptors,28,TOR,Ontario,East,Atlantic,33,49,0.402,99,101.9,-2.54,Marcus Banks,PG,27,4260000,4986720,6,0,6.7,1,3,0.333,0.2,0.8,0.2,0.8,2.2,0.385,0.361,0.2,0.5,0.333,0.2,0.3,0.5,1,0.2,0,0.5,0.8,2.3,40,4,0.362,0.278,0.167,3,5.8,4.4,24.2,1.3,0,13.4,25.7,-0.1,0,-0.1,-0.139,-5.6,-4.1,-9.7,-0.1
2008/2009,58680000,69929958.12,442114,Phoenix Suns,24,PHO,Arizona,West,Pacific,46,36,0.561,109.4,107.5,1.62,Leandro Barbosa,SG,26,6100000,7140608,70,11,24.4,5.2,10.8,0.482,1.3,3.4,0.375,3.9,7.4,0.532,0.542,2.4,2.8,0.881,0.5,2.1,2.6,2.3,1.2,0.1,1.3,1.6,14.2,1705,19.4,0.588,0.316,0.256,2.4,9.7,6.2,14.9,2.4,0.3,9.9,24.2,4,1,5,0.141,3.2,-2,1.2,1.4
2008/2009,58680000,69929958.12,442114,Dallas Mavericks,7,DAL,Texas,West,Southwest,50,32,0.61,101.7,99.8,1.68,Jose Juan Barea,SG,24,1500000,1755887,79,15,20.3,3.1,7.1,0.442,0.7,1.9,0.357,2.4,5.1,0.474,0.491,0.9,1.2,0.753,0.5,1.8,2.2,3.4,0.5,0.1,1.3,1.5,7.8,1600,13.4,0.516,0.276,0.167,2.6,10,6.4,26.4,1.2,0.2,14.9,20.2,1.2,1,2.2,0.066,-0.1,-1.7,-1.9,0.1
2008/2009,58680000,69929958.12,442114,Toronto Raptors,28,TOR,Ontario,East,Atlantic,33,49,0.402,99,101.9,-2.54,Andrea Bargnani,PF,23,5176440,6059497,78,59,31.4,5.5,12.3,0.45,1.5,3.7,0.409,4,8.6,0.468,0.512,2.8,3.4,0.831,0.9,4.4,5.3,1.2,0.4,1.2,1.7,3.1,15.4,2453,14.6,0.559,0.304,0.278,3.4,16.4,10,6.4,0.7,3.1,11.2,22.7,1.8,2,3.9,0.076,-0.4,-0.5,-0.8,0.7
2008/2009,58680000,69929958.12,442114,Phoenix Suns,24,PHO,Arizona,West,Pacific,46,36,0.561,109.4,107.5,1.62,Matt Barnes,PF,28,926678,1084761,77,40,27,3.7,8.8,0.423,1.5,4.4,0.343,2.2,4.3,0.505,0.51,1.3,1.8,0.743,1,4.4,5.5,2.8,0.7,0.3,1.7,2.7,10.2,2082,12.6,0.537,0.506,0.202,4.6,18.5,11.8,14.2,1.2,0.9,15,18.3,1.6,1.4,3,0.069,0.9,-0.4,0.5,1.3
2008/2009,58680000,69929958.12,442114,Houston Rockets,11,HOU,Texas,West,Southwest,53,29,0.646,98.4,94.4,3.73,Brent Barry,SG,37,1910000,2235829,56,1,15.3,1.3,3.1,0.407,0.9,2.3,0.374,0.4,0.7,0.512,0.549,0.3,0.4,0.95,0.3,1.4,1.7,1.4,0.4,0.1,0.9,0.8,3.7,857,9.2,0.575,0.762,0.116,2.4,10.1,6.4,13.7,1.5,0.3,21,12.4,0.4,1.1,1.5,0.082,-0.9,0.4,-0.5,0.3
2008/2009,58680000,69929958.12,442114,Dallas Mavericks,7,DAL,Texas,West,Southwest,50,32,0.61,101.7,99.8,1.68,Brandon Bass,C,23,826269,967223,81,0,19.4,3.1,6.3,0.496,0,0.1,0,3.1,6.2,0.502,0.496,2.2,2.6,0.867,1.6,2.9,4.5,0.5,0.3,0.7,1.1,1.7,8.5,1574,16.4,0.571,0.012,0.413,9.5,17.2,13.4,4.3,0.9,2.6,12.5,20,2.5,1.6,4.1,0.124,-1.6,-0.6,-2.1,-0.1
2008/2009,58680000,69929958.12,442114,Indiana Pacers,12,IND,Indiana,East,Central,36,46,0.439,105.1,106.2,-0.76,Maceo Baston,PF,33,2272860,2660590,27,0,8,0.9,1.7,0.543,0,0,0,0.9,1.7,0.556,0.543,0.6,1,0.63,0.8,1.1,1.9,0.3,0.2,0.4,0.4,1.4,2.5,217,12.3,0.579,0.022,0.587,11.1,15.4,13.2,4.6,1.4,3.4,17.2,14,0.2,0.2,0.5,0.105,-2.4,0.6,-1.7,0
2008/2009,58680000,69929958.12,442114,Orlando Magic,22,ORL,Florida,East,Southeast,59,23,0.72,101,94.4,6.48,Tony Battie,PF,32,5746000,6726219,77,3,15.6,2.1,4.2,0.489,0,0.1,0.222,2,4.1,0.497,0.492,0.7,1.1,0.659,1.2,2.4,3.6,0.4,0.3,0.3,0.6,1.5,4.8,1202,11.9,0.518,0.028,0.254,8.9,17,13,4.2,1.1,1.5,11.4,15.6,0.7,2.1,2.8,0.113,-3.4,1.2,-2.2,0
2008/2009,58680000,69929958.12,442114,Houston Rockets,11,HOU,Texas,West,Southwest,53,29,0.646,98.4,94.4,3.73,Shane Battier,SG,30,6448900,7549028,60,59,33.9,2.4,5.9,0.41,1.5,4,0.384,0.9,2,0.462,0.538,0.9,1.1,0.821,0.9,3.9,4.8,2.3,0.8,0.9,0.8,1.9,7.3,2031,10.7,0.568,0.669,0.189,3.1,12.9,8.2,10,1.3,1.9,11.3,9.9,2.3,2.9,5.2,0.123,0.4,3,3.4,2.8
2008/2009,58680000,69929958.12,442114,Portland Trail Blazers,25,POR,Oregon,West,Northwest,54,28,0.659,99.4,94.1,5,Nicolas Batum,SF,20,1040640,1218164,79,76,18.4,2,4.6,0.446,0.8,2.1,0.369,1.3,2.4,0.513,0.532,0.5,0.7,0.808,1.1,1.7,2.8,0.9,0.6,0.5,0.6,1.8,5.4,1454,12.9,0.555,0.465,0.144,7,11.8,9.4,7.8,1.9,2.2,11.5,14,2.1,1.6,3.7,0.123,1.2,1.3,2.5,1.7
2008/2009,58680000,69929958.12,442114,Portland Trail Blazers,25,POR,Oregon,West,Northwest,54,28,0.659,99.4,94.1,5,Jerryd Bayless,PG,20,1993560,2333644,53,0,12.4,1.3,3.6,0.365,0.1,0.5,0.259,1.2,3.1,0.383,0.384,1.6,1.9,0.806,0.2,0.9,1.1,1.5,0.3,0,1.1,1.5,4.3,655,8.2,0.487,0.143,0.545,1.5,9.4,5.4,18.2,1.4,0.2,19.3,20.9,-0.2,0.5,0.3,0.019,-3.8,-1.6,-5.4,-0.6
2008/2009,58680000,69929958.12,442114,Miami Heat,16,MIA,Florida,East,Southeast,43,39,0.524,98.3,98,0.49,Michael Beasley,PF,20,4314960,5051055,81,19,24.8,5.6,11.8,0.472,0.4,1,0.407,5.2,10.8,0.478,0.49,2.3,3,0.772,1.4,4.1,5.4,1,0.5,0.5,1.5,2.3,13.9,2009,17.2,0.528,0.085,0.252,6.5,19.8,13.1,7.7,1.1,1.5,10.2,27.7,1.2,2.2,3.4,0.081,-2.4,-1.9,-4.3,-1.2
2008/2009,58680000,69929958.12,442114,Golden State Warriors,10,GSW,California,West,Pacific,29,53,0.354,108.6,112.3,-3.8,Marco Belinelli,SG,22,1446720,1693518,42,23,21,3.3,7.5,0.442,1.2,3.1,0.397,2.1,4.4,0.473,0.524,1,1.2,0.769,0.2,1.5,1.7,2.1,0.9,0,1.4,1.7,8.9,882,11.8,0.547,0.413,0.164,1.2,7.5,4.4,15.3,2,0.1,14.8,19.3,0.4,0.1,0.5,0.028,-0.2,-3,-3.2,-0.3
2008/2009,58680000,69929958.12,442114,Milwaukee Bucks,17,MIL,Wisconsin,East,Central,34,48,0.415,99.3,100.4,-0.88,Charlie Bell,SG,29,3354480,3926726,70,23,25.5,3.1,7.5,0.414,1.2,3.4,0.363,1.9,4.1,0.458,0.497,0.9,1.1,0.825,0.5,1.5,1.9,2.2,0.7,0.1,1.1,2,8.4,1783,9.8,0.525,0.458,0.153,2,7.1,4.4,13.3,1.5,0.3,12,16,0.9,1.2,2.2,0.059,-0.4,-1,-1.5,0.2
2008/2009,58680000,69929958.12,442114,#N/A,#N/A,TOT,#N/A,#N/A,#N/A,#N/A,#N/A,#N/A,#N/A,#N/A,#N/A,Raja Bell,SG,32,5000000,5852957,67,66,34.6,4.5,10.2,0.437,1.7,4,0.421,2.8,6.2,0.448,0.52,1.3,1.5,0.853,0.6,3,3.6,2.1,0.7,0.1,1.3,2.5,11.9,2315,10.7,0.548,0.396,0.149,2.2,10.5,6.4,10.1,1.1,0.3,10.6,16.3,2,1.6,3.6,0.074,0.2,-0.6,-0.4,0.9
2008/2009,58680000,69929958.12,442114,Phoenix Suns,24,PHO,Arizona,West,Pacific,46,36,0.561,109.4,107.5,1.62,Raja Bell,SG,32,5000000,5852957,22,22,32.4,3.5,8,0.429,2,4.3,0.468,1.5,3.8,0.386,0.554,0.7,1,0.762,0.4,2.5,2.9,1.3,0.6,0.1,0.8,2.6,9.6,712,8.5,0.569,0.531,0.119,1.4,8.8,5.2,5.5,0.9,0.2,8.8,12.6,0.7,0.1,0.8,0.054,0.7,-1.6,-0.9,0.2
2008/2009,58680000,69929958.12,442114,Charlotte Bobcats,4,CHA,North Carolina,East,Southeast,35,47,0.427,93.6,94.9,-1.2,Raja Bell,SG,32,5000000,5852957,45,44,35.6,5,11.3,0.44,1.6,3.9,0.395,3.4,7.3,0.464,0.509,1.6,1.8,0.877,0.7,3.2,4,2.5,0.8,0.1,1.5,2.4,13,1603,11.7,0.541,0.349,0.16,2.6,11.2,6.9,12.2,1.3,0.3,11.1,18,1.3,1.5,2.8,0.083,0,-0.2,-0.2,0.7
2008/2009,58680000,69929958.12,442114,Atlanta Hawks,1,ATL,Georgia,East,Southeast,47,35,0.573,98.1,96.5,1.7,Mike Bibby,PG,30,14983603,17539679,79,79,34.7,5.5,12.7,0.435,2.1,5.4,0.39,3.4,7.3,0.468,0.518,1.7,2.2,0.789,0.5,3,3.5,5,1.2,0.1,1.6,1.8,14.9,2740,16.3,0.544,0.426,0.17,1.6,10.3,6,24.2,1.9,0.3,10.6,20.6,4.4,2.5,6.9,0.121,2.6,-0.9,1.7,2.6
2008/2009,58680000,69929958.12,442114,Golden State Warriors,10,GSW,California,West,Pacific,29,53,0.354,108.6,112.3,-3.8,Andris Biedrins,C,22,9000000,10535324,62,58,30,5,8.6,0.578,0,0,0,5,8.6,0.579,0.578,1.9,3.5,0.551,3.6,7.6,11.2,2,1,1.5,1.8,3.8,11.9,1863,19.1,0.585,0.002,0.405,13,27.4,20.2,10,1.7,3.6,14.9,16.9,3.3,2.1,5.4,0.139,0.6,1.9,2.6,2.1
2008/2009,58680000,69929958.12,442114,#N/A,#N/A,TOT,#N/A,#N/A,#N/A,#N/A,#N/A,#N/A,#N/A,#N/A,#N/A,Chauncey Billups,PG,32,11050000,12935037,79,79,35.3,5.2,12.4,0.418,2.1,5,0.408,3.1,7.4,0.425,0.501,5.3,5.8,0.913,0.4,2.6,3,6.4,1.2,0.2,2.2,2,17.7,2789,18.8,0.592,0.405,0.467,1.4,8.4,5,28.9,1.7,0.5,13,21.7,7.9,2.2,10.1,0.174,4.2,-1.7,2.5,3.2
2008/2009,58680000,69929958.12,442114,Detroit Pistons,9,DET,Michigan,East,Central,39,43,0.476,94.2,94.7,-0.36,Chauncey Billups,PG,32,11050000,12935037,2,2,35,3.5,10.5,0.333,1,3.5,0.286,2.5,7,0.357,0.381,4.5,5,0.9,0.5,4.5,5,7.5,1.5,0.5,2,1.5,12.5,70,17.5,0.492,0.333,0.476,1.7,15.5,8.5,33,2.4,1.1,13.6,20,0.1,0.1,0.2,0.124,0.3,0.1,0.4,0
2008/2009,58680000,69929958.12,442114,Denver Nuggets,8,DEN,Colorado,West,Northwest,54,28,0.659,104.3,100.9,3.13,Chauncey Billups,PG,32,11050000,12935037,77,77,35.3,5.2,12.5,0.42,2.1,5.1,0.41,3.2,7.4,0.427,0.504,5.3,5.8,0.913,0.4,2.6,3,6.4,1.2,0.2,2.2,2.1,17.9,2719,18.8,0.595,0.407,0.467,1.4,8.2,4.9,28.8,1.7,0.5,13,21.8,7.8,2.1,9.9,0.176,4.3,-1.7,2.5,3.1
2008/2009,58680000,69929958.12,442114,Portland Trail Blazers,25,POR,Oregon,West,Northwest,54,28,0.659,99.4,94.1,5,Steve Blake,PG,28,4250000,4975014,69,69,31.7,4,9.4,0.428,2,4.8,0.427,2,4.6,0.429,0.536,0.9,1.1,0.84,0.4,2.1,2.5,5,1,0.1,1.6,1.8,11,2188,14.4,0.557,0.507,0.116,1.6,8.4,4.9,25.1,1.7,0.1,13.7,17,4.1,1.7,5.8,0.128,2.7,-1.1,1.7,2
2008/2009,58680000,69929958.12,442114,Washington Wizards,30,WAS,Washington DC,East,Southeast,19,63,0.232,96.1,103.5,-6.98,Andray Blatche,C,22,2739669,3207033,71,36,24,4.2,8.9,0.471,0.1,0.3,0.238,4.1,8.6,0.479,0.475,1.6,2.3,0.704,1.8,3.5,5.3,1.7,0.7,1,1.6,3,10,1703,15,0.508,0.033,0.257,8.5,17.9,13,11.8,1.6,3.5,14.3,21.9,0.2,1.2,1.4,0.039,-1.9,0.4,-1.5,0.2
2008/2009,58680000,69929958.12,442114,Miami Heat,16,MIA,Florida,East,Southeast,43,39,0.524,98.3,98,0.49,Mark Blount,C,33,8513916,9966318,20,0,10.4,1.5,3.9,0.385,0.6,1.4,0.407,1,2.6,0.373,0.455,0.4,0.7,0.615,0.5,1.6,2.1,0.2,0.1,0.4,0.7,0.9,4,207,8.7,0.472,0.346,0.167,5.7,18.1,11.8,3.1,0.3,2.8,14.3,22.2,-0.3,0.2,-0.1,-0.024,-6.1,-2.9,-9,-0.4
2008/2009,58680000,69929958.12,442114,#N/A,#N/A,TOT,#N/A,#N/A,#N/A,#N/A,#N/A,#N/A,#N/A,#N/A,#N/A,Keith Bogans,SG,28,2565000,3002567,65,15,19.6,1.8,5,0.367,1.1,3.4,0.339,0.7,1.6,0.425,0.481,0.8,0.9,0.912,0.5,2.6,3.1,1,0.7,0.1,0.6,1.6,5.6,1272,9.7,0.521,0.673,0.176,2.8,15.6,9.1,7.7,1.8,0.2,10.5,14,0.7,1.9,2.5,0.096,-0.9,0.8,-0.1,0.6
2008/2009,58680000,69929958.12,442114,Orlando Magic,22,ORL,Florida,East,Southeast,59,23,0.72,101,94.4,6.48,Keith Bogans,SG,28,2565000,3002567,36,15,21.9,1.8,4.9,0.36,1.2,3.5,0.333,0.6,1.4,0.429,0.48,0.6,0.7,0.875,0.4,2.7,3.1,0.9,0.6,0.1,0.5,1.7,5.3,787,8,0.509,0.72,0.137,2.2,13.4,7.9,5.9,1.5,0.2,9.3,12,0.3,1.2,1.5,0.093,-1.4,1.4,0,0.4
2008/2009,58680000,69929958.12,442114,Milwaukee Bucks,17,MIL,Wisconsin,East,Central,34,48,0.415,99.3,100.4,-0.88,Keith Bogans,SG,28,2565000,3002567,29,0,16.7,1.9,5.1,0.376,1.1,3.2,0.348,0.8,2,0.421,0.483,1.1,1.1,0.939,0.6,2.6,3.1,1.1,0.7,0.1,0.8,1.5,6,485,12.5,0.535,0.617,0.221,3.7,19.1,11.1,10.5,2.1,0.3,11.9,17.2,0.4,0.6,1,0.101,-0.1,-0.1,-0.2,0.2
2008/2009,58680000,69929958.12,442114,Milwaukee Bucks,17,MIL,Wisconsin,East,Central,34,48,0.415,99.3,100.4,-0.88,Andrew Bogut,C,24,6294310,7368066,36,33,31.2,5.1,8.8,0.577,0,0,,5.1,8.8,0.577,0.577,1.6,2.7,0.571,3.3,7,10.3,2,0.6,1,2.4,3.6,11.7,1124,16.2,0.586,0,0.309,11.8,27.7,19.4,10.7,1.1,2.7,19.3,17.8,1,1.6,2.6,0.112,-0.9,2.6,1.7,1
2008/2009,58680000,69929958.12,442114,San Antonio Spurs,27,SAS,Texas,West,Southwest,54,28,0.659,97,93.3,3.36,Matt Bonner,PF,28,2987000,3496557,81,67,23.8,3.3,6.6,0.496,1.5,3.3,0.44,1.8,3.3,0.552,0.606,0.2,0.3,0.739,1.2,3.6,4.8,1,0.6,0.3,0.5,2.3,8.2,1928,15,0.611,0.5,0.043,6.1,17.6,11.9,6.8,1.3,1,6.3,14.6,3.8,3,6.8,0.169,1.6,0.9,2.6,2.2
2008/2009,58680000,69929958.12,442114,New Jersey Nets,3,NJN,New Jersey,East,Atlantic,34,48,0.415,98.1,100.5,-2.31,Josh Boone,C,24,1212120,1418897,62,7,16,1.8,3.5,0.528,0,0,,1.8,3.5,0.528,0.528,0.5,1.4,0.376,1.7,2.5,4.2,0.5,0.4,0.8,0.5,1.7,4.2,995,13.3,0.513,0,0.397,12.3,18.7,15.4,5,1.2,3.9,11,13.3,0.9,0.9,1.8,0.089,-2.4,1.1,-1.3,0.2
2008/2009,58680000,69929958.12,442114,#N/A,#N/A,TOT,#N/A,#N/A,#N/A,#N/A,#N/A,#N/A,#N/A,#N/A,#N/A,Calvin Booth,C,32,1319651,1544772,8,0,7,0.6,1.3,0.5,0,0,,0.6,1.3,0.5,0.5,0.8,1,0.75,0.6,0.8,1.4,0,0.1,0.3,0.1,1.3,2,56,11.4,0.592,0,0.8,10.1,12.6,11.5,0,0.9,2.7,6.9,11.6,0.1,0,0.1,0.106,-3.3,-4,-7.3,-0.1
2008/2009,58680000,69929958.12,442114,Minnesota Timberwolves,18,MIN,Minnesota,West,Northwest,24,58,0.293,97.8,102.7,-4.74,Calvin Booth,C,32,1319651,1544772,1,0,1,0,0,,0,0,,0,0,,,0,0,,1,0,1,0,0,0,0,0,0,1,39.8,,,,100,0,58.5,0,0,0,,0,0,0,0,0.475,14.7,-9.1,5.6,0
2008/2009,58680000,69929958.12,442114,Sacramento Kings,26,SAC,California,West,Pacific,17,65,0.207,100.6,109.3,-8.6,Calvin Booth,C,32,1319651,1544772,7,0,7.9,0.7,1.4,0.5,0,0,,0.7,1.4,0.5,0.5,0.9,1.1,0.75,0.6,0.9,1.4,0,0.1,0.3,0.1,1.4,2.3,55,10.9,0.592,0,0.8,8.4,12.8,10.6,0,0.9,2.7,6.9,11.8,0.1,0,0.1,0.099,-3.6,-3.9,-7.5,-0.1
2008/2009,58680000,69929958.12,442114,Utah Jazz,29,UTA,Utah,West,Northwest,48,34,0.585,103.6,100.9,2.31,Carlos Boozer,PF,27,11593817,13571624,37,37,32.4,6.8,13.8,0.49,0,0,,6.8,13.8,0.49,0.49,2.6,3.8,0.698,3,7.4,10.4,2.1,1.1,0.2,2.1,3.6,16.2,1197,17.2,0.523,0,0.271,11.1,27.3,19.2,11.4,1.7,0.5,12.1,24.4,0.9,1.7,2.6,0.105,-0.7,0.6,-0.1,0.6
2008/2009,58680000,69929958.12,442114,Toronto Raptors,28,TOR,Ontario,East,Atlantic,33,49,0.402,99,101.9,-2.54,Chris Bosh,C,24,14410581,16868905,77,77,38,8,16.4,0.487,0.2,0.6,0.245,7.8,15.8,0.497,0.492,6.5,8,0.817,2.8,7.2,10,2.5,0.9,1,2.3,2.5,22.7,2928,22.1,0.569,0.039,0.489,8.7,22.1,15.5,11.6,1.2,2,10.2,26.9,6.6,3.1,9.7,0.159,2,0.5,2.4,3.3
2008/2009,58680000,69929958.12,442114,San Antonio Spurs,27,SAS,Texas,West,Southwest,54,28,0.659,97,93.3,3.36,Bruce Bowen,SF,37,4000000,4682366,80,10,18.8,1,2.3,0.422,0.5,1.2,0.429,0.5,1.1,0.416,0.535,0.2,0.3,0.538,0.2,1.6,1.8,0.5,0.5,0.2,0.3,1.5,2.7,1506,5.4,0.539,0.524,0.139,1.3,10.1,5.7,3.7,1.3,0.6,11.2,7.2,0.3,1.9,2.2,0.07,-3,1.6,-1.3,0.2
2008/2009,58680000,69929958.12,442114,New Orleans Hornets,19,NOH,Louisiana,West,Southwest,49,33,0.598,95.8,94.3,1.41,Ryan Bowen,SF,33,1141838,1336625,21,3,10.4,1,1.8,0.579,0,0,,1,1.8,0.579,0.579,0.1,0.2,0.6,0.5,0.7,1.1,0.4,0.7,0.2,0.2,1.8,2.2,219,10.8,0.585,0,0.132,5.5,7.7,6.6,6.5,3.5,1.9,11.1,9.9,0.2,0.3,0.6,0.125,-1.6,2.7,1.1,0.2
2008/2009,58680000,69929958.12,442114,Philadelphia 76ers,23,PHI,Pennsylvania,East,Atlantic,41,41,0.5,97.4,97.3,0.16,Elton Brand,PF,29,13757844,16104816,29,23,31.7,5.6,12.6,0.447,0,0,,5.6,12.6,0.447,0.447,2.5,3.7,0.676,2.7,6.1,8.8,1.3,0.6,1.6,2.3,2.7,13.8,920,14.6,0.484,0,0.296,9.9,23.2,16.5,6.9,1,3.9,14.2,23.8,-0.4,1.3,0.9,0.047,-3.7,0.9,-2.8,-0.2
2008/2009,58680000,69929958.12,442114,Minnesota Timberwolves,18,MIN,Minnesota,West,Northwest,24,58,0.293,97.8,102.7,-4.74,Corey Brewer,SF,22,2725920,3190939,15,8,20.5,2.5,6,0.411,0.3,0.8,0.417,2.1,5.2,0.41,0.439,0.9,1.3,0.737,1.2,2.1,3.3,1.7,1,0.2,0.9,2.5,6.2,307,11.2,0.473,0.133,0.211,6.6,12.3,9.3,12.9,2.6,0.8,11.7,16.3,0.1,0.3,0.3,0.052,-1.6,0.8,-0.8,0.1
2008/2009,58680000,69929958.12,442114,Utah Jazz,29,UTA,Utah,West,Northwest,48,34,0.585,103.6,100.9,2.31,Ronnie Brewer,SF,23,1834680,2147660,81,80,32.2,5.2,10.2,0.508,0.3,1,0.259,4.9,9.2,0.537,0.522,3,4.3,0.702,1.2,2.5,3.7,2.2,1.7,0.4,1.4,1.6,13.7,2605,16.1,0.565,0.103,0.425,4.6,9.1,6.9,10.9,2.7,0.9,10.1,18.8,3.9,2.9,6.8,0.126,1,1,2,2.7
2008/2009,58680000,69929958.12,442114,Houston Rockets,11,HOU,Texas,West,Southwest,53,29,0.646,98.4,94.4,3.73,Aaron Brooks,PG,24,1045560,1223923,80,35,25,4,9.8,0.404,1.4,3.9,0.366,2.5,5.9,0.428,0.476,1.9,2.2,0.866,0.4,1.6,2,3,0.6,0.1,1.6,1.9,11.2,1998,12.9,0.521,0.395,0.22,2,7,4.6,20.2,1.2,0.3,12.7,22.9,1.4,2.2,3.6,0.086,0.2,-1.5,-1.3,0.4
2008/2009,58680000,69929958.12,442114,Charlotte Bobcats,4,CHA,North Carolina,East,Southeast,35,47,0.427,93.6,94.9,-1.2,Andre Brown,PF,27,107908,126316,4,0,10.3,0.3,1.8,0.143,0,0,,0.3,1.8,0.143,0.143,0.5,0.5,1,1.8,1.3,3,0.3,0.3,0,1.3,2.3,1,41,-1.5,0.254,0,0.286,21.3,15,18.1,3.5,1.3,0,38.8,14.8,-0.2,0,-0.1,-0.122,-8.9,-0.4,-9.3,-0.1
2008/2009,58680000,69929958.12,442114,#N/A,#N/A,TOT,#N/A,#N/A,#N/A,#N/A,#N/A,#N/A,#N/A,#N/A,#N/A,Bobby Brown,SG-PG,24,442114,517534,68,2,13.7,2.1,5.3,0.392,0.7,1.9,0.346,1.4,3.4,0.417,0.454,0.5,0.6,0.791,0.2,0.6,0.8,1.7,0.3,0,0.9,1.4,5.3,931,8.9,0.476,0.361,0.119,1.7,4.8,3.3,20.9,1.2,0.2,14.3,21.3,-0.5,-0.1,-0.6,-0.029,-2.4,-4.7,-7.2,-1.2
2008/2009,58680000,69929958.12,442114,Sacramento Kings,26,SAC,California,West,Pacific,17,65,0.207,100.6,109.3,-8.6,Bobby Brown,SG,24,442114,517534,47,1,14.4,2,5.3,0.381,0.7,2,0.33,1.3,3.3,0.412,0.443,0.6,0.7,0.765,0.2,0.6,0.8,1.9,0.3,0,1,1.6,5.2,675,7.7,0.468,0.381,0.138,1.4,4.9,3.1,21.1,1.1,0.1,15.2,20.5,-0.5,-0.2,-0.7,-0.047,-3,-5.1,-8.1,-1
2008/2009,58680000,69929958.12,442114,Minnesota Timberwolves,18,MIN,Minnesota,West,Northwest,24,58,0.293,97.8,102.7,-4.74,Bobby Brown,PG,24,442114,517534,21,1,12.2,2.2,5.4,0.416,0.7,1.7,0.389,1.6,3.7,0.429,0.478,0.4,0.4,0.889,0.3,0.5,0.8,1.4,0.3,0.1,0.8,1,5.5,256,11.9,0.496,0.319,0.08,2.6,4.8,3.7,20.6,1.2,0.6,12,23.4,0,0.1,0.1,0.017,-0.9,-3.8,-4.7,-0.2
2008/2009,58680000,69929958.12,442114,#N/A,#N/A,TOT,#N/A,#N/A,#N/A,#N/A,#N/A,#N/A,#N/A,#N/A,#N/A,Dee Brown,PG,24,238567,279263,19,11,13.7,0.9,2.6,0.367,0.4,1.3,0.292,0.6,1.3,0.44,0.439,0.2,0.3,0.6,0.4,1.2,1.5,1.9,0.5,0,0.9,1.5,2.4,261,6.6,0.449,0.49,0.102,3.1,10.1,6.5,19.8,2,0,24.9,11.8,-0.2,0.1,-0.1,-0.018,-3.2,-1.7,-4.9,-0.2
2008/2009,58680000,69929958.12,442114,Washington Wizards,30,WAS,Washington DC,East,Southeast,19,63,0.232,96.1,103.5,-6.98,Dee Brown,PG,24,238567,279263,17,11,13.7,1,2.6,0.386,0.4,1.2,0.3,0.6,1.4,0.458,0.455,0.1,0.2,0.333,0.4,1.2,1.6,1.9,0.6,0,0.8,1.3,2.4,233,7.8,0.452,0.455,0.068,3.4,10.9,7.1,20.6,2.3,0,23.6,11.6,-0.1,0.1,0,-0.006,-2.9,-1.3,-4.2,-0.1
2008/2009,58680000,69929958.12,442114,Phoenix Suns,24,PHO,Arizona,West,Pacific,46,36,0.561,109.4,107.5,1.62,Dee Brown,PG,24,238567,279263,2,0,14,0.5,2.5,0.2,0.5,2,0.25,0,0.5,0,0.3,1,1,1,0,0.5,0.5,1.5,0,0,1.5,3,2.5,28,-2.9,0.425,0.8,0.4,0,4,2.1,13.1,0,0,33.8,14,-0.1,0,-0.1,-0.116,-6,-4.5,-10.5,-0.1
2008/2009,58680000,69929958.12,442114,New Orleans Hornets,19,NOH,Louisiana,West,Southwest,49,33,0.598,95.8,94.3,1.41,Devin Brown,SG,30,998398,1168716,63,5,13.8,1.8,5,0.355,0.4,1.5,0.289,1.3,3.4,0.384,0.399,1.2,1.6,0.78,0.5,1.4,1.9,0.9,0.5,0.1,0.9,1.3,5.2,869,9.7,0.459,0.31,0.319,4.3,12.2,8.3,10.2,2,0.5,13.1,22.8,-0.8,1,0.1,0.007,-3.8,-1.3,-5,-0.7
2008/2009,58680000,69929958.12,442114,Detroit Pistons,9,DET,Michigan,East,Central,39,43,0.476,94.2,94.7,-0.36,Kwame Brown,C,26,4000000,4682366,58,30,17.2,1.6,2.9,0.533,0,0,,1.6,2.9,0.533,0.533,1.1,2.1,0.516,1.6,3.4,5,0.6,0.4,0.4,0.9,2.4,4.2,999,11.5,0.546,0,0.722,10.7,24,17.2,4.9,1.3,1.9,18.3,13,0.5,1.4,1.9,0.093,-3.1,1.2,-1.9,0
2008/2009,58680000,69929958.12,442114,#N/A,#N/A,TOT,#N/A,#N/A,#N/A,#N/A,#N/A,#N/A,#N/A,#N/A,#N/A,Shannon Brown,SG,23,797581,933641,48,0,9.9,1.6,3.4,0.473,0.3,0.8,0.378,1.3,2.7,0.5,0.515,0.7,0.8,0.821,0.2,0.7,0.9,0.8,0.5,0.1,0.8,0.9,4.2,477,12.9,0.554,0.224,0.236,2.8,8.1,5.5,13.7,2.5,1.2,17.3,21.4,0.1,0.6,0.7,0.067,-2.2,-0.7,-2.9,-0.1
2008/2009,58680000,69929958.12,442114,Charlotte Bobcats,4,CHA,North Carolina,East,Southeast,35,47,0.427,93.6,94.9,-1.2,Shannon Brown,SG,23,797581,933641,30,0,11.4,1.9,4.1,0.455,0.3,0.9,0.286,1.6,3.2,0.505,0.488,0.8,1,0.8,0.3,0.5,0.8,0.9,0.6,0.2,1,1.1,4.8,341,12.1,0.529,0.228,0.244,2.9,5.8,4.4,14.8,2.9,1.2,17.6,22.9,-0.1,0.4,0.3,0.041,-2.6,-0.6,-3.3,-0.1
2008/2009,58680000,69929958.12,442114,Los Angeles Lakers,14,LAL,California,West,Pacific,65,17,0.793,106.9,99.3,7.11,Shannon Brown,SG,23,797581,933641,18,0,7.6,1.2,2.3,0.524,0.3,0.5,0.667,0.9,1.8,0.485,0.595,0.4,0.5,0.889,0.2,0.9,1.1,0.6,0.2,0.1,0.5,0.5,3.2,136,15,0.631,0.214,0.214,2.5,13.9,8.3,10.9,1.5,1.1,16.4,17.8,0.2,0.2,0.4,0.131,-1.2,-0.7,-1.9,0
2008/2009,58680000,69929958.12,442114,Los Angeles Lakers,14,LAL,California,West,Pacific,65,17,0.793,106.9,99.3,7.11,Kobe Bryant,SG,30,21262500,24889703,82,82,36.1,9.8,20.9,0.467,1.4,4.1,0.351,8.3,16.8,0.496,0.502,5.9,6.9,0.856,1.1,4.1,5.2,4.9,1.5,0.5,2.6,2.3,26.8,2960,24.4,0.561,0.196,0.329,3.5,12.8,8.2,23.8,2.1,1,9.7,32.2,8.6,4,12.7,0.206,4.8,-0.2,4.5,4.9
2008/2009,58680000,69929958.12,442114,Memphis Grizzlies,15,MEM,Tennessee,West,Southwest,24,58,0.293,93.9,99.3,-5.23,Greg Buckner,SF,32,4010005,4694078,63,0,13.9,1,2.5,0.384,0.2,0.8,0.255,0.8,1.7,0.444,0.425,0.3,0.4,0.8,0.5,1.6,2.1,0.9,0.5,0.1,0.6,1.7,2.5,878,6.3,0.456,0.321,0.157,4.4,13.9,9.1,9.9,1.8,0.7,18.3,11.1,-0.4,0.7,0.3,0.019,-3.6,0.4,-3.2,-0.3
2008/2009,58680000,69929958.12,442114,Washington Wizards,30,WAS,Washington DC,East,Southeast,19,63,0.232,96.1,103.5,-6.98,Caron Butler,SG,28,9249980,10827948,67,67,38.6,7.3,16.2,0.453,1,3.1,0.31,6.4,13.1,0.487,0.482,5.1,6,0.858,1.8,4.4,6.2,4.3,1.6,0.3,3.1,2.5,20.8,2585,18.8,0.552,0.194,0.371,5.2,13.8,9.4,19.7,2.2,0.6,14.3,25.9,3.4,1.1,4.5,0.083,2.6,-0.8,1.8,2.5
2008/2009,58680000,69929958.12,442114,New Orleans Hornets,19,NOH,Louisiana,West,Southwest,49,33,0.598,95.8,94.3,1.41,Rasual Butler,SF,29,3630000,4249247,82,74,31.9,4.2,9.8,0.433,1.7,4.4,0.39,2.5,5.4,0.468,0.521,1,1.3,0.782,0.6,2.7,3.3,0.9,0.6,0.7,0.7,1.9,11.2,2614,11.8,0.541,0.447,0.137,2.3,10.2,6.3,4.8,1.1,2,6.5,16.8,2.2,2.4,4.6,0.084,-0.3,-0.2,-0.5,1
2008/2009,58680000,69929958.12,442114,Los Angeles Lakers,14,LAL,California,West,Pacific,65,17,0.793,106.9,99.3,7.11,Andrew Bynum,C,21,2769300,3241719,50,50,28.9,5.6,10,0.56,0,0,,5.6,10,0.56,0.56,3,4.3,0.707,2.7,5.2,8,1.4,0.4,1.8,1.7,3.1,14.3,1446,20,0.598,0,0.428,10.8,20.1,15.6,7.7,0.6,4.8,12.5,20.7,3.2,2.3,5.5,0.184,0.2,1.6,1.9,1.4
2008/2009,58680000,69929958.12,442114,Detroit Pistons,9,DET,Michigan,East,Central,39,43,0.476,94.2,94.7,-0.36,Will Bynum,PG,26,711517,832895,57,1,14.1,2.7,6,0.456,0.1,0.3,0.158,2.7,5.7,0.474,0.461,1.7,2.1,0.798,0.3,1,1.3,2.8,0.6,0,1.3,1.5,7.2,803,17.4,0.52,0.056,0.348,2.8,8.4,5.5,35.3,2.3,0.2,16.2,27.9,0.5,0.8,1.3,0.078,0.2,-1.9,-1.7,0.1
2008/2009,58680000,69929958.12,442114,Toronto Raptors,28,TOR,Ontario,East,Atlantic,33,49,0.402,99,101.9,-2.54,Jose Calderon,PG,27,7438018,8706881,68,68,34.3,4.7,9.5,0.497,1.2,3,0.406,3.5,6.5,0.538,0.561,2.2,2.3,0.981,0.2,2.6,2.9,8.9,1.1,0.1,2.1,1.7,12.8,2333,18.8,0.613,0.314,0.239,0.8,8.9,4.9,41,1.7,0.2,16.7,16.9,6.2,1.3,7.5,0.154,3.3,-2.4,0.9,1.7
2008/2009,58680000,69929958.12,442114,Los Angeles Clippers,13,LAC,California,West,Pacific,19,63,0.232,95.1,103.9,-8.47,Marcus Camby,C,34,10000000,11705915,62,55,31,4.1,8,0.512,0,0.1,0.25,4.1,7.9,0.514,0.513,2.1,2.9,0.725,2.6,8.5,11.1,2,0.8,2.1,1.5,2.1,10.3,1925,18.7,0.556,0.008,0.367,9.4,32.7,20.7,10.8,1.4,5.1,13.9,15.8,2.3,2.9,5.2,0.129,-2,3.7,1.8,1.8
2008/2009,58680000,69929958.12,442114,Minnesota Timberwolves,18,MIN,Minnesota,West,Northwest,24,58,0.293,97.8,102.7,-4.74,Brian Cardinal,PF,31,6300000,7374727,64,4,14.2,1,2.6,0.385,0.5,1.4,0.326,0.5,1.2,0.455,0.473,0.5,0.5,0.857,0.6,1.6,2.2,1.2,0.6,0.2,0.8,2.1,3,909,8.1,0.515,0.544,0.207,4.8,13.8,9.1,12.3,2.1,1.1,20.7,11.5,0.1,0.7,0.9,0.045,-1.8,1,-0.8,0.3
2008/2009,58680000,69929958.12,442114,Minnesota Timberwolves,18,MIN,Minnesota,West,Northwest,24,58,0.293,97.8,102.7,-4.74,Rodney Carney,SG,24,1655760,1938218,67,6,17.9,2.6,6.3,0.416,1.2,3.4,0.35,1.4,2.9,0.492,0.509,0.7,1,0.758,0.5,1.3,1.9,0.4,0.7,0.4,0.6,1.4,7.2,1199,12.1,0.532,0.534,0.156,3.4,9.1,6.1,3.6,2,1.9,8.7,18.6,0.7,0.8,1.5,0.059,-0.2,-1.2,-1.5,0.2
2008/2009,58680000,69929958.12,442114,#N/A,#N/A,TOT,#N/A,#N/A,#N/A,#N/A,#N/A,#N/A,#N/A,#N/A,#N/A,Matt Carroll,SG,28,5050000,5911487,55,10,11.2,1.2,3.1,0.38,0.2,1,0.245,0.9,2.1,0.441,0.418,0.4,0.5,0.84,0.1,1.1,1.3,0.5,0.4,0.1,0.6,1.2,3,616,5.5,0.451,0.31,0.146,1.4,12.2,6.8,7.2,1.8,0.8,15.3,16.4,-0.8,0.7,-0.1,-0.008,-5.2,-0.2,-5.4,-0.5
2008/2009,58680000,69929958.12,442114,Charlotte Bobcats,4,CHA,North Carolina,East,Southeast,35,47,0.427,93.6,94.9,-1.2,Matt Carroll,SG,28,5050000,5911487,34,10,14,1.6,4.1,0.406,0.4,1.3,0.267,1.3,2.7,0.473,0.449,0.4,0.6,0.789,0.1,1.5,1.6,0.7,0.5,0.1,0.8,1.6,4.1,475,7,0.475,0.326,0.138,1.3,12.9,7.2,8.4,2.1,0.9,15.1,17.1,-0.5,0.6,0.1,0.015,-4.5,0.2,-4.3,-0.3
2008/2009,58680000,69929958.12,442114,Dallas Mavericks,7,DAL,Texas,West,Southwest,50,32,0.61,101.7,99.8,1.68,Matt Carroll,SG,28,5050000,5911487,21,0,6.7,0.4,1.6,0.273,0,0.4,0.125,0.4,1.2,0.32,0.288,0.3,0.3,1,0.1,0.6,0.7,0.1,0.1,0,0.3,0.7,1.2,141,0.5,0.351,0.242,0.182,1.6,9.7,5.7,2.9,1.1,0.5,16.4,13.9,-0.3,0.1,-0.2,-0.084,-7.8,-1.2,-9,-0.2
2008/2009,58680000,69929958.12,442114,Denver Nuggets,8,DEN,Colorado,West,Northwest,54,28,0.659,104.3,100.9,3.13,Anthony Carter,PG,33,1147533,1343292,78,5,22.9,2.1,4.9,0.433,0.3,1.1,0.239,1.9,3.8,0.49,0.46,0.7,1,0.731,0.5,2.1,2.6,4.7,1.2,0.2,2,1.8,5.3,1787,10.8,0.49,0.228,0.202,2.7,10.4,6.7,29.9,2.7,0.6,26.9,14.3,-0.3,2.1,1.8,0.047,-2.2,0.3,-1.8,0.1
2008/2009,58680000,69929958.12,442114,New Jersey Nets,3,NJN,New Jersey,East,Atlantic,34,48,0.415,98.1,100.5,-2.31,Vince Carter,SG,32,14724125,17235936,80,80,36.8,7.4,16.8,0.437,1.9,4.9,0.385,5.5,11.9,0.459,0.493,4.2,5.1,0.817,0.9,4.2,5.1,4.7,1,0.5,2.1,2.9,20.8,2946,19.3,0.545,0.291,0.305,3,13.8,8.3,23.7,1.5,1.1,9.8,26.8,5.7,1.8,7.5,0.123,3.5,-0.9,2.5,3.4
2008/2009,58680000,69929958.12,442114,Miami Heat,16,MIA,Florida,East,Southeast,43,39,0.524,98.3,98,0.49,Mario Chalmers,PG,22,700000,819414,82,82,32,3.4,8.1,0.42,1.4,3.8,0.367,2,4.3,0.467,0.506,1.8,2.4,0.767,0.5,2.3,2.8,4.9,2,0.1,2,2.9,10,2626,13.3,0.548,0.47,0.292,1.7,8.8,5.2,23.5,3.3,0.2,18.1,16.3,2.1,3.1,5.2,0.095,0.4,0.3,0.8,1.8
2008/2009,58680000,69929958.12,442114,New Orleans Hornets,19,NOH,Louisiana,West,Southwest,49,33,0.598,95.8,94.3,1.41,Tyson Chandler,C,26,11350000,13286214,45,45,32.1,3.6,6.3,0.565,0,0,,3.6,6.3,0.565,0.565,1.7,3,0.579,3.6,5.1,8.7,0.5,0.3,1.2,1.6,3.2,8.8,1445,13.4,0.581,0,0.47,13.7,19.2,16.4,2.4,0.6,3.3,17,13.7,1.7,1.7,3.4,0.114,-1.8,0.9,-0.9,0.4
2008/2009,58680000,69929958.12,442114,New York Knicks,20,NYK,New York,East,Atlantic,32,50,0.39,105.2,107.8,-2.33,Wilson Chandler,SF,21,1173480,1373665,82,70,33.4,5.5,12.9,0.432,1.3,3.8,0.328,4.3,9,0.476,0.481,2.1,2.6,0.795,1.1,4.3,5.4,2.1,0.9,0.9,1.7,3,14.4,2735,12.9,0.515,0.298,0.204,3.5,14.7,8.9,9.9,1.3,2,10.8,20.5,1,2.1,3.1,0.054,-1.2,0.3,-0.9,0.8
2008/2009,58680000,69929958.12,442114,Atlanta Hawks,1,ATL,Georgia,East,Southeast,47,35,0.573,98.1,96.5,1.7,Speedy Claxton,PG,30,5757818,6740053,2,0,7.5,1,3.5,0.286,0,0,,1,3.5,0.286,0.286,0.5,1,0.5,0,0,0,1.5,0,0,0,0.5,2.5,15,5.7,0.317,0,0.286,0,0,0,32.4,0,0,0,24.6,0,0,0,-0.083,-8.3,-10.7,-19.1,-0.1
2008/2009,58680000,69929958.12,442114,Utah Jazz,29,UTA,Utah,West,Northwest,48,34,0.585,103.6,100.9,2.31,Jarron Collins,C,30,2074302,2428160,26,3,7.7,0.6,1.3,0.457,0,0,,0.6,1.3,0.457,0.457,0.3,0.4,0.727,0.8,0.7,1.4,0.3,0.1,0,0.3,1.3,1.5,201,5.8,0.502,0,0.314,11.9,10.1,11,4.9,0.5,0.4,18.4,10.9,0.1,0.1,0.2,0.047,-2.9,-1,-3.9,-0.1
2008/2009,58680000,69929958.12,442114,Minnesota Timberwolves,18,MIN,Minnesota,West,Northwest,24,58,0.293,97.8,102.7,-4.74,Jason Collins,C,30,6200000,7257667,31,22,13.6,0.7,2.3,0.314,0,0,,0.7,2.3,0.314,0.314,0.4,0.9,0.464,0.9,1.4,2.3,0.4,0.3,0.4,0.4,2.4,1.8,422,3.3,0.346,0,0.4,7.5,12.1,9.7,3.7,1.1,2.4,12.7,10.1,-0.4,0.3,-0.2,-0.018,-5.7,0.9,-4.8,-0.3
2008/2009,58680000,69929958.12,442114,#N/A,#N/A,TOT,#N/A,#N/A,#N/A,#N/A,#N/A,#N/A,#N/A,#N/A,#N/A,Mardy Collins,PG-SG,24,1034760,1211281,48,14,18.5,2.2,5.1,0.425,0.3,0.6,0.419,1.9,4.5,0.426,0.451,0.6,1,0.609,0.6,1.6,2.2,2.3,0.6,0.2,1.2,1.7,5.2,890,9.5,0.47,0.126,0.186,3.9,10.1,6.9,19.8,1.8,0.8,17.8,16.6,-0.5,0.4,-0.1,-0.003,-3.6,-0.7,-4.2,-0.5
2008/2009,58680000,69929958.12,442114,New York Knicks,20,NYK,New York,East,Atlantic,32,50,0.39,105.2,107.8,-2.33,Mardy Collins,SG,24,1034760,1211281,9,0,8.3,0.9,2.6,0.348,0,0.3,0,0.9,2.2,0.4,0.348,0.4,1,0.444,0.2,0.7,0.9,1.1,0.2,0,0.6,0.8,2.2,75,5,0.371,0.13,0.391,2.8,9.1,5.8,19.3,1.3,0,15.6,18.5,-0.2,0,-0.1,-0.077,-6.6,-2.1,-8.7,-0.1
2008/2009,58680000,69929958.12,442114,Los Angeles Clippers,13,LAC,California,West,Pacific,19,63,0.232,95.1,103.9,-8.47,Mardy Collins,PG,24,1034760,1211281,39,14,20.9,2.5,5.7,0.433,0.3,0.7,0.464,2.2,5,0.429,0.462,0.6,0.9,0.649,0.7,1.8,2.5,2.6,0.7,0.3,1.4,1.9,5.9,815,9.9,0.481,0.125,0.165,4,10.2,7,19.9,1.9,0.9,18.1,16.4,-0.3,0.4,0.1,0.004,-3.3,-0.6,-3.8,-0.4
2008/2009,58680000,69929958.12,442114,Oklahoma City Thunder,21,OKC,Oklahoma,West,Northwest,23,59,0.28,97,103.1,-6.04,Nick Collison,C,28,6350000,7433256,71,40,25.8,3.4,6,0.568,0,0,0,3.4,6,0.57,0.568,1.4,1.9,0.721,2.5,4.3,6.9,0.9,0.7,0.7,1,3.4,8.2,1831,14.8,0.599,0.005,0.318,11.2,19.7,15.4,5.8,1.4,2,13,13.5,3,2,5,0.13,-0.5,1,0.6,1.2
2008/2009,58680000,69929958.12,442114,Memphis Grizzlies,15,MEM,Tennessee,West,Southwest,24,58,0.293,93.9,99.3,-5.23,Mike Conley,PG,21,3630480,4249809,82,61,30.6,3.9,8.9,0.442,1.1,2.6,0.406,2.9,6.3,0.458,0.503,2,2.4,0.817,0.3,3.1,3.4,4.3,1.1,0.1,1.7,1.8,10.9,2508,14.3,0.548,0.297,0.27,1.2,12.5,6.8,23.7,1.9,0.3,14.9,17.9,2.7,1.9,4.5,0.086,0.5,-0.7,-0.2,1.1
2008/2009,58680000,69929958.12,442114,#N/A,#N/A,TOT,#N/A,#N/A,#N/A,#N/A,#N/A,#N/A,#N/A,#N/A,#N/A,Brian Cook,PF,28,3500000,4097070,30,0,5.7,0.9,2.5,0.368,0.4,1,0.433,0.5,1.5,0.326,0.454,0.2,0.2,0.833,0.2,0.8,1.1,0.2,0.1,0.1,0.4,0.9,2.5,171,7.6,0.47,0.395,0.079,4.8,16.1,10.6,5.1,0.9,1.3,14.2,24.8,-0.3,0.3,0,-0.001,-5.3,-1.7,-6.9,-0.2
2008/2009,58680000,69929958.12,442114,Orlando Magic,22,ORL,Florida,East,Southeast,59,23,0.72,101,94.4,6.48,Brian Cook,PF,28,3500000,4097070,21,0,7,1.1,2.9,0.383,0.5,1.2,0.44,0.6,1.7,0.343,0.475,0.2,0.3,0.833,0.3,1,1.3,0.2,0.1,0,0.5,1.1,3,146,7.6,0.495,0.417,0.1,4.8,15.8,10.4,4.7,1.1,0,14.9,23.3,-0.2,0.2,0.1,0.019,-4.5,-2,-6.5,-0.2
2008/2009,58680000,69929958.12,442114,Houston Rockets,11,HOU,Texas,West,Southwest,53,29,0.646,98.4,94.4,3.73,Brian Cook,PF,28,3500000,4097070,9,0,2.8,0.6,1.8,0.313,0.2,0.6,0.4,0.3,1.2,0.273,0.375,0,0,,0.1,0.4,0.6,0.1,0,0.3,0.2,0.3,1.3,25,7.4,0.375,0.313,0,4.9,17.9,11.7,7.3,0,8.7,11.1,33.5,-0.1,0,-0.1,-0.12,-9.6,-0.2,-9.8,0
2008/2009,58680000,69929958.12,442114,Miami Heat,16,MIA,Florida,East,Southeast,43,39,0.524,98.3,98,0.49,Daequan Cook,SF,21,1273200,1490397,75,4,24.4,3.2,8.6,0.375,2,5.3,0.387,1.2,3.3,0.356,0.494,0.7,0.7,0.875,0.3,2.3,2.5,0.9,0.5,0.1,0.6,1.7,9.1,1833,10.3,0.512,0.612,0.087,1.2,11.2,6.2,6.2,1.1,0.4,5.9,18.2,0.9,1.3,2.2,0.056,-0.7,-2.3,-3,-0.5
2008/2009,58680000,69929958.12,442114,#N/A,#N/A,TOT,#N/A,#N/A,#N/A,#N/A,#N/A,#N/A,#N/A,#N/A,#N/A,Jamal Crawford,PG-SG,28,8640000,10113911,65,65,38.1,6.4,15.7,0.41,2.2,6.1,0.36,4.3,9.7,0.441,0.479,4.6,5.3,0.872,0.4,2.6,3,4.4,0.9,0.2,2.3,1.4,19.7,2479,15.1,0.545,0.386,0.337,1,7.5,4.2,18.1,1.1,0.4,11.2,22.8,3.3,0,3.3,0.065,1.7,-3.4,-1.7,0.2
2008/2009,58680000,69929958.12,442114,New York Knicks,20,NYK,New York,East,Atlantic,32,50,0.39,105.2,107.8,-2.33,Jamal Crawford,SG,28,8640000,10113911,11,11,35.6,6.6,15.4,0.432,3.2,7,0.455,3.5,8.4,0.413,0.536,3.2,4.2,0.761,0.2,1.4,1.5,4.4,0.8,0,2.4,1.2,19.6,392,15.7,0.571,0.456,0.272,0.5,4.3,2.4,20,1.1,0,12.1,23.9,0.6,0.1,0.7,0.083,1.7,-4,-2.3,0
2008/2009,58680000,69929958.12,442114,Golden State Warriors,10,GSW,California,West,Pacific,29,53,0.354,108.6,112.3,-3.8,Jamal Crawford,PG,28,8640000,10113911,54,54,38.6,6.4,15.8,0.406,2,5.9,0.338,4.4,9.9,0.446,0.468,4.9,5.5,0.889,0.4,2.9,3.3,4.4,0.9,0.2,2.3,1.5,19.7,2087,15,0.541,0.372,0.349,1.1,8.1,4.6,17.8,1.1,0.4,11,22.6,2.7,-0.1,2.7,0.061,1.7,-3.2,-1.6,0.2
2008/2009,58680000,69929958.12,442114,New York Knicks,20,NYK,New York,East,Atlantic,32,50,0.39,105.2,107.8,-2.33,0,SF,22,#N/A,#N/A,2,0,11.5,1.5,5,0.3,0.5,2,0.25,1,3,0.333,0.35,1,1,1,0.5,1.5,2,0.5,0.5,0,0,1,4.5,23,10.8,0.414,0.4,0.2,4.6,14.8,9.5,6.5,2.2,0,0,20.6,0,0,0,0.037,-3,-2.6,-5.6,0
2008/2009,58680000,69929958.12,442114,#N/A,#N/A,TOT,#N/A,#N/A,#N/A,#N/A,#N/A,#N/A,#N/A,#N/A,#N/A,Javaris Crittenton,PG-SG,21,1381560,1617242,63,10,18.6,2.1,4.5,0.46,0,0.2,0.133,2,4.3,0.478,0.463,0.8,1.5,0.576,0.9,1.7,2.6,2.4,0.6,0.1,1.3,1.6,5,1174,10.4,0.487,0.053,0.323,5.6,11.2,8.3,19.8,1.8,0.4,20.1,15.8,-0.3,0.3,0,0,-2.6,-1.1,-3.6,-0.5
2008/2009,58680000,69929958.12,442114,Memphis Grizzlies,15,MEM,Tennessee,West,Southwest,24,58,0.293,93.9,99.3,-5.23,Javaris Crittenton,SG,21,1381560,1617242,7,0,6.3,1,2.1,0.467,0,0.1,0,1,2,0.5,0.467,0.7,1.6,0.455,0.6,0.3,0.9,0.7,0.1,0,0.4,0.7,2.7,44,13.2,0.479,0.067,0.733,11,5.7,8.4,20.1,1.2,0,13.1,24.3,0,0,0,0.025,-1,-3.3,-4.3,0
2008/2009,58680000,69929958.12,442114,Washington Wizards,30,WAS,Washington DC,East,Southeast,19,63,0.232,96.1,103.5,-6.98,Javaris Crittenton,PG,21,1381560,1617242,56,10,20.2,2.2,4.8,0.459,0,0.3,0.143,2.2,4.6,0.477,0.463,0.9,1.4,0.593,0.9,1.9,2.9,2.6,0.7,0.1,1.4,1.7,5.3,1130,10.3,0.488,0.052,0.3,5.4,11.4,8.3,19.7,1.8,0.4,20.5,15.5,-0.3,0.3,0,0,-2.6,-1,-3.6,-0.5
2008/2009,58680000,69929958.12,442114,#N/A,#N/A,TOT,#N/A,#N/A,#N/A,#N/A,#N/A,#N/A,#N/A,#N/A,#N/A,Austin Croshere,PF,33,601436,704035,14,0,7.1,1,2.8,0.359,0.4,1.1,0.333,0.6,1.7,0.375,0.423,0.5,0.9,0.583,0.8,1.6,2.4,0.6,0.1,0.1,0.4,0.4,2.9,100,14.2,0.452,0.385,0.308,12.7,28.1,20.1,14.4,0.5,0.8,11.9,23,0,0.1,0.1,0.052,-1.8,-1,-2.9,0
2008/2009,58680000,69929958.12,442114,Milwaukee Bucks,17,MIL,Wisconsin,East,Central,34,48,0.415,99.3,100.4,-0.88,Austin Croshere,PF,33,601436,704035,11,0,7,1.1,2.7,0.4,0.5,1,0.455,0.6,1.7,0.368,0.483,0.6,1,0.636,0.6,1.5,2.2,0.5,0.1,0.1,0.4,0.4,3.3,77,17.2,0.517,0.367,0.367,10.3,27.3,18.4,12.9,0.7,1.1,10.3,22.6,0.1,0.1,0.2,0.117,-0.2,-1.3,-1.5,0
2008/2009,58680000,69929958.12,442114,San Antonio Spurs,27,SAS,Texas,West,Southwest,54,28,0.659,97,93.3,3.36,Austin Croshere,PF,33,601436,704035,3,0,7.7,0.7,3,0.222,0,1.3,0,0.7,1.7,0.4,0.222,0,0.3,0,1.3,2,3.3,1,0,0,0.7,0.3,1.3,23,4.3,0.212,0.444,0.111,21,30.7,25.9,19.3,0,0,17.5,24.1,-0.1,0,-0.1,-0.166,-7.4,-0.1,-7.5,0
2008/2009,58680000,69929958.12,442114,New York Knicks,20,NYK,New York,East,Atlantic,32,50,0.39,105.2,107.8,-2.33,Eddy Curry,C,26,9723983,11382812,3,0,4,0.7,0.7,1,0,0,,0.7,0.7,1,1,0.3,1,0.333,0,1.3,1.3,0,0,0,0.7,1.7,1.7,12,2.8,0.753,0,1.5,0,37.7,18.2,0,0,0,37.6,19.3,0,0,0,-0.064,-11.5,-5.8,-17.3,0
2008/2009,58680000,69929958.12,442114,Philadelphia 76ers,23,PHI,Pennsylvania,East,Atlantic,41,41,0.5,97.4,97.3,0.16,Samuel Dalembert,C,27,11238564,13155768,82,82,24.8,2.6,5.3,0.498,0,0,0,2.6,5.3,0.5,0.498,1.1,1.5,0.734,2.6,5.9,8.5,0.2,0.4,1.8,1.4,3,6.4,2036,13.2,0.535,0.005,0.286,12.5,28.9,20.6,1.4,0.9,5.8,19.3,13.6,0.5,3.5,4,0.095,-4.2,1.7,-2.5,-0.3
2008/2009,58680000,69929958.12,442114,Dallas Mavericks,7,DAL,Texas,West,Southwest,50,32,0.61,101.7,99.8,1.68,Erick Dampier,C,33,11553000,13523844,80,80,23,2.3,3.5,0.65,0,0,,2.3,3.5,0.65,0.65,1.1,1.8,0.638,2.7,4.4,7.1,1,0.3,1.2,0.9,2.4,5.7,1836,15.7,0.664,0,0.504,13.6,21.6,17.7,6.1,0.7,3.8,17.8,10.4,3.9,2.3,6.1,0.161,0.4,2.5,2.9,2.3
2008/2009,58680000,69929958.12,442114,#N/A,#N/A,TOT,#N/A,#N/A,#N/A,#N/A,#N/A,#N/A,#N/A,#N/A,#N/A,Antonio Daniels,PG,33,6200000,7257667,74,9,13.8,1.3,3.2,0.419,0.3,0.8,0.367,1,2.4,0.438,0.466,1.1,1.4,0.8,0.1,1,1,2.4,0.4,0,0.8,0.7,4.1,1021,12.1,0.536,0.254,0.424,0.6,8.5,4.5,26.9,1.4,0.1,18.1,15.9,0.9,0.6,1.5,0.068,-2.2,-2.8,-5,-0.8
2008/2009,58680000,69929958.12,442114,Washington Wizards,30,WAS,Washington DC,East,Southeast,19,63,0.232,96.1,103.5,-6.98,Antonio Daniels,PG,33,6200000,7257667,13,5,22.2,1.4,3.5,0.4,0.4,0.8,0.455,1,2.6,0.382,0.456,1.9,2.5,0.758,0,1.7,1.7,3.6,0.5,0,1,1.1,5.1,288,10.8,0.554,0.244,0.733,0,9.2,4.5,23.4,1.3,0,17.9,11.5,0.3,0,0.3,0.053,-2.1,-3.1,-5.2,-0.2
2008/2009,58680000,69929958.12,442114,New Orleans Hornets,19,NOH,Louisiana,West,Southwest,49,33,0.598,95.8,94.3,1.41,Antonio Daniels,PG,33,6200000,7257667,61,4,12,1.3,3.1,0.424,0.3,0.8,0.347,1,2.3,0.451,0.469,0.9,1.1,0.821,0.1,0.8,0.9,2.1,0.3,0,0.8,0.7,3.8,733,12.6,0.531,0.257,0.351,0.8,8.2,4.5,28.3,1.4,0.1,18.2,17.7,0.6,0.6,1.1,0.074,-2.2,-2.7,-4.9,-0.5
2008/2009,58680000,69929958.12,442114,Indiana Pacers,12,IND,Indiana,East,Central,36,46,0.439,105.1,106.2,-0.76,Marquis Daniels,SF,28,6864200,8035174,54,43,31.5,5.8,12.8,0.451,0.3,1.7,0.2,5.4,11.1,0.489,0.464,1.7,2.4,0.721,1.5,3.1,4.6,2.1,1.1,0.5,1.7,2.2,13.6,1700,12.8,0.491,0.131,0.187,5.1,11,8,10.7,1.8,1.1,11.2,21.5,-0.1,1.4,1.3,0.037,-1.6,-0.3,-1.9,0
2008/2009,58680000,69929958.12,442114,Golden State Warriors,10,GSW,California,West,Pacific,29,53,0.354,108.6,112.3,-3.8,Jermareo Davidson,SF,24,422725,494838,14,0,7.9,1.2,2.5,0.486,0,0,,1.2,2.5,0.486,0.486,0.6,1.2,0.471,0.7,1.7,2.4,0.1,0.1,0.2,0.4,0.9,3,111,12.3,0.494,0,0.486,9.8,23.5,16.7,1.4,0.9,1.9,10.5,18.3,0,0.1,0.1,0.036,-5.4,-4.1,-9.4,-0.2
2008/2009,58680000,69929958.12,442114,Los Angeles Clippers,13,LAC,California,West,Pacific,19,63,0.232,95.1,103.9,-8.47,Baron Davis,PG,29,11250000,13169155,65,60,34.6,5.5,14.8,0.37,1.5,5,0.302,3.9,9.7,0.406,0.422,2.4,3.2,0.757,0.7,3,3.7,7.7,1.7,0.5,3,3,14.9,2248,14.5,0.46,0.342,0.219,2.3,10.2,6.1,38.1,2.5,1.2,15.5,25.2,-0.9,1.5,0.6,0.013,0.5,-1,-0.5,0.9
2008/2009,58680000,69929958.12,442114,Boston Celtics,2,BOS,Massachusetts,East,Atlantic,62,20,0.756,100.9,93.4,7.44,Glen Davis,C,23,711517,832895,76,16,21.5,2.6,5.9,0.442,0,0.1,0.4,2.6,5.9,0.443,0.444,1.7,2.3,0.73,1.6,2.4,4,0.9,0.7,0.3,0.9,3,7,1637,10.7,0.502,0.011,0.396,9.4,12.8,11.2,6.5,1.7,0.9,11.8,17.1,1,2.7,3.7,0.108,-2.1,1.1,-1,0.4
2008/2009,58680000,69929958.12,442114,Los Angeles Clippers,13,LAC,California,West,Pacific,19,63,0.232,95.1,103.9,-8.47,Paul Davis,PF,24,328416,384441,27,1,11.9,1.5,3.6,0.408,0,0,0,1.5,3.6,0.412,0.408,1,1.3,0.794,1,1.4,2.5,0.4,0.4,0.1,0.5,1.6,4,320,10.7,0.474,0.01,0.347,9.8,14.5,12.1,6.1,1.6,0.7,10.3,17.9,0.1,0.2,0.2,0.037,-3.9,-1.7,-5.6,-0.3
2008/2009,58680000,69929958.12,442114,Los Angeles Clippers,13,LAC,California,West,Pacific,19,63,0.232,95.1,103.9,-8.47,Ricky Davis,SG,29,2300000,2692360,36,9,21.8,2.3,6.8,0.339,1,3.1,0.315,1.3,3.7,0.358,0.41,0.9,1,0.861,0.3,1.4,1.7,2.3,0.5,0.1,1.1,1.8,6.4,785,7.1,0.445,0.453,0.147,1.3,7.7,4.4,16.4,1.3,0.5,13,17.4,-0.6,0.2,-0.4,-0.027,-3.2,-2.5,-5.7,-0.7
2008/2009,58680000,69929958.12,442114,Chicago Bulls,5,CHI,Illinois,East,Central,41,41,0.5,102.2,102.5,-0.16,Luol Deng,SF,23,9385000,10986002,49,46,34,5.4,12.1,0.448,0.2,0.4,0.4,5.2,11.7,0.45,0.455,3.1,3.9,0.796,1.6,4.4,6,1.9,1.2,0.5,1.5,1.7,14.1,1665,14.7,0.511,0.034,0.323,5.5,14.7,10.1,9,1.9,1.1,9.6,20,1.3,1.6,3,0.085,-1.1,0.3,-0.8,0.5
2008/2009,58680000,69929958.12,442114,#N/A,#N/A,TOT,#N/A,#N/A,#N/A,#N/A,#N/A,#N/A,#N/A,#N/A,#N/A,Boris Diaw,PF,26,9000000,10535324,81,59,34,5.5,10.9,0.507,0.9,2.2,0.414,4.6,8.7,0.531,0.549,1.2,1.8,0.687,1.5,3.9,5.3,4.1,0.8,0.7,2.7,2.5,13.2,2754,14.4,0.565,0.205,0.166,5.3,13.8,9.6,21.2,1.2,1.6,18.5,19.7,1.9,2.8,4.7,0.082,0.6,1,1.6,2.5
2008/2009,58680000,69929958.12,442114,Phoenix Suns,24,PHO,Arizona,West,Pacific,46,36,0.561,109.4,107.5,1.62,Boris Diaw,PF,26,9000000,10535324,22,0,24.5,3.6,6.4,0.567,0.2,0.6,0.357,3.4,5.8,0.591,0.585,0.8,1.2,0.692,1.1,2.7,3.8,2.1,0.5,0.4,1.7,1.8,8.3,538,12.5,0.6,0.099,0.184,5.4,12.5,9.1,12.1,1,1.2,19.5,15.5,0.5,0.2,0.7,0.062,-0.4,-0.4,-0.8,0.2
2008/2009,58680000,69929958.12,442114,Charlotte Bobcats,4,CHA,North Carolina,East,Southeast,35,47,0.427,93.6,94.9,-1.2,Boris Diaw,PF,26,9000000,10535324,59,59,37.6,6.2,12.6,0.495,1.2,2.8,0.419,5.1,9.8,0.517,0.542,1.4,2.1,0.686,1.6,4.3,5.9,4.9,0.8,0.7,3,2.8,15.1,2216,14.9,0.558,0.225,0.163,5.3,14.1,9.7,23.4,1.2,1.6,18.3,20.8,1.4,2.6,4,0.086,0.8,1.3,2.1,2.3
2008/2009,58680000,69929958.12,442114,Miami Heat,16,MIA,Florida,East,Southeast,43,39,0.524,98.3,98,0.49,Yakhouba Diawara,SF,26,875000,1024267,63,21,13.5,1.2,3.4,0.35,0.8,2.6,0.313,0.4,0.9,0.463,0.468,0.2,0.3,0.526,0.4,0.9,1.3,0.4,0.2,0.1,0.3,1.2,3.4,851,6.4,0.473,0.751,0.088,3.6,7.9,5.8,4.7,0.8,0.6,6.6,13.3,0.1,0.4,0.5,0.029,-2,-2.2,-4.2,-0.5
2008/2009,58680000,69929958.12,442114,Indiana Pacers,12,IND,Indiana,East,Central,36,46,0.439,105.1,106.2,-0.76,Travis Diener,PG,26,1620000,1896358,55,0,13.1,1.3,3.3,0.413,0.8,2.1,0.39,0.5,1.1,0.459,0.542,0.2,0.3,0.8,0.1,1.5,1.6,2.2,0.5,0.1,0.4,0.8,3.7,719,13.7,0.555,0.659,0.084,0.9,12.4,6.6,23.9,1.8,0.5,10.2,12.5,1.3,0.6,1.9,0.125,0.8,-1.3,-0.5,0.3
2008/2009,58680000,69929958.12,442114,#N/A,#N/A,TOT,#N/A,#N/A,#N/A,#N/A,#N/A,#N/A,#N/A,#N/A,#N/A,Ike Diogu,PF,25,2912823,3409726,29,1,7.4,1.3,2.6,0.527,0,0.1,0.5,1.3,2.5,0.528,0.534,1.4,1.8,0.755,0.9,1,1.9,0.1,0.1,0.1,0.4,0.8,4.1,215,20.3,0.611,0.027,0.716,14.4,16.6,15.5,2.7,0.7,1.1,11,23.2,0.6,0.1,0.7,0.158,-0.4,-5.2,-5.6,-0.2
2008/2009,58680000,69929958.12,442114,Portland Trail Blazers,25,POR,Oregon,West,Northwest,54,28,0.659,99.4,94.1,5,Ike Diogu,PF,25,2912823,3409726,19,0,3.8,0.3,1,0.316,0,0,,0.3,1,0.316,0.316,0.8,1.1,0.75,0.6,0.3,0.9,0,0.1,0.1,0.3,0.5,1.4,73,11.4,0.486,0,1.053,20.1,8.6,14.4,0,0.8,2.2,17.8,21.8,0,0.1,0.1,0.057,-4.6,-5.2,-9.7,-0.1
2008/2009,58680000,69929958.12,442114,Sacramento Kings,26,SAC,California,West,Pacific,17,65,0.207,100.6,109.3,-8.6,Ike Diogu,PF,25,2912823,3409726,10,1,14.2,3.3,5.5,0.6,0.1,0.2,0.5,3.2,5.3,0.604,0.609,2.5,3.3,0.758,1.4,2.5,3.9,0.3,0.2,0.1,0.6,1.4,9.2,142,24.9,0.662,0.036,0.6,11.4,20.7,16,4.1,0.7,0.5,7.9,23.8,0.6,0,0.6,0.21,1.8,-5.2,-3.4,-0.1
2008/2009,58680000,69929958.12,442114,#N/A,#N/A,TOT,#N/A,#N/A,#N/A,#N/A,#N/A,#N/A,#N/A,#N/A,#N/A,DeSagana Diop,C,27,5585000,6537754,75,1,13.8,1,2.3,0.433,0,0,,1,2.3,0.433,0.433,0.3,0.9,0.333,1.5,2.1,3.6,0.4,0.4,0.7,0.5,1.7,2.3,1036,9.7,0.425,0,0.386,13.3,18.2,15.8,4.6,1.5,4.3,16.3,10.8,-0.2,1.6,1.4,0.065,-3.9,3,-0.9,0.3
2008/2009,58680000,69929958.12,442114,Dallas Mavericks,7,DAL,Texas,West,Southwest,50,32,0.61,101.7,99.8,1.68,DeSagana Diop,C,27,5585000,6537754,34,0,13.3,0.6,1.7,0.379,0,0,,0.6,1.7,0.379,0.379,0.4,0.9,0.414,1.3,2.1,3.5,0.4,0.4,0.7,0.3,1.6,1.6,452,8.9,0.396,0,0.5,11.5,18.4,15,3.9,1.4,4.1,13.5,8.3,0.1,0.6,0.7,0.07,-3.8,3,-0.8,0.1
2008/2009,58680000,69929958.12,442114,Charlotte Bobcats,4,CHA,North Carolina,East,Southeast,35,47,0.427,93.6,94.9,-1.2,DeSagana Diop,C,27,5585000,6537754,41,1,14.2,1.3,2.8,0.46,0,0,,1.3,2.8,0.46,0.46,0.2,0.9,0.27,1.7,2.1,3.8,0.5,0.4,0.8,0.7,1.8,2.8,584,10.3,0.441,0,0.327,14.7,18.1,16.4,5.2,1.6,4.4,17.8,12.7,-0.2,1,0.7,0.06,-4,3,-1,0.1
2008/2009,58680000,69929958.12,442114,Washington Wizards,30,WAS,Washington DC,East,Southeast,19,63,0.232,96.1,103.5,-6.98,Juan Dixon,PG,30,998398,1168716,50,6,16.3,2,5.1,0.395,0.5,1.5,0.333,1.5,3.6,0.42,0.443,0.7,0.8,0.872,0.2,1.2,1.3,2.4,0.7,0.1,1.4,1.5,5.2,816,9.3,0.478,0.293,0.152,1.1,8.7,4.8,22.7,2.3,0.6,20.4,19.1,-0.8,0.2,-0.5,-0.031,-3.2,-2.4,-5.6,-0.8
2008/2009,58680000,69929958.12,442114,New Jersey Nets,3,NJN,New Jersey,East,Atlantic,34,48,0.415,98.1,100.5,-2.31,Keyon Dooling,PG,28,3300000,3862952,77,18,26.9,3.4,7.8,0.436,1.3,3.1,0.421,2.1,4.7,0.446,0.519,1.6,2,0.825,0.3,1.7,2,3.5,0.9,0.1,1.4,1.8,9.7,2074,13.6,0.562,0.393,0.258,1.4,7.6,4.5,21.3,1.8,0.3,13.6,17.4,2.8,0.9,3.7,0.085,0.8,-1.9,-1.1,0.4
2008/2009,58680000,69929958.12,442114,Houston Rockets,11,HOU,Texas,West,Southwest,53,29,0.646,98.4,94.4,3.73,Joey Dorsey,PF,25,816500,955788,3,0,2,0.3,0.7,0.5,0,0,,0.3,0.7,0.5,0.5,0,0,,0,0.3,0.3,0.3,0,0,0,0,0.7,6,16.1,0.5,0,0,0,18.7,9.7,28.7,0,0,0,15.5,0,0,0,0.156,-1.7,-1.3,-3.1,0
2008/2009,58680000,69929958.12,442114,#N/A,#N/A,TOT,#N/A,#N/A,#N/A,#N/A,#N/A,#N/A,#N/A,#N/A,#N/A,Quincy Douby,PG,24,1427040,1670481,27,0,11.1,1.6,4.1,0.382,0.5,1.7,0.304,1,2.4,0.438,0.445,0.6,0.7,0.895,0.2,1,1.2,0.9,0.2,0.2,0.5,1,4.3,300,10.2,0.486,0.418,0.173,2.3,10.2,6.2,13.6,0.9,1.2,9.9,19.8,0,0,0,0.008,-2.2,-3.7,-5.9,-0.3
2008/2009,58680000,69929958.12,442114,Sacramento Kings,26,SAC,California,West,Pacific,17,65,0.207,100.6,109.3,-8.6,Quincy Douby,PG,24,1427040,1670481,20,0,11.4,1.5,4.4,0.341,0.5,1.9,0.27,1,2.6,0.392,0.398,0.7,0.8,0.933,0.2,1.1,1.3,0.7,0.1,0.3,0.3,1.2,4.2,227,8,0.444,0.42,0.17,1.5,11.4,6.4,9.3,0.4,1.6,6,19.9,-0.1,0,-0.1,-0.024,-3.5,-4,-7.6,-0.3
2008/2009,58680000,69929958.12,442114,Toronto Raptors,28,TOR,Ontario,East,Atlantic,33,49,0.402,99,101.9,-2.54,Quincy Douby,PG,24,1427040,1670481,7,0,10.4,1.7,3.1,0.545,0.6,1.3,0.444,1.1,1.9,0.615,0.636,0.4,0.6,0.75,0.4,0.6,1,1.7,0.4,0,1,0.6,4.4,73,17,0.652,0.409,0.182,4.9,6.4,5.6,27.1,2.1,0,22.8,19.4,0.1,0,0.2,0.106,1.9,-2.5,-0.7,0
2008/2009,58680000,69929958.12,442114,New Jersey Nets,3,NJN,New Jersey,East,Atlantic,34,48,0.415,98.1,100.5,-2.31,Chris Douglas-Roberts,SG,22,442411,517882,44,3,13.3,1.8,4,0.46,0.1,0.3,0.25,1.8,3.7,0.476,0.469,1.2,1.4,0.823,0.3,0.8,1.1,1.2,0.3,0.2,0.7,0.8,4.9,585,12.2,0.531,0.068,0.352,2.8,7.4,5.1,14.8,1.1,1,13.2,18.7,0.4,0.2,0.6,0.046,-2.7,-2.3,-5,-0.4
2008/2009,58680000,69929958.12,442114,Phoenix Suns,24,PHO,Arizona,West,Pacific,46,36,0.561,109.4,107.5,1.62,Goran Dragic,PG,22,1700000,1990005,55,1,13.2,1.6,4.1,0.393,0.4,1,0.37,1.2,3.1,0.4,0.438,0.9,1.2,0.769,0.6,1.3,1.9,2,0.5,0.1,1.3,1.6,4.5,728,9.8,0.487,0.241,0.29,5.5,10.8,8.3,20.8,2,0.3,22.4,19.7,-0.3,0.4,0.1,0.005,-2.1,-1.2,-3.3,-0.2
2008/2009,58680000,69929958.12,442114,#N/A,#N/A,TOT,#N/A,#N/A,#N/A,#N/A,#N/A,#N/A,#N/A,#N/A,#N/A,Jared Dudley,SF,23,1222320,1430837,68,7,17,2,4.2,0.477,0.4,1.1,0.392,1.6,3.1,0.507,0.528,1,1.5,0.676,1.2,1.8,3,0.8,0.8,0.1,0.6,1.5,5.5,1155,13.5,0.562,0.26,0.368,8.7,12.3,10.5,7.1,2.5,0.5,11.5,14.6,1.6,1.1,2.7,0.114,0.6,0.2,0.8,0.8
2008/2009,58680000,69929958.12,442114,Charlotte Bobcats,4,CHA,North Carolina,East,Southeast,35,47,0.427,93.6,94.9,-1.2,Jared Dudley,SF,23,1222320,1430837,20,7,21.4,2.3,4.8,0.469,0.2,0.4,0.375,2.1,4.4,0.477,0.484,0.8,1.2,0.625,1.3,1.7,3,1,0.9,0.1,0.5,2,5.4,427,10.6,0.507,0.083,0.25,7.3,9.8,8.6,7.3,2.3,0.4,8.6,12.9,0.3,0.5,0.8,0.094,-1.6,1,-0.6,0.1
2008/2009,58680000,69929958.12,442114,Phoenix Suns,24,PHO,Arizona,West,Pacific,46,36,0.561,109.4,107.5,1.62,Jared Dudley,SF,23,1222320,1430837,48,0,15.2,1.9,3.9,0.481,0.5,1.4,0.394,1.4,2.6,0.528,0.55,1.2,1.7,0.691,1.2,1.9,3,0.8,0.8,0.1,0.7,1.4,5.5,728,15.2,0.588,0.349,0.429,9.5,13.7,11.7,7,2.7,0.6,12.8,15.6,1.3,0.6,1.9,0.126,1.9,-0.3,1.6,0.7
2008/2009,58680000,69929958.12,442114,New York Knicks,20,NYK,New York,East,Atlantic,32,50,0.39,105.2,107.8,-2.33,Chris Duhon,PG,26,5585000,6537754,79,78,36.8,3.6,8.6,0.421,1.6,4.1,0.391,2,4.5,0.449,0.515,2.3,2.6,0.856,0.6,2.5,3.1,7.2,0.9,0.1,2.8,1.6,11.1,2906,12.2,0.569,0.477,0.307,1.6,7.8,4.6,27.9,1.2,0.2,22.2,14.9,3.1,1,4.2,0.069,0.1,-1.5,-1.4,0.4
2008/2009,58680000,69929958.12,442114,San Antonio Spurs,27,SAS,Texas,West,Southwest,54,28,0.659,97,93.3,3.36,Tim Duncan,C,32,20598704,24112669,75,75,33.7,7.4,14.8,0.504,0,0,0,7.4,14.7,0.505,0.504,4.5,6.4,0.692,2.7,8,10.7,3.5,0.5,1.7,2.2,2.3,19.3,2524,24.4,0.549,0.002,0.436,9.6,27.9,18.9,19.3,0.8,3.7,11.1,28.5,5,5,10.1,0.191,1.1,3.5,4.6,4.2
2008/2009,58680000,69929958.12,442114,Indiana Pacers,12,IND,Indiana,East,Central,36,46,0.439,105.1,106.2,-0.76,Mike Dunleavy,SG,28,9000000,10535324,18,14,27.5,5.2,12.9,0.401,1.8,5,0.356,3.4,7.9,0.43,0.47,2.9,3.6,0.815,0.8,3,3.8,2.4,0.7,0.5,2.1,2,15.1,495,14.4,0.52,0.388,0.28,3.1,12.1,7.6,14.2,1.2,1.3,12.7,26.3,0.1,0.4,0.5,0.048,-0.1,-2,-2.1,0
2008/2009,58680000,69929958.12,442114,Oklahoma City Thunder,21,OKC,Oklahoma,West,Northwest,23,59,0.28,97,103.1,-6.04,Kevin Durant,SF,20,4484040,5248979,74,74,39,8.9,18.8,0.476,1.3,3.1,0.422,7.6,15.7,0.486,0.51,6.1,7.1,0.863,1,5.5,6.5,2.8,1.3,0.7,3,1.8,25.3,2885,20.8,0.577,0.165,0.377,3,16.4,9.6,13.5,1.7,1.4,12.2,28.3,5.2,2.7,7.9,0.132,2.2,-0.5,1.8,2.8
2008/2009,58680000,69929958.12,442114,Golden State Warriors,10,GSW,California,West,Pacific,29,53,0.354,108.6,112.3,-3.8,Monta Ellis,SG,23,11000000,12876507,25,25,35.7,7.8,17.2,0.451,0.3,1,0.308,7.4,16.2,0.46,0.46,3.1,3.8,0.83,0.6,3.8,4.3,3.7,1.6,0.3,2.7,2.7,19,892,14.5,0.503,0.06,0.219,1.7,11.5,6.6,17.5,2.1,0.6,12.4,25.8,-0.1,0.3,0.2,0.012,-1.5,-1.8,-3.3,-0.3
2008/2009,58680000,69929958.12,442114,Milwaukee Bucks,17,MIL,Wisconsin,East,Central,34,48,0.415,99.3,100.4,-0.88,Francisco Elson,C,32,1700000,1990005,59,23,16.6,1.4,2.9,0.491,0,0.1,0.25,1.4,2.8,0.497,0.494,0.6,0.7,0.846,1.7,2.2,3.9,0.5,0.6,0.6,0.8,2.4,3.4,977,10.3,0.537,0.024,0.231,11.6,16.3,13.8,4.8,1.9,3.1,20.5,10.8,0.5,1.3,1.8,0.089,-2.5,2.7,0.1,0.5
2008/2009,58680000,69929958.12,442114,New Orleans Hornets,19,NOH,Louisiana,West,Southwest,49,33,0.598,95.8,94.3,1.41,Melvin Ely,C,30,998398,1168716,31,4,12,1.2,3.1,0.389,0,0,,1.2,3.1,0.389,0.389,0.7,1.2,0.639,1,1.1,2.1,0.6,0.1,0.3,0.7,1.9,3.1,373,6,0.438,0,0.379,9.7,11,10.4,7.6,0.3,2,17.2,17.3,-0.3,0.3,-0.1,-0.008,-5.6,-0.7,-6.2,-0.4
2008/2009,58680000,69929958.12,442114,Atlanta Hawks,1,ATL,Georgia,East,Southeast,47,35,0.573,98.1,96.5,1.7,Maurice Evans,SF,30,2500000,2926478,80,25,23,2.6,6,0.432,1.2,3.1,0.395,1.4,2.9,0.47,0.533,0.8,0.9,0.822,1.1,1.9,3,0.7,0.6,0.1,0.5,2,7.2,1840,11.1,0.558,0.515,0.151,5.6,9.9,7.7,4.6,1.5,0.4,7.7,14.2,2.3,1.5,3.8,0.099,0.5,-1,-0.5,0.7
2008/2009,58680000,69929958.12,442114,Philadelphia 76ers,23,PHI,Pennsylvania,East,Atlantic,41,41,0.5,97.4,97.3,0.16,Reggie Evans,PF,28,4640000,5431545,79,7,14.4,1,2.3,0.444,0,0,0,1,2.2,0.446,0.444,1.3,2.2,0.594,1.7,2.9,4.6,0.3,0.5,0.1,0.9,2,3.3,1137,10.4,0.514,0.006,0.983,14.1,24,19,3.3,1.9,0.6,21.3,13,0.3,1.6,1.9,0.079,-3.3,0.1,-3.1,-0.3
2008/2009,58680000,69929958.12,442114,Los Angeles Lakers,14,LAL,California,West,Pacific,65,17,0.793,106.9,99.3,7.11,Jordan Farmar,PG,22,1080000,1264238,65,0,18.3,2.5,6.3,0.391,0.8,2.2,0.336,1.7,4.1,0.421,0.45,0.7,1.2,0.584,0.3,1.5,1.8,2.4,0.9,0.2,1.3,1.6,6.4,1192,9.9,0.466,0.354,0.187,2.1,8.9,5.5,18.6,2.4,0.6,16.3,19.6,-0.7,1.5,0.8,0.034,-2.4,-0.5,-2.9,-0.3
2008/2009,58680000,69929958.12,442114,San Antonio Spurs,27,SAS,Texas,West,Southwest,54,28,0.659,97,93.3,3.36,Desmon Farmer,SG,27,83708,97987,3,0,18,1.3,4.7,0.286,1,4,0.25,0.3,0.7,0.5,0.393,0.7,0.7,1,0,2,2,0.7,0,0,1.3,2,4.3,54,0.4,0.437,0.857,0.143,0,13.1,6.6,5.4,0,0,21.2,16.9,-0.1,0.1,-0.1,-0.071,-6.2,-2.2,-8.4,-0.1
2008/2009,58680000,69929958.12,442114,Charlotte Bobcats,4,CHA,North Carolina,East,Southeast,35,47,0.427,93.6,94.9,-1.2,Raymond Felton,PG,24,4148716,4856452,82,81,37.6,5.4,13.2,0.408,0.7,2.5,0.285,4.7,10.7,0.437,0.435,2.7,3.3,0.805,0.7,3.1,3.8,6.7,1.5,0.4,2.8,2.3,14.2,3086,13.7,0.483,0.191,0.251,2.2,10.2,6.2,31.1,2.2,0.8,15.9,21.9,0.6,3.7,4.3,0.066,-0.6,0.5,-0.1,1.4
2008/2009,58680000,69929958.12,442114,Portland Trail Blazers,25,POR,Oregon,West,Northwest,54,28,0.659,99.4,94.1,5,Rudy Fernandez,SG,23,1084080,1269014,78,4,25.6,3.4,8.1,0.425,2,5.1,0.399,1.4,3,0.47,0.552,1.5,1.8,0.839,0.6,2.1,2.7,2,0.9,0.2,1.1,1.4,10.4,1993,15.5,0.588,0.632,0.227,2.9,10.1,6.4,12.7,1.9,0.5,11,18.4,4.3,1.8,6.1,0.147,3.6,-0.6,3.1,2.5
2008/2009,58680000,69929958.12,442114,Utah Jazz,29,UTA,Utah,West,Northwest,48,34,0.585,103.6,100.9,2.31,Kyrylo Fesenko,C,22,810000,948179,21,1,7.4,1,1.7,0.583,0,0,,1,1.7,0.583,0.583,0.3,1,0.333,0.7,1.1,1.8,0.2,0.3,0.7,0.4,1.7,2.3,156,13,0.542,0,0.583,10.7,17.6,14.2,3.9,2.3,7.6,16.6,15.6,0,0.3,0.3,0.095,-3.4,3.8,0.4,0.1
2008/2009,58680000,69929958.12,442114,San Antonio Spurs,27,SAS,Texas,West,Southwest,54,28,0.659,97,93.3,3.36,Michael Finley,SF,35,2500000,2926478,81,77,28.8,3.7,8.5,0.437,1.6,3.9,0.411,2.1,4.6,0.459,0.532,0.6,0.8,0.823,0.3,3,3.3,1.4,0.5,0.2,0.8,1,9.7,2336,11.4,0.547,0.463,0.09,1.3,12.3,6.9,7.7,0.9,0.5,7.8,16.1,1.6,2.8,4.4,0.091,-0.6,0.1,-0.5,0.9
2008/2009,58680000,69929958.12,442114,Los Angeles Lakers,14,LAL,California,West,Pacific,65,17,0.793,106.9,99.3,7.11,Derek Fisher,PG,34,4700000,5501780,82,82,29.8,3.6,8.4,0.424,1.5,3.7,0.397,2.1,4.7,0.446,0.512,1.3,1.6,0.846,0.3,2,2.3,3.2,1.2,0.1,0.9,2.3,9.9,2441,12.1,0.546,0.439,0.189,1.2,7.4,4.4,14.9,2,0.2,8.8,14.7,3.6,2.7,6.3,0.123,0.9,-0.3,0.6,1.6
2008/2009,58680000,69929958.12,442114,Indiana Pacers,12,IND,Indiana,East,Central,36,46,0.439,105.1,106.2,-0.76,TJ Ford,PG,25,8000000,9364732,74,49,30.5,5.6,12.3,0.452,0.5,1.4,0.337,5.1,10.9,0.467,0.472,3.3,3.8,0.872,0.8,2.7,3.5,5.3,1.2,0.2,2.4,2.4,14.9,2258,16.6,0.533,0.114,0.308,2.9,9.8,6.3,27.6,2,0.5,14.8,23.5,2.6,1.7,4.3,0.092,0.7,-0.9,-0.2,1
2008/2009,58680000,69929958.12,442114,Indiana Pacers,12,IND,Indiana,East,Central,36,46,0.439,105.1,106.2,-0.76,Jeff Foster,C,32,5500000,6438253,74,26,24.7,2.4,4.8,0.501,0,0.1,0.286,2.4,4.7,0.506,0.504,1.3,2,0.658,2.9,4,6.9,1.8,0.7,0.7,1.2,3.1,6.1,1828,13,0.542,0.02,0.414,12.8,17.8,15.3,9.9,1.4,2,17.4,12,2.3,1.9,4.2,0.111,-0.5,2.1,1.6,1.7
2008/2009,58680000,69929958.12,442114,Minnesota Timberwolves,18,MIN,Minnesota,West,Northwest,24,58,0.293,97.8,102.7,-4.74,Randy Foye,SG,25,2815560,3295870,70,61,35.6,5.7,14,0.407,1.6,4.4,0.36,4.1,9.6,0.428,0.463,3.3,3.9,0.846,0.5,2.6,3.1,4.3,1,0.4,2.1,2.9,16.3,2494,13.7,0.517,0.314,0.277,1.5,8.8,5,20.5,1.5,0.8,12,22.6,2,1.1,3.1,0.059,0.9,-1.3,-0.4,1
2008/2009,58680000,69929958.12,442114,#N/A,#N/A,TOT,#N/A,#N/A,#N/A,#N/A,#N/A,#N/A,#N/A,#N/A,#N/A,Adonal Foyle,C,33,8062275,9437630,10,0,6.2,0.7,1.1,0.636,0,0,,0.7,1.1,0.636,0.636,0.3,0.6,0.5,0.9,1.7,2.6,0.1,0,0.8,0.3,0.5,1.7,62,19.7,0.623,0,0.545,16.8,30.1,23.6,2.6,0,9.3,18,12.4,0.1,0.2,0.3,0.212,-3.5,4,0.5,0
2008/2009,58680000,69929958.12,442114,Orlando Magic,22,ORL,Florida,East,Southeast,59,23,0.72,101,94.4,6.48,Adonal Foyle,C,33,8062275,9437630,9,0,6.6,0.8,1.2,0.636,0,0,,0.8,1.2,0.636,0.636,0.3,0.7,0.5,1,1.9,2.9,0.1,0,0.9,0.3,0.4,1.9,59,21,0.623,0,0.545,17.7,31.7,24.8,2.7,0,9.7,18,13,0.1,0.2,0.3,0.223,-3.3,4.3,0.9,0
2008/2009,58680000,69929958.12,442114,Memphis Grizzlies,15,MEM,Tennessee,West,Southwest,24,58,0.293,93.9,99.3,-5.23,Adonal Foyle,C,33,8062275,9437630,1,0,3,0,0,,0,0,,0,0,,,0,0,,0,0,0,0,0,0,0,1,0,3,-6.3,,,,0,0,0,0,0,0,,0,0,0,0,-0.003,-6.4,-0.3,-6.7,0
2008/2009,58680000,69929958.12,442114,Portland Trail Blazers,25,POR,Oregon,West,Northwest,54,28,0.659,99.4,94.1,5,Channing Frye,PF,25,3163769,3703481,63,1,11.8,1.8,4.2,0.423,0.2,0.5,0.333,1.6,3.7,0.436,0.444,0.4,0.6,0.722,0.7,1.6,2.2,0.4,0.3,0.3,0.5,1.7,4.2,746,10,0.465,0.124,0.135,6.7,16.7,11.6,5.3,1.3,1.7,9.3,19.7,0,0.8,0.8,0.054,-3.4,-0.8,-4.3,-0.4
2008/2009,58680000,69929958.12,442114,Milwaukee Bucks,17,MIL,Wisconsin,East,Central,34,48,0.415,99.3,100.4,-0.88,Dan Gadzuric,C,30,6250195,7316425,67,26,14,1.7,3.6,0.48,0,0,0,1.7,3.6,0.483,0.48,0.6,1,0.544,1.4,2.4,3.8,0.6,0.5,0.6,0.6,2.4,4,941,12.2,0.495,0.008,0.279,11.4,21,16,6.5,1.8,3.8,13,15,0.4,1.4,1.8,0.094,-3,2.4,-0.6,0.3
2008/2009,58680000,69929958.12,442114,New York Knicks,20,NYK,New York,East,Atlantic,32,50,0.39,105.2,107.8,-2.33,Danilo Gallinari,SG,20,2873520,3363718,28,2,14.7,2,4.5,0.448,1.1,2.6,0.444,0.9,1.9,0.453,0.576,0.9,1,0.963,0.5,1.5,2,0.5,0.5,0.1,0.5,1.7,6.1,412,13.4,0.621,0.576,0.216,3.3,11.5,7.3,5.5,1.7,0.7,9.9,16,0.7,0.3,1,0.119,0.7,-1.3,-0.6,0.1
2008/2009,58680000,69929958.12,442114,Sacramento Kings,26,SAC,California,West,Pacific,17,65,0.207,100.6,109.3,-8.6,Francisco Garcia,SF,27,1983454,2321814,65,36,30.4,4.5,10.2,0.444,1.4,3.4,0.398,3.2,6.8,0.466,0.51,2.2,2.7,0.82,0.9,2.5,3.4,2.3,1.2,1,1.7,3,12.7,1975,14.1,0.554,0.332,0.268,3.3,9.6,6.4,12.6,2.1,2.5,13.1,19.4,1.7,0.7,2.4,0.058,0.3,-0.4,-0.1,0.9
2008/2009,58680000,69929958.12,442114,Atlanta Hawks,1,ATL,Georgia,East,Southeast,47,35,0.573,98.1,96.5,1.7,Thomas Gardner,SG,23,711517,832895,16,0,6.1,0.6,2.3,0.25,0.3,1.4,0.174,0.3,0.8,0.385,0.306,0.1,0.3,0.5,0,0.4,0.4,0.1,0.3,0.1,0.2,0.3,1.5,98,1.5,0.318,0.639,0.111,0,8.4,4.2,3.1,2.2,0.8,7.4,19.5,-0.3,0.1,-0.2,-0.12,-7.1,-2.6,-9.7,-0.2
2008/2009,58680000,69929958.12,442114,Boston Celtics,2,BOS,Massachusetts,East,Atlantic,62,20,0.756,100.9,93.4,7.44,Kevin Garnett,PF,32,24751934,28974405,57,57,31.1,6.9,13,0.531,0,0.1,0.25,6.9,12.8,0.534,0.532,1.9,2.3,0.841,1.4,7.1,8.5,2.5,1.1,1.2,1.6,2.2,15.8,1772,21.2,0.563,0.011,0.178,5.6,26.7,16.6,14.7,1.9,3.1,10.1,23.4,3,4.1,7.1,0.193,0.2,3.7,4,2.7
2008/2009,58680000,69929958.12,442114,Memphis Grizzlies,15,MEM,Tennessee,West,Southwest,24,58,0.293,93.9,99.3,-5.23,Marc Gasol,C,24,3093333,3621029,82,75,30.7,4.3,8.1,0.53,0,0,0,4.3,8,0.53,0.53,3.4,4.6,0.733,2.5,4.9,7.4,1.7,0.8,1.1,2,3.2,11.9,2521,16.7,0.59,0.002,0.567,9.6,20,14.7,9.7,1.3,2.9,16.6,18.3,3.7,2.7,6.4,0.121,-0.2,1.5,1.2,2.1
2008/2009,58680000,69929958.12,442114,Los Angeles Lakers,14,LAL,California,West,Pacific,65,17,0.793,106.9,99.3,7.11,Pau Gasol,C,28,15106000,17682956,81,81,37,7.3,12.9,0.567,0,0,0.5,7.3,12.9,0.567,0.567,4.2,5.4,0.781,3.2,6.4,9.6,3.5,0.6,1,1.9,2.1,18.9,2999,22.2,0.617,0.002,0.42,10,19.3,14.7,14.8,0.9,2.1,11.3,20.4,9.8,4.2,13.9,0.223,3.3,1.7,5,5.3
2008/2009,58680000,69929958.12,442114,Memphis Grizzlies,15,MEM,Tennessee,West,Southwest,24,58,0.293,93.9,99.3,-5.23,Rudy Gay,SF,22,2579400,3019423,79,78,37.3,7.2,16,0.453,1.1,3.1,0.351,6.2,12.9,0.477,0.487,3.3,4.4,0.767,1.4,4.2,5.5,1.7,1.2,0.7,2.6,2.8,18.9,2945,15.3,0.528,0.192,0.273,4.5,13.9,9.1,8.7,1.8,1.6,12.6,25.6,0.7,2.6,3.3,0.054,-0.7,-0.7,-1.4,0.5
2008/2009,58680000,69929958.12,442114,Dallas Mavericks,7,DAL,Texas,West,Southwest,50,32,0.61,101.7,99.8,1.68,Devean George,SF,31,1600000,1872946,43,17,16.5,1.3,3.3,0.38,0.5,1.8,0.289,0.7,1.5,0.485,0.458,0.4,0.5,0.773,0.6,1.2,1.8,0.3,0.5,0.3,0.4,1.3,3.4,708,7,0.485,0.535,0.155,4.1,8.5,6.3,3,1.7,1.1,10.1,10.9,0.1,0.6,0.6,0.042,-2,0.2,-1.8,0
2008/2009,58680000,69929958.12,442114,Cleveland Cavaliers,6,CLE,Ohio,East,Central,66,16,0.805,100.3,91.4,8.68,Daniel Gibson,PG,22,3700000,4331188,75,0,23.9,2.7,7,0.391,1.4,3.8,0.382,1.3,3.3,0.402,0.493,0.9,1.1,0.767,0.4,1.7,2.1,1.8,0.6,0.2,0.8,2.2,7.8,1795,10.1,0.519,0.537,0.163,2.1,7.9,5.1,11.3,1.3,0.7,9.7,16.5,1.5,2.3,3.8,0.101,-0.3,-0.4,-0.7,0.6
2008/2009,58680000,69929958.12,442114,Boston Celtics,2,BOS,Massachusetts,East,Atlantic,62,20,0.756,100.9,93.4,7.44,JR Giddens,SF,23,957120,1120396,6,0,1.3,0.3,0.5,0.667,0,0,,0.3,0.5,0.667,0.667,0,0,,0.3,0.2,0.5,0,0.2,0,0.2,0.2,0.7,8,26,0.667,0,0,31.9,14.5,22.8,0,6.6,0,25,23.3,0,0,0,0.201,1.4,-2.1,-0.7,0
2008/2009,58680000,69929958.12,442114,Milwaukee Bucks,17,MIL,Wisconsin,East,Central,34,48,0.415,99.3,100.4,-0.88,Eddie Gill,PG,30,387613,453736,6,0,7.2,1,1.5,0.667,0.3,0.5,0.667,0.7,1,0.667,0.778,0,0,,0,0.7,0.7,1.8,0.5,0.2,0.8,1.7,2.3,43,15.5,0.778,0.333,0,0,11.5,5.5,41.2,3.6,1.9,35.7,14.6,0.1,0.1,0.1,0.155,-0.5,-0.9,-1.4,0
2008/2009,58680000,69929958.12,442114,San Antonio Spurs,27,SAS,Texas,West,Southwest,54,28,0.659,97,93.3,3.36,Manu Ginobili,SG,31,9905248,11595000,44,7,26.8,5.1,11.2,0.454,1.6,4.8,0.33,3.5,6.4,0.546,0.524,3.8,4.3,0.884,0.5,4,4.5,3.6,1.5,0.4,2,2,15.5,1181,22.9,0.594,0.426,0.387,2.5,17.3,10,23.1,2.9,1,13.3,27.2,2.7,2.3,5,0.203,4.2,1.8,6,2.4
2008/2009,58680000,69929958.12,442114,Minnesota Timberwolves,18,MIN,Minnesota,West,Northwest,24,58,0.293,97.8,102.7,-4.74,Ryan Gomes,SF,26,3650000,4272659,82,76,31.9,5.1,11.9,0.431,1.3,3.5,0.372,3.8,8.4,0.456,0.486,1.8,2.2,0.807,1.3,3.5,4.8,1.6,0.8,0.3,1.6,2.2,13.3,2614,12.5,0.518,0.293,0.186,4.6,13.3,8.8,8.7,1.3,0.6,10.8,20.4,1.3,1.3,2.5,0.046,-0.3,-0.9,-1.3,0.5
2008/2009,58680000,69929958.12,442114,#N/A,#N/A,TOT,#N/A,#N/A,#N/A,#N/A,#N/A,#N/A,#N/A,#N/A,#N/A,Drew Gooden,PF,27,7151183,8371114,51,28,24.8,4.6,9.9,0.468,0,0.1,0,4.6,9.8,0.472,0.468,2.6,3.1,0.84,2.2,4.9,7.1,0.9,0.6,0.4,1.5,2.8,11.9,1264,16.3,0.526,0.008,0.308,10.4,22.6,16.6,6.3,1.2,1,11.7,23.5,1.1,1.6,2.7,0.102,-2.2,-1.3,-3.5,-0.5
2008/2009,58680000,69929958.12,442114,Chicago Bulls,5,CHI,Illinois,East,Central,41,41,0.5,102.2,102.5,-0.16,Drew Gooden,PF,27,7151183,8371114,31,27,29.6,5.2,11.4,0.457,0,0.1,0,5.2,11.3,0.461,0.457,2.7,3.1,0.866,2.6,5.9,8.6,1.4,0.8,0.5,1.8,3.3,13.1,918,15.3,0.514,0.009,0.276,10.3,22.8,16.6,7.7,1.5,1.1,12.6,21.9,0.6,1.1,1.7,0.09,-1.8,-0.3,-2.1,0
2008/2009,58680000,69929958.12,442114,Sacramento Kings,26,SAC,California,West,Pacific,17,65,0.207,100.6,109.3,-8.6,Drew Gooden,PF,27,7151183,8371114,1,0,26,5,9,0.556,0,0,,5,9,0.556,0.556,2,2,1,3,10,13,2,0,0,3,2,12,26,18.7,0.607,0,0.222,13.4,45.2,29.2,13.8,0,0,23.3,22.2,0,0,0,0.082,-3.4,-2.1,-5.6,0
2008/2009,58680000,69929958.12,442114,San Antonio Spurs,27,SAS,Texas,West,Southwest,54,28,0.659,97,93.3,3.36,Drew Gooden,PF,27,7151183,8371114,19,1,16.8,3.7,7.6,0.49,0,0.1,0,3.7,7.6,0.493,0.49,2.4,3,0.789,1.5,2.9,4.4,0.2,0.2,0.2,0.8,2.1,9.8,320,18.8,0.55,0.007,0.393,10.6,20.2,15.5,1.7,0.7,0.9,8.6,28.2,0.5,0.5,0.9,0.139,-3.3,-4.2,-7.5,-0.4
2008/2009,58680000,69929958.12,442114,Chicago Bulls,5,CHI,Illinois,East,Central,41,41,0.5,102.2,102.5,-0.16,Ben Gordon,SG,25,6404750,7497346,82,76,36.6,7.3,16,0.455,2.1,5.1,0.41,5.2,10.9,0.476,0.521,4,4.7,0.864,0.6,2.8,3.5,3.4,0.9,0.3,2.4,2.2,20.7,2999,17,0.573,0.321,0.29,2,8.8,5.4,15.9,1.2,0.5,11.9,25,5.2,1.7,6.9,0.11,2.7,-2.2,0.6,1.9
2008/2009,58680000,69929958.12,442114,Los Angeles Clippers,13,LAC,California,West,Pacific,19,63,0.232,95.1,103.9,-8.47,Eric Gordon,SG,20,2623200,3070695,78,65,34.3,5.3,11.6,0.456,1.7,4.3,0.389,3.6,7.2,0.496,0.529,3.8,4.5,0.854,0.6,2,2.6,2.8,1,0.4,2.1,2.2,16.1,2677,14.9,0.593,0.374,0.388,1.9,6.9,4.3,13.6,1.5,1,13.5,20.7,3.9,0.7,4.6,0.082,1.4,-1.9,-0.4,1.1
2008/2009,58680000,69929958.12,442114,Orlando Magic,22,ORL,Florida,East,Southeast,59,23,0.72,101,94.4,6.48,Marcin Gortat,PF,24,711517,832895,63,3,12.6,1.7,3,0.567,0,0,1,1.7,3,0.565,0.57,0.4,0.7,0.578,1.5,3,4.5,0.2,0.3,0.8,0.4,1.8,3.8,794,17,0.578,0.005,0.241,14,26.3,20.3,2.9,1.2,4.8,10.8,13.5,1.4,1.9,3.3,0.202,-2.3,2.9,0.6,0.5
2008/2009,58680000,69929958.12,442114,Toronto Raptors,28,TOR,Ontario,East,Atlantic,33,49,0.402,99,101.9,-2.54,Joey Graham,SF,26,2449184,2866994,78,10,19.8,3,6.2,0.481,0,0.2,0.188,2.9,5.9,0.491,0.484,1.7,2.1,0.825,1.2,2.5,3.7,0.6,0.4,0.2,0.9,2.4,7.7,1541,11.9,0.542,0.033,0.333,7.3,14.9,11.1,5,1.2,0.6,11.9,18.7,1.1,1.1,2.2,0.068,-2.2,-1.3,-3.5,-0.6
2008/2009,58680000,69929958.12,442114,Indiana Pacers,12,IND,Indiana,East,Central,36,46,0.439,105.1,106.2,-0.76,Stephen Graham,SG,26,826269,967223,52,6,13.2,2,4.9,0.414,0.4,1.3,0.303,1.7,3.7,0.453,0.453,1,1.2,0.806,0.4,1.4,1.8,0.6,0.2,0.1,0.9,1.6,5.4,684,8.5,0.498,0.258,0.242,3.4,12.2,7.7,7.3,0.7,0.4,13.7,20.9,-0.4,0.4,0,0.001,-3.8,-2.9,-6.7,-0.8
2008/2009,58680000,69929958.12,442114,Indiana Pacers,12,IND,Indiana,East,Central,36,46,0.439,105.1,106.2,-0.76,Danny Granger,SF,25,2329805,2727250,67,66,36.2,8.5,19.1,0.447,2.7,6.7,0.404,5.8,12.3,0.47,0.518,6,6.9,0.878,0.7,4.4,5.1,2.7,1,1.4,2.5,3.1,25.8,2424,21.8,0.584,0.352,0.36,2.2,13.4,7.7,13.1,1.4,3,10,29.6,5.6,2.4,8,0.158,3.8,-0.9,2.9,3
2008/2009,58680000,69929958.12,442114,Chicago Bulls,5,CHI,Illinois,East,Central,41,41,0.5,102.2,102.5,-0.16,Aaron Gray,C,24,711517,832895,56,18,12.8,1.4,3,0.485,0,0,0,1.4,3,0.488,0.485,0.6,1.1,0.576,1.5,2.4,3.9,0.8,0.3,0.3,0.7,2.4,3.5,715,11.5,0.508,0.006,0.353,13.5,21.7,17.6,9.6,1,1.8,17.2,14.5,0.5,0.8,1.3,0.086,-2.1,0.6,-1.5,0.1
2008/2009,58680000,69929958.12,442114,Dallas Mavericks,7,DAL,Texas,West,Southwest,50,32,0.61,101.7,99.8,1.68,Gerald Green,SG,23,854957,1000805,38,12,9.9,2.1,4.7,0.439,0.4,1.2,0.304,1.7,3.5,0.485,0.478,0.7,0.8,0.844,0.4,1.1,1.4,0.4,0.3,0.1,0.9,1.3,5.2,376,11.4,0.513,0.256,0.178,4.3,12.1,8.2,6.9,1.4,1,14.5,27.7,-0.3,0.3,0,-0.002,-3.4,-3,-6.4,-0.4
2008/2009,58680000,69929958.12,442114,Oklahoma City Thunder,21,OKC,Oklahoma,West,Northwest,23,59,0.28,97,103.1,-6.04,Jeff Green,PF,22,3287640,3848483,78,78,36.8,6.1,13.7,0.446,1.2,3.2,0.389,4.9,10.5,0.463,0.491,3.1,3.9,0.788,1.5,5.1,6.7,2,1,0.4,2.2,2.6,16.5,2873,13.9,0.536,0.231,0.287,4.7,16.3,10.4,9.1,1.4,0.8,12.6,21.2,1.8,2.4,4.2,0.07,-0.5,-0.4,-0.8,0.8
2008/2009,58680000,69929958.12,442114,Philadelphia 76ers,23,PHI,Pennsylvania,East,Atlantic,41,41,0.5,97.4,97.3,0.16,Willie Green,SG,27,3388000,3965964,81,60,22.6,3.5,8.1,0.435,0.6,2,0.317,2.9,6.1,0.473,0.473,0.8,1,0.729,0.4,1.2,1.6,2,0.7,0.2,0.8,1.9,8.5,1828,11.1,0.493,0.245,0.129,1.9,6.4,4.1,14.4,1.5,0.6,8.4,18.9,1.1,1.2,2.3,0.06,-0.9,-1.7,-2.7,-0.3
2008/2009,58680000,69929958.12,442114,Sacramento Kings,26,SAC,California,West,Pacific,17,65,0.207,100.6,109.3,-8.6,Donte Greene,SF,20,971160,1136831,55,4,13.2,1.4,4.3,0.326,0.5,1.8,0.26,0.9,2.5,0.375,0.381,0.5,0.6,0.853,0.3,1.2,1.6,0.5,0.3,0.3,0.7,1.2,3.8,725,5.2,0.416,0.424,0.144,3,10.9,6.9,6.4,1.1,1.4,12.8,17.8,-1.2,0.1,-1.1,-0.074,-5.1,-2.7,-7.8,-1.1
2008/2009,58680000,69929958.12,442114,Memphis Grizzlies,15,MEM,Tennessee,West,Southwest,24,58,0.293,93.9,99.3,-5.23,Hamed Haddadi,C,23,1572221,1840428,19,0,6.3,0.8,1.6,0.484,0,0,,0.8,1.6,0.484,0.484,0.9,1.6,0.6,0.8,1.6,2.5,0.4,0.1,0.6,0.5,1.1,2.5,120,19.7,0.543,0,0.968,16.1,32.2,24,11.1,0.4,8.1,16.9,20.7,0.2,0.2,0.4,0.142,-2.6,2.7,0.1,0.1
2008/2009,58680000,69929958.12,442114,San Antonio Spurs,27,SAS,Texas,West,Southwest,54,28,0.659,97,93.3,3.36,Malik Hairston,SG,21,351091,410984,15,0,10.3,1.6,3.3,0.49,0,0.1,0,1.6,3.2,0.5,0.49,0.1,0.5,0.286,0.7,1.1,1.9,0.9,0.4,0.5,0.8,1.3,3.3,155,12,0.48,0.02,0.143,8.6,12.9,10.8,13.8,2.1,3.3,18.7,20,-0.1,0.3,0.1,0.045,-4.3,2.7,-1.6,0
2008/2009,58680000,69929958.12,442114,Detroit Pistons,9,DET,Michigan,East,Central,39,43,0.476,94.2,94.7,-0.36,Richard Hamilton,SG,30,10812500,12657021,67,51,34,7,15.6,0.447,1,2.8,0.368,5.9,12.7,0.464,0.48,3.3,3.9,0.848,0.7,2.4,3.1,4.4,0.6,0.1,2,2.6,18.3,2279,16.9,0.529,0.182,0.252,2.3,8.6,5.4,23.9,1,0.1,10.3,27,3.1,1.4,4.5,0.095,2.1,-2.2,-0.1,1.1
2008/2009,58680000,69929958.12,442114,Utah Jazz,29,UTA,Utah,West,Northwest,48,34,0.585,103.6,100.9,2.31,Matt Harpring,SG,32,6000000,7023549,63,2,11,1.8,3.8,0.461,0,0,0,1.8,3.8,0.464,0.461,0.9,1.1,0.764,0.7,1.2,2,0.4,0.5,0.1,0.5,1.6,4.4,693,12.3,0.508,0.008,0.299,8.1,13.1,10.6,6.4,2.2,1,9.6,19.5,0.4,0.8,1.2,0.086,-2.4,-0.6,-3,-0.2
2008/2009,58680000,69929958.12,442114,#N/A,#N/A,TOT,#N/A,#N/A,#N/A,#N/A,#N/A,#N/A,#N/A,#N/A,#N/A,Al Harrington,PF,28,9226250,10800170,73,56,34.9,7.3,16.6,0.439,2.3,6.4,0.364,4.9,10.2,0.487,0.509,3.2,4,0.793,1.4,4.9,6.2,1.4,1.2,0.3,2.2,3.1,20.1,2546,15.9,0.547,0.388,0.243,4.1,15.8,9.8,6.8,1.7,0.6,10.7,25.7,1.9,2,3.9,0.073,0.6,-1.7,-1.1,0.6
2008/2009,58680000,69929958.12,442114,Golden State Warriors,10,GSW,California,West,Pacific,29,53,0.354,108.6,112.3,-3.8,Al Harrington,PF,28,9226250,10800170,5,5,33.2,4.6,14,0.329,2.2,5.6,0.393,2.4,8.4,0.286,0.407,1,2,0.5,2,3.6,5.6,2,1.4,0,1.4,2.8,12.4,166,8.8,0.417,0.4,0.143,6.6,11.8,9.2,8.9,2.1,0,8.6,20.9,-0.2,0.1,-0.1,-0.03,-1.9,-2.7,-4.6,-0.1
2008/2009,58680000,69929958.12,442114,New York Knicks,20,NYK,New York,East,Atlantic,32,50,0.39,105.2,107.8,-2.33,Al Harrington,PF,28,9226250,10800170,68,51,35,7.5,16.8,0.446,2.4,6.5,0.362,5.1,10.3,0.499,0.516,3.4,4.2,0.804,1.3,5,6.3,1.4,1.2,0.3,2.3,3.1,20.7,2380,16.4,0.555,0.387,0.25,4,16.1,9.8,6.6,1.7,0.7,10.8,26,2.1,1.9,4,0.08,0.7,-1.6,-0.8,0.7
2008/2009,58680000,69929958.12,442114,New Jersey Nets,3,NJN,New Jersey,East,Atlantic,34,48,0.415,98.1,100.5,-2.31,Devin Harris,PG,25,7800000,9130614,69,69,36.1,6.6,15.1,0.438,0.9,3.2,0.291,5.7,11.9,0.477,0.469,7.2,8.8,0.82,0.4,2.9,3.3,6.9,1.7,0.2,3.1,2.4,21.3,2494,21.6,0.563,0.212,0.582,1.4,9.7,5.5,34.4,2.4,0.4,14,28.4,5.9,1.7,7.5,0.145,3.9,-1.5,2.5,2.8
2008/2009,58680000,69929958.12,442114,#N/A,#N/A,TOT,#N/A,#N/A,#N/A,#N/A,#N/A,#N/A,#N/A,#N/A,#N/A,Jason Hart,PG,30,2484000,2907749,39,2,8.9,0.8,2.4,0.319,0,0.2,0,0.8,2.3,0.341,0.319,0.5,0.6,0.783,0.3,0.8,1.2,1.2,0.3,0.1,0.6,1,2,348,6.5,0.375,0.064,0.245,4.2,11.2,7.6,20.9,1.8,0.9,17.4,16.5,-0.5,0.2,-0.3,-0.048,-6,-0.9,-6.9,-0.4
2008/2009,58680000,69929958.12,442114,Los Angeles Clippers,13,LAC,California,West,Pacific,19,63,0.232,95.1,103.9,-8.47,Jason Hart,PG,30,2484000,2907749,28,2,11.1,0.9,3,0.298,0,0.1,0,0.9,2.9,0.313,0.298,0.5,0.7,0.789,0.4,1.1,1.5,1.5,0.4,0.1,0.7,1.3,2.3,312,6.1,0.352,0.048,0.226,4.3,11.4,7.8,20.8,2,0.9,17.1,16.3,-0.6,0.2,-0.4,-0.058,-6.4,-0.6,-7,-0.4
2008/2009,58680000,69929958.12,442114,Denver Nuggets,8,DEN,Colorado,West,Northwest,54,28,0.659,104.3,100.9,3.13,Jason Hart,PG,30,2484000,2907749,11,0,3.3,0.5,0.9,0.5,0,0.2,0,0.5,0.7,0.625,0.5,0.3,0.4,0.75,0.1,0.3,0.4,0.5,0,0,0.3,0.4,1.2,36,9.8,0.553,0.2,0.4,3.3,9.4,6.5,21.8,0,0,20.3,18.3,0,0,0,0.043,-2.8,-3.7,-6.5,0
2008/2009,58680000,69929958.12,442114,Miami Heat,16,MIA,Florida,East,Southeast,43,39,0.524,98.3,98,0.49,Udonis Haslem,PF,28,6575000,7696639,75,75,34.1,4.4,8.6,0.518,0,0,,4.4,8.6,0.518,0.518,1.7,2.3,0.753,2.3,6,8.2,1.1,0.6,0.3,1.1,2.7,10.6,2560,13.1,0.553,0,0.264,7.8,21.2,14.4,5.3,0.9,0.8,10.3,14.7,3,2.6,5.7,0.106,-2,0.2,-1.8,0.2
2008/2009,58680000,69929958.12,442114,New Jersey Nets,3,NJN,New Jersey,East,Atlantic,34,48,0.415,98.1,100.5,-2.31,Trenton Hassell,SF,29,4350000,5092073,53,31,20.6,1.6,3.6,0.45,0,0.2,0.25,1.6,3.5,0.459,0.455,0.4,0.5,0.8,0.9,1.8,2.8,1,0.4,0.3,0.6,1.7,3.7,1094,7.2,0.48,0.042,0.131,5.4,10.6,7.9,7.1,1,1.2,12.9,9.9,0.2,0.4,0.7,0.029,-3.3,0.2,-3,-0.3
2008/2009,58680000,69929958.12,442114,Sacramento Kings,26,SAC,California,West,Pacific,17,65,0.207,100.6,109.3,-8.6,Spencer Hawes,C,20,2180760,2552779,77,51,29.3,4.8,10.4,0.466,0.5,1.5,0.348,4.3,8.9,0.486,0.491,1.2,1.8,0.662,1.9,5.2,7.1,1.9,0.6,1.2,2.1,3.2,11.4,2259,13,0.509,0.144,0.17,7.6,20.9,14.2,11.3,1,3.1,15.7,20.2,-0.4,1.2,0.8,0.016,-2.4,0.2,-2.1,-0.1
2008/2009,58680000,69929958.12,442114,Houston Rockets,11,HOU,Texas,West,Southwest,53,29,0.646,98.4,94.4,3.73,Chuck Hayes,C,25,1768000,2069605,71,1,12.1,0.6,1.6,0.372,0,0.1,0,0.6,1.5,0.385,0.372,0.1,0.3,0.368,1,2.5,3.5,0.6,0.5,0.3,0.4,1.9,1.3,858,7.8,0.375,0.035,0.168,10.5,23,17,7,2.1,1.6,17.1,7.9,-0.1,1.7,1.6,0.092,-4.1,4.1,0,0.4
2008/2009,58680000,69929958.12,442114,New Jersey Nets,3,NJN,New Jersey,East,Atlantic,34,48,0.415,98.1,100.5,-2.31,Jarvis Hayes,SF,27,1910000,2235829,74,1,24.8,3.5,7.8,0.445,1.3,3.3,0.385,2.2,4.5,0.489,0.527,0.5,0.7,0.692,0.4,3.2,3.6,0.7,0.7,0.1,0.7,2.2,8.7,1832,10.8,0.537,0.423,0.09,1.7,15.8,8.7,4.9,1.5,0.3,7.6,16.6,1,1.2,2.1,0.055,-1.3,-1.6,-2.8,-0.4
2008/2009,58680000,69929958.12,442114,Washington Wizards,30,WAS,Washington DC,East,Southeast,19,63,0.232,96.1,103.5,-6.98,Brendan Haywood,C,29,5500000,6438253,6,5,29.2,4,8.3,0.48,0,0,,4,8.3,0.48,0.48,1.7,3.5,0.476,2.2,5.2,7.3,1.3,0.7,2.5,1.5,2.3,9.7,175,14.9,0.49,0,0.42,8.5,21.4,14.8,7.3,1.2,7,13.2,17.7,0,0.2,0.2,0.041,-3.8,2.1,-1.7,0
2008/2009,58680000,69929958.12,442114,#N/A,#N/A,TOT,#N/A,#N/A,#N/A,#N/A,#N/A,#N/A,#N/A,#N/A,#N/A,Luther Head,PG-SG,26,1962378,2297143,32,4,15.6,1.7,4.5,0.382,0.6,1.7,0.37,1.1,2.8,0.389,0.451,0.6,0.8,0.792,0.2,1.4,1.6,1.8,0.5,0.1,0.8,1.2,4.7,498,9.9,0.482,0.375,0.167,1.4,10.7,6.2,18.1,1.8,0.3,13.9,16.8,0,0.6,0.6,0.058,-2.6,-0.5,-3,-0.1
2008/2009,58680000,69929958.12,442114,Houston Rockets,11,HOU,Texas,West,Southwest,53,29,0.646,98.4,94.4,3.73,Luther Head,PG,26,1962378,2297143,22,4,14.6,1.8,4.6,0.386,0.6,1.7,0.368,1.1,2.9,0.397,0.455,0.6,0.7,0.875,0.1,1.1,1.2,1.6,0.3,0,0.7,0.7,4.8,322,9.8,0.491,0.376,0.158,1.1,8.4,4.9,17.4,1,0.2,12.9,17.9,0,0.3,0.4,0.058,-2.4,-1.4,-3.8,-0.1
2008/2009,58680000,69929958.12,442114,Miami Heat,16,MIA,Florida,East,Southeast,43,39,0.524,98.3,98,0.49,Luther Head,SG,26,1962378,2297143,10,0,17.6,1.6,4.3,0.372,0.6,1.6,0.375,1,2.7,0.37,0.442,0.5,0.8,0.625,0.3,2.2,2.5,2.3,1.1,0.1,0.9,2.2,4.3,176,10.2,0.462,0.372,0.186,2,15.1,8.5,19.5,3.3,0.5,16.2,14.8,0,0.3,0.2,0.059,-2.9,1.1,-1.7,0
2008/2009,58680000,69929958.12,442114,Detroit Pistons,9,DET,Michigan,East,Central,39,43,0.476,94.2,94.7,-0.36,Walter Herrmann,SF,29,2000000,2341183,59,0,10.7,1.4,3.5,0.396,0.7,2,0.342,0.7,1.5,0.471,0.495,0.3,0.4,0.76,0.5,1.3,1.8,0.4,0.1,0.1,0.3,0.7,3.8,630,11.4,0.514,0.58,0.121,5.2,15.1,10.1,5.6,0.6,0.5,7.2,17.8,0.5,0.5,1,0.074,-0.6,-2.6,-3.2,-0.2
2008/2009,58680000,69929958.12,442114,Indiana Pacers,12,IND,Indiana,East,Central,36,46,0.439,105.1,106.2,-0.76,Roy Hibbert,C,22,1465400,1715384,70,42,14.4,2.8,6,0.471,0,0,,2.8,6,0.471,0.471,1.4,2.1,0.667,1.6,1.8,3.5,0.7,0.3,1.1,0.8,3.1,7.1,1009,16.1,0.51,0,0.35,12.4,14.1,13.3,7.9,1,5.6,10.2,23.3,1,1.2,2.1,0.102,-1.9,0.5,-1.3,0.2
2008/2009,58680000,69929958.12,442114,Cleveland Cavaliers,6,CLE,Ohio,East,Central,66,16,0.805,100.3,91.4,8.68,JJ Hickson,C,20,1329480,1556278,62,0,11.4,1.6,3.1,0.515,0,0,,1.6,3.1,0.515,0.515,0.7,1.1,0.672,0.8,1.8,2.7,0.1,0.2,0.5,0.7,1.3,4,705,12.5,0.548,0,0.345,9.1,18.4,13.9,2.1,1.1,3.4,16.8,18,0.2,1.3,1.5,0.101,-4.7,0.2,-4.5,-0.4
2008/2009,58680000,69929958.12,442114,Denver Nuggets,8,DEN,Colorado,West,Northwest,54,28,0.659,104.3,100.9,3.13,Nenê,C,26,9680000,11331326,77,76,32.6,5.6,9.2,0.604,0,0.1,0.2,5.5,9.1,0.607,0.604,3.5,4.8,0.723,2.4,5.4,7.8,1.4,1.2,1.3,1.9,3.6,14.6,2510,18.8,0.645,0.007,0.519,8.7,18.7,13.8,7.1,1.9,3.1,14.4,18.1,5.6,3.7,9.3,0.177,1.3,2.1,3.4,3.4
2008/2009,58680000,69929958.12,442114,San Antonio Spurs,27,SAS,Texas,West,Southwest,54,28,0.659,97,93.3,3.36,George Hill,PG,22,1006200,1177849,77,7,16.5,1.9,4.8,0.403,0.3,0.9,0.329,1.6,3.9,0.421,0.435,1.5,1.9,0.781,0.4,1.7,2.1,1.8,0.6,0.3,1,1.9,5.7,1270,11.6,0.502,0.196,0.392,2.9,11.9,7.4,16.6,1.9,1.2,14.5,19.5,0.2,2,2.1,0.08,-2.8,1,-1.8,0.1
2008/2009,58680000,69929958.12,442114,Phoenix Suns,24,PHO,Arizona,West,Pacific,46,36,0.561,109.4,107.5,1.62,Grant Hill,SF,36,1976400,2313557,82,68,29.8,4.8,9.1,0.523,0.3,0.9,0.316,4.5,8.2,0.547,0.54,2.2,2.7,0.808,0.8,4.2,4.9,2.3,1.1,0.7,1.5,2.2,12,2445,15.2,0.584,0.102,0.301,3.2,15.7,9.7,11,1.8,1.6,13,17.5,3.5,1.9,5.3,0.104,0.3,0.7,1,1.8
2008/2009,58680000,69929958.12,442114,Oklahoma City Thunder,21,OKC,Oklahoma,West,Northwest,23,59,0.28,97,103.1,-6.04,Steven Hill,PF,23,148238,173526,1,0,2,1,1,1,0,0,,1,1,1,1,0,0,,2,1,3,0,0,0,0,0,2,2,88.3,1,0,0,100,58.6,86.4,0,0,0,0,22.1,0,0,0,0.873,26.1,-19.2,6.8,0
2008/2009,58680000,69929958.12,442114,Chicago Bulls,5,CHI,Illinois,East,Central,41,41,0.5,102.2,102.5,-0.16,Kirk Hinrich,SG,28,10000000,11705915,51,4,26.3,3.6,8.2,0.437,1.4,3.3,0.408,2.2,4.9,0.456,0.519,1.3,1.7,0.791,0.3,2.1,2.4,3.9,1.3,0.4,1.7,2.5,9.9,1339,13.9,0.551,0.403,0.205,1.4,9.1,5.3,22.7,2.5,1,16,18.1,1.3,1.3,2.6,0.092,0.8,-0.5,0.4,0.8
2008/2009,58680000,69929958.12,442114,#N/A,#N/A,TOT,#N/A,#N/A,#N/A,#N/A,#N/A,#N/A,#N/A,#N/A,#N/A,Ryan Hollins,C,24,972581,1138495,45,3,9.9,1.1,2.1,0.532,0,0,,1.1,2.1,0.532,0.532,1,1.6,0.597,1,1.1,2.2,0.2,0.2,0.7,0.5,1.7,3.2,444,12.9,0.569,0,0.766,12.4,13.4,12.9,2.5,0.8,5.7,16,15.7,0.5,0.6,1,0.11,-2.9,0.9,-2,0
2008/2009,58680000,69929958.12,442114,Charlotte Bobcats,4,CHA,North Carolina,East,Southeast,35,47,0.427,93.6,94.9,-1.2,Ryan Hollins,C,24,972581,1138495,18,1,10.2,1.1,1.9,0.543,0,0,,1.1,1.9,0.543,0.543,1.4,2.2,0.667,1.1,0.9,2,0.2,0.2,0.9,0.6,1.9,3.6,184,15.3,0.613,0,1.114,12.9,11.4,12.1,3.5,0.9,7.6,16.1,15.9,0.3,0.3,0.6,0.158,-1.9,2.4,0.5,0.1
2008/2009,58680000,69929958.12,442114,Dallas Mavericks,7,DAL,Texas,West,Southwest,50,32,0.61,101.7,99.8,1.68,Ryan Hollins,C,24,972581,1138495,27,2,9.6,1.1,2.2,0.525,0,0,,1.1,2.2,0.525,0.525,0.6,1.2,0.515,1,1.3,2.3,0.1,0.1,0.6,0.5,1.6,2.9,260,11.3,0.537,0,0.559,12,14.9,13.5,1.7,0.8,4.3,16,15.5,0.1,0.3,0.4,0.076,-3.7,-0.1,-3.8,-0.1
2008/2009,58680000,69929958.12,442114,Atlanta Hawks,1,ATL,Georgia,East,Southeast,47,35,0.573,98.1,96.5,1.7,Al Horford,C,22,4026720,4713644,67,67,33.5,4.7,8.9,0.525,0,0,0,4.7,8.9,0.526,0.525,2.2,3.1,0.727,2.2,7.1,9.3,2.4,0.8,1.4,1.5,2.8,11.5,2242,17,0.565,0.002,0.345,7.6,25,16.3,11.9,1.3,3.3,13.1,16.4,3.3,3.5,6.8,0.145,-0.7,3.1,2.3,2.5
2008/2009,58680000,69929958.12,442114,Boston Celtics,2,BOS,Massachusetts,East,Atlantic,62,20,0.756,100.9,93.4,7.44,Eddie House,PG,30,2650000,3102067,81,0,18.3,3.1,6.9,0.445,1.9,4.2,0.444,1.2,2.7,0.445,0.579,0.5,0.7,0.792,0.1,1.8,1.9,1.1,0.8,0.1,0.7,1.4,8.5,1479,15.4,0.592,0.607,0.095,0.9,11.5,6.5,10.3,2.2,0.4,8.6,20.1,2.5,2.4,4.9,0.158,2.4,-0.4,2,1.5
2008/2009,58680000,69929958.12,442114,Orlando Magic,22,ORL,Florida,East,Southeast,59,23,0.72,101,94.4,6.48,Dwight Howard,C,23,13758000,16104999,79,79,35.7,7.1,12.4,0.572,0,0,0,7.1,12.4,0.573,0.572,6.4,10.7,0.594,4.3,9.6,13.8,1.4,1,2.9,3,3.4,20.6,2821,25.4,0.6,0.002,0.867,13.8,29.5,21.8,7.3,1.4,5.9,15.1,26.1,6.2,7.6,13.8,0.234,0.1,4.3,4.4,4.6
2008/2009,58680000,69929958.12,442114,Dallas Mavericks,7,DAL,Texas,West,Southwest,50,32,0.61,101.7,99.8,1.68,Josh Howard,SF,28,9945000,11641533,52,51,32,6.8,15.1,0.451,1.1,3.2,0.345,5.7,11.8,0.48,0.488,3.3,4.2,0.782,1.1,3.9,5.1,1.6,1.1,0.6,1.7,2.6,18,1663,17,0.532,0.215,0.281,4.1,14,9.1,8.6,1.7,1.3,9.2,26.7,1.5,1.7,3.2,0.091,0.1,-1,-0.9,0.5
2008/2009,58680000,69929958.12,442114,#N/A,#N/A,TOT,#N/A,#N/A,#N/A,#N/A,#N/A,#N/A,#N/A,#N/A,#N/A,Juwan Howard,SF-PF,35,8355619,9781016,42,2,11.2,1.8,3.5,0.51,0,0,,1.8,3.5,0.51,0.51,0.5,0.8,0.676,0.7,1.1,1.8,0.6,0.2,0.1,0.6,1.7,4.1,472,10.9,0.534,0,0.231,7.9,11.9,9.9,9.7,0.8,1,13.8,18.8,0.2,0.4,0.7,0.067,-2.9,-1,-3.9,-0.2
2008/2009,58680000,69929958.12,442114,Denver Nuggets,8,DEN,Colorado,West,Northwest,54,28,0.659,104.3,100.9,3.13,Juwan Howard,PF,35,8355619,9781016,3,0,7.3,0.3,0.7,0.5,0,0,,0.3,0.7,0.5,0.5,0,0,,0.3,1,1.3,0.7,0.3,0.3,0,1.3,0.7,22,9.6,0.5,0,0,5.4,15.4,10.6,12.5,2.3,3.5,0,4,0,0,0.1,0.141,-1.9,3.7,1.8,0
2008/2009,58680000,69929958.12,442114,Charlotte Bobcats,4,CHA,North Carolina,East,Southeast,35,47,0.427,93.6,94.9,-1.2,Juwan Howard,SF,35,8355619,9781016,39,2,11.5,1.9,3.7,0.51,0,0,,1.9,3.7,0.51,0.51,0.6,0.9,0.676,0.7,1.1,1.8,0.6,0.2,0.1,0.7,1.7,4.4,450,10.9,0.535,0,0.234,8,11.7,9.9,9.6,0.7,0.9,14,19.5,0.2,0.4,0.6,0.064,-2.9,-1.2,-4.2,-0.2
2008/2009,58680000,69929958.12,442114,#N/A,#N/A,TOT,#N/A,#N/A,#N/A,#N/A,#N/A,#N/A,#N/A,#N/A,#N/A,Larry Hughes,SF-SG,30,12827676,15015969,55,20,26.9,4.1,10.1,0.402,1.4,3.5,0.389,2.7,6.6,0.409,0.469,2.1,2.6,0.807,0.3,2.6,2.9,2.2,1.3,0.3,1.3,1.7,11.6,1479,13.4,0.515,0.346,0.26,1.2,11,6,12.6,2.5,0.7,10.3,20.6,0.8,1.3,2.1,0.07,-0.5,-0.6,-1.1,0.3
2008/2009,58680000,69929958.12,442114,Chicago Bulls,5,CHI,Illinois,East,Central,41,41,0.5,102.2,102.5,-0.16,Larry Hughes,SF,30,12827676,15015969,30,6,26.4,4.2,10.3,0.412,1.3,3.4,0.392,2.9,6.9,0.422,0.477,2.2,2.7,0.817,0.2,2.9,3.1,2,1.2,0.3,1.2,1.7,12,792,14.4,0.525,0.331,0.266,0.9,12.7,6.8,11.9,2.3,0.8,9.5,21.4,0.6,0.8,1.4,0.088,-0.1,-0.8,-0.9,0.2
2008/2009,58680000,69929958.12,442114,New York Knicks,20,NYK,New York,East,Atlantic,32,50,0.39,105.2,107.8,-2.33,Larry Hughes,SG,30,12827676,15015969,25,14,27.5,3.9,10,0.39,1.4,3.6,0.385,2.5,6.3,0.392,0.46,2,2.5,0.794,0.4,2.2,2.6,2.4,1.4,0.2,1.4,1.8,11.2,687,12.3,0.504,0.365,0.253,1.5,9.1,5.2,13.3,2.6,0.5,11.2,19.7,0.2,0.5,0.7,0.049,-1.1,-0.4,-1.4,0.1
2008/2009,58680000,69929958.12,442114,Toronto Raptors,28,TOR,Ontario,East,Atlantic,33,49,0.402,99,101.9,-2.54,Kris Humphries,SF,23,3200000,3745893,29,0,9.1,1.3,3.1,0.422,0,0,,1.3,3.1,0.422,0.422,1.3,1.7,0.792,0.8,1.6,2.4,0.3,0.3,0.2,0.3,1.1,3.9,265,16.3,0.513,0,0.533,10.7,20.2,15.5,6,1.6,1.8,6.7,20.7,0.4,0.3,0.7,0.125,-2,-1.1,-3.1,-0.1
2008/2009,58680000,69929958.12,442114,Chicago Bulls,5,CHI,Illinois,East,Central,41,41,0.5,102.2,102.5,-0.16,Lindsey Hunter,PG,38,1143473,1338539,28,0,9.5,1,2.9,0.329,0.6,1.7,0.333,0.4,1.2,0.324,0.427,0.1,0.2,0.6,0.1,0.4,0.4,1.3,0.7,0,0.7,1,2.6,266,7.9,0.433,0.585,0.061,0.9,4.3,2.6,20.4,3.9,0.3,18.4,17.3,-0.3,0.3,0,-0.003,-2.7,-1.5,-4.2,-0.1
2008/2009,58680000,69929958.12,442114,Atlanta Hawks,1,ATL,Georgia,East,Southeast,47,35,0.573,98.1,96.5,1.7,Othello Hunter,PF,22,442114,517534,16,0,5.8,0.7,1.3,0.55,0,0,,0.7,1.3,0.55,0.55,0,0.3,0,0.6,0.9,1.5,0.1,0.1,0.3,0.1,0.7,1.4,92,12.1,0.495,0,0.25,11.5,19.1,15.3,1.7,1.2,4.2,8.3,12.3,0,0.1,0.2,0.092,-4.2,0.2,-4,0
2008/2009,58680000,69929958.12,442114,Philadelphia 76ers,23,PHI,Pennsylvania,East,Atlantic,41,41,0.5,97.4,97.3,0.16,Andre Iguodala,SF,25,11300000,13227685,82,82,39.9,6.6,14,0.473,1,3.2,0.307,5.6,10.8,0.521,0.507,4.6,6.4,0.724,1.1,4.6,5.7,5.3,1.6,0.4,2.7,1.9,18.8,3269,18.4,0.56,0.228,0.454,3.3,14,8.6,22.4,2.1,0.9,13.9,22.3,5.6,3.5,9.2,0.134,2.8,1,3.8,4.8
2008/2009,58680000,69929958.12,442114,Cleveland Cavaliers,6,CLE,Ohio,East,Central,66,16,0.805,100.3,91.4,8.68,Zydrunas Ilgauskas,C,33,10841615,12691103,65,65,27.2,5.3,11.1,0.472,0.2,0.6,0.385,5,10.5,0.477,0.483,2.1,2.7,0.799,2.4,5.1,7.5,1,0.4,1.3,1.4,2.8,12.9,1765,18,0.523,0.054,0.24,11,21.6,16.5,6.4,0.9,3.8,10.1,23.8,2.1,3.5,5.6,0.151,-1.9,1,-0.9,0.5
2008/2009,58680000,69929958.12,442114,Los Angeles Lakers,14,LAL,California,West,Pacific,65,17,0.793,106.9,99.3,7.11,Didier Ilunga-Mbenga,C,28,2852599,3339227,23,0,7.9,1.2,2.5,0.474,0,0,0,1.2,2.4,0.482,0.474,0.3,0.3,0.875,0.4,1,1.3,0.4,0.4,1,0.6,1.4,2.7,181,13.9,0.504,0.018,0.14,5.7,13.6,9.7,7.2,2.8,10.2,17.7,17.8,-0.1,0.4,0.3,0.091,-4.8,6,1.2,0.1
2008/2009,58680000,69929958.12,442114,#N/A,#N/A,TOT,#N/A,#N/A,#N/A,#N/A,#N/A,#N/A,#N/A,#N/A,#N/A,Allen Iverson,PG-SG,33,20840625,24395860,57,53,36.7,6.1,14.6,0.417,0.5,1.7,0.283,5.6,12.9,0.435,0.434,4.8,6.1,0.781,0.5,2.5,3,5,1.5,0.1,2.6,1.5,17.5,2093,15.8,0.504,0.119,0.416,1.7,8.2,4.9,23.1,2.3,0.2,12.9,25.7,0.9,1.9,2.9,0.066,0,-0.7,-0.7,0.7
2008/2009,58680000,69929958.12,442114,Denver Nuggets,8,DEN,Colorado,West,Northwest,54,28,0.659,104.3,100.9,3.13,Allen Iverson,SG,33,20840625,24395860,3,3,41,6,13.3,0.45,0.7,2.7,0.25,5.3,10.7,0.5,0.475,6,8.3,0.72,1,1.7,2.7,6.7,1,0.3,3.3,1,18.7,123,15.2,0.549,0.2,0.625,2.9,4.6,3.8,25.9,1.2,0.6,16.4,22.1,0.2,0.1,0.2,0.087,-0.3,-3.2,-3.5,0
2008/2009,58680000,69929958.12,442114,Detroit Pistons,9,DET,Michigan,East,Central,39,43,0.476,94.2,94.7,-0.36,Allen Iverson,PG,33,20840625,24395860,54,50,36.5,6.1,14.7,0.416,0.5,1.7,0.286,5.6,13,0.432,0.432,4.7,6,0.786,0.5,2.6,3.1,4.9,1.6,0.1,2.5,1.5,17.4,1970,15.9,0.502,0.115,0.406,1.6,8.4,5,23,2.4,0.2,12.7,25.9,0.8,1.9,2.7,0.065,0,-0.5,-0.5,0.7
2008/2009,58680000,69929958.12,442114,Philadelphia 76ers,23,PHI,Pennsylvania,East,Atlantic,41,41,0.5,97.4,97.3,0.16,Royal Ivey,SG,27,854957,1000805,71,0,12.1,1,2.9,0.332,0.5,1.6,0.342,0.4,1.3,0.319,0.425,0.5,0.6,0.791,0.3,0.8,1.1,0.6,0.5,0.1,0.3,1.1,3,861,7.6,0.465,0.548,0.207,2.6,8,5.3,7.4,2.2,0.7,9.2,13.2,0.2,0.8,0.9,0.052,-1.8,-0.4,-2.2,0
2008/2009,58680000,69929958.12,442114,Indiana Pacers,12,IND,Indiana,East,Central,36,46,0.439,105.1,106.2,-0.76,Jarrett Jack,SG,25,2002623,2344253,82,53,33.1,4.7,10.4,0.453,1,2.7,0.353,3.8,7.7,0.487,0.498,2.7,3.2,0.852,0.5,2.8,3.4,4.1,1.1,0.2,2.2,2.2,13.1,2716,13.1,0.554,0.259,0.308,1.8,9.5,5.6,18.6,1.6,0.5,16,18.5,2.3,1.8,4.1,0.073,0,-0.7,-0.7,0.9
2008/2009,58680000,69929958.12,442114,Sacramento Kings,26,SAC,California,West,Pacific,17,65,0.207,100.6,109.3,-8.6,Bobby Jackson,PG,35,6487888,7594667,71,10,20.9,2.7,6.8,0.398,0.8,2.8,0.305,1.9,4.1,0.462,0.46,1.2,1.4,0.851,0.6,2.2,2.8,2,0.9,0.1,0.9,1.4,7.5,1484,12.4,0.502,0.406,0.208,3.3,12.5,7.9,15.5,2.1,0.2,11.1,18,0.8,0.4,1.2,0.038,-0.5,-1.7,-2.2,-0.1
2008/2009,58680000,69929958.12,442114,Cleveland Cavaliers,6,CLE,Ohio,East,Central,66,16,0.805,100.3,91.4,8.68,Darnell Jackson,PF,23,450000,526766,51,2,8.4,0.7,1.7,0.43,0,0,0,0.7,1.6,0.44,0.43,0.5,0.7,0.686,0.6,1.1,1.7,0.2,0.2,0.1,0.3,1.5,1.9,430,7.2,0.483,0.023,0.407,9.2,14.7,12,2.7,1.3,0.7,12.1,12.7,0.2,0.7,0.8,0.094,-4.1,-0.1,-4.2,-0.2
2008/2009,58680000,69929958.12,442114,Golden State Warriors,10,GSW,California,West,Pacific,29,53,0.354,108.6,112.3,-3.8,Stephen Jackson,SF,30,7140000,8358023,59,59,39.6,7,16.9,0.414,1.7,5.2,0.338,5.3,11.7,0.448,0.466,5,6,0.826,1.2,3.9,5.1,6.5,1.5,0.5,3.9,2.6,20.7,2339,16.1,0.53,0.306,0.357,3.3,10.8,7.1,25.6,1.8,0.9,16.6,25.2,1.5,0.7,2.2,0.045,1.7,-1.5,0.2,1.3
2008/2009,58680000,69929958.12,442114,New York Knicks,20,NYK,New York,East,Atlantic,32,50,0.39,105.2,107.8,-2.33,Jerome James,C,33,6200000,7257667,2,0,5,1.5,4,0.375,0,0,,1.5,4,0.375,0.375,0,0,,0.5,1,1.5,0,0.5,0.5,0.5,1,3,10,12.5,0.375,0,0,10.6,22.6,16.4,0,5,7.3,11.1,39.2,-0.1,0,0,-0.162,-14.3,-3.1,-17.4,0
2008/2009,58680000,69929958.12,442114,Cleveland Cavaliers,6,CLE,Ohio,East,Central,66,16,0.805,100.3,91.4,8.68,LeBron James,SF,24,14410581,16868905,81,81,37.7,9.7,19.9,0.489,1.6,4.7,0.344,8.1,15.2,0.535,0.53,7.3,9.4,0.78,1.3,6.3,7.6,7.2,1.7,1.1,3,1.7,28.4,3054,31.7,0.591,0.238,0.472,4.3,19,11.9,38,2.4,2.4,11,33.8,13.7,6.5,20.3,0.318,9.4,3.6,13,11.6
2008/2009,58680000,69929958.12,442114,#N/A,#N/A,TOT,#N/A,#N/A,#N/A,#N/A,#N/A,#N/A,#N/A,#N/A,#N/A,Mike James,PG,33,6244093,7309282,61,50,27,3.2,8.4,0.383,1.1,3,0.375,2.1,5.4,0.388,0.45,1.1,1.3,0.829,0.4,1.8,2.2,3.3,0.7,0.1,1.5,1.8,8.7,1649,9.7,0.483,0.358,0.16,1.7,7.9,4.7,19.1,1.4,0.3,14.6,17.8,-0.2,0,-0.1,-0.004,-1.4,-2.6,-4,-0.8
2008/2009,58680000,69929958.12,442114,New Orleans Hornets,19,NOH,Louisiana,West,Southwest,49,33,0.598,95.8,94.3,1.41,Mike James,PG,33,6244093,7309282,8,0,9.3,1,3.1,0.32,0.4,0.5,0.75,0.6,2.6,0.238,0.38,0.1,0.3,0.5,0.1,0.8,0.9,1,0.3,0,0.4,0.9,2.5,74,5.8,0.386,0.16,0.08,1.6,9.8,5.7,17.2,1.5,0,10.4,18.8,-0.1,0.1,0,-0.031,-5.8,-2,-7.7,-0.1
2008/2009,58680000,69929958.12,442114,Washington Wizards,30,WAS,Washington DC,East,Southeast,19,63,0.232,96.1,103.5,-6.98,Mike James,PG,33,6244093,7309282,53,50,29.7,3.6,9.2,0.387,1.2,3.4,0.367,2.3,5.8,0.398,0.454,1.3,1.5,0.838,0.5,1.9,2.4,3.6,0.8,0.1,1.7,1.9,9.6,1575,9.9,0.487,0.368,0.164,1.7,7.8,4.7,19.2,1.4,0.3,14.8,17.8,-0.1,0,-0.1,-0.003,-1.2,-2.7,-3.8,-0.7
2008/2009,58680000,69929958.12,442114,Washington Wizards,30,WAS,Washington DC,East,Southeast,19,63,0.232,96.1,103.5,-6.98,Antawn Jamison,PF,32,9923285,11616114,81,81,38.2,8.3,17.8,0.468,1.4,3.9,0.351,6.9,13.9,0.501,0.507,4.2,5.6,0.754,2.4,6.5,8.9,1.9,1.2,0.3,1.5,2.7,22.2,3096,20.6,0.549,0.221,0.314,7.2,20.5,13.7,9.1,1.6,0.7,7.1,25.9,6.6,1.6,8.1,0.126,2.8,-2.1,0.7,2.1
2008/2009,58680000,69929958.12,442114,Memphis Grizzlies,15,MEM,Tennessee,West,Southwest,24,58,0.293,93.9,99.3,-5.23,Marko Jaric,SG,30,6575000,7696639,53,0,11.4,0.9,2.7,0.331,0.2,0.5,0.393,0.7,2.2,0.316,0.369,0.5,0.8,0.707,0.4,0.8,1.2,1.4,0.5,0.2,0.9,1.2,2.6,605,7.3,0.417,0.193,0.283,4.6,8.6,6.6,19,2.6,1.5,23.1,16.4,-0.9,0.5,-0.4,-0.03,-4.7,0.2,-4.5,-0.4
2008/2009,58680000,69929958.12,442114,Toronto Raptors,28,TOR,Ontario,East,Atlantic,33,49,0.402,99,101.9,-2.54,Nathan Jawai,PF,22,442114,517534,6,0,3.2,0.2,0.7,0.25,0,0,,0.2,0.7,0.25,0.25,0,0,,0.2,0.2,0.3,0,0,0,0.3,0.5,0.3,19,-7.6,0.25,0,0,6.2,6.1,6.2,0,0,0,33.3,14.6,-0.1,0,-0.1,-0.233,-12.6,-3.7,-16.3,-0.1
2008/2009,58680000,69929958.12,442114,Minnesota Timberwolves,18,MIN,Minnesota,West,Northwest,24,58,0.293,97.8,102.7,-4.74,Al Jefferson,C,24,11000000,12876507,50,50,36.7,9.7,19.5,0.497,0,0.1,0,9.7,19.4,0.499,0.497,3.7,5,0.738,3.4,7.5,11,1.6,0.8,1.7,1.8,2.8,23.1,1836,23.1,0.532,0.004,0.258,10.6,24.9,17.5,8.8,1.1,3.5,7.8,28.9,2.9,2,4.9,0.128,0.6,0.1,0.7,1.2
2008/2009,58680000,69929958.12,442114,Charlotte Bobcats,4,CHA,North Carolina,East,Southeast,35,47,0.427,93.6,94.9,-1.2,0,SG,25,#N/A,#N/A,6,0,14,1.8,3.7,0.5,0.2,0.3,0.5,1.7,3.3,0.5,0.523,1,1.5,0.667,0.2,1.8,2,1.5,0.7,0.2,1,1.5,4.8,84,12.7,0.559,0.091,0.409,1.5,16.1,8.8,18.2,2.6,1,18.8,18,0,0.1,0.2,0.089,-3.1,1.1,-2,0
2008/2009,58680000,69929958.12,442114,Milwaukee Bucks,17,MIL,Wisconsin,East,Central,34,48,0.415,99.3,100.4,-0.88,Richard Jefferson,SF,28,13200000,15451809,82,82,35.8,6.5,14.9,0.439,1.4,3.6,0.397,5.1,11.3,0.453,0.487,5.1,6.3,0.805,0.7,3.9,4.6,2.4,0.8,0.2,2,3.1,19.6,2939,15.4,0.554,0.239,0.424,2.2,13.3,7.5,11.7,1.2,0.4,10.2,24.6,4.2,2.4,6.6,0.109,1,-1.2,-0.2,1.3
2008/2009,58680000,69929958.12,442114,New York Knicks,20,NYK,New York,East,Atlantic,32,50,0.39,105.2,107.8,-2.33,Jared Jeffries,SF,27,6049400,7081376,56,36,23.4,2.1,4.9,0.44,0,0.2,0.083,2.1,4.7,0.456,0.441,1,1.6,0.611,2.3,1.8,4.1,1.4,0.8,0.6,1.2,2.7,5.3,1310,9.4,0.473,0.044,0.33,10.4,8.9,9.7,8.7,1.8,1.8,17.2,12.5,0.3,0.9,1.2,0.045,-2.2,1.8,-0.4,0.5
2008/2009,58680000,69929958.12,442114,New Jersey Nets,3,NJN,New Jersey,East,Atlantic,34,48,0.415,98.1,100.5,-2.31,Yi Jianlian,PF,21,2986080,3495480,61,52,23.3,3.1,8.2,0.382,0.8,2.3,0.343,2.3,5.9,0.397,0.43,1.6,2,0.772,1.1,4.2,5.3,1,0.5,0.6,1.1,2.6,8.6,1421,10.9,0.474,0.28,0.246,5.5,22,13.7,7,1.1,2.1,11.2,20.5,-0.5,1.3,0.7,0.024,-3.5,-0.8,-4.3,-0.8
2008/2009,58680000,69929958.12,442114,Detroit Pistons,9,DET,Michigan,East,Central,39,43,0.476,94.2,94.7,-0.36,Amir Johnson,PF,21,3666667,4292169,62,24,14.7,1.6,2.6,0.595,0,0,,1.6,2.6,0.595,0.595,0.4,0.6,0.657,1.6,2.1,3.7,0.3,0.3,1,0.5,2.8,3.5,911,13.5,0.608,0,0.215,13.1,17.2,15.1,3.4,1.2,5.1,15.6,11.1,1.4,1.3,2.7,0.142,-1.3,2.5,1.1,0.7
2008/2009,58680000,69929958.12,442114,Orlando Magic,22,ORL,Florida,East,Southeast,59,23,0.72,101,94.4,6.48,Anthony Johnson,PG,34,1910000,2235829,80,12,18.5,1.9,4.8,0.404,0.7,1.7,0.391,1.3,3.1,0.411,0.472,0.8,1,0.753,0.4,1.5,1.8,2.5,0.6,0.1,1,1.4,5.3,1481,10.3,0.505,0.349,0.213,2.3,8.8,5.6,21.2,1.6,0.2,16.4,15.5,0.7,2.1,2.8,0.091,-1.8,0.5,-1.3,0.3
2008/2009,58680000,69929958.12,442114,Atlanta Hawks,1,ATL,Georgia,East,Southeast,47,35,0.573,98.1,96.5,1.7,Joe Johnson,SG,27,14232567,16660523,79,79,39.5,7.8,18,0.437,1.9,5.2,0.36,6,12.7,0.468,0.489,3.8,4.6,0.826,0.8,3.6,4.4,5.8,1.1,0.2,2.5,2.2,21.4,3124,18.2,0.534,0.292,0.255,2.4,10.5,6.5,26.4,1.4,0.5,11,26.6,5.1,2.5,7.6,0.116,2.9,-1.2,1.7,3
2008/2009,58680000,69929958.12,442114,#N/A,#N/A,TOT,#N/A,#N/A,#N/A,#N/A,#N/A,#N/A,#N/A,#N/A,#N/A,Linton Johnson,PF,28,125374,146761,10,0,5.5,0.4,1.1,0.364,0.1,0.2,0.5,0.3,0.9,0.333,0.409,0,0,,0.3,0.5,0.8,0.2,0.1,0,0.2,0.7,0.9,55,3.4,0.409,0.182,0,6.3,10.4,8.3,5.3,0.9,0,15.4,10.5,0,0,0,-0.004,-5.1,-0.9,-6.1,-0.1
2008/2009,58680000,69929958.12,442114,Charlotte Bobcats,4,CHA,North Carolina,East,Southeast,35,47,0.427,93.6,94.9,-1.2,Linton Johnson,PF,28,125374,146761,2,0,6.5,0,0,,0,0,,0,0,,,0,0,,0,0,0,0,0,0,0,0.5,0,13,-1.5,,,,0,0,0,0,0,0,,0,0,0,0,0.01,-6.6,0.7,-5.9,0
2008/2009,58680000,69929958.12,442114,Chicago Bulls,5,CHI,Illinois,East,Central,41,41,0.5,102.2,102.5,-0.16,Linton Johnson,PF,28,125374,146761,8,0,5.3,0.5,1.4,0.364,0.1,0.3,0.5,0.4,1.1,0.333,0.409,0,0,,0.4,0.6,1,0.3,0.1,0,0.3,0.8,1.1,42,5,0.409,0.182,0,8.2,13.6,10.9,6.9,1.2,0,15.4,13.8,0,0,0,-0.008,-4.7,-1.4,-6.1,0
2008/2009,58680000,69929958.12,442114,Cleveland Cavaliers,6,CLE,Ohio,East,Central,66,16,0.805,100.3,91.4,8.68,Trey Johnson,SG,24,187258,219202,4,0,3.5,0,1.3,0,0,0,,0,1.3,0,0,1,1,1,0,0.3,0.3,0,0,0,0.3,1,1,14,-9.3,0.296,0,0.8,0,8.2,4.3,0,0,0,12.9,26.2,-0.1,0,-0.1,-0.205,-16.1,-6.1,-22.2,-0.1
2008/2009,58680000,69929958.12,442114,Denver Nuggets,8,DEN,Colorado,West,Northwest,54,28,0.659,104.3,100.9,3.13,Dahntay Jones,SG,28,926678,1084761,79,71,18.1,1.9,4.3,0.458,0.1,0.2,0.647,1.8,4,0.448,0.475,1.4,1.9,0.728,0.7,1.4,2.1,1,0.6,0.2,0.9,2.5,5.4,1426,9,0.533,0.051,0.449,4.9,8.7,6.8,8.2,1.7,1,14.5,14.7,0.7,1.3,2,0.067,-2.3,0,-2.3,-0.1
2008/2009,58680000,69929958.12,442114,Milwaukee Bucks,17,MIL,Wisconsin,East,Central,34,48,0.415,99.3,100.4,-0.88,Damon Jones,PG,32,4460186,5221056,18,0,6,0.6,1.9,0.324,0.6,1.6,0.393,0,0.3,0,0.485,0,0,,0,0.3,0.3,0.4,0.2,0,0.3,0.2,1.8,108,6.2,0.485,0.824,0,0,6.9,3.3,9.8,1.4,0,15,16.6,-0.1,0.1,0,-0.007,-2.6,-2.9,-5.5,-0.1
2008/2009,58680000,69929958.12,442114,Charlotte Bobcats,4,CHA,North Carolina,East,Southeast,35,47,0.427,93.6,94.9,-1.2,Dwayne Jones,PF,25,46812,54797,6,0,8.7,0.7,1.2,0.571,0,0,,0.7,1.2,0.571,0.571,0.7,1,0.667,1,1,2,0,0,0.2,0.7,1,2,52,8,0.622,0,0.857,14.4,14.2,14.3,0,0,1.6,29.3,12.4,0,0,0.1,0.051,-5.5,-3.7,-9.1,-0.1
2008/2009,58680000,69929958.12,442114,Los Angeles Clippers,13,LAC,California,West,Pacific,19,63,0.232,95.1,103.9,-8.47,Fred Jones,SF,29,622531,728729,52,21,28.8,2.5,6.1,0.407,1,2.8,0.367,1.4,3.3,0.441,0.492,1.3,1.6,0.815,0.4,2,2.4,3.6,1,0.2,1.3,2.2,7.3,1495,10.4,0.536,0.464,0.256,1.7,8.2,4.9,19.1,1.8,0.5,15.8,12.8,1.1,0.5,1.6,0.052,-1.1,-1,-2.1,0
2008/2009,58680000,69929958.12,442114,Miami Heat,16,MIA,Florida,East,Southeast,43,39,0.524,98.3,98,0.49,James Jones,SF,28,4010000,4694072,40,1,15.8,1.4,3.7,0.369,0.8,2.4,0.344,0.6,1.3,0.415,0.48,0.7,0.8,0.839,0.3,1.3,1.6,0.5,0.3,0.4,0.3,1.5,4.2,630,8.4,0.52,0.644,0.208,2.3,9.6,5.9,4.7,1,1.8,6.9,13,0.4,0.5,0.9,0.065,-1.9,-1.1,-2.9,-0.1
2008/2009,58680000,69929958.12,442114,Atlanta Hawks,1,ATL,Georgia,East,Southeast,47,35,0.573,98.1,96.5,1.7,Solomon Jones,C,24,797581,933641,63,0,10.7,1.1,1.8,0.604,0,0,0.5,1,1.7,0.606,0.608,0.8,1.2,0.716,0.8,1.4,2.3,0.2,0.1,0.5,0.4,2,3,675,12,0.655,0.018,0.667,9.1,15.6,12.3,3.4,0.6,3.9,15.8,11.8,1.2,0.7,1.9,0.138,-2,0.6,-1.4,0.1
2008/2009,58680000,69929958.12,442114,Los Angeles Clippers,13,LAC,California,West,Pacific,19,63,0.232,95.1,103.9,-8.47,DeAndre Jordan,C,20,550000,643825,53,13,14.5,1.8,2.8,0.633,0,0,,1.8,2.8,0.633,0.633,0.8,2.1,0.385,1.4,3.1,4.5,0.2,0.2,1.1,0.8,1.8,4.3,771,14.1,0.585,0,0.741,10.5,25.5,17.8,2.3,0.7,5.7,17.4,13.9,0.4,0.9,1.3,0.079,-4.7,0.6,-4,-0.4
2008/2009,58680000,69929958.12,442114,Los Angeles Clippers,13,LAC,California,West,Pacific,19,63,0.232,95.1,103.9,-8.47,Chris Kaman,C,26,9500000,11120620,31,24,29.7,5.2,9.8,0.528,0,0,,5.2,9.8,0.528,0.528,1.6,2.4,0.68,2.4,5.5,8,1.5,0.5,1.5,2.7,3,12,921,14.4,0.552,0,0.246,9.1,22.2,15.5,8.8,1,3.6,19.9,20.9,-0.3,0.8,0.6,0.03,-3.5,1,-2.5,-0.1
2008/2009,58680000,69929958.12,442114,Toronto Raptors,28,TOR,Ontario,East,Atlantic,33,49,0.402,99,101.9,-2.54,Jason Kapono,SG,27,5784480,6771263,80,12,22.9,3.3,7.6,0.432,1.2,2.9,0.428,2,4.7,0.435,0.513,0.4,0.5,0.81,0.3,1.7,2,1.3,0.3,0,0.9,1.8,8.2,1831,8.9,0.525,0.379,0.07,1.7,8.7,5.2,9.1,0.6,0.1,10.1,17.4,0.3,0.5,0.8,0.021,-1.2,-2.3,-3.5,-0.7
2008/2009,58680000,69929958.12,442114,Dallas Mavericks,7,DAL,Texas,West,Southwest,50,32,0.61,101.7,99.8,1.68,Jason Kidd,PG,35,21372000,25017883,81,81,35.6,3.2,7.6,0.416,1.6,4,0.406,1.6,3.6,0.427,0.522,1.1,1.3,0.819,1,5.1,6.2,8.7,2,0.5,2.3,2.1,9,2886,16.9,0.55,0.523,0.17,3.4,16.4,9.9,34.7,2.9,1,21.8,13.5,4.6,3.9,8.5,0.141,2.3,2.3,4.5,4.7
2008/2009,58680000,69929958.12,442114,Cleveland Cavaliers,6,CLE,Ohio,East,Central,66,16,0.805,100.3,91.4,8.68,Tarence Kinsey,SG,24,797581,933641,50,3,5.5,0.6,1.4,0.449,0.1,0.4,0.389,0.5,1,0.471,0.5,0.7,0.8,0.868,0.2,0.6,0.8,0.2,0.2,0,0.4,0.7,2,277,11,0.595,0.261,0.551,4.5,11.6,8.2,5.5,2.3,0,20.4,18.3,0.2,0.5,0.6,0.105,-2.8,-0.4,-3.3,-0.1
2008/2009,58680000,69929958.12,442114,Utah Jazz,29,UTA,Utah,West,Northwest,48,34,0.585,103.6,100.9,2.31,Andrei Kirilenko,PF,27,15106000,17682956,67,10,27.3,3.8,8.5,0.449,0.3,1.1,0.274,3.5,7.4,0.475,0.467,3.6,4.6,0.785,1.3,3.5,4.8,2.6,1.2,1.1,1.8,1.9,11.6,1831,16.8,0.549,0.128,0.546,5.5,15.3,10.4,14.7,2.3,3.3,14.6,20.3,2,2.6,4.6,0.122,-0.2,2.5,2.4,2
2008/2009,58680000,69929958.12,442114,Denver Nuggets,8,DEN,Colorado,West,Northwest,54,28,0.659,104.3,100.9,3.13,Linas Kleiza,SF,24,1824493,2135736,82,7,22.2,3.5,7.9,0.447,1.1,3.3,0.326,2.5,4.6,0.533,0.515,1.8,2.5,0.725,1.1,2.9,4,0.8,0.4,0.2,1,1.9,9.9,1824,13.2,0.552,0.413,0.316,6,14.5,10.4,5.7,0.9,0.6,10,20,2.1,1.5,3.6,0.095,0.1,-2.2,-2.1,0
2008/2009,58680000,69929958.12,442114,Utah Jazz,29,UTA,Utah,West,Northwest,48,34,0.585,103.6,100.9,2.31,Brevin Knight,PG,33,2000000,2341183,74,0,12.7,0.9,2.6,0.349,0,0.1,0,0.9,2.5,0.361,0.349,0.6,0.9,0.75,0.2,1,1.2,2.6,0.9,0.1,0.9,1.3,2.4,938,9.5,0.414,0.032,0.339,1.7,9.5,5.6,28.1,3.7,0.3,23.3,13.5,-0.6,1.3,0.7,0.035,-4.2,0.7,-3.4,-0.3
2008/2009,58680000,69929958.12,442114,Utah Jazz,29,UTA,Utah,West,Northwest,48,34,0.585,103.6,100.9,2.31,Kyle Korver,SF,27,4956818,5802409,78,2,24,3.1,7.2,0.438,1.3,3.4,0.386,1.8,3.8,0.485,0.529,1.4,1.6,0.882,0.4,2.9,3.3,1.8,0.6,0.4,1.2,2.2,9,1874,12.1,0.572,0.477,0.227,2.2,14.2,8.2,11.1,1.3,1.3,12.8,16.9,1.9,1.8,3.7,0.095,0.3,-0.1,0.2,1
2008/2009,58680000,69929958.12,442114,Utah Jazz,29,UTA,Utah,West,Northwest,48,34,0.585,103.6,100.9,2.31,Kosta Koufos,C,19,1129320,1321972,48,7,11.8,2,3.9,0.508,0,0,,2,3.9,0.508,0.508,0.8,1.1,0.706,1,1.8,2.9,0.4,0.3,0.6,0.5,1.5,4.7,565,15.2,0.54,0,0.276,10.6,18.6,14.6,5.7,1.1,4.3,11.1,18.5,0.6,0.7,1.3,0.112,-2.3,0.7,-1.6,0.1
2008/2009,58680000,69929958.12,442114,Oklahoma City Thunder,21,OKC,Oklahoma,West,Northwest,23,59,0.28,97,103.1,-6.04,Nenad Krstic,C,25,4778548,5593728,46,29,24.8,4.2,8.8,0.469,0,0,,4.2,8.8,0.469,0.469,1.4,1.7,0.797,1.8,3.7,5.5,0.6,0.5,1.1,1,2.5,9.7,1141,13.6,0.504,0,0.194,8.4,17.2,12.8,4.3,0.9,3.2,9.2,18.9,0.6,1.1,1.7,0.07,-3.1,-0.3,-3.4,-0.4
2008/2009,58680000,69929958.12,442114,Golden State Warriors,10,GSW,California,West,Pacific,29,53,0.354,108.6,112.3,-3.8,Rob Kurz,SF,23,429111,502313,40,5,11.1,1.3,3.3,0.389,0.4,1,0.395,0.9,2.3,0.387,0.447,1,1.3,0.8,0.8,1.2,2,0.5,0.4,0.5,0.4,2,3.9,442,11.8,0.513,0.29,0.382,8.1,11.8,10,6.5,1.5,3,9.5,16.3,0.5,0.2,0.7,0.074,-1.1,-1.2,-2.3,0
2008/2009,58680000,69929958.12,442114,Houston Rockets,11,HOU,Texas,West,Southwest,53,29,0.646,98.4,94.4,3.73,Carl Landry,PF,25,3000000,3511774,69,0,21.3,3.5,6.1,0.574,0,0,0.333,3.5,6,0.576,0.575,2.3,2.8,0.813,1.8,3.2,5,0.6,0.4,0.4,1,2.4,9.2,1467,17.7,0.634,0.007,0.462,10.3,16.7,13.6,4.6,0.9,1.5,11.9,18.1,3.7,2.2,5.9,0.193,0.2,0.2,0.4,0.9
2008/2009,58680000,69929958.12,442114,Atlanta Hawks,1,ATL,Georgia,East,Southeast,47,35,0.573,98.1,96.5,1.7,Acie Law,PG,24,2071680,2425091,55,1,10.2,0.9,2.5,0.374,0.2,0.5,0.31,0.8,2,0.391,0.406,0.9,1.1,0.817,0.1,0.9,1.1,1.6,0.2,0.1,0.5,0.8,2.9,560,10.6,0.49,0.209,0.432,1.3,10.9,6.1,23.4,1.1,0.4,14.9,16.3,0.3,0.4,0.7,0.062,-3,-2,-5,-0.4
2008/2009,58680000,69929958.12,442114,Orlando Magic,22,ORL,Florida,East,Southeast,59,23,0.72,101,94.4,6.48,Courtney Lee,SG,23,1176240,1376896,77,42,25.2,3.2,7,0.45,1.1,2.6,0.404,2.1,4.4,0.478,0.526,1,1.2,0.83,0.2,2.1,2.3,1.2,1,0.2,0.9,2,8.4,1939,10.7,0.556,0.376,0.174,1.1,9.1,5.2,7.6,2,0.5,10.6,15.5,1.3,3.1,4.4,0.108,-1,1.5,0.5,1.2
2008/2009,58680000,69929958.12,442114,New York Knicks,20,NYK,New York,East,Atlantic,32,50,0.39,105.2,107.8,-2.33,David Lee,C,25,1788033,2093056,81,74,34.9,6.4,11.7,0.549,0,0,0,6.4,11.7,0.551,0.549,3.1,4.1,0.755,3.2,8.6,11.7,2.1,1,0.3,1.9,3.2,16,2824,19,0.59,0.003,0.347,9.6,27.9,18.4,10.1,1.4,0.6,12,19.2,5.9,3.1,9,0.154,0.4,1.1,1.5,2.5
2008/2009,58680000,69929958.12,442114,Orlando Magic,22,ORL,Florida,East,Southeast,59,23,0.72,101,94.4,6.48,Rashard Lewis,PF,29,16447871,19253739,79,79,36.2,6.1,13.8,0.439,2.8,7,0.397,3.3,6.8,0.482,0.54,2.8,3.4,0.836,1.2,4.6,5.7,2.6,1,0.6,2,2.5,17.7,2859,16.8,0.58,0.509,0.247,3.7,13.9,8.9,12.5,1.5,1.3,11.6,22,4.7,4.8,9.5,0.16,2.7,1.5,4.2,4.5
2008/2009,58680000,69929958.12,442114,#N/A,#N/A,TOT,#N/A,#N/A,#N/A,#N/A,#N/A,#N/A,#N/A,#N/A,#N/A,Shaun Livingston,PG,23,370000,433118,12,1,19.3,2.6,5,0.517,0,0,,2.6,5,0.517,0.517,0.8,0.8,0.9,0.3,2.1,2.3,1.7,0.6,0.2,0.8,1,5.9,231,12.1,0.551,0,0.167,1.5,12.7,7,13.9,1.6,0.6,12.3,14.2,0.2,0.2,0.4,0.074,-2.9,-0.5,-3.4,-0.1
2008/2009,58680000,69929958.12,442114,Miami Heat,16,MIA,Florida,East,Southeast,43,39,0.524,98.3,98,0.49,Shaun Livingston,PG,23,370000,433118,4,0,10.3,0.8,2,0.375,0,0,,0.8,2,0.375,0.375,0.8,1,0.75,0,0.5,0.5,1,0.5,0,0.8,1,2.3,41,5.4,0.461,0,0.5,0,5.9,2.9,14.2,2.6,0,23.5,14.6,-0.1,0,0,-0.021,-7.1,-1.2,-8.3,-0.1
2008/2009,58680000,69929958.12,442114,Oklahoma City Thunder,21,OKC,Oklahoma,West,Northwest,23,59,0.28,97,103.1,-6.04,Shaun Livingston,PG,23,370000,433118,8,1,23.8,3.5,6.5,0.538,0,0,,3.5,6.5,0.538,0.538,0.8,0.8,1,0.4,2.9,3.3,2,0.6,0.3,0.8,1,7.8,190,13.5,0.567,0,0.115,1.8,14.2,7.9,13.8,1.3,0.8,9.9,14.1,0.2,0.1,0.4,0.095,-2,-0.4,-2.4,0
2008/2009,58680000,69929958.12,442114,New Jersey Nets,3,NJN,New Jersey,East,Atlantic,34,48,0.415,98.1,100.5,-2.31,Brook Lopez,C,20,2098560,2456556,82,75,30.5,5.5,10.3,0.531,0,0,0,5.5,10.3,0.532,0.531,2.1,2.6,0.793,2.7,5.4,8.1,1,0.5,1.8,1.8,3.1,13,2501,17.9,0.568,0.002,0.257,10.6,21.2,15.8,6.2,0.9,4.9,13.5,20.3,3.2,2.7,5.8,0.112,-1.2,1.2,0,1.2
2008/2009,58680000,69929958.12,442114,Phoenix Suns,24,PHO,Arizona,West,Pacific,46,36,0.561,109.4,107.5,1.62,Robin Lopez,C,20,1623720,1900712,60,7,10.2,1.2,2.3,0.518,0,0,0,1.2,2.3,0.522,0.518,0.8,1.1,0.691,0.9,1.1,2,0.1,0.2,0.7,0.5,1.6,3.2,614,11.6,0.566,0.007,0.496,10.3,12.1,11.2,1.8,0.9,4.9,14.4,14,0.6,0.4,1.1,0.083,-2.1,-0.2,-2.3,0
2008/2009,58680000,69929958.12,442114,Minnesota Timberwolves,18,MIN,Minnesota,West,Northwest,24,58,0.293,97.8,102.7,-4.74,Kevin Love,C,20,3163680,3703377,81,37,25.3,3.9,8.5,0.459,0,0.2,0.105,3.9,8.3,0.469,0.461,3.3,4.1,0.789,3.4,5.7,9.1,1,0.4,0.6,1.5,2.5,11.1,2048,18.3,0.538,0.028,0.488,15.1,27.3,21,6.8,0.9,1.9,12.4,21,3.4,1.9,5.3,0.124,-0.7,-0.4,-1.1,0.5
2008/2009,58680000,69929958.12,442114,#N/A,#N/A,TOT,#N/A,#N/A,#N/A,#N/A,#N/A,#N/A,#N/A,#N/A,#N/A,Kyle Lowry,PG,22,1163520,1362006,77,21,21.8,2.5,5.6,0.435,0.3,1.3,0.255,2.1,4.4,0.488,0.464,2.4,2.9,0.801,0.3,2.1,2.5,3.6,0.9,0.2,1.5,1.9,7.6,1679,14.4,0.547,0.226,0.521,1.9,11.6,6.8,26.4,2.2,0.8,18,18.1,1.8,1.8,3.6,0.103,-0.5,-0.1,-0.7,0.6
2008/2009,58680000,69929958.12,442114,Memphis Grizzlies,15,MEM,Tennessee,West,Southwest,24,58,0.293,93.9,99.3,-5.23,Kyle Lowry,PG,22,1163520,1362006,49,21,21.9,2.3,5.6,0.412,0.3,1.4,0.246,1.9,4.1,0.468,0.443,2.6,3.3,0.801,0.3,2,2.3,3.6,1,0.2,1.6,1.8,7.6,1071,14.1,0.54,0.254,0.592,1.5,11.4,6.4,26.9,2.4,0.6,18.7,18.4,0.9,0.9,1.8,0.081,-0.7,-0.8,-1.5,0.1
2008/2009,58680000,69929958.12,442114,Houston Rockets,11,HOU,Texas,West,Southwest,53,29,0.646,98.4,94.4,3.73,Kyle Lowry,PG,22,1163520,1362006,28,0,21.7,2.8,5.8,0.475,0.3,1,0.276,2.5,4.8,0.519,0.5,1.9,2.3,0.8,0.5,2.3,2.8,3.5,0.8,0.3,1.4,2,7.6,608,15,0.561,0.179,0.401,2.6,12,7.5,25.7,1.8,1.1,16.6,17.5,0.9,0.9,1.8,0.143,-0.3,1.1,0.8,0.4
2008/2009,58680000,69929958.12,442114,#N/A,#N/A,TOT,#N/A,#N/A,#N/A,#N/A,#N/A,#N/A,#N/A,#N/A,#N/A,Tyronn Lue,PG,31,2250000,2633831,44,0,11.8,1.6,3.7,0.438,0.6,1.4,0.435,1,2.3,0.44,0.522,0.3,0.4,0.737,0.1,0.9,1,1.4,0.2,0,0.5,1.2,4.2,521,10.3,0.537,0.383,0.117,1.3,9.2,5.2,18.6,0.8,0,11.9,16.8,0.5,0.4,0.8,0.078,-1.2,-2.2,-3.4,-0.2
2008/2009,58680000,69929958.12,442114,Milwaukee Bucks,17,MIL,Wisconsin,East,Central,34,48,0.415,99.3,100.4,-0.88,Tyronn Lue,PG,31,2250000,2633831,30,0,13.1,1.8,4,0.454,0.7,1.5,0.467,1.1,2.5,0.446,0.542,0.4,0.5,0.75,0.2,1,1.2,1.5,0.2,0,0.7,1.4,4.7,392,10.6,0.559,0.378,0.134,1.7,9.2,5.3,18.8,0.8,0,14.3,16.8,0.4,0.2,0.6,0.073,-0.9,-2.5,-3.4,-0.1
2008/2009,58680000,69929958.12,442114,Orlando Magic,22,ORL,Florida,East,Southeast,59,23,0.72,101,94.4,6.48,Tyronn Lue,PG,31,2250000,2633831,14,0,9.2,1.2,3.1,0.395,0.4,1.2,0.353,0.8,1.9,0.423,0.465,0.1,0.2,0.667,0,0.8,0.8,1,0.1,0,0.1,0.9,3,129,9.4,0.474,0.395,0.07,0,9.4,4.8,17.8,0.8,0,4.3,16.6,0.1,0.2,0.3,0.093,-2.1,-1.5,-3.6,-0.1
2008/2009,58680000,69929958.12,442114,Minnesota Timberwolves,18,MIN,Minnesota,West,Northwest,24,58,0.293,97.8,102.7,-4.74,Mark Madsen,C,33,2630000,3078655,19,1,6.1,0.2,0.7,0.214,0,0,,0.2,0.7,0.214,0.214,0,0.2,0,0.5,0.4,0.9,0.2,0.1,0.1,0.2,0.9,0.3,116,-0.1,0.19,0,0.286,9.7,8.4,9.1,4.7,0.5,0.7,16,7.3,-0.2,0,-0.1,-0.061,-6.4,-0.1,-6.4,-0.1
2008/2009,58680000,69929958.12,442114,Golden State Warriors,10,GSW,California,West,Pacific,29,53,0.354,108.6,112.3,-3.8,Corey Maggette,PF,29,8275862,9687654,51,19,31.1,5.7,12.4,0.461,0.5,1.9,0.253,5.3,10.6,0.497,0.479,6.7,8.1,0.824,1,4.6,5.5,1.8,0.9,0.2,2.4,3.8,18.6,1588,16.9,0.582,0.15,0.655,3.4,16,9.7,9.2,1.4,0.3,12.8,25.2,2.8,0.6,3.3,0.1,0.2,-2.8,-2.6,-0.2
2008/2009,58680000,69929958.12,442114,Miami Heat,16,MIA,Florida,East,Southeast,43,39,0.524,98.3,98,0.49,Jamaal Magloire,C,30,1141838,1336625,55,12,12.9,1.2,2.4,0.496,0,0,,1.2,2.4,0.496,0.496,0.5,1.1,0.483,1.5,2.5,4,0.4,0.2,0.5,0.6,2.2,2.9,709,10.6,0.505,0,0.458,13.7,23.8,18.7,4.6,0.8,2.9,16.9,12.5,0.4,0.9,1.3,0.089,-4.1,0.6,-3.4,-0.3
2008/2009,58680000,69929958.12,442114,Boston Celtics,2,BOS,Massachusetts,East,Atlantic,62,20,0.756,100.9,93.4,7.44,Stephon Marbury,PG,31,20840625,24395860,23,4,18,1.7,4.8,0.342,0.3,1.1,0.24,1.4,3.7,0.372,0.369,0.3,0.6,0.462,0.1,1.1,1.2,3.3,0.4,0.1,1.6,1.5,3.8,414,4.4,0.377,0.225,0.117,0.6,7.3,4.1,26.6,1.3,0.6,24.1,17.3,-0.9,0.5,-0.3,-0.038,-6.2,-1.1,-7.3,-0.6
2008/2009,58680000,69929958.12,442114,#N/A,#N/A,TOT,#N/A,#N/A,#N/A,#N/A,#N/A,#N/A,#N/A,#N/A,#N/A,Shawn Marion,SF,30,17810000,20848236,69,68,35.8,5.5,11.4,0.485,0.1,0.8,0.189,5.4,10.7,0.506,0.491,1.7,2.1,0.796,2.6,5.9,8.5,2,1.3,1,1.5,1.9,12.9,2470,16,0.522,0.067,0.187,8.6,19.7,14.2,9.3,1.9,2.1,11,18.1,2.1,3.1,5.2,0.101,-0.8,1.9,1.1,1.9
2008/2009,58680000,69929958.12,442114,Miami Heat,16,MIA,Florida,East,Southeast,43,39,0.524,98.3,98,0.49,Shawn Marion,SF,30,17810000,20848236,42,41,36.1,5.1,10.6,0.482,0.2,1,0.2,4.9,9.7,0.51,0.491,1.6,2,0.788,2.5,6.1,8.7,1.8,1.4,1.1,1.3,2.2,12,1516,15.7,0.522,0.09,0.191,8.4,20.5,14.4,8.2,2,2.4,10.4,16.7,1.4,2.2,3.6,0.113,-1.2,2.2,1.1,1.2
2008/2009,58680000,69929958.12,442114,Toronto Raptors,28,TOR,Ontario,East,Atlantic,33,49,0.402,99,101.9,-2.54,Shawn Marion,SF,30,17810000,20848236,27,27,35.3,6.2,12.7,0.488,0.1,0.5,0.154,6.1,12.2,0.502,0.491,1.9,2.3,0.806,2.7,5.6,8.3,2.3,1.1,0.8,1.8,1.5,14.3,954,16.4,0.523,0.038,0.181,9.1,18.4,13.8,10.9,1.7,1.7,11.7,20.2,0.7,1,1.6,0.082,-0.3,1.4,1.1,0.7
2008/2009,58680000,69929958.12,442114,New Orleans Hornets,19,NOH,Louisiana,West,Southwest,49,33,0.598,95.8,94.3,1.41,Sean Marks,C,33,1141838,1336625,60,5,14,1.3,2.8,0.485,0,0.2,0.2,1.3,2.6,0.503,0.491,0.5,0.7,0.682,1,2.1,3.1,0.2,0.1,0.6,0.6,2,3.2,838,8.8,0.521,0.061,0.267,9,18,13.5,2.6,0.5,3.3,16,12.6,0.2,1,1.2,0.067,-4.5,0.4,-4.1,-0.5
2008/2009,58680000,69929958.12,442114,Philadelphia 76ers,23,PHI,Pennsylvania,East,Atlantic,41,41,0.5,97.4,97.3,0.16,Donyell Marshall,PF,35,7213169,8443674,25,0,7.6,1.3,2.9,0.452,1,2.2,0.455,0.3,0.7,0.444,0.623,0.1,0.2,0.5,0.2,1.4,1.6,0.6,0.2,0.2,0.2,1,3.8,189,18.9,0.621,0.753,0.082,3.8,21.7,12.7,13.6,1.1,2.1,7.3,19.7,0.6,0.2,0.8,0.201,4.4,-1.1,3.3,0.3
2008/2009,58680000,69929958.12,442114,Charlotte Bobcats,4,CHA,North Carolina,East,Southeast,35,47,0.427,93.6,94.9,-1.2,Cartier Martin,SF,24,200252,234413,33,1,8.1,0.8,2.3,0.364,0.3,1,0.303,0.5,1.3,0.409,0.429,0.6,0.8,0.8,0.2,0.8,1,0.4,0.2,0.1,0.3,1,2.6,266,9.2,0.489,0.429,0.325,3.3,12,7.7,8,1.6,1.2,9.3,17.2,0.1,0.3,0.4,0.07,-2.7,-0.9,-3.5,-0.1
2008/2009,58680000,69929958.12,442114,Denver Nuggets,8,DEN,Colorado,West,Northwest,54,28,0.659,104.3,100.9,3.13,Kenyon Martin,PF,31,14431816,16893762,66,66,32,4.8,9.8,0.491,0.2,0.6,0.368,4.6,9.2,0.498,0.502,1.8,3,0.604,1.2,4.8,6,2,1.5,1.1,1.6,3,11.7,2111,13.6,0.523,0.059,0.304,4.6,16.8,10.9,10,2.3,2.7,12.4,17.7,0.9,3.1,4,0.09,-1.6,2.5,0.9,1.6
2008/2009,58680000,69929958.12,442114,Sacramento Kings,26,SAC,California,West,Pacific,17,65,0.207,100.6,109.3,-8.6,Kevin Martin,SG,25,8760335,10254774,51,46,38.2,6.7,15.9,0.42,2.3,5.4,0.415,4.4,10.5,0.423,0.491,9,10.3,0.867,0.6,3,3.6,2.7,1.2,0.2,2.9,2.3,24.6,1947,19.2,0.601,0.342,0.65,1.7,9.3,5.5,12.3,1.6,0.3,12.3,27.4,4.7,0.1,4.7,0.117,3.1,-3.4,-0.3,0.8
2008/2009,58680000,69929958.12,442114,Oklahoma City Thunder,21,OKC,Oklahoma,West,Northwest,23,59,0.28,97,103.1,-6.04,Desmond Mason,SG,31,5300000,6204135,39,19,27.3,3.2,7.3,0.435,0,0.1,0,3.2,7.2,0.44,0.435,1.2,2.2,0.541,1.1,3,4,1.2,0.4,0.8,1.4,2.5,7.5,1064,7.1,0.456,0.011,0.298,4.4,12.8,8.5,6.7,0.7,2.1,14.8,15.7,-1,0.7,-0.3,-0.012,-5,0.1,-4.9,-0.8
2008/2009,58680000,69929958.12,442114,San Antonio Spurs,27,SAS,Texas,West,Southwest,54,28,0.659,97,93.3,3.36,Roger Mason,SG,28,3500000,4097070,82,71,30.4,4.3,10,0.425,2,4.8,0.421,2.2,5.2,0.428,0.526,1.3,1.4,0.89,0.2,2.9,3.1,2.1,0.5,0.1,1.2,2,11.8,2496,11.9,0.554,0.479,0.144,0.8,11.1,6,11.1,0.9,0.4,10.3,18.9,1.9,2.9,4.7,0.091,0,-0.4,-0.4,1
2008/2009,58680000,69929958.12,442114,Detroit Pistons,9,DET,Michigan,East,Central,39,43,0.476,94.2,94.7,-0.36,Jason Maxiell,C,25,1877572,2197870,78,4,18.1,2.4,4.1,0.575,0,0,0,2.4,4.1,0.577,0.575,1.1,2,0.532,2.2,2,4.2,0.3,0.3,0.8,0.6,2,5.8,1408,15.8,0.58,0.003,0.494,14,13.2,13.7,2.8,1,3.5,10.4,14.7,2.6,1.5,4.1,0.141,-0.3,0.4,0.1,0.7
2008/2009,58680000,69929958.12,442114,Charlotte Bobcats,4,CHA,North Carolina,East,Southeast,35,47,0.427,93.6,94.9,-1.2,Sean May,PF,24,2661027,3114975,24,12,12.5,1.6,4.1,0.398,0,0,1,1.6,4,0.392,0.403,0.6,0.8,0.7,0.8,2,2.9,0.4,0.2,0.2,1.1,1.3,3.9,301,6.2,0.435,0.01,0.204,8.3,20,14.2,5.6,0.9,1.1,19.6,20.8,-0.7,0.4,-0.3,-0.045,-7.8,-0.9,-8.8,-0.5
2008/2009,58680000,69929958.12,442114,Memphis Grizzlies,15,MEM,Tennessee,West,Southwest,24,58,0.293,93.9,99.3,-5.23,OJ Mayo,SG,21,3875040,4536089,82,82,38,6.9,15.6,0.438,1.8,4.6,0.384,5.1,11,0.461,0.495,3,3.4,0.879,0.7,3.1,3.8,3.2,1.1,0.2,2.8,2.5,18.5,3120,14.2,0.539,0.295,0.219,2.2,10.1,6.1,15.5,1.6,0.3,13.8,24.5,1.5,1.8,3.4,0.052,0.7,-1.6,-0.9,0.9
2008/2009,58680000,69929958.12,442114,Milwaukee Bucks,17,MIL,Wisconsin,East,Central,34,48,0.415,99.3,100.4,-0.88,Luc Mbah a Moute,PF,22,757000,886137,82,52,25.8,2.8,6,0.462,0,0,0,2.8,5.9,0.466,0.462,1.7,2.3,0.729,2.3,3.6,5.9,1.1,1.1,0.5,1.2,2.5,7.2,2114,12.3,0.516,0.008,0.391,10.1,17.4,13.6,6.3,2.1,1.8,14.8,14.3,1.2,2.8,4,0.092,-1.9,2.2,0.2,1.2
2008/2009,58680000,69929958.12,442114,#N/A,#N/A,TOT,#N/A,#N/A,#N/A,#N/A,#N/A,#N/A,#N/A,#N/A,#N/A,Rashad McCants,SG,24,2620126,3067097,58,3,19,3.3,8.4,0.393,1.1,3.3,0.333,2.2,5.2,0.431,0.458,1.8,2.4,0.759,0.4,1.5,1.9,1.2,0.8,0.2,1.1,1.8,9.6,1101,13,0.504,0.387,0.289,2.2,9.7,5.8,10.7,2.2,1,10.4,25.1,0,0.5,0.6,0.025,-0.9,-2.6,-3.5,-0.4
2008/2009,58680000,69929958.12,442114,Minnesota Timberwolves,18,MIN,Minnesota,West,Northwest,24,58,0.293,97.8,102.7,-4.74,Rashad McCants,SG,24,2620126,3067097,34,2,18.7,3.1,8.6,0.36,1.1,3.5,0.319,2,5.1,0.387,0.425,1.8,2.4,0.741,0.3,1.5,1.9,0.9,0.8,0.2,1.3,1.9,9.1,636,9.9,0.47,0.408,0.277,1.9,9.9,5.8,8.5,2.2,0.7,12.1,26.4,-0.7,0.4,-0.3,-0.024,-2.5,-2.5,-5,-0.5
2008/2009,58680000,69929958.12,442114,Sacramento Kings,26,SAC,California,West,Pacific,17,65,0.207,100.6,109.3,-8.6,Rashad McCants,SG,24,2620126,3067097,24,1,19.4,3.6,8.2,0.444,1,2.9,0.357,2.6,5.3,0.492,0.508,2,2.5,0.783,0.4,1.5,2,1.5,0.8,0.3,0.8,1.7,10.3,465,17.2,0.553,0.357,0.306,2.5,9.4,5.9,13.7,2.2,1.3,7.9,23.3,0.8,0.1,0.9,0.092,1.4,-2.8,-1.3,0.1
2008/2009,58680000,69929958.12,442114,Detroit Pistons,9,DET,Michigan,East,Central,39,43,0.476,94.2,94.7,-0.36,Antonio McDyess,PF,34,3950419,4624326,62,30,30.1,4.3,8.5,0.51,0,0,,4.3,8.5,0.51,0.51,1,1.4,0.698,3,6.8,9.8,1.3,0.7,0.8,0.8,3.1,9.6,1866,16.6,0.529,0,0.164,11.6,27.2,19.3,7.3,1.2,2.1,8.3,15.7,2.8,2.8,5.6,0.144,-0.7,1.8,1.1,1.5
2008/2009,58680000,69929958.12,442114,Washington Wizards,30,WAS,Washington DC,East,Southeast,19,63,0.232,96.1,103.5,-6.98,JaVale McGee,C,21,1392240,1629744,75,14,15.2,2.5,5.2,0.494,0,0,,2.5,5.2,0.494,0.494,1.4,2.2,0.66,1.6,2.3,3.9,0.3,0.4,1,0.8,2.1,6.5,1143,17,0.534,0,0.419,12,18.4,15.1,3.4,1.5,5.4,11.7,20.7,1.1,0.9,2,0.084,-2.5,-0.6,-3.1,-0.3
2008/2009,58680000,69929958.12,442114,Houston Rockets,11,HOU,Texas,West,Southwest,53,29,0.646,98.4,94.4,3.73,Tracy McGrady,SG,29,20370437,23845462,35,35,33.7,5.4,13.9,0.388,1.3,3.3,0.376,4.1,10.5,0.391,0.433,3.6,4.5,0.801,0.6,3.8,4.4,5,1.2,0.4,2,1.1,15.6,1181,16.3,0.492,0.241,0.322,2.1,12.7,7.6,25.2,1.9,0.9,11.1,24.5,0.9,1.8,2.7,0.108,0.4,1,1.4,1
2008/2009,58680000,69929958.12,442114,Washington Wizards,30,WAS,Washington DC,East,Southeast,19,63,0.232,96.1,103.5,-6.98,Dominic McGuire,SF,23,711517,832895,79,57,26.2,1.8,4.1,0.432,0,0.1,0.5,1.7,4.1,0.431,0.435,0.9,1.3,0.725,1.4,4,5.4,2.5,0.8,0.9,1.2,1.9,4.5,2072,10.8,0.483,0.012,0.315,6.2,18.4,12.1,13.8,1.6,2.9,20,10.1,0.5,1.3,1.7,0.04,-2.7,2.2,-0.5,0.8
2008/2009,58680000,69929958.12,442114,Indiana Pacers,12,IND,Indiana,East,Central,36,46,0.439,105.1,106.2,-0.76,Josh McRoberts,PF,21,711517,832895,33,0,8.5,1.1,2.5,0.422,0,0.3,0,1.1,2.2,0.479,0.422,0.3,0.4,0.769,0.8,1.5,2.2,0.5,0.4,0.5,0.4,1.2,2.4,279,12.5,0.451,0.12,0.157,10.2,19.1,14.6,8.4,2.1,4.3,11.9,15.7,0,0.4,0.4,0.073,-3.3,2.2,-1.1,0.1
2008/2009,58680000,69929958.12,442114,#N/A,#N/A,TOT,#N/A,#N/A,#N/A,#N/A,#N/A,#N/A,#N/A,#N/A,#N/A,Pops Mensah-Bonsu,PF,25,#N/A,#N/A,22,0,12.9,1.8,4.7,0.379,0,0.1,0,1.8,4.6,0.386,0.379,1.5,2.2,0.688,2.5,2.6,5.1,0.3,0.4,0.2,0.9,2,5,283,14.5,0.447,0.019,0.466,23.1,23.8,23.5,3.3,1.7,1.4,13.3,23.4,0,0.4,0.3,0.058,-3.6,-2.7,-6.2,-0.3
2008/2009,58680000,69929958.12,442114,San Antonio Spurs,27,SAS,Texas,West,Southwest,54,28,0.659,97,93.3,3.36,Pops Mensah-Bonsu,PF,25,#N/A,#N/A,3,0,6.7,1.7,2.3,0.714,0,0,,1.7,2.3,0.714,0.714,1.7,2.3,0.714,1.7,1.7,3.3,0,0.3,0.3,0.7,2,5,20,35.8,0.744,0,1,30.2,29.4,29.8,0,2.7,3.7,16.6,29.3,0.1,0.1,0.2,0.418,2.7,-5.6,-2.9,0
2008/2009,58680000,69929958.12,442114,Toronto Raptors,28,TOR,Ontario,East,Atlantic,33,49,0.402,99,101.9,-2.54,Pops Mensah-Bonsu,PF,25,#N/A,#N/A,19,0,13.8,1.8,5.1,0.354,0,0.1,0,1.8,4.9,0.362,0.354,1.5,2.2,0.683,2.6,2.8,5.4,0.3,0.4,0.2,0.9,1.9,5.1,263,12.9,0.421,0.021,0.427,22.5,23.4,23,3.6,1.6,1.2,13,23,-0.1,0.3,0.2,0.031,-4,-2.4,-6.5,-0.3
2008/2009,58680000,69929958.12,442114,Los Angeles Lakers,14,LAL,California,West,Pacific,65,17,0.793,106.9,99.3,7.11,Chris Mihm,C,29,2500000,2926478,18,0,5.8,0.8,2.2,0.375,0,0,,0.8,2.2,0.375,0.375,0.3,0.4,0.857,0.8,1.1,1.9,0.6,0.1,0.3,0.6,1.3,2,105,10,0.418,0,0.175,16.4,20.2,18.3,13.7,0.5,4.4,18.8,22.2,-0.1,0.2,0.1,0.026,-4.9,1.2,-3.7,0
2008/2009,58680000,69929958.12,442114,Utah Jazz,29,UTA,Utah,West,Northwest,48,34,0.585,103.6,100.9,2.31,CJ Miles,SG,21,3700000,4331188,72,72,22.5,3.6,7.8,0.459,0.9,2.5,0.352,2.7,5.3,0.509,0.515,1.1,1.2,0.876,0.6,1.7,2.3,1.5,0.6,0.2,0.9,2.6,9.1,1623,11.8,0.546,0.319,0.158,3.3,9,6.1,10.4,1.5,0.7,9.6,18.4,1.6,1.3,2.9,0.086,0.1,-1.1,-0.9,0.4
2008/2009,58680000,69929958.12,442114,Memphis Grizzlies,15,MEM,Tennessee,West,Southwest,24,58,0.293,93.9,99.3,-5.23,Darius Miles,SF,27,9704752,11360300,34,0,8.8,1.4,2.9,0.485,0,0.2,0.167,1.4,2.7,0.505,0.49,0.7,0.9,0.742,0.6,1.1,1.7,0.5,0.3,0.6,0.6,0.9,3.5,298,16.1,0.533,0.061,0.313,7.7,15.9,11.7,10.1,2,5.5,15.7,21,0.1,0.4,0.5,0.077,-2.9,1.6,-1.2,0.1
2008/2009,58680000,69929958.12,442114,Memphis Grizzlies,15,MEM,Tennessee,West,Southwest,24,58,0.293,93.9,99.3,-5.23,Darko Milicic,C,23,7020000,8217553,61,15,17,2.2,4.4,0.515,0,0,,2.2,4.4,0.515,0.515,1,1.7,0.562,1.4,3,4.3,0.6,0.4,0.8,0.8,2.2,5.5,1034,13.8,0.533,0,0.395,9.7,21.8,15.7,5.6,1.1,4,13.3,16.3,0.7,1.2,1.9,0.088,-3,0.8,-2.2,0
2008/2009,58680000,69929958.12,442114,Philadelphia 76ers,23,PHI,Pennsylvania,East,Atlantic,41,41,0.5,97.4,97.3,0.16,Andre Miller,PG,32,10333334,12096113,82,82,36.3,6,12.7,0.473,0.2,0.6,0.283,5.8,12,0.483,0.48,4.1,5,0.826,1.5,3,4.5,6.5,1.3,0.2,2.4,2.4,16.3,2976,18.6,0.548,0.051,0.393,4.9,9.9,7.4,30.2,2,0.4,14,21.8,6.2,2.5,8.8,0.141,2.8,0.1,2.8,3.6
2008/2009,58680000,69929958.12,442114,#N/A,#N/A,TOT,#N/A,#N/A,#N/A,#N/A,#N/A,#N/A,#N/A,#N/A,#N/A,Brad Miller,C,32,11375000,13315479,70,43,30,4.2,8.8,0.476,0.3,0.8,0.411,3.8,8,0.482,0.494,3.2,3.9,0.824,2.1,5.6,7.8,3.3,0.7,0.5,1.9,3.2,11.9,2100,16.7,0.566,0.091,0.443,8.3,21.9,15,17.9,1.3,1.3,15.1,18.4,3.6,1.5,5.1,0.117,0.6,0.6,1.2,1.7
2008/2009,58680000,69929958.12,442114,Sacramento Kings,26,SAC,California,West,Pacific,17,65,0.207,100.6,109.3,-8.6,Brad Miller,C,32,11375000,13315479,43,43,31.5,4.3,9,0.474,0.5,1,0.465,3.8,8,0.475,0.5,2.9,3.6,0.801,1.9,6.1,8,3.4,0.7,0.6,1.9,3.1,11.9,1354,15.7,0.562,0.111,0.402,7.1,22.7,14.8,17.8,1.1,1.3,15.4,17.9,1.9,0.6,2.6,0.091,0,0.3,0.3,0.8
2008/2009,58680000,69929958.12,442114,Chicago Bulls,5,CHI,Illinois,East,Central,41,41,0.5,102.2,102.5,-0.16,Brad Miller,C,32,11375000,13315479,27,0,27.6,4,8.4,0.478,0.1,0.5,0.231,3.9,7.9,0.493,0.485,3.7,4.3,0.853,2.5,5,7.4,3.2,0.8,0.4,1.7,3.3,11.8,746,18.6,0.574,0.058,0.513,10.3,20.5,15.4,18,1.5,1.2,14.5,19.4,1.7,0.9,2.6,0.165,1.7,1.1,2.8,0.9
2008/2009,58680000,69929958.12,442114,Minnesota Timberwolves,18,MIN,Minnesota,West,Northwest,24,58,0.293,97.8,102.7,-4.74,Mike Miller,SF,28,9028575,10568774,73,47,32.3,3.6,7.5,0.482,1.2,3.1,0.378,2.5,4.4,0.554,0.559,1.5,2,0.732,1,5.6,6.6,4.5,0.4,0.4,2,1.9,9.9,2356,13.8,0.588,0.411,0.272,3.5,21.2,12,21.6,0.7,1,19.1,14.5,2.8,1.4,4.2,0.086,0.6,0.8,1.4,2.1
2008/2009,58680000,69929958.12,442114,Utah Jazz,29,UTA,Utah,West,Northwest,48,34,0.585,103.6,100.9,2.31,Paul Millsap,PF,23,797581,933641,76,38,30.1,5.3,9.9,0.534,0,0.1,0,5.3,9.8,0.537,0.534,3,4.3,0.699,3.3,5.3,8.6,1.8,1,1,1.7,3.8,13.5,2290,18.6,0.576,0.005,0.435,13.1,21,17,9.8,1.8,2.5,12.6,20,4.5,3.3,7.7,0.162,1.3,1.9,3.3,3
2008/2009,58680000,69929958.12,442114,Houston Rockets,11,HOU,Texas,West,Southwest,53,29,0.646,98.4,94.4,3.73,Yao Ming,C,28,15070550,17641459,77,77,33.6,7.4,13.4,0.548,0,0,1,7.3,13.4,0.548,0.549,4.9,5.7,0.866,2.6,7.2,9.9,1.8,0.4,1.9,3,3.3,19.7,2589,22.7,0.618,0.001,0.426,9.6,24.1,17.1,10,0.6,4.2,16,26.2,5.6,5,10.6,0.196,0.6,2.4,3,3.3
2008/2009,58680000,69929958.12,442114,Los Angeles Clippers,13,LAC,California,West,Pacific,19,63,0.232,95.1,103.9,-8.47,Cuttino Mobley,SG,33,9100000,10652383,11,11,33.2,5.7,13.3,0.432,1.1,3.2,0.343,4.6,10.1,0.459,0.473,1.2,1.6,0.722,0.8,1.8,2.6,1.1,1.4,0.2,1.6,1.9,13.7,365,10.3,0.491,0.24,0.123,2.8,6.5,4.6,5.8,2.1,0.4,10.5,21.5,-0.3,0.1,-0.1,-0.017,-2.8,-2.3,-5.1,-0.3
2008/2009,58680000,69929958.12,442114,Charlotte Bobcats,4,CHA,North Carolina,East,Southeast,35,47,0.427,93.6,94.9,-1.2,Nazr Mohammed,C,31,6049400,7081376,39,1,8.7,1.1,2.6,0.406,0,0,,1.1,2.6,0.406,0.406,0.6,1,0.55,0.9,1.1,2,0.2,0.1,0.4,0.6,1.6,2.7,341,7.7,0.438,0,0.396,12.8,15.9,14.3,3.9,0.8,3.9,16.2,19.6,-0.4,0.5,0,0.004,-6.4,-0.1,-6.5,-0.4
2008/2009,58680000,69929958.12,442114,#N/A,#N/A,TOT,#N/A,#N/A,#N/A,#N/A,#N/A,#N/A,#N/A,#N/A,#N/A,Jamario Moon,SF,28,711517,832895,80,60,25.9,2.8,5.9,0.468,0.8,2.3,0.355,2,3.6,0.54,0.537,0.9,1,0.85,0.7,3.8,4.6,1.2,1.1,0.8,0.5,1.7,7.2,2068,13.3,0.567,0.386,0.169,3.3,17.5,10.4,7,2.2,2.3,7.8,12.4,2.4,2.5,4.9,0.114,-0.4,2,1.6,1.9
2008/2009,58680000,69929958.12,442114,Toronto Raptors,28,TOR,Ontario,East,Atlantic,33,49,0.402,99,101.9,-2.54,Jamario Moon,SF,28,711517,832895,54,39,25.5,2.8,5.9,0.473,0.7,2,0.345,2.1,3.8,0.541,0.533,1,1.2,0.846,0.9,3.7,4.6,1.3,1.2,0.8,0.6,1.6,7.3,1379,14.2,0.569,0.347,0.205,4.1,16.9,10.6,7.7,2.5,2.5,8.2,12.6,1.7,1.7,3.4,0.119,0.2,2.6,2.8,1.7
2008/2009,58680000,69929958.12,442114,Miami Heat,16,MIA,Florida,East,Southeast,43,39,0.524,98.3,98,0.49,Jamario Moon,SF,28,711517,832895,26,21,26.5,2.8,6,0.459,1,2.8,0.37,1.7,3.2,0.536,0.545,0.5,0.6,0.867,0.4,4.1,4.5,1,0.8,0.6,0.5,1.8,7.1,689,11.6,0.562,0.465,0.096,1.7,18.6,10.1,5.5,1.6,1.9,6.8,12,0.6,0.8,1.5,0.103,-1.6,1,-0.7,0.2
2008/2009,58680000,69929958.12,442114,#N/A,#N/A,TOT,#N/A,#N/A,#N/A,#N/A,#N/A,#N/A,#N/A,#N/A,#N/A,Mikki Moore,PF-C,33,5632200,6593005,70,20,17.2,1.6,2.9,0.553,0,0,,1.6,2.9,0.553,0.553,0.7,0.9,0.787,1.1,2.6,3.7,0.8,0.2,0.3,0.7,3,3.9,1202,8.9,0.593,0,0.296,7.6,17.7,12.7,6.6,0.7,1.2,17.1,10.6,1.2,0.9,2.1,0.083,-2.3,0.1,-2.2,-0.1
2008/2009,58680000,69929958.12,442114,Sacramento Kings,26,SAC,California,West,Pacific,17,65,0.207,100.6,109.3,-8.6,Mikki Moore,PF,33,5632200,6593005,46,20,16.2,1.4,2.6,0.521,0,0,,1.4,2.6,0.521,0.521,0.7,0.9,0.81,1,2.3,3.3,0.6,0.3,0.3,0.6,2.4,3.5,746,8.6,0.574,0,0.347,7,16.9,11.9,5.6,0.9,1.4,16.2,10,0.6,0.2,0.8,0.052,-3,-0.6,-3.6,-0.3
2008/2009,58680000,69929958.12,442114,Boston Celtics,2,BOS,Massachusetts,East,Atlantic,62,20,0.756,100.9,93.4,7.44,Mikki Moore,C,33,5632200,6593005,24,0,19,2.1,3.5,0.6,0,0,,2.1,3.5,0.6,0.6,0.6,0.8,0.737,1.3,3.1,4.4,1,0.2,0.2,0.9,4,4.8,456,9.3,0.621,0,0.224,8.7,19.1,14.1,8.3,0.5,0.9,18.4,11.7,0.6,0.7,1.3,0.135,-1.3,1.3,0.1,0.2
2008/2009,58680000,69929958.12,442114,Atlanta Hawks,1,ATL,Georgia,East,Southeast,47,35,0.573,98.1,96.5,1.7,Randolph Morris,C,23,797581,933641,23,0,3.9,0.3,0.7,0.412,0,0,,0.3,0.7,0.412,0.412,0.2,0.2,1,0.2,0.7,0.9,0.1,0.1,0,0.3,1.1,0.8,89,1.8,0.48,0,0.235,5.3,21,13.2,3.3,1.2,0.9,27.2,13.6,-0.1,0.1,0,-0.013,-8,-0.5,-8.5,-0.1
2008/2009,58680000,69929958.12,442114,#N/A,#N/A,TOT,#N/A,#N/A,#N/A,#N/A,#N/A,#N/A,#N/A,#N/A,#N/A,Adam Morrison,SF,24,4159200,4868724,52,5,13.7,1.5,4.3,0.359,0.6,1.8,0.333,0.9,2.4,0.378,0.43,0.3,0.4,0.739,0.3,1.2,1.5,0.8,0.2,0.1,0.6,1.5,4,711,5.7,0.448,0.43,0.103,3.1,10.6,6.9,9.4,0.7,0.5,12.1,17.5,-0.6,0.6,0,0.001,-3.8,-1.7,-5.5,-0.6
2008/2009,58680000,69929958.12,442114,Charlotte Bobcats,4,CHA,North Carolina,East,Southeast,35,47,0.427,93.6,94.9,-1.2,Adam Morrison,SF,24,4159200,4868724,44,5,15.2,1.7,4.8,0.36,0.7,2.1,0.337,1,2.7,0.378,0.434,0.4,0.5,0.762,0.4,1.3,1.6,0.9,0.2,0.1,0.7,1.7,4.5,667,5.8,0.452,0.436,0.1,3,10.3,6.7,9.4,0.7,0.5,11.6,17.6,-0.5,0.5,0.1,0.004,-3.6,-1.7,-5.3,-0.6
2008/2009,58680000,69929958.12,442114,Los Angeles Lakers,14,LAL,California,West,Pacific,65,17,0.793,106.9,99.3,7.11,Adam Morrison,SF,24,4159200,4868724,8,0,5.5,0.5,1.5,0.333,0.1,0.5,0.25,0.4,1,0.375,0.375,0.1,0.3,0.5,0.3,0.8,1,0.4,0,0,0.4,0.5,1.3,44,2.9,0.388,0.333,0.167,5.2,15.2,10.3,9.2,0,0,18.9,15.9,-0.1,0,0,-0.045,-6.4,-2.1,-8.5,-0.1
2008/2009,58680000,69929958.12,442114,Golden State Warriors,10,GSW,California,West,Pacific,29,53,0.354,108.6,112.3,-3.8,Anthony Morrow,SG,23,442114,517534,67,17,22.6,3.8,8,0.478,1.3,2.7,0.467,2.5,5.2,0.483,0.558,1.2,1.4,0.87,1.2,1.8,3,1.2,0.5,0.2,0.8,1.9,10.1,1515,14.7,0.588,0.345,0.172,5.6,8.7,7.1,8.2,1.2,0.5,8.3,17.7,3,0,3,0.096,1.9,-2.9,-1,0.4
2008/2009,58680000,69929958.12,442114,Indiana Pacers,12,IND,Indiana,East,Central,36,46,0.439,105.1,106.2,-0.76,Troy Murphy,PF,28,10126984,11854562,73,73,34,5,10.5,0.475,2.2,4.9,0.45,2.8,5.6,0.496,0.58,2.1,2.5,0.826,2,9.8,11.8,2.4,0.8,0.5,1.6,3.1,14.3,2482,17.8,0.614,0.467,0.24,6.4,32,19.1,10.4,1.2,1,11.9,16.9,5.2,3.4,8.5,0.165,2,1,3,3.1
2008/2009,58680000,69929958.12,442114,Atlanta Hawks,1,ATL,Georgia,East,Southeast,47,35,0.573,98.1,96.5,1.7,Ronald Murray,SG,29,1500000,1755887,80,2,24.7,4.4,9.9,0.447,1.1,3,0.36,3.4,6.9,0.485,0.501,2.2,2.9,0.76,0.3,1.8,2.1,2,1.1,0.2,1.6,2.2,12.2,1975,14.7,0.543,0.304,0.293,1.3,8.7,5,14,2.4,0.7,12.5,24.3,1.2,2,3.1,0.076,-0.2,-1.3,-1.5,0.3
2008/2009,58680000,69929958.12,442114,Houston Rockets,11,HOU,Texas,West,Southwest,53,29,0.646,98.4,94.4,3.73,Dikembe Mutombo,C,42,794491,930024,9,2,10.7,0.6,1.4,0.385,0,0,,0.6,1.4,0.385,0.385,0.7,1,0.667,1.3,2.3,3.7,0,0,1.2,0.7,1.2,1.8,96,10.8,0.472,0,0.692,15.2,24.5,20,0,0,8.3,26.1,11.1,0,0.2,0.2,0.088,-7.7,1,-6.7,-0.1
2008/2009,58680000,69929958.12,442114,New Jersey Nets,3,NJN,New Jersey,East,Atlantic,34,48,0.415,98.1,100.5,-2.31,Eduardo Najera,PF,32,3250000,3804422,27,0,11.8,1.2,2.7,0.446,0.2,0.9,0.2,1,1.8,0.571,0.48,0.3,0.8,0.364,0.6,1.9,2.5,0.7,0.4,0.1,0.7,1.9,2.9,319,7.7,0.472,0.338,0.297,6.3,18.9,12.5,9.4,1.7,1,17.7,14.9,-0.2,0.3,0.1,0.01,-3.7,-0.1,-3.8,-0.1
2008/2009,58680000,69929958.12,442114,Phoenix Suns,24,PHO,Arizona,West,Pacific,46,36,0.561,109.4,107.5,1.62,Steve Nash,PG,34,12250000,14339747,74,74,33.6,5.8,11.5,0.503,1.5,3.3,0.439,4.3,8.2,0.529,0.566,2.6,2.8,0.933,0.3,2.8,3,9.7,0.7,0.1,3.4,1.5,15.7,2484,19.5,0.615,0.289,0.247,0.9,9.2,5.2,42.4,1.1,0.3,20.8,21.1,6.7,0.5,7.3,0.14,3.5,-3.4,0,1.3
2008/2009,58680000,69929958.12,442114,Golden State Warriors,10,GSW,California,West,Pacific,29,53,0.354,108.6,112.3,-3.8,DeMarcus Nelson,PG,23,182047,213102,13,5,13.2,1.8,4.2,0.444,0,0.2,0,1.8,3.9,0.471,0.444,0.4,1.1,0.357,0.5,1.4,1.8,1,0.7,0.2,1.2,1.8,4.1,171,6.5,0.44,0.056,0.259,3.8,11.4,7.6,11.3,2.6,0.8,20,18.8,-0.3,0.1,-0.3,-0.071,-5.6,-1,-6.6,-0.2
2008/2009,58680000,69929958.12,442114,Orlando Magic,22,ORL,Florida,East,Southeast,59,23,0.72,101,94.4,6.48,Jameer Nelson,PG,26,7700000,9013555,42,42,31.2,6.4,12.6,0.503,2,4.3,0.453,4.4,8.3,0.529,0.58,2,2.3,0.887,0.5,3,3.5,5.4,1.2,0.1,2,2.9,16.7,1309,20.6,0.612,0.341,0.183,1.8,10.5,6.2,32.1,2,0.2,12.6,23.2,3.9,2.1,6,0.22,4.8,0.4,5.1,2.4
2008/2009,58680000,69929958.12,442114,Indiana Pacers,12,IND,Indiana,East,Central,36,46,0.439,105.1,106.2,-0.76,Radoslav Nesterovic,C,32,8400000,9832969,70,19,17.3,3.2,6.2,0.513,0,0,0,3.2,6.2,0.514,0.513,0.4,0.5,0.781,1.3,2.1,3.4,1.6,0.4,0.5,0.9,2.4,6.8,1214,14.1,0.524,0.002,0.073,8.4,13.5,10.9,14.3,1.2,2.3,12.3,18.5,1.1,1.1,2.2,0.086,-1.1,0.4,-0.8,0.4
2008/2009,58680000,69929958.12,442114,#N/A,#N/A,TOT,#N/A,#N/A,#N/A,#N/A,#N/A,#N/A,#N/A,#N/A,#N/A,Demetris Nichols,SF,24,87893,102886,4,0,3.5,0.8,2.3,0.333,0,0.5,0,0.8,1.8,0.429,0.333,0.3,0.5,0.5,0,0.5,0.5,0.3,0,0.3,0,0.3,1.8,14,8.8,0.354,0.222,0.222,0,16.2,7.8,12.2,0,5.2,0,31,0,0,0,-0.108,-9.7,-7.6,-17.3,-0.1
2008/2009,58680000,69929958.12,442114,Chicago Bulls,5,CHI,Illinois,East,Central,41,41,0.5,102.2,102.5,-0.16,Demetris Nichols,SF,24,87893,102886,2,0,2.5,0.5,2,0.25,0,0.5,0,0.5,1.5,0.333,0.25,0,0,,0,0,0,0.5,0,0,0,0.5,1,5,-3.5,0.25,0.25,0,0,0,0,34.2,0,0,0,35.7,0,0,0,-0.283,-9.4,-12.3,-21.7,0
2008/2009,58680000,69929958.12,442114,New York Knicks,20,NYK,New York,East,Atlantic,32,50,0.39,105.2,107.8,-2.33,Demetris Nichols,SF,24,87893,102886,2,0,4.5,1,2.5,0.4,0,0.5,0,1,2,0.5,0.4,0.5,1,0.5,0,1,1,0,0,0.5,0,0,2.5,9,15.7,0.425,0.2,0.4,0,25.2,12.2,0,0,8.1,0,28.4,0,0,0,-0.01,-9.9,-4.9,-14.9,0
2008/2009,58680000,69929958.12,442114,Chicago Bulls,5,CHI,Illinois,East,Central,41,41,0.5,102.2,102.5,-0.16,Joakim Noah,C,23,2295480,2687069,80,55,24.2,2.6,4.7,0.556,0,0,0,2.6,4.6,0.558,0.556,1.5,2.3,0.676,3.1,4.5,7.6,1.3,0.6,1.4,1,3,6.7,1938,16.5,0.594,0.003,0.489,14.5,21.3,17.9,8.1,1.3,4.1,15.4,12.3,3.8,2.7,6.4,0.159,0.5,2.8,3.4,2.6
2008/2009,58680000,69929958.12,442114,#N/A,#N/A,TOT,#N/A,#N/A,#N/A,#N/A,#N/A,#N/A,#N/A,#N/A,#N/A,Andres Nocioni,PF-SF,29,8000000,9364732,76,18,26.2,3.9,9.2,0.427,1.6,4.1,0.399,2.3,5.1,0.449,0.515,1.9,2.4,0.792,0.7,4,4.8,1.3,0.5,0.4,1.5,3.4,11.4,1991,12.2,0.555,0.444,0.261,3.1,17.8,10.5,8.3,1,1.2,12.6,20.1,1.4,1.4,2.8,0.068,-0.4,-1.6,-2,0
2008/2009,58680000,69929958.12,442114,Chicago Bulls,5,CHI,Illinois,East,Central,41,41,0.5,102.2,102.5,-0.16,Andres Nocioni,PF,29,8000000,9364732,53,2,24.1,3.5,8.5,0.414,1.5,3.9,0.378,2,4.5,0.446,0.502,1.9,2.3,0.806,0.6,3.5,4.2,1.1,0.5,0.3,1.4,3.3,10.4,1278,11.4,0.547,0.465,0.276,3.1,16.8,9.9,7.4,1,0.9,12.7,20.1,0.8,1.1,1.9,0.072,-0.5,-1.7,-2.2,-0.1
2008/2009,58680000,69929958.12,442114,Sacramento Kings,26,SAC,California,West,Pacific,17,65,0.207,100.6,109.3,-8.6,Andres Nocioni,SF,29,8000000,9364732,23,16,31,4.9,11,0.448,2,4.4,0.441,3,6.5,0.453,0.538,2,2.6,0.763,0.9,5.2,6,1.8,0.6,0.7,1.7,3.7,13.7,713,13.6,0.568,0.405,0.234,3.3,19.6,11.4,9.9,0.9,1.8,12.6,20,0.6,0.3,0.9,0.06,-0.2,-1.5,-1.7,0.1
2008/2009,58680000,69929958.12,442114,Los Angeles Clippers,13,LAC,California,West,Pacific,19,63,0.232,95.1,103.9,-8.47,Steve Novak,PF,25,797581,933641,71,3,16.4,2.5,5.6,0.444,1.7,4,0.416,0.8,1.5,0.518,0.595,0.3,0.3,0.913,0.3,1.5,1.8,0.6,0.3,0.1,0.3,1,6.9,1161,13.5,0.606,0.722,0.058,1.8,10.9,6.2,5.8,0.9,0.3,5.4,16.8,2,0.2,2.2,0.092,1.6,-3.5,-1.9,0
2008/2009,58680000,69929958.12,442114,Dallas Mavericks,7,DAL,Texas,West,Southwest,50,32,0.61,101.7,99.8,1.68,Dirk Nowitzki,PF,30,18077904,21161842,81,81,37.7,9.6,20,0.479,0.8,2.1,0.359,8.8,17.9,0.493,0.498,6,6.7,0.89,1.1,7.3,8.4,2.4,0.8,0.8,1.9,2.2,25.9,3050,23.1,0.564,0.105,0.337,3.3,22.1,12.8,12.1,1,1.5,7.8,30.3,7.5,3.4,10.9,0.171,1.9,-0.7,1.2,2.4
2008/2009,58680000,69929958.12,442114,#N/A,#N/A,TOT,#N/A,#N/A,#N/A,#N/A,#N/A,#N/A,#N/A,#N/A,#N/A,Patrick O'Bryant,C,22,1500000,1755887,39,3,6.5,1.2,2.2,0.536,0,0.1,0,1.2,2.1,0.549,0.536,0.3,0.5,0.55,0.3,1.4,1.7,0.3,0.2,0.5,0.6,1.6,2.6,255,11.8,0.544,0.024,0.238,6.3,24.2,15.5,7.1,1.2,5.9,19.2,20.9,-0.2,0.5,0.3,0.056,-5.3,2.2,-3.1,-0.1
2008/2009,58680000,69929958.12,442114,Boston Celtics,2,BOS,Massachusetts,East,Atlantic,62,20,0.756,100.9,93.4,7.44,Patrick O'Bryant,C,22,1500000,1755887,26,0,4.2,0.6,1.2,0.516,0,0,,0.6,1.2,0.516,0.516,0.3,0.5,0.667,0.3,1,1.3,0.3,0.1,0.3,0.7,1.1,1.5,108,9.5,0.551,0,0.387,8.3,29.1,19.1,11.8,1.5,5.9,31.9,23,-0.2,0.3,0.1,0.025,-7.4,4.3,-3,0
2008/2009,58680000,69929958.12,442114,Toronto Raptors,28,TOR,Ontario,East,Atlantic,33,49,0.402,99,101.9,-2.54,Patrick O'Bryant,C,22,1500000,1755887,13,3,11.3,2.2,4.1,0.547,0,0.2,0,2.2,3.9,0.569,0.547,0.2,0.6,0.375,0.5,2,2.5,0.2,0.2,0.8,0.4,2.5,4.7,147,13.5,0.54,0.038,0.151,4.8,20.6,12.8,3.6,1.1,5.8,8.1,19.3,0,0.2,0.2,0.079,-3.9,0.7,-3.2,0
2008/2009,58680000,69929958.12,442114,#N/A,#N/A,TOT,#N/A,#N/A,#N/A,#N/A,#N/A,#N/A,#N/A,#N/A,#N/A,Jermaine O'Neal,C,30,21372000,25017883,68,61,29.8,5.4,11.3,0.474,0,0,0,5.4,11.3,0.475,0.474,2.6,3.3,0.788,1.9,4.5,6.4,1.8,0.4,2,2.1,3.1,13.3,2027,15.4,0.522,0.001,0.288,7.4,17.8,12.6,10.3,0.8,5.3,14.2,23.2,0.2,2.3,2.6,0.06,-2.8,1.7,-1.1,0.5
2008/2009,58680000,69929958.12,442114,Toronto Raptors,28,TOR,Ontario,East,Atlantic,33,49,0.402,99,101.9,-2.54,Jermaine O'Neal,C,30,21372000,25017883,41,34,29.7,5.4,11.3,0.473,0,0,0,5.4,11.3,0.474,0.473,2.8,3.5,0.81,1.7,5.3,7,1.6,0.4,2,2.2,3.2,13.5,1216,15.4,0.526,0.002,0.305,6.9,20.7,13.9,9.3,0.8,5.2,14.9,23.5,-0.1,1.4,1.4,0.055,-3,1.9,-1.1,0.3
2008/2009,58680000,69929958.12,442114,Miami Heat,16,MIA,Florida,East,Southeast,43,39,0.524,98.3,98,0.49,Jermaine O'Neal,C,30,21372000,25017883,27,27,30,5.4,11.3,0.475,0,0,,5.4,11.3,0.475,0.475,2.2,3,0.75,2,3.3,5.4,2,0.4,2,1.9,3,13,811,15.5,0.514,0,0.262,8,13.4,10.7,11.7,0.7,5.4,13.3,22.7,0.3,0.9,1.2,0.069,-2.6,1.5,-1.1,0.2
2008/2009,58680000,69929958.12,442114,Phoenix Suns,24,PHO,Arizona,West,Pacific,46,36,0.561,109.4,107.5,1.62,Shaquille O'Neal,C,36,21000000,24582423,75,75,30,6.8,11.2,0.609,0,0,0,6.8,11.2,0.61,0.609,4.1,6.9,0.595,2.5,5.9,8.4,1.7,0.7,1.4,2.2,3.4,17.8,2252,22.3,0.623,0.001,0.617,10.1,22.3,16.4,8.9,1.1,3.5,13.6,24.2,5.6,2.2,7.8,0.166,1.7,0.3,2,2.3
2008/2009,58680000,69929958.12,442114,San Antonio Spurs,27,SAS,Texas,West,Southwest,54,28,0.659,97,93.3,3.36,Fabricio Oberto,C,33,3600000,4214129,54,11,12.5,1.1,1.9,0.587,0,0,0,1.1,1.9,0.592,0.587,0.4,0.6,0.571,1.2,1.4,2.6,1.1,0.1,0.2,0.7,1.8,2.6,677,10.6,0.595,0.01,0.337,11.6,13.4,12.5,12.9,0.6,1.2,24.1,11.3,0.8,0.8,1.7,0.119,-1.7,1.6,-0.1,0.3
2008/2009,58680000,69929958.12,442114,Portland Trail Blazers,25,POR,Oregon,West,Northwest,54,28,0.659,99.4,94.1,5,Greg Oden,C,21,5011680,5866630,61,39,21.5,3.2,5.8,0.564,0,0,,3.2,5.8,0.564,0.564,2.4,3.7,0.637,2.8,4.2,7,0.5,0.4,1.1,1.4,3.9,8.9,1314,18.1,0.599,0,0.644,15.7,24.5,20,3.9,1.1,4.2,16.2,19.3,2.6,2,4.6,0.167,-0.2,0.9,0.8,0.9
2008/2009,58680000,69929958.12,442114,Los Angeles Lakers,14,LAL,California,West,Pacific,65,17,0.793,106.9,99.3,7.11,Lamar Odom,PF,29,14148596,16562227,78,32,29.7,4.4,9,0.492,0.4,1.3,0.32,4,7.7,0.522,0.516,2.1,3.3,0.623,2.3,5.9,8.2,2.6,1,1.3,1.8,3,11.3,2316,16.6,0.542,0.147,0.366,8.7,22.2,15.5,12.8,1.7,3.3,14.5,18.1,2.7,4.2,6.9,0.143,-0.1,3.1,2.9,2.9
2008/2009,58680000,69929958.12,442114,Charlotte Bobcats,4,CHA,North Carolina,East,Southeast,35,47,0.427,93.6,94.9,-1.2,Emeka Okafor,C,26,9537500,11164517,82,81,32.8,5.3,9.4,0.561,0,0,,5.3,9.4,0.561,0.561,2.7,4.5,0.593,3.4,6.7,10.1,0.6,0.6,1.7,1.8,3,13.2,2691,18,0.581,0,0.478,12.7,25.2,19,3.5,1,4.2,13.4,18.9,3.7,4.6,8.2,0.147,-1.4,1.4,0,1.4
2008/2009,58680000,69929958.12,442114,Utah Jazz,29,UTA,Utah,West,Northwest,48,34,0.585,103.6,100.9,2.31,Mehmet Okur,C,29,8500000,9950028,72,72,33.5,6,12.3,0.485,1.3,2.8,0.446,4.7,9.5,0.497,0.536,3.8,4.6,0.817,1.7,6,7.7,1.7,0.8,0.7,1.8,3,17,2409,17.5,0.592,0.227,0.376,6.1,21.5,13.8,8.1,1.2,1.7,11.3,21.7,4.5,2.9,7.4,0.148,1.2,0.2,1.4,2.1
2008/2009,58680000,69929958.12,442114,Minnesota Timberwolves,18,MIN,Minnesota,West,Northwest,24,58,0.293,97.8,102.7,-4.74,Kevin Ollie,PG,36,1262275,1477608,50,21,17,1.2,3,0.407,0,0,0,1.2,3,0.409,0.407,1.6,1.9,0.833,0.3,1.2,1.5,2.3,0.4,0.1,0.7,1.6,4,850,9.9,0.525,0.007,0.64,1.7,8.9,5.2,20.2,1.2,0.4,15,12,0.9,0.3,1.2,0.067,-2.6,-1.2,-3.8,-0.4
2008/2009,58680000,69929958.12,442114,Portland Trail Blazers,25,POR,Oregon,West,Northwest,54,28,0.659,99.4,94.1,5,Travis Outlaw,SF,24,4000000,4682366,81,6,27.7,4.8,10.5,0.453,1.1,2.9,0.377,3.7,7.6,0.482,0.505,2.2,3,0.723,0.9,3.2,4.1,1,0.6,0.7,1.2,2.1,12.8,2246,15.1,0.541,0.278,0.285,3.8,14.6,9.1,6.3,1.2,2,8.9,22,3,2.3,5.3,0.113,0.1,-0.5,-0.4,0.9
2008/2009,58680000,69929958.12,442114,Atlanta Hawks,1,ATL,Georgia,East,Southeast,47,35,0.573,98.1,96.5,1.7,Zaza Pachulia,C,24,4000000,4682366,77,26,19.1,2.1,4.2,0.497,0,0,0,2.1,4.1,0.502,0.497,2.1,3,0.709,2.2,3.4,5.7,0.7,0.5,0.3,1.2,2.7,6.2,1473,14.1,0.571,0.009,0.719,13.8,20.9,17.4,6,1.3,1.4,17.8,16.3,2,1.9,3.9,0.127,-1.5,0.2,-1.3,0.2
2008/2009,58680000,69929958.12,442114,Toronto Raptors,28,TOR,Ontario,East,Atlantic,33,49,0.402,99,101.9,-2.54,Anthony Parker,SG,33,4550000,5326191,80,71,33,4,9.4,0.426,1.2,3,0.39,2.8,6.4,0.442,0.488,1.5,1.8,0.834,0.6,3.4,4,3.4,1.3,0.2,1.4,1.8,10.7,2637,12.1,0.524,0.32,0.192,2,12,7.1,15.7,2,0.4,12.2,16.3,1.4,2,3.4,0.063,0,0.6,0.6,1.7
2008/2009,58680000,69929958.12,442114,San Antonio Spurs,27,SAS,Texas,West,Southwest,54,28,0.659,97,93.3,3.36,Tony Parker,PG,26,11550000,13520332,72,71,34.1,8.9,17.5,0.506,0.3,0.9,0.292,8.6,16.6,0.518,0.513,3.9,5,0.782,0.4,2.7,3.1,6.9,0.9,0.1,2.6,1.5,22,2456,23.4,0.556,0.051,0.287,1.3,9.4,5.4,40.1,1.5,0.1,11.6,31.7,5.6,3,8.6,0.168,3.9,-0.8,3.1,3.2
2008/2009,58680000,69929958.12,442114,New Orleans Hornets,19,NOH,Louisiana,West,Southwest,49,33,0.598,95.8,94.3,1.41,Chris Paul,PG,23,4574189,5354507,78,78,38.5,8.1,16.1,0.503,0.8,2.3,0.364,7.3,13.8,0.525,0.528,5.8,6.7,0.868,0.9,4.7,5.5,11,2.8,0.1,3,2.7,22.8,3002,30,0.599,0.14,0.418,2.8,14.6,8.7,54.5,3.9,0.3,13.5,27.5,13.3,5,18.3,0.292,9.1,2.1,11.2,10
2008/2009,58680000,69929958.12,442114,Cleveland Cavaliers,6,CLE,Ohio,East,Central,66,16,0.805,100.3,91.4,8.68,Aleksandar Pavlovic,SF,25,4500000,5267662,66,12,16,1.8,4.2,0.422,0.7,1.8,0.41,1,2.4,0.43,0.509,0.4,0.8,0.463,0.5,1.5,1.9,1.1,0.3,0.2,0.7,1.8,4.6,1053,8.6,0.51,0.425,0.196,3.6,10.4,7.2,10.5,1.1,1.2,13.8,15.5,0.2,1.5,1.7,0.077,-2,0.2,-1.8,0
2008/2009,58680000,69929958.12,442114,Washington Wizards,30,WAS,Washington DC,East,Southeast,19,63,0.232,96.1,103.5,-6.98,Oleksiy Pecherov,C,23,1446720,1693518,32,0,8.7,1.2,3.2,0.386,0.4,1.3,0.326,0.8,1.8,0.431,0.455,0.8,0.9,0.828,1.1,1.3,2.4,0.1,0.2,0.1,0.3,1.1,3.6,277,14.5,0.51,0.426,0.287,14.4,17.9,16.1,1.2,1.1,0.9,8.1,20.3,0.4,0.1,0.5,0.08,-0.8,-5.8,-6.6,-0.3
2008/2009,58680000,69929958.12,442114,Boston Celtics,2,BOS,Massachusetts,East,Atlantic,62,20,0.756,100.9,93.4,7.44,Kendrick Perkins,C,24,4578880,5359998,76,76,29.6,3.6,6.3,0.577,0,0,0,3.6,6.3,0.58,0.577,1.3,2.1,0.6,2.7,5.5,8.1,1.3,0.3,2,2.2,3.3,8.5,2253,13.2,0.591,0.004,0.335,11.5,21.4,16.7,6.5,0.5,5.3,23.1,14.8,1.1,4.5,5.6,0.119,-1.9,4.1,2.2,2.4
2008/2009,58680000,69929958.12,442114,New Orleans Hornets,19,NOH,Louisiana,West,Southwest,49,33,0.598,95.8,94.3,1.41,Morris Peterson,SG,31,5592240,6546229,43,9,12,1.7,4.3,0.399,0.8,2,0.388,0.9,2.3,0.408,0.489,0.3,0.4,0.632,0.3,1.7,2,0.4,0.3,0,0.3,1.2,4.4,515,10.7,0.499,0.464,0.104,3.1,16.6,9.9,5.2,1.6,0.3,7.3,19.3,0,0.6,0.6,0.058,-2.3,-2,-4.3,-0.3
2008/2009,58680000,69929958.12,442114,#N/A,#N/A,TOT,#N/A,#N/A,#N/A,#N/A,#N/A,#N/A,#N/A,#N/A,#N/A,Johan Petro,C,23,1939893,2270822,49,22,11.4,1.5,3.6,0.415,0,0,0,1.5,3.6,0.42,0.415,0.3,0.6,0.552,0.9,2.4,3.2,0.3,0.4,0.3,0.6,2.2,3.3,559,8.1,0.429,0.011,0.165,8.7,23.9,16.3,4.5,1.7,2,12.9,17.2,-0.6,0.8,0.2,0.018,-6.1,-0.1,-6.3,-0.6
2008/2009,58680000,69929958.12,442114,Oklahoma City Thunder,21,OKC,Oklahoma,West,Northwest,23,59,0.28,97,103.1,-6.04,Johan Petro,C,23,1939893,2270822,22,12,15.5,2.1,5.1,0.407,0,0,0,2.1,5.1,0.411,0.407,0.5,0.7,0.667,1.2,3.1,4.3,0.3,0.7,0.2,0.7,2.3,4.6,342,9.3,0.426,0.009,0.133,8.9,23.3,16,2.8,2.4,1.1,11.1,17.4,-0.3,0.5,0.1,0.019,-6,-0.6,-6.6,-0.4
2008/2009,58680000,69929958.12,442114,Denver Nuggets,8,DEN,Colorado,West,Northwest,54,28,0.659,104.3,100.9,3.13,Johan Petro,C,23,1939893,2270822,27,10,8,1,2.3,0.429,0,0,0,1,2.3,0.435,0.429,0.2,0.5,0.429,0.6,1.8,2.3,0.4,0.1,0.4,0.5,2.1,2.2,217,6.4,0.434,0.016,0.222,8.3,25,16.9,7.1,0.7,3.6,15.8,16.9,-0.2,0.3,0.1,0.017,-6.3,0.7,-5.6,-0.2
2008/2009,58680000,69929958.12,442114,Boston Celtics,2,BOS,Massachusetts,East,Atlantic,62,20,0.756,100.9,93.4,7.44,Paul Pierce,SF,31,18077903,21161841,81,81,37.5,6.7,14.6,0.457,1.5,3.8,0.391,5.2,10.8,0.48,0.508,5.7,6.8,0.83,0.7,5,5.6,3.6,1,0.3,2.8,2.7,20.5,3035,17.7,0.582,0.257,0.468,2.4,15.4,9.2,16.3,1.4,0.7,13.8,25.4,5.5,4.8,10.3,0.164,1.7,0.7,2.5,3.4
2008/2009,58680000,69929958.12,442114,Orlando Magic,22,ORL,Florida,East,Southeast,59,23,0.72,101,94.4,6.48,Mickael Pietrus,SG,26,5300000,6204135,54,25,24.6,3.3,7.9,0.413,1.5,4.1,0.359,1.8,3.8,0.473,0.507,1.4,2,0.709,0.8,2.4,3.3,1.2,0.6,0.4,1,2.3,9.4,1329,11.6,0.538,0.523,0.258,3.8,10.9,7.5,8,1.2,1.3,10.6,18.4,1,2,3,0.108,-0.2,0.7,0.5,0.8
2008/2009,58680000,69929958.12,442114,New Orleans Hornets,19,NOH,Louisiana,West,Southwest,49,33,0.598,95.8,94.3,1.41,James Posey,SG,32,5585000,6537754,75,0,28.5,2.9,7,0.412,1.5,4.2,0.369,1.3,2.8,0.476,0.523,1.6,1.9,0.822,0.5,4.3,4.8,1.1,0.8,0.3,1.1,2.9,8.9,2140,10.8,0.568,0.599,0.279,2.2,18.3,10.2,6,1.5,0.8,11.8,15,1.7,2.6,4.2,0.095,-0.6,0.3,-0.3,0.9
2008/2009,58680000,69929958.12,442114,Boston Celtics,2,BOS,Massachusetts,East,Atlantic,62,20,0.756,100.9,93.4,7.44,Leon Powe,PF,25,797581,933641,70,7,17.5,2.5,4.8,0.524,0,0,,2.5,4.8,0.524,0.524,2.6,3.8,0.689,2.1,2.9,4.9,0.7,0.3,0.5,1.1,2.7,7.7,1227,17.2,0.591,0,0.79,15.1,18.9,17.1,6,1,2.5,14.3,20.2,2.7,2.2,4.9,0.192,-0.1,0.6,0.5,0.8
2008/2009,58680000,69929958.12,442114,Los Angeles Lakers,14,LAL,California,West,Pacific,65,17,0.793,106.9,99.3,7.11,Josh Powell,PF,26,854957,1000805,60,1,11.7,1.8,4,0.444,0,0,,1.8,4,0.444,0.444,0.6,0.8,0.76,1.2,1.8,2.9,0.5,0.2,0.3,0.9,1.6,4.2,703,9.9,0.479,0,0.209,11.6,16.7,14.1,5.6,0.7,1.9,16.3,19.5,-0.3,0.9,0.6,0.043,-4.6,-0.9,-5.5,-0.6
2008/2009,58680000,69929958.12,442114,Utah Jazz,29,UTA,Utah,West,Northwest,48,34,0.585,103.6,100.9,2.31,Ronnie Price,PG,25,1188000,1390662,52,17,14.2,1.5,3.9,0.379,0.4,1.2,0.311,1.1,2.7,0.408,0.426,0.7,0.9,0.756,0.2,1.1,1.3,2.1,0.8,0.1,1.2,1.4,4,738,8.5,0.465,0.3,0.222,1.9,9.2,5.6,21.3,2.7,0.5,21.5,17.2,-0.7,0.8,0.1,0.009,-3.3,-0.2,-3.5,-0.3
2008/2009,58680000,69929958.12,442114,Detroit Pistons,9,DET,Michigan,East,Central,39,43,0.476,94.2,94.7,-0.36,Tayshaun Prince,SF,28,9500000,11120620,82,82,37.3,5.6,12.4,0.45,0.7,1.7,0.397,4.9,10.7,0.458,0.477,2.3,3,0.778,1.6,4.2,5.8,3.1,0.5,0.6,1.2,1.3,14.2,3057,15,0.516,0.138,0.238,4.9,13.7,9.2,13.8,0.8,1.3,8.2,19.2,3.7,2.5,6.2,0.098,0.4,0.4,0.8,2.2
2008/2009,58680000,69929958.12,442114,Boston Celtics,2,BOS,Massachusetts,East,Atlantic,62,20,0.756,100.9,93.4,7.44,Gabe Pruitt,SG,22,711517,832895,47,0,7.8,0.7,2.1,0.307,0.3,1,0.292,0.4,1.1,0.321,0.376,0.4,0.4,0.81,0.2,0.7,0.9,0.8,0.3,0.1,0.4,0.7,2,366,7.6,0.422,0.475,0.208,3.1,10.8,7.1,15.5,2.2,0.7,14.7,16.5,-0.2,0.6,0.4,0.047,-3.2,0.5,-2.7,-0.1
2008/2009,58680000,69929958.12,442114,Portland Trail Blazers,25,POR,Oregon,West,Northwest,54,28,0.659,99.4,94.1,5,Joel Przybilla,C,29,6310150,7386608,82,43,23.8,2,3.3,0.625,0,0,0,2,3.3,0.627,0.625,1.4,2.1,0.663,2.5,6.3,8.7,0.3,0.4,1.2,1,2.6,5.5,1952,15.4,0.652,0.004,0.628,12.8,33.1,22.8,2,1,3.9,18.5,10.2,3.2,3.4,6.6,0.163,-1.4,1.9,0.4,1.2
2008/2009,58680000,69929958.12,442114,Miami Heat,16,MIA,Florida,East,Southeast,43,39,0.524,98.3,98,0.49,Chris Quinn,PG,25,972581,1138495,66,0,14.6,1.8,4.4,0.408,0.8,2.1,0.409,0.9,2.3,0.408,0.505,0.7,0.9,0.81,0.1,1,1.1,2,0.4,0,0.5,1.2,5.1,962,12.9,0.539,0.474,0.201,1,8.4,4.7,21.5,1.3,0.2,9.5,17,1.5,0.6,2.1,0.104,-0.1,-2.8,-2.9,-0.2
2008/2009,58680000,69929958.12,442114,#N/A,#N/A,TOT,#N/A,#N/A,#N/A,#N/A,#N/A,#N/A,#N/A,#N/A,#N/A,Vladimir Radmanovic,SF,28,6049400,7081376,78,31,18.5,2.5,6,0.421,1.3,3.4,0.401,1.2,2.6,0.446,0.533,0.6,0.7,0.741,0.6,2.3,2.8,1,0.6,0.2,1.3,1.4,6.9,1445,11,0.549,0.562,0.124,3.8,14.3,9.1,8.9,1.7,0.8,16.6,18.6,0,1.8,1.9,0.062,-0.9,-0.5,-1.4,0.2
2008/2009,58680000,69929958.12,442114,Los Angeles Lakers,14,LAL,California,West,Pacific,65,17,0.793,106.9,99.3,7.11,Vladimir Radmanovic,SF,28,6049400,7081376,46,28,16.8,2.1,4.7,0.444,1.3,3,0.441,0.8,1.7,0.449,0.584,0.5,0.6,0.852,0.4,2.2,2.5,0.8,0.6,0.2,1,1.1,5.9,771,11.6,0.604,0.636,0.126,2.7,14.3,8.6,6.9,1.8,0.7,17.2,15.6,0.5,1,1.6,0.098,-0.3,-0.3,-0.6,0.3
2008/2009,58680000,69929958.12,442114,Charlotte Bobcats,4,CHA,North Carolina,East,Southeast,35,47,0.427,93.6,94.9,-1.2,Vladimir Radmanovic,SF,28,6049400,7081376,32,3,21.1,3.2,7.9,0.401,1.4,3.9,0.357,1.8,3.9,0.444,0.49,0.6,1,0.645,0.8,2.4,3.3,1.3,0.6,0.3,1.6,1.9,8.3,674,10.2,0.503,0.5,0.123,5,14.2,9.6,11.2,1.5,1,16.1,22.2,-0.5,0.8,0.3,0.021,-1.7,-0.7,-2.3,-0.1
2008/2009,58680000,69929958.12,442114,Golden State Warriors,10,GSW,California,West,Pacific,29,53,0.354,108.6,112.3,-3.8,Anthony Randolph,PF,19,1709280,2000868,63,22,17.9,3.2,6.8,0.462,0,0.1,0,3.2,6.8,0.466,0.462,1.6,2.2,0.716,2,3.7,5.8,0.8,0.7,1.2,1.3,2.2,7.9,1129,16.9,0.506,0.009,0.327,12.4,22.6,17.5,6.8,1.8,4.5,14,21.7,0.4,1.2,1.6,0.069,-2.8,0.3,-2.5,-0.1
2008/2009,58680000,69929958.12,442114,Portland Trail Blazers,25,POR,Oregon,West,Northwest,54,28,0.659,99.4,94.1,5,Shavlik Randolph,PF,25,826269,967223,10,0,3.7,0.8,1.3,0.615,0.1,0.1,1,0.7,1.2,0.583,0.654,0.1,0.4,0.25,1,0.8,1.8,0,0,0.1,0.6,0.4,1.8,37,19.4,0.61,0.077,0.308,33,27.3,30.2,0,0,2.1,28.9,26.4,0,0,0,0.041,-3.8,-8.4,-12.2,-0.1
2008/2009,58680000,69929958.12,442114,#N/A,#N/A,TOT,#N/A,#N/A,#N/A,#N/A,#N/A,#N/A,#N/A,#N/A,#N/A,Zach Randolph,PF-C,27,14666667,17168677,50,45,35.1,8.3,17.5,0.475,0.6,1.9,0.33,7.7,15.5,0.494,0.494,3.6,4.9,0.734,3.1,6.9,10.1,2.1,0.9,0.3,2.3,2.7,20.8,1757,19.6,0.531,0.111,0.279,9.9,23.2,16.3,11.5,1.3,0.7,10.4,28.1,1.7,1.4,3,0.083,0.3,-1.5,-1.2,0.3
2008/2009,58680000,69929958.12,442114,New York Knicks,20,NYK,New York,East,Atlantic,32,50,0.39,105.2,107.8,-2.33,Zach Randolph,C,27,14666667,17168677,11,11,35.3,7.5,17.2,0.434,0.6,2.2,0.292,6.8,15,0.455,0.452,5,6.1,0.821,3.6,8.8,12.5,1.4,1.2,0.3,2.1,2.5,20.5,388,19.8,0.517,0.127,0.354,10.9,28.3,19.3,6.6,1.7,0.6,9.5,27.1,0.4,0.5,0.9,0.108,-1.5,-1.6,-3,-0.1
2008/2009,58680000,69929958.12,442114,Los Angeles Clippers,13,LAC,California,West,Pacific,19,63,0.232,95.1,103.9,-8.47,Zach Randolph,PF,27,14666667,17168677,39,34,35.1,8.5,17.5,0.487,0.6,1.9,0.342,7.9,15.7,0.504,0.505,3.2,4.5,0.701,3,6.4,9.4,2.3,0.8,0.3,2.3,2.7,20.9,1369,19.6,0.535,0.107,0.259,9.6,21.7,15.5,12.9,1.1,0.7,10.7,28.4,1.2,0.9,2.2,0.076,0.8,-1.5,-0.7,0.4
2008/2009,58680000,69929958.12,442114,Philadelphia 76ers,23,PHI,Pennsylvania,East,Atlantic,41,41,0.5,97.4,97.3,0.16,Theo Ratliff,C,35,1262275,1477608,46,0,12.6,0.7,1.4,0.531,0,0,,0.7,1.4,0.531,0.531,0.5,0.8,0.6,1,1.8,2.8,0.2,0.4,1,0.3,1.7,1.9,579,11.2,0.56,0,0.547,9.4,17.1,13.2,2.2,1.6,6.6,15,7.4,0.5,0.9,1.4,0.115,-2.9,3.9,1,0.4
2008/2009,58680000,69929958.12,442114,Milwaukee Bucks,17,MIL,Wisconsin,East,Central,34,48,0.415,99.3,100.4,-0.88,Michael Redd,SG,29,15780000,18471935,33,32,36.5,7.5,16.6,0.455,2.1,5.8,0.366,5.4,10.8,0.503,0.519,4,4.9,0.814,0.7,2.5,3.2,2.7,1.1,0.1,1.6,1.4,21.2,1203,17.9,0.566,0.349,0.294,2.3,8.5,5.3,13.2,1.5,0.1,7.9,25,2.3,0.9,3.2,0.128,3.2,-2,1.1,1
2008/2009,58680000,69929958.12,442114,Orlando Magic,22,ORL,Florida,East,Southeast,59,23,0.72,101,94.4,6.48,JJ Redick,SG,24,2139720,2504738,64,5,17.4,1.8,4.7,0.391,1,2.8,0.374,0.8,1.9,0.417,0.503,1.3,1.5,0.871,0.1,1.6,1.7,1.1,0.3,0,0.8,1.1,6,1111,9.9,0.562,0.599,0.311,0.8,10,5.5,10.3,1,0.1,13.7,16.4,0.8,1.5,2.3,0.098,-1,-0.3,-1.3,0.2
2008/2009,58680000,69929958.12,442114,#N/A,#N/A,TOT,#N/A,#N/A,#N/A,#N/A,#N/A,#N/A,#N/A,#N/A,#N/A,Jason Richardson,SG,28,12664335,14824763,72,71,33.5,6.5,13.5,0.477,1.8,4.5,0.397,4.7,9,0.518,0.544,2.1,2.8,0.769,1.1,3.4,4.4,2,1.1,0.4,1.3,2,16.8,2410,16.7,0.571,0.334,0.204,3.9,11.5,7.8,9.8,1.6,0.9,8.2,21.5,4.3,1.5,5.8,0.116,2.4,-1.3,1.1,1.9
2008/2009,58680000,69929958.12,442114,Charlotte Bobcats,4,CHA,North Carolina,East,Southeast,35,47,0.427,93.6,94.9,-1.2,Jason Richardson,SG,28,12664335,14824763,14,14,35.1,6.9,15.7,0.441,1.9,4.2,0.458,5,11.5,0.435,0.502,2.9,3.9,0.745,0.9,3.2,4.1,2.6,1,0.2,1.7,3.1,18.7,491,15.8,0.536,0.268,0.25,3.3,11.3,7.3,14.1,1.5,0.5,8.9,25.8,0.5,0.5,1.1,0.104,1,-1.4,-0.4,0.2
2008/2009,58680000,69929958.12,442114,Phoenix Suns,24,PHO,Arizona,West,Pacific,46,36,0.561,109.4,107.5,1.62,Jason Richardson,SG,28,12664335,14824763,58,57,33.1,6.3,13,0.488,1.8,4.6,0.383,4.6,8.4,0.545,0.556,1.9,2.5,0.778,1.1,3.4,4.5,1.9,1.1,0.4,1.2,1.8,16.4,1919,16.9,0.581,0.353,0.191,4.1,11.5,7.9,8.7,1.6,1,8,20.4,3.8,0.9,4.7,0.119,2.8,-1.3,1.5,1.7
2008/2009,58680000,69929958.12,442114,Orlando Magic,22,ORL,Florida,East,Southeast,59,23,0.72,101,94.4,6.48,Jeremy Richardson,SF,24,769431,900689,12,0,7.8,1.2,4.1,0.286,0.5,1.4,0.353,0.7,2.7,0.25,0.347,0.3,0.5,0.5,0.1,1.1,1.2,0.3,0,0,0.3,0.5,3.1,93,2.8,0.358,0.347,0.122,1.2,15.4,8.5,5.5,0,0,5.5,27.1,-0.3,0.1,-0.2,-0.107,-8.7,-4.1,-12.7,-0.3
2008/2009,58680000,69929958.12,442114,New York Knicks,20,NYK,New York,East,Atlantic,32,50,0.39,105.2,107.8,-2.33,Quentin Richardson,SG,28,8685500,10167173,72,51,26.3,3.6,9.3,0.393,1.7,4.6,0.365,2,4.7,0.42,0.483,1.2,1.6,0.761,1,3.4,4.4,1.6,0.7,0.1,1,1.8,10.2,1894,11.6,0.51,0.493,0.175,4,14.8,9.2,9.4,1.2,0.3,9.3,18.2,1,1.1,2.1,0.054,-0.5,-1,-1.5,0.2
2008/2009,58680000,69929958.12,442114,Milwaukee Bucks,17,MIL,Wisconsin,East,Central,34,48,0.415,99.3,100.4,-0.88,Luke Ridnour,PG,27,6500000,7608845,72,50,28.2,3.5,8.6,0.403,0.8,2.2,0.35,2.7,6.4,0.42,0.447,1.8,2.1,0.869,0.5,2.6,3,5.1,1.3,0.2,1.8,2.8,9.6,2033,12.9,0.5,0.253,0.246,1.8,11.3,6.3,28.2,2.3,0.7,15.7,18,1.2,2.2,3.4,0.081,-0.5,0.2,-0.3,0.9
2008/2009,58680000,69929958.12,442114,#N/A,#N/A,TOT,#N/A,#N/A,#N/A,#N/A,#N/A,#N/A,#N/A,#N/A,#N/A,Anthony Roberson,PG,25,797581,933641,29,0,9.5,1.5,4.1,0.367,0.9,2.8,0.321,0.6,1.3,0.462,0.475,0.2,0.2,1,0.2,0.6,0.8,0.7,0.3,0,0.3,0.6,4.1,276,11.4,0.487,0.675,0.042,2.4,6.6,4.4,11.3,1.8,0.3,6.1,20.6,0.1,0.1,0.2,0.041,0.1,-3.4,-3.4,-0.1
2008/2009,58680000,69929958.12,442114,New York Knicks,20,NYK,New York,East,Atlantic,32,50,0.39,105.2,107.8,-2.33,Anthony Roberson,PG,25,797581,933641,23,0,11,1.7,4.5,0.379,1,3.1,0.338,0.7,1.4,0.469,0.495,0.2,0.2,1,0.2,0.5,0.7,0.8,0.4,0,0.3,0.8,4.7,253,11.8,0.509,0.689,0.049,1.7,4.9,3.2,11.7,2,0.3,6.2,19.3,0.2,0.1,0.3,0.057,0.5,-3.1,-2.5,0
2008/2009,58680000,69929958.12,442114,Chicago Bulls,5,CHI,Illinois,East,Central,41,41,0.5,102.2,102.5,-0.16,Anthony Roberson,PG,25,797581,933641,6,0,3.8,0.8,2.8,0.294,0.3,1.7,0.2,0.5,1.2,0.429,0.353,0,0,,0.3,0.8,1.2,0.2,0,0,0.2,0,2,23,8,0.353,0.588,0,10,24.8,17.4,7.7,0,0,5.6,34.9,-0.1,0,-0.1,-0.136,-4.7,-7.6,-12.4,-0.1
2008/2009,58680000,69929958.12,442114,New York Knicks,20,NYK,New York,East,Atlantic,32,50,0.39,105.2,107.8,-2.33,Nate Robinson,PG,24,2020179,2364804,74,11,29.9,6.1,13.9,0.437,1.7,5.2,0.325,4.4,8.7,0.504,0.498,3.4,4,0.841,1.3,2.6,3.9,4.1,1.3,0.1,1.9,2.8,17.2,2209,18.9,0.549,0.375,0.288,4.7,9.8,7.2,22.9,2.1,0.2,10.7,25.6,4.4,1.5,5.9,0.128,3.7,-1.1,2.6,2.6
2008/2009,58680000,69929958.12,442114,Portland Trail Blazers,25,POR,Oregon,West,Northwest,54,28,0.659,99.4,94.1,5,Sergio Rodriguez,PG,22,1048800,1227716,80,13,15.3,1.6,4.1,0.392,0.5,1.4,0.325,1.2,2.7,0.428,0.448,0.8,1,0.792,0.5,1.1,1.6,3.6,0.7,0,1.5,1.7,4.5,1225,12.5,0.491,0.347,0.234,4.3,9,6.6,35.6,2.4,0.1,24.7,18.5,0.5,1.2,1.7,0.068,-0.5,-1.1,-1.6,0.1
2008/2009,58680000,69929958.12,442114,Boston Celtics,2,BOS,Massachusetts,East,Atlantic,62,20,0.756,100.9,93.4,7.44,Rajon Rondo,PG,22,1315080,1539421,80,80,33,4.8,9.5,0.505,0.2,0.6,0.313,4.6,8.9,0.518,0.514,2.2,3.4,0.642,1.3,4,5.2,8.2,1.9,0.1,2.6,2.4,11.9,2642,18.8,0.543,0.063,0.353,4.8,13.9,9.6,39.7,3,0.3,19.2,19.2,4.8,5.1,9.9,0.179,2,2.5,4.5,4.3
2008/2009,58680000,69929958.12,442114,Chicago Bulls,5,CHI,Illinois,East,Central,41,41,0.5,102.2,102.5,-0.16,Derrick Rose,PG,20,4822800,5645529,81,80,37,7.1,14.9,0.475,0.2,0.9,0.222,6.9,14,0.491,0.482,2.4,3.1,0.788,1.2,2.7,3.9,6.3,0.8,0.2,2.5,1.5,16.8,3000,16,0.516,0.06,0.207,3.7,8.4,6.1,28.8,1.1,0.4,13.3,22.6,3.4,1.5,4.9,0.078,0.9,-1.5,-0.6,1.1
2008/2009,58680000,69929958.12,442114,#N/A,#N/A,TOT,#N/A,#N/A,#N/A,#N/A,#N/A,#N/A,#N/A,#N/A,#N/A,Malik Rose,SF-PF,34,7647500,8952099,38,0,12.4,1.2,3.4,0.344,0,0.2,0,1.2,3.3,0.363,0.344,1.1,1.3,0.784,0.4,2.1,2.5,0.9,0.3,0.1,0.9,1.9,3.4,470,5.3,0.424,0.053,0.389,4,19.5,11.6,11.5,1.1,0.5,19,17.7,-0.8,0.4,-0.4,-0.039,-6.8,-0.5,-7.3,-0.6
2008/2009,58680000,69929958.12,442114,New York Knicks,20,NYK,New York,East,Atlantic,32,50,0.39,105.2,107.8,-2.33,Malik Rose,PF,34,7647500,8952099,18,0,8.9,0.6,2.3,0.268,0,0.2,0,0.6,2.1,0.297,0.268,0.4,0.6,0.727,0.2,1.5,1.7,0.6,0.1,0.1,0.9,1.3,1.7,160,-1.9,0.327,0.098,0.268,2.6,19.1,10.6,8.6,0.3,0.5,27.1,17.1,-0.6,0.1,-0.6,-0.167,-11.1,-1,-12.1,-0.4
2008/2009,58680000,69929958.12,442114,Oklahoma City Thunder,21,OKC,Oklahoma,West,Northwest,23,59,0.28,97,103.1,-6.04,Malik Rose,SF,34,7647500,8952099,20,0,15.5,1.7,4.5,0.378,0,0.2,0,1.7,4.4,0.391,0.378,1.6,2,0.8,0.7,2.6,3.3,1.3,0.5,0.1,1,2.4,5,310,9,0.465,0.033,0.444,4.8,19.7,12.1,13,1.5,0.5,15,18.1,-0.1,0.3,0.2,0.027,-4.6,-0.2,-4.8,-0.2
2008/2009,58680000,69929958.12,442114,Memphis Grizzlies,15,MEM,Tennessee,West,Southwest,24,58,0.293,93.9,99.3,-5.23,Quinton Ross,SF,27,854957,1000805,68,7,17.1,1.5,3.8,0.382,0.5,1.3,0.375,1,2.5,0.386,0.446,0.5,0.6,0.81,0.4,1.4,1.9,0.7,0.5,0.2,0.5,1.7,3.9,1164,6.9,0.478,0.34,0.162,3,10.4,6.6,6.3,1.5,1,11.5,12.6,-0.1,0.7,0.6,0.025,-3.1,-0.5,-3.6,-0.5
2008/2009,58680000,69929958.12,442114,Portland Trail Blazers,25,POR,Oregon,West,Northwest,54,28,0.659,99.4,94.1,5,Brandon Roy,SG,24,3084240,3610385,78,78,37.2,8.1,16.9,0.48,1.1,2.8,0.377,7.1,14.1,0.501,0.512,5.3,6.5,0.824,1.3,3.4,4.7,5.1,1.1,0.3,1.9,1.6,22.6,2903,24,0.573,0.167,0.383,4.4,11.6,7.9,25.4,1.7,0.6,9,27.4,10.9,2.6,13.5,0.223,5.9,-0.2,5.8,5.7
2008/2009,58680000,69929958.12,442114,Portland Trail Blazers,25,POR,Oregon,West,Northwest,54,28,0.659,99.4,94.1,5,Michael Ruffin,PF,32,1141838,1336625,11,0,3.2,0.2,0.6,0.286,0,0,,0.2,0.6,0.286,0.286,0.2,0.2,1,0.5,0.5,1,0,0.3,0.1,0.2,0.6,0.5,35,10.3,0.381,0,0.286,20.9,18,19.5,0,4.7,2.3,20.2,13.3,0,0.1,0.1,0.08,-4.5,0,-4.5,0
2008/2009,58680000,69929958.12,442114,Indiana Pacers,12,IND,Indiana,East,Central,36,46,0.439,105.1,106.2,-0.76,Brandon Rush,SG,23,1799160,2106081,75,19,24,3.2,7.7,0.423,1,2.8,0.373,2.2,4.9,0.451,0.49,0.6,0.9,0.697,0.5,2.7,3.1,0.9,0.5,0.5,1,1.7,8.1,1803,9,0.505,0.363,0.115,2.1,12.3,7.1,5.4,1,1.5,11,16.4,-0.4,1.3,0.9,0.024,-2.6,-0.9,-3.4,-0.7
2008/2009,58680000,69929958.12,442114,Philadelphia 76ers,23,PHI,Pennsylvania,East,Atlantic,41,41,0.5,97.4,97.3,0.16,Kareem Rush,SG,28,926678,1084761,25,1,8,0.8,2.3,0.345,0.4,1.3,0.303,0.4,1,0.4,0.431,0.2,0.2,1,0,0.6,0.6,0.6,0.2,0,0.4,0.4,2.2,199,6.3,0.452,0.569,0.069,0,9.1,4.5,11.5,1.3,0.4,14.3,16,-0.1,0.1,0,-0.003,-3.6,-2.2,-5.7,-0.2
2008/2009,58680000,69929958.12,442114,#N/A,#N/A,TOT,#N/A,#N/A,#N/A,#N/A,#N/A,#N/A,#N/A,#N/A,#N/A,John Salmons,SF,29,5104000,5974699,79,74,37.5,6.5,13.8,0.472,1.6,3.8,0.417,4.9,10,0.493,0.53,3.6,4.4,0.83,0.7,3.5,4.2,3.2,1.1,0.3,2.1,2.3,18.3,2959,16,0.58,0.276,0.317,2.3,10.8,6.5,14.5,1.4,0.6,11.7,21.3,4.7,0.8,5.6,0.09,1.7,-1.8,-0.1,1.4
2008/2009,58680000,69929958.12,442114,Sacramento Kings,26,SAC,California,West,Pacific,17,65,0.207,100.6,109.3,-8.6,John Salmons,SF,29,5104000,5974699,53,53,37.4,6.6,14,0.472,1.5,3.5,0.418,5.2,10.6,0.489,0.524,3.6,4.4,0.823,0.8,3.4,4.2,3.7,1.1,0.2,2.3,2.3,18.3,1980,16,0.573,0.247,0.312,2.5,10.6,6.5,17.3,1.5,0.3,12.6,21.9,2.9,0.1,3,0.072,1.6,-2.1,-0.6,0.7
2008/2009,58680000,69929958.12,442114,Chicago Bulls,5,CHI,Illinois,East,Central,41,41,0.5,102.2,102.5,-0.16,John Salmons,SF,29,5104000,5974699,26,21,37.7,6.3,13.4,0.473,1.9,4.5,0.415,4.5,8.9,0.502,0.543,3.7,4.4,0.843,0.6,3.7,4.3,2,1,0.6,1.7,2.3,18.3,979,16,0.596,0.338,0.33,1.9,11.2,6.6,8.8,1.3,1.1,9.7,20.2,1.9,0.7,2.6,0.127,1.9,-1.1,0.8,0.7
2008/2009,58680000,69929958.12,442114,#N/A,#N/A,TOT,#N/A,#N/A,#N/A,#N/A,#N/A,#N/A,#N/A,#N/A,#N/A,Cheikh Samb,C,24,797581,933641,18,0,4.6,0.3,1.8,0.188,0,0.2,0,0.3,1.6,0.207,0.188,0.2,0.4,0.429,0.6,0.8,1.3,0.1,0.2,0.6,0.2,0.4,0.8,83,5.3,0.214,0.094,0.219,13.6,19.5,16.7,1.7,1.9,9.1,7.9,20.6,-0.4,0.1,-0.2,-0.144,-12.4,0.3,-12.1,-0.2
2008/2009,58680000,69929958.12,442114,Denver Nuggets,8,DEN,Colorado,West,Northwest,54,28,0.659,104.3,100.9,3.13,Cheikh Samb,C,24,797581,933641,6,0,4,0.3,2.2,0.154,0,0.2,0,0.3,2,0.167,0.154,0,0,,0.3,1.2,1.5,0.2,0.3,0.8,0.3,0.7,0.7,24,2.9,0.154,0.077,0,10,32.9,21.8,6,4.2,16.1,13.3,27.8,-0.2,0.1,-0.1,-0.246,-17.6,8.7,-8.9,0
2008/2009,58680000,69929958.12,442114,Los Angeles Clippers,13,LAC,California,West,Pacific,19,63,0.232,95.1,103.9,-8.47,Cheikh Samb,C,24,797581,933641,10,0,5.1,0.4,1.6,0.25,0,0.2,0,0.4,1.4,0.286,0.25,0.3,0.5,0.6,0.7,0.6,1.3,0,0.1,0.5,0.1,0.3,1.1,51,9.2,0.302,0.125,0.313,15.4,14,14.7,0,1,7.3,5.2,17.2,-0.1,0,0,-0.046,-8.8,-2.4,-11.2,-0.1
2008/2009,58680000,69929958.12,442114,New York Knicks,20,NYK,New York,East,Atlantic,32,50,0.39,105.2,107.8,-2.33,Cheikh Samb,C,24,797581,933641,2,0,4,0,1.5,0,0,0,,0,1.5,0,0,0,1,0,0.5,0.5,1,0,0,0,0,0,0,8,-12.6,0,0,0.667,13.2,14.2,13.7,0,0,0,0,21.1,-0.1,0,-0.1,-0.458,-19.5,-7.7,-27.2,-0.1
2008/2009,58680000,69929958.12,442114,Boston Celtics,2,BOS,Massachusetts,East,Atlantic,62,20,0.756,100.9,93.4,7.44,Brian Scalabrine,C,30,3206897,3753966,39,8,12.9,1.2,2.9,0.421,0.6,1.6,0.393,0.6,1.4,0.453,0.526,0.4,0.5,0.889,0.2,1.1,1.3,0.5,0.2,0.3,0.3,1.9,3.5,504,7.4,0.558,0.535,0.158,1.8,9.9,6,5.3,0.7,1.6,9,12.4,0.4,0.7,1.1,0.105,-1.4,0,-1.4,0.1
2008/2009,58680000,69929958.12,442114,Houston Rockets,11,HOU,Texas,West,Southwest,53,29,0.646,98.4,94.4,3.73,Luis Scola,PF,28,3100667,3629614,82,82,30.3,5.2,9.7,0.531,0,0,0,5.2,9.7,0.533,0.531,2.4,3.1,0.76,2.4,6.3,8.8,1.5,0.8,0.1,1.5,3.2,12.7,2488,17,0.572,0.004,0.323,9.8,23.4,16.9,8.6,1.5,0.3,11.9,19.3,4.3,4.3,8.6,0.165,-0.1,1.5,1.4,2.1
2008/2009,58680000,69929958.12,442114,#N/A,#N/A,TOT,#N/A,#N/A,#N/A,#N/A,#N/A,#N/A,#N/A,#N/A,#N/A,Thabo Sefolosha,SF-SG,24,1931160,2260599,66,36,22,2.3,5.4,0.426,0.4,1.3,0.276,1.9,4.1,0.474,0.459,0.9,1.1,0.836,0.8,2.8,3.7,1.7,1.1,0.7,1,1.6,5.9,1453,12.1,0.5,0.244,0.204,4.2,14.9,9.6,11.4,2.7,2.3,14.1,13.8,0.4,1.8,2.2,0.074,-1.8,2.3,0.5,0.9
2008/2009,58680000,69929958.12,442114,Chicago Bulls,5,CHI,Illinois,East,Central,41,41,0.5,102.2,102.5,-0.16,Thabo Sefolosha,SF,24,1931160,2260599,43,14,17.1,1.8,4.2,0.434,0.3,1.2,0.3,1.5,3.1,0.485,0.475,0.5,0.6,0.84,0.6,2.3,2.9,1.5,0.8,0.4,0.9,1.2,4.5,735,11.7,0.503,0.275,0.137,4.1,15,9.6,13.1,2.5,1.9,16.1,14,0.1,0.9,1,0.067,-1.9,1.7,-0.2,0.3
2008/2009,58680000,69929958.12,442114,Oklahoma City Thunder,21,OKC,Oklahoma,West,Northwest,23,59,0.28,97,103.1,-6.04,Thabo Sefolosha,SG,24,1931160,2260599,23,22,31.2,3.2,7.6,0.417,0.4,1.6,0.243,2.8,6,0.464,0.443,1.7,2.1,0.833,1.2,4,5.2,2,1.7,1.1,1.2,2.3,8.5,718,12.5,0.497,0.211,0.274,4.4,14.8,9.5,9.8,2.9,2.7,12.1,13.7,0.3,1,1.2,0.081,-1.7,3,1.3,0.6
2008/2009,58680000,69929958.12,442114,#N/A,#N/A,TOT,#N/A,#N/A,#N/A,#N/A,#N/A,#N/A,#N/A,#N/A,#N/A,Mouhamed Sene,C,22,2252400,2625172.2,6,0,4.8,1,1.5,0.667,0,0,,1,1.5,0.667,0.667,1.3,1.7,0.8,0.8,1.5,2.3,0,0.2,0.5,0.7,0.3,3.3,29,32.9,0.746,0,1.111,19,35.9,27.3,0,1.8,7.6,23,26.5,0.1,0.1,0.2,0.274,-2.9,-3.9,-6.7,0
2008/2009,58680000,69929958.12,442114,Oklahoma City Thunder,21,OKC,Oklahoma,West,Northwest,23,59,0.28,97,103.1,-6.04,Mouhamed Sene,C,22,2252400,2625172.2,5,0,4.6,1,1.4,0.714,0,0,,1,1.4,0.714,0.714,1.4,1.8,0.778,0.6,1.2,1.8,0,0.2,0.4,0.6,0.4,3.4,23,33.2,0.776,0,1.286,14.8,30.6,22.5,0,2.2,6.4,21.5,26.8,0.1,0,0.1,0.292,-1.4,-3.8,-5.2,0
2008/2009,58680000,69929958.12,442114,New York Knicks,20,NYK,New York,East,Atlantic,32,50,0.39,105.2,107.8,-2.33,Mouhamed Sene,C,22,2252400,2625172.2,1,0,6,1,2,0.5,0,0,,1,2,0.5,0.5,1,1,1,2,3,5,0,0,1,1,0,3,6,32,0.615,0,0.5,35.3,56.6,45.6,0,0,12.2,29.1,25,0,0,0,0.207,-8.4,-4.1,-12.4,0
2008/2009,58680000,69929958.12,442114,Milwaukee Bucks,17,MIL,Wisconsin,East,Central,34,48,0.415,99.3,100.4,-0.88,Ramon Sessions,PG,22,722517,845772,79,39,27.5,4.4,9.8,0.445,0.1,0.4,0.176,4.3,9.4,0.457,0.449,3.6,4.5,0.794,0.8,2.6,3.4,5.7,1.1,0.1,1.9,2,12.4,2173,17.6,0.525,0.044,0.457,3.3,11.7,7.3,34.6,2,0.3,14,22.4,3.5,2.1,5.6,0.123,1.1,-0.3,0.8,1.5
2008/2009,58680000,69929958.12,442114,Detroit Pistons,9,DET,Michigan,East,Central,39,43,0.476,94.2,94.7,-0.36,Walter Sharpe,PF,22,442114,517534,8,0,2.5,0.5,1.4,0.364,0,0.3,0,0.5,1.1,0.444,0.364,0,0.3,0,0,0.4,0.4,0,0,0.3,0,0.4,1,20,4.8,0.337,0.182,0.182,0,18,8.9,0,0,7.7,0,28.3,-0.1,0,-0.1,-0.131,-12,-4.5,-16.5,-0.1
2008/2009,58680000,69929958.12,442114,New Jersey Nets,3,NJN,New Jersey,East,Atlantic,34,48,0.415,98.1,100.5,-2.31,Bobby Simmons,SF,28,10602667,12411392,71,44,24.4,2.8,6.2,0.449,1.6,3.7,0.447,1.1,2.5,0.453,0.582,0.6,0.8,0.741,1,2.9,3.9,1.3,0.7,0.1,0.9,2.6,7.8,1729,12,0.596,0.594,0.132,4.9,14.3,9.5,8.5,1.5,0.5,11.7,14.3,2.4,1,3.4,0.095,1.2,-0.7,0.5,1.1
2008/2009,58680000,69929958.12,442114,#N/A,#N/A,TOT,#N/A,#N/A,#N/A,#N/A,#N/A,#N/A,#N/A,#N/A,#N/A,Cedric Simmons,PF,23,1742760,2040060,18,0,4.7,0.6,1.4,0.44,0,0,,0.6,1.4,0.44,0.44,0.4,0.9,0.438,0.3,0.6,0.9,0.1,0.1,0.2,0.1,0.4,1.6,84,10.8,0.453,0,0.64,6.9,15.1,11,3.9,0.6,3.5,5.9,18.1,0,0.1,0,0.022,-5.5,-2.1,-7.6,-0.1
2008/2009,58680000,69929958.12,442114,Chicago Bulls,5,CHI,Illinois,East,Central,41,41,0.5,102.2,102.5,-0.16,Cedric Simmons,PF,23,1742760,2040060,11,0,5.5,1,1.9,0.524,0,0,,1,1.9,0.524,0.524,0.5,1.3,0.429,0.4,0.7,1.1,0.2,0.1,0.4,0,0.5,2.5,61,18,0.515,0,0.667,7.6,14.9,11.3,5.4,0.8,4.8,0,19.8,0.1,0.1,0.2,0.139,-1.7,-1,-2.7,0
2008/2009,58680000,69929958.12,442114,Sacramento Kings,26,SAC,California,West,Pacific,17,65,0.207,100.6,109.3,-8.6,Cedric Simmons,PF,23,1742760,2040060,7,0,3.3,0,0.6,0,0,0,,0,0.6,0,0,0.1,0.3,0.5,0.1,0.4,0.6,0,0,0,0.3,0.3,0.1,23,-8.3,0.102,0,0.5,5,15.3,10.2,0,0,0,29.1,13.4,-0.1,0,-0.1,-0.288,-15.4,-5.1,-20.5,-0.1
2008/2009,58680000,69929958.12,442114,#N/A,#N/A,TOT,#N/A,#N/A,#N/A,#N/A,#N/A,#N/A,#N/A,#N/A,#N/A,Courtney Sims,C,25,184648,216147,2,0,6.5,1.5,3,0.5,0,0,,1.5,3,0.5,0.5,0,0,,1,1,2,0,0,0,0.5,0.5,3,13,12.8,0.5,0,0,16.3,17.4,16.8,0,0,0,14.3,23.5,0,0,0,-0.013,-6.7,-8.2,-14.9,0
2008/2009,58680000,69929958.12,442114,Phoenix Suns,24,PHO,Arizona,West,Pacific,46,36,0.561,109.4,107.5,1.62,Courtney Sims,C,25,184648,216147,1,0,2,0,0,,0,0,,0,0,,,0,0,,0,0,0,0,0,0,1,0,0,2,-26,,,,0,0,0,0,0,0,100,22,0,0,0,-0.735,-25.1,-0.2,-25.2,0
2008/2009,58680000,69929958.12,442114,New York Knicks,20,NYK,New York,East,Atlantic,32,50,0.39,105.2,107.8,-2.33,Courtney Sims,C,25,184648,216147,1,0,11,3,6,0.5,0,0,,3,6,0.5,0.5,0,0,,2,2,4,0,0,0,0,1,6,11,19.8,0.5,0,0,19.3,20.6,19.9,0,0,0,0,23.7,0,0,0,0.118,-3.4,-9.7,-13,0
2008/2009,58680000,69929958.12,442114,#N/A,#N/A,TOT,#N/A,#N/A,#N/A,#N/A,#N/A,#N/A,#N/A,#N/A,#N/A,Sean Singletary,PG,23,442114,517534,37,2,8.2,0.8,2.3,0.365,0.3,0.7,0.4,0.6,1.6,0.35,0.424,0.5,0.6,0.857,0.3,0.7,0.9,0.8,0.3,0,0.6,1.2,2.4,303,6.7,0.478,0.294,0.247,4.1,9.8,7,14.4,1.9,0,19.6,17.8,-0.2,0.2,0,0.006,-3.6,-1.3,-4.9,-0.2
2008/2009,58680000,69929958.12,442114,Phoenix Suns,24,PHO,Arizona,West,Pacific,46,36,0.561,109.4,107.5,1.62,Sean Singletary,PG,23,442114,517534,13,1,9.4,0.9,2.8,0.324,0.3,0.8,0.4,0.6,2.1,0.296,0.378,0.5,0.5,1,0.4,0.8,1.2,0.9,0.5,0,0.4,1.1,2.6,122,8.5,0.429,0.27,0.162,5,10.1,7.7,13,2.5,0,11.2,16.1,0,0.1,0.1,0.026,-2.1,-1.1,-3.3,0
2008/2009,58680000,69929958.12,442114,Charlotte Bobcats,4,CHA,North Carolina,East,Southeast,35,47,0.427,93.6,94.9,-1.2,Sean Singletary,PG,23,442114,517534,24,1,7.5,0.8,2,0.396,0.3,0.6,0.4,0.5,1.4,0.394,0.458,0.5,0.6,0.8,0.2,0.6,0.8,0.7,0.2,0,0.8,1.3,2.3,181,5.5,0.513,0.313,0.313,3.4,9.5,6.5,15.3,1.5,0,24.8,18.9,-0.2,0.2,0,-0.007,-4.6,-1.4,-6,-0.2
2008/2009,58680000,69929958.12,442114,Dallas Mavericks,7,DAL,Texas,West,Southwest,50,32,0.61,101.7,99.8,1.68,James Singleton,PF,27,826269,967223,62,6,14.3,1.9,3.6,0.529,0.2,0.6,0.325,1.7,2.9,0.575,0.559,1.1,1.3,0.859,1.4,2.6,4,0.3,0.4,0.5,0.6,1.8,5.1,884,16.4,0.615,0.181,0.353,11.7,20.7,16.2,2.9,1.5,2.3,12.4,15.1,1.9,1.1,3,0.163,-0.3,-0.2,-0.4,0.4
2008/2009,58680000,69929958.12,442114,Los Angeles Clippers,13,LAC,California,West,Pacific,19,63,0.232,95.1,103.9,-8.47,Brian Skinner,PF,32,1262275,1477608,51,21,16.5,1.8,4,0.449,0,0,0,1.8,4,0.453,0.449,0.6,0.9,0.638,1.4,2.6,4,0.5,0.3,1,0.8,1.8,4.2,843,10.6,0.474,0.01,0.229,9.6,18.5,13.9,5.1,1.1,4.6,16,14.5,-0.3,0.7,0.4,0.024,-5.1,1.3,-3.8,-0.4
2008/2009,58680000,69929958.12,442114,Minnesota Timberwolves,18,MIN,Minnesota,West,Northwest,24,58,0.293,97.8,102.7,-4.74,Craig Smith,PF,25,2500000,2926478,74,31,19.7,3.9,6.9,0.562,0,0,0,3.9,6.9,0.563,0.562,2.3,3.4,0.677,1.3,2.5,3.8,1.1,0.4,0.3,1.4,2.5,10.1,1460,16.9,0.599,0.002,0.482,7.6,15.5,11.4,9.7,1.1,1,14.4,22.5,2.3,0.8,3.1,0.104,-0.1,-1.2,-1.3,0.3
2008/2009,58680000,69929958.12,442114,Denver Nuggets,8,DEN,Colorado,West,Northwest,54,28,0.659,104.3,100.9,3.13,JR Smith,SG,23,4985001,5835400,81,18,27.7,5.2,11.7,0.446,2.2,5.6,0.397,3,6.1,0.491,0.541,2.5,3.4,0.754,0.5,3.1,3.7,2.8,1,0.2,1.9,2.3,15.2,2245,16.8,0.576,0.477,0.286,2.3,12.8,7.7,17.3,1.8,0.5,12.3,24.2,3.6,2.2,5.8,0.124,3,-1.3,1.7,2.1
2008/2009,58680000,69929958.12,442114,#N/A,#N/A,TOT,#N/A,#N/A,#N/A,#N/A,#N/A,#N/A,#N/A,#N/A,#N/A,Joe Smith,C,33,4795000,5612986,57,3,19.3,2.7,5.8,0.468,0.1,0.1,0.429,2.7,5.7,0.469,0.473,1,1.4,0.72,1.6,3.1,4.6,0.7,0.3,0.7,0.4,2.1,6.6,1102,13.8,0.507,0.021,0.246,9.5,18.3,13.9,6,0.8,2.7,6.3,16.2,1.4,1.4,2.7,0.118,-2.2,0.3,-1.9,0
2008/2009,58680000,69929958.12,442114,Oklahoma City Thunder,21,OKC,Oklahoma,West,Northwest,23,59,0.28,97,103.1,-6.04,Joe Smith,C,33,4795000,5612986,36,3,19.2,2.8,6.1,0.454,0.1,0.1,0.5,2.7,5.9,0.453,0.459,1.1,1.5,0.704,1.5,3.1,4.5,0.7,0.3,0.7,0.4,2,6.6,691,13.2,0.492,0.018,0.248,8.7,18.6,13.6,5.9,0.7,2.8,5.8,16.4,0.6,0.6,1.3,0.088,-2.7,-0.3,-3,-0.2
2008/2009,58680000,69929958.12,442114,Cleveland Cavaliers,6,CLE,Ohio,East,Central,66,16,0.805,100.3,91.4,8.68,Joe Smith,C,33,4795000,5612986,21,0,19.6,2.7,5.5,0.496,0,0.1,0.333,2.7,5.3,0.5,0.5,1,1.3,0.75,1.7,3,4.8,0.8,0.3,0.7,0.5,2.4,6.5,411,14.8,0.534,0.026,0.243,10.8,17.8,14.5,6.2,0.9,2.7,7.3,15.8,0.7,0.7,1.4,0.168,-1.3,1.2,-0.1,0.2
2008/2009,58680000,69929958.12,442114,Atlanta Hawks,1,ATL,Georgia,East,Southeast,47,35,0.573,98.1,96.5,1.7,Josh Smith,PF,23,10000000,11705915,69,69,35.1,6.1,12.3,0.492,0.4,1.3,0.299,5.7,11,0.514,0.508,3.1,5.2,0.588,1.9,5.3,7.2,2.4,1.4,1.6,2.3,2.7,15.6,2421,17.2,0.533,0.102,0.423,6.5,17.6,12.1,12.1,2.1,3.5,13.8,22.6,1.3,3.6,4.9,0.097,-0.8,2.5,1.7,2.3
2008/2009,58680000,69929958.12,442114,#N/A,#N/A,TOT,#N/A,#N/A,#N/A,#N/A,#N/A,#N/A,#N/A,#N/A,#N/A,Willie Solomon,PG,30,711517,832895,53,9,13.4,2,4.6,0.429,0.5,1.6,0.326,1.5,3,0.484,0.486,0.5,0.6,0.735,0.2,1,1.2,2.5,0.5,0.1,1,1.3,5,712,12.5,0.506,0.351,0.139,2,8.5,5.3,30,2,0.4,17.2,20.2,0.1,0.4,0.5,0.033,-1.1,-2.9,-4,-0.4
2008/2009,58680000,69929958.12,442114,Toronto Raptors,28,TOR,Ontario,East,Atlantic,33,49,0.402,99,101.9,-2.54,Willie Solomon,PG,30,711517,832895,39,9,13.9,2,4.6,0.436,0.4,1.5,0.263,1.6,3.2,0.516,0.478,0.5,0.6,0.833,0.2,0.9,1.1,3.2,0.5,0.1,1.3,1.5,4.9,544,12.5,0.504,0.315,0.133,2,7.3,4.6,36.1,1.9,0.6,20.4,20.4,0,0.3,0.4,0.032,-1.2,-2.8,-4,-0.3
2008/2009,58680000,69929958.12,442114,Sacramento Kings,26,SAC,California,West,Pacific,17,65,0.207,100.6,109.3,-8.6,Willie Solomon,PG,30,711517,832895,14,0,12,1.9,4.6,0.406,0.9,2.1,0.448,0.9,2.5,0.371,0.508,0.4,0.7,0.5,0.2,1.3,1.5,0.7,0.5,0,0.4,0.8,5,168,12.6,0.512,0.453,0.156,2.1,12.6,7.3,10,2.1,0,6.8,19.6,0.1,0,0.1,0.037,-0.8,-3.3,-4,-0.1
2008/2009,58680000,69929958.12,442114,Washington Wizards,30,WAS,Washington DC,East,Southeast,19,63,0.232,96.1,103.5,-6.98,Darius Songaila,C,30,4235000,4957455,77,29,19.8,3.2,5.9,0.532,0,0,0,3.2,5.9,0.533,0.532,1,1.2,0.889,1,2,2.9,1.2,0.8,0.3,1,2.6,7.4,1521,13.9,0.57,0.002,0.197,5.6,12.1,8.8,10.3,2.2,1.1,13,17.1,1.8,0.7,2.4,0.076,-0.8,-0.7,-1.5,0.2
2008/2009,58680000,69929958.12,442114,Philadelphia 76ers,23,PHI,Pennsylvania,East,Atlantic,41,41,0.5,97.4,97.3,0.16,Marreese Speights,C,21,1542600,1805754,79,2,16,3.2,6.4,0.502,0,0.1,0.25,3.2,6.3,0.506,0.504,1.3,1.7,0.773,1.6,2.2,3.7,0.4,0.3,0.7,0.6,2.3,7.7,1263,17.9,0.543,0.016,0.263,11.6,16.3,13.9,4.2,1.1,3.6,7.6,21.9,2.4,1.5,3.8,0.146,-0.7,-1,-1.7,0.1
2008/2009,58680000,69929958.12,442114,Dallas Mavericks,7,DAL,Texas,West,Southwest,50,32,0.61,101.7,99.8,1.68,Jerry Stackhouse,SG,34,7000000,8194141,10,1,16.2,1.6,6,0.267,0.3,1.9,0.158,1.3,4.1,0.317,0.292,0.7,0.7,1,0.5,1.2,1.7,1.2,0.4,0.1,0.9,0.6,4.2,162,3.4,0.333,0.317,0.117,3.6,8.4,6,10.7,1.3,0.5,12.5,20.4,-0.5,0.1,-0.4,-0.11,-6.5,-1.9,-8.3,-0.3
2008/2009,58680000,69929958.12,442114,Washington Wizards,30,WAS,Washington DC,East,Southeast,19,63,0.232,96.1,103.5,-6.98,DeShawn Stevenson,SG,27,3616072,4232943,32,25,27.7,2.3,7.2,0.312,1.1,4,0.271,1.2,3.2,0.363,0.387,1,1.9,0.533,0.3,2,2.4,3.1,0.7,0.1,1,1.3,6.6,886,6.9,0.41,0.558,0.26,1.4,8.9,5,16.3,1.3,0.2,11.1,14.9,-0.6,0,-0.6,-0.032,-2.2,-2.5,-4.7,-0.6
2008/2009,58680000,69929958.12,442114,New Orleans Hornets,19,NOH,Louisiana,West,Southwest,49,33,0.598,95.8,94.3,1.41,Predrag Stojakovic,SF,31,12528000,14665171,61,59,34.2,4.7,11.8,0.399,2.4,6.3,0.378,2.3,5.5,0.424,0.5,1.5,1.7,0.894,0.7,3.6,4.3,1.2,0.9,0,0.8,1.7,13.3,2089,12.5,0.531,0.534,0.145,2.6,12.7,7.6,6,1.4,0.1,6.3,18.8,1.9,1.9,3.8,0.087,0.6,-1.2,-0.6,0.7
2008/2009,58680000,69929958.12,442114,Phoenix Suns,24,PHO,Arizona,West,Pacific,46,36,0.561,109.4,107.5,1.62,Amare Stoudemire,PF,26,15070550,17641459,53,53,36.8,7.6,14.1,0.539,0.1,0.1,0.429,7.6,14,0.54,0.541,6.1,7.3,0.835,2.2,5.9,8.1,2,0.9,1.1,2.8,3.1,21.4,1948,20.3,0.617,0.009,0.517,7.2,18.1,12.9,8.3,1.3,2.1,14,24.2,4.6,1.4,6.1,0.149,1.3,-0.3,1,1.5
2008/2009,58680000,69929958.12,442114,Detroit Pistons,9,DET,Michigan,East,Central,39,43,0.476,94.2,94.7,-0.36,Rodney Stuckey,PG,22,1687320,1975162,79,65,31.9,5.1,11.6,0.439,0.3,1,0.295,4.8,10.6,0.453,0.452,2.9,3.7,0.803,0.9,2.6,3.5,4.9,1,0.1,2.2,2.7,13.4,2517,14.8,0.508,0.085,0.318,3.2,9.8,6.5,26.1,1.7,0.3,14.3,23,1.7,2.2,3.8,0.073,0,-0.5,-0.5,1
2008/2009,58680000,69929958.12,442114,Oklahoma City Thunder,21,OKC,Oklahoma,West,Northwest,23,59,0.28,97,103.1,-6.04,Robert Swift,C,23,3579131,4189700,26,10,13.2,1.4,2.7,0.521,0,0,,1.4,2.7,0.521,0.521,0.5,0.6,0.75,0.8,2.6,3.4,0.3,0.2,0.7,0.3,1.9,3.3,343,11.5,0.551,0,0.225,6.9,23.2,14.9,4,0.7,3.7,9.3,11.1,0.3,0.4,0.7,0.104,-3.9,0.8,-3.1,-0.1
2008/2009,58680000,69929958.12,442114,#N/A,#N/A,TOT,#N/A,#N/A,#N/A,#N/A,#N/A,#N/A,#N/A,#N/A,#N/A,Stromile Swift,PF,29,6200000,7257667,19,0,9.7,1.3,2.9,0.429,0.1,0.1,1,1.2,2.9,0.418,0.438,0.7,1.4,0.5,0.8,1.6,2.4,0.2,0.2,0.4,0.8,2.1,3.3,185,6.8,0.46,0.018,0.464,10.4,18.6,14.6,2.4,1.1,3.3,19.2,20.3,-0.3,0.2,-0.1,-0.033,-6.8,-1.7,-8.6,-0.3
2008/2009,58680000,69929958.12,442114,New Jersey Nets,3,NJN,New Jersey,East,Atlantic,34,48,0.415,98.1,100.5,-2.31,Stromile Swift,PF,29,6200000,7257667,6,0,10.7,1.5,2.5,0.6,0,0,,1.5,2.5,0.6,0.6,0.8,1.8,0.455,0.8,1.3,2.2,0.2,0,0.3,1.2,2.5,3.8,64,6.6,0.58,0,0.733,9.2,15.1,12.1,2.6,0,2.6,26.1,19.6,-0.1,0,0,-0.026,-6.2,-2.6,-8.9,-0.1
2008/2009,58680000,69929958.12,442114,Phoenix Suns,24,PHO,Arizona,West,Pacific,46,36,0.561,109.4,107.5,1.62,Stromile Swift,PF,29,6200000,7257667,13,0,9.3,1.2,3.2,0.366,0.1,0.1,1,1.1,3.1,0.35,0.378,0.6,1.2,0.533,0.8,1.7,2.5,0.2,0.3,0.5,0.7,1.9,3,121,6.8,0.41,0.024,0.366,11,20.4,15.9,2.3,1.7,3.6,15.9,20.6,-0.2,0.1,-0.1,-0.037,-7.1,-1.3,-8.4,-0.2
2008/2009,58680000,69929958.12,442114,Cleveland Cavaliers,6,CLE,Ohio,East,Central,66,16,0.805,100.3,91.4,8.68,Wally Szczerbiak,SF,31,13775000,16124899,74,5,20.6,2.4,5.4,0.45,0.9,2.3,0.411,1.5,3.1,0.478,0.536,1.2,1.4,0.849,0.6,2.6,3.1,1.1,0.4,0.1,0.7,1.8,7,1527,12.1,0.581,0.422,0.266,3.5,14.2,9,8.3,1,0.5,11,15.4,2.3,2.2,4.5,0.14,-0.2,0,-0.2,0.7
2008/2009,58680000,69929958.12,442114,Los Angeles Clippers,13,LAC,California,West,Pacific,19,63,0.232,95.1,103.9,-8.47,Mike Taylor,PG,23,500000,585295,51,5,15.1,2.2,5.2,0.412,0.3,0.8,0.325,1.9,4.5,0.427,0.436,1.1,1.6,0.691,0.4,1.3,1.7,2.1,0.7,0,1.4,1.6,5.7,771,10.1,0.477,0.15,0.303,3.2,10,6.5,22.9,2.4,0,19.4,22.2,-0.9,0.4,-0.4,-0.028,-3.8,-1.7,-5.5,-0.7
2008/2009,58680000,69929958.12,442114,Minnesota Timberwolves,18,MIN,Minnesota,West,Northwest,24,58,0.293,97.8,102.7,-4.74,Sebastian Telfair,PG,23,2300000,2692360,75,43,27.9,3.6,9.3,0.383,1,2.8,0.346,2.6,6.5,0.399,0.435,1.7,2.1,0.819,0.4,1.3,1.7,4.6,1,0.2,1.9,2.5,9.8,2095,10.8,0.481,0.303,0.23,1.7,5.5,3.5,26.1,1.8,0.4,16,19.6,0,0.8,0.8,0.019,-1.2,-2.2,-3.4,-0.7
2008/2009,58680000,69929958.12,442114,Dallas Mavericks,7,DAL,Texas,West,Southwest,50,32,0.61,101.7,99.8,1.68,Jason Terry,SG,31,9196000,10764760,74,11,33.7,7.3,15.8,0.463,2.3,6.2,0.366,5.1,9.6,0.525,0.535,2.7,3,0.88,0.5,1.9,2.4,3.4,1.3,0.3,1.6,1.9,19.6,2491,19.3,0.571,0.39,0.193,1.8,6.3,4.1,17.6,2,0.6,8.6,25.5,5.4,1.9,7.3,0.14,4.3,-1.8,2.5,2.8
2008/2009,58680000,69929958.12,442114,Washington Wizards,30,WAS,Washington DC,East,Southeast,19,63,0.232,96.1,103.5,-6.98,Etan Thomas,C,30,6864200,8035174,26,7,11.8,1.2,2.5,0.485,0,0,,1.2,2.5,0.485,0.485,0.6,0.9,0.696,1,1.6,2.5,0.2,0.1,0.7,0.7,1.3,3.1,306,10.1,0.525,0,0.348,9.3,16.2,12.7,3,0.5,4.8,19.1,14,0,0.1,0.1,0.018,-4.7,-0.5,-5.2,-0.3
2008/2009,58680000,69929958.12,442114,Sacramento Kings,26,SAC,California,West,Pacific,17,65,0.207,100.6,109.3,-8.6,Kenny Thomas,PF,31,8562500,10023190,8,0,7.8,0.4,1,0.375,0,0,,0.4,1,0.375,0.375,0,0,,0.5,1.4,1.9,0.1,0.8,0.1,0.1,1.1,0.8,62,8.8,0.375,0,0,7.5,20.9,14.1,2.3,4.9,1.2,11.1,6.5,0,0.1,0.1,0.056,-4.6,2.6,-2,0
2008/2009,58680000,69929958.12,442114,San Antonio Spurs,27,SAS,Texas,West,Southwest,54,28,0.659,97,93.3,3.36,Kurt Thomas,PF,36,4200000,4916484,79,10,17.8,1.9,3.8,0.503,0,0,0,1.9,3.8,0.507,0.503,0.5,0.6,0.822,1.7,3.4,5.1,0.8,0.4,0.7,0.5,2.2,4.3,1404,14,0.53,0.007,0.148,11.5,22.7,17.2,7.2,1.3,3.1,11.5,12.6,1.8,2.7,4.5,0.152,-2.2,3.2,1.1,1.1
2008/2009,58680000,69929958.12,442114,#N/A,#N/A,TOT,#N/A,#N/A,#N/A,#N/A,#N/A,#N/A,#N/A,#N/A,#N/A,Tim Thomas,PF,31,6049400,7081376,64,6,19.5,3,6.8,0.432,1.2,3,0.413,1.7,3.9,0.446,0.521,1.4,1.9,0.736,0.7,2.5,3.1,1.1,0.5,0.2,1.1,2.3,8.5,1247,12.2,0.555,0.432,0.276,3.7,14.6,9,8.6,1.2,0.6,12.5,19.9,0.9,0.8,1.7,0.065,-0.8,-1.8,-2.5,-0.2
2008/2009,58680000,69929958.12,442114,Los Angeles Clippers,13,LAC,California,West,Pacific,19,63,0.232,95.1,103.9,-8.47,Tim Thomas,PF,31,6049400,7081376,10,5,22,3.4,9,0.378,0.6,2,0.3,2.8,7,0.4,0.411,2.1,3.4,0.618,1.4,3.2,4.6,1,0.3,0.1,1.4,2.6,9.5,220,9.1,0.453,0.222,0.378,7.1,17.3,12.1,7.7,0.7,0.3,11.8,24.6,-0.3,0.1,-0.2,-0.038,-4.5,-3.5,-8.1,-0.3
2008/2009,58680000,69929958.12,442114,New York Knicks,20,NYK,New York,East,Atlantic,32,50,0.39,105.2,107.8,-2.33,Tim Thomas,PF,31,6049400,7081376,36,1,21.5,3.3,7.2,0.461,1.5,3.5,0.421,1.8,3.7,0.5,0.564,1.5,1.9,0.806,0.6,2.6,3.1,1.3,0.6,0.3,1.3,2.5,9.6,773,13.4,0.6,0.488,0.26,2.7,13.6,8,9.3,1.4,0.9,13.8,18.8,0.9,0.5,1.5,0.091,0.2,-1,-0.7,0.2
2008/2009,58680000,69929958.12,442114,Chicago Bulls,5,CHI,Illinois,East,Central,41,41,0.5,102.2,102.5,-0.16,Tim Thomas,PF,31,6049400,7081376,18,0,14.1,2,5,0.4,1.1,2.4,0.442,0.9,2.6,0.362,0.506,0.8,1.1,0.7,0.4,1.9,2.3,0.7,0.3,0,0.6,1.5,5.8,254,11.5,0.531,0.478,0.222,3.6,15.3,9.5,7.4,1.2,0,9.2,19.1,0.2,0.2,0.4,0.078,-0.6,-2.7,-3.2,-0.1
2008/2009,58680000,69929958.12,442114,Chicago Bulls,5,CHI,Illinois,East,Central,41,41,0.5,102.2,102.5,-0.16,Tyrus Thomas,PF,22,3749880,4389578,79,61,27.5,3.9,8.6,0.451,0,0.1,0.333,3.9,8.5,0.453,0.453,3,3.8,0.783,1.9,4.6,6.4,1,1.2,1.9,1.6,2.8,10.8,2175,15.9,0.525,0.013,0.445,7.8,18.9,13.4,5.5,2.2,5.1,13.6,19.4,1.2,3.4,4.6,0.101,-2.5,2.6,0.2,1.2
2008/2009,58680000,69929958.12,442114,Sacramento Kings,26,SAC,California,West,Pacific,17,65,0.207,100.6,109.3,-8.6,Jason Thompson,PF,22,1893840,2216913,82,56,28.1,4.3,8.7,0.497,0,0.1,0,4.3,8.6,0.502,0.497,2.4,3.5,0.692,2.9,4.5,7.4,1.1,0.6,0.7,1.8,3.8,11.1,2303,13.9,0.54,0.011,0.399,11.8,19,15.4,6.8,1,1.9,14.8,19.3,1.8,0.9,2.7,0.057,-1.7,-1.1,-2.7,-0.4
2008/2009,58680000,69929958.12,442114,Los Angeles Clippers,13,LAC,California,West,Pacific,19,63,0.232,95.1,103.9,-8.47,Al Thornton,SF,25,1776240,2079251,71,67,37.4,6.6,14.8,0.446,0.3,1.1,0.253,6.3,13.7,0.462,0.456,3.3,4.4,0.754,1.7,3.5,5.2,1.5,0.8,0.9,1.8,3.2,16.8,2654,12.6,0.502,0.075,0.298,5.2,11,8,6.9,1.2,1.7,9.9,22.6,0.2,1,1.3,0.023,-2.3,-1.2,-3.5,-1
2008/2009,58680000,69929958.12,442114,San Antonio Spurs,27,SAS,Texas,West,Southwest,54,28,0.659,97,93.3,3.36,Anthony Tolliver,PF,23,213255,249633,19,0,10.9,1,3.4,0.292,0.5,2.2,0.22,0.5,1.3,0.417,0.362,0.3,0.5,0.5,0.6,1.5,2.2,0.9,0.3,0.1,0.4,0.8,2.7,208,7.6,0.375,0.631,0.154,7,16.4,11.7,12.1,1.3,0.4,9.2,17.8,-0.3,0.3,0,0.01,-3.1,-0.1,-3.2,-0.1
2008/2009,58680000,69929958.12,442114,Phoenix Suns,24,PHO,Arizona,West,Pacific,46,36,0.561,109.4,107.5,1.62,Alando Tucker,SG,24,1001880,1172792,30,1,9.4,1.7,4,0.43,0.3,0.8,0.348,1.5,3.3,0.449,0.463,0.9,1.1,0.788,0.6,0.4,1,0.4,0.2,0,0.5,0.5,4.6,282,13,0.509,0.19,0.273,8.2,4.8,6.4,6.4,0.9,0.3,9.4,23.3,0.2,0,0.2,0.039,-1.2,-4.6,-5.8,-0.3
2008/2009,58680000,69929958.12,442114,Golden State Warriors,10,GSW,California,West,Pacific,29,53,0.354,108.6,112.3,-3.8,Ronny Turiaf,C,26,4500000,5267662,79,26,21.5,2.4,4.6,0.508,0,0,0,2.4,4.6,0.512,0.508,1.2,1.6,0.79,1.1,3.4,4.6,2.1,0.4,2.1,0.9,3.1,5.9,1696,14.5,0.559,0.008,0.339,5.7,17.4,11.6,13.9,1,6.9,14.3,12.4,2.2,1.4,3.6,0.101,-1.5,3.1,1.7,1.6
2008/2009,58680000,69929958.12,442114,Orlando Magic,22,ORL,Florida,East,Southeast,59,23,0.72,101,94.4,6.48,Hidayet Turkoglu,SF,29,6864200,8035174,77,77,36.6,5.5,13.3,0.413,1.7,4.9,0.356,3.8,8.4,0.445,0.478,4.1,5.1,0.807,0.6,4.7,5.3,4.9,0.8,0.2,2.6,2.8,16.8,2815,14.8,0.541,0.367,0.38,1.8,14.2,8.2,22.5,1.2,0.5,14.6,23,3,4.4,7.3,0.125,0.9,1.2,2.1,2.9
2008/2009,58680000,69929958.12,442114,San Antonio Spurs,27,SAS,Texas,West,Southwest,54,28,0.659,97,93.3,3.36,Ime Udoka,SF,31,1080000,1264238,67,3,15.4,1.6,4.3,0.383,0.6,1.9,0.328,1,2.4,0.426,0.455,0.4,0.7,0.609,0.4,2.4,2.8,0.8,0.5,0.2,0.6,1.3,4.3,1035,9.5,0.47,0.436,0.16,3.3,18.1,10.8,7.9,1.9,0.9,11,16.2,-0.5,1.7,1.3,0.058,-3.3,1.2,-2.1,0
2008/2009,58680000,69929958.12,442114,Sacramento Kings,26,SAC,California,West,Pacific,17,65,0.207,100.6,109.3,-8.6,Beno Udrih,PG,26,5585000,6537754,73,72,31.1,4.4,9.5,0.461,0.5,1.5,0.31,3.9,8,0.491,0.486,1.7,2.1,0.82,0.6,2.4,3,4.7,1.1,0.2,2.2,2.6,11,2270,12.3,0.525,0.162,0.216,2.4,9,5.7,24.7,1.8,0.4,17.2,18.2,1,0.2,1.2,0.026,-0.9,-1.9,-2.8,-0.4
2008/2009,58680000,69929958.12,442114,Toronto Raptors,28,TOR,Ontario,East,Atlantic,33,49,0.402,99,101.9,-2.54,Roko Ukic,PG,24,1250000,1463239,72,0,12.4,1.7,4.5,0.38,0.2,0.9,0.177,1.6,3.6,0.427,0.397,0.6,0.8,0.733,0.4,0.7,1,2.1,0.4,0,0.8,1.1,4.2,890,9.8,0.43,0.191,0.185,3.6,6.3,4.9,27.2,1.8,0.2,14.6,21.3,-0.8,0.4,-0.4,-0.019,-2.9,-2.5,-5.4,-0.8
2008/2009,58680000,69929958.12,442114,Cleveland Cavaliers,6,CLE,Ohio,East,Central,66,16,0.805,100.3,91.4,8.68,Anderson Varejao,PF,26,5784480,6771263,81,42,28.5,3.3,6.2,0.536,0,0,0,3.3,6.2,0.538,0.536,1.9,3.1,0.616,2,5.1,7.2,1,0.9,0.8,1,3,8.6,2306,14.6,0.565,0.004,0.496,8.9,20.6,15,5.4,1.8,2.3,11.5,14.2,3.3,4.7,8,0.166,-1.2,2.8,1.6,2.1
2008/2009,58680000,69929958.12,442114,San Antonio Spurs,27,SAS,Texas,West,Southwest,54,28,0.659,97,93.3,3.36,Jacque Vaughn,PG,33,1262275,1477608,30,0,9.7,0.8,2.5,0.32,0,0,1,0.8,2.5,0.311,0.327,0.5,0.6,0.889,0.1,0.6,0.7,1.8,0.2,0,0.5,0.9,2.2,292,7.6,0.392,0.013,0.24,1.7,7.3,4.5,27.6,1.1,0,15.3,16.2,-0.2,0.3,0.1,0.02,-5.8,-1.7,-7.5,-0.4
2008/2009,58680000,69929958.12,442114,Milwaukee Bucks,17,MIL,Wisconsin,East,Central,34,48,0.415,99.3,100.4,-0.88,Charlie Villanueva,PF,24,3448050,4036258,78,47,26.9,6.2,14,0.447,1.1,3.3,0.345,5.1,10.7,0.479,0.488,2.6,3.1,0.838,2,4.7,6.7,1.8,0.6,0.7,1.8,3.3,16.2,2095,18.6,0.529,0.237,0.22,8.3,21.6,14.7,12.4,1.2,2.2,10.4,28.5,2.2,2.7,4.9,0.112,1,-0.3,0.7,1.4
2008/2009,58680000,69929958.12,442114,Toronto Raptors,28,TOR,Ontario,East,Atlantic,33,49,0.402,99,101.9,-2.54,Jake Voskuhl,C,31,826153,967087,38,1,6.3,0.3,1.2,0.267,0,0,,0.3,1.2,0.267,0.267,0.3,0.4,0.786,0.6,1,1.6,0.2,0.1,0.1,0.4,1.6,0.9,240,0.4,0.342,0,0.311,10.4,18.4,14.4,4.6,0.7,1.3,24.9,13.1,-0.5,0.2,-0.3,-0.064,-7.7,-0.2,-7.9,-0.4
2008/2009,58680000,69929958.12,442114,Los Angeles Lakers,14,LAL,California,West,Pacific,65,17,0.793,106.9,99.3,7.11,Sasha Vujacic,SG,24,4524887,5296794,80,0,16.2,1.9,5,0.387,1,2.8,0.363,0.9,2.2,0.416,0.488,0.9,1,0.921,0.2,1.5,1.7,1.4,1,0.1,0.4,1.9,5.8,1293,12.6,0.531,0.556,0.19,1.7,10,5.9,12.2,3,0.4,7.5,16,1.8,1.9,3.7,0.138,0.8,0.1,0.8,0.9
2008/2009,58680000,69929958.12,442114,Miami Heat,16,MIA,Florida,East,Southeast,43,39,0.524,98.3,98,0.49,Dwyane Wade,SG,27,14410581,16868905,79,79,38.6,10.8,22,0.491,1.1,3.5,0.317,9.7,18.5,0.524,0.516,7.5,9.8,0.765,1.1,3.9,5,7.5,2.2,1.3,3.4,2.3,30.2,3048,30.4,0.574,0.16,0.443,3.5,12.2,7.8,40.3,3,2.8,11.6,36.2,10.3,4.4,14.7,0.232,8.7,2,10.7,9.7
2008/2009,58680000,69929958.12,442114,Houston Rockets,11,HOU,Texas,West,Southwest,53,29,0.646,98.4,94.4,3.73,Von Wafer,SG,23,826269,967223,63,11,19.4,3.6,8.1,0.447,1,2.6,0.39,2.6,5.5,0.474,0.51,1.4,1.9,0.752,0.3,1.5,1.8,1.1,0.6,0.1,0.9,1.1,9.7,1225,14.7,0.541,0.32,0.229,1.9,8.6,5.4,10.3,1.7,0.5,9.5,23.6,1.1,1.6,2.6,0.103,-0.3,-1.2,-1.5,0.2
2008/2009,58680000,69929958.12,442114,Boston Celtics,2,BOS,Massachusetts,East,Atlantic,62,20,0.756,100.9,93.4,7.44,Henry Walker,SF,21,542114,634594,29,0,7.4,1.2,2,0.621,0,0,0,1.2,2,0.632,0.621,0.6,0.8,0.696,0.3,0.7,1,0.4,0.2,0.1,0.6,1.8,3,216,10.9,0.646,0.017,0.397,4.7,11.3,8.2,9.9,1.5,0.7,20.9,18.6,0.2,0.3,0.5,0.117,-2,0,-2,0
2008/2009,58680000,69929958.12,442114,Cleveland Cavaliers,6,CLE,Ohio,East,Central,66,16,0.805,100.3,91.4,8.68,Ben Wallace,PF,34,14500000,16973578,56,53,23.5,1.2,2.8,0.445,0,0,,1.2,2.8,0.445,0.445,0.5,1.1,0.422,2.4,4,6.5,0.8,0.9,1.3,0.6,1.5,2.9,1314,12.2,0.45,0,0.413,12.8,19.7,16.4,4.7,2,4.5,15.7,7.8,0.8,2.9,3.8,0.138,-2.3,5.3,3,1.7
2008/2009,58680000,69929958.12,442114,Charlotte Bobcats,4,CHA,North Carolina,East,Southeast,35,47,0.427,93.6,94.9,-1.2,Gerald Wallace,SF,26,9500000,11120620,71,71,37.6,5.5,11.4,0.48,0.5,1.8,0.298,4.9,9.6,0.515,0.504,5.1,6.4,0.804,1.6,6.2,7.8,2.7,1.7,0.9,2.1,3,16.6,2669,18.6,0.585,0.162,0.56,5.2,20.3,12.8,12.4,2.5,2.1,12.8,20.5,4.9,4.6,9.5,0.172,1.2,2.9,4.1,4.1
2008/2009,58680000,69929958.12,442114,Detroit Pistons,9,DET,Michigan,East,Central,39,43,0.476,94.2,94.7,-0.36,Rasheed Wallace,C,34,13930000,16306340,66,63,32.2,4.6,10.9,0.419,1.7,4.8,0.354,2.9,6.1,0.471,0.498,1.2,1.5,0.772,0.8,6.6,7.4,1.4,0.9,1.3,0.9,3,12,2123,14.9,0.52,0.443,0.14,3.1,24.6,13.7,7.1,1.6,3.1,7.2,18.5,1.6,3.4,5.1,0.114,-0.3,1.7,1.4,1.8
2008/2009,58680000,69929958.12,442114,Los Angeles Lakers,14,LAL,California,West,Pacific,65,17,0.793,106.9,99.3,7.11,Luke Walton,SF,28,4420000,5174014,65,34,17.9,2.1,4.7,0.436,0.3,0.9,0.298,1.8,3.8,0.468,0.464,0.6,0.9,0.719,0.8,1.9,2.8,2.7,0.5,0.2,1.1,1.6,5,1166,11.3,0.491,0.186,0.186,5.4,12,8.7,21.1,1.4,0.7,17.2,15.1,0.7,1.3,2,0.083,-1.6,0.1,-1.5,0.2
2008/2009,58680000,69929958.12,442114,Memphis Grizzlies,15,MEM,Tennessee,West,Southwest,24,58,0.293,93.9,99.3,-5.23,Hakim Warrick,PF,26,2119102,2480602,82,7,24.7,4.1,8.5,0.491,0.1,0.3,0.217,4.1,8.2,0.5,0.494,3.2,4.6,0.711,1.6,3.4,5,0.8,0.6,0.5,1.2,2.1,11.6,2029,16.9,0.554,0.033,0.54,7.7,17,12.3,5.9,1.3,1.6,10.3,22,3,1.7,4.7,0.111,-1.1,-1.4,-2.4,-0.2
2008/2009,58680000,69929958.12,442114,Golden State Warriors,10,GSW,California,West,Pacific,29,53,0.354,108.6,112.3,-3.8,CJ Watson,PG,24,711517,832895,77,18,24.5,3.3,7.3,0.457,0.6,1.6,0.4,2.7,5.7,0.473,0.5,2.2,2.5,0.87,0.5,2,2.5,2.7,1.2,0.1,1.2,1.8,9.5,1883,14.2,0.564,0.214,0.343,2.3,8.8,5.5,16.2,2.5,0.1,12.5,16.8,2.7,0.6,3.3,0.084,0.5,-1.5,-1.1,0.4
2008/2009,58680000,69929958.12,442114,Oklahoma City Thunder,21,OKC,Oklahoma,West,Northwest,23,59,0.28,97,103.1,-6.04,Earl Watson,PG,29,6200000,7257667,68,18,26.1,2.6,6.7,0.384,0.3,1.3,0.235,2.3,5.4,0.418,0.406,1.2,1.6,0.755,0.5,2.2,2.7,5.8,0.7,0.2,2.3,2,6.6,1776,9.5,0.448,0.188,0.234,2.3,9.7,5.9,33.4,1.4,0.5,23.8,16.3,-1.2,1.1,-0.2,-0.005,-3.4,-1.7,-5,-1.4
2008/2009,58680000,69929958.12,442114,Oklahoma City Thunder,21,OKC,Oklahoma,West,Northwest,23,59,0.28,97,103.1,-6.04,Kyle Weaver,SG,22,806452,944025,56,19,20.8,2,4.4,0.459,0.6,1.7,0.344,1.4,2.7,0.529,0.524,0.7,1,0.707,0.6,1.8,2.3,1.8,0.8,0.4,1.2,1.4,5.3,1166,10.2,0.551,0.378,0.236,3,9.9,6.4,13.1,2.1,1.6,20.3,12.9,0.2,1,1.2,0.049,-1.9,0.8,-1.1,0.3
2008/2009,58680000,69929958.12,442114,Portland Trail Blazers,25,POR,Oregon,West,Northwest,54,28,0.659,99.4,94.1,5,Martell Webster,SF,22,3771133,4414456,1,0,5,0,1,0,0,1,0,0,0,,0,0,0,,0,0,0,0,0,0,0,0,0,5,-8.4,0,1,0,0,0,0,0,0,0,0,9.4,0,0,0,-0.204,-8.8,-2.9,-11.7,0
2008/2009,58680000,69929958.12,442114,Denver Nuggets,8,DEN,Colorado,West,Northwest,54,28,0.659,104.3,100.9,3.13,Sonny Weems,SG,22,442114,517534,12,0,4.6,0.7,2.1,0.32,0,0.3,0,0.7,1.8,0.364,0.32,0.3,0.7,0.375,0,0.3,0.3,0.3,0.1,0,0.5,0.7,1.6,55,-3.9,0.333,0.12,0.32,0,8.2,4.2,8.7,0.9,0,17.4,27.9,-0.3,0,-0.3,-0.255,-12.6,-4.5,-17.2,-0.2
2008/2009,58680000,69929958.12,442114,New Orleans Hornets,19,NOH,Louisiana,West,Southwest,49,33,0.598,95.8,94.3,1.41,David West,PF,28,9862500,11544959,76,76,39.2,8,17,0.472,0.1,0.3,0.24,7.9,16.7,0.477,0.474,4.8,5.5,0.884,2.1,6.4,8.5,2.3,0.6,0.9,2.1,2.7,21,2982,18.9,0.54,0.019,0.321,6.5,19.7,13.1,10.9,0.9,1.9,10,26.5,4.2,3.5,7.8,0.125,-0.6,0.2,-0.5,1.2
2008/2009,58680000,69929958.12,442114,Cleveland Cavaliers,6,CLE,Ohio,East,Central,66,16,0.805,100.3,91.4,8.68,Delonte West,SG,25,3850000,4506777,64,64,33.6,4.5,9.8,0.457,1.4,3.6,0.399,3,6.2,0.49,0.53,1.4,1.7,0.833,0.5,2.7,3.2,3.5,1.5,0.2,1.4,2,11.7,2152,14.1,0.559,0.365,0.173,1.8,9.2,5.6,16.6,2.4,0.5,12,16.7,3,3.4,6.4,0.142,1.1,1.2,2.3,2.3
2008/2009,58680000,69929958.12,442114,Atlanta Hawks,1,ATL,Georgia,East,Southeast,47,35,0.573,98.1,96.5,1.7,Mario West,SG,24,711517,832895,53,3,5.1,0.3,0.6,0.412,0,0,1,0.2,0.6,0.394,0.426,0.3,0.6,0.467,0.5,0.6,1.1,0.4,0.3,0.1,0.2,0.7,0.8,269,10,0.456,0.029,0.882,10.5,13.9,12.2,10.1,3.6,1.1,21.6,10.5,0,0.4,0.4,0.08,-2.9,2.8,-0.1,0.1
2008/2009,58680000,69929958.12,442114,Oklahoma City Thunder,21,OKC,Oklahoma,West,Northwest,23,59,0.28,97,103.1,-6.04,Russell Westbrook,PG,20,3493680,4089672,82,65,32.5,5.3,13.4,0.398,0.4,1.6,0.271,4.9,11.8,0.415,0.414,4.3,5.2,0.815,2.2,2.7,4.9,5.3,1.3,0.2,3.3,2.3,15.3,2668,15.2,0.489,0.118,0.391,7.6,9.7,8.6,27.5,2.1,0.4,17.6,25.8,-0.1,2,1.9,0.035,0.1,-0.2,-0.1,1.3
2008/2009,58680000,69929958.12,442114,Oklahoma City Thunder,21,OKC,Oklahoma,West,Northwest,23,59,0.28,97,103.1,-6.04,DJ White,PF,22,964080,1128543,7,0,18.6,3.7,7.1,0.52,0,0,,3.7,7.1,0.52,0.52,1.4,1.9,0.769,1.4,3.1,4.6,0.9,0.4,0.7,0.4,1.4,8.9,130,19.8,0.556,0,0.26,8.7,19.8,14.2,8.3,1.2,2.8,5.1,20,0.3,0.1,0.4,0.157,-0.5,-0.5,-1,0
2008/2009,58680000,69929958.12,442114,Houston Rockets,11,HOU,Texas,West,Southwest,53,29,0.646,98.4,94.4,3.73,James White,SF,26,#N/A,#N/A,4,0,2.8,0.8,1.3,0.6,0.3,0.5,0.5,0.5,0.8,0.667,0.7,0,0,,0,0,0,0.3,0.3,0.3,0.8,0.5,1.8,11,14.6,0.7,0.4,0,0,0,0,19.2,4.8,6.6,37.5,33.8,0,0,0,-0.066,-5.5,-0.1,-5.7,0
2008/2009,58680000,69929958.12,442114,#N/A,#N/A,TOT,#N/A,#N/A,#N/A,#N/A,#N/A,#N/A,#N/A,#N/A,#N/A,Chris Wilcox,C,26,6750000,7901493,62,6,16.9,3,6,0.497,0,0.1,0,3,5.9,0.503,0.497,1.3,2.3,0.564,1.5,2.9,4.5,0.8,0.4,0.3,1.2,2.2,7.2,1049,13.3,0.518,0.011,0.378,10.2,20,15,7.6,1.3,1.1,14.8,21.3,0.1,1,1.1,0.048,-3.2,-0.9,-4.1,-0.6
2008/2009,58680000,69929958.12,442114,Oklahoma City Thunder,21,OKC,Oklahoma,West,Northwest,23,59,0.28,97,103.1,-6.04,Chris Wilcox,C,26,6750000,7901493,37,6,19.4,3.5,7.2,0.485,0,0.1,0,3.5,7.2,0.491,0.485,1.4,2.4,0.598,1.8,3.5,5.3,0.9,0.5,0.3,1.5,2.4,8.4,719,13.4,0.509,0.011,0.325,10.2,21.2,15.6,8,1.3,1.1,15.2,22.2,-0.1,0.7,0.6,0.039,-3.3,-0.9,-4.2,-0.4
2008/2009,58680000,69929958.12,442114,New York Knicks,20,NYK,New York,East,Atlantic,32,50,0.39,105.2,107.8,-2.33,Chris Wilcox,C,26,6750000,7901493,25,0,13.2,2.2,4.1,0.529,0,0,0,2.2,4,0.535,0.529,1.1,2.1,0.509,1.2,2,3.3,0.6,0.3,0.2,0.8,1.9,5.4,330,13.2,0.539,0.01,0.52,10,17.5,13.6,6.7,1.2,1.1,13.8,19.2,0.2,0.3,0.5,0.07,-2.9,-0.9,-3.8,-0.2
2008/2009,58680000,69929958.12,442114,Oklahoma City Thunder,21,OKC,Oklahoma,West,Northwest,23,59,0.28,97,103.1,-6.04,Damien Wilkins,SG,29,3100000,3628833,41,14,15.5,1.9,5.2,0.362,0.7,1.8,0.375,1.2,3.4,0.355,0.425,0.9,1.1,0.804,0.5,1.2,1.7,0.9,0.5,0.2,0.9,1.3,5.3,636,8.3,0.467,0.338,0.216,3.6,9.2,6.3,9.1,1.8,0.8,13.7,18.8,-0.4,0.4,0,0.002,-3.3,-1.4,-4.7,-0.4
2008/2009,58680000,69929958.12,442114,Utah Jazz,29,UTA,Utah,West,Northwest,48,34,0.585,103.6,100.9,2.31,Deron Williams,PG,24,5069449,5934254,68,68,36.8,6.8,14.5,0.471,1,3.3,0.31,5.8,11.1,0.518,0.506,4.8,5.6,0.849,0.4,2.5,2.9,10.7,1.1,0.3,3.4,2,19.4,2505,21.1,0.573,0.23,0.39,1.1,8.1,4.6,47.8,1.5,0.6,16.5,24.7,6.5,1.9,8.4,0.16,4.3,-2.5,1.8,2.4
2008/2009,58680000,69929958.12,442114,Cleveland Cavaliers,6,CLE,Ohio,East,Central,66,16,0.805,100.3,91.4,8.68,Jawad Williams,SF,25,244463,286166,10,0,2,0.5,1.2,0.417,0.2,0.6,0.333,0.3,0.6,0.5,0.5,0,0,,0.1,0.1,0.2,0,0.1,0,0.1,0.2,1.2,20,14.1,0.5,0.5,0,6.2,5.7,6,0,2.7,0,7.7,30.7,0,0,0,0.045,-2.1,-6.7,-8.7,0
2008/2009,58680000,69929958.12,442114,Philadelphia 76ers,23,PHI,Pennsylvania,East,Atlantic,41,41,0.5,97.4,97.3,0.16,Louis Williams,SG,22,4500000,5267662,81,0,23.7,4.1,10.4,0.398,0.8,2.7,0.286,3.4,7.7,0.438,0.435,3.8,4.8,0.79,0.4,1.6,2,3,1,0.2,1.9,1.6,12.8,1919,16.3,0.513,0.261,0.456,2.2,8.1,5.2,21.6,2.4,0.6,13,27.7,1.6,1.7,3.4,0.085,0.7,-1.6,-0.9,0.5
2008/2009,58680000,69929958.12,442114,Golden State Warriors,10,GSW,California,West,Pacific,29,53,0.354,108.6,112.3,-3.8,Marcus Williams,PG,23,1262520,1477895,9,0,6,0.4,1.9,0.235,0.2,0.7,0.333,0.2,1.2,0.182,0.294,0.2,0.7,0.333,0,0.4,0.4,1.4,0.1,0.1,0.4,0.7,1.3,54,3.7,0.305,0.353,0.353,0,8.1,4,32.6,0.9,1.3,16.9,18.7,-0.1,0,-0.1,-0.127,-6.7,-4.9,-11.7,-0.1
2008/2009,58680000,69929958.12,442114,San Antonio Spurs,27,SAS,Texas,West,Southwest,54,28,0.659,97,93.3,3.36,Marcus Williams,PF,22,1262520,1477895,2,0,1.5,1,1,1,0,0,,1,1,1,1,0,0,,0,0,0,0,0,0,0,0.5,2,3,53,1,0,0,0,0,0,0,0,0,0,32.3,0,0,0,0.517,17.7,-8.5,9.1,0
2008/2009,58680000,69929958.12,442114,Atlanta Hawks,1,ATL,Georgia,East,Southeast,47,35,0.573,98.1,96.5,1.7,Marvin Williams,SF,22,5636143,6597621,61,59,34.3,4.7,10.2,0.458,0.9,2.5,0.355,3.8,7.7,0.493,0.502,3.6,4.5,0.806,1.8,4.5,6.3,1.3,0.9,0.6,1.1,2.1,13.9,2093,16,0.569,0.249,0.439,6.2,15.2,10.7,6.3,1.5,1.4,8.6,18.2,3.9,2.2,6.1,0.14,0.8,0.1,0.9,1.5
2008/2009,58680000,69929958.12,442114,Cleveland Cavaliers,6,CLE,Ohio,East,Central,66,16,0.805,100.3,91.4,8.68,Maurice Williams,PG,26,8353000,9777951,81,81,35,6.5,13.9,0.467,2.3,5.2,0.436,4.2,8.7,0.486,0.548,2.6,2.8,0.912,0.6,2.9,3.4,4.1,0.9,0.1,2.2,2.7,17.8,2834,17.2,0.588,0.373,0.202,2.1,9.4,5.9,20.1,1.3,0.3,12.7,23.4,6.1,3.7,9.8,0.165,3,-0.7,2.3,3.1
2008/2009,58680000,69929958.12,442114,New Jersey Nets,3,NJN,New Jersey,East,Atlantic,34,48,0.415,98.1,100.5,-2.31,Sean Williams,PF,22,1522920,1782717,33,0,11.1,0.9,2.2,0.417,0,0,,0.9,2.2,0.417,0.417,0.6,1,0.625,1,1.4,2.4,0.4,0.2,0.9,0.6,2.2,2.4,366,8.8,0.465,0,0.444,10.9,14.8,12.9,5.4,1,6.5,18.9,13.6,-0.1,0.4,0.3,0.036,-4.8,2.4,-2.4,0
2008/2009,58680000,69929958.12,442114,Dallas Mavericks,7,DAL,Texas,West,Southwest,50,32,0.61,101.7,99.8,1.68,Shawne Williams,SF,22,1572960,1841293,15,0,11.3,1.1,3.7,0.286,0.1,1.1,0.059,1,2.6,0.385,0.295,0.6,0.7,0.818,1.3,1.8,3.1,0.1,0.1,0.6,0.3,1.3,2.8,170,7.5,0.345,0.304,0.196,13,18.1,15.5,1.7,0.6,3.9,7.6,17.8,-0.2,0.2,0,-0.012,-5.8,-1.6,-7.4,-0.2
2008/2009,58680000,69929958.12,442114,#N/A,#N/A,TOT,#N/A,#N/A,#N/A,#N/A,#N/A,#N/A,#N/A,#N/A,#N/A,Shelden Williams,PF,25,3395760,3975048,45,0,11.4,1.6,3.5,0.446,0,0,0,1.6,3.4,0.452,0.446,1,1.4,0.73,1.1,2.3,3.4,0.3,0.5,0.4,0.8,1.4,4.1,512,13.7,0.503,0.013,0.401,10.9,24.3,17.5,3.8,2.2,2.7,15.5,19.2,0,0.5,0.5,0.048,-4.7,-0.7,-5.3,-0.4
2008/2009,58680000,69929958.12,442114,Sacramento Kings,26,SAC,California,West,Pacific,17,65,0.207,100.6,109.3,-8.6,Shelden Williams,PF,25,3395760,3975048,30,0,10.2,1.3,3,0.449,0,0.1,0,1.3,2.9,0.46,0.449,1.1,1.4,0.762,0.8,1.8,2.6,0.3,0.4,0.3,0.9,1.2,3.7,305,12.2,0.521,0.022,0.472,9.5,20.4,14.9,4.2,2,2.4,19.5,19.6,-0.1,0.2,0.1,0.014,-5.2,-1.3,-6.5,-0.3
2008/2009,58680000,69929958.12,442114,Minnesota Timberwolves,18,MIN,Minnesota,West,Northwest,24,58,0.293,97.8,102.7,-4.74,Shelden Williams,PF,25,3395760,3975048,15,0,13.8,2,4.5,0.441,0,0,,2,4.5,0.441,0.441,0.9,1.4,0.667,1.6,3.4,5,0.3,0.7,0.5,0.5,1.9,4.9,207,16,0.479,0,0.309,13.1,30,21.2,3.2,2.5,3,9.4,18.6,0.1,0.3,0.4,0.098,-3.9,0.2,-3.7,-0.1
2008/2009,58680000,69929958.12,442114,Houston Rockets,11,HOU,Texas,West,Southwest,53,29,0.646,98.4,94.4,3.73,Metta World Peace,SF,29,7400000,8662377,69,55,35.5,6,15,0.401,2.2,5.6,0.399,3.8,9.5,0.402,0.475,2.8,3.8,0.748,0.9,4.3,5.2,3.3,1.5,0.3,2,2.2,17.1,2452,15.6,0.512,0.369,0.253,3.2,13.4,8.5,16.2,2.3,0.7,10.8,24.5,1.6,4,5.5,0.108,1.1,1.2,2.3,2.7
2008/2009,58680000,69929958.12,442114,Dallas Mavericks,7,DAL,Texas,West,Southwest,50,32,0.61,101.7,99.8,1.68,Antoine Wright,SF,24,1800000,2107064,65,53,23.9,2.8,6.6,0.415,0.7,2.3,0.302,2.1,4.3,0.475,0.468,1.1,1.5,0.747,0.5,1.6,2.1,1.2,0.7,0.4,0.8,2.6,7.3,1552,8.6,0.501,0.346,0.22,2.3,7.7,5,7.4,1.6,1.3,10.3,15.6,0.3,1.2,1.4,0.044,-1.6,-0.1,-1.7,0.1
2008/2009,58680000,69929958.12,442114,Golden State Warriors,10,GSW,California,West,Pacific,29,53,0.354,108.6,112.3,-3.8,Brandan Wright,PF,21,2497320,2923341,39,23,17.6,3.3,6.3,0.528,0,0.1,0,3.3,6.2,0.537,0.528,1.6,2.2,0.741,1.6,2.4,4,0.5,0.6,0.9,0.6,1.9,8.3,688,18.7,0.57,0.016,0.346,9.8,15,12.4,4.9,1.6,3.7,7.5,19,1.4,0.4,1.9,0.131,-0.2,-0.9,-1.2,0.1
2008/2009,58680000,69929958.12,442114,Miami Heat,16,MIA,Florida,East,Southeast,43,39,0.524,98.3,98,0.49,Dorell Wright,SF,23,2612835,3058562,6,0,12.2,1.3,3.3,0.4,0,0,,1.3,3.3,0.4,0.4,0.3,1,0.333,0.3,3,3.3,0.3,0.3,0,1,1.3,3,73,3.7,0.398,0,0.3,3.3,29.8,16.4,4.2,1.5,0,20.9,18.4,-0.2,0.1,-0.1,-0.086,-10.8,-1.3,-12.1,-0.2
2008/2009,58680000,69929958.12,442114,New Orleans Hornets,19,NOH,Louisiana,West,Southwest,49,33,0.598,95.8,94.3,1.41,Julian Wright,SF,21,1869600,2188538,54,19,14.3,2,4.3,0.466,0,0.4,0.095,2,3.9,0.502,0.47,0.3,0.6,0.567,0.9,2,2.8,0.8,0.6,0.4,0.8,0.9,4.4,772,12.6,0.479,0.09,0.128,7.2,16.6,11.9,9.4,2.5,2.1,14.8,18.1,-0.4,1.2,0.8,0.048,-3.7,1.6,-2.1,0
2008/2009,58680000,69929958.12,442114,Cleveland Cavaliers,6,CLE,Ohio,East,Central,66,16,0.805,100.3,91.4,8.68,Lorenzen Wright,C,33,1262275,1477608,17,2,7.4,0.6,1.6,0.37,0,0,,0.6,1.6,0.37,0.37,0.2,0.5,0.375,0.4,1.1,1.5,0.2,0.2,0.3,0.5,1,1.4,125,4,0.377,0,0.296,6.9,16.5,11.9,3.5,1.7,3.2,22.8,14.9,-0.3,0.2,-0.1,-0.022,-8.4,2,-6.4,-0.1
2008/2009,58680000,69929958.12,442114,Washington Wizards,30,WAS,Washington DC,East,Southeast,19,63,0.232,96.1,103.5,-6.98,Nick Young,SG,23,1602960,1876411,82,5,22.4,4.1,9.2,0.444,0.7,2,0.341,3.4,7.2,0.473,0.481,2,2.4,0.85,0.4,1.5,1.8,1.2,0.5,0.2,1.1,1.7,10.9,1837,13.1,0.53,0.217,0.255,1.9,7.8,4.8,9,1.1,0.9,9.9,23.1,1.2,-0.1,1.2,0.03,-1.1,-3.8,-4.9,-1.3
2008/2009,58680000,69929958.12,442114,Philadelphia 76ers,23,PHI,Pennsylvania,East,Atlantic,41,41,0.5,97.4,97.3,0.16,Thaddeus Young,PF,20,1968120,2303864,75,71,34.4,6.3,12.8,0.495,0.7,2.2,0.341,5.6,10.6,0.526,0.524,1.9,2.5,0.735,1.9,3.2,5,1.1,1.3,0.3,1.6,2.2,15.3,2580,15.3,0.549,0.171,0.197,6.4,11.1,8.8,5.8,2.1,0.7,10.2,20.5,3,2.5,5.5,0.102,0.8,-0.2,0.5,1.7
2008/2009,58680000,69929958.12,442114,Los Angeles Lakers,14,LAL,California,West,Pacific,65,17,0.793,106.9,99.3,7.11,Sun Yue,SG,23,442114,517534,10,0,2.8,0.3,1.1,0.273,0,0.6,0,0.3,0.5,0.6,0.273,0,0,,0,0,0,0.2,0.1,0.1,0.3,1,0.6,28,-8.6,0.273,0.545,0,0,0,0,9.8,1.8,2.8,21.4,22,-0.2,0,-0.1,-0.226,-11.4,-3.7,-15.2,-0.1
2007/2008,55630000,66059550.23,427163,Sacramento Kings,26,SAC,California,West,Pacific,38,44,0.463,102.5,104.8,-1.86,Shareef Abdur-Rahim,PF,31,5800000,7130382,6,0,8.5,0.5,2.3,0.214,0,0,,0.5,2.3,0.214,0.214,0.7,0.7,1,1,0.7,1.7,0.7,0.2,0,0.2,1.5,1.7,51,5.5,0.317,0,0.286,14.2,9.1,11.6,11.1,1,0,6,14.7,0,0,0,-0.005,-3.6,-2.1,-5.7,0
2007/2008,55630000,66059550.23,427163,Detroit Pistons,9,DET,Michigan,East,Central,59,23,0.72,97.5,90.1,6.67,Arron Afflalo,SG,22,944520,1161170,75,9,12.9,1.3,3.2,0.411,0.1,0.6,0.208,1.2,2.6,0.461,0.432,0.9,1.2,0.782,0.5,1.3,1.8,0.7,0.4,0.1,0.5,1.1,3.7,970,10.2,0.494,0.199,0.361,4.4,12.5,8.4,8.1,1.8,0.7,10.9,15.2,0.5,1.4,1.9,0.092,-2.3,0.6,-1.6,0.1
2007/2008,55630000,66059550.23,427163,#N/A,#N/A,TOT,#N/A,#N/A,#N/A,#N/A,#N/A,#N/A,#N/A,#N/A,#N/A,Maurice Ager,SG,23,974400,1197904,26,3,6.3,0.8,2.5,0.323,0.1,0.7,0.158,0.7,1.8,0.391,0.346,0.2,0.5,0.5,0.2,0.3,0.5,0.3,0,0,0.2,0.7,2,165,1.8,0.363,0.292,0.185,2.8,6.3,4.6,8,0,0.4,7.9,21.3,-0.4,0,-0.4,-0.114,-6.8,-4.5,-11.3,-0.4
2007/2008,55630000,66059550.23,427163,Dallas Mavericks,7,DAL,Texas,West,Southwest,51,31,0.622,100.4,95.9,4.7,Maurice Ager,SG,23,974400,1197904,12,3,6.4,0.4,2.3,0.185,0,0.7,0,0.4,1.6,0.263,0.185,0.4,0.5,0.833,0.1,0.3,0.3,0.3,0,0.1,0.3,0.9,1.3,77,-4.4,0.253,0.296,0.222,1.6,4.4,3,7.4,0,1,9.2,19.8,-0.3,0,-0.3,-0.181,-9.6,-3.5,-13.1,-0.2
2007/2008,55630000,66059550.23,427163,New Jersey Nets,3,NJN,New Jersey,East,Atlantic,34,48,0.415,95.8,100.9,-5.15,Maurice Ager,SG,23,974400,1197904,14,0,6.3,1.1,2.7,0.421,0.2,0.8,0.273,0.9,1.9,0.481,0.461,0.1,0.4,0.167,0.2,0.4,0.6,0.3,0,0,0.2,0.4,2.6,88,7.1,0.443,0.289,0.158,3.9,7.9,5.9,8.4,0,0,6.9,22.7,-0.1,0,-0.1,-0.056,-4.4,-5.4,-9.8,-0.2
2007/2008,55630000,66059550.23,427163,Miami Heat,16,MIA,Florida,East,Southeast,15,67,0.183,91.4,100,-8.53,Blake Ahearn,PG,23,#N/A,#N/A,12,0,14.8,1.3,4.8,0.263,0.8,2.8,0.294,0.4,1.9,0.217,0.351,2.5,2.6,0.968,0.1,1.5,1.6,1.6,0.5,0,1.3,1.7,5.8,177,9,0.495,0.596,0.544,0.7,12.4,6.4,17.2,1.8,0,18.5,23.2,-0.1,0.1,0,-0.006,-2.8,-2.8,-5.6,-0.2
2007/2008,55630000,66059550.23,427163,Portland Trail Blazers,25,POR,Oregon,West,Northwest,41,41,0.5,95.4,96.3,-0.52,LaMarcus Aldridge,PF,22,4329360,5322412,76,76,34.9,7.4,15.3,0.484,0,0.1,0.143,7.4,15.2,0.486,0.484,3,3.9,0.762,2.9,4.7,7.6,1.6,0.7,1.2,1.7,3.2,17.8,2649,18.5,0.523,0.006,0.257,9.8,15.8,12.8,8.8,1.1,2.8,8.9,25.3,3.5,2.8,6.2,0.113,0.1,0.7,0.8,1.8
2007/2008,55630000,66059550.23,427163,#N/A,#N/A,TOT,#N/A,#N/A,#N/A,#N/A,#N/A,#N/A,#N/A,#N/A,#N/A,Malik Allen,PF,29,998398,1227406,73,16,15,2.2,4.5,0.48,0,0,0.5,2.1,4.5,0.48,0.482,0.3,0.3,0.92,0.9,1.8,2.7,0.6,0.3,0.4,0.6,2,4.6,1096,9.8,0.5,0.006,0.076,7,13.6,10.4,6.8,0.9,2.2,11.7,16.1,0.1,0.9,1,0.045,-3.6,-0.3,-3.9,-0.5
2007/2008,55630000,66059550.23,427163,New Jersey Nets,3,NJN,New Jersey,East,Atlantic,34,48,0.415,95.8,100.9,-5.15,Malik Allen,PF,29,998398,1227406,48,12,15.9,2.6,5.4,0.475,0,0,0.5,2.6,5.4,0.475,0.477,0.3,0.3,0.923,0.9,1.8,2.7,0.6,0.3,0.4,0.7,1.9,5.4,763,10.1,0.489,0.008,0.05,6.4,13.1,9.7,6.8,1,2.1,10.7,17.9,-0.2,0.5,0.4,0.023,-4.3,-0.9,-5.1,-0.6
2007/2008,55630000,66059550.23,427163,Dallas Mavericks,7,DAL,Texas,West,Southwest,51,31,0.622,100.4,95.9,4.7,Malik Allen,PF,29,998398,1227406,25,4,13.3,1.3,2.6,0.5,0,0,,1.3,2.6,0.5,0.5,0.4,0.5,0.917,1,1.8,2.7,0.6,0.2,0.4,0.5,2.4,3.1,333,9.1,0.54,0,0.182,8.6,14.8,11.8,6.7,0.6,2.2,15.4,11.8,0.3,0.4,0.7,0.096,-2.2,1,-1.1,0.1
2007/2008,55630000,66059550.23,427163,Boston Celtics,2,BOS,Massachusetts,East,Atlantic,66,16,0.805,100.5,90.3,9.3,Ray Allen,SG,32,16000000,19670019,73,73,35.9,6,13.5,0.445,2.5,6.2,0.398,3.5,7.3,0.485,0.537,2.9,3.2,0.907,1,2.6,3.7,3.1,0.9,0.2,1.7,2,17.4,2624,16.4,0.584,0.458,0.24,3.6,8.3,6.1,14.6,1.3,0.5,10.4,21.6,5.6,4.1,9.7,0.177,3.2,-0.1,3.1,3.4
2007/2008,55630000,66059550.23,427163,Boston Celtics,2,BOS,Massachusetts,East,Atlantic,66,16,0.805,100.5,90.3,9.3,Tony Allen,SG,26,1868141,2296648,75,11,18.3,2.3,5.2,0.434,0.2,0.8,0.316,2,4.4,0.455,0.458,1.8,2.4,0.762,0.5,1.8,2.2,1.5,0.8,0.3,1.5,2.2,6.6,1373,10.7,0.527,0.147,0.465,3.1,11,7.3,13.1,2.4,1.3,18.9,19.6,-0.1,2.8,2.7,0.093,-3.2,1.8,-1.4,0.2
2007/2008,55630000,66059550.23,427163,Cleveland Cavaliers,6,CLE,Ohio,East,Central,45,37,0.549,96.4,96.7,-0.53,0,C,26,#N/A,#N/A,3,0,3.3,0.3,1.3,0.25,0,0,,0.3,1.3,0.25,0.25,0.3,0.7,0.5,0,0.3,0.3,0,0,0,0,0.3,1,10,-1,0.307,0,0.5,0,11.8,5.7,0,0,0,0,22.1,0,0,0,-0.125,-12.6,-7.1,-19.7,0
2007/2008,55630000,66059550.23,427163,Utah Jazz,29,UTA,Utah,West,Northwest,54,28,0.659,106.2,99.3,6.86,Morris Almond,SG,22,1005960,1236703,9,0,4.3,0.4,1.7,0.267,0.1,0.4,0.25,0.3,1.2,0.273,0.3,0.4,0.7,0.667,0,0.2,0.2,0.3,0.1,0,0.2,0.6,1.4,39,2,0.368,0.267,0.4,0,6.2,3.1,10.5,1.3,0,10.2,22.5,-0.1,0,-0.1,-0.081,-6.9,-4,-11,-0.1
2007/2008,55630000,66059550.23,427163,Houston Rockets,11,HOU,Texas,West,Southwest,55,27,0.671,96.7,92,4.83,Rafer Alston,PG,31,4550000,5593661,74,74,34.1,4.9,12.5,0.394,1.9,5.5,0.351,3,7,0.427,0.471,1.3,1.9,0.715,0.4,3.1,3.5,5.3,1.3,0.2,2.2,1.9,13.1,2526,13.2,0.492,0.44,0.148,1.3,10.2,5.8,25.2,2.1,0.5,14,20.7,1,4,5,0.095,0.2,0.7,1,1.9
2007/2008,55630000,66059550.23,427163,Philadelphia 76ers,23,PHI,Pennsylvania,East,Atlantic,40,42,0.488,96.6,96.2,0.19,Louis Amundson,PF,25,687456,841583.6352,16,0,4,0.5,1,0.5,0,0,,0.5,1,0.5,0.5,0.1,0.4,0.286,0.4,0.3,0.8,0,0.1,0.1,0.1,0.8,1.1,64,7.4,0.472,0,0.438,12.9,9.4,11.1,0,0.8,1.2,9.5,14.9,0,0,0.1,0.043,-4.5,-4.3,-8.8,-0.1
2007/2008,55630000,66059550.23,427163,New Orleans Hornets,19,NOH,Louisiana,West,Southwest,56,26,0.683,100.9,95.6,5.46,Chris Andersen,C,29,#N/A,#N/A,5,0,6.8,0.4,1.4,0.286,0,0,,0.4,1.4,0.286,0.286,0.4,0.8,0.5,0.4,1.4,1.8,0,0,0.8,0.2,1.2,1.2,34,6.1,0.342,0,0.571,6.7,24.6,15.5,0,0,9.2,10.2,13.3,-0.1,0.1,0,0.012,-10.4,0.8,-9.6,-0.1
2007/2008,55630000,66059550.23,427163,Charlotte Bobcats,4,CHA,North Carolina,East,Southeast,32,50,0.39,97.1,101.4,-4.49,Derek Anderson,SG,33,1219590,1499334,28,0,14.1,1.7,4.5,0.376,0.7,1.9,0.365,1,2.6,0.384,0.452,1,1.4,0.737,0.3,1.5,1.9,1.6,0.4,0,0.9,1.8,5,396,10,0.497,0.416,0.304,2.6,12.6,7.5,17.8,1.6,0.2,15,19.3,0,0.3,0.3,0.032,-1.9,-1.8,-3.7,-0.2
2007/2008,55630000,66059550.23,427163,Denver Nuggets,8,DEN,Colorado,West,Northwest,50,32,0.61,110.7,107,3.74,Carmelo Anthony,SF,23,13041250,16032602,77,77,36.4,9.5,19.2,0.492,0.8,2.1,0.354,8.7,17.1,0.509,0.511,6,7.7,0.786,2.3,5.1,7.4,3.4,1.3,0.5,3.3,3.3,25.7,2806,21.1,0.568,0.111,0.398,7,14.9,11,16.1,1.7,1,12.7,30.2,5.2,3,8.2,0.14,2.2,-0.6,1.6,2.6
2007/2008,55630000,66059550.23,427163,Miami Heat,16,MIA,Florida,East,Southeast,15,67,0.183,91.4,100,-8.53,Joel Anthony,PF,25,427163,525144,24,1,20.8,1.2,2.5,0.467,0,0,,1.2,2.5,0.467,0.467,1.2,2,0.592,1.6,2.3,3.9,0.1,0.4,1.3,0.7,2.3,3.5,498,8.8,0.521,0,0.817,9,13.4,11.2,0.9,1,5,17.2,9.4,0.1,0.4,0.6,0.054,-4.8,1.4,-3.4,-0.2
2007/2008,55630000,66059550.23,427163,Washington Wizards,30,WAS,Washington DC,East,Southeast,43,39,0.524,98.8,99.2,-0.61,Gilbert Arenas,PG,26,11950400,14691537,13,8,32.7,6,15.1,0.398,1.7,6,0.282,4.3,9.1,0.475,0.454,5.7,7.4,0.771,0.5,3.5,3.9,5.1,1.8,0.1,3.8,2.3,19.4,425,18.2,0.529,0.398,0.49,1.6,12.8,7,27.4,2.9,0.2,17.1,31.1,0.2,0.4,0.6,0.07,2.3,-1.6,0.7,0.3
2007/2008,55630000,66059550.23,427163,#N/A,#N/A,TOT,#N/A,#N/A,#N/A,#N/A,#N/A,#N/A,#N/A,#N/A,#N/A,Trevor Ariza,SF,22,3100000,3811066,35,3,15.6,2,3.9,0.507,0.1,0.5,0.278,1.8,3.4,0.542,0.526,1.4,2.1,0.653,0.9,2.2,3.1,1.3,0.9,0.3,0.7,1.3,5.5,546,16.1,0.568,0.132,0.551,6.4,15.4,11.1,11.8,2.9,1.5,12,15.6,0.9,0.9,1.8,0.157,0,1.8,1.8,0.5
2007/2008,55630000,66059550.23,427163,Orlando Magic,22,ORL,Florida,East,Southeast,52,30,0.634,104.5,99,4.79,Trevor Ariza,SF,22,3100000,3811066,11,0,10.5,1.3,2.8,0.452,0,0.3,0,1.3,2.5,0.5,0.452,0.7,1.4,0.533,0.5,1.7,2.2,0.7,0.5,0.3,0.5,0.8,3.3,115,12.7,0.479,0.097,0.484,5.2,18.3,12,10.7,2.2,1.9,11.7,17,0,0.2,0.2,0.085,-3.4,1.9,-1.5,0
2007/2008,55630000,66059550.23,427163,Los Angeles Lakers,14,LAL,California,West,Pacific,57,25,0.695,108.6,101.3,7.34,Trevor Ariza,SF,22,3100000,3811066,24,3,18,2.3,4.4,0.524,0.2,0.6,0.333,2.1,3.8,0.556,0.548,1.7,2.5,0.683,1,2.5,3.5,1.5,1.1,0.3,0.8,1.5,6.5,431,17.1,0.594,0.143,0.571,6.7,14.6,10.8,12,3,1.3,12,15.3,0.9,0.7,1.6,0.176,0.9,1.8,2.7,0.5
2007/2008,55630000,66059550.23,427163,New Jersey Nets,3,NJN,New Jersey,East,Atlantic,34,48,0.415,95.8,100.9,-5.15,Darrell Armstrong,PG,39,1219590,1499334,50,2,11,0.8,2.2,0.364,0.5,1.4,0.333,0.3,0.8,0.415,0.468,0.4,0.6,0.667,0.3,1,1.3,1.5,0.6,0,0.8,1.1,2.5,549,8.7,0.499,0.627,0.273,3.6,10.6,7.1,20.5,2.7,0.3,25,13.7,-0.2,0.5,0.3,0.024,-2.6,-0.4,-3,-0.1
2007/2008,55630000,66059550.23,427163,New Orleans Hornets,19,NOH,Louisiana,West,Southwest,56,26,0.683,100.9,95.6,5.46,Hilton Armstrong,C,23,1900200,2336060,65,3,11.3,1,2.3,0.453,0,0,,1,2.3,0.453,0.453,0.7,1.1,0.629,1,1.5,2.5,0.4,0.2,0.5,0.9,2,2.7,732,7.7,0.498,0,0.473,10.1,16,13,4.4,1.1,3.6,24.8,15.1,-0.5,1,0.5,0.032,-5.1,1.8,-3.3,-0.2
2007/2008,55630000,66059550.23,427163,Orlando Magic,22,ORL,Florida,East,Southeast,52,30,0.634,104.5,99,4.79,Carlos Arroyo,PG,28,4100000,5040442,62,20,20.5,2.5,5.6,0.451,0.5,1.4,0.345,2.1,4.3,0.485,0.493,1.4,1.6,0.853,0.2,1.7,1.8,3.5,0.4,0,1.2,1.4,6.9,1269,12.8,0.547,0.241,0.293,0.9,9,5.1,26.6,1.1,0.1,16.4,17,1.7,1.1,2.8,0.107,-0.8,-1.4,-2.2,-0.1
2007/2008,55630000,66059550.23,427163,Denver Nuggets,8,DEN,Colorado,West,Northwest,50,32,0.61,110.7,107,3.74,Chucky Atkins,SG,33,3000000,3688128,24,0,14.7,1.8,5.1,0.344,1,3.3,0.316,0.7,1.8,0.395,0.447,0.2,0.4,0.444,0.1,1.2,1.3,2,0.4,0,0.4,1.1,4.7,352,8.9,0.449,0.648,0.074,0.9,8.4,4.8,18.7,1.2,0.2,7.4,16.4,0.1,0.2,0.3,0.04,-1.1,-2.9,-4,-0.2
2007/2008,55630000,66059550.23,427163,Orlando Magic,22,ORL,Florida,East,Southeast,52,30,0.634,104.5,99,4.79,James Augustine,PF,23,687456,845142,25,0,6,0.7,1.4,0.529,0,0,,0.7,1.4,0.529,0.529,0.2,0.3,0.5,0.6,0.6,1.2,0.1,0.2,0.1,0.2,0.7,1.6,149,10.8,0.533,0,0.235,12.9,10.4,11.6,2.1,1.7,1,13.8,13.4,0.1,0.2,0.3,0.098,-2.2,-0.3,-2.6,0
2007/2008,55630000,66059550.23,427163,Golden State Warriors,10,GSW,California,West,Pacific,48,34,0.585,111,108.8,2.38,Kelenna Azubuike,SG,24,687456,845142,81,17,21.4,3.2,7.2,0.445,0.9,2.4,0.364,2.3,4.8,0.485,0.505,1.2,1.7,0.717,1.3,2.7,4,0.9,0.6,0.4,0.7,2,8.5,1732,13.5,0.534,0.332,0.235,6.4,14,10,6.1,1.3,1.4,8.2,17.2,2.3,1.1,3.4,0.094,-0.3,-1.2,-1.5,0.2
2007/2008,55630000,66059550.23,427163,New York Knicks,20,NYK,New York,East,Atlantic,23,59,0.28,96.9,103.5,-6.55,Renaldo Balkman,SF,23,1280640,1574388,65,0,14.6,1.4,2.9,0.489,0,0.2,0.083,1.4,2.7,0.517,0.492,0.6,1.5,0.432,1.3,2,3.3,0.6,0.7,0.5,0.6,2,3.4,952,11.5,0.492,0.065,0.511,9.6,16.4,12.9,6.5,2.4,2.4,14,12.5,0.4,0.9,1.3,0.065,-2.4,1.8,-0.6,0.3
2007/2008,55630000,66059550.23,427163,#N/A,#N/A,TOT,#N/A,#N/A,#N/A,#N/A,#N/A,#N/A,#N/A,#N/A,#N/A,Marcus Banks,PG,26,3966207,4875960,36,3,15.8,2.4,5.3,0.45,1.1,2.8,0.392,1.3,2.5,0.517,0.555,0.8,1,0.771,0.1,1.1,1.3,1.7,0.4,0.4,1,1.8,6.6,569,12.6,0.579,0.534,0.183,0.9,8.3,4.6,17.7,1.3,1.6,15.2,19.7,0.5,0.3,0.8,0.068,0.1,-2.2,-2.1,0
2007/2008,55630000,66059550.23,427163,Phoenix Suns,24,PHO,Arizona,West,Pacific,55,27,0.671,110.1,105,5.14,Marcus Banks,PG,26,3966207,4875960,24,1,12.9,1.8,4.5,0.404,1,2.7,0.385,0.8,1.8,0.432,0.518,0.5,0.7,0.75,0.1,0.7,0.8,1,0.3,0.3,0.7,1.6,5.2,310,10.1,0.539,0.596,0.147,1.2,5.7,3.6,11.3,1.3,1.7,12.1,19.1,0.1,0.2,0.3,0.046,-0.4,-2.2,-2.6,0
2007/2008,55630000,66059550.23,427163,Miami Heat,16,MIA,Florida,East,Southeast,15,67,0.183,91.4,100,-8.53,Marcus Banks,PG,26,3966207,4875960,12,2,21.6,3.5,6.8,0.512,1.3,3.1,0.405,2.3,3.8,0.6,0.604,1.3,1.6,0.789,0.1,2,2.1,3,0.5,0.4,1.8,2.3,9.5,259,15.5,0.631,0.451,0.232,0.5,11.3,5.8,25.5,1.2,1.5,18.9,20.4,0.4,0.1,0.5,0.093,0.7,-2.2,-1.5,0
2007/2008,55630000,66059550.23,427163,Phoenix Suns,24,PHO,Arizona,West,Pacific,55,27,0.671,110.1,105,5.14,Leandro Barbosa,SG,25,5600000,6884506,82,12,29.5,5.8,12.5,0.462,2,5.1,0.389,3.8,7.3,0.514,0.543,2.1,2.6,0.822,0.5,2.3,2.8,2.6,0.9,0.2,1.4,2.4,15.6,2421,15.8,0.575,0.413,0.209,2,8.2,5.4,13.5,1.5,0.5,9.5,22.8,3.9,1.6,5.5,0.109,2.4,-1.8,0.6,1.6
2007/2008,55630000,66059550.23,427163,Dallas Mavericks,7,DAL,Texas,West,Southwest,51,31,0.622,100.4,95.9,4.7,Jose Juan Barea,PG,23,687456,845142,44,9,10.5,1.6,3.9,0.418,0.5,1.2,0.389,1.1,2.6,0.431,0.479,0.6,0.8,0.8,0.1,1,1.1,1.3,0.3,0,0.8,1.1,4.3,460,11.7,0.515,0.318,0.206,1,10.5,5.9,20.6,1.6,0.2,15.9,22.3,0,0.5,0.5,0.052,-1.5,-1.8,-3.2,-0.1
2007/2008,55630000,66059550.23,427163,Toronto Raptors,28,TOR,Ontario,East,Atlantic,41,41,0.5,100.2,97.3,2.47,Andrea Bargnani,PF,22,4838880,5948804,78,53,23.9,3.6,9.3,0.386,1.2,3.3,0.345,2.4,5.9,0.409,0.448,1.8,2.2,0.84,0.6,3.1,3.7,1.1,0.3,0.5,1.1,2.7,10.2,1861,10.6,0.495,0.36,0.233,3.2,15.2,9.2,7.4,0.7,1.6,9.9,22.5,-0.3,1.6,1.4,0.036,-1.9,-1.2,-3,-0.5
2007/2008,55630000,66059550.23,427163,Golden State Warriors,10,GSW,California,West,Pacific,48,34,0.585,111,108.8,2.38,Matt Barnes,PF,27,3000000,3688128,73,18,19.4,2.6,6.1,0.423,0.7,2.5,0.293,1.8,3.6,0.513,0.483,0.8,1.1,0.747,1.3,3.2,4.4,1.9,0.7,0.5,1.2,2.2,6.7,1414,12.9,0.51,0.41,0.179,6.8,18.1,12.3,13.5,1.6,1.9,15.1,16.7,1,1.3,2.3,0.077,-0.7,0.5,-0.2,0.6
2007/2008,55630000,66059550.23,427163,Los Angeles Clippers,13,LAC,California,West,Pacific,23,59,0.28,93.8,101.1,-6.56,Andre Barrett,PG,25,#N/A,#N/A,4,0,6.3,0.5,1.3,0.4,0.3,0.8,0.333,0.3,0.5,0.5,0.5,0.3,0.5,0.5,0,0.3,0.3,1.8,0,0,0.3,0.3,1.5,25,12.5,0.51,0.6,0.4,0,4.7,2.3,44.3,0,0,14.5,12.7,0,0,0,0.078,-2.1,-8.4,-10.5,-0.1
2007/2008,55630000,66059550.23,427163,Miami Heat,16,MIA,Florida,East,Southeast,15,67,0.183,91.4,100,-8.53,Earl Barron,C,26,973328,1196586,46,15,19.3,2.9,7.1,0.404,0,0.3,0.077,2.8,6.8,0.417,0.405,1.3,1.9,0.701,1.5,2.8,4.3,0.6,0.4,0.2,1,2.5,7.1,889,9.4,0.446,0.04,0.266,8.9,17.9,13.3,5.8,1.1,0.7,11.6,22,-1,0.6,-0.4,-0.019,-5.5,-2.2,-7.7,-1.3
2007/2008,55630000,66059550.23,427163,San Antonio Spurs,27,SAS,Texas,West,Southwest,56,26,0.683,95.4,90.6,5.1,Brent Barry,SF,36,5544370,6816116,31,1,17.9,2.5,5.2,0.481,1.5,3.6,0.429,0.9,1.5,0.604,0.631,0.6,0.6,0.95,0.4,1.4,1.8,1.7,0.5,0.1,0.6,1.4,7.1,554,16.7,0.655,0.7,0.125,2.6,9,5.9,16.1,1.7,0.4,9.6,16.1,1.5,0.8,2.3,0.203,3.7,-0.1,3.6,0.8
2007/2008,55630000,66059550.23,427163,Dallas Mavericks,7,DAL,Texas,West,Southwest,51,31,0.622,100.4,95.9,4.7,Brandon Bass,C,22,770610,947369,79,1,19.7,3.1,6.2,0.499,0,0.1,0,3.1,6.2,0.503,0.499,2.1,2.5,0.822,1.5,2.9,4.4,0.7,0.3,0.6,1,1.9,8.3,1557,15.9,0.564,0.008,0.4,9.2,16.3,12.9,6.1,0.8,2.3,12.4,19.8,2.4,1.9,4.3,0.132,-1,0,-1,0.4
2007/2008,55630000,66059550.23,427163,Toronto Raptors,28,TOR,Ontario,East,Atlantic,41,41,0.5,100.2,97.3,2.47,Maceo Baston,PF,32,1830000,2249758,15,2,6.9,1.1,1.7,0.68,0,0,,1.1,1.7,0.68,0.68,0.5,0.7,0.7,0.6,1.1,1.7,0.2,0.1,0.3,0.3,1.3,2.7,103,17.6,0.697,0,0.4,10.3,19.7,14.9,4.6,1,3.2,12,15.3,0.3,0.1,0.4,0.201,0.4,0.4,0.8,0.1
2007/2008,55630000,66059550.23,427163,Houston Rockets,11,HOU,Texas,West,Southwest,55,27,0.671,96.7,92,4.83,Shane Battier,SF,29,5883600,7233158,80,78,36.3,3.3,7.7,0.428,1.7,4.6,0.377,1.6,3.1,0.504,0.54,0.9,1.3,0.743,1.6,3.5,5.1,1.9,1,1.1,1,2.5,9.3,2907,11.7,0.561,0.596,0.163,5.2,10.5,7.9,8,1.4,2.3,10.5,11.7,3.6,4.6,8.2,0.135,0.8,3,3.8,4.3
2007/2008,55630000,66059550.23,427163,Golden State Warriors,10,GSW,California,West,Pacific,48,34,0.585,111,108.8,2.38,Marco Belinelli,SG,21,1345800,1654494,33,0,7.3,1.1,2.8,0.387,0.5,1.2,0.39,0.6,1.6,0.385,0.473,0.2,0.3,0.778,0.1,0.3,0.4,0.5,0.2,0,0.4,0.5,2.9,241,8.2,0.49,0.441,0.097,1.3,5.1,3.1,8.8,1,0,11,19.1,0,0,0,-0.002,-2.8,-4.3,-7.2,-0.3
2007/2008,55630000,66059550.23,427163,Milwaukee Bucks,17,MIL,Wisconsin,East,Central,26,56,0.317,97,103.9,-6.92,Charlie Bell,SG,28,3100000,3811066,68,5,23.9,2.7,7.1,0.381,1.1,3.2,0.341,1.6,4,0.413,0.457,1,1.3,0.805,0.5,2,2.5,3.1,0.8,0,1.1,1.8,7.6,1628,10.9,0.49,0.447,0.179,2.1,10.3,6,19.9,1.7,0.1,12.7,16.6,1,0.3,1.3,0.038,-0.5,-2.2,-2.7,-0.3
2007/2008,55630000,66059550.23,427163,Phoenix Suns,24,PHO,Arizona,West,Pacific,55,27,0.671,110.1,105,5.14,Raja Bell,SG,31,4750000,5839537,75,75,35.3,4.2,10,0.421,2.3,5.9,0.401,1.9,4.2,0.449,0.538,1.1,1.2,0.868,0.6,3,3.7,2.2,0.7,0.4,0.9,2.9,11.9,2646,10.5,0.561,0.583,0.121,2.2,9,5.9,8.6,1,0.7,7.6,14.5,3,1.5,4.5,0.082,1.7,-0.4,1.3,2.2
2007/2008,55630000,66059550.23,427163,#N/A,#N/A,TOT,#N/A,#N/A,#N/A,#N/A,#N/A,#N/A,#N/A,#N/A,#N/A,Mike Bibby,PG,29,13500000,16596579,48,44,32.8,5.2,12.6,0.411,1.9,5.2,0.375,3.2,7.4,0.437,0.488,1.6,2.1,0.78,0.3,3,3.3,6,1.1,0.1,2.5,2,13.9,1573,14.5,0.515,0.411,0.166,1.2,10.6,6,30.9,1.8,0.2,15.5,22,1.1,0.9,2.1,0.063,1.3,-2.3,-1,0.4
2007/2008,55630000,66059550.23,427163,Sacramento Kings,26,SAC,California,West,Pacific,38,44,0.463,102.5,104.8,-1.86,Mike Bibby,PG,29,13500000,16596579,15,12,31.5,5.2,12.8,0.406,1.6,4.1,0.393,3.6,8.7,0.412,0.469,1.5,2.1,0.742,0.7,3,3.7,5,1.3,0.1,2.5,2.3,13.5,473,13.5,0.494,0.318,0.161,2.8,11,7,26.3,2,0.3,15.6,23,0,0.3,0.3,0.035,0.1,-1.7,-1.6,0.1
2007/2008,55630000,66059550.23,427163,Atlanta Hawks,1,ATL,Georgia,East,Southeast,37,45,0.451,98.2,100,-2.23,Mike Bibby,PG,29,13500000,16596579,33,32,33.3,5.2,12.5,0.414,2.1,5.7,0.369,3.1,6.8,0.451,0.498,1.7,2.1,0.797,0.2,3,3.2,6.5,1.1,0.1,2.5,1.9,14.1,1100,14.9,0.526,0.455,0.168,0.5,10.4,5.5,32.9,1.7,0.1,15.5,21.5,1.1,0.6,1.7,0.076,1.7,-2.6,-0.8,0.3
2007/2008,55630000,66059550.23,427163,Golden State Warriors,10,GSW,California,West,Pacific,48,34,0.585,111,108.8,2.38,Andris Biedrins,C,21,2636696,3241491,76,59,27.3,4.5,7.1,0.626,0,0,,4.5,7.1,0.626,0.626,1.5,2.5,0.62,3.4,6.4,9.8,1,0.7,1.2,1.1,3.4,10.5,2078,19.2,0.637,0,0.344,12.7,26.2,19.1,5.2,1.3,3.3,12,14.4,5.4,2.6,8,0.185,0.6,1.2,1.8,2
2007/2008,55630000,66059550.23,427163,Detroit Pistons,9,DET,Michigan,East,Central,59,23,0.72,97.5,90.1,6.67,Chauncey Billups,PG,31,10000000,12293762,78,78,32.3,5,11.2,0.448,1.8,4.4,0.401,3.3,6.9,0.479,0.526,5.1,5.6,0.918,0.5,2.2,2.7,6.8,1.3,0.2,2.1,1.7,17,2522,23.6,0.619,0.39,0.498,2,8.1,5,34.7,2.2,0.5,13,23,10.2,3.4,13.5,0.257,6.8,-0.7,6.1,5.2
2007/2008,55630000,66059550.23,427163,Portland Trail Blazers,25,POR,Oregon,West,Northwest,41,41,0.5,95.4,96.3,-0.52,Steve Blake,PG,27,4250000,5224849,81,78,29.9,3.2,7.9,0.408,1.5,3.7,0.406,1.7,4.2,0.409,0.502,0.6,0.8,0.766,0.4,2,2.4,5.1,0.7,0,1.4,1.6,8.5,2424,12,0.518,0.466,0.1,1.5,7.9,4.7,27.1,1.2,0.1,14.5,15.3,2.5,1.3,3.8,0.075,0.6,-1.4,-0.8,0.7
2007/2008,55630000,66059550.23,427163,Washington Wizards,30,WAS,Washington DC,East,Southeast,43,39,0.524,98.8,99.2,-0.61,Andray Blatche,PF,21,2470000,3036559,82,15,20.4,3.1,6.5,0.474,0,0.2,0.231,3.1,6.4,0.48,0.477,1.3,1.9,0.695,2,3.2,5.2,1.1,0.6,1.4,1.4,3.1,7.5,1675,15.5,0.512,0.024,0.287,11.2,18.8,14.9,9.2,1.7,5.7,15.6,19.7,0.8,2.1,3,0.085,-1.9,2.4,0.5,1
2007/2008,55630000,66059550.23,427163,Miami Heat,16,MIA,Florida,East,Southeast,15,67,0.183,91.4,100,-8.53,Mark Blount,C,32,7901040,9713350,69,46,22.3,3.4,7.5,0.462,0.2,0.6,0.386,3.2,6.8,0.469,0.479,1.3,2,0.638,1,2.8,3.8,0.6,0.5,0.5,1,1.9,8.4,1542,11.4,0.505,0.085,0.268,5.3,15.3,10.2,4.8,1.1,1.8,10.8,19.8,-0.3,1,0.7,0.021,-4.1,-1.3,-5.4,-1.3
2007/2008,55630000,66059550.23,427163,Orlando Magic,22,ORL,Florida,East,Southeast,52,30,0.634,104.5,99,4.79,Keith Bogans,SG,27,2440000,2999678,82,35,26.8,2.9,7.2,0.41,1.8,5,0.362,1.1,2.2,0.52,0.536,1,1.3,0.736,0.5,2.7,3.2,1.3,0.7,0.1,0.6,2,8.7,2198,10.9,0.559,0.696,0.187,2.3,11.3,7,7.1,1.4,0.3,7.7,14.4,2.6,2.3,4.9,0.106,1.2,0.1,1.3,1.8
2007/2008,55630000,66059550.23,427163,Milwaukee Bucks,17,MIL,Wisconsin,East,Central,26,56,0.317,97,103.9,-6.92,Andrew Bogut,C,23,4991520,6136456,78,78,34.9,6,11.7,0.511,0,0.1,0,6,11.6,0.515,0.511,2.4,4.1,0.587,3.1,6.6,9.8,2.6,0.8,1.7,2.2,3.3,14.3,2720,17.5,0.532,0.008,0.354,10.2,23.4,16.5,12.4,1.2,3.9,14.1,20.2,2.6,2.3,4.8,0.085,-0.5,1.7,1.2,2.2
2007/2008,55630000,66059550.23,427163,San Antonio Spurs,27,SAS,Texas,West,Southwest,56,26,0.683,95.4,90.6,5.1,Matt Bonner,PF,27,2678000,3292269,68,3,12.5,1.8,4.3,0.416,0.7,2,0.336,1.1,2.3,0.487,0.495,0.6,0.6,0.864,0.8,2,2.8,0.5,0.2,0.3,0.6,1.6,4.8,853,12.4,0.525,0.471,0.151,7.4,19,13.3,6.2,0.9,1.5,11.2,19.6,0.5,1.5,2,0.11,-1.4,-0.2,-1.6,0.1
2007/2008,55630000,66059550.23,427163,New Jersey Nets,3,NJN,New Jersey,East,Atlantic,34,48,0.415,95.8,100.9,-5.15,Josh Boone,PF,23,1133040,1392932,70,53,25.3,3.4,6.2,0.548,0,0,,3.4,6.2,0.548,0.548,1.4,3.1,0.456,2.7,4.5,7.3,0.8,0.5,0.9,1,2.2,8.2,1773,14.8,0.543,0,0.5,12.5,20.8,16.6,5.3,1.1,2.7,11.4,15.4,1.9,1.8,3.7,0.1,-1.8,0.6,-1.2,0.3
2007/2008,55630000,66059550.23,427163,Philadelphia 76ers,23,PHI,Pennsylvania,East,Atlantic,40,42,0.488,96.6,96.2,0.19,Calvin Booth,C,31,1103225,1356278,31,0,6.6,0.3,0.9,0.333,0,0,,0.3,0.9,0.333,0.333,0.2,0.3,0.6,0.2,1,1.2,0.3,0.2,0.6,0.1,1.1,0.8,204,7.1,0.382,0,0.37,3.5,18.8,11.1,5.4,1.6,7,11.3,7.8,-0.1,0.4,0.3,0.065,-6,4.9,-1.2,0
2007/2008,55630000,66059550.23,427163,Utah Jazz,29,UTA,Utah,West,Northwest,54,28,0.659,106.2,99.3,6.86,Carlos Boozer,PF,26,11260483,13843370,81,81,34.9,8.8,16,0.547,0,0,0,8.8,16,0.547,0.547,3.6,4.9,0.738,2.4,8,10.4,2.9,1.2,0.5,2.6,3.6,21.1,2827,21.9,0.581,0.001,0.303,8.6,27.7,18.2,14.2,1.8,1.2,12.5,26.6,5.9,4.3,10.2,0.173,1.9,1.3,3.2,3.7
2007/2008,55630000,66059550.23,427163,Toronto Raptors,28,TOR,Ontario,East,Atlantic,41,41,0.5,100.2,97.3,2.47,Chris Bosh,C,23,12455000,15311881,67,67,36.2,7.6,15.3,0.494,0.1,0.4,0.4,7.4,15,0.496,0.499,7,8.3,0.844,2.6,6.1,8.7,2.6,0.9,1,2.3,2.3,22.3,2425,23.8,0.588,0.024,0.544,8.4,20.1,14.2,12.1,1.4,2.2,10.7,27.7,7,3.1,10.1,0.2,2.7,1,3.7,3.5
2007/2008,55630000,66059550.23,427163,San Antonio Spurs,27,SAS,Texas,West,Southwest,56,26,0.683,95.4,90.6,5.1,Bruce Bowen,SF,36,4125000,5071177,81,81,30.2,2.1,5.3,0.407,1.1,2.7,0.419,1,2.6,0.394,0.512,0.6,0.9,0.652,0.4,2.5,2.9,1.1,0.7,0.3,0.6,2.2,6,2448,7,0.527,0.502,0.161,1.6,9.6,5.6,5.5,1.2,0.7,9.1,9.9,0.9,3.4,4.4,0.085,-1.6,2.1,0.4,1.5
2007/2008,55630000,66059550.23,427163,New Orleans Hornets,19,NOH,Louisiana,West,Southwest,56,26,0.683,100.9,95.6,5.46,Ryan Bowen,SF,32,1033930,1271088,53,4,12.5,0.9,1.9,0.49,0,0,0,0.9,1.9,0.495,0.49,0.3,0.5,0.552,1,0.8,1.9,0.5,0.6,0.2,0.3,1.5,2.2,660,9.9,0.505,0.01,0.29,9.5,8.2,8.9,5.2,2.6,1.3,11.7,9,0.6,0.8,1.5,0.107,-1.3,2.5,1.2,0.5
2007/2008,55630000,66059550.23,427163,Charlotte Bobcats,4,CHA,North Carolina,East,Southeast,32,50,0.39,97.1,101.4,-4.49,Earl Boykins,PG,31,533572,655960,36,0,16,1.7,4.8,0.355,0.4,1.2,0.318,1.3,3.6,0.367,0.395,1.4,1.6,0.831,0.3,0.7,0.9,2.7,0.4,0,1.1,0.6,5.1,577,10,0.467,0.256,0.343,1.8,5,3.4,26,1.2,0,17.2,19,-0.1,0.1,0,0.001,-3.2,-3.9,-7.1,-0.7
2007/2008,55630000,66059550.23,427163,Los Angeles Clippers,13,LAC,California,West,Pacific,23,59,0.28,93.8,101.1,-6.56,Elton Brand,PF,28,15344000,18863549,8,6,34.3,6.5,14.3,0.456,0,0,,6.5,14.3,0.456,0.456,4.6,5.9,0.787,2.6,5.4,8,2,0.4,1.9,2.1,2.6,17.6,274,18,0.523,0,0.412,8.8,18.2,13.5,11.2,0.6,4.1,11.2,25.5,0.2,0.3,0.5,0.08,-1.8,0.3,-1.5,0
2007/2008,55630000,66059550.23,427163,Minnesota Timberwolves,18,MIN,Minnesota,West,Northwest,22,60,0.268,95.6,102.4,-6.26,Corey Brewer,SF,21,2535720,3117353,79,35,22.8,2.3,6.2,0.374,0.1,0.5,0.194,2.2,5.7,0.389,0.382,1.1,1.4,0.8,1,2.7,3.7,1.4,1,0.3,1.1,2.4,5.8,1803,8.3,0.429,0.074,0.226,5.1,13.9,9.4,9.1,2.2,1.1,14.3,15.6,-1.4,1.2,-0.2,-0.005,-3.9,0.8,-3.2,-0.5
2007/2008,55630000,66059550.23,427163,Utah Jazz,29,UTA,Utah,West,Northwest,54,28,0.659,106.2,99.3,6.86,Ronnie Brewer,SG,22,1715040,2108429,76,76,27.5,4.7,8.3,0.558,0.1,0.7,0.22,4.5,7.7,0.587,0.567,2.6,3.4,0.759,1.3,1.6,2.9,1.8,1.7,0.3,0.9,1.4,12,2088,18.4,0.612,0.079,0.405,5.7,7,6.4,9.7,3.2,0.7,8.5,17.5,5.4,2.4,7.8,0.178,3,0.9,3.9,3.1
2007/2008,55630000,66059550.23,427163,#N/A,#N/A,TOT,#N/A,#N/A,#N/A,#N/A,#N/A,#N/A,#N/A,#N/A,#N/A,Primoz Brezec,C,28,2750000,3380784,50,18,9.5,0.9,1.9,0.468,0,0,,0.9,1.9,0.468,0.468,0.5,0.8,0.6,0.6,1,1.6,0.2,0.1,0.1,0.5,1.7,2.2,475,5.4,0.502,0,0.426,7.3,12.6,10,3.5,0.3,1.2,17.7,13.3,-0.1,0.3,0.2,0.017,-5,-1.3,-6.3,-0.5
2007/2008,55630000,66059550.23,427163,Charlotte Bobcats,4,CHA,North Carolina,East,Southeast,32,50,0.39,97.1,101.4,-4.49,Primoz Brezec,C,28,2750000,3380784,20,18,13.4,0.9,2.2,0.395,0,0,,0.9,2.2,0.395,0.395,0.2,0.3,0.6,0.7,1.5,2.2,0.3,0,0.2,0.8,1.8,1.9,267,1.5,0.409,0,0.116,6,13,9.5,3.3,0,0.9,24.9,10.3,-0.4,0.1,-0.3,-0.054,-7.1,-1.1,-8.2,-0.4
2007/2008,55630000,66059550.23,427163,Detroit Pistons,9,DET,Michigan,East,Central,59,23,0.72,97.5,90.1,6.67,Primoz Brezec,C,28,2750000,3380784,17,0,5.8,0.6,0.8,0.769,0,0,,0.6,0.8,0.769,0.769,0.4,0.8,0.5,0.4,0.7,1.1,0.2,0.1,0.1,0.3,1.4,1.6,98,10.8,0.705,0,1.077,8.5,14.7,11.6,6.2,1.1,1.6,20.7,11.6,0.2,0.1,0.3,0.148,-1,0.9,0,0
2007/2008,55630000,66059550.23,427163,Toronto Raptors,28,TOR,Ontario,East,Atlantic,41,41,0.5,100.2,97.3,2.47,Primoz Brezec,C,28,2750000,3380784,13,0,8.5,1.3,2.9,0.447,0,0,,1.3,2.9,0.447,0.447,1.1,1.6,0.667,0.7,0.7,1.4,0.1,0.1,0.2,0.3,1.9,3.7,110,10.2,0.508,0,0.553,9.6,9.8,9.7,1.4,0.5,1.5,7.8,22,0.1,0.1,0.2,0.072,-3.6,-3.7,-7.2,-0.1
2007/2008,55630000,66059550.23,427163,Houston Rockets,11,HOU,Texas,West,Southwest,55,27,0.671,96.7,92,4.83,Aaron Brooks,PG,23,972720,1195838,51,0,11.9,1.8,4.4,0.413,0.7,2.1,0.33,1.1,2.3,0.491,0.493,0.8,1,0.857,0.3,0.8,1.1,1.7,0.3,0.1,0.9,1.4,5.2,608,13.1,0.535,0.484,0.218,2.5,7.9,5.2,23.5,1.1,0.6,15.1,21.8,0.6,0.8,1.4,0.112,0,-1.8,-1.8,0
2007/2008,55630000,66059550.23,427163,Memphis Grizzlies,15,MEM,Tennessee,West,Southwest,22,60,0.268,100.7,106.9,-5.76,Andre Brown,PF,26,711517,874722,33,1,8.7,1.2,2.4,0.5,0,0,,1.2,2.4,0.5,0.5,0.7,1.5,0.449,1.1,1.7,2.8,0.2,0.2,0.1,0.4,1.2,3,286,13.5,0.502,0,0.628,14.4,21.8,18,4.4,1.2,1,12.3,17.7,0.2,0.2,0.4,0.068,-3.1,-2,-5.1,-0.2
2007/2008,55630000,66059550.23,427163,Cleveland Cavaliers,6,CLE,Ohio,East,Central,45,37,0.549,96.4,96.7,-0.53,Devin Brown,SG,29,1200000,1475251,78,20,22.6,2.8,6.8,0.409,0.6,1.9,0.308,2.2,4.9,0.447,0.451,1.4,1.8,0.754,0.8,2.5,3.4,2.2,0.7,0.1,1.3,1.8,7.5,1762,11.3,0.494,0.275,0.267,4.1,13.2,8.5,16.1,1.6,0.3,14.3,17.8,0.6,1.7,2.4,0.064,-1.8,-0.4,-2.2,-0.1
2007/2008,55630000,66059550.23,427163,#N/A,#N/A,TOT,#N/A,#N/A,#N/A,#N/A,#N/A,#N/A,#N/A,#N/A,#N/A,Kwame Brown,C,25,9075000,11156589,38,15,18.8,1.9,3.7,0.507,0,0,,1.9,3.7,0.507,0.507,1.1,2.6,0.408,1.3,3.6,4.9,1.2,0.6,0.6,1.3,2.2,4.8,713,10.1,0.497,0,0.69,8.1,20.8,14.7,9,1.6,2.3,21.6,14.6,-0.3,1,0.6,0.043,-3.9,1.9,-2,0
2007/2008,55630000,66059550.23,427163,Los Angeles Lakers,14,LAL,California,West,Pacific,57,25,0.695,108.6,101.3,7.34,Kwame Brown,C,25,9075000,11156589,23,14,22.1,2.3,4.5,0.515,0,0,,2.3,4.5,0.515,0.515,1.1,2.8,0.406,1.3,4.3,5.7,1.2,0.7,0.8,1.6,2.5,5.7,509,9.7,0.503,0,0.621,7,20.9,14.3,7.7,1.6,2.7,22,14.6,-0.3,0.8,0.5,0.047,-4.2,2.3,-1.9,0
2007/2008,55630000,66059550.23,427163,Memphis Grizzlies,15,MEM,Tennessee,West,Southwest,22,60,0.268,100.7,106.9,-5.76,Kwame Brown,C,25,9075000,11156589,15,1,13.6,1.3,2.6,0.487,0,0,,1.3,2.6,0.487,0.487,0.9,2.3,0.412,1.3,2.5,3.8,1.1,0.4,0.3,0.9,1.6,3.5,204,11.1,0.482,0,0.872,10.9,20.5,15.7,12.3,1.5,1.4,20.6,14.8,0,0.2,0.1,0.034,-3.3,0.9,-2.4,0
2007/2008,55630000,66059550.23,427163,Boston Celtics,2,BOS,Massachusetts,East,Atlantic,66,16,0.805,100.5,90.3,9.3,PJ Brown,PF,38,#N/A,#N/A,18,0,11.6,0.8,2.3,0.341,0,0.1,0,0.8,2.2,0.35,0.341,0.6,0.9,0.688,1.6,2.2,3.8,0.6,0.3,0.4,0.6,1.6,2.2,209,10.2,0.406,0.024,0.39,17.6,21,19.4,6.9,1.3,3.1,17.2,12.9,0,0.5,0.5,0.116,-3.5,3,-0.5,0.1
2007/2008,55630000,66059550.23,427163,#N/A,#N/A,TOT,#N/A,#N/A,#N/A,#N/A,#N/A,#N/A,#N/A,#N/A,#N/A,Shannon Brown,SG,22,1044120,1283616,21,4,11.4,2.1,6,0.349,0.4,1.4,0.3,1.7,4.6,0.365,0.385,0.8,1.4,0.586,0.3,0.7,1,0.8,0.5,0.1,1.1,1.4,5.4,240,6.3,0.411,0.238,0.23,2.8,6.9,4.7,12.8,2.4,1,14.7,30.7,-0.8,0.3,-0.5,-0.102,-6.5,-3.1,-9.6,-0.5
2007/2008,55630000,66059550.23,427163,Cleveland Cavaliers,6,CLE,Ohio,East,Central,45,37,0.549,96.4,96.7,-0.53,Shannon Brown,SG,22,1044120,1283616,15,4,14.5,2.7,7.4,0.369,0.6,1.9,0.31,2.1,5.5,0.39,0.41,0.9,1.5,0.609,0.3,0.9,1.2,1.1,0.7,0.1,1.3,1.8,7,218,8.1,0.433,0.261,0.207,2.5,7,4.7,14.1,2.4,0.4,13.6,29.2,-0.5,0.2,-0.2,-0.052,-4.7,-2.9,-7.6,-0.3
2007/2008,55630000,66059550.23,427163,Chicago Bulls,5,CHI,Illinois,East,Central,33,49,0.402,97.3,100.4,-3.19,Shannon Brown,SG,22,1044120,1283616,6,0,3.7,0.5,2.5,0.2,0,0.2,0,0.5,2.3,0.214,0.2,0.5,1,0.5,0.2,0.2,0.3,0,0.2,0.3,0.8,0.3,1.5,22,-11.8,0.255,0.067,0.4,5,5.3,5.1,0,2.3,7.1,22.1,45.5,-0.3,0,-0.3,-0.592,-24.3,-4.7,-29,-0.1
2007/2008,55630000,66059550.23,427163,Los Angeles Lakers,14,LAL,California,West,Pacific,57,25,0.695,108.6,101.3,7.34,Kobe Bryant,SG,29,19490625,23961311,82,82,38.9,9.5,20.6,0.459,1.8,5.1,0.361,7.6,15.5,0.49,0.503,7.6,9,0.84,1.1,5.2,6.3,5.4,1.8,0.5,3.1,2.8,28.3,3192,24.2,0.576,0.246,0.439,3.4,14.1,9,23.9,2.4,0.9,11.3,31.4,9.5,4.3,13.8,0.208,5.1,0.3,5.4,6
2007/2008,55630000,66059550.23,427163,Minnesota Timberwolves,18,MIN,Minnesota,West,Northwest,22,60,0.268,95.6,102.4,-6.26,Greg Buckner,SG,31,5830000,7167262,31,4,16.8,1.5,3.8,0.385,0.5,1.6,0.3,1,2.2,0.448,0.449,0.6,0.7,0.864,0.3,1.8,2.1,1.3,0.7,0.1,0.9,2,4,520,7.2,0.489,0.427,0.188,2.2,12.7,7.2,10.8,2.1,0.3,18.6,13.5,-0.2,0.3,0.1,0.008,-2.9,-0.3,-3.2,-0.2
2007/2008,55630000,66059550.23,427163,Washington Wizards,30,WAS,Washington DC,East,Southeast,43,39,0.524,98.8,99.2,-0.61,Caron Butler,SF,27,8218990,10104231,58,58,39.9,7.6,16.3,0.466,1.1,3.2,0.357,6.4,13.1,0.492,0.501,4.1,4.5,0.901,1.6,5.1,6.7,4.9,2.2,0.3,2.6,2.8,20.3,2314,20.7,0.558,0.196,0.278,4.6,15.4,9.8,21.9,3,0.7,12.4,24,4.8,2.4,7.2,0.15,3.7,1,4.7,3.9
2007/2008,55630000,66059550.23,427163,New Orleans Hornets,19,NOH,Louisiana,West,Southwest,56,26,0.683,100.9,95.6,5.46,Rasual Butler,SF,28,3315000,4075382,51,8,17.2,1.8,5.1,0.35,0.9,2.6,0.331,0.9,2.5,0.37,0.435,0.5,0.6,0.839,0.3,1.6,2,0.7,0.3,0.4,0.2,1.3,4.9,875,8.8,0.46,0.512,0.119,2.1,11.5,6.7,5.9,0.9,1.9,3.5,15.1,0.3,0.8,1.2,0.063,-1.9,-0.3,-2.2,0
2007/2008,55630000,66059550.23,427163,Los Angeles Lakers,14,LAL,California,West,Pacific,57,25,0.695,108.6,101.3,7.34,Andrew Bynum,C,20,2172000,2670205,35,25,28.8,5.4,8.5,0.636,0,0,,5.4,8.5,0.636,0.636,2.3,3.4,0.695,3,7.2,10.2,1.7,0.3,2.1,1.5,2.8,13.1,1008,22.6,0.659,0,0.397,12.1,26.6,19.6,9.6,0.6,5.1,13,17.5,3,1.8,4.8,0.23,1.7,2.7,4.5,1.6
2007/2008,55630000,66059550.23,427163,Toronto Raptors,28,TOR,Ontario,East,Atlantic,41,41,0.5,100.2,97.3,2.47,Jose Calderon,PG,26,2471604,3038531,82,56,30.3,4.5,8.6,0.519,1,2.2,0.429,3.5,6.4,0.551,0.575,1.3,1.5,0.908,0.4,2.5,2.9,8.3,1.1,0.1,1.5,1.6,11.2,2484,20.5,0.607,0.26,0.17,1.6,9.7,5.6,42.3,1.9,0.2,14.2,16.8,8.1,2.2,10.2,0.197,4,-1.5,2.6,2.9
2007/2008,55630000,66059550.23,427163,Denver Nuggets,8,DEN,Colorado,West,Northwest,50,32,0.61,110.7,107,3.74,Marcus Camby,C,33,11250000,13830482,79,79,34.9,3.6,8,0.45,0.1,0.3,0.3,3.5,7.8,0.455,0.455,1.8,2.6,0.708,2.9,10.2,13.1,3.3,1.1,3.6,1.5,2.7,9.1,2758,17.2,0.498,0.031,0.318,9.2,31.1,20.3,12.9,1.5,7.3,14,13,2.6,5.9,8.5,0.148,-1.8,6.6,4.8,4.7
2007/2008,55630000,66059550.23,427163,Memphis Grizzlies,15,MEM,Tennessee,West,Southwest,22,60,0.268,100.7,106.9,-5.76,Brian Cardinal,PF,30,5850000,7191851,37,1,11.9,1.2,3.4,0.341,0.7,2.2,0.309,0.5,1.2,0.4,0.44,0.4,0.5,0.684,0.7,1.9,2.6,0.6,0.3,0.1,0.6,1.7,3.4,440,7.3,0.461,0.643,0.151,6.6,18,12.2,7.4,1.1,0.3,14.6,15.9,-0.2,0.2,0,0.003,-2.4,-1.8,-4.3,-0.3
2007/2008,55630000,66059550.23,427163,Philadelphia 76ers,23,PHI,Pennsylvania,East,Atlantic,40,42,0.488,96.6,96.2,0.19,Rodney Carney,SF,23,1547760,1902779,70,6,14.8,2.3,5.6,0.403,0.5,1.7,0.317,1.7,3.9,0.441,0.452,0.8,1.2,0.679,0.7,1.4,2.1,0.5,0.6,0.3,0.5,1.4,5.8,1039,12.1,0.478,0.306,0.207,5.7,11.4,8.5,5,2,1.8,7.4,20,0.4,1.2,1.6,0.075,-1.7,-1,-2.6,-0.2
2007/2008,55630000,66059550.23,427163,Charlotte Bobcats,4,CHA,North Carolina,East,Southeast,32,50,0.39,97.1,101.4,-4.49,Matt Carroll,SG,27,5450000,6700100,80,18,25.2,3.2,7.4,0.428,1.3,3,0.436,1.8,4.4,0.422,0.517,1.4,1.7,0.804,0.4,2.4,2.8,0.9,0.6,0.2,0.7,2.3,9,2016,10.7,0.554,0.409,0.234,1.9,11.1,6.4,5.8,1.2,0.7,8.2,16.1,1.9,1,3,0.071,-0.7,-1.5,-2.2,-0.1
2007/2008,55630000,66059550.23,427163,Denver Nuggets,8,DEN,Colorado,West,Northwest,50,32,0.61,110.7,107,3.74,Anthony Carter,PG,32,1103225,1356278,70,67,28,3.1,6.8,0.458,0.6,1.8,0.349,2.5,5,0.499,0.505,0.9,1.2,0.753,0.4,2.5,2.9,5.5,1.5,0.4,1.8,2.5,7.8,1960,12.8,0.531,0.271,0.179,1.5,9.4,5.5,27.4,2.6,1,19.5,13.8,1.6,2.2,3.8,0.092,-0.7,0.1,-0.6,0.7
2007/2008,55630000,66059550.23,427163,New Jersey Nets,3,NJN,New Jersey,East,Atlantic,34,48,0.415,95.8,100.9,-5.15,Vince Carter,SG,31,13320000,16375291,76,72,38.9,7.7,16.9,0.456,1.3,3.6,0.359,6.4,13.3,0.482,0.494,4.6,5.6,0.816,1.5,4.5,6,5.1,1.2,0.4,2.4,3.2,21.3,2959,18.8,0.55,0.212,0.333,4.4,13.4,8.9,25.2,1.6,0.9,10.9,25.6,5.5,2.2,7.7,0.126,3.3,-0.3,3,3.8
2007/2008,55630000,66059550.23,427163,#N/A,#N/A,TOT,#N/A,#N/A,#N/A,#N/A,#N/A,#N/A,#N/A,#N/A,#N/A,Sam Cassell,PG,38,6150000,7560663,55,34,23.2,4.2,9.7,0.438,0.4,1.4,0.303,3.8,8.3,0.461,0.46,2.3,2.6,0.882,0.3,2.2,2.5,3.9,0.7,0.1,1.8,1.8,11.2,1274,15.4,0.517,0.143,0.271,1.6,10.8,6.2,31.5,1.5,0.4,14,25.1,0.7,1.1,1.8,0.067,-0.2,-1.7,-1.9,0
2007/2008,55630000,66059550.23,427163,Los Angeles Clippers,13,LAC,California,West,Pacific,23,59,0.28,93.8,101.1,-6.56,Sam Cassell,PG,38,6150000,7560663,38,33,25.7,4.8,10.6,0.455,0.4,1.4,0.259,4.4,9.2,0.486,0.473,2.8,3.1,0.891,0.3,2.4,2.8,4.7,0.7,0.1,2.1,1.8,12.8,975,16.8,0.535,0.134,0.296,1.4,11.1,6.2,35,1.5,0.2,14.7,25.2,0.8,0.6,1.4,0.069,0.8,-2,-1.3,0.2
2007/2008,55630000,66059550.23,427163,Boston Celtics,2,BOS,Massachusetts,East,Atlantic,66,16,0.805,100.5,90.3,9.3,Sam Cassell,PG,38,6150000,7560663,17,1,17.6,2.9,7.6,0.385,0.5,1.3,0.409,2.4,6.4,0.38,0.419,1.2,1.5,0.84,0.3,1.5,1.8,2.1,0.5,0.2,1.1,1.7,7.6,299,11,0.461,0.169,0.192,2.1,9.8,6.2,19.9,1.6,0.8,11.9,24.9,-0.1,0.5,0.4,0.061,-3.4,-0.6,-4,-0.1
2007/2008,55630000,66059550.23,427163,New Orleans Hornets,19,NOH,Louisiana,West,Southwest,56,26,0.683,100.9,95.6,5.46,Tyson Chandler,C,25,10250000,12601106,79,79,35.2,4.8,7.7,0.623,0,0,0,4.8,7.6,0.624,0.623,2.2,3.7,0.593,4.1,7.7,11.7,1,0.6,1.1,1.7,3.1,11.8,2783,17.5,0.632,0.002,0.488,13.2,26.1,19.5,4.4,0.9,2.4,15.6,14.5,5.9,4.1,10,0.172,0.5,1.9,2.4,3.1
2007/2008,55630000,66059550.23,427163,New York Knicks,20,NYK,New York,East,Atlantic,23,59,0.28,96.9,103.5,-6.55,Wilson Chandler,SF,20,1091640,1342036,35,16,19.6,3,6.9,0.438,0.3,0.9,0.3,2.8,6.1,0.458,0.457,1,1.5,0.63,1.1,2.5,3.6,0.9,0.4,0.5,0.8,2.4,7.3,685,11.7,0.48,0.124,0.223,6.1,15.3,10.6,8.1,1.1,1.8,9.2,19.2,0.2,0.4,0.5,0.038,-2.6,-0.9,-3.5,-0.3
2007/2008,55630000,66059550.23,427163,Atlanta Hawks,1,ATL,Georgia,East,Southeast,37,45,0.451,98.2,100,-2.23,Josh Childress,SF,24,3631449,4464417,76,0,29.9,4.3,7.5,0.571,0.3,0.8,0.367,4,6.8,0.595,0.59,2.9,3.6,0.807,2.3,2.6,4.9,1.5,0.9,0.6,1.3,1.7,11.8,2274,17.8,0.647,0.105,0.48,9,10.2,9.6,8.5,1.6,1.4,12.4,15.8,6,1.5,7.6,0.16,2.5,0,2.4,2.5
2007/2008,55630000,66059550.23,427163,Utah Jazz,29,UTA,Utah,West,Northwest,54,28,0.659,106.2,99.3,6.86,Jarron Collins,C,29,2350000,2889034,70,9,10,0.5,1.2,0.439,0,0,0,0.5,1.2,0.444,0.439,0.7,1.1,0.622,0.6,1.1,1.7,0.5,0.1,0.1,0.3,1.5,1.7,702,6.1,0.515,0.012,0.902,7,13.1,10.1,6.8,0.7,0.7,16.1,8.7,0.5,0.5,1,0.07,-2.3,0.1,-2.2,0
2007/2008,55630000,66059550.23,427163,#N/A,#N/A,TOT,#N/A,#N/A,#N/A,#N/A,#N/A,#N/A,#N/A,#N/A,#N/A,Jason Collins,C,29,6100000,7499195,74,26,15.8,0.7,1.5,0.469,0,0,0,0.7,1.5,0.473,0.469,0.5,1,0.459,0.9,1.5,2.4,0.3,0.3,0.3,0.6,2.6,1.9,1172,3.4,0.481,0.009,0.655,6.2,11.1,8.7,3.1,1,1.6,24.8,7.4,-0.5,0.6,0.1,0.005,-5.1,0.5,-4.6,-0.8
2007/2008,55630000,66059550.23,427163,New Jersey Nets,3,NJN,New Jersey,East,Atlantic,34,48,0.415,95.8,100.9,-5.15,Jason Collins,C,29,6100000,7499195,43,23,15.9,0.5,1.3,0.426,0,0,,0.5,1.3,0.426,0.426,0.3,0.8,0.389,0.8,1.3,2.1,0.4,0.3,0.2,0.5,2.6,1.4,684,2,0.43,0,0.667,5.9,9.2,7.5,4,0.8,0.9,24.8,6.2,-0.3,0.3,0,-0.002,-5.3,0.5,-4.8,-0.5
2007/2008,55630000,66059550.23,427163,Memphis Grizzlies,15,MEM,Tennessee,West,Southwest,22,60,0.268,100.7,106.9,-5.76,Jason Collins,C,29,6100000,7499195,31,3,15.7,1,1.9,0.508,0,0,0,1,1.9,0.517,0.508,0.6,1.2,0.526,0.9,1.9,2.9,0.2,0.4,0.5,0.8,2.7,2.6,488,5.4,0.528,0.017,0.644,6.6,13.9,10.2,1.7,1.2,2.5,24.8,9.2,-0.2,0.3,0.1,0.015,-4.8,0.6,-4.2,-0.3
2007/2008,55630000,66059550.23,427163,New York Knicks,20,NYK,New York,East,Atlantic,23,59,0.28,96.9,103.5,-6.55,Mardy Collins,SG,23,967320,1189200,46,8,13.8,1.2,3.8,0.326,0.2,0.7,0.25,1.1,3.1,0.343,0.349,0.5,0.8,0.605,0.4,1.2,1.6,1.9,0.5,0.2,1.2,1.2,3.2,634,5.9,0.378,0.183,0.217,3.3,10.4,6.7,21.4,2,1,22.6,17.5,-1.4,0.3,-1,-0.079,-5.7,-0.5,-6.2,-0.7
2007/2008,55630000,66059550.23,427163,Seattle SuperSonics,21,SEA,Washington,West,Northwest,20,62,0.244,97.5,106.3,-8.04,Nick Collison,PF,27,5750000,7068913,78,35,28.5,4.1,8.2,0.502,0,0,0,4.1,8.2,0.504,0.502,1.6,2.1,0.737,3.3,6.1,9.4,1.4,0.6,0.8,1.5,3.2,9.8,2223,15,0.537,0.003,0.261,12.5,23.3,17.9,7.9,1.1,1.9,14.2,16.2,2.2,2.3,4.5,0.098,-0.9,1.5,0.6,1.4
2007/2008,55630000,66059550.23,427163,Memphis Grizzlies,15,MEM,Tennessee,West,Southwest,22,60,0.268,100.7,106.9,-5.76,Mike Conley,PG,20,3377160,4151800,53,46,26.1,3.6,8.3,0.428,0.6,1.7,0.33,3,6.6,0.453,0.462,1.7,2.3,0.732,0.4,2.2,2.6,4.2,0.8,0,1.7,1.6,9.4,1381,12.6,0.502,0.206,0.278,1.7,9.7,5.6,25.3,1.6,0.1,15.2,18.8,0.6,0.5,1.1,0.038,-1.1,-1.8,-3,-0.3
2007/2008,55630000,66059550.23,427163,#N/A,#N/A,TOT,#N/A,#N/A,#N/A,#N/A,#N/A,#N/A,#N/A,#N/A,#N/A,Brian Cook,PF,27,3500000,4302816,51,2,12.3,1.7,4.6,0.376,0.8,2.3,0.374,0.9,2.3,0.378,0.468,0.4,0.4,0.905,0.5,1.6,2.1,0.5,0.3,0.2,0.8,1.8,4.7,629,8.6,0.489,0.491,0.09,5.3,14.2,10,6.8,1.1,1.4,13.8,20.5,-0.4,0.7,0.4,0.029,-2.6,-1.1,-3.7,-0.3
2007/2008,55630000,66059550.23,427163,Los Angeles Lakers,14,LAL,California,West,Pacific,57,25,0.695,108.6,101.3,7.34,Brian Cook,PF,27,3500000,4302816,6,2,11.7,0.7,3.5,0.19,0.3,1.7,0.2,0.3,1.8,0.182,0.238,0.7,0.7,1,0.7,1,1.7,0.5,0.3,0,0.7,1,2.3,70,1.2,0.308,0.476,0.19,6.6,9.1,7.9,5.6,1.4,0,14.9,16.9,-0.2,0.1,-0.1,-0.087,-6.3,-2,-8.3,-0.1
2007/2008,55630000,66059550.23,427163,Orlando Magic,22,ORL,Florida,East,Southeast,52,30,0.634,104.5,99,4.79,Brian Cook,PF,27,3500000,4302816,45,0,12.4,1.9,4.7,0.394,0.9,2.3,0.39,1,2.4,0.398,0.491,0.3,0.4,0.882,0.5,1.7,2.2,0.5,0.2,0.3,0.8,1.9,5,559,9.5,0.508,0.493,0.08,5.2,14.8,10.2,6.9,1,1.6,13.7,21,-0.2,0.7,0.5,0.044,-2.1,-1,-3.1,-0.2
2007/2008,55630000,66059550.23,427163,Miami Heat,16,MIA,Florida,East,Southeast,15,67,0.183,91.4,100,-8.53,Daequan Cook,SG,20,1184400,1456073,59,19,24.4,3.3,8.7,0.381,1.3,4,0.332,2,4.7,0.424,0.458,0.8,1,0.825,0.3,2.7,3,1.3,0.4,0.2,1.1,2.7,8.8,1441,7.9,0.48,0.463,0.111,1.6,13.3,7.4,9.1,0.8,0.5,10.5,19.8,-1,0.6,-0.4,-0.013,-2.8,-2.3,-5.1,-1.1
2007/2008,55630000,66059550.23,427163,New York Knicks,20,NYK,New York,East,Atlantic,23,59,0.28,96.9,103.5,-6.55,Jamal Crawford,SG,27,7920000,9736659,80,80,39.9,7.1,17.4,0.41,2.2,6.2,0.356,4.9,11.2,0.439,0.473,4.1,4.8,0.864,0.5,2.1,2.6,5,1,0.2,2.4,1.8,20.6,3190,16,0.528,0.355,0.274,1.3,6.3,3.7,22,1.3,0.4,11,24.6,4.6,0.4,5,0.076,2.5,-2.7,-0.2,1.5
2007/2008,55630000,66059550.23,427163,#N/A,#N/A,TOT,#N/A,#N/A,#N/A,#N/A,#N/A,#N/A,#N/A,#N/A,#N/A,Javaris Crittenton,SG,20,1285200,1579994,50,0,13.6,2,4.7,0.421,0.2,0.7,0.27,1.8,3.9,0.449,0.442,1.4,2.1,0.692,0.5,1.7,2.2,1,0.4,0,1.1,0.9,5.6,679,11,0.499,0.159,0.446,4.5,13.7,9.1,11.7,1.4,0.2,16.5,21.8,-0.3,0.4,0.1,0.004,-3.6,-1.9,-5.4,-0.6
2007/2008,55630000,66059550.23,427163,Los Angeles Lakers,14,LAL,California,West,Pacific,57,25,0.695,108.6,101.3,7.34,Javaris Crittenton,SG,20,1285200,1579994,22,0,7.8,1.2,2.4,0.491,0,0.1,0.333,1.1,2.3,0.5,0.5,0.9,1.3,0.679,0.3,0.6,1,0.8,0.3,0,1,0.5,3.3,171,11,0.551,0.057,0.528,4.7,8.7,6.8,15.7,2.1,0,25.2,22.5,-0.1,0.2,0,0.013,-4.1,-1.4,-5.5,-0.2
2007/2008,55630000,66059550.23,427163,Memphis Grizzlies,15,MEM,Tennessee,West,Southwest,22,60,0.268,100.7,106.9,-5.76,Javaris Crittenton,SG,20,1285200,1579994,28,0,18.1,2.6,6.4,0.4,0.3,1.2,0.265,2.3,5.2,0.432,0.425,1.9,2.7,0.697,0.7,2.5,3.2,1.2,0.4,0.1,1.2,1.3,7.4,508,11,0.483,0.189,0.422,4.4,15.4,9.8,10.3,1.2,0.3,13.4,21.6,-0.2,0.2,0,0.001,-3.4,-2,-5.4,-0.4
2007/2008,55630000,66059550.23,427163,Golden State Warriors,10,GSW,California,West,Pacific,48,34,0.585,111,108.8,2.38,Austin Croshere,PF,32,1219590,1499334,44,0,10.4,1.4,3.1,0.445,0.5,1.4,0.361,0.9,1.7,0.513,0.526,0.7,0.7,0.906,0.8,1.6,2.4,0.7,0.2,0.1,0.5,1.4,3.9,457,13.2,0.573,0.445,0.234,7.4,17.3,12.2,9,0.9,1,12.7,16,0.8,0.3,1.1,0.112,-0.1,-1.6,-1.7,0
2007/2008,55630000,66059550.23,427163,New York Knicks,20,NYK,New York,East,Atlantic,23,59,0.28,96.9,103.5,-6.55,Eddy Curry,C,25,8947543,10999896,59,58,25.9,5,9.2,0.546,0,0,,5,9.2,0.546,0.546,3.2,5.1,0.623,1.9,2.8,4.7,0.5,0.2,0.5,2.1,2.7,13.2,1530,15,0.578,0,0.551,8,12.6,10.2,3.8,0.5,1.5,15.7,23.5,1.3,0.4,1.7,0.053,-1.9,-2.6,-4.5,-1
2007/2008,55630000,66059550.23,427163,Philadelphia 76ers,23,PHI,Pennsylvania,East,Atlantic,40,42,0.488,96.6,96.2,0.19,Samuel Dalembert,C,26,10250000,12601106,82,82,33.2,4.1,8.1,0.513,0,0,0,4.1,8,0.514,0.513,2.3,3.2,0.707,3.7,6.6,10.4,0.5,0.5,2.3,1.9,3.3,10.5,2724,15.6,0.556,0.002,0.398,13.1,24,18.5,2.5,0.8,5.6,16.6,15.4,2.6,4.3,6.9,0.121,-2.1,2.2,0.1,1.5
2007/2008,55630000,66059550.23,427163,Dallas Mavericks,7,DAL,Texas,West,Southwest,51,31,0.622,100.4,95.9,4.7,Erick Dampier,C,32,10590500,13019709,72,64,24.4,2.5,3.8,0.643,0,0,,2.5,3.8,0.643,0.643,1.2,2,0.575,2.9,4.6,7.5,0.9,0.3,1.5,1.1,3.1,6.1,1755,15.3,0.645,0,0.527,14.1,21.2,17.8,5.4,0.7,4.4,19,11.2,3.3,2.8,6,0.165,0.4,3.1,3.4,2.4
2007/2008,55630000,66059550.23,427163,Washington Wizards,30,WAS,Washington DC,East,Southeast,43,39,0.524,98.8,99.2,-0.61,Antonio Daniels,PG,32,5800000,7130382,71,63,30.4,2.9,6.3,0.459,0.2,1,0.23,2.6,5.3,0.504,0.478,2.4,3.1,0.776,0.3,2.5,2.9,4.8,1,0,1.3,1.1,8.4,2161,13.7,0.549,0.166,0.49,1.2,10,5.5,24,1.7,0.1,14.3,13.5,3.5,1,4.5,0.099,0,-1.2,-1.2,0.4
2007/2008,55630000,66059550.23,427163,Indiana Pacers,12,IND,Indiana,East,Central,36,46,0.439,104,105.4,-1.87,Marquis Daniels,SG,27,6373900,7835921,74,1,20.9,3.3,7.6,0.43,0.4,1.4,0.265,2.9,6.2,0.466,0.454,1.3,1.9,0.698,0.9,2,2.9,1.9,1.1,0.2,1.5,1.6,8.2,1546,11.6,0.487,0.182,0.248,4.6,10.5,7.5,14.1,2.5,0.9,15.3,20.6,-0.7,1.6,0.9,0.028,-2.7,0.2,-2.5,-0.2
2007/2008,55630000,66059550.23,427163,Charlotte Bobcats,4,CHA,North Carolina,East,Southeast,32,50,0.39,97.1,101.4,-4.49,Jermareo Davidson,SF,23,427163,525144,38,2,8.5,1.3,3.3,0.408,0,0,,1.3,3.3,0.408,0.408,0.5,0.7,0.643,0.6,1.1,1.6,0.3,0.2,0.4,0.4,1.2,3.2,322,9.8,0.437,0,0.224,7.5,14.7,11.1,6.9,1.1,3.5,11,21.9,-0.4,0.3,-0.1,-0.012,-6,-0.9,-7,-0.4
2007/2008,55630000,66059550.23,427163,Golden State Warriors,10,GSW,California,West,Pacific,48,34,0.585,111,108.8,2.38,Baron Davis,PG,28,16440000,20210945,82,82,39,7.9,18.6,0.426,2.1,6.4,0.33,5.8,12.2,0.477,0.483,3.9,5.2,0.75,1.2,3.5,4.7,7.6,2.3,0.5,2.8,3,21.8,3196,19.8,0.523,0.344,0.278,3.1,10.1,6.4,29.7,2.9,1,11.9,25.6,5.9,2.8,8.7,0.131,3.7,-0.1,3.6,4.5
2007/2008,55630000,66059550.23,427163,Boston Celtics,2,BOS,Massachusetts,East,Atlantic,66,16,0.805,100.5,90.3,9.3,Glen Davis,C,22,427163,525144,69,1,13.6,1.6,3.2,0.484,0,0,,1.6,3.2,0.484,0.484,1.4,2.2,0.66,1.4,1.6,3,0.4,0.4,0.3,0.9,2.3,4.5,940,11.3,0.545,0,0.679,12.8,13.5,13.2,4.6,1.7,1.7,18.5,17.4,0.6,1.9,2.5,0.128,-2.7,1.1,-1.6,0.1
2007/2008,55630000,66059550.23,427163,Los Angeles Clippers,13,LAC,California,West,Pacific,23,59,0.28,93.8,101.1,-6.56,Paul Davis,PF,23,687456,845142,22,1,8.8,1.1,3,0.369,0,0,,1.1,3,0.369,0.369,0.3,0.5,0.6,1.1,1,2.1,0.5,0.3,0.3,0.4,1.5,2.5,194,9,0.389,0,0.154,14.8,13.2,14,8.8,1.6,2.3,11.5,18.6,-0.2,0.2,0,-0.007,-4.5,0.1,-4.4,-0.1
2007/2008,55630000,66059550.23,427163,Miami Heat,16,MIA,Florida,East,Southeast,15,67,0.183,91.4,100,-8.53,Ricky Davis,SF,28,6819000,8383116,82,47,36.1,5.1,11.8,0.433,1.6,4.1,0.405,3.5,7.8,0.447,0.502,1.9,2.4,0.787,0.7,3.6,4.3,3.4,1.1,0.2,2.3,2.3,13.8,2963,12,0.534,0.343,0.203,2.2,12.2,7.1,16.4,1.6,0.4,15.3,20,0.3,1.6,1.9,0.03,-0.6,-0.6,-1.2,0.6
2007/2008,55630000,66059550.23,427163,Toronto Raptors,28,TOR,Ontario,East,Atlantic,41,41,0.5,100.2,97.3,2.47,Carlos Delfino,SG,25,1868141,2296648,82,0,23.5,3.1,7.7,0.397,1.5,3.8,0.382,1.6,3.9,0.412,0.492,1.4,1.9,0.744,0.8,3.6,4.4,1.8,0.8,0.1,0.9,2.2,9,1928,13.6,0.527,0.497,0.247,4,18.1,11,11.3,1.9,0.5,9.7,19,1.7,2.3,4,0.1,0.9,0.4,1.3,1.6
2007/2008,55630000,66059550.23,427163,Chicago Bulls,5,CHI,Illinois,East,Central,33,49,0.402,97.3,100.4,-3.19,Luol Deng,SF,22,3320339,4081945,63,59,33.8,6.8,14.2,0.479,0.1,0.3,0.364,6.7,13.9,0.482,0.483,3.2,4.2,0.77,2.2,4.1,6.3,2.5,0.9,0.5,1.9,1.9,17,2128,17,0.528,0.025,0.296,7,14.2,10.4,13.2,1.4,1.1,10.6,23.6,2.4,1.9,4.4,0.098,0.2,-0.1,0.1,1.1
2007/2008,55630000,66059550.23,427163,Phoenix Suns,24,PHO,Arizona,West,Pacific,55,27,0.671,110.1,105,5.14,Boris Diaw,PF,25,9000000,11064386,82,19,28.1,3.8,7.9,0.477,0.2,0.5,0.317,3.6,7.4,0.488,0.487,1.2,1.6,0.744,1.2,3.4,4.6,3.9,0.7,0.5,1.9,2,8.8,2308,12,0.516,0.063,0.2,5.2,12.7,9.3,19,1.3,1.1,18.1,16.6,1.1,1.9,3,0.063,-1.3,0.9,-0.4,1
2007/2008,55630000,66059550.23,427163,Denver Nuggets,8,DEN,Colorado,West,Northwest,50,32,0.61,110.7,107,3.74,Yakhouba Diawara,SG,25,687456,845142,54,14,10,1,2.5,0.41,0.4,1.2,0.318,0.6,1.3,0.5,0.489,0.4,0.6,0.71,0.4,0.7,1.1,0.7,0.1,0.1,0.3,1.1,2.8,542,8.1,0.518,0.493,0.231,4.7,7.6,6.2,9.3,0.7,0.4,9.8,12.8,0.5,0.3,0.7,0.065,-1.3,-2.1,-3.4,-0.2
2007/2008,55630000,66059550.23,427163,Los Angeles Clippers,13,LAC,California,West,Pacific,23,59,0.28,93.8,101.1,-6.56,Guillermo Diaz,SG,22,56065,68924,6,0,3,0.2,0.7,0.25,0,0.2,0,0.2,0.5,0.333,0.25,0.5,0.8,0.6,0.3,0,0.3,0.2,0,0,0,0,0.8,18,9.9,0.403,0.25,1.25,12.7,0,6.4,8.5,0,0,0,15.9,0,0,0,0.033,-1.7,-4.3,-5.9,0
2007/2008,55630000,66059550.23,427163,Los Angeles Clippers,13,LAC,California,West,Pacific,23,59,0.28,93.8,101.1,-6.56,Dan Dickau,PG,29,3916706,4815104,67,8,15.5,1.9,4.4,0.419,0.5,1.6,0.333,1.3,2.8,0.468,0.48,1,1.2,0.829,0.2,1.3,1.4,2.6,0.5,0,0.8,1.6,5.3,1040,12.5,0.53,0.365,0.277,1.4,9.4,5.4,27.9,1.6,0.2,14.2,17.2,0.9,0.6,1.5,0.071,-0.6,-2.3,-2.9,-0.2
2007/2008,55630000,66059550.23,427163,Cleveland Cavaliers,6,CLE,Ohio,East,Central,45,37,0.549,96.4,96.7,-0.53,Kaniel Dickens,PF,29,264897,325658,5,0,2.4,0.2,0.6,0.333,0,0,,0.2,0.6,0.333,0.333,0,0,,0,0.2,0.2,0.2,0,0.2,0,0.2,0.4,12,6.6,0.333,0,0,0,9.8,4.7,12.7,0,6.6,0,11.3,0,0,0,0.023,-7.6,1,-6.6,0
2007/2008,55630000,66059550.23,427163,Indiana Pacers,12,IND,Indiana,East,Central,36,46,0.439,104,105.4,-1.87,Travis Diener,PG,25,1500000,1844064,66,21,20.5,2.4,6.5,0.37,1.1,3.5,0.318,1.3,3,0.431,0.456,1,1.1,0.901,0.4,1.3,1.7,3.8,0.5,0.1,0.8,1.6,6.9,1356,12.2,0.494,0.542,0.165,2,7.3,4.6,27.7,1.3,0.2,10.7,16.5,1.7,0.8,2.5,0.088,0.2,-2.7,-2.5,-0.2
2007/2008,55630000,66059550.23,427163,Indiana Pacers,12,IND,Indiana,East,Central,36,46,0.439,104,105.4,-1.87,Ike Diogu,PF,24,2286360,2810796,30,1,10.2,2.1,4.5,0.478,0,0,,2.1,4.5,0.478,0.478,1.3,1.6,0.851,1.3,1.6,2.8,0.3,0.2,0.1,0.7,1.4,5.6,305,17.2,0.543,0,0.351,13.3,17.1,15.2,5.7,1.1,0.7,11.4,24.8,0.4,0.3,0.7,0.115,-2.1,-3,-5,-0.2
2007/2008,55630000,66059550.23,427163,#N/A,#N/A,TOT,#N/A,#N/A,#N/A,#N/A,#N/A,#N/A,#N/A,#N/A,#N/A,DeSagana Diop,C,26,2146000,2638241,79,23,16.4,1.2,2.3,0.522,0,0,,1.2,2.3,0.522,0.522,0.5,0.9,0.543,2,2.9,5,0.5,0.3,1.1,0.7,1.8,2.9,1295,12.5,0.536,0,0.389,14.6,20.3,17.5,4.6,1.1,5.1,21.6,9.6,1,2,3,0.113,-2.2,3.3,1.1,1
2007/2008,55630000,66059550.23,427163,Dallas Mavericks,7,DAL,Texas,West,Southwest,51,31,0.622,100.4,95.9,4.7,DeSagana Diop,C,26,2146000,2638241,52,18,17.2,1.3,2.2,0.583,0,0,,1.3,2.2,0.583,0.583,0.5,0.8,0.6,2.1,3.1,5.2,0.5,0.4,1.2,0.8,1.9,3,894,13.4,0.596,0,0.348,14.8,19.9,17.5,4.2,1.2,5.2,24.1,9.1,1,1.5,2.6,0.137,-1.1,3.8,2.7,1.1
2007/2008,55630000,66059550.23,427163,New Jersey Nets,3,NJN,New Jersey,East,Atlantic,34,48,0.415,95.8,100.9,-5.15,DeSagana Diop,C,26,2146000,2638241,27,5,14.9,1,2.4,0.415,0,0,,1,2.4,0.415,0.415,0.5,1.1,0.467,1.8,2.7,4.5,0.5,0.2,0.9,0.6,1.7,2.5,401,10.4,0.435,0,0.462,14.1,21.1,17.6,5.3,0.8,4.9,17,10.8,0,0.5,0.5,0.058,-4.6,2.1,-2.4,0
2007/2008,55630000,66059550.23,427163,#N/A,#N/A,TOT,#N/A,#N/A,#N/A,#N/A,#N/A,#N/A,#N/A,#N/A,#N/A,Juan Dixon,PG,29,2550000,3134909,53,0,12.6,2,4.9,0.411,0.6,1.4,0.417,1.4,3.5,0.409,0.469,0.4,0.5,0.808,0.3,1.1,1.4,1.8,0.4,0,1,1.2,5,668,11.3,0.488,0.279,0.101,2.7,10.7,6.7,23.3,1.7,0.2,16.7,22.8,-0.3,0.7,0.4,0.026,-1.8,-1.2,-3,-0.2
2007/2008,55630000,66059550.23,427163,Toronto Raptors,28,TOR,Ontario,East,Atlantic,41,41,0.5,100.2,97.3,2.47,Juan Dixon,PG,29,2550000,3134909,36,0,11.8,1.6,4.4,0.369,0.5,1.1,0.436,1.2,3.4,0.347,0.422,0.5,0.5,0.947,0.3,1.1,1.3,1.8,0.6,0.1,1,1.1,4.3,424,10.7,0.454,0.244,0.119,2.5,10.7,6.6,23.4,2.6,0.4,17.2,22.6,-0.5,0.5,0,0.002,-2.8,-0.3,-3.2,-0.1
2007/2008,55630000,66059550.23,427163,Detroit Pistons,9,DET,Michigan,East,Central,59,23,0.72,97.5,90.1,6.67,Juan Dixon,PG,29,2550000,3134909,17,0,14.4,2.8,5.8,0.48,0.8,1.9,0.394,2,3.8,0.523,0.546,0.2,0.4,0.429,0.4,1.3,1.6,1.9,0,0,1.1,1.4,6.5,244,12.4,0.544,0.337,0.071,2.9,10.8,6.9,23.1,0,0,15.8,23.2,0.1,0.2,0.3,0.068,0.1,-2.8,-2.7,0
2007/2008,55630000,66059550.23,427163,Minnesota Timberwolves,18,MIN,Minnesota,West,Northwest,22,60,0.268,95.6,102.4,-6.26,Michael Doleac,C,30,3120000,3835653,24,8,10.7,1.2,2.6,0.444,0,0,,1.2,2.6,0.444,0.444,0,0.1,0.5,0.7,1.4,2,0.3,0.4,0.4,0.5,1.8,2.4,257,7.5,0.446,0,0.032,7,15.4,11.1,4.1,2,3.1,15.8,13.3,-0.2,0.2,0,0.005,-5.2,1.1,-4.1,-0.1
2007/2008,55630000,66059550.23,427163,Orlando Magic,22,ORL,Florida,East,Southeast,52,30,0.634,104.5,99,4.79,Keyon Dooling,PG,27,3596000,4420836,72,1,18.5,2.8,5.9,0.468,0.3,0.9,0.338,2.4,5,0.492,0.494,2.3,2.7,0.845,0.1,1.3,1.4,1.8,0.5,0.1,0.8,1.8,8.1,1334,14.1,0.572,0.154,0.456,0.6,7.8,4.4,16,1.4,0.3,10.7,19.6,2.4,1.2,3.7,0.132,-0.5,-1.3,-1.8,0.1
2007/2008,55630000,66059550.23,427163,Sacramento Kings,26,SAC,California,West,Pacific,38,44,0.463,102.5,104.8,-1.86,Quincy Douby,PG,23,1333920,1639889,74,0,11.8,1.8,4.5,0.394,0.6,1.6,0.344,1.2,2.9,0.423,0.457,0.6,0.7,0.923,0.2,0.9,1.1,0.7,0.4,0.2,0.8,1.1,4.8,876,9.7,0.495,0.364,0.155,2.3,8.7,5.6,9.8,1.7,1.1,14.2,21.3,-0.5,0.5,0,0,-2.8,-2.6,-5.4,-0.8
2007/2008,55630000,66059550.23,427163,Charlotte Bobcats,4,CHA,North Carolina,East,Southeast,32,50,0.39,97.1,101.4,-4.49,Jared Dudley,PF,22,1137000,1397800,73,14,19,2.2,4.8,0.468,0.1,0.6,0.22,2.1,4.2,0.502,0.481,1.2,1.6,0.737,1.7,2.3,3.9,1.1,0.8,0.1,0.7,1.8,5.8,1384,13.6,0.528,0.118,0.339,10,13.8,11.9,9.3,2.1,0.5,11.1,14.9,1.8,1.1,2.9,0.1,-0.5,0.2,-0.3,0.6
2007/2008,55630000,66059550.23,427163,Chicago Bulls,5,CHI,Illinois,East,Central,33,49,0.402,97.3,100.4,-3.19,Chris Duhon,PG,25,3248000,3993014,66,18,22.6,2,5.2,0.387,0.8,2.3,0.348,1.2,2.9,0.418,0.465,1,1.2,0.813,0.3,1.5,1.8,4,0.7,0,1.1,1.4,5.8,1490,11.1,0.508,0.451,0.233,1.4,7.6,4.4,26.5,1.7,0.1,15.8,13.4,1.3,1,2.3,0.075,-0.9,-1.9,-2.9,-0.3
2007/2008,55630000,66059550.23,427163,San Antonio Spurs,27,SAS,Texas,West,Southwest,56,26,0.683,95.4,90.6,5.1,Tim Duncan,C,31,19014188,23375591,78,78,34,7.5,15.1,0.497,0,0.1,0,7.5,15.1,0.498,0.497,4.3,5.9,0.73,3,8.3,11.3,2.8,0.7,1.9,2.3,2.4,19.3,2651,24.4,0.546,0.003,0.393,10.7,28.3,19.6,15.7,1.1,4.3,11.4,28.2,4.9,6.2,11.1,0.201,0.7,4.1,4.7,4.5
2007/2008,55630000,66059550.23,427163,Indiana Pacers,12,IND,Indiana,East,Central,36,46,0.439,104,105.4,-1.87,Mike Dunleavy,SG,27,8219008,10104253,82,82,36,6.5,13.6,0.476,2,4.7,0.424,4.5,8.9,0.504,0.55,4.1,4.9,0.834,0.7,4.5,5.2,3.5,1,0.4,2.3,2.5,19.1,2953,17.3,0.605,0.348,0.361,2.1,13.7,7.8,16.1,1.4,0.8,12.8,21.8,5.9,2.6,8.5,0.138,2.5,-0.4,2.1,3.1
2007/2008,55630000,66059550.23,427163,#N/A,#N/A,TOT,#N/A,#N/A,#N/A,#N/A,#N/A,#N/A,#N/A,#N/A,#N/A,Ronald Dupree,SF,27,826046,1015521,5,0,4.2,0.2,0.6,0.333,0,0,,0.2,0.6,0.333,0.333,0.4,0.4,1,0.2,1.4,1.6,0.2,0.2,0,0,0,0.8,21,15,0.515,0,0.667,5.2,36.2,20.8,6.5,2.4,0,0,8,0,0,0.1,0.159,-4,1.9,-2.1,0
2007/2008,55630000,66059550.23,427163,Detroit Pistons,9,DET,Michigan,East,Central,59,23,0.72,97.5,90.1,6.67,Ronald Dupree,SF,27,826046,1015521,1,0,3,0,0,,0,0,,0,0,,,0,0,,0,0,0,0,0,0,0,0,0,3,0,,,,0,0,0,0,0,0,,0,0,0,0,0.019,-5.8,1.1,-4.6,0
2007/2008,55630000,66059550.23,427163,Seattle SuperSonics,21,SEA,Washington,West,Northwest,20,62,0.244,97.5,106.3,-8.04,Ronald Dupree,SF,27,826046,1015521,4,0,4.5,0.3,0.8,0.333,0,0,,0.3,0.8,0.333,0.333,0.5,0.5,1,0.3,1.8,2,0.3,0.3,0,0,0,1,18,17.5,0.515,0,0.667,6.1,42.3,24.2,7.6,2.8,0,0,9.3,0,0,0.1,0.183,-3.7,2,-1.7,0
2007/2008,55630000,66059550.23,427163,Seattle SuperSonics,21,SEA,Washington,West,Northwest,20,62,0.244,97.5,106.3,-8.04,Kevin Durant,SG,19,4171200,5127974,80,80,34.6,7.3,17.1,0.43,0.7,2.6,0.288,6.6,14.5,0.455,0.451,4.9,5.6,0.873,0.9,3.5,4.4,2.4,1,0.9,2.9,1.5,20.3,2768,15.8,0.519,0.15,0.328,2.8,10.9,6.9,12,1.4,1.9,12.9,28.1,0.4,1.9,2.3,0.04,-0.6,-0.7,-1.4,0.4
2007/2008,55630000,66059550.23,427163,Golden State Warriors,10,GSW,California,West,Pacific,48,34,0.585,111,108.8,2.38,Monta Ellis,SG,22,770610,947369,81,72,37.9,8,15.1,0.531,0.1,0.6,0.231,7.9,14.5,0.545,0.536,4,5.1,0.767,1.6,3.3,5,3.9,1.5,0.3,2.1,2.4,20.2,3071,19,0.58,0.042,0.34,4.5,9.8,7,15.8,2,0.6,10.9,21.7,7.1,1.8,9,0.14,2.1,-0.4,1.7,2.9
2007/2008,55630000,66059550.23,427163,#N/A,#N/A,TOT,#N/A,#N/A,#N/A,#N/A,#N/A,#N/A,#N/A,#N/A,#N/A,Francisco Elson,C,31,3000000,3688128,63,5,12.9,1.5,3.7,0.39,0,0,0,1.5,3.7,0.391,0.39,0.4,0.6,0.703,0.8,2.4,3.2,0.4,0.2,0.3,0.7,1.5,3.3,813,6.9,0.416,0.004,0.157,7.1,21,14.2,4.6,1,1.8,15.7,17,-1.3,1.2,0,-0.001,-7.2,0.7,-6.5,-0.9
2007/2008,55630000,66059550.23,427163,San Antonio Spurs,27,SAS,Texas,West,Southwest,56,26,0.683,95.4,90.6,5.1,Francisco Elson,C,31,3000000,3688128,41,3,13,1.5,3.6,0.419,0,0,,1.5,3.6,0.419,0.419,0.5,0.6,0.833,0.8,2.5,3.3,0.4,0.2,0.3,0.7,1.5,3.5,534,8.5,0.454,0,0.162,7.4,22.2,14.9,4.8,0.9,2,15.9,16.9,-0.5,1,0.5,0.043,-6.6,1.3,-5.3,-0.4
2007/2008,55630000,66059550.23,427163,Seattle SuperSonics,21,SEA,Washington,West,Northwest,20,62,0.244,97.5,106.3,-8.04,Francisco Elson,C,31,3000000,3688128,22,2,12.7,1.4,4,0.341,0,0,0,1.4,4,0.345,0.341,0.3,0.6,0.462,0.8,2.2,3,0.4,0.3,0.3,0.8,1.5,3,279,3.8,0.352,0.011,0.148,6.7,18.7,12.7,4.2,1.1,1.5,15.4,17.2,-0.7,0.2,-0.5,-0.085,-8.3,-0.5,-8.8,-0.5
2007/2008,55630000,66059550.23,427163,New Orleans Hornets,19,NOH,Louisiana,West,Southwest,56,26,0.683,100.9,95.6,5.46,Melvin Ely,C,29,895341,1100710,52,1,11.9,1.6,3.5,0.472,0,0,,1.6,3.5,0.472,0.472,0.6,1.1,0.552,0.5,2.3,2.8,0.4,0.1,0.3,0.8,1.5,3.9,621,9,0.491,0,0.322,5.1,22.6,13.6,5.4,0.6,2.3,17,18.5,-0.5,0.8,0.3,0.022,-6.2,0.1,-6,-0.6
2007/2008,55630000,66059550.23,427163,#N/A,#N/A,TOT,#N/A,#N/A,#N/A,#N/A,#N/A,#N/A,#N/A,#N/A,#N/A,Maurice Evans,SG,29,1740000,2139114,75,47,22.9,3.5,7.3,0.481,1.1,2.8,0.388,2.4,4.5,0.539,0.555,0.8,1.1,0.711,1.2,1.7,2.9,1.1,0.6,0.1,0.5,1.9,8.9,1720,13.9,0.571,0.383,0.152,6.4,8.1,7.3,7.5,1.4,0.4,6.4,16.5,3.2,1.6,4.9,0.135,1.8,-0.6,1.3,1.4
2007/2008,55630000,66059550.23,427163,Los Angeles Lakers,14,LAL,California,West,Pacific,57,25,0.695,108.6,101.3,7.34,Maurice Evans,SG,29,1740000,2139114,7,0,13.7,1.3,4,0.321,0.1,1,0.143,1.1,3,0.381,0.339,1.7,2.1,0.8,0.6,0.7,1.3,1.7,0.7,0.1,0,1.4,4.4,96,13.3,0.448,0.25,0.536,4.8,5.6,5.2,17.2,2.6,0.8,0,15.9,0.2,0.1,0.3,0.14,-0.1,-0.9,-1,0
2007/2008,55630000,66059550.23,427163,Orlando Magic,22,ORL,Florida,East,Southeast,52,30,0.634,104.5,99,4.79,Maurice Evans,SG,29,1740000,2139114,68,47,23.9,3.7,7.6,0.489,1.2,3,0.396,2.5,4.6,0.549,0.567,0.7,1,0.691,1.3,1.8,3.1,1,0.6,0.1,0.6,1.9,9.3,1624,14,0.579,0.391,0.132,6.5,8.2,7.4,6.9,1.3,0.4,6.8,16.6,3.1,1.5,4.6,0.135,2,-0.6,1.4,1.4
2007/2008,55630000,66059550.23,427163,Philadelphia 76ers,23,PHI,Pennsylvania,East,Atlantic,40,42,0.488,96.6,96.2,0.19,Reggie Evans,PF,27,4320000,5310905,81,61,23.2,1.9,4.3,0.439,0,0,1,1.9,4.3,0.438,0.441,1.5,3.2,0.467,2.8,4.8,7.5,0.8,1.1,0.1,1.3,2.6,5.2,1879,11,0.463,0.003,0.743,14,24.7,19.3,5,2.4,0.3,19,13.6,-0.3,3,2.7,0.068,-2.9,1.4,-1.5,0.2
2007/2008,55630000,66059550.23,427163,Los Angeles Lakers,14,LAL,California,West,Pacific,57,25,0.695,108.6,101.3,7.34,Jordan Farmar,PG,21,1009560,1241129,82,0,20.6,3.5,7.7,0.461,1.4,3.7,0.371,2.2,4,0.546,0.552,0.6,1,0.679,0.5,1.8,2.2,2.7,0.9,0.1,1.3,1.3,9.1,1690,15.4,0.563,0.487,0.124,2.7,9.1,6,20.5,2.3,0.2,14,20.2,2.1,1.8,3.9,0.111,1.9,-1.2,0.7,1.2
2007/2008,55630000,66059550.23,427163,#N/A,#N/A,TOT,#N/A,#N/A,#N/A,#N/A,#N/A,#N/A,#N/A,#N/A,#N/A,Nick Fazekas,PF,22,427163,525144,26,0,10.3,1.8,3.2,0.561,0,0.1,0,1.8,3.1,0.575,0.561,0.6,0.8,0.682,1.3,2.1,3.4,0.4,0.3,0.4,0.5,1,4.1,269,19.6,0.584,0.024,0.268,14.5,23.7,19.1,7.5,1.6,3.1,12.4,18,0.5,0.4,0.8,0.148,-0.8,0.6,-0.1,0.1
2007/2008,55630000,66059550.23,427163,Dallas Mavericks,7,DAL,Texas,West,Southwest,51,31,0.622,100.4,95.9,4.7,Nick Fazekas,PF,22,427163,525144,4,0,2.3,0.5,1.3,0.4,0,0,,0.5,1.3,0.4,0.4,0,0,,0.3,0.5,0.8,0,0,0,0,0,1,9,13.8,0.4,0,0,13.3,24.9,19.3,0,0,0,0,25.9,0,0,0,0.021,-8.1,-9.4,-17.5,0
2007/2008,55630000,66059550.23,427163,Los Angeles Clippers,13,LAC,California,West,Pacific,23,59,0.28,93.8,101.1,-6.56,Nick Fazekas,PF,22,427163,525144,22,0,11.8,2,3.5,0.571,0,0.1,0,2,3.4,0.587,0.571,0.7,1,0.682,1.5,2.4,3.9,0.5,0.4,0.5,0.6,1.1,4.7,260,19.8,0.594,0.026,0.286,14.5,23.7,19.1,7.8,1.6,3.2,13,17.7,0.5,0.3,0.8,0.153,-0.5,1,0.5,0.2
2007/2008,55630000,66059550.23,427163,Charlotte Bobcats,4,CHA,North Carolina,East,Southeast,32,50,0.39,97.1,101.4,-4.49,Raymond Felton,PG,23,3274440,4025518,79,79,37.6,5.2,12.6,0.413,0.7,2.5,0.28,4.5,10.1,0.447,0.441,3.3,4.1,0.8,0.5,2.5,3,7.4,1.2,0.2,2.7,2.3,14.4,2972,13.8,0.5,0.201,0.326,1.4,7.7,4.6,32.4,1.7,0.3,15.7,20.8,2,1.4,3.4,0.054,-0.2,-1.9,-2.1,-0.1
2007/2008,55630000,66059550.23,427163,Utah Jazz,29,UTA,Utah,West,Northwest,54,28,0.659,106.2,99.3,6.86,Kyrylo Fesenko,C,21,750000,922032,9,0,7.8,0.7,1.8,0.375,0,0,,0.7,1.8,0.375,0.375,0.2,0.4,0.5,1.6,1.2,2.8,0.2,0,0.3,0.9,2.1,1.6,70,4,0.394,0,0.25,24.6,19,21.8,3.8,0,3.5,31.1,16.5,-0.1,0.1,0,-0.031,-5.3,-0.7,-6,-0.1
2007/2008,55630000,66059550.23,427163,San Antonio Spurs,27,SAS,Texas,West,Southwest,56,26,0.683,95.4,90.6,5.1,Michael Finley,SG,34,21696750,26673468,82,61,26.9,3.8,9.3,0.414,1.6,4.4,0.37,2.2,4.9,0.453,0.501,0.8,1,0.8,0.3,2.8,3.1,1.4,0.4,0.1,0.7,1.1,10.1,2204,11.4,0.519,0.469,0.105,1.5,12,6.8,8.6,0.7,0.3,6.6,18.5,1.3,2.9,4.2,0.091,-0.6,-0.4,-1,0.5
2007/2008,55630000,66059550.23,427163,Los Angeles Lakers,14,LAL,California,West,Pacific,57,25,0.695,108.6,101.3,7.34,Derek Fisher,PG,33,10723900,13183707,82,82,27.4,4.1,9.5,0.436,1.4,3.4,0.406,2.8,6.1,0.453,0.508,2,2.3,0.883,0.3,1.8,2.1,2.9,1,0,1.1,2.3,11.7,2249,13.8,0.556,0.355,0.242,1.2,6.9,4.2,15.9,1.9,0.1,9.5,18.6,3.7,2,5.7,0.121,1.1,-1.5,-0.3,1
2007/2008,55630000,66059550.23,427163,Toronto Raptors,28,TOR,Ontario,East,Atlantic,41,41,0.5,100.2,97.3,2.47,TJ Ford,PG,24,8000000,9835009,51,26,23.5,4.8,10.3,0.469,0.3,1,0.294,4.5,9.3,0.488,0.484,2.2,2.5,0.88,0.5,1.5,2,6.1,1.1,0,2,1.8,12.1,1199,20.3,0.533,0.097,0.239,2.3,7.7,4.9,44.4,2.4,0,15,26.8,2.1,1.1,3.3,0.13,2.7,-1.7,0.9,0.9
2007/2008,55630000,66059550.23,427163,Indiana Pacers,12,IND,Indiana,East,Central,36,46,0.439,104,105.4,-1.87,Jeff Foster,C,31,5500000,6761569,77,52,24.5,2.7,4.8,0.55,0,0,0,2.7,4.8,0.554,0.55,1.1,1.9,0.593,3.4,5.2,8.7,1.7,0.7,0.4,0.8,2.9,6.4,1884,15.7,0.568,0.008,0.389,14.9,23.8,19.3,10.1,1.5,1.3,12.4,11.5,4,2.4,6.5,0.165,0.3,2.2,2.5,2.1
2007/2008,55630000,66059550.23,427163,Minnesota Timberwolves,18,MIN,Minnesota,West,Northwest,22,60,0.268,95.6,102.4,-6.26,Randy Foye,PG,24,2631840,3235521,39,31,32.3,5.1,11.8,0.429,1.6,3.8,0.412,3.5,8.1,0.436,0.495,1.4,1.7,0.815,0.3,2.9,3.3,4.2,0.9,0.1,2,2.6,13.1,1259,12.7,0.52,0.32,0.141,1.2,10.9,5.9,20.9,1.5,0.2,13.9,20.4,0.7,0.4,1.1,0.042,0.2,-1.7,-1.4,0.2
2007/2008,55630000,66059550.23,427163,Orlando Magic,22,ORL,Florida,East,Southeast,52,30,0.634,104.5,99,4.79,Adonal Foyle,C,32,10157090,12486884,82,0,9.4,0.9,1.9,0.458,0,0,,0.9,1.9,0.458,0.458,0.2,0.4,0.471,0.9,1.7,2.5,0.2,0.2,0.5,0.4,1.1,1.9,774,9.9,0.464,0,0.222,11,19.6,15.5,3.4,1.1,4.2,16,11.8,0,1.3,1.3,0.08,-4.4,2.4,-2,0
2007/2008,55630000,66059550.23,427163,Los Angeles Clippers,13,LAC,California,West,Pacific,23,59,0.28,93.8,101.1,-6.56,Richie Frahm,SG,30,623694,766754,10,2,16.3,2,5.4,0.37,0.7,2.5,0.28,1.3,2.9,0.448,0.435,0,0.2,0,0.4,1,1.4,0.8,0.2,0,0.6,0.7,4.7,163,5.5,0.428,0.463,0.037,2.8,7.1,5,8.3,0.6,0,9.9,17.2,-0.2,0,-0.2,-0.054,-4,-3.1,-7.1,-0.2
2007/2008,55630000,66059550.23,427163,Houston Rockets,11,HOU,Texas,West,Southwest,55,27,0.671,96.7,92,4.83,Steve Francis,PG,30,17500000,21514084,10,3,19.9,1.9,5.7,0.333,0.4,1.7,0.235,1.5,4,0.375,0.368,1.3,2.3,0.565,0.8,1.5,2.3,3,0.9,0.5,1.4,2.5,5.5,199,9.1,0.41,0.298,0.404,4.6,8.4,6.5,22.7,2.4,1.8,17.3,18.6,-0.2,0.3,0.2,0.039,-3.5,1.5,-2,0
2007/2008,55630000,66059550.23,427163,Portland Trail Blazers,25,POR,Oregon,West,Northwest,41,41,0.5,95.4,96.3,-0.52,Channing Frye,C,24,2487240,3057753,78,20,17.2,2.8,5.8,0.488,0,0.1,0.3,2.8,5.7,0.492,0.491,1.1,1.4,0.78,1.4,3.2,4.5,0.7,0.4,0.3,0.7,2.7,6.8,1342,14.8,0.529,0.022,0.241,9.4,21.6,15.5,7.4,1.2,1.6,9.9,19.6,1.6,1.6,3.2,0.114,-1.6,0.2,-1.4,0.2
2007/2008,55630000,66059550.23,427163,Milwaukee Bucks,17,MIL,Wisconsin,East,Central,26,56,0.317,97,103.9,-6.92,Dan Gadzuric,C,29,5751130,7070302,51,4,10.5,1.3,3,0.416,0,0,0,1.3,3,0.418,0.416,0.6,1.2,0.524,1.3,1.5,2.8,0.2,0.4,0.5,0.7,1.6,3.2,534,10.7,0.443,0.006,0.409,14.2,17.7,15.9,3.2,2,3.5,15.8,18.2,-0.4,0.4,0.1,0.006,-4.9,-0.7,-5.6,-0.5
2007/2008,55630000,66059550.23,427163,Toronto Raptors,28,TOR,Ontario,East,Atlantic,41,41,0.5,100.2,97.3,2.47,Jorge Garbajosa,PF,30,4000000,4917504,7,0,10.6,1.1,3.6,0.32,0.9,2.3,0.375,0.3,1.3,0.222,0.44,0,0,,0.3,1.9,2.1,0.4,0.4,0,0.1,0.3,3.1,74,10.4,0.44,0.64,0,3.2,20.9,12,5.9,2.2,0,3.8,16.6,0,0.1,0.1,0.047,-1.9,-0.8,-2.7,0
2007/2008,55630000,66059550.23,427163,Sacramento Kings,26,SAC,California,West,Pacific,38,44,0.463,102.5,104.8,-1.86,Francisco Garcia,SF,26,1168800,1436894,79,20,26.5,4.4,9.5,0.463,1.4,3.7,0.391,3,5.9,0.508,0.538,2.1,2.6,0.779,0.7,2.7,3.3,1.6,1.2,0.6,1.6,2.9,12.3,2096,15.1,0.576,0.384,0.277,3,11.7,7.4,10.2,2.3,1.8,13.2,20.7,2.4,1.8,4.2,0.097,1.1,-0.5,0.6,1.4
2007/2008,55630000,66059550.23,427163,Chicago Bulls,5,CHI,Illinois,East,Central,33,49,0.402,97.3,100.4,-3.19,Thomas Gardner,SG,22,101451,124721,4,0,11.3,2.3,5.8,0.391,0.8,3,0.25,1.5,2.8,0.545,0.457,0,0.5,0,0.8,0.3,1,0.3,0,0,1,1,5.3,45,4.4,0.44,0.522,0.087,7.3,2.6,5,4,0,0,14.3,27.4,-0.1,0,-0.1,-0.128,-4.1,-6.6,-10.7,-0.1
2007/2008,55630000,66059550.23,427163,Boston Celtics,2,BOS,Massachusetts,East,Atlantic,66,16,0.805,100.5,90.3,9.3,Kevin Garnett,PF,31,23750000,29197685,71,71,32.8,7.5,13.9,0.539,0,0.2,0,7.5,13.8,0.545,0.539,3.8,4.7,0.801,1.9,7.3,9.2,3.4,1.4,1.3,1.9,2.3,18.8,2328,25.3,0.588,0.011,0.339,7.3,25.1,16.8,19.9,2.3,3.1,10.8,25.5,6.6,6.2,12.9,0.265,2.7,4.7,7.4,5.5
2007/2008,55630000,66059550.23,427163,Orlando Magic,22,ORL,Florida,East,Southeast,52,30,0.634,104.5,99,4.79,Pat Garrity,PF,31,3818750,4694680,31,0,9.2,0.9,2.6,0.338,0.3,1.2,0.216,0.6,1.4,0.442,0.388,0.1,0.2,0.8,0.3,1.1,1.4,0.4,0.2,0,0.5,1.1,2.1,284,3.2,0.401,0.463,0.063,3.8,13.6,8.9,6.8,1.1,0.3,17.1,16,-0.5,0.3,-0.2,-0.038,-5.4,-0.6,-6,-0.3
2007/2008,55630000,66059550.23,427163,#N/A,#N/A,TOT,#N/A,#N/A,#N/A,#N/A,#N/A,#N/A,#N/A,#N/A,#N/A,Pau Gasol,C,27,13735000,16885482,66,66,35.6,7.2,13.5,0.534,0.1,0.2,0.25,7.1,13.2,0.539,0.536,4.4,5.5,0.807,2.3,6,8.4,3.2,0.5,1.5,1.9,2.1,18.9,2351,21.6,0.594,0.018,0.407,7.4,18.7,13.1,15.2,0.6,3,10.6,22.1,6.4,2.1,8.4,0.172,2,0.9,2.9,2.9
2007/2008,55630000,66059550.23,427163,Memphis Grizzlies,15,MEM,Tennessee,West,Southwest,22,60,0.268,100.7,106.9,-5.76,Pau Gasol,C,27,13735000,16885482,39,39,36.7,7.2,14.3,0.501,0.1,0.4,0.267,7.1,13.9,0.507,0.504,4.5,5.5,0.819,2.4,6.4,8.8,3,0.4,1.4,2.1,2.2,18.9,1433,20.1,0.566,0.027,0.386,7.3,19.6,13.4,14,0.6,2.8,10.9,22.7,3,0.9,3.9,0.129,1,0.5,1.5,1.3
2007/2008,55630000,66059550.23,427163,Los Angeles Lakers,14,LAL,California,West,Pacific,57,25,0.695,108.6,101.3,7.34,Pau Gasol,C,27,13735000,16885482,27,27,34,7.3,12.3,0.589,0,0,0,7.3,12.3,0.59,0.589,4.3,5.4,0.789,2.3,5.6,7.8,3.5,0.5,1.6,1.6,2,18.8,918,24,0.639,0.003,0.441,7.7,17.4,12.8,17,0.8,3.3,10,21.2,3.4,1.2,4.6,0.239,3.5,1.6,5.1,1.6
2007/2008,55630000,66059550.23,427163,Memphis Grizzlies,15,MEM,Tennessee,West,Southwest,22,60,0.268,100.7,106.9,-5.76,Rudy Gay,SF,21,2411160,2964222,81,81,37,7.7,16.7,0.461,1.7,4.8,0.346,6.1,12,0.507,0.511,3.1,3.9,0.785,1.7,4.4,6.2,2,1.4,1,2.3,2.8,20.1,3000,17.4,0.546,0.286,0.233,5.2,13.5,9.3,9.3,1.9,1.9,11.3,25,2.9,2.1,5,0.08,1.3,-0.5,0.8,2.1
2007/2008,55630000,66059550.23,427163,Seattle SuperSonics,21,SEA,Washington,West,Northwest,20,62,0.244,97.5,106.3,-8.04,Mickael Gelabale,SG,24,802000,985959,39,0,11.9,1.8,4,0.439,0.4,0.9,0.432,1.4,3.1,0.442,0.49,0.4,0.5,0.778,0.4,1.1,1.5,0.8,0.3,0.2,0.7,0.8,4.3,465,10.5,0.509,0.236,0.115,3.8,9.8,6.8,11.1,1.1,1.4,14.1,17.9,0,0.2,0.2,0.021,-2.6,-1,-3.6,-0.2
2007/2008,55630000,66059550.23,427163,Dallas Mavericks,7,DAL,Texas,West,Southwest,51,31,0.622,100.4,95.9,4.7,Devean George,SF,30,2369111,2912528,53,4,15.5,1.4,3.9,0.357,0.4,1.3,0.324,1,2.6,0.374,0.411,0.5,0.6,0.706,0.5,2.1,2.6,0.7,0.4,0.2,0.5,1.7,3.7,821,7,0.437,0.329,0.164,4.1,14.9,9.6,6.3,1.2,1.2,9.8,14,-0.3,1,0.7,0.039,-3.2,0.3,-2.9,-0.2
2007/2008,55630000,66059550.23,427163,Cleveland Cavaliers,6,CLE,Ohio,East,Central,45,37,0.549,96.4,96.7,-0.53,Daniel Gibson,PG,21,687456,845142,58,26,30.4,3.5,8,0.432,2,4.6,0.44,1.4,3.4,0.421,0.559,1.5,1.8,0.81,0.5,1.8,2.3,2.5,0.8,0.2,1.3,2.8,10.4,1765,11.7,0.592,0.576,0.226,1.9,6.9,4.3,13.1,1.4,0.6,12.9,15.1,2.7,1.4,4.1,0.111,1,-1.1,0,0.9
2007/2008,55630000,66059550.23,427163,#N/A,#N/A,TOT,#N/A,#N/A,#N/A,#N/A,#N/A,#N/A,#N/A,#N/A,#N/A,Eddie Gill,PG,29,151089,185745,14,1,11,0.9,2.2,0.387,0.4,1.1,0.333,0.5,1.1,0.438,0.468,0.6,0.6,1,0.1,1.5,1.6,1.6,0.5,0.1,0.6,1.3,2.7,154,10.9,0.543,0.484,0.29,0.8,15.8,8.3,22.1,2.4,1,20.5,13,0.1,0.2,0.2,0.077,-2.5,0,-2.6,0
2007/2008,55630000,66059550.23,427163,New Jersey Nets,3,NJN,New Jersey,East,Atlantic,34,48,0.415,95.8,100.9,-5.15,Eddie Gill,PG,29,151089,185745,13,1,11.5,0.9,2.2,0.414,0.4,1.1,0.357,0.5,1.2,0.467,0.5,0.7,0.7,1,0.1,1.6,1.7,1.6,0.5,0.2,0.6,1.4,2.9,149,11.9,0.576,0.483,0.31,0.8,16.4,8.6,22,2.5,1,19.5,12.6,0.1,0.2,0.3,0.101,-1.9,0.3,-1.6,0
2007/2008,55630000,66059550.23,427163,Seattle SuperSonics,21,SEA,Washington,West,Northwest,20,62,0.244,97.5,106.3,-8.04,Eddie Gill,PG,29,151089,185745,1,0,5,0,2,0,0,1,0,0,1,0,0,0,0,,0,0,0,1,0,0,1,0,0,5,-18.9,0,0.5,0,0,0,0,25.4,0,0,33.3,26,-0.1,0,-0.1,-0.634,-21.7,-9.2,-30.9,0
2007/2008,55630000,66059550.23,427163,San Antonio Spurs,27,SAS,Texas,West,Southwest,56,26,0.683,95.4,90.6,5.1,Manu Ginobili,SG,30,9079811,11162503,74,23,31.1,6.1,13.3,0.46,2.1,5.3,0.401,4,8,0.499,0.54,5.1,6,0.86,0.9,3.9,4.8,4.5,1.5,0.4,2.7,2.3,19.5,2299,24.3,0.612,0.395,0.449,3.3,14.7,9.1,26.4,2.6,1.1,14.5,28.7,6.6,4.5,11.1,0.232,6.1,1.9,8.1,5.9
2007/2008,55630000,66059550.23,427163,#N/A,#N/A,TOT,#N/A,#N/A,#N/A,#N/A,#N/A,#N/A,#N/A,#N/A,#N/A,Gordan Giricek,SG,30,4000000,4917504,56,0,14.8,2.4,5.4,0.44,0.6,1.8,0.364,1.7,3.6,0.478,0.5,0.4,0.5,0.885,0.3,1.4,1.7,1.1,0.4,0.1,0.9,1.5,5.8,831,9.8,0.518,0.328,0.086,2.4,10.8,6.7,11,1.5,0.4,14.2,19.7,-0.1,0.6,0.5,0.029,-1.9,-1.6,-3.5,-0.3
2007/2008,55630000,66059550.23,427163,Utah Jazz,29,UTA,Utah,West,Northwest,54,28,0.659,106.2,99.3,6.86,Gordan Giricek,SG,30,4000000,4917504,22,0,12.7,1.9,4.6,0.402,0.5,1.5,0.353,1.3,3.1,0.426,0.461,0,0,1,0.3,1.1,1.4,0.7,0.6,0,1,1.1,4.3,279,7,0.464,0.333,0.01,2.7,10.9,6.8,8.4,2.4,0.3,17,19.8,-0.4,0.3,-0.1,-0.022,-3.7,-1,-4.7,-0.2
2007/2008,55630000,66059550.23,427163,Philadelphia 76ers,23,PHI,Pennsylvania,East,Atlantic,40,42,0.488,96.6,96.2,0.19,Gordan Giricek,SG,30,4000000,4917504,12,0,9.2,1.1,3.4,0.317,0.4,1.3,0.333,0.7,2.2,0.308,0.378,0.5,0.7,0.75,0.1,1.1,1.2,0.9,0.3,0.1,0.7,0.8,3.1,110,6.7,0.416,0.366,0.195,1.1,14.2,7.6,15.3,1.4,0.7,15.2,21.5,-0.2,0.1,-0.1,-0.028,-4.9,-1.7,-6.6,-0.1
2007/2008,55630000,66059550.23,427163,Phoenix Suns,24,PHO,Arizona,West,Pacific,55,27,0.671,110.1,105,5.14,Gordan Giricek,SG,30,4000000,4917504,22,0,20.1,3.6,7.2,0.497,0.9,2.3,0.38,2.7,5,0.55,0.557,0.7,0.8,0.941,0.4,1.9,2.3,1.6,0.4,0.1,1,2.2,8.8,442,12.3,0.58,0.314,0.107,2.5,9.9,6.5,11.7,0.9,0.3,12.1,19.2,0.5,0.2,0.7,0.076,0,-2,-2,0
2007/2008,55630000,66059550.23,427163,Minnesota Timberwolves,18,MIN,Minnesota,West,Northwest,22,60,0.268,95.6,102.4,-6.26,Ryan Gomes,PF,25,770610,947369,82,74,29.7,4.8,10.5,0.457,0.7,2.2,0.33,4.1,8.3,0.491,0.492,2.3,2.8,0.83,1.6,4.2,5.8,1.8,0.8,0.1,1.2,1.9,12.6,2434,15.7,0.539,0.209,0.267,6.1,16.8,11.3,9.6,1.4,0.3,9.1,19.5,3.6,1.2,4.8,0.096,0.7,-1,-0.3,1.1
2007/2008,55630000,66059550.23,427163,#N/A,#N/A,TOT,#N/A,#N/A,#N/A,#N/A,#N/A,#N/A,#N/A,#N/A,#N/A,Drew Gooden,PF,26,6453416,7933676,69,65,30.8,4.8,10.7,0.449,0,0.1,0,4.8,10.6,0.452,0.449,2.3,3.1,0.753,2.5,6,8.6,1.2,0.7,0.8,1.8,2.9,12,2122,13.8,0.495,0.008,0.291,9.1,23,15.8,6.5,1.2,2,12.8,20.3,0.5,2.8,3.3,0.074,-3.4,0.3,-3.1,-0.6
2007/2008,55630000,66059550.23,427163,Cleveland Cavaliers,6,CLE,Ohio,East,Central,45,37,0.549,96.4,96.7,-0.53,Drew Gooden,PF,26,6453416,7933676,51,51,30.7,4.5,10.3,0.444,0,0.1,0,4.5,10.2,0.446,0.444,2.2,3,0.728,2.3,6,8.3,1,0.7,0.6,1.8,2.8,11.3,1564,12.5,0.487,0.006,0.289,8.3,23,15.4,5.4,1.2,1.5,13.4,19.7,-0.1,2.1,2,0.06,-4.2,0,-4.2,-0.9
2007/2008,55630000,66059550.23,427163,Chicago Bulls,5,CHI,Illinois,East,Central,33,49,0.402,97.3,100.4,-3.19,Drew Gooden,PF,26,6453416,7933676,18,14,31,5.6,12.1,0.461,0,0.2,0,5.6,11.9,0.467,0.461,2.9,3.6,0.813,3.2,6.1,9.3,1.7,0.7,1.3,1.7,3.3,14,558,17.4,0.514,0.014,0.295,11.3,22.8,16.9,9.7,1.2,3.2,11.2,21.9,0.6,0.8,1.3,0.114,-1.2,1.1,0,0.3
2007/2008,55630000,66059550.23,427163,Chicago Bulls,5,CHI,Illinois,East,Central,33,49,0.402,97.3,100.4,-3.19,Ben Gordon,SG,24,4881669,6001407,72,27,31.8,6.4,14.8,0.434,2,4.8,0.41,4.5,10,0.445,0.5,3.7,4.1,0.908,0.6,2.5,3.1,3,0.8,0.1,2.1,2.4,18.6,2291,16.4,0.558,0.324,0.274,1.9,9.2,5.4,16.9,1.2,0.3,11.1,26,3.6,1.4,5.1,0.106,2.4,-2.5,-0.1,1.1
2007/2008,55630000,66059550.23,427163,Orlando Magic,22,ORL,Florida,East,Southeast,52,30,0.634,104.5,99,4.79,Marcin Gortat,C,23,427163,525144,6,0,6.8,1.3,2.8,0.471,0,0,,1.3,2.8,0.471,0.471,0.3,0.5,0.667,1.3,1.3,2.7,0.3,0.2,0.2,0.3,0.7,3,41,19.8,0.491,0,0.176,23.5,21.6,22.5,8.4,1.3,1.8,9.8,22.7,0.1,0.1,0.1,0.158,-0.3,-0.6,-0.8,0
2007/2008,55630000,66059550.23,427163,Toronto Raptors,28,TOR,Ontario,East,Atlantic,41,41,0.5,100.2,97.3,2.47,Joey Graham,SF,25,1596600,1962822,38,3,8.7,1.3,3,0.434,0.1,0.1,0.667,1.2,2.9,0.427,0.442,1,1.2,0.844,0.5,1.3,1.8,0.4,0.1,0,0.6,1.2,3.6,331,10.3,0.52,0.027,0.398,6.4,17.7,12,7,0.5,0,14.8,22.2,0,0.3,0.3,0.04,-4.3,-2.3,-6.6,-0.4
2007/2008,55630000,66059550.23,427163,Indiana Pacers,12,IND,Indiana,East,Central,36,46,0.439,104,105.4,-1.87,Stephen Graham,SF,25,770610,947369,22,0,5.8,1.5,2.6,0.586,0.3,0.6,0.5,1.2,2,0.614,0.647,0.5,0.7,0.75,0.2,0.8,1,0.4,0.2,0,0.5,0.6,4,128,21.9,0.669,0.241,0.276,3.3,15.6,9.3,13.5,1.5,0.6,13.3,25.4,0.3,0.1,0.4,0.167,2,-2.4,-0.4,0.1
2007/2008,55630000,66059550.23,427163,Indiana Pacers,12,IND,Indiana,East,Central,36,46,0.439,104,105.4,-1.87,Danny Granger,SF,24,1516800,1864717,80,80,36,6.7,15.1,0.446,2.1,5.3,0.404,4.6,9.8,0.468,0.517,4,4.7,0.852,1.2,4.9,6.1,2.1,1.2,1.1,2.1,3.6,19.6,2876,16.7,0.571,0.351,0.314,3.4,15.2,9.2,9.6,1.6,2.2,11.1,23.2,4.1,3.2,7.3,0.122,1.3,0.2,1.4,2.5
2007/2008,55630000,66059550.23,427163,Chicago Bulls,5,CHI,Illinois,East,Central,33,49,0.402,97.3,100.4,-3.19,Aaron Gray,C,23,427163,525144,61,1,10,1.7,3.3,0.505,0,0,0,1.7,3.3,0.507,0.505,0.9,1.6,0.566,1.1,1.6,2.8,0.7,0.3,0.3,0.9,1.9,4.3,613,13.9,0.529,0.005,0.485,12.5,18.7,15.5,11.4,1.8,2,18.7,22,0.1,0.8,0.8,0.066,-2.4,0.4,-2,0
2007/2008,55630000,66059550.23,427163,#N/A,#N/A,TOT,#N/A,#N/A,#N/A,#N/A,#N/A,#N/A,#N/A,#N/A,#N/A,Gerald Green,SF,22,1440960,1771481,30,0,12.1,1.7,5,0.344,0.5,1.3,0.385,1.2,3.7,0.33,0.394,1.1,1.4,0.829,0.4,1.7,2.1,1,0.3,0.1,1.1,1.5,5.1,362,8.7,0.453,0.258,0.272,4.1,16.9,10.2,12.5,1.2,0.9,15.9,25.1,-0.5,0.2,-0.4,-0.048,-4.5,-2.4,-6.9,-0.4
2007/2008,55630000,66059550.23,427163,Minnesota Timberwolves,18,MIN,Minnesota,West,Northwest,22,60,0.268,95.6,102.4,-6.26,Gerald Green,SF,22,1440960,1771481,29,0,12.3,1.7,5.1,0.331,0.5,1.3,0.385,1.2,3.8,0.312,0.382,1.2,1.4,0.829,0.4,1.8,2.1,1,0.3,0.1,1.1,1.5,5.1,358,7.9,0.443,0.264,0.277,3.5,17,10,12.6,1.2,0.9,16.2,24.9,-0.6,0.2,-0.4,-0.058,-4.9,-2.2,-7.1,-0.5
2007/2008,55630000,66059550.23,427163,Houston Rockets,11,HOU,Texas,West,Southwest,55,27,0.671,96.7,92,4.83,Gerald Green,SF,22,1440960,1771481,1,0,4,3,3,1,0,0,,3,3,1,1,0,0,,2,0,2,0,0,0,0,2,6,4,76.3,1,0,0,57.3,0,28.2,0,0,0,0,34.3,0.1,0,0.1,0.826,31.9,-14.1,17.7,0
2007/2008,55630000,66059550.23,427163,Seattle SuperSonics,21,SEA,Washington,West,Northwest,20,62,0.244,97.5,106.3,-8.04,Jeff Green,SF,21,3058200,3759678,80,52,28.2,4,9.4,0.427,0.3,1,0.276,3.7,8.4,0.444,0.441,2.2,3,0.744,1.3,3.5,4.7,1.5,0.6,0.6,2,2.5,10.5,2253,9.8,0.491,0.101,0.318,4.9,13.4,9.2,8.2,1,1.6,15.6,19.4,-1.3,1.5,0.2,0.003,-3.3,0.1,-3.2,-0.7
2007/2008,55630000,66059550.23,427163,#N/A,#N/A,TOT,#N/A,#N/A,#N/A,#N/A,#N/A,#N/A,#N/A,#N/A,#N/A,Taurean Green,SG-PG,21,427163,525144,17,0,4.4,0.4,1.5,0.28,0.1,0.6,0.182,0.3,0.8,0.357,0.32,0.6,0.7,0.917,0,0.6,0.6,0.6,0.1,0,0.5,0.3,1.6,74,7,0.446,0.44,0.48,0,14.9,7.6,22.3,1.4,0,22.9,24.3,-0.2,0.1,-0.1,-0.066,-5.7,-2.5,-8.2,-0.1
2007/2008,55630000,66059550.23,427163,Portland Trail Blazers,25,POR,Oregon,West,Northwest,41,41,0.5,95.4,96.3,-0.52,Taurean Green,PG,21,427163,525144,8,0,5.5,0.5,2,0.25,0.1,1,0.125,0.4,1,0.375,0.281,1,1,1,0,0.5,0.5,1,0.1,0,0.9,0.4,2.1,44,5.8,0.435,0.5,0.5,0,10.7,5.4,28.1,1.2,0,26.4,28.5,-0.1,0,-0.1,-0.125,-6.1,-3.3,-9.4,-0.1
2007/2008,55630000,66059550.23,427163,Denver Nuggets,8,DEN,Colorado,West,Northwest,50,32,0.61,110.7,107,3.74,Taurean Green,SG,21,427163,525144,9,0,3.3,0.3,1,0.333,0.1,0.3,0.333,0.2,0.7,0.333,0.389,0.3,0.4,0.75,0,0.7,0.7,0.3,0.1,0,0.2,0.2,1.1,30,8.8,0.465,0.333,0.444,0,21.2,10.8,13.6,1.6,0,15.7,18.1,0,0,0,0.02,-5.2,-1.3,-6.5,0
2007/2008,55630000,66059550.23,427163,Philadelphia 76ers,23,PHI,Pennsylvania,East,Atlantic,40,42,0.488,96.6,96.2,0.19,Willie Green,SG,26,3094000,3803690,74,74,26.6,5.1,11.8,0.436,0.7,2.4,0.285,4.4,9.3,0.475,0.465,1.5,2,0.757,0.4,2,2.5,2,0.7,0.3,1.5,1.6,12.4,1970,12.8,0.492,0.206,0.17,1.9,9.1,5.5,13.2,1.5,0.9,10.4,23.9,0.4,1.6,2.1,0.05,-1.3,-1.5,-2.8,-0.4
2007/2008,55630000,66059550.23,427163,Sacramento Kings,26,SAC,California,West,Pacific,38,44,0.463,102.5,104.8,-1.86,Orien Greene,SG,25,77061,94736,7,2,8.7,0.4,1.6,0.273,0,0.1,0,0.4,1.4,0.3,0.273,0,0,,0,0.9,0.9,0.4,0.4,0.1,1,1.3,0.9,61,-3.3,0.273,0.091,0,0,11.4,5.8,6.8,2.5,1.3,38.9,13.2,-0.3,0.1,-0.2,-0.18,-10.8,1,-9.8,-0.1
2007/2008,55630000,66059550.23,427163,#N/A,#N/A,TOT,#N/A,#N/A,#N/A,#N/A,#N/A,#N/A,#N/A,#N/A,#N/A,Adrian Griffin,SG-SF,33,1593000,1958396,35,2,8.8,0.9,2.2,0.395,0,0,,0.9,2.2,0.395,0.395,0.1,0.3,0.556,0.8,0.9,1.7,0.8,0.5,0.1,0.6,0.8,1.9,307,8.7,0.406,0,0.118,10,11.4,10.7,13.4,2.8,0.5,20.8,14.5,-0.3,0.3,0,0.001,-4.2,1.2,-3,-0.1
2007/2008,55630000,66059550.23,427163,Chicago Bulls,5,CHI,Illinois,East,Central,33,49,0.402,97.3,100.4,-3.19,Adrian Griffin,SG,33,1593000,1958396,22,2,10.1,1.1,2.7,0.4,0,0,,1.1,2.7,0.4,0.4,0.1,0.3,0.429,0.9,0.8,1.7,1,0.5,0,0.7,0.9,2.3,222,8.5,0.404,0,0.117,9.3,9.5,9.4,15.3,2.8,0.4,20.2,15.8,-0.3,0.2,0,-0.009,-4.3,0.8,-3.4,-0.1
2007/2008,55630000,66059550.23,427163,Seattle SuperSonics,21,SEA,Washington,West,Northwest,20,62,0.244,97.5,106.3,-8.04,Adrian Griffin,SF,33,1593000,1958396,13,0,6.5,0.5,1.2,0.375,0,0,,0.5,1.2,0.375,0.375,0.2,0.2,1,0.7,1,1.7,0.4,0.4,0.1,0.4,0.6,1.1,85,9.3,0.415,0,0.125,11.6,16.6,14.1,8.2,2.9,0.8,22.9,11.1,-0.1,0.1,0,0.027,-4.1,2.2,-1.9,0
2007/2008,55630000,66059550.23,427163,Detroit Pistons,9,DET,Michigan,East,Central,59,23,0.72,97.5,90.1,6.67,Richard Hamilton,SG,29,10000000,12293762,72,72,33.7,6.9,14.3,0.484,0.9,2,0.44,6.1,12.3,0.492,0.515,2.6,3.1,0.833,1,2.2,3.3,4.2,1,0.1,1.8,2.4,17.3,2424,18.2,0.552,0.137,0.215,3.7,7.9,5.8,22.3,1.7,0.3,10.5,24.5,4.8,2.9,7.7,0.152,2.9,-0.4,2.5,2.8
2007/2008,55630000,66059550.23,427163,Miami Heat,16,MIA,Florida,East,Southeast,15,67,0.183,91.4,100,-8.53,Anfernee Hardaway,SF,36,320142,393574,16,8,20.3,1.4,3.8,0.367,0.5,1.2,0.421,0.9,2.6,0.341,0.433,0.5,0.6,0.889,0.2,2,2.2,2.2,1.2,0.1,0.8,1.5,3.8,325,9,0.469,0.317,0.15,1.1,12,6.5,16.8,3.1,0.2,16.9,11.2,-0.1,0.3,0.2,0.036,-3.5,0.8,-2.7,-0.1
2007/2008,55630000,66059550.23,427163,Utah Jazz,29,UTA,Utah,West,Northwest,54,28,0.659,106.2,99.3,6.86,Matt Harpring,SF,31,6000000,7376257,76,0,18.1,3.1,6.2,0.5,0,0.1,0.2,3.1,6.1,0.506,0.502,1.9,2.7,0.712,1.3,1.9,3.2,1.1,0.6,0.2,1.3,2.1,8.2,1374,14.1,0.551,0.021,0.432,8.6,12.7,10.7,9,1.7,0.8,14.4,21.5,1.4,1.4,2.8,0.096,-0.8,-0.7,-1.5,0.2
2007/2008,55630000,66059550.23,427163,Golden State Warriors,10,GSW,California,West,Pacific,48,34,0.585,111,108.8,2.38,Al Harrington,C,27,8425625,10358263,81,59,27,5,11.4,0.434,1.9,5,0.375,3.1,6.4,0.482,0.517,1.8,2.3,0.774,1.3,4.1,5.4,1.6,0.9,0.2,1.1,3.3,13.6,2190,15.6,0.547,0.442,0.206,5,16.9,10.7,8.9,1.6,0.5,8.2,21.1,3.7,1.7,5.4,0.118,1.6,-1.6,-0.1,1.1
2007/2008,55630000,66059550.23,427163,Charlotte Bobcats,4,CHA,North Carolina,East,Southeast,32,50,0.39,97.1,101.4,-4.49,Othella Harrington,C,34,2376000,2920997,22,0,7.5,0.8,1.9,0.429,0,0,,0.8,1.9,0.429,0.429,0.5,0.7,0.625,0.5,1.4,1.9,0.2,0,0.2,0.5,1.5,2.1,166,5.8,0.469,0,0.381,7.6,21.6,14.5,3.8,0.3,1.8,18.3,16.6,-0.2,0.1,0,-0.01,-7.2,-1.8,-9,-0.3
2007/2008,55630000,66059550.23,427163,#N/A,#N/A,TOT,#N/A,#N/A,#N/A,#N/A,#N/A,#N/A,#N/A,#N/A,#N/A,Devin Harris,PG,24,3995003,4911361,64,61,31.6,5,10.8,0.463,0.9,2.6,0.335,4.1,8.2,0.504,0.504,3.9,4.7,0.824,0.4,2.3,2.7,5.8,1.4,0.2,2.5,3,14.8,2022,17.5,0.573,0.241,0.434,1.6,8.2,5,31.1,2.4,0.4,16.3,22.6,3.6,1.9,5.6,0.132,2.2,-1.2,1,1.6
2007/2008,55630000,66059550.23,427163,Dallas Mavericks,7,DAL,Texas,West,Southwest,51,31,0.622,100.4,95.9,4.7,Devin Harris,PG,24,3995003,4911361,39,39,30.4,4.8,9.9,0.483,0.6,1.8,0.357,4.2,8.1,0.511,0.516,4.1,5,0.821,0.4,1.9,2.3,5.3,1.4,0.1,2.4,3.3,14.4,1184,18,0.592,0.181,0.506,1.7,7,4.4,28.6,2.5,0.1,16.4,22.3,2.6,1.3,3.9,0.158,2.5,-0.9,1.7,1.1
2007/2008,55630000,66059550.23,427163,New Jersey Nets,3,NJN,New Jersey,East,Atlantic,34,48,0.415,95.8,100.9,-5.15,Devin Harris,PG,24,3995003,4911361,25,22,33.5,5.4,12.2,0.438,1.2,3.9,0.32,4.1,8.4,0.493,0.489,3.5,4.2,0.829,0.4,2.8,3.3,6.5,1.4,0.3,2.7,2.5,15.4,838,16.7,0.548,0.317,0.343,1.5,9.8,5.7,34.7,2.1,0.7,16.2,23,1.1,0.6,1.7,0.096,1.7,-1.6,0.1,0.5
2007/2008,55630000,66059550.23,427163,Houston Rockets,11,HOU,Texas,West,Southwest,55,27,0.671,96.7,92,4.83,Mike Harris,PF,24,#N/A,#N/A,17,0,9.4,1.6,3.2,0.5,0,0.1,0,1.6,3.1,0.519,0.5,0.5,0.8,0.615,1.4,1.8,3.2,0.2,0.4,0.2,0.5,0.9,3.6,159,17.1,0.519,0.037,0.241,17.3,21,19.2,3.2,2,1.4,13.1,19.7,0.1,0.3,0.5,0.143,-2.5,-0.3,-2.8,0
2007/2008,55630000,66059550.23,427163,Indiana Pacers,12,IND,Indiana,East,Central,36,46,0.439,104,105.4,-1.87,David Harrison,C,25,1734316,2132126,55,0,12.8,1.6,3.1,0.529,0,0,,1.6,3.1,0.529,0.529,0.9,1.7,0.51,0.8,1.4,2.1,0.3,0.4,1.1,1.1,3,4.2,702,8.6,0.539,0,0.565,6.5,11.9,9.1,3,1.4,6.3,21.5,16.7,-0.5,0.9,0.4,0.03,-5.7,2.2,-3.6,-0.3
2007/2008,55630000,66059550.23,427163,Utah Jazz,29,UTA,Utah,West,Northwest,54,28,0.659,106.2,99.3,6.86,Jason Hart,PG,29,2300000,2827565,57,0,10.6,1,3.2,0.322,0.2,0.5,0.355,0.8,2.6,0.315,0.353,0.7,0.8,0.844,0.1,0.9,1,1.5,0.5,0.1,0.5,1.3,2.9,606,8,0.413,0.172,0.25,1,10,5.5,19.3,2.5,0.4,12.3,16.8,-0.2,0.7,0.4,0.033,-3.6,-0.6,-4.2,-0.3
2007/2008,55630000,66059550.23,427163,Miami Heat,16,MIA,Florida,East,Southeast,15,67,0.183,91.4,100,-8.53,Udonis Haslem,PF,27,6050000,7437726,49,48,36.8,4.8,10.3,0.467,0,0,,4.8,10.3,0.467,0.467,2.3,2.9,0.81,2.2,6.9,9,1.4,0.8,0.4,1.4,3,12,1805,12.7,0.517,0,0.28,7,22.7,14.7,6.5,1.1,0.8,10.5,16.7,1,1.5,2.5,0.067,-2.8,0.2,-2.7,-0.3
2007/2008,55630000,66059550.23,427163,#N/A,#N/A,TOT,#N/A,#N/A,#N/A,#N/A,#N/A,#N/A,#N/A,#N/A,#N/A,Trenton Hassell,SG,28,4350000,5347786,63,6,12.3,0.9,2.1,0.422,0,0.1,0.222,0.9,2,0.437,0.43,0.1,0.2,0.7,0.3,1,1.3,0.7,0.2,0,0.3,1.4,2,773,4.2,0.441,0.067,0.074,3,9.3,6.2,7.9,0.9,0.3,13.6,9.7,-0.2,0.5,0.2,0.015,-4.5,-0.2,-4.7,-0.5
2007/2008,55630000,66059550.23,427163,Dallas Mavericks,7,DAL,Texas,West,Southwest,51,31,0.622,100.4,95.9,4.7,Trenton Hassell,SG,28,4350000,5347786,37,6,12.5,1,2.2,0.463,0,0.1,0.25,1,2.1,0.474,0.469,0,0.1,0.5,0.3,0.9,1.2,0.7,0.2,0,0.4,1.5,2.1,463,4.7,0.47,0.05,0.025,2.8,8,5.5,8.2,1,0.2,14.8,9.6,-0.1,0.4,0.3,0.031,-3.5,0.1,-3.4,-0.2
2007/2008,55630000,66059550.23,427163,New Jersey Nets,3,NJN,New Jersey,East,Atlantic,34,48,0.415,95.8,100.9,-5.15,Trenton Hassell,SG,28,4350000,5347786,26,0,11.9,0.8,2.1,0.364,0,0.2,0.2,0.7,1.9,0.38,0.373,0.2,0.3,0.75,0.3,1.2,1.5,0.6,0.2,0.1,0.3,1.3,1.8,310,3.5,0.402,0.091,0.145,3.4,11.2,7.3,7.4,0.7,0.5,12,9.8,-0.2,0.1,-0.1,-0.009,-5.9,-0.8,-6.6,-0.4
2007/2008,55630000,66059550.23,427163,Sacramento Kings,26,SAC,California,West,Pacific,38,44,0.463,102.5,104.8,-1.86,Spencer Hawes,C,19,2028600,2493912,71,8,13.1,2.1,4.5,0.459,0.1,0.3,0.19,2,4.2,0.478,0.465,0.5,0.8,0.655,1,2.3,3.2,0.6,0.2,0.6,0.8,1.8,4.7,931,11.6,0.486,0.066,0.182,8.8,20.1,14.6,7.7,0.8,3.3,14,19.2,-0.2,0.8,0.6,0.033,-3.9,-0.5,-4.4,-0.6
2007/2008,55630000,66059550.23,427163,Houston Rockets,11,HOU,Texas,West,Southwest,55,27,0.671,96.7,92,4.83,Chuck Hayes,PF,24,1750000,2151408,79,44,19.9,1.4,2.8,0.511,0,0,0,1.4,2.8,0.518,0.511,0.1,0.3,0.458,1.7,3.7,5.4,1.2,1.1,0.5,0.8,2.7,3,1575,11.2,0.512,0.014,0.109,9.6,20.8,15.3,8.4,2.9,2,21.1,8.5,0.8,3.7,4.4,0.136,-2.5,5.4,2.8,1.9
2007/2008,55630000,66059550.23,427163,Detroit Pistons,9,DET,Michigan,East,Central,59,23,0.72,97.5,90.1,6.67,Jarvis Hayes,SF,26,1200000,1475251,82,1,15.7,2.6,6.1,0.431,0.9,2.4,0.376,1.8,3.8,0.465,0.503,0.5,0.7,0.75,0.4,1.7,2.2,0.8,0.6,0.1,0.6,1.7,6.7,1287,13,0.52,0.385,0.119,3.2,13.3,8.3,8.1,2,0.4,8.1,21.1,1,1.9,2.9,0.108,-0.1,-0.7,-0.8,0.4
2007/2008,55630000,66059550.23,427163,Washington Wizards,30,WAS,Washington DC,East,Southeast,43,39,0.524,98.8,99.2,-0.61,Brendan Haywood,C,28,5000000,6146881,80,80,27.9,4,7.5,0.528,0,0,,4,7.5,0.528,0.528,2.7,3.7,0.735,3.4,3.8,7.2,0.9,0.4,1.7,1.4,2.7,10.6,2228,18.3,0.582,0,0.491,14,16.4,15.2,5.2,0.7,5,12.9,17.3,4.9,1.9,6.8,0.146,0.5,0.9,1.4,1.9
2007/2008,55630000,66059550.23,427163,Houston Rockets,11,HOU,Texas,West,Southwest,55,27,0.671,96.7,92,4.83,Luther Head,SG,25,1122000,1379360,73,17,18.9,2.8,6.5,0.432,1.1,3.1,0.351,1.7,3.5,0.504,0.515,0.9,1.1,0.815,0.2,1.6,1.8,1.9,0.6,0.1,1,1,7.6,1379,13.6,0.543,0.472,0.17,1.5,9.4,5.5,16.4,1.7,0.5,12,19.3,1.5,2,3.5,0.121,0.1,-0.3,-0.2,0.6
2007/2008,55630000,66059550.23,427163,#N/A,#N/A,TOT,#N/A,#N/A,#N/A,#N/A,#N/A,#N/A,#N/A,#N/A,#N/A,Walter Herrmann,PF,28,1944000,2389907,45,0,8.3,1.2,3.2,0.389,0.4,1.4,0.313,0.8,1.8,0.45,0.458,0.5,0.6,0.84,0.5,1.1,1.6,0.4,0.2,0,0.3,0.5,3.4,373,13.2,0.494,0.444,0.174,6.9,16.1,11.5,8,1,0.2,7.2,20.8,0.3,0.4,0.7,0.086,-0.7,-2.8,-3.5,-0.1
2007/2008,55630000,66059550.23,427163,Charlotte Bobcats,4,CHA,North Carolina,East,Southeast,32,50,0.39,97.1,101.4,-4.49,Walter Herrmann,PF,28,1944000,2389907,17,0,10.2,1.5,3.8,0.385,0.5,1.5,0.346,0.9,2.3,0.41,0.454,0.5,0.6,0.9,0.6,1.5,2.1,0.2,0.2,0,0.2,0.7,4,174,12.1,0.49,0.4,0.154,6.6,17.3,11.9,3.8,1.2,0,5.4,19.3,0.1,0.1,0.2,0.061,-2.1,-3.7,-5.8,-0.2
2007/2008,55630000,66059550.23,427163,Detroit Pistons,9,DET,Michigan,East,Central,59,23,0.72,97.5,90.1,6.67,Walter Herrmann,PF,28,1944000,2389907,28,0,7.1,1.1,2.8,0.392,0.4,1.4,0.289,0.7,1.5,0.488,0.462,0.4,0.5,0.8,0.4,0.9,1.3,0.5,0.1,0,0.3,0.4,3,199,14,0.496,0.481,0.19,7.2,15.1,11.1,11.6,0.8,0.4,8.5,22.2,0.2,0.2,0.4,0.108,0.5,-2,-1.6,0
2007/2008,55630000,66059550.23,427163,Denver Nuggets,8,DEN,Colorado,West,Northwest,50,32,0.61,110.7,107,3.74,Nenê,PF,25,8840000,10867686,16,1,16.6,1.8,4.4,0.408,0,0.1,0,1.8,4.4,0.414,0.408,1.7,3.1,0.551,1.9,3.6,5.4,0.9,0.6,0.9,1.3,2.9,5.3,266,11.1,0.459,0.014,0.69,12.4,22.8,17.7,7.8,1.6,3.7,18.5,18.1,-0.1,0.4,0.3,0.052,-4.6,1.6,-3,-0.1
2007/2008,55630000,66059550.23,427163,Phoenix Suns,24,PHO,Arizona,West,Pacific,55,27,0.671,110.1,105,5.14,Grant Hill,SF,35,1830000,2249758,70,68,31.7,5.1,10.2,0.503,0.5,1.5,0.317,4.6,8.7,0.535,0.526,2.4,2.8,0.867,1.1,4,5,2.9,0.9,0.8,1.4,2.2,13.1,2222,15.7,0.576,0.146,0.275,4.1,13.1,9,13.1,1.5,1.6,10.7,18,3.8,2.1,5.9,0.127,0.9,0.9,1.9,2.2
2007/2008,55630000,66059550.23,427163,Chicago Bulls,5,CHI,Illinois,East,Central,33,49,0.402,97.3,100.4,-3.19,Kirk Hinrich,PG,27,11250000,13830482,75,72,31.7,4.4,10.6,0.414,1.1,3.2,0.35,3.3,7.4,0.442,0.467,1.6,1.9,0.831,0.4,2.9,3.3,6,1.2,0.3,2.1,3,11.5,2380,13.1,0.501,0.301,0.178,1.3,10.6,5.8,30.9,1.9,0.6,15.4,18.9,1.5,2.1,3.6,0.072,0.1,-0.9,-0.8,0.7
2007/2008,55630000,66059550.23,427163,Charlotte Bobcats,4,CHA,North Carolina,East,Southeast,32,50,0.39,97.1,101.4,-4.49,Ryan Hollins,PF,23,687456,845142,60,1,8.9,0.8,1.6,0.489,0,0,,0.8,1.6,0.489,0.489,0.9,1.4,0.671,0.9,0.9,1.8,0.2,0.2,0.5,0.4,1.6,2.5,532,11.4,0.565,0,0.872,11.4,11.7,11.6,4,1,4.3,16.1,13.3,0.6,0.4,1.1,0.096,-2.7,0.6,-2.2,0
2007/2008,55630000,66059550.23,427163,Atlanta Hawks,1,ATL,Georgia,East,Southeast,37,45,0.451,98.2,100,-2.23,Al Horford,C,21,3745800,4604997,81,77,31.4,4.1,8.2,0.499,0,0.1,0,4.1,8.2,0.502,0.499,1.9,2.6,0.731,3.1,6.6,9.7,1.5,0.7,0.9,1.7,3.3,10.1,2540,14.7,0.539,0.007,0.317,11.4,24.5,18,7.9,1.2,2.2,15.3,16,2.4,3,5.5,0.103,-1.3,1.1,-0.2,1.2
2007/2008,55630000,66059550.23,427163,San Antonio Spurs,27,SAS,Texas,West,Southwest,56,26,0.683,95.4,90.6,5.1,Robert Horry,PF,37,3630000,4462635,45,5,13,0.8,2.6,0.319,0.4,1.6,0.257,0.4,1.1,0.408,0.395,0.4,0.6,0.643,0.8,1.6,2.4,1,0.5,0.4,0.5,1.2,2.5,583,9.6,0.426,0.588,0.235,7.2,14.8,11,11.9,1.9,2.5,14.3,12.6,-0.1,1.1,1.1,0.088,-2.3,3.2,0.9,0.4
2007/2008,55630000,66059550.23,427163,Boston Celtics,2,BOS,Massachusetts,East,Atlantic,66,16,0.805,100.5,90.3,9.3,Eddie House,PG,29,1500000,1844064,78,2,19,2.8,6.8,0.409,1.5,3.8,0.393,1.3,3,0.429,0.519,0.4,0.5,0.917,0.2,1.9,2.1,1.9,0.8,0.1,1,1.5,7.5,1480,13,0.534,0.561,0.068,1.6,11.2,6.7,16.9,2.1,0.6,12.2,19.6,1.1,2.8,3.9,0.127,0.5,0.3,0.8,1.1
2007/2008,55630000,66059550.23,427163,Orlando Magic,22,ORL,Florida,East,Southeast,52,30,0.634,104.5,99,4.79,Dwight Howard,C,22,6061274,7451586,82,82,37.7,7.1,11.9,0.599,0,0,0,7.1,11.8,0.601,0.599,6.5,10.9,0.59,3.4,10.8,14.2,1.3,0.9,2.1,3.2,3.3,20.7,3088,22.9,0.619,0.004,0.921,10.9,31.6,21.7,6.1,1.2,4.2,16.1,24.2,6.4,6.4,12.9,0.2,-0.2,2.5,2.2,3.3
2007/2008,55630000,66059550.23,427163,Dallas Mavericks,7,DAL,Texas,West,Southwest,51,31,0.622,100.4,95.9,4.7,Josh Howard,SF,27,9000000,11064386,76,76,36.3,7.5,16.4,0.455,0.9,2.8,0.319,6.6,13.6,0.482,0.482,4.1,5.1,0.813,1.6,5.4,7,2.2,0.8,0.4,1.5,2.7,19.9,2757,18.3,0.534,0.168,0.308,5.2,16.7,11.2,10.6,1.1,0.9,7.5,25.9,4.8,3.2,8,0.14,1.3,-0.5,0.8,1.9
2007/2008,55630000,66059550.23,427163,Dallas Mavericks,7,DAL,Texas,West,Southwest,51,31,0.622,100.4,95.9,4.7,Juwan Howard,PF,34,8094997,9951796,50,0,7.1,0.5,1.3,0.359,0,0,,0.5,1.3,0.359,0.359,0.2,0.3,0.786,0.4,1.2,1.6,0.3,0.1,0,0.3,1.2,1.1,353,4.1,0.406,0,0.219,7.1,19,13.3,6.9,0.8,0.4,19.5,11.5,-0.3,0.4,0.1,0.016,-5.4,0.5,-4.9,-0.3
2007/2008,55630000,66059550.23,427163,Golden State Warriors,10,GSW,California,West,Pacific,48,34,0.585,111,108.8,2.38,Troy Hudson,PG,31,7172590,8817810,9,0,10.3,1,3.4,0.29,0.4,1.3,0.333,0.6,2.1,0.263,0.355,0.7,0.7,1,0,0.8,0.8,1,0.3,0,0.8,0.4,3.1,93,5.2,0.416,0.387,0.194,0,8.4,4,12.7,1.6,0,17.2,18.4,-0.2,0,-0.1,-0.062,-5.7,-2.9,-8.7,-0.2
2007/2008,55630000,66059550.23,427163,#N/A,#N/A,TOT,#N/A,#N/A,#N/A,#N/A,#N/A,#N/A,#N/A,#N/A,#N/A,Larry Hughes,PG-SG,29,12000084,14752618,68,57,29.7,4.5,11.8,0.381,1,2.9,0.345,3.5,8.9,0.392,0.423,2.2,2.8,0.798,0.6,2.8,3.4,2.7,1.5,0.3,1.7,2,12.2,2020,11.9,0.468,0.242,0.235,2.1,11.1,6.5,15.1,2.6,0.7,11.6,22.2,-0.5,2.3,1.8,0.042,-1.9,-0.2,-2.1,-0.1
2007/2008,55630000,66059550.23,427163,Cleveland Cavaliers,6,CLE,Ohio,East,Central,45,37,0.549,96.4,96.7,-0.53,Larry Hughes,PG,29,12000084,14752618,40,32,30.3,4.5,12,0.377,1.1,3.2,0.341,3.4,8.8,0.389,0.422,2.2,2.7,0.815,0.7,2.9,3.6,2.4,1.5,0.3,1.8,2.3,12.3,1210,11.6,0.467,0.264,0.226,2.5,11.3,6.7,13.1,2.6,0.7,12,22.4,-0.4,1.5,1.1,0.042,-2.2,-0.1,-2.3,-0.1
2007/2008,55630000,66059550.23,427163,Chicago Bulls,5,CHI,Illinois,East,Central,33,49,0.402,97.3,100.4,-3.19,Larry Hughes,SG,29,12000084,14752618,28,25,28.9,4.5,11.5,0.387,0.9,2.4,0.353,3.6,9.1,0.396,0.424,2.2,2.9,0.775,0.4,2.7,3.1,3.1,1.4,0.2,1.6,1.7,12,810,12.4,0.469,0.211,0.248,1.6,10.8,6.1,17.9,2.5,0.6,10.9,22,-0.1,0.8,0.7,0.043,-1.5,-0.3,-1.9,0
2007/2008,55630000,66059550.23,427163,Toronto Raptors,28,TOR,Ontario,East,Atlantic,41,41,0.5,100.2,97.3,2.47,Kris Humphries,PF,22,2522913,3101609,70,0,13.2,2.3,4.8,0.483,0,0,0,2.3,4.7,0.486,0.483,1.1,1.8,0.605,1.3,2.4,3.7,0.4,0.4,0.4,0.7,1.5,5.7,925,15.7,0.512,0.006,0.372,11.4,21.8,16.6,4.9,1.4,2.5,10.8,22.1,0.6,1.3,1.8,0.096,-2.8,-0.3,-3.2,-0.3
2007/2008,55630000,66059550.23,427163,Detroit Pistons,9,DET,Michigan,East,Central,59,23,0.72,97.5,90.1,6.67,Lindsey Hunter,PG,37,2250000,2766096,24,0,9,0.9,2.7,0.344,0.3,1.1,0.269,0.6,1.6,0.395,0.398,0.3,0.4,0.778,0.2,0.4,0.5,1.4,0.5,0.1,0.5,1.3,2.4,215,8.8,0.427,0.406,0.141,2.2,5,3.6,23.3,3.3,0.7,16.1,17.7,-0.1,0.3,0.2,0.048,-2.4,-0.3,-2.7,0
2007/2008,55630000,66059550.23,427163,Denver Nuggets,8,DEN,Colorado,West,Northwest,50,32,0.61,110.7,107,3.74,Steven Hunter,C,26,3248000,3993014,19,2,6.3,0.8,1.5,0.536,0,0,,0.8,1.5,0.536,0.536,0.5,1.1,0.45,0.5,1,1.5,0,0,0.3,0.4,1.1,2.1,120,8.6,0.53,0,0.714,9.2,16.8,13.1,0,0,3.6,16,15.5,0,0.1,0.1,0.043,-6.6,-3.8,-10.4,-0.3
2007/2008,55630000,66059550.23,427163,Philadelphia 76ers,23,PHI,Pennsylvania,East,Atlantic,40,42,0.488,96.6,96.2,0.19,Andre Iguodala,SF,24,2804889,3448263,82,82,39.5,7.1,15.6,0.456,1.2,3.7,0.329,5.9,11.8,0.496,0.495,4.5,6.2,0.721,1,4.4,5.4,4.8,2.1,0.6,2.6,2.3,19.9,3242,19,0.543,0.24,0.396,3.1,13.4,8.2,20.3,2.8,1.2,12.5,23.8,5.3,4.4,9.6,0.143,2.9,1.5,4.3,5.2
2007/2008,55630000,66059550.23,427163,Cleveland Cavaliers,6,CLE,Ohio,East,Central,45,37,0.549,96.4,96.7,-0.53,Zydrunas Ilgauskas,C,32,10142156,12468525,73,73,30.4,5.7,12,0.474,0,0,0,5.7,12,0.475,0.474,2.7,3.3,0.802,3.6,5.7,9.3,1.4,0.5,1.6,1.8,3.4,14.1,2222,18.7,0.522,0.001,0.276,13.1,22.2,17.5,8.5,0.8,4.3,12,22.9,2.9,3.2,6.1,0.131,-1.3,1.2,-0.1,1.1
2007/2008,55630000,66059550.23,427163,#N/A,#N/A,TOT,#N/A,#N/A,#N/A,#N/A,#N/A,#N/A,#N/A,#N/A,#N/A,Didier Ilunga-Mbenga,C,27,2483569,3053240,42,0,7.8,0.9,2,0.464,0,0,,0.9,2,0.464,0.464,0.1,0.3,0.417,0.7,1,1.7,0.2,0.2,0.6,0.3,1.7,2,326,9.4,0.465,0,0.143,9.4,14.7,12.1,4.3,1.1,5.8,11.8,13.5,0,0.4,0.4,0.066,-4.3,1.7,-2.6,0
2007/2008,55630000,66059550.23,427163,Golden State Warriors,10,GSW,California,West,Pacific,48,34,0.585,111,108.8,2.38,Didier Ilunga-Mbenga,C,27,2483569,3053240,16,0,8.1,0.6,1.4,0.391,0,0,,0.6,1.4,0.391,0.391,0.1,0.1,0.5,0.8,1.1,1.9,0.3,0.2,0.6,0.3,2,1.2,130,6.7,0.398,0,0.087,10.3,15.4,12.8,3.9,1.1,5.6,14.3,9,0,0.1,0.1,0.048,-4.7,2.3,-2.4,0
2007/2008,55630000,66059550.23,427163,Los Angeles Lakers,14,LAL,California,West,Pacific,57,25,0.695,108.6,101.3,7.34,Didier Ilunga-Mbenga,C,27,2483569,3053240,26,0,7.5,1.2,2.3,0.492,0,0,,1.2,2.3,0.492,0.492,0.2,0.4,0.4,0.6,1,1.6,0.2,0.2,0.6,0.3,1.5,2.5,196,11.2,0.489,0,0.164,8.9,14.1,11.6,4.6,1,5.9,10.9,16.5,0,0.3,0.3,0.078,-4.1,1.3,-2.7,0
2007/2008,55630000,66059550.23,427163,Denver Nuggets,8,DEN,Colorado,West,Northwest,50,32,0.61,110.7,107,3.74,Allen Iverson,SG,32,19012500,23373515,82,82,41.8,8.7,19,0.458,1.2,3.4,0.345,7.5,15.6,0.482,0.488,7.9,9.7,0.809,0.6,2.4,3,7.1,2,0.1,3,1.3,26.4,3424,20.9,0.567,0.177,0.512,1.5,6.1,3.8,27.4,2.2,0.2,11.4,26.7,8.9,2.8,11.6,0.163,3.5,-1.9,1.6,3.1
2007/2008,55630000,66059550.23,427163,Milwaukee Bucks,17,MIL,Wisconsin,East,Central,26,56,0.317,97,103.9,-6.92,Royal Ivey,PG,26,826046,1015521,75,20,19.2,2,5,0.394,0.5,1.4,0.327,1.5,3.6,0.421,0.44,1.1,1.6,0.726,0.5,1.1,1.6,2.1,0.6,0.1,1,2.2,5.6,1437,8.8,0.487,0.283,0.31,3,6.8,4.8,16.9,1.6,0.4,14.9,15.8,0.4,0.2,0.5,0.018,-2,-2.4,-4.4,-0.9
2007/2008,55630000,66059550.23,427163,Portland Trail Blazers,25,POR,Oregon,West,Northwest,41,41,0.5,95.4,96.3,-0.52,Jarrett Jack,SG,24,1217400,1496642,82,16,27.2,3.3,7.6,0.431,0.8,2.3,0.342,2.5,5.2,0.47,0.483,2.6,3,0.867,0.4,2.5,2.9,3.8,0.7,0,2.2,1.6,9.9,2229,13,0.558,0.306,0.4,1.6,10.7,6.2,22.7,1.5,0,19.6,19.3,1.6,1.5,3.2,0.069,-0.2,-0.6,-0.8,0.7
2007/2008,55630000,66059550.23,427163,#N/A,#N/A,TOT,#N/A,#N/A,#N/A,#N/A,#N/A,#N/A,#N/A,#N/A,#N/A,Bobby Jackson,SG-PG,34,5670000,6970563,72,5,19.3,2.8,7,0.403,1.1,3.1,0.358,1.7,3.9,0.439,0.483,0.9,1.1,0.79,0.5,2.1,2.5,1.9,0.6,0.1,0.8,1.3,7.7,1389,13.5,0.51,0.447,0.16,2.7,12.4,7.5,15.9,1.7,0.3,9.8,20,1.3,1.7,3,0.105,0.3,-0.4,-0.1,0.7
2007/2008,55630000,66059550.23,427163,New Orleans Hornets,19,NOH,Louisiana,West,Southwest,56,26,0.683,100.9,95.6,5.46,Bobby Jackson,SG,34,5670000,6970563,46,0,19.4,2.5,6.4,0.392,1.2,3.1,0.368,1.4,3.3,0.414,0.481,0.9,1.1,0.816,0.5,1.9,2.4,1.7,0.7,0.1,0.7,1.3,7.1,891,12.9,0.512,0.486,0.166,2.9,11.7,7.2,12.8,1.9,0.3,8.9,18.2,0.9,1,1.9,0.1,0.4,-0.3,0.1,0.5
2007/2008,55630000,66059550.23,427163,Houston Rockets,11,HOU,Texas,West,Southwest,55,27,0.671,96.7,92,4.83,Bobby Jackson,PG,34,5670000,6970563,26,5,19.2,3.4,8.1,0.419,1.1,3.2,0.341,2.3,4.9,0.469,0.486,0.9,1.2,0.75,0.4,2.3,2.7,2.4,0.5,0.1,1.1,1.4,8.8,498,14.6,0.509,0.39,0.152,2.3,13.6,8,21.7,1.4,0.3,11.1,23.1,0.4,0.8,1.2,0.114,0.2,-0.5,-0.3,0.2
2007/2008,55630000,66059550.23,427163,Miami Heat,16,MIA,Florida,East,Southeast,15,67,0.183,91.4,100,-8.53,Luke Jackson,SF,26,279415,343506,14,1,16.3,1.9,5.7,0.325,0.8,2.1,0.367,1.1,3.6,0.3,0.394,1.1,1.6,0.696,0.5,1.9,2.4,1.2,0.6,0,0.6,1.6,5.6,228,9.1,0.438,0.375,0.288,3.6,13.9,8.7,12.6,1.9,0,9.1,20.6,-0.2,0.2,0,-0.004,-3.1,-1.9,-5,-0.2
2007/2008,55630000,66059550.23,427163,Golden State Warriors,10,GSW,California,West,Pacific,48,34,0.585,111,108.8,2.38,Stephen Jackson,SF,29,6630000,8150764,73,73,39.1,6.7,16.5,0.405,2.5,6.9,0.363,4.2,9.6,0.435,0.481,4.2,5.1,0.832,0.9,3.4,4.4,4.1,1.3,0.4,2.7,2.3,20.1,2855,14.9,0.536,0.416,0.307,2.4,9.8,6,15.2,1.6,0.7,12.6,23.1,3.2,1.4,4.6,0.077,1.5,-1.4,0.1,1.5
2007/2008,55630000,66059550.23,427163,Memphis Grizzlies,15,MEM,Tennessee,West,Southwest,22,60,0.268,100.7,106.9,-5.76,Casey Jacobsen,SG,26,826269,1015795,53,0,10.3,0.7,2.2,0.339,0.3,1.4,0.222,0.4,0.8,0.535,0.409,0.2,0.3,0.765,0.2,1,1.2,0.4,0.1,0,0.3,0.6,2,547,4.5,0.437,0.626,0.148,2.4,11,6.7,5.2,0.5,0.1,11.6,11.3,-0.3,0,-0.3,-0.023,-3.8,-2.2,-6.1,-0.6
2007/2008,55630000,66059550.23,427163,New York Knicks,20,NYK,New York,East,Atlantic,23,59,0.28,96.9,103.5,-6.55,Jerome James,C,32,5800000,7130382,2,0,2.5,0.5,0.5,1,0,0,,0.5,0.5,1,1,1,1,1,0,1.5,1.5,0,0,0,0,0,2,5,45.3,1.064,0,2,0,70.6,34.2,0,0,0,0,16.9,0.1,0,0.1,0.613,1.9,-9.5,-7.6,0
2007/2008,55630000,66059550.23,427163,Cleveland Cavaliers,6,CLE,Ohio,East,Central,45,37,0.549,96.4,96.7,-0.53,LeBron James,SF,23,13041250,16032602,75,74,40.4,10.6,21.9,0.484,1.5,4.8,0.315,9.1,17.1,0.531,0.518,7.3,10.3,0.712,1.8,6.1,7.9,7.2,1.8,1.1,3.4,2.2,30,3027,29.1,0.568,0.219,0.47,4.9,17.8,11.1,37.3,2.4,2.1,11.4,33.5,10.7,4.6,15.2,0.242,9,2.3,11.2,10.1
2007/2008,55630000,66059550.23,427163,#N/A,#N/A,TOT,#N/A,#N/A,#N/A,#N/A,#N/A,#N/A,#N/A,#N/A,#N/A,Mike James,PG,32,5632200,6924092,54,1,13.3,1.9,5.4,0.348,0.6,1.8,0.32,1.3,3.6,0.363,0.402,0.7,0.9,0.813,0.3,1,1.3,1.1,0.4,0,0.7,1,5,720,8.6,0.437,0.334,0.166,2.2,8.7,5.5,13.4,1.6,0.2,10.4,22.1,-0.5,0.9,0.3,0.023,-3.4,-1.4,-4.8,-0.5
2007/2008,55630000,66059550.23,427163,Houston Rockets,11,HOU,Texas,West,Southwest,55,27,0.671,96.7,92,4.83,Mike James,PG,32,5632200,6924092,33,1,16.3,2.4,6.8,0.35,0.7,2.2,0.324,1.7,4.6,0.362,0.403,1,1.3,0.786,0.3,1.2,1.6,1.6,0.5,0.1,0.9,1.3,6.5,537,9.6,0.44,0.327,0.186,2.3,8.5,5.5,16.4,1.7,0.3,10.6,23.3,-0.3,0.7,0.4,0.037,-3,-1.1,-4,-0.3
2007/2008,55630000,66059550.23,427163,New Orleans Hornets,19,NOH,Louisiana,West,Southwest,56,26,0.683,100.9,95.6,5.46,Mike James,PG,32,5632200,6924092,21,0,8.7,1,3,0.344,0.3,1.1,0.304,0.7,2,0.366,0.398,0.3,0.3,1,0.1,0.7,0.8,0.3,0.2,0,0.3,0.6,2.7,183,5.7,0.428,0.359,0.094,1.9,9.2,5.4,4.8,1.2,0,9.5,18.7,-0.2,0.1,-0.1,-0.018,-4.8,-2.3,-7.1,-0.2
2007/2008,55630000,66059550.23,427163,Washington Wizards,30,WAS,Washington DC,East,Southeast,43,39,0.524,98.8,99.2,-0.61,Antawn Jamison,PF,31,16360094,20112710,79,79,38.7,7.8,17.9,0.436,1.5,4.5,0.339,6.3,13.5,0.468,0.478,4.2,5.5,0.76,2.7,7.5,10.2,1.5,1.3,0.4,1.4,2.5,21.4,3061,20.3,0.525,0.25,0.309,8,23.3,15.4,7.2,1.9,0.9,6.6,25.9,6,3.2,9.2,0.144,1.8,-1.4,0.3,1.8
2007/2008,55630000,66059550.23,427163,Minnesota Timberwolves,18,MIN,Minnesota,West,Northwest,22,60,0.268,95.6,102.4,-6.26,Marko Jaric,SG,29,6050000,7437726,75,56,29.2,3,7,0.43,0.6,1.7,0.362,2.4,5.3,0.451,0.473,1.6,2.2,0.742,0.5,2.5,3,4.1,1.3,0.4,1.7,2.4,8.3,2189,12.1,0.518,0.241,0.309,2,10.1,5.9,21,2.3,1.2,17.6,15,1.1,1.3,2.4,0.053,-0.9,0.3,-0.6,0.8
2007/2008,55630000,66059550.23,427163,Minnesota Timberwolves,18,MIN,Minnesota,West,Northwest,22,60,0.268,95.6,102.4,-6.26,Al Jefferson,C,23,2480885,3049941,82,82,35.6,8.8,17.6,0.5,0,0.1,0,8.8,17.5,0.502,0.5,3.5,4.8,0.721,3.8,7.4,11.1,1.4,0.9,1.5,2,2.7,21,2919,22.7,0.535,0.003,0.273,11.9,24.7,18.1,7.5,1.3,3.2,9.4,27.5,4.8,2.9,7.7,0.127,0.6,-0.3,0.3,1.7
2007/2008,55630000,66059550.23,427163,New Jersey Nets,3,NJN,New Jersey,East,Atlantic,34,48,0.415,95.8,100.9,-5.15,Richard Jefferson,SF,27,12200000,14998390,82,82,39,7.5,16.2,0.466,0.9,2.6,0.362,6.6,13.6,0.486,0.495,6.6,8.3,0.798,1.1,3,4.2,3.1,0.9,0.3,2.4,2.7,22.6,3200,17.4,0.571,0.16,0.511,3.4,9,6.2,15,1.2,0.5,10.9,26.1,6.1,1.5,7.6,0.114,2,-2,0,1.6
2007/2008,55630000,66059550.23,427163,New York Knicks,20,NYK,New York,East,Atlantic,23,59,0.28,96.9,103.5,-6.55,Jared Jeffries,SF,26,5632200,6924092,73,19,18.2,1.5,3.7,0.4,0.1,0.3,0.16,1.4,3.4,0.424,0.407,0.7,1.3,0.527,1.6,1.7,3.3,0.9,0.5,0.3,0.9,1.8,3.7,1325,7.9,0.433,0.093,0.344,9.8,11.1,10.4,7.5,1.4,1.3,17.1,12.7,-0.5,0.6,0.1,0.002,-3.3,0.4,-2.8,-0.3
2007/2008,55630000,66059550.23,427163,Milwaukee Bucks,17,MIL,Wisconsin,East,Central,26,56,0.317,97,103.9,-6.92,Yi Jianlian,PF,20,2777760,3414912,66,49,25,3.3,7.9,0.421,0.1,0.3,0.286,3.2,7.6,0.427,0.427,1.8,2.2,0.841,1.6,3.6,5.2,0.8,0.5,0.8,1.4,2.3,8.6,1647,11.3,0.485,0.04,0.279,7.3,17.7,12.3,5.3,1.1,2.7,13.4,18.4,-0.1,0.9,0.7,0.022,-3.9,-0.7,-4.6,-1.1
2007/2008,55630000,66059550.23,427163,Miami Heat,16,MIA,Florida,East,Southeast,15,67,0.183,91.4,100,-8.53,Alexander Johnson,PF,24,687456,845142,43,6,12.8,1.4,2.9,0.488,0,0,,1.4,2.9,0.488,0.488,1.3,1.9,0.687,0.7,1.4,2.2,0.3,0.3,0.2,1,1.9,4.2,549,8.9,0.554,0,0.664,6.9,13.7,10.3,4,1.3,1.5,20.6,17.6,-0.1,0.4,0.2,0.019,-5.2,-1.2,-6.4,-0.6
2007/2008,55630000,66059550.23,427163,Detroit Pistons,9,DET,Michigan,East,Central,59,23,0.72,97.5,90.1,6.67,Amir Johnson,PF,20,3666666,4507712,62,0,12.3,1.5,2.7,0.558,0,0,,1.5,2.7,0.558,0.558,0.6,0.9,0.673,1.4,2.4,3.8,0.5,0.4,1.3,0.6,2.3,3.6,764,17.5,0.584,0,0.333,13.5,23.2,18.4,5.9,1.7,8.5,17.1,14.1,1.1,1.9,3,0.19,-1.4,5.7,4.3,1.2
2007/2008,55630000,66059550.23,427163,#N/A,#N/A,TOT,#N/A,#N/A,#N/A,#N/A,#N/A,#N/A,#N/A,#N/A,#N/A,Anthony Johnson,PG,33,2860000,3516016,69,52,22.2,2.2,5.1,0.437,0.6,1.3,0.452,1.6,3.8,0.431,0.496,0.5,0.6,0.814,0.3,1.7,2,3.8,0.8,0.1,1.2,1.7,5.6,1531,11.2,0.517,0.262,0.121,1.7,8.7,5.2,26.3,1.8,0.4,18.3,13.5,1.1,0.9,2,0.061,-1.3,-1.7,-3,-0.4
2007/2008,55630000,66059550.23,427163,Atlanta Hawks,1,ATL,Georgia,East,Southeast,37,45,0.451,98.2,100,-2.23,Anthony Johnson,PG,33,2860000,3516016,42,41,26.7,2.7,6.4,0.431,0.6,1.5,0.429,2.1,4.9,0.431,0.481,0.6,0.8,0.813,0.4,1.9,2.3,4.8,1,0.2,1.2,2,6.7,1121,12,0.503,0.236,0.12,1.8,8.4,5.1,27.9,2,0.5,15.1,13.4,1.1,0.7,1.8,0.077,-0.8,-1.5,-2.3,-0.1
2007/2008,55630000,66059550.23,427163,Sacramento Kings,26,SAC,California,West,Pacific,38,44,0.463,102.5,104.8,-1.86,Anthony Johnson,PG,33,2860000,3516016,27,11,15.2,1.5,3.3,0.455,0.6,1.1,0.5,0.9,2.1,0.431,0.54,0.3,0.4,0.818,0.2,1.3,1.4,2.2,0.4,0,1.3,1.1,3.9,410,8.9,0.56,0.341,0.125,1.5,9.6,5.6,21.9,1.2,0.2,26.8,13.8,0,0.1,0.2,0.02,-2.6,-2.4,-5,-0.3
2007/2008,55630000,66059550.23,427163,San Antonio Spurs,27,SAS,Texas,West,Southwest,56,26,0.683,95.4,90.6,5.1,DerMarr Johnson,SF,27,42203,51883,5,0,5.6,1.4,2.8,0.5,0.6,1.8,0.333,0.8,1,0.8,0.607,0,0.4,0,0,0.2,0.2,0.2,0.2,0,0,0.8,3.4,28,17.3,0.571,0.643,0.143,0,4.2,2.1,7.2,1.9,0,0,25.5,0,0,0.1,0.143,3.9,-4.3,-0.4,0
2007/2008,55630000,66059550.23,427163,Atlanta Hawks,1,ATL,Georgia,East,Southeast,37,45,0.451,98.2,100,-2.23,Joe Johnson,SG,26,13488377,16582290,82,82,40.8,7.9,18.3,0.432,2.1,5.4,0.381,5.8,12.8,0.454,0.489,3.9,4.6,0.834,1,3.5,4.5,5.8,1,0.2,2.7,2,21.7,3343,17.3,0.535,0.297,0.253,2.9,9.9,6.4,25.5,1.3,0.4,11.8,25.6,5.3,1.7,7,0.1,3.1,-1.9,1.1,2.7
2007/2008,55630000,66059550.23,427163,#N/A,#N/A,TOT,#N/A,#N/A,#N/A,#N/A,#N/A,#N/A,#N/A,#N/A,#N/A,Linton Johnson,PF,27,283953,349085,8,0,7.9,1.1,2.4,0.474,0.1,0.4,0.333,1,2,0.5,0.5,0.3,0.3,1,0.6,1.1,1.8,0.5,0,0.1,0.6,1.4,2.6,63,8.2,0.528,0.158,0.105,9.8,15.2,12.6,9.2,0,1,20.1,18,0,0,0,0.024,-3.1,-1.8,-5,0
2007/2008,55630000,66059550.23,427163,Phoenix Suns,24,PHO,Arizona,West,Pacific,55,27,0.671,110.1,105,5.14,Linton Johnson,PF,27,283953,349085,6,0,8.8,1.2,2.3,0.5,0.2,0.3,0.5,1,2,0.5,0.536,0,0,,0.8,1.3,2.2,0.5,0,0.2,0.3,1.7,2.5,53,9.5,0.536,0.143,0,11.6,15.8,13.9,7.8,0,1.2,12.5,13.5,0.1,0,0.1,0.087,-1.3,-1.3,-2.6,0
2007/2008,55630000,66059550.23,427163,Toronto Raptors,28,TOR,Ontario,East,Atlantic,41,41,0.5,100.2,97.3,2.47,Linton Johnson,PF,27,283953,349085,2,0,5,1,2.5,0.4,0,0.5,0,1,2,0.5,0.4,1,1,1,0,0.5,0.5,0.5,0,0,1.5,0.5,3,10,1.1,0.51,0.2,0.4,0,11.9,5.9,16.8,0,0,33.8,41.9,-0.1,0,-0.1,-0.308,-12.8,-4.9,-17.7,0
2007/2008,55630000,66059550.23,427163,#N/A,#N/A,TOT,#N/A,#N/A,#N/A,#N/A,#N/A,#N/A,#N/A,#N/A,#N/A,Bobby Jones,SF,24,773388,950784,47,2,11.3,1.3,3,0.429,0.4,1.1,0.34,0.9,1.9,0.483,0.493,0.9,1.1,0.784,0.6,1.3,2,0.6,0.3,0.1,0.6,1.8,3.8,531,9.9,0.548,0.379,0.364,6.2,13.3,9.8,7.9,1.4,0.4,14.7,15.9,0.4,0.4,0.8,0.07,-1.7,-1.5,-3.1,-0.2
2007/2008,55630000,66059550.23,427163,Denver Nuggets,8,DEN,Colorado,West,Northwest,50,32,0.61,110.7,107,3.74,Bobby Jones,SF,24,773388,950784,25,0,8.9,1,2.6,0.406,0.4,0.9,0.391,0.7,1.6,0.415,0.477,0.9,1.1,0.821,0.4,1.1,1.5,0.4,0.2,0,0.6,1.8,3.4,222,8.5,0.55,0.359,0.438,5.5,12.9,9.3,6.9,1.1,0.3,15.5,17.3,0.1,0.2,0.3,0.071,-2.2,-2.2,-4.4,-0.1
2007/2008,55630000,66059550.23,427163,Memphis Grizzlies,15,MEM,Tennessee,West,Southwest,22,60,0.268,100.7,106.9,-5.76,Bobby Jones,SF,24,773388,950784,9,2,15.2,1.6,4,0.389,0.3,1.4,0.231,1.2,2.6,0.478,0.431,1,1.1,0.9,1.1,1.9,3,1.2,0.6,0.2,0.6,1.9,4.4,137,12.1,0.495,0.361,0.278,8.1,14,11,12,1.8,1.1,11,14.7,0.1,0.1,0.2,0.079,-0.6,-0.2,-0.9,0
2007/2008,55630000,66059550.23,427163,Houston Rockets,11,HOU,Texas,West,Southwest,55,27,0.671,96.7,92,4.83,Bobby Jones,SF,24,773388,950784,4,0,2.3,0.5,1,0.5,0,0,,0.5,1,0.5,0.5,0,0,,0,0.3,0.3,0,0.3,0,0.3,0.8,1,9,5.9,0.5,0,0,0,12.3,6.3,0,5.9,0,20,25.4,0,0,0,-0.018,-9.2,-0.1,-9.3,0
2007/2008,55630000,66059550.23,427163,Miami Heat,16,MIA,Florida,East,Southeast,15,67,0.183,91.4,100,-8.53,Bobby Jones,SF,24,773388,950784,6,0,23.8,2.8,5.3,0.531,1,2.5,0.4,1.8,2.8,0.647,0.625,1.3,2.2,0.615,1.3,2.7,4,0.8,0.3,0,1.2,3,8,143,11.2,0.636,0.469,0.406,6.6,13.6,10.1,5.9,0.7,0,15.7,14.8,0.2,0.1,0.2,0.08,-0.6,-2.3,-2.9,0
2007/2008,55630000,66059550.23,427163,San Antonio Spurs,27,SAS,Texas,West,Southwest,56,26,0.683,95.4,90.6,5.1,Bobby Jones,SF,24,773388,950784,3,0,6.7,0.3,1.3,0.25,0,0.7,0,0.3,0.7,0.5,0.25,0,0,,0,0.7,0.7,0.3,0.7,0,0.3,0.3,0.7,20,3.4,0.25,0.5,0,0,11.6,5.9,7.2,5.4,0,20,12,-0.1,0,0,-0.042,-7.6,4.4,-3.2,0
2007/2008,55630000,66059550.23,427163,Sacramento Kings,26,SAC,California,West,Pacific,38,44,0.463,102.5,104.8,-1.86,Dahntay Jones,SG,27,753767,926663,25,0,8.2,0.9,2.1,0.434,0,0.2,0.167,0.9,1.9,0.468,0.443,1.4,2,0.667,0.3,1.1,1.4,0.5,0.3,0.2,0.4,1.1,3.2,206,13.5,0.537,0.113,0.962,4.1,15.7,10,8.9,2,2.3,11.7,18.5,0.2,0.2,0.4,0.096,-2.5,-0.5,-3,-0.1
2007/2008,55630000,66059550.23,427163,Cleveland Cavaliers,6,CLE,Ohio,East,Central,45,37,0.549,96.4,96.7,-0.53,Damon Jones,SG,31,4172432,5129488,67,3,19.9,2.3,5.4,0.416,1.7,4.1,0.417,0.5,1.3,0.414,0.574,0.3,0.4,0.714,0.1,1,1.1,1.9,0.3,0,0.5,1,6.5,1336,11.3,0.582,0.76,0.077,0.4,5.9,3.1,15.1,0.8,0.1,8.8,14,2.4,0.7,3,0.108,0.9,-3.1,-2.2,-0.1
2007/2008,55630000,66059550.23,427163,Cleveland Cavaliers,6,CLE,Ohio,East,Central,45,37,0.549,96.4,96.7,-0.53,Dwayne Jones,PF,24,770610,947369,56,0,8.4,0.4,0.8,0.532,0,0,0,0.4,0.8,0.543,0.532,0.5,1,0.483,1.2,1.3,2.5,0.2,0.2,0.4,0.3,1.6,1.4,472,11.1,0.538,0.021,1.234,16.2,17.7,16.9,3.1,1.1,4.2,19,8.6,0.5,0.7,1.2,0.121,-2.9,1.6,-1.2,0.1
2007/2008,55630000,66059550.23,427163,Dallas Mavericks,7,DAL,Texas,West,Southwest,51,31,0.622,100.4,95.9,4.7,Eddie Jones,SG,36,1830000,2249758,47,33,19.6,1.4,3.8,0.367,0.7,2.5,0.293,0.7,1.4,0.5,0.461,0.2,0.3,0.714,0.4,2.4,2.8,1.5,0.6,0.2,0.6,1.5,3.7,922,7.6,0.473,0.644,0.078,2.3,13.8,8.3,10.8,1.5,0.6,13.5,10.9,0.1,1,1.1,0.058,-1.3,1.1,-0.3,0.4
2007/2008,55630000,66059550.23,427163,New York Knicks,20,NYK,New York,East,Atlantic,23,59,0.28,96.9,103.5,-6.55,Fred Jones,SG,28,3300000,4056941,70,26,25.1,2.6,6.2,0.421,1.1,2.7,0.385,1.5,3.4,0.45,0.507,1.3,1.8,0.746,0.4,2,2.4,2.4,0.7,0.3,1.1,2,7.6,1757,10.9,0.546,0.444,0.292,1.9,9.4,5.5,14.7,1.4,0.8,13.8,14.4,1.7,0.6,2.2,0.061,-0.3,-0.9,-1.2,0.4
2007/2008,55630000,66059550.23,427163,Portland Trail Blazers,25,POR,Oregon,West,Northwest,41,41,0.5,95.4,96.3,-0.52,James Jones,SF,27,2900000,3565191,58,3,22,2.5,5.6,0.437,1.6,3.5,0.444,0.9,2.1,0.426,0.576,1.5,1.7,0.878,0.7,2,2.8,0.6,0.4,0.3,0.5,1.7,8,1276,13.6,0.625,0.627,0.3,4,10.8,7.4,4.3,1,0.9,7,14.8,2.9,0.8,3.7,0.139,2.2,-1,1.2,1
2007/2008,55630000,66059550.23,427163,Atlanta Hawks,1,ATL,Georgia,East,Southeast,37,45,0.451,98.2,100,-2.23,Solomon Jones,PF,23,729000,896215,35,0,4.1,0.3,0.9,0.4,0,0.1,0,0.3,0.8,0.429,0.4,0.3,0.6,0.55,0.5,0.7,1.2,0,0.1,0.1,0.3,0.8,1,145,6.8,0.451,0.067,0.667,15.3,18.4,16.9,0,1.1,2.6,22.1,15.6,-0.1,0.1,0,0,-7.3,-4.3,-11.5,-0.3
2007/2008,55630000,66059550.23,427163,Los Angeles Clippers,13,LAC,California,West,Pacific,23,59,0.28,93.8,101.1,-6.56,Chris Kaman,C,25,8600000,10572635,56,55,37.2,6,12.5,0.483,0,0.1,0,6,12.4,0.486,0.483,3.6,4.7,0.762,3.1,9.6,12.7,1.9,0.6,2.8,2.9,3.2,15.7,2083,17.5,0.538,0.006,0.379,9.5,30,19.7,9.3,0.8,5.6,16.7,21.7,0.4,3.2,3.6,0.083,-2.9,3.2,0.4,1.2
2007/2008,55630000,66059550.23,427163,Toronto Raptors,28,TOR,Ontario,East,Atlantic,41,41,0.5,100.2,97.3,2.47,Jason Kapono,SF,26,5356000,6584539,81,7,18.9,3,6.1,0.488,0.7,1.5,0.483,2.3,4.7,0.489,0.545,0.5,0.5,0.86,0.4,1.1,1.5,0.8,0.4,0,0.7,1.6,7.2,1530,10.8,0.561,0.237,0.086,2.4,6.9,4.6,6.7,1.2,0.1,10.1,17.7,1,0.9,1.9,0.06,-0.8,-1.5,-2.3,-0.1
2007/2008,55630000,66059550.23,427163,Los Angeles Lakers,14,LAL,California,West,Pacific,57,25,0.695,108.6,101.3,7.34,Coby Karl,SG,24,427163,525144,17,0,4.2,0.5,1.5,0.346,0.2,0.8,0.308,0.3,0.8,0.385,0.423,0.5,0.6,0.8,0.2,0.6,0.8,0.5,0.2,0.1,0.3,0.2,1.8,71,15.8,0.493,0.5,0.385,4.9,16.5,10.9,18.3,2.8,2,14.1,22,0,0.1,0.2,0.106,-0.5,0.4,-0.1,0
2007/2008,55630000,66059550.23,427163,Chicago Bulls,5,CHI,Illinois,East,Central,33,49,0.402,97.3,100.4,-3.19,Viktor Khryapa,PF,25,1928598,2370972,9,0,11.7,1.3,3.4,0.387,0,0.1,0,1.3,3.3,0.4,0.387,0.9,1.6,0.571,0.7,1.6,2.2,0.9,0.7,0,0.7,1.2,3.6,105,9.7,0.431,0.032,0.452,6.2,15.6,10.7,11.9,2.9,0,13.9,18.2,-0.1,0.1,0,0.02,-4.5,0.3,-4.2,-0.1
2007/2008,55630000,66059550.23,427163,#N/A,#N/A,TOT,#N/A,#N/A,#N/A,#N/A,#N/A,#N/A,#N/A,#N/A,#N/A,Jason Kidd,PG,34,19728000,24253134,80,80,36.3,3.8,9.9,0.385,1.5,3.9,0.381,2.3,6,0.387,0.46,1.7,2.1,0.818,1.2,6.3,7.5,10.1,1.7,0.3,3.3,2.1,10.8,2906,16.7,0.499,0.393,0.208,3.8,20,12,44,2.5,0.7,23.5,17.9,2,3.8,5.9,0.097,1.2,1.6,2.8,3.5
2007/2008,55630000,66059550.23,427163,New Jersey Nets,3,NJN,New Jersey,East,Atlantic,34,48,0.415,95.8,100.9,-5.15,Jason Kidd,PG,34,19728000,24253134,51,51,37.2,3.9,10.8,0.366,1.6,4.6,0.356,2.3,6.1,0.374,0.443,1.8,2.2,0.82,1.1,6.9,8.1,10.4,1.5,0.3,3.6,1.8,11.3,1895,15.7,0.483,0.43,0.202,3.5,21.7,12.6,45.5,2,0.6,23.6,18.9,0.4,2.1,2.5,0.064,0.5,1,1.5,1.7
2007/2008,55630000,66059550.23,427163,Dallas Mavericks,7,DAL,Texas,West,Southwest,51,31,0.622,100.4,95.9,4.7,Jason Kidd,PG,34,19728000,24253134,29,29,34.9,3.6,8.4,0.426,1.2,2.6,0.461,2.4,5.8,0.411,0.498,1.5,1.9,0.815,1.2,5.2,6.5,9.5,2.1,0.4,2.8,2.6,9.9,1011,18.4,0.536,0.311,0.221,4.3,16.8,10.7,41.1,3.3,0.8,23.2,16.1,1.6,1.7,3.3,0.157,2.4,2.6,5.1,1.8
2007/2008,55630000,66059550.23,427163,Memphis Grizzlies,15,MEM,Tennessee,West,Southwest,22,60,0.268,100.7,106.9,-5.76,Tarence Kinsey,SG,23,219533,269888,11,0,8.7,1.5,3.5,0.421,0.3,0.6,0.429,1.2,2.8,0.419,0.461,0.5,0.5,0.833,0.3,0.8,1.1,0.2,0.3,0,0.3,1,3.6,96,10.3,0.492,0.184,0.158,3.5,10.6,7,3.4,1.6,0,6.9,20.2,0,0,0,0.02,-3.5,-3.7,-7.2,-0.1
2007/2008,55630000,66059550.23,427163,Utah Jazz,29,UTA,Utah,West,Northwest,54,28,0.659,106.2,99.3,6.86,Andrei Kirilenko,SF,26,13735000,16885482,72,72,30.8,3.8,7.6,0.506,0.6,1.6,0.379,3.2,5.9,0.54,0.546,2.8,3.6,0.77,1.7,3,4.7,4,1.2,1.5,1.9,2.3,11,2217,17.2,0.603,0.213,0.472,6.7,11.9,9.3,18.2,2,4,17.6,16.1,4.3,2.8,7.1,0.154,2.4,3,5.4,4.1
2007/2008,55630000,66059550.23,427163,Denver Nuggets,8,DEN,Colorado,West,Northwest,50,32,0.61,110.7,107,3.74,Linas Kleiza,SF,23,1011360,1243341,79,13,23.9,3.9,8.3,0.472,1.2,3.5,0.339,2.7,4.8,0.568,0.543,2.1,2.7,0.77,1.2,3.1,4.2,1.2,0.6,0.2,1.1,2.3,11.1,1889,14.4,0.585,0.42,0.323,5.4,13.5,9.5,7.5,1.1,0.7,10.6,18.9,3.1,1.6,4.7,0.119,1.1,-1.7,-0.6,0.7
2007/2008,55630000,66059550.23,427163,Los Angeles Clippers,13,LAC,California,West,Pacific,23,59,0.28,93.8,101.1,-6.56,Brevin Knight,PG,32,1600000,1967001,74,39,22.6,1.9,4.6,0.404,0,0.1,0,1.9,4.5,0.411,0.404,0.8,1,0.873,0.2,1.7,1.9,4.4,1.4,0.1,1,2.2,4.6,1674,11.4,0.453,0.018,0.208,1,8.8,4.9,31.1,3.1,0.5,16,12.2,0.5,1.6,2.1,0.06,-3,-0.1,-3,-0.4
2007/2008,55630000,66059550.23,427163,#N/A,#N/A,TOT,#N/A,#N/A,#N/A,#N/A,#N/A,#N/A,#N/A,#N/A,#N/A,Kyle Korver,SG-PF,26,4400000,5409255,75,0,23.1,3.4,7.7,0.443,1.5,3.9,0.375,1.9,3.7,0.516,0.54,1.6,1.7,0.915,0.3,2,2.3,1.3,0.6,0.4,1,2.6,9.9,1732,12.8,0.585,0.515,0.226,1.5,10.5,6,8.8,1.3,1.4,10.6,18.3,2.7,1.5,4.2,0.116,1.3,-1.2,0.1,0.9
2007/2008,55630000,66059550.23,427163,Philadelphia 76ers,23,PHI,Pennsylvania,East,Atlantic,40,42,0.488,96.6,96.2,0.19,Kyle Korver,PF,26,4400000,5409255,25,0,26.3,3.6,9.1,0.396,1.5,4.3,0.352,2.1,4.8,0.437,0.48,1.2,1.4,0.912,0.5,2.4,2.9,1.3,0.8,0.2,1.1,2.7,10,657,10.5,0.515,0.476,0.15,2.1,11.1,6.6,7.9,1.6,0.7,10.4,18.5,0.4,0.6,1,0.075,-0.5,-1,-1.5,0.1
2007/2008,55630000,66059550.23,427163,Utah Jazz,29,UTA,Utah,West,Northwest,54,28,0.659,106.2,99.3,6.86,Kyle Korver,SG,26,4400000,5409255,50,0,21.5,3.3,7,0.474,1.5,3.8,0.388,1.8,3.2,0.575,0.579,1.8,1.9,0.917,0.2,1.8,2,1.4,0.4,0.5,0.9,2.5,9.8,1075,14.2,0.629,0.54,0.276,1,10.1,5.6,9.3,1.1,1.7,10.7,18.2,2.3,0.9,3.2,0.141,2.4,-1.3,1.1,0.8
2007/2008,55630000,66059550.23,427163,New Jersey Nets,3,NJN,New Jersey,East,Atlantic,34,48,0.415,95.8,100.9,-5.15,Nenad Krstic,C,24,1889760,2323226,45,38,18,2.7,6.7,0.41,0,0,0,2.7,6.6,0.413,0.41,1.2,1.5,0.754,0.8,3.7,4.4,0.6,0.2,0.4,0.9,2.5,6.6,812,8.5,0.451,0.007,0.23,5,23.6,14.3,5.8,0.6,1.6,11,20.9,-0.9,0.7,-0.1,-0.007,-6.9,-1.7,-8.5,-1.3
2007/2008,55630000,66059550.23,427163,Portland Trail Blazers,25,POR,Oregon,West,Northwest,41,41,0.5,95.4,96.3,-0.52,Raef LaFrentz,C,31,12440787,15294408,39,0,7.5,0.7,1.6,0.443,0,0.1,0,0.7,1.5,0.474,0.443,0.3,0.5,0.579,0.7,1,1.7,0.2,0.3,0.4,0.3,1.5,1.7,291,10.4,0.469,0.066,0.311,11.4,15.7,13.6,3.2,2.3,4.5,12.6,12.9,0.1,0.4,0.5,0.085,-3.4,2.7,-0.7,0.1
2007/2008,55630000,66059550.23,427163,Houston Rockets,11,HOU,Texas,West,Southwest,55,27,0.671,96.7,92,4.83,Carl Landry,PF,24,427163,525144,42,0,16.9,3.2,5.2,0.616,0,0,0,3.2,5.2,0.619,0.616,1.7,2.6,0.661,2.3,2.6,4.9,0.5,0.4,0.2,0.6,2.3,8.1,711,21.4,0.641,0.005,0.498,15.5,17.3,16.4,5.2,1.3,0.7,8.9,18.8,2.5,1.2,3.7,0.251,2.1,-0.3,1.8,0.7
2007/2008,55630000,66059550.23,427163,San Antonio Spurs,27,SAS,Texas,West,Southwest,56,26,0.683,95.4,90.6,5.1,Keith Langford,SG,24,272316,334778,2,0,5,0.5,2,0.25,0,0,,0.5,2,0.25,0.25,0,0,,0,1,1,0,0,0,0,0.5,1,10,-2.4,0.25,0,0,0,23.3,11.8,0,0,0,0,19.2,0,0,0,-0.142,-14.9,-5.1,-19.9,0
2007/2008,55630000,66059550.23,427163,#N/A,#N/A,TOT,#N/A,#N/A,#N/A,#N/A,#N/A,#N/A,#N/A,#N/A,#N/A,Stephane Lasme,PF-SF,25,48056,59078,16,4,18.9,2,4.4,0.451,0,0,,2,4.4,0.451,0.451,1.2,2,0.594,1.6,1.7,3.3,0.2,0.8,1.4,0.9,2.2,5.2,303,11.7,0.488,0,0.451,10.1,10.8,10.5,1.6,2.3,5.8,15,15.6,-0.1,0.3,0.3,0.041,-4.8,1.9,-2.8,-0.1
2007/2008,55630000,66059550.23,427163,Golden State Warriors,10,GSW,California,West,Pacific,48,34,0.585,111,108.8,2.38,Stephane Lasme,SF,25,48056,59078,1,0,0,0,0,,0,0,,0,0,,,0,0,,0,0,0,0,0,0,0,0,0,0,,,,,,,,,,,,,0,0,0,,-6,-0.4,-6.4,0
2007/2008,55630000,66059550.23,427163,Miami Heat,16,MIA,Florida,East,Southeast,15,67,0.183,91.4,100,-8.53,Stephane Lasme,PF,25,48056,59078,15,4,20.2,2.1,4.7,0.451,0,0,,2.1,4.7,0.451,0.451,1.3,2.1,0.594,1.7,1.8,3.5,0.2,0.9,1.5,1,2.3,5.5,303,11.7,0.488,0,0.451,10.1,10.8,10.5,1.6,2.3,5.8,15,15.6,-0.1,0.3,0.3,0.041,-4.8,1.9,-2.8,-0.1
2007/2008,55630000,66059550.23,427163,Atlanta Hawks,1,ATL,Georgia,East,Southeast,37,45,0.451,98.2,100,-2.23,Acie Law,PG,23,1927080,2369106,56,6,15.4,1.7,4.2,0.401,0.1,0.6,0.206,1.6,3.6,0.433,0.416,0.7,0.9,0.792,0.2,0.8,1,2,0.5,0,1,1.3,4.2,865,7.7,0.455,0.143,0.203,1.6,6,3.8,20.4,1.8,0,17.8,16.5,-0.5,0.4,-0.1,-0.007,-4.1,-2.6,-6.7,-1
2007/2008,55630000,66059550.23,427163,New York Knicks,20,NYK,New York,East,Atlantic,23,59,0.28,96.9,103.5,-6.55,David Lee,PF,24,990600,1217820,81,29,29.1,4.2,7.6,0.552,0,0,0,4.2,7.6,0.554,0.552,2.4,2.9,0.819,3,6,8.9,1.2,0.7,0.4,1.2,2.6,10.8,2356,18,0.606,0.003,0.383,11.3,24.1,17.5,6.7,1.2,1,11.8,15.6,5.6,1.8,7.4,0.151,0.6,0.2,0.8,1.7
2007/2008,55630000,66059550.23,427163,Orlando Magic,22,ORL,Florida,East,Southeast,52,30,0.634,104.5,99,4.79,Rashard Lewis,PF,28,14880000,18293118,81,81,38,6.4,14,0.455,2.8,6.8,0.409,3.6,7.2,0.498,0.554,2.7,3.2,0.838,1.2,4.2,5.4,2.4,1.2,0.5,1.7,2.6,18.2,3076,16.7,0.591,0.487,0.229,3.8,12.2,8.2,10.5,1.7,0.9,10.1,20.7,6.1,3.7,9.8,0.153,3.4,0.6,4,4.6
2007/2008,55630000,66059550.23,427163,Memphis Grizzlies,15,MEM,Tennessee,West,Southwest,22,60,0.268,100.7,106.9,-5.76,Kyle Lowry,PG,21,1087680,1337167,82,9,25.5,3.1,7.2,0.432,0.4,1.7,0.257,2.7,5.5,0.487,0.463,3,4.2,0.698,0.5,2.5,3,3.6,1.1,0.3,1.5,2.3,9.6,2089,14.3,0.531,0.236,0.588,2.2,11.3,6.7,21.8,2.2,0.8,14.6,18.6,2.1,1.3,3.4,0.078,-0.2,-0.4,-0.6,0.8
2007/2008,55630000,66059550.23,427163,#N/A,#N/A,TOT,#N/A,#N/A,#N/A,#N/A,#N/A,#N/A,#N/A,#N/A,#N/A,Tyronn Lue,PG,30,3500000,4302816,50,3,14.7,2.3,5.1,0.447,0.8,1.7,0.453,1.5,3.3,0.443,0.524,0.5,0.6,0.781,0.2,0.9,1.1,1.5,0.2,0,0.5,1.3,5.8,736,11.9,0.543,0.34,0.126,1.4,7,4.3,16.8,0.8,0.1,9.2,18.2,1,0.3,1.2,0.08,-0.2,-3.6,-3.8,-0.3
2007/2008,55630000,66059550.23,427163,Atlanta Hawks,1,ATL,Georgia,East,Southeast,37,45,0.451,98.2,100,-2.23,Tyronn Lue,PG,30,3500000,4302816,33,3,17.1,2.6,5.9,0.439,0.9,2.1,0.435,1.7,3.8,0.441,0.515,0.7,0.8,0.857,0.3,1,1.2,1.8,0.3,0,0.7,1.2,6.8,564,12.7,0.542,0.352,0.143,1.9,6.6,4.2,17.5,1,0,9.6,18.5,0.8,0.2,1,0.081,0.1,-3.8,-3.7,-0.2
2007/2008,55630000,66059550.23,427163,Dallas Mavericks,7,DAL,Texas,West,Southwest,51,31,0.622,100.4,95.9,4.7,Tyronn Lue,PG,30,3500000,4302816,17,0,10.1,1.6,3.4,0.474,0.5,1,0.529,1.1,2.4,0.45,0.553,0.1,0.2,0.25,0,0.8,0.8,0.9,0,0.1,0.3,1.6,3.8,172,9.2,0.545,0.298,0.07,0,8.5,4.4,14.3,0,0.4,7.8,17.3,0.2,0.1,0.3,0.078,-1.1,-3.1,-4.2,-0.1
2007/2008,55630000,66059550.23,427163,Minnesota Timberwolves,18,MIN,Minnesota,West,Northwest,22,60,0.268,95.6,102.4,-6.26,Mark Madsen,PF,32,2420000,2975090,20,6,7.6,0.2,1,0.158,0,0,,0.2,1,0.158,0.158,0.2,0.6,0.25,0.9,1,1.9,0.2,0.2,0.1,0.5,1.3,0.5,151,0.2,0.185,0,0.632,13.4,15.8,14.6,3.5,1,1.1,27,9.9,-0.4,0.1,-0.3,-0.102,-7.8,-0.1,-7.9,-0.2
2007/2008,55630000,66059550.23,427163,Los Angeles Clippers,13,LAC,California,West,Pacific,23,59,0.28,93.8,101.1,-6.56,Corey Maggette,SF,28,7000000,8605633,70,65,35.7,6.5,14.3,0.458,1.1,2.9,0.384,5.4,11.4,0.477,0.497,7.9,9.7,0.812,1.1,4.5,5.6,2.7,1,0.1,2.8,3,22.1,2502,19.3,0.595,0.203,0.681,3.6,14.7,9.1,14.3,1.5,0.2,13,27.6,5.1,1.8,6.9,0.133,2.7,-1.3,1.4,2.1
2007/2008,55630000,66059550.23,427163,#N/A,#N/A,TOT,#N/A,#N/A,#N/A,#N/A,#N/A,#N/A,#N/A,#N/A,#N/A,Jamaal Magloire,C,29,4000000,4917504,31,2,9.2,0.6,1.8,0.327,0,0,,0.6,1.8,0.327,0.327,0.6,1.4,0.455,0.6,2.3,2.9,0.2,0,0.3,1,1.6,1.8,286,1.4,0.377,0,0.8,7.7,28.3,18,3.7,0.2,2.7,28.7,16.8,-1,0.3,-0.6,-0.109,-11.5,-0.7,-12.2,-0.7
2007/2008,55630000,66059550.23,427163,New Jersey Nets,3,NJN,New Jersey,East,Atlantic,34,48,0.415,95.8,100.9,-5.15,Jamaal Magloire,C,29,4000000,4917504,24,2,10.8,0.6,2,0.306,0,0,,0.6,2,0.306,0.306,0.6,1.3,0.452,0.8,2.6,3.4,0.3,0,0.4,1,1.8,1.8,259,1.7,0.351,0,0.633,8,28.2,18.1,4.1,0,3,26.9,15.1,-0.8,0.3,-0.5,-0.096,-10.9,-0.3,-11.2,-0.6
2007/2008,55630000,66059550.23,427163,Dallas Mavericks,7,DAL,Texas,West,Southwest,51,31,0.622,100.4,95.9,4.7,Jamaal Magloire,C,29,4000000,4917504,7,0,3.9,0.4,0.9,0.5,0,0,,0.4,0.9,0.5,0.5,0.9,1.9,0.462,0.1,1,1.1,0,0.1,0,1,1.1,1.7,27,-1.9,0.512,0,2.167,4.4,29,17.1,0,2,0,37.4,32.3,-0.2,0,-0.1,-0.234,-16.8,-5.3,-22,-0.1
2007/2008,55630000,66059550.23,427163,San Antonio Spurs,27,SAS,Texas,West,Southwest,56,26,0.683,95.4,90.6,5.1,Ian Mahinmi,C,21,938760,1154089,6,0,3.8,1,2,0.5,0,0,,1,2,0.5,0.5,1.5,1.5,1,0,0.8,0.8,0.2,0,0.7,0.3,0.7,3.5,23,35.3,0.658,0,0.75,0,25.3,12.8,9,0,13.2,11.1,37.4,0.1,0.1,0.2,0.372,-0.9,3.3,2.3,0
2007/2008,55630000,66059550.23,427163,New York Knicks,20,NYK,New York,East,Atlantic,23,59,0.28,96.9,103.5,-6.55,Stephon Marbury,PG,30,19012500,23373515,24,19,33.5,4.6,11,0.419,1.2,3.1,0.378,3.5,8,0.435,0.472,3.5,4.8,0.716,0.7,1.8,2.5,4.7,0.9,0.1,2,2.4,13.9,805,13.8,0.527,0.279,0.438,2.3,6.1,4.2,23.1,1.4,0.2,13.2,20.3,1,0.1,1.1,0.066,0.8,-2.5,-1.7,0.1
2007/2008,55630000,66059550.23,427163,#N/A,#N/A,TOT,#N/A,#N/A,#N/A,#N/A,#N/A,#N/A,#N/A,#N/A,#N/A,Shawn Marion,PF,29,16440000,20210945,63,62,36.7,6.3,12.5,0.508,1,3.1,0.333,5.3,9.3,0.567,0.55,1.7,2.4,0.707,2.2,8,10.2,2.2,2,1.3,1.4,2.4,15.4,2315,19.2,0.57,0.252,0.191,7.1,23.9,16,9.4,2.7,2.5,9.2,18.5,3.5,3.9,7.4,0.153,1.6,2.9,4.5,3.8
2007/2008,55630000,66059550.23,427163,Phoenix Suns,24,PHO,Arizona,West,Pacific,55,27,0.671,110.1,105,5.14,Shawn Marion,PF,29,16440000,20210945,47,47,36.4,6.5,12.3,0.526,1.2,3.6,0.347,5.2,8.7,0.599,0.576,1.6,2.3,0.713,1.8,8,9.9,2.1,2,1.5,1,2.5,15.8,1713,20,0.594,0.289,0.187,6.2,23.1,15.3,8.4,2.8,2.7,7.3,17.6,3.5,3,6.5,0.181,2.6,3.1,5.7,3.3
2007/2008,55630000,66059550.23,427163,Miami Heat,16,MIA,Florida,East,Southeast,15,67,0.183,91.4,100,-8.53,Shawn Marion,PF,29,16440000,20210945,16,15,37.6,6,13.1,0.459,0.5,1.9,0.258,5.5,11.1,0.494,0.478,1.8,2.6,0.69,3.1,8.1,11.2,2.5,1.9,0.9,2.3,2.1,14.3,602,17.1,0.503,0.148,0.201,9.8,26.1,17.8,12.1,2.7,2,14,20.8,0,0.9,0.9,0.072,-1.3,2.4,1.1,0.5
2007/2008,55630000,66059550.23,427163,Phoenix Suns,24,PHO,Arizona,West,Pacific,55,27,0.671,110.1,105,5.14,Sean Marks,C,32,1033930,1271088,19,0,6.8,1.2,2.3,0.535,0.1,0.2,0.25,1.2,2.1,0.564,0.547,0.6,1,0.632,0.5,1.4,1.9,0.2,0.2,0.5,0.4,1.2,3.1,130,16.1,0.574,0.093,0.442,8.5,21.7,15.6,4.5,1.1,5,13.5,20.4,0.1,0.2,0.3,0.121,-2.9,0.2,-2.6,0
2007/2008,55630000,66059550.23,427163,#N/A,#N/A,TOT,#N/A,#N/A,#N/A,#N/A,#N/A,#N/A,#N/A,#N/A,#N/A,Donyell Marshall,PF,34,6016965,7397113,26,1,13.1,1.2,3.8,0.327,0.6,2,0.283,0.7,1.7,0.378,0.403,0.7,0.8,0.864,0.9,2,2.9,0.4,0.2,0.6,0.6,1.2,3.8,340,9.8,0.455,0.541,0.224,7.8,17.2,12.4,4.4,0.9,3.6,12.2,16,-0.1,0.4,0.3,0.042,-3.3,-0.2,-3.5,-0.1
2007/2008,55630000,66059550.23,427163,Cleveland Cavaliers,6,CLE,Ohio,East,Central,45,37,0.549,96.4,96.7,-0.53,Donyell Marshall,PF,34,6016965,7397113,11,1,14.2,1.2,4,0.295,0.7,2.1,0.348,0.5,1.9,0.238,0.386,0.6,0.8,0.778,0.8,1.9,2.7,0.5,0.2,0.8,0.5,1.5,3.7,156,8.4,0.427,0.523,0.205,6.4,15.8,11,4.9,0.7,4.5,11.1,15.7,-0.1,0.2,0.1,0.039,-4.3,0.2,-4.1,-0.1
2007/2008,55630000,66059550.23,427163,Seattle SuperSonics,21,SEA,Washington,West,Northwest,20,62,0.244,97.5,106.3,-8.04,Donyell Marshall,PF,34,6016965,7397113,15,0,12.3,1.3,3.6,0.352,0.5,2,0.233,0.8,1.6,0.5,0.417,0.8,0.9,0.923,1,2.1,3.1,0.3,0.3,0.5,0.6,1,3.8,184,10.9,0.477,0.556,0.241,8.9,18.3,13.6,4,1.1,2.7,13.1,16.2,0,0.2,0.2,0.045,-2.5,-0.6,-3,0
2007/2008,55630000,66059550.23,427163,Toronto Raptors,28,TOR,Ontario,East,Atlantic,41,41,0.5,100.2,97.3,2.47,Darrick Martin,PG,36,1219590,1499334,17,0,8.3,0.6,2.5,0.233,0.1,0.9,0.125,0.5,1.6,0.296,0.256,0.3,0.4,0.833,0.2,0.2,0.4,1.2,0.4,0,0.1,0.7,1.6,141,5.8,0.296,0.372,0.14,2.5,3.4,2.9,20.6,2.3,0,2.1,15.6,-0.2,0.1,-0.1,-0.021,-3.8,-2.1,-5.9,-0.1
2007/2008,55630000,66059550.23,427163,Denver Nuggets,8,DEN,Colorado,West,Northwest,50,32,0.61,110.7,107,3.74,Kenyon Martin,PF,30,13250000,16289235,71,71,30.4,5.3,9.8,0.538,0,0.2,0.182,5.3,9.7,0.544,0.539,1.7,3,0.58,1.5,5,6.5,1.3,1.2,1.2,1.3,3.3,12.4,2159,14.7,0.553,0.016,0.303,5.4,17.5,11.6,6.3,2,2.8,10.3,17.4,2,3,5,0.111,-1.5,1.6,0.1,1.1
2007/2008,55630000,66059550.23,427163,Sacramento Kings,26,SAC,California,West,Pacific,38,44,0.463,102.5,104.8,-1.86,Kevin Martin,SG,24,1808121,2222861,61,57,36.3,6.8,15,0.456,1.8,4.4,0.402,5.1,10.6,0.478,0.515,8.2,9.5,0.869,0.8,3.7,4.5,2.1,1,0.1,2.1,2.5,23.7,2216,21,0.618,0.291,0.632,2.6,11.8,7.3,10.1,1.4,0.2,10.1,26.2,7.4,1.1,8.4,0.183,3.9,-2.8,1.1,1.7
2007/2008,55630000,66059550.23,427163,Milwaukee Bucks,17,MIL,Wisconsin,East,Central,26,56,0.317,97,103.9,-6.92,Desmond Mason,SF,30,5000000,6146881,59,56,28.8,3.9,8.1,0.482,0,0,,3.9,8.1,0.482,0.482,1.9,2.9,0.659,1.3,3.1,4.3,2.1,0.7,0.5,1.4,1.8,9.7,1702,12.3,0.519,0,0.363,5,13.1,8.8,11.3,1.2,1.4,13,16.8,1,0.5,1.5,0.041,-2,-0.6,-2.6,-0.2
2007/2008,55630000,66059550.23,427163,Washington Wizards,30,WAS,Washington DC,East,Southeast,43,39,0.524,98.8,99.2,-0.61,Roger Mason,PG,27,798328,981445,80,9,21.4,3.3,7.5,0.443,1.6,4.1,0.398,1.7,3.4,0.498,0.552,0.8,0.9,0.873,0.2,1.4,1.6,1.7,0.5,0.2,0.9,1.8,9.1,1708,13.8,0.573,0.545,0.118,1.1,8,4.5,13.2,1.3,0.9,9.9,18.9,2.8,0.6,3.4,0.096,1.9,-2.7,-0.8,0.5
2007/2008,55630000,66059550.23,427163,Detroit Pistons,9,DET,Michigan,East,Central,59,23,0.72,97.5,90.1,6.67,Jason Maxiell,C,24,1041360,1280223,82,7,21.6,2.9,5.4,0.538,0,0,0,2.9,5.4,0.539,0.538,2.1,3.3,0.633,2.2,3.1,5.3,0.6,0.3,1.1,0.9,2.2,7.9,1768,16.7,0.576,0.002,0.605,11.9,17.4,14.6,4.2,0.7,4.2,11.2,17,3.4,2.9,6.3,0.171,-0.5,1.5,1,1.4
2007/2008,55630000,66059550.23,427163,Minnesota Timberwolves,18,MIN,Minnesota,West,Northwest,22,60,0.268,95.6,102.4,-6.26,Rashad McCants,SG,23,1769160,2174963,75,24,26.9,5.7,12.6,0.453,1.9,4.7,0.407,3.8,7.9,0.481,0.529,1.5,2.1,0.748,0.7,2.1,2.7,2.2,0.9,0.2,2.3,3.1,14.9,2020,14.6,0.55,0.37,0.164,2.8,9.2,5.9,14.1,1.7,0.7,14.5,26.4,0.9,0.8,1.7,0.04,1.4,-2.4,-1.1,0.5
2007/2008,55630000,66059550.23,427163,Denver Nuggets,8,DEN,Colorado,West,Northwest,50,32,0.61,110.7,107,3.74,Jelani McCoy,C,30,151089,185745,6,1,5.5,0.2,0.2,1,0,0,,0.2,0.2,1,1,0.2,0.3,0.5,0.2,1,1.2,0,0,0.8,0.7,1.2,0.5,33,2.6,0.798,0,2,3.3,19.3,11.5,0,0,10.8,68,7.6,-0.1,0.1,0,-0.036,-10,3.1,-6.9,0
2007/2008,55630000,66059550.23,427163,Detroit Pistons,9,DET,Michigan,East,Central,59,23,0.72,97.5,90.1,6.67,Antonio McDyess,PF,33,6373900,7835921,78,78,29.3,3.8,7.7,0.488,0,0,0,3.8,7.7,0.49,0.488,1.2,2,0.622,2.6,5.9,8.5,1.1,0.8,0.7,1,3.2,8.8,2285,14.1,0.511,0.003,0.26,10.6,24.3,17.4,6.2,1.5,1.8,10.1,15.3,2.4,4.3,6.7,0.141,-1.3,2.4,1.1,1.8
2007/2008,55630000,66059550.23,427163,Houston Rockets,11,HOU,Texas,West,Southwest,55,27,0.671,96.7,92,4.83,Tracy McGrady,SG,28,19014187,23375589,66,62,37,8.3,19.8,0.419,1.3,4.5,0.292,7,15.3,0.457,0.452,3.7,5.4,0.684,0.6,4.5,5.1,5.9,1,0.5,2.4,1.4,21.6,2440,18.4,0.487,0.226,0.274,2,13.5,7.8,29.6,1.5,0.9,9.8,30.4,2,3.8,5.8,0.115,1.7,0.7,2.4,2.7
2007/2008,55630000,66059550.23,427163,Washington Wizards,30,WAS,Washington DC,East,Southeast,43,39,0.524,98.8,99.2,-0.61,Dominic McGuire,SG,22,427163,525144,70,1,9.9,0.6,1.5,0.379,0,0.1,0.167,0.5,1.4,0.392,0.383,0.2,0.5,0.438,0.8,1.2,2,0.6,0.3,0.4,0.6,1.1,1.3,695,6.6,0.397,0.058,0.311,8.7,14.9,11.7,8.3,1.5,3.1,25.5,10.4,-0.6,0.6,0,-0.003,-4.8,1.8,-3.1,-0.2
2007/2008,55630000,66059550.23,427163,Charlotte Bobcats,4,CHA,North Carolina,East,Southeast,32,50,0.39,97.1,101.4,-4.49,Jeff McInnis,PG,33,1219590,1499334,54,26,26.1,2,4.6,0.434,0.1,0.4,0.158,1.9,4.3,0.457,0.44,0.4,0.6,0.767,0.3,1.5,1.8,4.1,0.4,0.1,1.4,2.2,4.5,1410,6.5,0.461,0.076,0.12,1.3,6.6,3.9,23.4,0.9,0.2,22.5,11,-0.2,0.3,0.1,0.002,-4.1,-1.9,-6.1,-1.4
2007/2008,55630000,66059550.23,427163,Portland Trail Blazers,25,POR,Oregon,West,Northwest,41,41,0.5,95.4,96.3,-0.52,Josh McRoberts,PF,20,427163,525144,8,0,3.5,0.8,1.3,0.6,0,0.1,0,0.8,1.1,0.667,0.6,0,0,,0.3,1,1.3,0.3,0.1,0,0.3,0.1,1.5,28,20.3,0.6,0.1,0,8.4,33.5,21,13.7,2,0,16.7,20.3,0,0,0.1,0.131,-1,0.8,-0.3,0
2007/2008,55630000,66059550.23,427163,Los Angeles Lakers,14,LAL,California,West,Pacific,57,25,0.695,108.6,101.3,7.34,Chris Mihm,C,28,2500000,3073440,23,5,12.1,1.4,4.1,0.337,0,0,,1.4,4.1,0.337,0.337,0.8,1.2,0.667,1.2,2.1,3.3,0.6,0.2,0.6,0.7,1.8,3.6,278,7.7,0.384,0,0.284,11.7,18.8,15.4,6.6,0.7,3.6,13.7,19.6,-0.4,0.4,0,-0.004,-6.5,0.1,-6.4,-0.3
2007/2008,55630000,66059550.23,427163,Utah Jazz,29,UTA,Utah,West,Northwest,54,28,0.659,106.2,99.3,6.86,CJ Miles,SG,20,770610,947369,60,13,11.5,1.9,3.9,0.479,0.5,1.3,0.39,1.4,2.7,0.522,0.542,0.7,0.9,0.788,0.3,1,1.3,0.9,0.5,0.1,0.5,1.6,5,689,14.2,0.574,0.326,0.22,2.9,10.9,6.9,11.5,2.4,0.9,9.4,18.6,1.1,0.8,1.9,0.134,1.1,-0.7,0.4,0.4
2007/2008,55630000,66059550.23,427163,Memphis Grizzlies,15,MEM,Tennessee,West,Southwest,22,60,0.268,100.7,106.9,-5.76,Darko Milicic,C,22,6500000,7990945,70,64,23.8,3.1,7.1,0.438,0,0,0,3.1,7.1,0.439,0.438,1,1.7,0.554,1.8,4.2,6.1,0.8,0.5,1.6,1.4,2.6,7.2,1663,11,0.456,0.002,0.242,8.5,20.2,14.3,5.4,1,5,15.4,17.5,-1.4,1.6,0.2,0.006,-5.1,1.6,-3.5,-0.6
2007/2008,55630000,66059550.23,427163,Philadelphia 76ers,23,PHI,Pennsylvania,East,Atlantic,40,42,0.488,96.6,96.2,0.19,Andre Miller,PG,31,9366666,11515156,82,82,36.8,6.9,14.1,0.492,0,0.4,0.088,6.9,13.7,0.504,0.494,3.1,4.1,0.772,1.2,2.8,4,6.9,1.3,0.1,2.5,2.2,17,3016,18.4,0.537,0.029,0.288,3.7,9.1,6.4,32,1.8,0.2,13.7,22.6,5.7,2.6,8.3,0.131,2.3,-0.6,1.7,2.9
2007/2008,55630000,66059550.23,427163,Sacramento Kings,26,SAC,California,West,Pacific,38,44,0.463,102.5,104.8,-1.86,Brad Miller,C,31,10500000,12908450,72,72,34.9,4.7,10.1,0.463,0.4,1.3,0.311,4.3,8.9,0.484,0.482,3.6,4.3,0.848,2.3,7.1,9.5,3.7,1,1,2.3,3.4,13.4,2513,16.8,0.558,0.124,0.424,8,23.7,16,16.6,1.4,2.3,16,18.3,3.8,2.7,6.5,0.125,0.7,1.9,2.6,2.9
2007/2008,55630000,66059550.23,427163,Memphis Grizzlies,15,MEM,Tennessee,West,Southwest,22,60,0.268,100.7,106.9,-5.76,Mike Miller,SG,27,8376194,10297493,70,70,35.3,5.9,11.8,0.502,2.2,5.1,0.432,3.7,6.6,0.557,0.596,2.3,3,0.774,0.7,5.9,6.7,3.4,0.5,0.2,2.6,2.1,16.4,2474,16.1,0.625,0.436,0.257,2.3,19,10.6,16,0.7,0.5,16.6,19.8,3.9,1.1,5,0.098,2.2,-0.8,1.4,2.1
2007/2008,55630000,66059550.23,427163,Utah Jazz,29,UTA,Utah,West,Northwest,54,28,0.659,106.2,99.3,6.86,Paul Millsap,PF,22,687456,845142,82,2,20.8,3.1,6.1,0.504,0,0,0,3.1,6.1,0.508,0.504,1.9,2.8,0.677,2,3.6,5.6,1,0.9,0.9,1.1,3.3,8.1,1702,16.1,0.548,0.008,0.456,12.1,20.8,16.5,7,2.2,3.5,12.6,18.1,2.5,2.7,5.2,0.148,-0.2,2.1,1.9,1.7
2007/2008,55630000,66059550.23,427163,Houston Rockets,11,HOU,Texas,West,Southwest,55,27,0.671,96.7,92,4.83,Yao Ming,C,27,13762775,16919628,55,55,37.2,7.9,15.5,0.507,0,0,0,7.9,15.5,0.508,0.507,6.3,7.4,0.85,3.1,7.7,10.8,2.3,0.5,2,3.3,3.1,22,2044,22.5,0.587,0.002,0.477,9.6,22.9,16.4,11.5,0.6,4,15.1,27.1,4.2,4.1,8.3,0.196,0.4,2.6,2.9,2.6
2007/2008,55630000,66059550.23,427163,Los Angeles Clippers,13,LAC,California,West,Pacific,23,59,0.28,93.8,101.1,-6.56,Cuttino Mobley,SG,32,8350000,10265291,77,38,35.1,4.9,11.3,0.433,0.9,2.5,0.349,4,8.8,0.457,0.472,2.1,2.6,0.819,0.6,2.9,3.6,2.6,1,0.4,1.6,2,12.8,2702,11.5,0.514,0.221,0.229,2.1,9.7,5.9,13.1,1.5,0.9,11.4,18.5,0.4,1.7,2.1,0.037,-1.3,-0.2,-1.5,0.4
2007/2008,55630000,66059550.23,427163,#N/A,#N/A,TOT,#N/A,#N/A,#N/A,#N/A,#N/A,#N/A,#N/A,#N/A,#N/A,Nazr Mohammed,C,30,5632200,6924092,82,29,20.1,3.3,6.4,0.515,0,0,0,3.3,6.4,0.516,0.515,1.2,2,0.583,2.4,3.7,6,0.9,0.5,0.7,1.2,2.8,7.8,1650,15.8,0.533,0.002,0.309,13.5,21.1,17.3,7.6,1.4,2.8,14.4,19.5,1.3,2,3.4,0.098,-1.6,0.7,-0.9,0.5
2007/2008,55630000,66059550.23,427163,Detroit Pistons,9,DET,Michigan,East,Central,59,23,0.72,97.5,90.1,6.67,Nazr Mohammed,C,30,5632200,6924092,21,0,10.9,1.3,2.8,0.475,0,0,0,1.3,2.8,0.483,0.475,0.6,1.4,0.433,1.4,2.1,3.5,0.3,0.3,0.4,0.5,1.7,3.3,228,13.1,0.478,0.017,0.508,15.1,23.2,19.1,4.1,1.7,2.8,13.2,17.2,0.1,0.5,0.5,0.112,-3.1,1,-2.1,0
2007/2008,55630000,66059550.23,427163,Charlotte Bobcats,4,CHA,North Carolina,East,Southeast,32,50,0.39,97.1,101.4,-4.49,Nazr Mohammed,C,30,5632200,6924092,61,29,23.3,4,7.7,0.52,0,0,,4,7.7,0.52,0.52,1.3,2.2,0.617,2.7,4.2,6.9,1.1,0.6,0.9,1.5,3.2,9.3,1422,16.2,0.54,0,0.284,13.3,20.8,17,8.1,1.4,2.8,14.6,19.9,1.3,1.6,2.8,0.096,-1.3,0.7,-0.7,0.5
2007/2008,55630000,66059550.23,427163,Toronto Raptors,28,TOR,Ontario,East,Atlantic,41,41,0.5,100.2,97.3,2.47,Jamario Moon,SF,27,427163,525144,78,75,27.8,3.6,7.4,0.485,0.5,1.6,0.328,3.1,5.8,0.528,0.52,0.8,1.1,0.741,1.2,5,6.2,1.2,1,1.4,0.7,1.9,8.5,2166,15,0.54,0.212,0.148,5,21.6,13.2,6.2,2,4,7.7,14.4,2.1,3.6,5.7,0.126,-0.8,3.5,2.8,2.6
2007/2008,55630000,66059550.23,427163,Sacramento Kings,26,SAC,California,West,Pacific,38,44,0.463,102.5,104.8,-1.86,Mikki Moore,PF,32,5356000,6584539,82,79,29.1,3.4,6,0.577,0,0,0,3.4,5.9,0.579,0.577,1.6,2.2,0.736,2,4.1,6,1,0.4,0.6,1.3,3.8,8.5,2385,11.5,0.613,0.004,0.372,8.1,16.2,12.2,5.4,0.7,1.5,16.2,12.7,3.2,1.4,4.6,0.092,-0.7,-0.1,-0.8,0.7
2007/2008,55630000,66059550.23,427163,New York Knicks,20,NYK,New York,East,Atlantic,23,59,0.28,96.9,103.5,-6.55,Randolph Morris,C,22,810000,995794,18,2,10.1,1.2,3.2,0.362,0,0,,1.2,3.2,0.362,0.362,0.8,1.6,0.483,0.7,1.4,2.1,0.1,0.2,0.1,0.5,2.1,3.1,181,4.3,0.396,0,0.5,7.3,16.2,11.6,1.8,1.2,0.9,11.3,19.8,-0.3,0.1,-0.2,-0.061,-7.7,-3.1,-10.8,-0.4
2007/2008,55630000,66059550.23,427163,Miami Heat,16,MIA,Florida,East,Southeast,15,67,0.183,91.4,100,-8.53,Alonzo Mourning,C,37,2762500,3396151,25,0,15.6,2.1,3.8,0.547,0,0,,2.1,3.8,0.547,0.547,1.8,3,0.592,1.4,2.4,3.7,0.3,0.2,1.7,1,2.2,6,389,16.2,0.58,0,0.8,10.3,18.5,14.3,3.1,0.5,8.6,16.3,18.7,0.3,0.5,0.8,0.098,-4.2,1.7,-2.5,0
2007/2008,55630000,66059550.23,427163,Indiana Pacers,12,IND,Indiana,East,Central,36,46,0.439,104,105.4,-1.87,Troy Murphy,PF,27,9206349,11318066,75,61,28.1,4.2,9.2,0.455,1.3,3.1,0.398,2.9,6.1,0.484,0.522,2.6,3.2,0.797,1.4,5.8,7.2,2.2,0.7,0.4,1.3,2.9,12.2,2106,16,0.573,0.341,0.348,5.5,22.9,14,12.3,1.1,1.1,10.7,18.4,3.7,2.5,6.2,0.141,0.7,0.4,1.1,1.6
2007/2008,55630000,66059550.23,427163,#N/A,#N/A,TOT,#N/A,#N/A,#N/A,#N/A,#N/A,#N/A,#N/A,#N/A,#N/A,Ronald Murray,PG,28,1890000,2323521,42,19,20.8,3.7,8.7,0.42,0.5,1.5,0.317,3.2,7.2,0.441,0.447,1.6,2.3,0.694,0.5,1.4,2,3.4,0.9,0.1,2,1.2,9.4,874,13.2,0.483,0.172,0.267,3,7.9,5.4,27.5,2.2,0.3,17,25.3,-0.5,0.9,0.4,0.024,-1.8,-1.4,-3.2,-0.3
2007/2008,55630000,66059550.23,427163,Detroit Pistons,9,DET,Michigan,East,Central,59,23,0.72,97.5,90.1,6.67,Ronald Murray,PG,28,1890000,2323521,19,2,18.3,3,7.3,0.41,0.3,1.4,0.222,2.7,5.9,0.455,0.432,1.2,1.9,0.595,0.7,1.2,1.9,3.4,0.7,0.1,1.6,1,7.5,347,13.3,0.457,0.194,0.266,4.5,8,6.2,31,2.1,0.2,16.6,25.3,-0.2,0.4,0.3,0.036,-1,-0.9,-2,0
2007/2008,55630000,66059550.23,427163,Indiana Pacers,12,IND,Indiana,East,Central,36,46,0.439,104,105.4,-1.87,Ronald Murray,PG,28,1890000,2323521,23,17,22.9,4.2,9.9,0.425,0.6,1.6,0.389,3.6,8.3,0.432,0.456,2,2.7,0.754,0.4,1.6,2,3.5,1.1,0.1,2.3,1.3,11,527,13.1,0.498,0.158,0.268,2,7.8,4.8,25.3,2.3,0.4,17.2,25.3,-0.3,0.5,0.2,0.016,-2.4,-1.7,-4.1,-0.3
2007/2008,55630000,66059550.23,427163,Houston Rockets,11,HOU,Texas,West,Southwest,55,27,0.671,96.7,92,4.83,Dikembe Mutombo,C,41,1219590,1499334,39,25,15.9,1.1,2.1,0.538,0,0,,1.1,2.1,0.538,0.538,0.8,1.2,0.711,1.7,3.4,5.1,0.1,0.3,1.2,0.4,1.4,3,619,14.5,0.591,0,0.563,12.6,23.5,18.1,1.2,0.9,5.7,14.6,8.6,0.9,1.4,2.3,0.178,-3.5,3.1,-0.4,0.3
2007/2008,55630000,66059550.23,427163,New Jersey Nets,3,NJN,New Jersey,East,Atlantic,34,48,0.415,95.8,100.9,-5.15,Bostjan Nachbar,PF,27,2500000,3073440,75,1,22.1,3.3,8.1,0.402,1.3,3.5,0.359,2,4.6,0.435,0.479,2.1,2.6,0.786,0.7,2.7,3.5,1.2,0.6,0.3,1.1,2.4,9.8,1660,12.4,0.531,0.43,0.322,3.9,14.3,9.1,9.3,1.4,1,10.9,21.5,1,1.2,2.2,0.064,-0.7,-1.7,-2.4,-0.2
2007/2008,55630000,66059550.23,427163,Denver Nuggets,8,DEN,Colorado,West,Northwest,50,32,0.61,110.7,107,3.74,Eduardo Najera,PF,31,4952380,6088338,78,3,21.3,2.2,4.7,0.473,0.7,1.9,0.361,1.6,2.8,0.548,0.545,0.8,1.1,0.708,1.4,2.9,4.3,1.2,0.9,0.5,0.8,2.6,5.9,1664,12.1,0.57,0.399,0.242,7.5,14.3,11,7.8,2,1.7,12.7,11.9,2.1,2,4.1,0.118,0.2,1.3,1.4,1.4
2007/2008,55630000,66059550.23,427163,Phoenix Suns,24,PHO,Arizona,West,Pacific,55,27,0.671,110.1,105,5.14,Steve Nash,PG,33,11375000,13984154,81,81,34.3,6,11.9,0.504,2.2,4.7,0.47,3.8,7.2,0.527,0.597,2.7,3,0.906,0.3,3.1,3.5,11.1,0.7,0.1,3.6,1.4,16.9,2780,21.1,0.641,0.396,0.255,1.2,9.6,5.7,47.3,0.9,0.1,21.6,22,9,1.4,10.5,0.181,4.8,-3.2,1.6,2.6
2007/2008,55630000,66059550.23,427163,Memphis Grizzlies,15,MEM,Tennessee,West,Southwest,22,60,0.268,100.7,106.9,-5.76,Juan Carlos Navarro,SG,27,538090,661515,82,30,25.8,3.8,9.3,0.402,1.9,5.3,0.361,1.9,4.1,0.455,0.504,1.5,1.8,0.849,0.4,2.1,2.6,2.2,0.6,0,1.6,1.1,10.9,2117,11.9,0.54,0.564,0.191,1.8,9.4,5.6,13.3,1.1,0,13.9,20.2,1,0.4,1.4,0.031,0.4,-2.7,-2.3,-0.1
2007/2008,55630000,66059550.23,427163,Orlando Magic,22,ORL,Florida,East,Southeast,52,30,0.634,104.5,99,4.79,Jameer Nelson,PG,25,1961609,2411555,69,62,28.4,4.1,8.7,0.469,0.9,2.2,0.416,3.2,6.5,0.488,0.522,1.8,2.2,0.828,0.4,3.1,3.5,5.6,0.9,0.1,2,2.4,10.9,1961,15.5,0.564,0.255,0.25,1.7,12.1,7.1,31.1,1.7,0.1,17.4,19,3.4,2.2,5.6,0.136,1.1,0,1.1,1.5
2007/2008,55630000,66059550.23,427163,Toronto Raptors,28,TOR,Ontario,East,Atlantic,41,41,0.5,100.2,97.3,2.47,Radoslav Nesterovic,C,31,7840000,9638309,71,39,20.9,3.6,6.6,0.55,0,0,0.333,3.6,6.5,0.552,0.551,0.5,0.7,0.755,1.8,3,4.8,1.2,0.3,0.7,0.8,1.9,7.8,1486,16.1,0.565,0.006,0.105,10.3,17,13.6,8.9,0.7,2.8,10.9,17.4,2.3,1.6,3.9,0.125,-0.1,1.1,1.1,1.2
2007/2008,55630000,66059550.23,427163,#N/A,#N/A,TOT,#N/A,#N/A,#N/A,#N/A,#N/A,#N/A,#N/A,#N/A,#N/A,Ira Newble,SG-SF,33,3441900,4231390,49,13,14.2,1.6,3.6,0.437,0.3,1,0.327,1.2,2.6,0.48,0.483,0.4,0.5,0.769,1,1.6,2.6,0.4,0.6,0.2,0.7,1.4,3.8,698,9.7,0.507,0.282,0.149,7.5,13.1,10.2,4,2.1,0.9,15.5,14.2,0.1,0.8,0.9,0.061,-3.1,-0.2,-3.3,-0.2
2007/2008,55630000,66059550.23,427163,Cleveland Cavaliers,6,CLE,Ohio,East,Central,45,37,0.549,96.4,96.7,-0.53,Ira Newble,SG,33,3441900,4231390,41,13,15.9,1.7,3.9,0.449,0.4,1.1,0.333,1.4,2.8,0.496,0.497,0.5,0.6,0.769,1,1.8,2.8,0.3,0.7,0.2,0.8,1.6,4.3,650,10,0.522,0.285,0.165,7,13.2,10,3.4,2.2,0.8,15.5,14,0.1,0.8,0.9,0.067,-3,-0.1,-3.1,-0.2
2007/2008,55630000,66059550.23,427163,Seattle SuperSonics,21,SEA,Washington,West,Northwest,20,62,0.244,97.5,106.3,-8.04,Ira Newble,SF,33,3441900,4231390,2,0,8.5,1,3.5,0.286,0,1,0,1,2.5,0.4,0.286,0,0,,0,0,0,0.5,0,0,0,0,2,17,0.5,0.286,0.286,0,0,0,0,8.8,0,0,0,17.8,0,0,-0.1,-0.144,-8.2,-6.7,-15,-0.1
2007/2008,55630000,66059550.23,427163,Los Angeles Lakers,14,LAL,California,West,Pacific,57,25,0.695,108.6,101.3,7.34,Ira Newble,SF,33,3441900,4231390,6,0,5.2,0.5,1.5,0.333,0.2,0.3,0.5,0.3,1.2,0.286,0.389,0,0,,1,0.8,1.8,0.5,0.2,0.2,0.5,0.8,1.2,31,10,0.389,0.222,0,22.4,17.2,19.7,13.4,1.6,2.3,25,17.1,0,0,0,0.037,-2.3,1.3,-1,0
2007/2008,55630000,66059550.23,427163,#N/A,#N/A,TOT,#N/A,#N/A,#N/A,#N/A,#N/A,#N/A,#N/A,#N/A,#N/A,Demetris Nichols,SF,23,427163,525144,14,0,3.1,0.4,1.6,0.261,0.2,0.9,0.231,0.2,0.7,0.3,0.326,0,0,,0,0.4,0.4,0.1,0,0.2,0.3,0.3,1.1,44,-1.9,0.326,0.565,0,0,13.3,6.4,3.9,0,5.3,14.8,27.4,-0.3,0,-0.2,-0.234,-11.2,-3.5,-14.7,-0.1
2007/2008,55630000,66059550.23,427163,Cleveland Cavaliers,6,CLE,Ohio,East,Central,45,37,0.549,96.4,96.7,-0.53,Demetris Nichols,SF,23,427163,525144,3,0,4.7,0.3,2.7,0.125,0,1,0,0.3,1.7,0.2,0.125,0,0,,0,0.3,0.3,0,0,0,0.7,0,0.7,14,-20.8,0.125,0.375,0,0,8.4,4.1,0,0,0,20,32.4,-0.2,0,-0.2,-0.615,-23.3,-8.3,-31.6,-0.1
2007/2008,55630000,66059550.23,427163,Chicago Bulls,5,CHI,Illinois,East,Central,33,49,0.402,97.3,100.4,-3.19,Demetris Nichols,SF,23,427163,525144,11,0,2.7,0.5,1.4,0.333,0.3,0.9,0.3,0.2,0.5,0.4,0.433,0,0,,0,0.4,0.4,0.1,0,0.3,0.2,0.4,1.2,30,7,0.433,0.667,0,0,15.6,7.5,5.7,0,7.8,11.8,25.1,-0.1,0,0,-0.056,-5.6,-1.2,-6.8,0
2007/2008,55630000,66059550.23,427163,Chicago Bulls,5,CHI,Illinois,East,Central,33,49,0.402,97.3,100.4,-3.19,Joakim Noah,C,22,2135400,2625210,74,31,20.7,2.4,5,0.482,0,0,0,2.4,4.9,0.484,0.482,1.8,2.6,0.691,2.4,3.3,5.6,1.1,0.9,0.9,1.2,2.3,6.6,1534,15.5,0.539,0.003,0.529,12.4,18.4,15.3,8.6,2.3,3.3,16.4,15.6,1.5,2.3,3.8,0.12,-1.2,2.8,1.6,1.4
2007/2008,55630000,66059550.23,427163,Chicago Bulls,5,CHI,Illinois,East,Central,33,49,0.402,97.3,100.4,-3.19,Andres Nocioni,SF,28,8500000,10449698,82,27,24.6,4.6,10.7,0.432,1.5,4.2,0.364,3.1,6.5,0.476,0.504,2.4,3,0.807,0.6,3.6,4.2,1.2,0.3,0.5,1.6,3,13.2,2021,13.6,0.549,0.395,0.277,2.6,17,9.5,8.3,0.6,1.7,11.9,24.5,1.5,1.8,3.3,0.077,-0.3,-2.1,-2.4,-0.2
2007/2008,55630000,66059550.23,427163,Houston Rockets,11,HOU,Texas,West,Southwest,55,27,0.671,96.7,92,4.83,Steve Novak,SF,24,687456,845142,35,0,7.5,1.4,2.9,0.48,1,2,0.479,0.4,0.9,0.484,0.647,0.1,0.1,0.75,0.1,0.9,1,0.2,0.1,0.1,0.1,0.5,3.9,264,17.3,0.651,0.696,0.039,1.7,13,7.5,3.9,0.4,0.8,3.7,18.7,0.7,0.3,1.1,0.196,2.6,-2.8,-0.2,0.1
2007/2008,55630000,66059550.23,427163,Dallas Mavericks,7,DAL,Texas,West,Southwest,51,31,0.622,100.4,95.9,4.7,Dirk Nowitzki,PF,29,16360094,20112710,77,77,36,8.2,17.1,0.479,1,2.9,0.359,7.2,14.2,0.504,0.51,6.2,7.1,0.879,1.2,7.3,8.6,3.5,0.7,0.9,2.1,2.6,23.6,2769,24.6,0.585,0.167,0.414,4.1,22.8,13.8,17.8,1,1.9,9.3,28.8,8.9,4,12.9,0.223,4.2,0.9,5.2,5
2007/2008,55630000,66059550.23,427163,Golden State Warriors,10,GSW,California,West,Pacific,48,34,0.585,111,108.8,2.38,Patrick O'Bryant,C,21,2216400,2724789,24,0,4.1,0.7,1.2,0.552,0,0,,0.7,1.2,0.552,0.552,0.1,0.2,0.6,0.4,0.8,1.2,0.2,0.2,0.4,0.3,1.1,1.5,99,14,0.561,0,0.172,10.4,21.4,15.7,5.8,2,6.6,18.3,16.3,0.1,0.2,0.2,0.105,-3.5,2.6,-1,0
2007/2008,55630000,66059550.23,427163,Indiana Pacers,12,IND,Indiana,East,Central,36,46,0.439,104,105.4,-1.87,Jermaine O'Neal,C,29,19728000,24253134,42,34,28.7,5.4,12.2,0.439,0,0.1,0,5.4,12.1,0.444,0.439,2.9,3.9,0.742,2,4.8,6.7,2.2,0.5,2.1,2.5,3.1,13.6,1206,14.4,0.489,0.01,0.318,7.3,18.5,12.8,12.9,0.8,5.4,15.4,24.8,-0.7,1.6,0.9,0.035,-4,2.1,-2,0
2007/2008,55630000,66059550.23,427163,#N/A,#N/A,TOT,#N/A,#N/A,#N/A,#N/A,#N/A,#N/A,#N/A,#N/A,#N/A,Shaquille O'Neal,C,35,20000000,24587524,61,61,28.7,5.4,9.1,0.593,0,0,,5.4,9.1,0.593,0.593,2.8,5.5,0.503,2.7,6.4,9.1,1.5,0.5,1.4,3,3.7,13.6,1748,17.1,0.589,0,0.606,11.4,24.8,18.4,9.1,0.9,3.7,20.4,23.5,0.6,2.3,2.8,0.078,-2,1.3,-0.7,0.6
2007/2008,55630000,66059550.23,427163,Miami Heat,16,MIA,Florida,East,Southeast,15,67,0.183,91.4,100,-8.53,Shaquille O'Neal,C,35,20000000,24587524,33,33,28.6,5.8,10,0.581,0,0,,5.8,10,0.581,0.581,2.7,5.4,0.494,3,4.8,7.8,1.4,0.6,1.6,3,4.1,14.2,945,17.7,0.577,0,0.541,12.4,20.5,16.4,9.4,1.1,4.6,19.4,25.3,0.1,1,1.2,0.059,-1.9,1.1,-0.7,0.3
2007/2008,55630000,66059550.23,427163,Phoenix Suns,24,PHO,Arizona,West,Pacific,55,27,0.671,110.1,105,5.14,Shaquille O'Neal,C,35,20000000,24587524,28,28,28.7,5,8.2,0.611,0,0,,5,8.2,0.611,0.611,2.9,5.7,0.513,2.4,8.2,10.6,1.7,0.5,1.2,3,3.4,12.9,803,16.5,0.605,0,0.699,10.3,29.8,20.8,8.8,0.8,2.8,21.7,21.3,0.4,1.2,1.7,0.1,-2.1,1.4,-0.7,0.3
2007/2008,55630000,66059550.23,427163,San Antonio Spurs,27,SAS,Texas,West,Southwest,56,26,0.683,95.4,90.6,5.1,Fabricio Oberto,PF,32,3600000,4425754,82,64,20,2.2,3.6,0.608,0,0,0,2.2,3.6,0.61,0.608,0.5,0.7,0.607,1.9,3.4,5.2,1.2,0.5,0.2,0.6,2.5,4.8,1644,13.8,0.615,0.003,0.206,11.1,19.6,15.4,9.1,1.2,0.9,13.6,10.9,3.2,2.9,6.1,0.178,-0.2,2.8,2.5,1.9
2007/2008,55630000,66059550.23,427163,Los Angeles Lakers,14,LAL,California,West,Pacific,57,25,0.695,108.6,101.3,7.34,Lamar Odom,PF,28,13248596,16287509,77,77,37.9,5.4,10.3,0.525,0.4,1.5,0.274,5,8.9,0.566,0.544,3,4.3,0.698,2.6,8.1,10.6,3.5,1,0.9,2,2.9,14.2,2921,16.9,0.582,0.142,0.413,7.8,22.7,15.6,13.8,1.3,1.8,14.2,16.5,5.3,4.3,9.7,0.159,1.3,2.5,3.8,4.3
2007/2008,55630000,66059550.23,427163,Charlotte Bobcats,4,CHA,North Carolina,East,Southeast,32,50,0.39,97.1,101.4,-4.49,Emeka Okafor,C,25,5427307,6672202,82,82,33.1,5.6,10.5,0.535,0,0,,5.6,10.5,0.535,0.535,2.6,4.6,0.57,3.1,7.6,10.7,0.9,0.8,1.7,2,2.9,13.8,2718,17.4,0.553,0,0.435,10.7,26.4,18.5,4.5,1.2,3.9,13.8,20,2.2,3.6,5.8,0.103,-2.3,0.9,-1.3,0.4
2007/2008,55630000,66059550.23,427163,Utah Jazz,29,UTA,Utah,West,Northwest,54,28,0.659,106.2,99.3,6.86,Mehmet Okur,C,28,8500000,10449698,72,72,33.2,5.2,11.7,0.445,1.6,4.1,0.388,3.6,7.6,0.475,0.512,2.6,3.2,0.804,1.8,5.9,7.7,2,0.8,0.4,1.4,3.3,14.5,2390,15.2,0.556,0.35,0.273,6.8,21.5,14.2,9,1.2,1,9.9,19.6,4,2.7,6.7,0.134,1.7,0,1.7,2.3
2007/2008,55630000,66059550.23,427163,Philadelphia 76ers,23,PHI,Pennsylvania,East,Atlantic,40,42,0.488,96.6,96.2,0.19,Kevin Ollie,SG,35,3441900,4231390,40,0,7.5,0.7,1.7,0.42,0,0,0,0.7,1.7,0.426,0.42,0.3,0.4,0.8,0.1,0.4,0.5,1,0.3,0,0.1,0.7,1.8,300,9.7,0.463,0.014,0.217,1.6,6,3.8,18.7,1.8,0,6.2,12.1,0.3,0.2,0.5,0.084,-2.8,-1.7,-4.6,-0.2
2007/2008,55630000,66059550.23,427163,Orlando Magic,22,ORL,Florida,East,Southeast,52,30,0.634,104.5,99,4.79,Bo Outlaw,PF,36,160071,196787,2,0,3.5,1,1.5,0.667,0,0,,1,1.5,0.667,0.667,0,0,,0,0,0,0,0,0,0.5,0.5,2,7,8.6,0.667,0,0,0,0,0,0,0,0,25,26.2,0,0,0,-0.071,-6.3,-5.3,-11.6,0
2007/2008,55630000,66059550.23,427163,Portland Trail Blazers,25,POR,Oregon,West,Northwest,41,41,0.5,95.4,96.3,-0.52,Travis Outlaw,PF,23,4000000,4917504,82,6,26.7,5.1,11.8,0.433,0.5,1.2,0.396,4.6,10.5,0.437,0.453,2.7,3.6,0.741,1.2,3.4,4.6,1.3,0.7,0.8,1.3,2.1,13.3,2186,15.7,0.499,0.105,0.305,5.2,15,10.1,8.9,1.5,2.2,8.9,26,0.9,2.3,3.2,0.071,-1.6,-0.1,-1.8,0.1
2007/2008,55630000,66059550.23,427163,Indiana Pacers,12,IND,Indiana,East,Central,36,46,0.439,104,105.4,-1.87,Andre Owens,PG,27,687456,845142,31,7,12.6,1.3,3.5,0.374,0.6,1.3,0.45,0.7,2.2,0.328,0.458,0.8,1.1,0.735,0.4,1.1,1.5,1.5,0.4,0.1,0.8,1.2,4,392,10,0.504,0.374,0.318,3.5,9.6,6.5,17.6,1.6,0.6,16.4,16.1,0.1,0.3,0.4,0.053,-2.3,-1.1,-3.4,-0.1
2007/2008,55630000,66059550.23,427163,Atlanta Hawks,1,ATL,Georgia,East,Southeast,37,45,0.451,98.2,100,-2.23,Zaza Pachulia,C,23,4000000,4917504,62,5,15.2,1.7,4,0.437,0,0,0,1.7,3.9,0.442,0.437,1.7,2.5,0.706,1.4,2.6,4,0.6,0.4,0.2,1.1,2.3,5.2,944,11,0.515,0.012,0.624,11,19.5,15.3,6,1.3,1,18.1,18.3,0.2,0.9,1.1,0.054,-3.6,-1.2,-4.8,-0.7
2007/2008,55630000,66059550.23,427163,New Orleans Hornets,19,NOH,Louisiana,West,Southwest,56,26,0.683,100.9,95.6,5.46,Jannero Pargo,SG,28,1830000,2249758,80,5,18.7,3.2,8.2,0.39,0.8,2.3,0.349,2.4,5.8,0.406,0.439,0.9,1,0.877,0.3,1.3,1.6,2.4,0.6,0.1,1.2,1.5,8.1,1497,11.9,0.468,0.285,0.124,2,8.3,5.1,20.4,1.8,0.3,11.9,24.2,-0.3,1.4,1.1,0.037,-1.6,-1.5,-3.1,-0.4
2007/2008,55630000,66059550.23,427163,Toronto Raptors,28,TOR,Ontario,East,Atlantic,41,41,0.5,100.2,97.3,2.47,Anthony Parker,SG,32,4350000,5347786,82,82,32.1,4.8,10.1,0.476,1.6,3.7,0.438,3.2,6.4,0.499,0.557,1.2,1.5,0.816,0.6,3.5,4.1,2.2,1,0.2,1.1,1.9,12.5,2634,14.4,0.58,0.367,0.151,2.2,12.9,7.5,10.8,1.6,0.5,9,17.4,3.8,2.5,6.2,0.113,1.8,0.4,2.2,2.8
2007/2008,55630000,66059550.23,427163,#N/A,#N/A,TOT,#N/A,#N/A,#N/A,#N/A,#N/A,#N/A,#N/A,#N/A,#N/A,Smush Parker,PG,26,2250000,2766096,28,2,21.1,2.3,6.6,0.348,0.6,2.8,0.231,1.6,3.8,0.434,0.397,0.7,1,0.679,0.1,1.7,1.8,3,0.9,0.2,1.6,2.1,5.9,592,7,0.42,0.424,0.152,0.8,9.4,5,23.6,2.1,0.8,18.3,18.9,-1.1,0.4,-0.6,-0.052,-4.2,-1.4,-5.6,-0.5
2007/2008,55630000,66059550.23,427163,Miami Heat,16,MIA,Florida,East,Southeast,15,67,0.183,91.4,100,-8.53,Smush Parker,PG,26,2250000,2766096,9,0,20.3,1.9,6,0.315,0.7,2.7,0.25,1.2,3.3,0.367,0.37,0.3,0.4,0.75,0.2,1.9,2.1,1.7,0.6,0.3,0.9,1.4,4.8,183,5.5,0.386,0.444,0.074,1.3,11.3,6.2,13.3,1.5,1.3,12.5,16.5,-0.3,0.1,-0.2,-0.06,-5.2,-1,-6.3,-0.2
2007/2008,55630000,66059550.23,427163,Los Angeles Clippers,13,LAC,California,West,Pacific,23,59,0.28,93.8,101.1,-6.56,Smush Parker,PG,26,2250000,2766096,19,2,21.5,2.5,6.8,0.362,0.6,2.8,0.222,1.8,4,0.461,0.408,0.8,1.3,0.667,0.1,1.6,1.7,3.6,1,0.2,1.9,2.5,6.4,409,7.6,0.434,0.415,0.185,0.6,8.5,4.5,28.3,2.4,0.6,20.4,19.9,-0.7,0.3,-0.4,-0.048,-3.7,-1.6,-5.3,-0.3
2007/2008,55630000,66059550.23,427163,San Antonio Spurs,27,SAS,Texas,West,Southwest,56,26,0.683,95.4,90.6,5.1,Tony Parker,PG,25,10500000,12908450,69,68,33.5,7.5,15.1,0.494,0.2,1,0.258,7.2,14.2,0.51,0.502,3.6,5,0.715,0.4,2.8,3.2,6,0.8,0.1,2.4,1.3,18.8,2312,20,0.542,0.063,0.333,1.6,9.6,5.6,34.1,1.3,0.3,12.1,28.2,3.9,3.2,7,0.146,2,-0.3,1.7,2.2
2007/2008,55630000,66059550.23,427163,Los Angeles Clippers,13,LAC,California,West,Pacific,23,59,0.28,93.8,101.1,-6.56,Ruben Patterson,SF,32,304897,374833,20,5,16.4,2,4.3,0.453,0,0.1,0,2,4.2,0.464,0.453,1.2,2.2,0.558,1.2,2,3.2,0.9,1.1,0.4,1.4,1.9,5.1,327,10.9,0.486,0.023,0.5,8.4,14.2,11.3,8.8,3.3,1.6,20.5,18.6,-0.4,0.4,0.1,0.01,-4.3,1.8,-2.6,0
2007/2008,55630000,66059550.23,427163,New Orleans Hornets,19,NOH,Louisiana,West,Southwest,56,26,0.683,100.9,95.6,5.46,Chris Paul,PG,22,3615960,4445375,80,80,37.6,7.9,16.1,0.488,1.2,3.1,0.369,6.7,13,0.516,0.524,4.2,4.9,0.851,0.8,3.2,4,11.6,2.7,0.1,2.5,2.3,21.1,3006,28.3,0.576,0.193,0.302,2.4,10.3,6.2,52.2,3.9,0.1,12.1,25.7,13.2,4.6,17.8,0.284,8.3,0.9,9.2,8.5
2007/2008,55630000,66059550.23,427163,Cleveland Cavaliers,6,CLE,Ohio,East,Central,45,37,0.549,96.4,96.7,-0.53,Aleksandar Pavlovic,SG,24,4250000,5224849,51,45,23.3,2.9,7.9,0.362,0.7,2.2,0.298,2.2,5.7,0.388,0.404,1,1.5,0.688,0.7,1.8,2.5,1.6,0.6,0.1,1.1,2.3,7.4,1188,7.2,0.434,0.283,0.191,3.3,9.2,6.1,11.2,1.3,0.4,11.2,18.8,-0.8,0.9,0.2,0.006,-3.6,-1.4,-5.1,-0.9
2007/2008,55630000,66059550.23,427163,Washington Wizards,30,WAS,Washington DC,East,Southeast,43,39,0.524,98.8,99.2,-0.61,Oleksiy Pecherov,C,22,1345800,1654494,35,0,9.1,1.3,3.6,0.352,0.5,1.7,0.283,0.8,1.9,0.415,0.42,0.6,0.9,0.645,0.6,1.3,1.9,0.2,0.2,0.1,0.5,0.9,3.6,320,9.6,0.451,0.48,0.248,7.5,16.9,12.1,3.6,1,1.3,10.9,22.4,-0.2,0.2,0,-0.002,-3.3,-4,-7.3,-0.4
2007/2008,55630000,66059550.23,427163,Boston Celtics,2,BOS,Massachusetts,East,Atlantic,66,16,0.805,100.5,90.3,9.3,Kendrick Perkins,C,23,4480912,5508726,78,78,24.5,2.7,4.5,0.615,0,0,0,2.7,4.4,0.617,0.615,1.5,2.3,0.623,1.9,4.2,6.1,1.1,0.4,1.5,1.6,3.1,6.9,1912,13.3,0.632,0.003,0.526,9.6,19.3,14.8,6.8,0.9,4.9,22.6,13.5,1.9,4.3,6.2,0.156,-1.7,4.3,2.6,2.2
2007/2008,55630000,66059550.23,427163,Golden State Warriors,10,GSW,California,West,Pacific,48,34,0.585,111,108.8,2.38,Kosta Perovic,C,22,1800000,2212877,7,0,5.4,0.4,1.4,0.3,0,0,,0.4,1.4,0.3,0.3,0.6,0.9,0.667,0.9,1,1.9,0.1,0,0.3,0.1,0.9,1.4,38,10.3,0.396,0,0.6,16.2,20.5,18.3,3.4,0,3.8,7.3,15.1,0,0,0,0.06,-4.9,-1.7,-6.7,0
2007/2008,55630000,66059550.23,427163,New Orleans Hornets,19,NOH,Louisiana,West,Southwest,56,26,0.683,100.9,95.6,5.46,Morris Peterson,SG,30,5356000,6584539,76,76,23.6,2.8,6.8,0.417,1.5,3.8,0.394,1.3,3,0.445,0.526,0.9,1.1,0.765,0.5,2.2,2.7,0.9,0.6,0.1,0.5,1.6,8,1796,11.2,0.549,0.556,0.165,2.3,11.3,6.7,5.5,1.4,0.3,6.9,15.4,2.1,1.7,3.8,0.101,0.5,-0.6,-0.1,0.9
2007/2008,55630000,66059550.23,427163,Seattle SuperSonics,21,SEA,Washington,West,Northwest,20,62,0.244,97.5,106.3,-8.04,Johan Petro,C,22,1077120,1324185,72,28,18.2,2.6,6.1,0.419,0,0,0,2.6,6.1,0.42,0.419,0.9,1.2,0.736,1.4,3.8,5.1,0.4,0.5,0.6,1,2.4,6,1310,10,0.453,0.002,0.198,8.2,22.6,15.4,3.8,1.3,2.3,13.3,18.2,-1.1,1.5,0.4,0.014,-5.5,0,-5.5,-1.1
2007/2008,55630000,66059550.23,427163,Phoenix Suns,24,PHO,Arizona,West,Pacific,55,27,0.671,110.1,105,5.14,Eric Piatkowski,SF,37,1219590,1499334,16,0,7.1,0.8,2.1,0.364,0.7,1.6,0.423,0.1,0.4,0.143,0.53,0.3,0.3,1,0.1,0.7,0.8,0.6,0,0.1,0.4,0.7,2.4,113,8.3,0.561,0.788,0.121,1.1,10.2,6,11.8,0,0.6,14.7,16.1,0.1,0,0.1,0.045,-0.6,-3.2,-3.8,-0.1
2007/2008,55630000,66059550.23,427163,Boston Celtics,2,BOS,Massachusetts,East,Atlantic,66,16,0.805,100.5,90.3,9.3,Paul Pierce,SF,30,16360094,20112710,80,80,35.9,6.4,13.7,0.464,1.8,4.6,0.392,4.6,9.2,0.499,0.529,5.1,6.1,0.843,0.7,4.5,5.1,4.5,1.3,0.5,2.8,2.5,19.6,2874,19.6,0.599,0.332,0.442,2.3,14,8.5,21.8,1.9,1,14.4,24.8,6.7,5.7,12.4,0.207,3.3,1.5,4.7,4.9
2007/2008,55630000,66059550.23,427163,Golden State Warriors,10,GSW,California,West,Pacific,48,34,0.585,111,108.8,2.38,Mickael Pietrus,SF,25,3470770,4266882,66,16,19.9,2.6,5.9,0.439,1,2.8,0.361,1.6,3.1,0.51,0.525,1,1.5,0.673,1,2.7,3.7,0.7,1,0.7,0.7,3,7.2,1316,12.7,0.549,0.473,0.253,5.2,14.8,9.8,5.1,2.4,2.4,10,15.3,1.4,1.4,2.8,0.104,-0.2,0.5,0.3,0.8
2007/2008,55630000,66059550.23,427163,Boston Celtics,2,BOS,Massachusetts,East,Atlantic,66,16,0.805,100.5,90.3,9.3,Scot Pollard,C,32,1219590,1499334,22,0,7.9,0.5,1,0.522,0,0,,0.5,1,0.522,0.522,0.7,1,0.682,0.6,1,1.7,0.1,0.1,0.3,0.2,2,1.8,173,8.7,0.597,0,0.957,10.2,14.9,12.7,2.5,0.9,2.9,13.3,10.1,0.3,0.3,0.6,0.171,-2.5,1.5,-1,0
2007/2008,55630000,66059550.23,427163,Boston Celtics,2,BOS,Massachusetts,East,Atlantic,66,16,0.805,100.5,90.3,9.3,James Posey,PF,31,3206000,3941380,74,2,24.6,2.3,5.6,0.418,1.4,3.8,0.38,0.9,1.8,0.496,0.546,1.3,1.6,0.809,0.4,3.9,4.4,1.5,1,0.3,0.9,2.5,7.4,1821,12,0.587,0.674,0.278,2.1,18,10.5,9.5,2.1,0.9,12.3,13.5,2.2,4,6.2,0.164,0.5,2.4,2.9,2.3
2007/2008,55630000,66059550.23,427163,Boston Celtics,2,BOS,Massachusetts,East,Atlantic,66,16,0.805,100.5,90.3,9.3,Leon Powe,C,24,687456,845142,56,5,14.4,2.8,4.8,0.572,0,0,0,2.8,4.8,0.575,0.572,2.4,3.4,0.71,1.7,2.4,4.1,0.3,0.3,0.3,0.8,2.3,7.9,809,20.9,0.629,0.004,0.717,14.9,18.3,16.7,3.3,1,1.6,10.8,22.8,2.7,1.6,4.3,0.256,0.6,-1.5,-0.9,0.2
2007/2008,55630000,66059550.23,427163,Los Angeles Clippers,13,LAC,California,West,Pacific,23,59,0.28,93.8,101.1,-6.56,Josh Powell,C,25,800000,983500,64,25,19.2,2.3,4.9,0.46,0,0,0,2.3,4.9,0.465,0.46,1,1.4,0.724,1.8,3.4,5.2,0.7,0.2,0.4,1,2,5.5,1228,10.7,0.5,0.01,0.276,10.7,20.4,15.6,6.4,0.6,1.4,15.5,15.7,0.1,1,1.1,0.042,-3.9,-0.3,-4.1,-0.7
2007/2008,55630000,66059550.23,427163,Miami Heat,16,MIA,Florida,East,Southeast,15,67,0.183,91.4,100,-8.53,0,SF,26,#N/A,#N/A,11,4,27.6,3.2,8.6,0.368,0.7,3,0.242,2.5,5.6,0.435,0.411,0.5,0.8,0.667,0.7,3.3,4,1.6,0.8,0.2,0.5,1.6,7.6,304,9,0.424,0.347,0.095,3.1,14.4,8.7,10,1.6,0.5,4.8,16.2,-0.2,0.2,0,0.006,-3.1,-0.8,-3.9,-0.1
2007/2008,55630000,66059550.23,427163,Utah Jazz,29,UTA,Utah,West,Northwest,54,28,0.659,106.2,99.3,6.86,Ronnie Price,PG,24,1100000,1352313,61,3,9.6,1.4,3.3,0.431,0.4,1.2,0.347,1,2.1,0.481,0.495,0.4,0.6,0.684,0.1,0.6,0.8,1.3,0.5,0,0.5,1.4,3.7,588,12.3,0.516,0.368,0.186,1.7,7.8,4.8,19.4,2.8,0.4,12,19.1,0.5,0.6,1.1,0.094,0.1,-1.4,-1.3,0.1
2007/2008,55630000,66059550.23,427163,Detroit Pistons,9,DET,Michigan,East,Central,59,23,0.72,97.5,90.1,6.67,Tayshaun Prince,SF,27,8675620,10665601,82,82,32.9,5.1,11.5,0.448,0.6,1.8,0.363,4.5,9.7,0.463,0.476,2.3,2.9,0.768,1.3,3.5,4.9,3.3,0.5,0.4,1.1,1.1,13.2,2694,15.6,0.516,0.155,0.256,4.8,12.9,8.8,16.5,0.9,1,8,19.9,4.3,3.2,7.5,0.133,1,0.6,1.6,2.5
2007/2008,55630000,66059550.23,427163,Boston Celtics,2,BOS,Massachusetts,East,Atlantic,66,16,0.805,100.5,90.3,9.3,Gabe Pruitt,PG,21,650000,799094,15,0,6.3,0.9,2.6,0.359,0.2,0.8,0.25,0.7,1.8,0.407,0.397,0.1,0.1,0.5,0.1,0.5,0.5,0.9,0.3,0,0.3,0.7,2.1,95,8.3,0.401,0.308,0.051,1.3,8.3,5,22.5,2.8,0,11.1,22,-0.1,0.2,0.1,0.028,-4.1,-0.8,-4.8,-0.1
2007/2008,55630000,66059550.23,427163,Portland Trail Blazers,25,POR,Oregon,West,Northwest,41,41,0.5,95.4,96.3,-0.52,Joel Przybilla,C,28,5762575,7084372,77,67,23.6,1.9,3.2,0.576,0,0,0,1.9,3.2,0.578,0.576,1.1,1.6,0.68,2.5,5.9,8.4,0.4,0.2,1.2,1.2,3,4.8,1819,12.3,0.611,0.004,0.488,12.7,29.3,21,2.3,0.4,4,23.8,10.4,1.6,2.7,4.3,0.113,-3.2,1.9,-1.3,0.3
2007/2008,55630000,66059550.23,427163,Miami Heat,16,MIA,Florida,East,Southeast,15,67,0.183,91.4,100,-8.53,Chris Quinn,PG,24,687456,845142,60,25,22.3,2.6,6.2,0.424,1.1,2.7,0.403,1.6,3.6,0.439,0.509,1.4,1.6,0.867,0.2,1.8,2,3,0.8,0.1,0.9,1.5,7.8,1340,13.8,0.559,0.426,0.263,1,9.7,5.3,22.5,1.8,0.2,11.7,16.6,1.9,0.7,2.6,0.092,0.3,-1.9,-1.6,0.1
2007/2008,55630000,66059550.23,427163,Los Angeles Lakers,14,LAL,California,West,Pacific,57,25,0.695,108.6,101.3,7.34,Vladimir Radmanovic,SF,27,5632200,6924092,65,41,22.8,3,6.7,0.453,1.5,3.6,0.406,1.6,3.1,0.507,0.562,0.8,1,0.8,0.9,2.4,3.3,1.9,0.7,0.2,1.1,2.3,8.4,1483,12.6,0.583,0.535,0.149,4.4,11.4,8,12.1,1.6,0.6,13.6,16,2,1.5,3.5,0.113,1.4,-0.4,1,1.1
2007/2008,55630000,66059550.23,427163,Philadelphia 76ers,23,PHI,Pennsylvania,East,Atlantic,40,42,0.488,96.6,96.2,0.19,Shavlik Randolph,PF,24,1080000,1327726,9,0,3,0.4,1.6,0.286,0,0,,0.4,1.6,0.286,0.286,0,0,,1,0.2,1.2,0.3,0.1,0.3,0.2,0.6,0.9,27,15.6,0.286,0,0,39.2,8.9,24.2,17.8,2,8.9,12.5,26.7,-0.1,0,0,-0.012,-0.5,4.4,3.9,0
2007/2008,55630000,66059550.23,427163,New York Knicks,20,NYK,New York,East,Atlantic,23,59,0.28,96.9,103.5,-6.55,Zach Randolph,C,26,13333333,16391682,69,68,32.5,7,15.3,0.459,0.3,1.2,0.275,6.7,14.2,0.474,0.47,3.2,4.2,0.772,2.7,7.6,10.3,2,0.9,0.2,2.7,2.8,17.6,2244,18,0.513,0.076,0.273,9.1,27.6,18,11.8,1.4,0.6,13.6,27.4,0.9,2,3,0.063,-1,-0.5,-1.5,0.3
2007/2008,55630000,66059550.23,427163,#N/A,#N/A,TOT,#N/A,#N/A,#N/A,#N/A,#N/A,#N/A,#N/A,#N/A,#N/A,Theo Ratliff,C-PF,34,11666666,14342722,26,9,16.8,1.6,3.3,0.482,0,0,0,1.6,3.2,0.488,0.482,1.1,1.7,0.674,1.2,2.2,3.4,0.5,0.3,1.4,0.8,2.3,4.3,437,11.9,0.534,0.012,0.506,8.5,15.6,12,4.7,0.9,6.7,16.8,13.2,0.2,0.6,0.8,0.091,-3.4,3.2,-0.2,0.2
2007/2008,55630000,66059550.23,427163,Minnesota Timberwolves,18,MIN,Minnesota,West,Northwest,22,60,0.268,95.6,102.4,-6.26,Theo Ratliff,PF,34,11666666,14342722,10,6,21.4,2.3,4.5,0.511,0,0.1,0,2.3,4.4,0.523,0.511,1.7,2.5,0.68,1.3,2.6,3.9,0.7,0.3,1.9,1.2,3,6.3,214,12.3,0.563,0.022,0.556,6.8,14.5,10.6,4.9,0.7,7.1,17.6,14.3,0.1,0.2,0.3,0.067,-3.4,2.4,-1.1,0.1
2007/2008,55630000,66059550.23,427163,Detroit Pistons,9,DET,Michigan,East,Central,59,23,0.72,97.5,90.1,6.67,Theo Ratliff,C,34,11666666,14342722,16,3,13.9,1.1,2.5,0.45,0,0,,1.1,2.5,0.45,0.45,0.8,1.1,0.667,1.2,1.9,3.1,0.4,0.3,1.1,0.6,1.8,3,223,11.6,0.501,0,0.45,10.1,16.7,13.4,4.6,1,6.4,15.8,12,0.1,0.4,0.5,0.115,-3.4,3.9,0.6,0.1
2007/2008,55630000,66059550.23,427163,Milwaukee Bucks,17,MIL,Wisconsin,East,Central,26,56,0.317,97,103.9,-6.92,Michael Redd,SG,28,14520000,17850543,72,71,37.5,7.6,17.3,0.442,1.8,5,0.362,5.8,12.3,0.475,0.495,5.6,6.8,0.82,1.2,3.1,4.3,3.4,0.9,0.2,2.5,1.7,22.7,2702,18.8,0.559,0.289,0.394,3.5,10.2,6.7,16.4,1.3,0.4,11,27.3,5.6,0.2,5.8,0.104,3.4,-2.9,0.5,1.7
2007/2008,55630000,66059550.23,427163,Orlando Magic,22,ORL,Florida,East,Southeast,52,30,0.634,104.5,99,4.79,JJ Redick,SG,23,2000160,2458949,34,0,8.1,1.4,3.2,0.444,0.5,1.3,0.395,0.9,1.9,0.477,0.523,0.8,1,0.794,0,0.6,0.7,0.5,0.1,0,0.4,0.9,4.1,276,12.7,0.569,0.398,0.315,0.4,8.8,4.8,9.7,0.7,0,10.9,22.9,0.3,0.2,0.5,0.091,-0.9,-3.4,-4.3,-0.2
2007/2008,55630000,66059550.23,427163,Minnesota Timberwolves,18,MIN,Minnesota,West,Northwest,22,60,0.268,95.6,102.4,-6.26,Chris Richard,C,23,427163,525144,52,3,10.7,0.8,1.7,0.471,0,0,,0.8,1.7,0.471,0.471,0.3,0.5,0.593,1,1.6,2.6,0.3,0.2,0.2,0.5,1.6,1.9,556,7.9,0.496,0,0.31,10.5,17.9,14.1,4.6,0.9,1.7,19.5,10,0.1,0.3,0.4,0.037,-3.8,0.1,-3.7,-0.2
2007/2008,55630000,66059550.23,427163,Charlotte Bobcats,4,CHA,North Carolina,East,Southeast,32,50,0.39,97.1,101.4,-4.49,Jason Richardson,SF,27,11111110,13659734,82,82,38.4,7.9,17.9,0.441,3,7.3,0.406,4.9,10.6,0.466,0.524,3,4,0.752,1,4.4,5.4,3.1,1.4,0.7,2,2.9,21.8,3149,18.4,0.554,0.408,0.225,2.9,13.3,8,15.2,1.9,1.4,9.3,25.9,4.8,2.6,7.4,0.113,3.5,-0.7,2.8,3.8
2007/2008,55630000,66059550.23,427163,#N/A,#N/A,TOT,#N/A,#N/A,#N/A,#N/A,#N/A,#N/A,#N/A,#N/A,#N/A,Jeremy Richardson,SF-SG,23,850726,1045860,27,1,4.9,0.6,1.6,0.364,0.3,0.7,0.368,0.3,0.9,0.36,0.443,0.1,0.1,1,0,0.3,0.3,0.1,0.1,0,0.2,0.5,1.5,132,4.2,0.457,0.432,0.045,0.9,7,4,2.2,1.2,0,11.8,17.6,-0.2,0.1,-0.1,-0.041,-5.5,-4.4,-9.9,-0.3
2007/2008,55630000,66059550.23,427163,Memphis Grizzlies,15,MEM,Tennessee,West,Southwest,22,60,0.268,100.7,106.9,-5.76,Jeremy Richardson,SF,23,850726,1045860,3,0,5,0,2,0,0,0.7,0,0,1.3,0,0,0,0,,0,0.3,0.3,0.3,0,0,0.3,0.7,0,15,-18.1,0,0.333,0,0,7.5,3.7,8.6,0,0,14.3,20.7,-0.2,0,-0.2,-0.505,-18.1,-4.7,-22.7,-0.1
2007/2008,55630000,66059550.23,427163,San Antonio Spurs,27,SAS,Texas,West,Southwest,56,26,0.683,95.4,90.6,5.1,Jeremy Richardson,SG,23,850726,1045860,5,1,5.8,0.6,1.4,0.429,0.4,1,0.4,0.2,0.4,0.5,0.571,0.4,0.4,1,0,0.2,0.2,0.2,0.2,0,0,1,2,29,11,0.635,0.714,0.286,0,4,2,5.4,1.9,0,0,13,0.1,0,0.1,0.189,1.3,-1.3,0,0
2007/2008,55630000,66059550.23,427163,Atlanta Hawks,1,ATL,Georgia,East,Southeast,37,45,0.451,98.2,100,-2.23,Jeremy Richardson,SF,23,850726,1045860,19,0,4.6,0.7,1.6,0.419,0.3,0.6,0.417,0.4,1,0.421,0.5,0,0,,0.1,0.3,0.4,0,0.1,0,0.3,0.3,1.6,88,5.8,0.5,0.387,0,1.3,7.9,4.6,0,1.2,0,13.9,18.6,-0.1,0,-0.1,-0.037,-5.6,-5.4,-11,-0.2
2007/2008,55630000,66059550.23,427163,New York Knicks,20,NYK,New York,East,Atlantic,23,59,0.28,96.9,103.5,-6.55,Quentin Richardson,SF,27,8105500,9964709,65,65,28.3,3.1,8.5,0.359,1.1,3.3,0.322,2,5.2,0.381,0.421,0.9,1.4,0.682,0.9,4,4.8,1.8,0.7,0.2,1.1,2.4,8.1,1841,8.5,0.444,0.386,0.159,3.4,16.5,9.7,9.9,1.3,0.6,10.4,16.1,-0.6,0.9,0.3,0.008,-2.4,-0.3,-2.7,-0.3
2007/2008,55630000,66059550.23,427163,Seattle SuperSonics,21,SEA,Washington,West,Northwest,20,62,0.244,97.5,106.3,-8.04,Luke Ridnour,PG,26,6500000,7990945,61,5,20,2.4,6,0.399,0.3,1.2,0.296,2.1,4.9,0.424,0.428,1.3,1.5,0.857,0.2,1.3,1.5,4,0.6,0.2,1.3,2,6.4,1223,11.3,0.482,0.193,0.247,1.2,7.2,4.2,29.5,1.5,0.8,16.4,17.3,0.3,0.6,0.9,0.035,-2,-2,-4,-0.6
2007/2008,55630000,66059550.23,427163,New York Knicks,20,NYK,New York,East,Atlantic,23,59,0.28,96.9,103.5,-6.55,Nate Robinson,PG,23,1268160,1559045,72,17,26.2,4.6,10.9,0.423,1.3,4.1,0.332,3.3,6.8,0.478,0.485,2.1,2.7,0.786,0.7,2.4,3.1,2.9,0.8,0,1.4,2.6,12.7,1883,15.3,0.526,0.373,0.251,3,10.7,6.7,19.7,1.7,0,10.6,23.1,2.5,0.7,3.2,0.082,2,-2.1,0,0.9
2007/2008,55630000,66059550.23,427163,Portland Trail Blazers,25,POR,Oregon,West,Northwest,41,41,0.5,95.4,96.3,-0.52,Sergio Rodriguez,PG,21,817000,1004400,72,0,8.7,1,2.7,0.352,0.2,0.8,0.293,0.7,1.9,0.377,0.395,0.3,0.5,0.658,0.2,0.6,0.8,1.7,0.3,0,0.7,0.8,2.5,628,9,0.423,0.296,0.194,2.4,8.4,5.4,31.2,2.1,0,19.9,20,-0.7,0.5,-0.2,-0.017,-3.4,-1.8,-5.2,-0.5
2007/2008,55630000,66059550.23,427163,Boston Celtics,2,BOS,Massachusetts,East,Atlantic,66,16,0.805,100.5,90.3,9.3,Rajon Rondo,PG,21,1229280,1511247,77,77,29.9,4.6,9.3,0.492,0.1,0.2,0.263,4.5,9,0.499,0.496,1.4,2.3,0.611,1,3.2,4.2,5.1,1.7,0.2,1.9,2.4,10.6,2306,15.6,0.515,0.027,0.245,4.3,11.9,8.3,28.2,3,0.5,15.7,18.9,2.3,4.9,7.2,0.15,-0.1,2.7,2.6,2.7
2007/2008,55630000,66059550.23,427163,New York Knicks,20,NYK,New York,East,Atlantic,23,59,0.28,96.9,103.5,-6.55,Malik Rose,PF,33,7101250,8730108,49,3,10.1,1.3,3.7,0.367,0,0.1,0.286,1.3,3.5,0.37,0.372,0.8,1,0.725,0.6,1.5,2.1,0.6,0.3,0.1,0.8,1.6,3.5,494,7.3,0.422,0.039,0.283,6.9,17.1,11.9,9.3,1.7,1.1,16.5,22,-0.9,0.4,-0.5,-0.052,-6.2,-1,-7.2,-0.6
2007/2008,55630000,66059550.23,427163,Los Angeles Clippers,13,LAC,California,West,Pacific,23,59,0.28,93.8,101.1,-6.56,Quinton Ross,SG,26,826046,1015521,76,44,19.8,1.7,4.4,0.391,0.1,0.3,0.429,1.6,4.1,0.389,0.404,0.5,0.8,0.667,0.7,1.6,2.3,1.2,0.6,0.4,0.4,1.7,4.1,1505,7.6,0.43,0.063,0.179,4.1,9.1,6.6,9.4,1.5,1.6,7.4,12,-0.3,1,0.7,0.022,-3.9,0.7,-3.2,-0.5
2007/2008,55630000,66059550.23,427163,Portland Trail Blazers,25,POR,Oregon,West,Northwest,41,41,0.5,95.4,96.3,-0.52,Brandon Roy,SG,23,2883120,3544439,74,74,37.7,7.2,15.8,0.454,1,2.9,0.34,6.2,12.9,0.48,0.485,3.8,5,0.753,1.1,3.6,4.7,5.8,1.1,0.2,1.8,2,19.1,2792,19.4,0.531,0.184,0.319,3.4,11.2,7.3,28.2,1.5,0.4,9.3,24.9,5.9,2.1,8,0.138,3.6,-0.2,3.5,3.9
2007/2008,55630000,66059550.23,427163,Milwaukee Bucks,17,MIL,Wisconsin,East,Central,26,56,0.317,97,103.9,-6.92,Michael Ruffin,C,31,1033930,1271088,46,2,13.7,0.7,1.3,0.532,0,0,,0.7,1.3,0.532,0.532,0.5,1.4,0.397,2,2.1,4,0.5,0.7,0.4,0.4,2,2,632,12.1,0.507,0,1.016,16.1,18.6,17.3,5.4,2.6,2.4,17.5,7.7,0.7,0.6,1.2,0.095,-1.2,2,0.8,0.4
2007/2008,55630000,66059550.23,427163,Indiana Pacers,12,IND,Indiana,East,Central,36,46,0.439,104,105.4,-1.87,Kareem Rush,SG,27,854957,1051063,71,15,21.2,3.2,8,0.401,1.4,3.7,0.389,1.8,4.3,0.41,0.49,0.4,0.6,0.714,0.3,2.1,2.4,1.3,0.6,0.3,0.9,1.5,8.3,1504,10,0.5,0.46,0.074,1.3,11,6.1,9.3,1.4,1,9.5,18.7,-0.2,1.2,1,0.033,-1.9,-1.3,-3.1,-0.4
2007/2008,55630000,66059550.23,427163,Sacramento Kings,26,SAC,California,West,Pacific,38,44,0.463,102.5,104.8,-1.86,John Salmons,SG,28,4752000,5841995,81,41,31.1,4.7,9.9,0.477,0.5,1.5,0.325,4.2,8.4,0.504,0.501,2.6,3.2,0.823,0.9,3.4,4.3,2.6,1.1,0.4,2.1,2.1,12.5,2517,13.9,0.556,0.15,0.325,3.6,12.6,8.2,13.4,1.9,1,15.7,19.2,2,1.7,3.7,0.071,-0.5,-0.1,-0.6,0.9
2007/2008,55630000,66059550.23,427163,Detroit Pistons,9,DET,Michigan,East,Central,59,23,0.72,97.5,90.1,6.67,Cheikh Samb,C,23,427163,525144,4,0,7.8,0.8,1,0.75,0,0,,0.8,1,0.75,0.75,0.3,0.5,0.5,0.8,1,1.8,0,0.3,0.5,0.3,2,1.8,31,12,0.717,0,0.5,11.5,15.5,13.5,0,1.8,5.1,17,8.9,0.1,0.1,0.1,0.178,-2.1,0.9,-1.2,0
2007/2008,55630000,66059550.23,427163,Boston Celtics,2,BOS,Massachusetts,East,Atlantic,66,16,0.805,100.5,90.3,9.3,Brian Scalabrine,PF,29,3000000,3688128,48,9,10.7,0.6,2,0.309,0.3,1,0.326,0.3,1,0.292,0.388,0.3,0.4,0.75,0.5,1.2,1.6,0.8,0.2,0.2,0.5,1.3,1.8,512,5.1,0.428,0.489,0.213,5.4,12.5,9.2,11.2,0.9,1.3,20.2,11.7,-0.3,0.9,0.6,0.057,-3.8,1.4,-2.4,-0.1
2007/2008,55630000,66059550.23,427163,Houston Rockets,11,HOU,Texas,West,Southwest,55,27,0.671,96.7,92,4.83,Luis Scola,PF,27,2910000,3577484,82,39,24.7,4.2,8.2,0.515,0,0,0,4.2,8.1,0.517,0.515,1.9,2.9,0.668,2.1,4.3,6.4,1.3,0.7,0.2,1.3,2.9,10.3,2024,16.1,0.548,0.004,0.351,9.9,19.3,14.6,8.9,1.6,0.7,12,19.8,2.8,3.7,6.5,0.154,-0.9,1.4,0.4,1.3
2007/2008,55630000,66059550.23,427163,Chicago Bulls,5,CHI,Illinois,East,Central,33,49,0.402,97.3,100.4,-3.19,Thabo Sefolosha,SG,23,1805160,2219220,69,22,20.8,2.6,6.1,0.428,0.4,1.3,0.33,2.2,4.8,0.453,0.462,1.1,1.5,0.721,0.7,3,3.7,1.9,0.9,0.4,1.3,1.9,6.7,1436,11.4,0.497,0.209,0.247,3.8,16.7,10,14.3,2.2,1.6,16.6,17.3,-0.3,1.8,1.5,0.05,-2.6,1.3,-1.3,0.3
2007/2008,55630000,66059550.23,427163,Seattle SuperSonics,21,SEA,Washington,West,Northwest,20,62,0.244,97.5,106.3,-8.04,Mouhamed Sene,C,21,2105520,2577577.584,13,0,4.8,0.8,1.8,0.458,0,0,,0.8,1.8,0.458,0.458,0.6,1.3,0.471,0.5,0.7,1.2,0.1,0,0.5,0,0.7,2.3,62,18.2,0.476,0,0.708,12.3,15.8,14.1,2.6,0,8.1,0,22,0.1,0.1,0.2,0.121,-2.9,-0.8,-3.7,0
2007/2008,55630000,66059550.23,427163,Milwaukee Bucks,17,MIL,Wisconsin,East,Central,26,56,0.317,97,103.9,-6.92,Ramon Sessions,PG,21,427163,525144,17,7,26.5,3,6.9,0.436,0.2,0.4,0.429,2.8,6.5,0.436,0.449,1.9,2.4,0.78,0.5,2.9,3.4,7.5,1,0.2,2.1,1.5,8.1,450,16.2,0.507,0.06,0.35,2,13.6,7.6,43.5,2,0.5,21,17.1,0.5,0.2,0.7,0.077,-0.9,-2.1,-3.1,-0.1
2007/2008,55630000,66059550.23,427163,Milwaukee Bucks,17,MIL,Wisconsin,East,Central,26,56,0.317,97,103.9,-6.92,Bobby Simmons,SF,27,9280000,11408611,70,21,21.7,3,7.1,0.421,0.9,2.4,0.351,2.1,4.6,0.458,0.482,0.8,1,0.757,1,2.3,3.2,1.1,0.7,0.1,1.1,2,7.6,1521,10.3,0.504,0.345,0.141,5,12.8,8.7,8.4,1.7,0.3,12.9,17.9,0.2,0.5,0.7,0.022,-1.5,-1.9,-3.4,-0.5
2007/2008,55630000,66059550.23,427163,#N/A,#N/A,TOT,#N/A,#N/A,#N/A,#N/A,#N/A,#N/A,#N/A,#N/A,#N/A,Cedric Simmons,PF,22,1629120,2002801,14,0,6.2,0.3,1,0.286,0,0,,0.3,1,0.286,0.286,0,0.7,0,0.4,0.9,1.3,0,0.1,0.4,0.4,0.6,0.6,87,0,0.217,0,0.714,7.6,16.2,11.8,0,1.2,4.5,24.6,12.6,-0.4,0.1,-0.2,-0.134,-12.4,-0.3,-12.6,-0.2
2007/2008,55630000,66059550.23,427163,Cleveland Cavaliers,6,CLE,Ohio,East,Central,45,37,0.549,96.4,96.7,-0.53,Cedric Simmons,PF,22,1629120,2002801,7,0,9.7,0.3,0.9,0.333,0,0,,0.3,0.9,0.333,0.333,0,1.1,0,0.7,1.4,2.1,0,0.3,0.7,0.6,1,0.6,68,2.4,0.21,0,1.333,8.1,17.3,12.6,0,1.6,5.8,29.6,9,-0.2,0.1,-0.1,-0.07,-10.9,1.6,-9.3,-0.1
2007/2008,55630000,66059550.23,427163,Chicago Bulls,5,CHI,Illinois,East,Central,33,49,0.402,97.3,100.4,-3.19,Cedric Simmons,PF,22,1629120,2002801,7,0,2.7,0.3,1.1,0.25,0,0,,0.3,1.1,0.25,0.25,0,0.3,0,0.1,0.3,0.4,0,0,0,0.3,0.1,0.6,19,-8.7,0.225,0,0.25,5.7,12.3,8.9,0,0,0,18.4,25.3,-0.2,0,-0.1,-0.362,-17.6,-7.1,-24.7,-0.1
2007/2008,55630000,66059550.23,427163,Indiana Pacers,12,IND,Indiana,East,Central,36,46,0.439,104,105.4,-1.87,Courtney Sims,C,24,112130,137849,3,0,3.7,0,0.3,0,0,0,,0,0.3,0,0,0,0,,0.3,0.3,0.7,0.3,0,0,0,0.7,0,11,1.1,0,0,0,9.7,10.1,9.9,11.6,0,0,0,3.9,0,0,0,0.008,-5.8,0.1,-5.7,0
2007/2008,55630000,66059550.23,427163,Phoenix Suns,24,PHO,Arizona,West,Pacific,55,27,0.671,110.1,105,5.14,Brian Skinner,C,31,1108718,1363031,66,0,12.8,1.4,3,0.465,0,0,0.667,1.4,3,0.462,0.47,0.5,1,0.524,1,2.7,3.6,0.2,0.3,1.2,0.6,1.7,3.3,844,11.4,0.485,0.015,0.318,9.2,21.7,15.9,2.4,1.2,6,14.7,14,-0.2,1.4,1.2,0.069,-4.8,2.1,-2.6,-0.1
2007/2008,55630000,66059550.23,427163,Minnesota Timberwolves,18,MIN,Minnesota,West,Northwest,22,60,0.268,95.6,102.4,-6.26,Craig Smith,PF,24,687456,845142,77,11,20.1,3.9,6.9,0.563,0,0.1,0,3.9,6.7,0.572,0.563,1.7,2.6,0.665,1.6,3,4.6,0.8,0.5,0.2,1.2,2.8,9.4,1547,16.7,0.59,0.017,0.379,8.9,17.8,13.2,6.6,1.2,0.9,12.6,20.6,2.7,0.9,3.5,0.109,-0.2,-1.6,-1.8,0.1
2007/2008,55630000,66059550.23,427163,Denver Nuggets,8,DEN,Colorado,West,Northwest,50,32,0.61,110.7,107,3.74,JR Smith,SG,22,2134067,2623571,74,0,19.2,4.2,9.1,0.461,2.1,5.3,0.403,2.1,3.8,0.542,0.578,1.7,2.4,0.719,0.6,1.5,2.1,1.7,0.8,0.2,1.5,1.9,12.3,1421,18.1,0.603,0.579,0.264,3.3,8.1,5.8,14.7,2.1,0.6,13,25.8,2.5,1.3,3.7,0.126,3.9,-2.7,1.2,1.2
2007/2008,55630000,66059550.23,427163,Philadelphia 76ers,23,PHI,Pennsylvania,East,Atlantic,40,42,0.488,96.6,96.2,0.19,Jason Smith,PF,21,1233840,1516853,76,1,14.6,1.9,4.1,0.455,0.1,0.2,0.286,1.8,3.9,0.463,0.461,0.7,1.1,0.659,1,2,3,0.3,0.3,0.7,0.6,1.9,4.5,1107,10.7,0.491,0.045,0.265,8.2,16.6,12.3,2.8,1.1,3.6,12.2,16.1,0.2,1.4,1.5,0.067,-4,0.2,-3.8,-0.5
2007/2008,55630000,66059550.23,427163,#N/A,#N/A,TOT,#N/A,#N/A,#N/A,#N/A,#N/A,#N/A,#N/A,#N/A,#N/A,Joe Smith,PF,32,5200000,6392756,77,36,22.4,4.1,8.5,0.478,0,0,0,4.1,8.4,0.48,0.478,2,2.6,0.755,2.1,3.1,5.2,0.9,0.4,0.6,0.9,2.4,10.1,1726,16.1,0.524,0.005,0.312,10.3,16.1,13.1,6.7,1,2.1,8.7,21,2.4,1.8,4.1,0.115,-1.3,-0.8,-2.1,0
2007/2008,55630000,66059550.23,427163,Chicago Bulls,5,CHI,Illinois,East,Central,33,49,0.402,97.3,100.4,-3.19,Joe Smith,PF,32,5200000,6392756,50,35,22.9,4.5,9.7,0.466,0,0,0,4.5,9.6,0.467,0.466,2.2,2.7,0.807,2.2,3.1,5.3,0.9,0.5,0.6,1,2.3,11.2,1146,16.8,0.515,0.002,0.28,10.3,16,13,7.4,1.1,2.1,8.3,22.8,1.5,1.1,2.6,0.109,-1.1,-0.9,-2,0
2007/2008,55630000,66059550.23,427163,Cleveland Cavaliers,6,CLE,Ohio,East,Central,45,37,0.549,96.4,96.7,-0.53,Joe Smith,PF,32,5200000,6392756,27,1,21.5,3.2,6.3,0.512,0,0.1,0,3.2,6.2,0.518,0.512,1.7,2.6,0.652,2,3,5,0.7,0.3,0.6,0.8,2.7,8.1,580,14.9,0.547,0.012,0.406,10.5,16.4,13.4,5.6,0.8,2.2,9.9,17.4,0.9,0.6,1.5,0.128,-1.7,-0.5,-2.1,0
2007/2008,55630000,66059550.23,427163,Atlanta Hawks,1,ATL,Georgia,East,Southeast,37,45,0.451,98.2,100,-2.23,Josh Smith,PF,22,2243543,2758158,81,81,35.5,6.4,14,0.457,0.3,1.2,0.253,6.1,12.8,0.477,0.468,4.1,5.8,0.71,2,6.2,8.2,3.4,1.5,2.8,3,3.3,17.2,2873,19,0.52,0.087,0.414,6.6,20.4,13.5,16.6,2.3,5.9,15.5,25,1.2,4.6,5.8,0.097,-0.7,3.8,3.1,3.7
2007/2008,55630000,66059550.23,427163,Cleveland Cavaliers,6,CLE,Ohio,East,Central,45,37,0.549,96.4,96.7,-0.53,Eric Snow,PG,34,6703125,8240662,22,5,13.9,0.3,1.7,0.158,0,0.1,0,0.3,1.6,0.167,0.158,0.5,1,0.455,0.2,0.7,0.9,1.9,0.5,0.2,0.5,1.4,1,305,3.1,0.231,0.053,0.579,1.4,6.2,3.7,19.1,1.7,1,17.3,8.6,-0.4,0.3,-0.1,-0.021,-7.2,-0.2,-7.4,-0.4
2007/2008,55630000,66059550.23,427163,#N/A,#N/A,TOT,#N/A,#N/A,#N/A,#N/A,#N/A,#N/A,#N/A,#N/A,#N/A,Kirk Snyder,SF-PF,24,2358433,2899401,36,18,21.1,2.7,5.3,0.508,0.1,0.6,0.217,2.5,4.6,0.548,0.521,1.8,2.4,0.727,0.8,2.7,3.5,1.8,0.6,0.4,1.4,1.5,7.3,761,13.3,0.573,0.122,0.466,4.4,15,9.6,12.9,1.4,1.6,18.6,16.6,0.6,0.5,1.1,0.068,-1.6,0.4,-1.2,0.2
2007/2008,55630000,66059550.23,427163,Houston Rockets,11,HOU,Texas,West,Southwest,55,27,0.671,96.7,92,4.83,Kirk Snyder,PF,24,2358433,2899401,9,0,9,1.4,3.1,0.464,0.2,1,0.222,1.2,2.1,0.579,0.5,0.7,1.2,0.545,0.6,0.8,1.3,0.9,0.1,0.1,0.4,0.7,3.8,81,14.4,0.518,0.321,0.393,7.1,9.6,8.4,16.4,0.7,0.9,10.9,20.8,0.1,0.1,0.2,0.117,-0.3,-1.2,-1.5,0
2007/2008,55630000,66059550.23,427163,Minnesota Timberwolves,18,MIN,Minnesota,West,Northwest,22,60,0.268,95.6,102.4,-6.26,Kirk Snyder,SF,24,2358433,2899401,27,18,25.2,3.1,6,0.516,0.1,0.5,0.214,3,5.4,0.544,0.525,2.1,2.9,0.753,0.9,3.3,4.2,2.1,0.7,0.5,1.8,1.8,8.4,680,13.2,0.582,0.087,0.478,4.1,15.7,9.7,12.5,1.5,1.6,19.8,16.1,0.5,0.4,0.9,0.063,-1.7,0.6,-1.2,0.1
2007/2008,55630000,66059550.23,427163,Washington Wizards,30,WAS,Washington DC,East,Southeast,43,39,0.524,98.8,99.2,-0.61,Darius Songaila,C,29,3942000,4846201,80,13,19.4,2.7,5.8,0.458,0,0,0,2.7,5.8,0.46,0.458,0.8,0.9,0.918,1,2.4,3.4,1.7,0.7,0.2,1.1,2.3,6.2,1554,11.8,0.496,0.004,0.156,6,14.7,10.2,14.2,1.8,0.9,14.7,17.3,0.6,1.2,1.7,0.053,-2.2,0,-2.2,-0.1
2007/2008,55630000,66059550.23,427163,Dallas Mavericks,7,DAL,Texas,West,Southwest,51,31,0.622,100.4,95.9,4.7,Jerry Stackhouse,SG,33,6750000,8298289,58,13,24.3,3.7,9.1,0.405,1,3.2,0.326,2.6,5.9,0.447,0.462,2.3,2.6,0.892,0.6,1.7,2.3,2.5,0.5,0.2,1.5,1.4,10.7,1412,13.3,0.523,0.35,0.281,2.8,7.9,5.4,16.7,1.1,0.5,12.7,22.4,1.2,1.1,2.3,0.077,0.4,-1.7,-1.3,0.2
2007/2008,55630000,66059550.23,427163,Washington Wizards,30,WAS,Washington DC,East,Southeast,43,39,0.524,98.8,99.2,-0.61,DeShawn Stevenson,SG,26,1033930,1271088,82,82,31.3,3.7,9.5,0.386,1.9,5,0.383,1.7,4.5,0.39,0.487,1.9,2.4,0.797,0.5,2.4,2.9,3.1,0.8,0.2,1.2,1.3,11.2,2564,12.6,0.529,0.529,0.253,1.6,9.3,5.4,15.5,1.4,0.5,10.5,17.4,3.2,0.9,4.1,0.077,1.3,-1.7,-0.4,1.1
2007/2008,55630000,66059550.23,427163,New Orleans Hornets,19,NOH,Louisiana,West,Southwest,56,26,0.683,100.9,95.6,5.46,Predrag Stojakovic,SF,30,11664000,14339444,77,77,35.2,5.9,13.3,0.44,3,6.8,0.441,2.9,6.5,0.438,0.552,1.7,1.8,0.929,0.8,3.5,4.3,1.2,0.7,0.1,0.8,1.6,16.4,2711,15.7,0.581,0.511,0.136,2.7,11.8,7.1,5.6,1.1,0.3,5.3,19.7,5.8,2.4,8.1,0.144,3,-1.2,1.8,2.6
2007/2008,55630000,66059550.23,427163,Milwaukee Bucks,17,MIL,Wisconsin,East,Central,26,56,0.317,97,103.9,-6.92,Awvee Storey,SG,30,711517,874722,26,0,10,1.5,3.4,0.438,0,0.3,0,1.5,3.2,0.476,0.438,0.5,1.1,0.483,1.2,0.9,2.1,0.6,0.3,0,0.4,1.6,3.5,259,11.5,0.452,0.079,0.326,13.5,10.9,12.3,10.1,1.4,0.3,8.9,19.4,0.1,0,0.2,0.031,-1.4,-2.6,-4,-0.1
2007/2008,55630000,66059550.23,427163,#N/A,#N/A,TOT,#N/A,#N/A,#N/A,#N/A,#N/A,#N/A,#N/A,#N/A,#N/A,Damon Stoudamire,PG,34,4906438,6031857,60,33,17.3,2,5.6,0.356,0.8,2.5,0.336,1.2,3.1,0.372,0.43,0.5,0.6,0.794,0.3,1.6,2,2.8,0.5,0,1.3,1.3,5.3,1037,8.9,0.45,0.442,0.101,2.2,10.8,6.5,24.6,1.5,0.1,18.5,19.1,-0.9,0.8,-0.1,-0.004,-2.7,-1.4,-4.1,-0.6
2007/2008,55630000,66059550.23,427163,Memphis Grizzlies,15,MEM,Tennessee,West,Southwest,22,60,0.268,100.7,106.9,-5.76,Damon Stoudamire,PG,34,4906438,6031857,29,29,21.5,2.7,6.7,0.397,1.2,3.2,0.383,1.4,3.4,0.41,0.49,0.7,0.9,0.808,0.5,2,2.4,3.9,0.7,0,1.7,1.6,7.3,624,11.8,0.514,0.485,0.134,2.5,10.3,6.4,27.7,1.5,0,19.6,18.2,0.2,0.2,0.4,0.033,-0.4,-2.3,-2.7,-0.1
2007/2008,55630000,66059550.23,427163,San Antonio Spurs,27,SAS,Texas,West,Southwest,56,26,0.683,95.4,90.6,5.1,Damon Stoudamire,PG,34,4906438,6031857,31,4,13.3,1.4,4.6,0.301,0.5,1.8,0.255,0.9,2.8,0.33,0.35,0.2,0.3,0.75,0.2,1.3,1.5,1.7,0.4,0.1,1,1,3.4,413,4.6,0.362,0.385,0.056,1.7,11.6,6.7,20,1.4,0.4,17,20.5,-1.1,0.6,-0.5,-0.06,-6.1,-0.1,-6.2,-0.4
2007/2008,55630000,66059550.23,427163,Atlanta Hawks,1,ATL,Georgia,East,Southeast,37,45,0.451,98.2,100,-2.23,Salim Stoudamire,PG,25,783000,962601,35,0,11.5,1.9,5.1,0.361,0.8,2.4,0.341,1,2.7,0.379,0.442,1.2,1.4,0.82,0.1,0.6,0.7,0.8,0.2,0.1,0.6,1,5.7,402,11.1,0.495,0.472,0.278,1.2,5.8,3.5,11.9,0.9,0.9,9.4,25.2,0.1,0.1,0.3,0.031,-1.2,-5,-6.2,-0.4
2007/2008,55630000,66059550.23,427163,Phoenix Suns,24,PHO,Arizona,West,Pacific,55,27,0.671,110.1,105,5.14,Amare Stoudemire,C,25,13762775,16919628,79,79,33.9,9,15.3,0.59,0.1,0.4,0.161,9,14.9,0.601,0.592,7,8.7,0.805,2.3,6.8,9.1,1.5,0.8,2.1,2.2,3.7,25.2,2677,27.6,0.656,0.026,0.571,8.2,21.1,15.2,7.5,1.2,4,10.3,28.2,10.9,3.8,14.6,0.262,3.5,0.4,3.9,4
2007/2008,55630000,66059550.23,427163,Phoenix Suns,24,PHO,Arizona,West,Pacific,55,27,0.671,110.1,105,5.14,D.J. Strawberry,SG,22,427163,525144,33,0,8.2,0.9,2.8,0.315,0.2,0.8,0.24,0.7,2,0.343,0.348,0.3,0.6,0.474,0.3,0.6,0.8,0.9,0.4,0.2,0.3,1.1,2.2,270,6.2,0.364,0.272,0.207,4.1,7.4,5.9,14.8,2.2,1.5,9.9,18.5,-0.4,0.2,-0.2,-0.031,-4.5,-0.6,-5.1,-0.2
2007/2008,55630000,66059550.23,427163,Detroit Pistons,9,DET,Michigan,East,Central,59,23,0.72,97.5,90.1,6.67,Rodney Stuckey,PG,21,1569600,1929628,57,2,19,2.7,6.7,0.401,0.1,0.3,0.188,2.6,6.4,0.41,0.404,2.2,2.7,0.814,0.6,1.7,2.3,2.8,0.9,0.1,1.4,2,7.6,1081,13.8,0.484,0.042,0.408,3.5,10.8,7.1,23.9,2.5,0.4,14.8,23.1,0.4,1.6,2,0.09,-1.6,0.5,-1.1,0.3
2007/2008,55630000,66059550.23,427163,Seattle SuperSonics,21,SEA,Washington,West,Northwest,20,62,0.244,97.5,106.3,-8.04,Robert Swift,C,22,2601113,3197746,8,4,12.3,0.8,2.1,0.353,0,0,,0.8,2.1,0.353,0.353,0.3,0.3,1,0.8,1.5,2.3,0.1,0.6,0.8,1.3,2,1.8,98,2.9,0.391,0,0.118,6.7,13.3,10,1.4,2.5,4.4,35.9,12.3,-0.3,0.1,-0.2,-0.074,-8.7,3.1,-5.7,-0.1
2007/2008,55630000,66059550.23,427163,#N/A,#N/A,TOT,#N/A,#N/A,#N/A,#N/A,#N/A,#N/A,#N/A,#N/A,#N/A,Stromile Swift,PF,28,5800000,7130382,56,4,15.1,2.4,4.7,0.509,0,0,0,2.4,4.7,0.513,0.509,1.3,1.9,0.67,1.1,2.4,3.6,0.5,0.3,1,0.9,2,6.1,844,14.8,0.548,0.008,0.411,8.5,18.3,13.4,5.1,0.9,4.8,14,19.3,0.6,0.8,1.4,0.078,-3.5,0.1,-3.4,-0.3
2007/2008,55630000,66059550.23,427163,Memphis Grizzlies,15,MEM,Tennessee,West,Southwest,22,60,0.268,100.7,106.9,-5.76,Stromile Swift,PF,28,5800000,7130382,35,4,15.7,2.7,5.1,0.525,0,0.1,0,2.7,5,0.531,0.525,1.5,2.3,0.642,1.3,2.4,3.7,0.6,0.3,1,1.1,2.1,6.8,549,15.9,0.56,0.011,0.458,9.3,17.1,13.2,6.6,0.9,4.8,15.5,20.4,0.4,0.5,0.9,0.079,-2.6,0.4,-2.2,0
2007/2008,55630000,66059550.23,427163,New Jersey Nets,3,NJN,New Jersey,East,Atlantic,34,48,0.415,95.8,100.9,-5.15,Stromile Swift,PF,28,5800000,7130382,21,0,14,2,4.2,0.477,0,0,,2,4.2,0.477,0.477,1,1.3,0.75,0.9,2.5,3.3,0.2,0.2,0.9,0.6,1.9,5,295,12.7,0.523,0,0.318,7.1,20.5,13.7,2.3,0.9,4.7,10.7,17.4,0.1,0.3,0.5,0.074,-5.3,-0.4,-5.7,-0.3
2007/2008,55630000,66059550.23,427163,#N/A,#N/A,TOT,#N/A,#N/A,#N/A,#N/A,#N/A,#N/A,#N/A,#N/A,#N/A,Wally Szczerbiak,SF,30,12775000,15705281,75,2,23.1,4.1,9.6,0.431,1.2,2.9,0.413,2.9,6.7,0.438,0.493,2,2.3,0.851,0.5,2.4,2.9,1.4,0.3,0.2,1,1.4,11.5,1736,13.9,0.539,0.302,0.242,2.2,11.8,6.9,10.1,0.7,0.5,8.7,22.1,2,0.9,2.9,0.079,-0.2,-2.5,-2.6,-0.3
2007/2008,55630000,66059550.23,427163,Seattle SuperSonics,21,SEA,Washington,West,Northwest,20,62,0.244,97.5,106.3,-8.04,Wally Szczerbiak,SF,30,12775000,15705281,50,1,23.6,4.7,10.3,0.46,1.4,3.3,0.428,3.3,6.9,0.476,0.529,2.3,2.7,0.843,0.3,2.4,2.7,1.4,0.3,0.1,1.1,1.3,13.1,1180,15.7,0.573,0.324,0.261,1.5,11.1,6.3,9.9,0.6,0.3,8.9,23,1.9,0.4,2.3,0.095,1.2,-2.9,-1.6,0.1
2007/2008,55630000,66059550.23,427163,Cleveland Cavaliers,6,CLE,Ohio,East,Central,45,37,0.549,96.4,96.7,-0.53,Wally Szczerbiak,SF,30,12775000,15705281,25,1,22.2,3,8.4,0.359,0.8,2.1,0.365,2.2,6.3,0.357,0.404,1.4,1.6,0.878,0.7,2.5,3.2,1.4,0.4,0.3,0.8,1.4,8.2,556,10.3,0.451,0.249,0.196,3.6,13.3,8.3,10.4,0.9,1,8.1,20.2,0,0.5,0.5,0.044,-3.2,-1.5,-4.7,-0.4
2007/2008,55630000,66059550.23,427163,Minnesota Timberwolves,18,MIN,Minnesota,West,Northwest,22,60,0.268,95.6,102.4,-6.26,Sebastian Telfair,PG,22,2562426,3150185,60,51,32.2,3.7,9.3,0.401,0.5,1.9,0.281,3.2,7.4,0.432,0.43,1.3,1.8,0.743,0.3,2,2.3,5.9,1,0.2,1.9,2.9,9.3,1933,10.4,0.462,0.205,0.189,0.9,7.4,4,27.7,1.6,0.5,15.6,16.6,0.2,0.5,0.7,0.018,-1.7,-2,-3.7,-0.8
2007/2008,55630000,66059550.23,427163,Dallas Mavericks,7,DAL,Texas,West,Southwest,51,31,0.622,100.4,95.9,4.7,Jason Terry,SG,30,8898000,10938989,82,34,31.5,5.7,12.3,0.467,1.7,4.4,0.375,4.1,7.9,0.519,0.535,2.3,2.7,0.857,0.4,2.2,2.5,3.2,1.1,0.2,1.1,2.1,15.5,2579,17.8,0.574,0.36,0.221,1.4,7.7,4.7,17.5,1.8,0.5,7.7,21.7,6.1,2.5,8.6,0.16,3.7,-1,2.7,3.1
2007/2008,55630000,66059550.23,427163,#N/A,#N/A,TOT,#N/A,#N/A,#N/A,#N/A,#N/A,#N/A,#N/A,#N/A,#N/A,Billy Thomas,SF,32,775426,953290,11,0,3.8,0.4,1.5,0.235,0.4,1.5,0.25,0,0.1,0,0.353,0.2,0.2,1,0,0.2,0.2,0,0.1,0,0.4,0.4,1.3,42,-1.9,0.391,0.941,0.118,0,5.6,2.7,0,1.3,0,18.3,23.7,-0.2,0,-0.1,-0.165,-7.4,-6.1,-13.5,-0.1
2007/2008,55630000,66059550.23,427163,New Jersey Nets,3,NJN,New Jersey,East,Atlantic,34,48,0.415,95.8,100.9,-5.15,Billy Thomas,SF,32,775426,953290,4,0,2,0,0.8,0,0,0.8,0,0,0,,0,0.5,0.5,1,0,0,0,0,0,0,0.3,0,0.5,8,-10.3,0.258,1,0.667,0,0,0,0,0,0,20.5,27.9,-0.1,0,-0.1,-0.389,-12.6,-8.3,-20.8,0
2007/2008,55630000,66059550.23,427163,Cleveland Cavaliers,6,CLE,Ohio,East,Central,45,37,0.549,96.4,96.7,-0.53,Billy Thomas,SF,32,775426,953290,7,0,4.9,0.6,2,0.286,0.6,1.9,0.308,0,0.1,0,0.429,0,0,,0,0.3,0.3,0,0.1,0,0.4,0.6,1.7,34,0.1,0.429,0.929,0,0,6.9,3.4,0,1.6,0,17.6,22.7,-0.1,0,-0.1,-0.112,-6.2,-5.6,-11.8,-0.1
2007/2008,55630000,66059550.23,427163,Sacramento Kings,26,SAC,California,West,Pacific,38,44,0.463,102.5,104.8,-1.86,Kenny Thomas,PF,30,7875000,9681337,23,3,12.2,0.7,1.7,0.421,0,0,,0.7,1.7,0.421,0.421,0,0.2,0,0.8,1.9,2.7,0.6,0.3,0,0.9,1.7,1.4,281,2.6,0.398,0,0.132,7.7,17.7,12.8,6.5,1.1,0.3,34.3,9.7,-0.5,0.2,-0.3,-0.047,-6,0.1,-5.9,-0.3
2007/2008,55630000,66059550.23,427163,#N/A,#N/A,TOT,#N/A,#N/A,#N/A,#N/A,#N/A,#N/A,#N/A,#N/A,#N/A,Kurt Thomas,C-PF,35,8091188,9947114,70,48,22.6,2.8,5.7,0.492,0,0,0,2.8,5.6,0.494,0.492,0.8,1.1,0.663,1.9,5.4,7.2,1,0.8,0.8,0.7,2.7,6.3,1584,14.2,0.514,0.003,0.202,9.2,26.4,17.8,6.5,1.8,2.6,9.6,13.5,1.3,2.7,4.1,0.123,-2.4,2.9,0.4,1
2007/2008,55630000,66059550.23,427163,Seattle SuperSonics,21,SEA,Washington,West,Northwest,20,62,0.244,97.5,106.3,-8.04,Kurt Thomas,C,35,8091188,9947114,42,39,25.2,3.3,6.5,0.513,0,0,,3.3,6.5,0.513,0.513,0.9,1.3,0.696,2.2,6.5,8.8,1.3,0.8,1,0.7,3.1,7.5,1060,15.8,0.536,0,0.207,9.7,28.2,19,7.6,1.6,2.9,8.7,13.2,1.4,1.6,3,0.134,-1.4,2.8,1.4,0.9
2007/2008,55630000,66059550.23,427163,San Antonio Spurs,27,SAS,Texas,West,Southwest,56,26,0.683,95.4,90.6,5.1,Kurt Thomas,PF,35,8091188,9947114,28,9,18.7,2,4.5,0.448,0,0,0,2,4.4,0.452,0.448,0.5,0.9,0.583,1.3,3.6,4.9,0.5,0.8,0.5,0.6,2,4.5,524,11.1,0.465,0.008,0.192,8.2,22.7,15.5,4.2,2.2,2,11.7,14,-0.1,1.2,1.1,0.1,-4.6,3,-1.6,0.1
2007/2008,55630000,66059550.23,427163,Los Angeles Clippers,13,LAC,California,West,Pacific,23,59,0.28,93.8,101.1,-6.56,Tim Thomas,PF,30,5632200,6924092,63,51,30.8,4.6,11.2,0.413,1.3,4.3,0.306,3.3,6.9,0.479,0.472,1.8,2.4,0.752,1,4.1,5.1,2.7,0.6,0.5,1.6,3,12.4,1940,12.2,0.505,0.384,0.217,3.7,15.6,9.6,15.7,1.1,1.1,11.3,20.7,0.3,1.4,1.7,0.042,-0.3,-0.4,-0.6,0.7
2007/2008,55630000,66059550.23,427163,Chicago Bulls,5,CHI,Illinois,East,Central,33,49,0.402,97.3,100.4,-3.19,Tyrus Thomas,PF,21,3505320,4309357,74,27,18,2.5,5.9,0.423,0,0.1,0.167,2.5,5.9,0.426,0.424,1.7,2.4,0.741,1.4,3.2,4.6,1.2,0.6,1,1,2.3,6.8,1330,14.6,0.486,0.014,0.395,8.4,21.1,14.5,11,1.9,4.2,13,19.7,0.4,2.1,2.4,0.088,-3.1,2.4,-0.7,0.5
2007/2008,55630000,66059550.23,427163,Los Angeles Clippers,13,LAC,California,West,Pacific,23,59,0.28,93.8,101.1,-6.56,Al Thornton,PF,24,1652280,2031273,79,31,27.3,4.7,11,0.429,0.5,1.6,0.331,4.2,9.4,0.447,0.454,2.7,3.6,0.743,1.2,3.3,4.5,1.2,0.6,0.5,1.6,2.5,12.7,2158,12.7,0.504,0.149,0.331,5.2,14,9.6,8.4,1.1,1.5,11.4,24.1,-0.5,1.6,1.1,0.025,-2.5,-1.3,-3.8,-1
2007/2008,55630000,66059550.23,427163,Indiana Pacers,12,IND,Indiana,East,Central,36,46,0.439,104,105.4,-1.87,Jamaal Tinsley,PG,29,6300000,7745070,39,36,33.2,4.5,11.9,0.38,1,3.6,0.284,3.5,8.3,0.422,0.423,1.8,2.6,0.72,0.6,3,3.6,8.4,1.7,0.3,3.3,2.5,11.9,1293,12.8,0.458,0.305,0.216,2,10,5.9,38.8,2.5,0.6,20.4,21.3,-0.6,1.3,0.8,0.028,-1.3,-0.7,-2,0
2007/2008,55630000,66059550.23,427163,Phoenix Suns,24,PHO,Arizona,West,Pacific,55,27,0.671,110.1,105,5.14,Alando Tucker,SF,23,931920,1145680,6,0,8,1.3,3.7,0.364,0.2,0.7,0.25,1.2,3,0.389,0.386,0.8,1,0.833,0.7,0.7,1.3,0,0,0.2,0,0.3,3.7,48,11.8,0.446,0.182,0.273,10.2,8.7,9.4,0,0,1.4,0,23,0,0,0,0.042,-4.5,-7.4,-11.8,-0.1
2007/2008,55630000,66059550.23,427163,Los Angeles Lakers,14,LAL,California,West,Pacific,57,25,0.695,108.6,101.3,7.34,Ronny Turiaf,C,25,770610,947369,78,21,18.7,2.4,5.1,0.474,0,0,0,2.4,5.1,0.475,0.474,1.8,2.4,0.753,1.2,2.7,3.9,1.6,0.4,1.4,0.9,2.6,6.6,1458,15,0.539,0.003,0.469,7.5,15.4,11.6,12.7,1,5.3,13.1,16.7,2,2.1,4.2,0.137,-1.5,2.6,1.1,1.1
2007/2008,55630000,66059550.23,427163,Orlando Magic,22,ORL,Florida,East,Southeast,52,30,0.634,104.5,99,4.79,Hidayet Turkoglu,SF,28,6373900,7835921,82,82,36.9,6.8,14.9,0.456,2,5.1,0.4,4.8,9.8,0.485,0.524,4,4.8,0.829,1,4.7,5.7,5,0.9,0.3,3,3,19.5,3026,17.8,0.576,0.34,0.321,3.3,14.2,9,22.9,1.3,0.6,15,24.8,5.6,3.5,9,0.143,2.9,0.5,3.3,4.1
2007/2008,55630000,66059550.23,427163,San Antonio Spurs,27,SAS,Texas,West,Southwest,56,26,0.683,95.4,90.6,5.1,Ime Udoka,PF,30,1000000,1229376,73,0,18,2.2,5.1,0.424,0.8,2.3,0.37,1.3,2.9,0.467,0.505,0.6,0.8,0.759,0.5,2.6,3.1,0.9,0.8,0.2,0.8,1.7,5.8,1316,11.5,0.528,0.44,0.155,3.3,17,10.2,7.7,2.3,1,12.6,16.7,0.2,2.6,2.8,0.102,-1.8,1.9,0.2,0.7
2007/2008,55630000,66059550.23,427163,Sacramento Kings,26,SAC,California,West,Pacific,38,44,0.463,102.5,104.8,-1.86,Beno Udrih,PG,25,2535445,3117015,65,51,32,5,10.9,0.463,0.8,2.1,0.387,4.2,8.8,0.482,0.501,1.9,2.3,0.85,0.5,2.8,3.3,4.3,0.9,0.2,2.3,2.1,12.8,2080,13.3,0.54,0.194,0.208,2,10.2,6.2,22.2,1.4,0.4,16.1,19.8,1.5,0.9,2.4,0.056,-0.2,-1.6,-1.7,0.1
2007/2008,55630000,66059550.23,427163,Cleveland Cavaliers,6,CLE,Ohio,East,Central,45,37,0.549,96.4,96.7,-0.53,Anderson Varejao,C,25,5356000,6584539,48,13,27.5,2.8,6.1,0.461,0,0,0,2.8,6.1,0.464,0.461,1,1.7,0.598,2.8,5.5,8.3,1.1,0.8,0.5,1.2,2.8,6.7,1320,12,0.485,0.007,0.278,11.2,23.6,17.2,6.3,1.5,1.6,15.1,13.4,0.5,1.9,2.4,0.086,-3.2,1.6,-1.6,0.1
2007/2008,55630000,66059550.23,427163,San Antonio Spurs,27,SAS,Texas,West,Southwest,56,26,0.683,95.4,90.6,5.1,Jacque Vaughn,PG,32,1219950,1499777,74,9,15.4,1.6,3.8,0.428,0,0.1,0.3,1.6,3.7,0.432,0.433,0.8,1.1,0.763,0.2,0.8,1,2.1,0.3,0,0.7,1.3,4.1,1139,9.2,0.481,0.035,0.283,1.4,6.2,3.8,21.9,1.1,0.1,14.5,15.6,0.3,1.4,1.6,0.069,-3.9,-0.9,-4.8,-0.8
2007/2008,55630000,66059550.23,427163,Milwaukee Bucks,17,MIL,Wisconsin,East,Central,26,56,0.317,97,103.9,-6.92,Charlie Villanueva,PF,23,2715000,3337756,76,31,24.1,4.7,10.7,0.435,0.7,2.4,0.297,3.9,8.3,0.475,0.469,1.6,2.1,0.783,1.9,4.2,6.1,1,0.4,0.5,1.4,2.3,11.7,1829,14.9,0.502,0.227,0.193,8.9,21.5,15,7.5,0.9,1.5,10.8,24.4,0.9,0.9,1.7,0.045,-1.4,-2.6,-4,-0.9
2007/2008,55630000,66059550.23,427163,New Orleans Hornets,19,NOH,Louisiana,West,Southwest,56,26,0.683,100.9,95.6,5.46,Marcus Vinicius,SF,23,687456,845142,13,0,5.3,0.7,1.5,0.45,0.4,0.9,0.417,0.3,0.6,0.5,0.575,0.4,0.8,0.455,0.1,0.5,0.6,0.2,0.1,0.1,0.2,0.3,2.2,69,11.6,0.564,0.6,0.55,1.7,12.1,6.8,4.3,0.8,1.1,10.8,18.8,0,0.1,0.1,0.073,-1.2,-2.5,-3.7,0
2007/2008,55630000,66059550.23,427163,Milwaukee Bucks,17,MIL,Wisconsin,East,Central,26,56,0.317,97,103.9,-6.92,Jake Voskuhl,C,30,3000000,3688128,44,0,8.8,0.8,1.8,0.463,0,0,,0.8,1.8,0.463,0.463,0.5,0.7,0.828,0.7,1.5,2.2,0.3,0.2,0.5,0.7,1.9,2.2,386,8.7,0.528,0,0.363,8.8,21.3,14.8,5.1,1.2,4.3,23.8,14.2,-0.1,0.3,0.2,0.025,-5.3,0.6,-4.7,-0.3
2007/2008,55630000,66059550.23,427163,Los Angeles Lakers,14,LAL,California,West,Pacific,57,25,0.695,108.6,101.3,7.34,Sasha Vujacic,SG,23,1756951,2159953,72,0,17.8,3,6.7,0.454,1.6,3.8,0.437,1.4,2.9,0.476,0.577,1.1,1.3,0.835,0.3,1.9,2.1,1,0.5,0.1,0.7,1.5,8.8,1279,15.1,0.605,0.56,0.189,1.7,11.3,6.7,8.7,1.4,0.3,9.1,19.8,2.4,1.2,3.6,0.136,2.1,-2.3,-0.2,0.6
2007/2008,55630000,66059550.23,427163,Miami Heat,16,MIA,Florida,East,Southeast,15,67,0.183,91.4,100,-8.53,Dwyane Wade,SG,26,13041250,16032602,51,49,38.3,8.6,18.4,0.469,0.4,1.5,0.286,8.2,16.9,0.485,0.48,6.9,9.2,0.758,0.9,3.3,4.2,6.9,1.7,0.7,4.4,2.7,24.6,1954,21.5,0.549,0.082,0.498,2.7,10.5,6.6,37.5,2.4,1.5,16.4,33.1,1.8,1.5,3.3,0.082,3,0,3,2.5
2007/2008,55630000,66059550.23,427163,#N/A,#N/A,TOT,#N/A,#N/A,#N/A,#N/A,#N/A,#N/A,#N/A,#N/A,#N/A,Von Wafer,SG,22,770610,947369,29,0,5.3,0.6,2.1,0.279,0.1,0.9,0.154,0.4,1.2,0.371,0.311,0.3,0.4,0.667,0,0.6,0.7,0.2,0.1,0.1,0.4,0.2,1.6,154,1,0.347,0.426,0.197,0.7,13.1,7,6.6,0.6,1.5,16.4,22.7,-0.6,0.1,-0.5,-0.163,-9.2,-2.9,-12.1,-0.4
2007/2008,55630000,66059550.23,427163,Denver Nuggets,8,DEN,Colorado,West,Northwest,50,32,0.61,110.7,107,3.74,Von Wafer,SG,22,770610,947369,21,0,4.3,0.5,1.8,0.263,0,0.7,0.067,0.4,1.1,0.391,0.276,0.3,0.4,0.75,0,0.4,0.5,0.2,0.1,0,0.5,0.2,1.3,90,-1.6,0.325,0.395,0.211,1.2,10.6,6,7.7,1.1,0.8,20.9,24.8,-0.5,0.1,-0.4,-0.231,-11.2,-3.3,-14.5,-0.3
2007/2008,55630000,66059550.23,427163,Portland Trail Blazers,25,POR,Oregon,West,Northwest,41,41,0.5,95.4,96.3,-0.52,Von Wafer,SG,22,770610,947369,8,0,8,0.9,2.9,0.304,0.4,1.4,0.273,0.5,1.5,0.333,0.37,0.3,0.5,0.5,0,1.1,1.1,0.3,0,0.3,0.3,0.4,2.4,64,4.7,0.384,0.478,0.174,0,16.5,8.3,5,0,2.4,7.5,19.8,-0.1,0,-0.1,-0.067,-6.5,-2.2,-8.8,-0.1
2007/2008,55630000,66059550.23,427163,Minnesota Timberwolves,18,MIN,Minnesota,West,Northwest,22,60,0.268,95.6,102.4,-6.26,Antoine Walker,PF,31,8329640,10240261,46,1,19.4,3,8.2,0.363,1.3,4.1,0.324,1.6,4.1,0.401,0.444,0.8,1.4,0.53,1.2,2.4,3.7,1,0.7,0.2,1,1.7,8,892,11.4,0.455,0.501,0.176,7.1,15,10.9,8,1.9,0.7,10.2,22.8,-0.5,0.5,0.1,0.004,-0.8,-2.1,-2.9,-0.2
2007/2008,55630000,66059550.23,427163,#N/A,#N/A,TOT,#N/A,#N/A,#N/A,#N/A,#N/A,#N/A,#N/A,#N/A,#N/A,Ben Wallace,C-PF,33,15500000,19055331,72,72,30.6,1.9,4.9,0.392,0,0.1,0,1.9,4.8,0.397,0.392,1,2.3,0.426,3.3,5.1,8.4,1.5,1.2,1.6,0.9,1.7,4.8,2205,12,0.408,0.011,0.48,11.6,19.6,15.5,6.9,2.1,4.2,13.6,10,0.1,3.5,3.6,0.078,-2.9,4.4,1.5,2
2007/2008,55630000,66059550.23,427163,Chicago Bulls,5,CHI,Illinois,East,Central,33,49,0.402,97.3,100.4,-3.19,Ben Wallace,C,33,15500000,19055331,50,50,32.5,2,5.4,0.373,0,0.1,0,2,5.3,0.378,0.373,1.1,2.5,0.424,3.5,5.3,8.8,1.8,1.4,1.6,1,1.7,5.1,1627,11.8,0.391,0.015,0.461,11.7,19.1,15.3,8.2,2.2,3.8,13.1,10.2,0,2.5,2.4,0.072,-2.5,4.7,2.1,1.7
2007/2008,55630000,66059550.23,427163,Cleveland Cavaliers,6,CLE,Ohio,East,Central,45,37,0.549,96.4,96.7,-0.53,Ben Wallace,PF,33,15500000,19055331,22,22,26.3,1.7,3.7,0.457,0,0,,1.7,3.7,0.457,0.457,0.9,2,0.432,2.7,4.7,7.4,0.6,0.9,1.7,0.8,1.6,4.2,578,12.4,0.463,0,0.543,11.3,21.2,16.1,3.3,1.8,5,15.2,9.3,0.2,1,1.2,0.097,-3.8,3.8,-0.1,0.3
2007/2008,55630000,66059550.23,427163,Charlotte Bobcats,4,CHA,North Carolina,East,Southeast,32,50,0.39,97.1,101.4,-4.49,Gerald Wallace,PF,25,9500000,11679074,62,59,38.3,6.6,14.6,0.449,1.1,3.6,0.321,5.4,11.1,0.491,0.488,5,6.9,0.731,0.9,5.1,6,3.5,2.1,0.9,2.9,3,19.4,2376,17.5,0.547,0.243,0.471,2.8,15.3,9,15.9,2.9,1.9,14.1,24.6,1.8,2.8,4.6,0.094,0.9,1.4,2.3,2.6
2007/2008,55630000,66059550.23,427163,Detroit Pistons,9,DET,Michigan,East,Central,59,23,0.72,97.5,90.1,6.67,Rasheed Wallace,C,33,12540000,15416378,77,76,30.5,4.9,11.3,0.432,1.5,4.1,0.356,3.4,7.2,0.476,0.497,1.5,1.9,0.767,1.1,5.5,6.6,1.8,1.2,1.7,1.1,2.8,12.7,2346,17.2,0.523,0.362,0.172,4.3,21.8,13,9.7,2.1,4.3,8.4,20.5,2.5,5.1,7.6,0.155,0.6,3.4,4,3.6
2007/2008,55630000,66059550.23,427163,Los Angeles Lakers,14,LAL,California,West,Pacific,57,25,0.695,108.6,101.3,7.34,Luke Walton,SF,27,4000000,4917504,74,31,23.4,2.9,6.5,0.45,0.4,1.1,0.333,2.5,5.3,0.475,0.479,1,1.5,0.706,1.1,2.8,3.9,2.9,0.8,0.2,1.4,1.8,7.2,1729,12.3,0.509,0.176,0.228,5.7,12.7,9.3,18.1,1.7,0.8,16,16,1.2,2,3.2,0.088,-0.9,0.7,-0.2,0.8
2007/2008,55630000,66059550.23,427163,Memphis Grizzlies,15,MEM,Tennessee,West,Southwest,22,60,0.268,100.7,106.9,-5.76,Hakim Warrick,PF,25,1376040,1691670,75,30,23.4,4.4,8.7,0.502,0.2,0.6,0.271,4.2,8.1,0.521,0.512,2.4,3.5,0.704,1.6,3.1,4.7,0.7,0.5,0.4,1.1,2.1,11.4,1754,16.2,0.555,0.074,0.398,7.8,15,11.4,5.2,1,1.2,10,21.6,2.5,0.8,3.3,0.09,-0.9,-2.1,-3.1,-0.5
2007/2008,55630000,66059550.23,427163,San Antonio Spurs,27,SAS,Texas,West,Southwest,56,26,0.683,95.4,90.6,5.1,Darius Washington,SG,22,154847,190365,18,0,8.1,1.2,2.7,0.438,0.2,0.7,0.333,0.9,2,0.472,0.479,0.4,0.7,0.538,0.2,0.9,1.1,0.8,0.3,0,0.8,0.9,2.9,146,9,0.493,0.25,0.271,3.3,12.8,8.1,17.1,1.9,0,20.7,22.2,-0.2,0.2,0,0.012,-4.3,0.1,-4.2,-0.1
2007/2008,55630000,66059550.23,427163,Sacramento Kings,26,SAC,California,West,Pacific,38,44,0.463,102.5,104.8,-1.86,Darryl Watkins,C,23,109461,134568,9,0,7.9,0.6,1.7,0.333,0,0,,0.6,1.7,0.333,0.333,0.2,0.6,0.4,0.6,0.8,1.3,0,0.2,0.2,0.8,0.9,1.3,71,0.5,0.349,0,0.333,8.5,11.4,10,0,1.4,2.2,28.9,15.2,-0.2,0,-0.2,-0.136,-10.1,-2.7,-12.8,-0.2
2007/2008,55630000,66059550.23,427163,Golden State Warriors,10,GSW,California,West,Pacific,48,34,0.585,111,108.8,2.38,CJ Watson,PG,23,125479,154260,32,0,11.5,1.3,3.2,0.426,0.3,0.8,0.346,1.1,2.3,0.453,0.47,0.7,0.9,0.793,0.4,0.6,1,1.1,0.5,0,0.6,0.6,3.7,368,11,0.519,0.257,0.287,3.6,5.8,4.7,12.8,2,0,13.7,15.1,0.3,0.1,0.4,0.056,-1.8,-1.9,-3.6,-0.2
2007/2008,55630000,66059550.23,427163,Seattle SuperSonics,21,SEA,Washington,West,Northwest,20,62,0.244,97.5,106.3,-8.04,Earl Watson,PG,28,5800000,7130382,78,73,29.1,4.3,9.6,0.454,0.6,1.7,0.371,3.7,7.9,0.472,0.487,1.4,1.9,0.766,0.6,2.3,2.9,6.8,0.9,0.1,2.2,2,10.7,2269,14.6,0.517,0.177,0.194,2.1,8.7,5.4,36.6,1.5,0.3,17.8,18.8,1.7,1.1,2.9,0.061,0.2,-1.8,-1.6,0.3
2007/2008,55630000,66059550.23,427163,Golden State Warriors,10,GSW,California,West,Pacific,48,34,0.585,111,108.8,2.38,Chris Webber,PF,34,19602173,24098445,9,8,14,1.7,3.4,0.484,0,0,,1.7,3.4,0.484,0.484,0.6,1.3,0.417,0.2,3.3,3.6,2,0.4,0.7,1.2,1.9,3.9,126,10.7,0.482,0,0.387,1.6,26.5,13.6,19.3,1.5,3.5,23.3,15.8,-0.1,0.2,0.1,0.025,-5.8,2.3,-3.5,0
2007/2008,55630000,66059550.23,427163,Portland Trail Blazers,25,POR,Oregon,West,Northwest,41,41,0.5,95.4,96.3,-0.52,Martell Webster,SF,21,2974080,3656263,75,70,28.4,3.7,8.7,0.422,1.6,4.2,0.388,2.1,4.5,0.454,0.516,1.6,2.2,0.735,0.7,3.2,3.9,1.2,0.6,0.4,1.1,2.1,10.7,2132,12,0.548,0.483,0.253,3,13.3,8.2,7,1.1,1,10.2,18,1.8,1.7,3.5,0.079,0.4,-0.3,0,1.1
2007/2008,55630000,66059550.23,427163,#N/A,#N/A,TOT,#N/A,#N/A,#N/A,#N/A,#N/A,#N/A,#N/A,#N/A,#N/A,Bonzi Wells,SG,31,2284200,2808141,73,7,21.4,3.5,7.8,0.443,0.2,0.7,0.24,3.3,7.1,0.462,0.453,2,3.1,0.643,1.2,3.4,4.5,1.3,1,0.4,1.4,2.2,9.1,1562,14.4,0.495,0.088,0.399,6.2,17.8,12,10.2,2.6,1.5,13.3,22.7,-0.1,3,3,0.092,-2.9,1.9,-1,0.4
2007/2008,55630000,66059550.23,427163,Houston Rockets,11,HOU,Texas,West,Southwest,55,27,0.671,96.7,92,4.83,Bonzi Wells,SG,31,2284200,2808141,51,7,22,3.4,8.1,0.425,0.2,0.7,0.211,3.3,7.3,0.447,0.434,2.2,3.4,0.638,1.2,3.9,5.1,1.6,1,0.5,1.5,2.2,9.2,1124,14.1,0.48,0.092,0.422,6.4,19.5,13,11.8,2.4,1.6,13.5,22.9,-0.2,2.4,2.1,0.091,-3.2,2.3,-0.9,0.3
2007/2008,55630000,66059550.23,427163,New Orleans Hornets,19,NOH,Louisiana,West,Southwest,56,26,0.683,100.9,95.6,5.46,Bonzi Wells,SG,31,2284200,2808141,22,0,19.9,3.5,7.1,0.49,0.2,0.5,0.333,3.3,6.6,0.503,0.503,1.6,2.4,0.66,1,2.3,3.2,0.8,1.1,0.4,1.2,2,8.8,438,15.1,0.535,0.076,0.338,5.5,13.7,9.5,6.2,2.9,1.4,13,22,0.2,0.7,0.8,0.093,-2.1,0.8,-1.2,0.1
2007/2008,55630000,66059550.23,427163,New Orleans Hornets,19,NOH,Louisiana,West,Southwest,56,26,0.683,100.9,95.6,5.46,David West,PF,27,10650000,13092857,76,76,37.8,8.3,17.2,0.482,0.1,0.3,0.24,8.2,16.8,0.487,0.484,3.9,4.6,0.85,2.4,6.5,8.9,2.3,0.8,1.3,2.2,2.7,20.6,2870,19.9,0.535,0.019,0.27,7.2,20.6,13.7,10.6,1.2,2.7,10.2,26.3,4.3,4,8.4,0.14,-0.2,1.4,1.1,2.3
2007/2008,55630000,66059550.23,427163,#N/A,#N/A,TOT,#N/A,#N/A,#N/A,#N/A,#N/A,#N/A,#N/A,#N/A,#N/A,Delonte West,PG,24,1889760,2323226,61,31,25.1,3.2,7.8,0.413,0.8,2.2,0.356,2.4,5.6,0.435,0.463,1.1,1.5,0.736,0.5,2.7,3.2,3.8,1,0.5,1.9,1.7,8.3,1533,12.1,0.492,0.284,0.192,2.2,11.9,7,23.5,2,1.4,18.5,18.3,-0.2,1.5,1.3,0.041,-1.8,0.4,-1.4,0.2
2007/2008,55630000,66059550.23,427163,Seattle SuperSonics,21,SEA,Washington,West,Northwest,20,62,0.244,97.5,106.3,-8.04,Delonte West,PG,24,1889760,2323226,35,5,20.8,2.8,7.1,0.388,0.5,1.6,0.339,2.2,5.5,0.402,0.426,0.7,1.1,0.667,0.4,2.4,2.7,3.2,0.9,0.3,1.9,1.3,6.8,727,9.8,0.447,0.224,0.156,2,12.4,7.2,23.7,2.1,1,19.8,19.8,-1,0.6,-0.4,-0.028,-3.4,0.2,-3.3,-0.2
2007/2008,55630000,66059550.23,427163,Cleveland Cavaliers,6,CLE,Ohio,East,Central,45,37,0.549,96.4,96.7,-0.53,Delonte West,PG,24,1889760,2323226,26,26,31,3.8,8.7,0.44,1.1,3,0.367,2.7,5.6,0.479,0.504,1.6,2,0.788,0.7,3,3.7,4.5,1.1,0.7,2,2.3,10.3,806,14.1,0.541,0.351,0.231,2.5,11.5,6.9,23.3,1.9,1.9,17.1,16.8,0.8,0.9,1.7,0.104,-0.3,0.6,0.3,0.5
2007/2008,55630000,66059550.23,427163,Atlanta Hawks,1,ATL,Georgia,East,Southeast,37,45,0.451,98.2,100,-2.23,Mario West,SG,23,427163,525144,64,2,4.2,0.3,0.8,0.429,0,0.1,0,0.3,0.7,0.467,0.429,0.3,0.4,0.654,0.4,0.3,0.8,0.2,0.2,0.1,0.1,1,0.9,269,8.6,0.488,0.082,0.531,11.3,9.5,10.4,7.2,2.4,1.1,13,11.7,0.2,0.2,0.5,0.082,-1.9,0,-1.9,0
2007/2008,55630000,66059550.23,427163,Seattle SuperSonics,21,SEA,Washington,West,Northwest,20,62,0.244,97.5,106.3,-8.04,Chris Wilcox,PF,25,6500000,7990945,62,55,28,5.4,10.3,0.524,0,0,0,5.4,10.2,0.526,0.524,2.6,4,0.645,2,5,7,1.2,0.7,0.6,1.7,2.8,13.4,1739,16.3,0.554,0.005,0.389,7.9,19.2,13.6,7.1,1.3,1.5,12.1,21.2,1.7,1.6,3.4,0.093,-0.9,0,-0.9,0.5
2007/2008,55630000,66059550.23,427163,Seattle SuperSonics,21,SEA,Washington,West,Northwest,20,62,0.244,97.5,106.3,-8.04,Damien Wilkins,SF,28,2900000,3565191,76,31,24.3,3.6,8.9,0.403,0.7,2,0.323,2.9,6.8,0.427,0.44,1.4,1.9,0.736,0.9,2.3,3.2,2,0.8,0.3,1.2,1.7,9.2,1843,11.3,0.474,0.23,0.214,4.3,10.2,7.2,12.7,1.7,0.7,10.8,19.4,-0.1,1.2,1,0.027,-1.4,-0.4,-1.9,0.1
2007/2008,55630000,66059550.23,427163,#N/A,#N/A,TOT,#N/A,#N/A,#N/A,#N/A,#N/A,#N/A,#N/A,#N/A,#N/A,Mike Wilks,PG,28,229432,282057,15,0,12.5,1.1,2.4,0.472,0.2,0.5,0.375,0.9,1.9,0.5,0.514,0.3,0.3,1,0.3,0.9,1.3,0.9,0.6,0,0.6,0.9,2.7,188,8.6,0.543,0.222,0.111,3,8.3,5.6,11.3,2.4,0,19.2,10.7,0,0.2,0.2,0.052,-2.6,-0.4,-2.9,0
2007/2008,55630000,66059550.23,427163,Denver Nuggets,8,DEN,Colorado,West,Northwest,50,32,0.61,110.7,107,3.74,Mike Wilks,PG,28,229432,282057,8,0,15.3,1.3,2.9,0.435,0.3,0.6,0.4,1,2.3,0.444,0.478,0.3,0.3,1,0.5,1,1.5,0.8,0.6,0,0.6,1.1,3,122,6.4,0.503,0.217,0.087,3.6,7,5.3,6.6,2,0,17.3,10.1,0,0.1,0.1,0.032,-3.3,-0.3,-3.6,0
2007/2008,55630000,66059550.23,427163,Washington Wizards,30,WAS,Washington DC,East,Southeast,43,39,0.524,98.8,99.2,-0.61,Mike Wilks,PG,28,229432,282057,4,0,11,0.5,1,0.5,0.3,0.5,0.5,0.3,0.5,0.5,0.625,0,0,,0.3,1.3,1.5,0.8,0.8,0,0.3,0.5,1.3,44,10.1,0.625,0.5,0,2.6,13.7,8,9.7,3.7,0,20,5.2,0,0,0.1,0.094,-1.4,1.6,0.2,0
2007/2008,55630000,66059550.23,427163,Seattle SuperSonics,21,SEA,Washington,West,Northwest,20,62,0.244,97.5,106.3,-8.04,Mike Wilks,PG,28,229432,282057,3,0,7.3,1.7,3,0.556,0,0.3,0,1.7,2.7,0.625,0.556,0.7,0.7,1,0,0.3,0.3,1.7,0.3,0,1,0.7,4,22,17.7,0.607,0.111,0.222,0,4.9,2.5,40.5,2.3,0,23.3,25.3,0,0,0,0.074,-0.6,-4.9,-5.6,0
2007/2008,55630000,66059550.23,427163,Los Angeles Clippers,13,LAC,California,West,Pacific,23,59,0.28,93.8,101.1,-6.56,Aaron Williams,C,36,1890000,2323521,30,5,9.9,0.9,1.8,0.491,0,0,,0.9,1.8,0.491,0.491,0.5,0.6,0.778,0.5,1.5,2,0.3,0.4,0.5,0.4,1.5,2.3,297,10.3,0.54,0,0.327,5.8,18,11.9,4.9,2.1,3.8,17.1,11.8,0,0.4,0.4,0.072,-4.7,2.4,-2.3,0
2007/2008,55630000,66059550.23,427163,Utah Jazz,29,UTA,Utah,West,Northwest,54,28,0.659,106.2,99.3,6.86,Deron Williams,PG,23,4010640,4930585,82,82,37.3,6.9,13.6,0.507,1,2.6,0.395,5.9,11.1,0.533,0.544,4,5,0.803,0.4,2.5,3,10.5,1.1,0.3,3.4,2.4,18.8,3059,20.8,0.595,0.188,0.368,1.4,8.3,4.9,43.6,1.5,0.6,17.7,23.1,8.9,2.3,11.3,0.177,4.3,-2.2,2.1,3.2
2007/2008,55630000,66059550.23,427163,Miami Heat,16,MIA,Florida,East,Southeast,15,67,0.183,91.4,100,-8.53,Jason Williams,PG,32,8937500,10987550,67,53,28.1,3.1,8.2,0.384,1.4,4.1,0.353,1.7,4.1,0.415,0.472,1,1.2,0.863,0.2,1.8,1.9,4.6,1.2,0.1,1.4,1.4,8.8,1886,12.7,0.502,0.5,0.145,0.8,7.6,4.1,27.3,2.3,0.2,13.5,17,1,1.1,2.1,0.052,-0.2,-2,-2.2,-0.1
2007/2008,55630000,66059550.23,427163,#N/A,#N/A,TOT,#N/A,#N/A,#N/A,#N/A,#N/A,#N/A,#N/A,#N/A,#N/A,Justin Williams,C,23,862456,1060282,23,0,5.3,0.6,1.3,0.448,0,0,,0.6,1.3,0.448,0.448,0.3,1.1,0.308,0.9,1.3,2.1,0,0.2,0.2,0.2,0.7,1.5,123,13.2,0.42,0,0.897,19.5,27.3,23.5,0,2.1,3.1,9,16.2,0,0.2,0.2,0.071,-5.9,-4.4,-10.3,-0.3
2007/2008,55630000,66059550.23,427163,Sacramento Kings,26,SAC,California,West,Pacific,38,44,0.463,102.5,104.8,-1.86,Justin Williams,C,23,862456,1060282,22,0,5.3,0.5,1.2,0.462,0,0,,0.5,1.2,0.462,0.462,0.3,1,0.318,0.9,1.3,2.2,0,0.2,0.2,0.1,0.6,1.4,117,14.5,0.434,0,0.846,19.6,28.7,24.2,0,2.2,3.3,7.8,14.8,0.1,0.2,0.2,0.096,-5.3,-4.1,-9.4,-0.2
2007/2008,55630000,66059550.23,427163,Houston Rockets,11,HOU,Texas,West,Southwest,55,27,0.671,96.7,92,4.83,Justin Williams,C,23,862456,1060282,1,0,6,1,3,0.333,0,0,,1,3,0.333,0.333,1,4,0.25,1,0,1,0,0,0,1,3,3,6,-13,0.315,0,1.333,19.1,0,9.4,0,0,0,17.4,43.9,-0.1,0,-0.1,-0.425,-17.4,-10.8,-28.2,0
2007/2008,55630000,66059550.23,427163,Philadelphia 76ers,23,PHI,Pennsylvania,East,Atlantic,40,42,0.488,96.6,96.2,0.19,Louis Williams,PG,21,770610,947369,80,0,23.3,4,9.4,0.424,0.7,1.9,0.359,3.3,7.5,0.441,0.461,2.8,3.6,0.783,0.5,1.6,2.1,3.2,1,0.2,1.6,1.6,11.5,1862,16.7,0.523,0.203,0.386,2.6,8.1,5.3,22.6,2.3,0.6,12.4,24.3,2.5,1.8,4.4,0.112,1,-1.2,-0.2,0.8
2007/2008,55630000,66059550.23,427163,New Jersey Nets,3,NJN,New Jersey,East,Atlantic,34,48,0.415,95.8,100.9,-5.15,Marcus Williams,PG,22,1193090,1466755,53,7,16.1,2.1,5.5,0.379,1,2.7,0.38,1.1,2.8,0.377,0.471,0.7,0.9,0.787,0.3,1.6,1.9,2.6,0.5,0.1,1.4,1,5.9,854,11,0.499,0.485,0.16,1.9,11.8,6.9,27.8,1.5,0.3,19.3,20.8,-0.4,0.5,0.2,0.009,-1.6,-2.3,-3.9,-0.4
2007/2008,55630000,66059550.23,427163,#N/A,#N/A,TOT,#N/A,#N/A,#N/A,#N/A,#N/A,#N/A,#N/A,#N/A,#N/A,Marcus Williams,PF-SF,21,1193090,1466755,11,0,3.3,0.5,1.8,0.25,0,0,,0.5,1.8,0.25,0.25,0,0,,0.4,0.7,1.1,0.3,0.1,0.1,0,0.3,0.9,36,6.8,0.25,0,0,12.7,25.8,19.2,14.8,1.4,2.1,0,25.7,-0.1,0,-0.1,-0.134,-8.4,-0.5,-8.9,-0.1
2007/2008,55630000,66059550.23,427163,San Antonio Spurs,27,SAS,Texas,West,Southwest,56,26,0.683,95.4,90.6,5.1,Marcus Williams,SF,21,1193090,1466755,1,0,2,0,1,0,0,0,,0,1,0,0,0,0,,0,0,0,0,0,1,0,0,0,2,0,0,0,0,0,0,0,0,0,37.9,0,23.9,0,0,0,-0.364,-24.7,16.9,-7.8,0
2007/2008,55630000,66059550.23,427163,Los Angeles Clippers,13,LAC,California,West,Pacific,23,59,0.28,93.8,101.1,-6.56,Marcus Williams,PF,21,1193090,1466755,10,0,3.4,0.5,1.9,0.263,0,0,,0.5,1.9,0.263,0.263,0,0,,0.4,0.8,1.2,0.3,0.1,0,0,0.3,1,34,7.2,0.263,0,0,13.5,27.4,20.4,15.6,1.5,0,0,25.8,-0.1,0,-0.1,-0.121,-7.5,-1.5,-9,-0.1
2007/2008,55630000,66059550.23,427163,Atlanta Hawks,1,ATL,Georgia,East,Southeast,37,45,0.451,98.2,100,-2.23,Marvin Williams,SF,21,4466040,5490443,80,80,34.6,5.3,11.5,0.462,0,0.1,0.1,5.3,11.4,0.466,0.462,4.2,5.1,0.822,1.5,4.2,5.7,1.7,1,0.4,1.6,2.8,14.8,2765,14.5,0.54,0.011,0.446,5,14.2,9.6,8.3,1.5,0.9,10.4,20.1,3.6,2.1,5.7,0.099,-1,-0.6,-1.6,0.3
2007/2008,55630000,66059550.23,427163,Milwaukee Bucks,17,MIL,Wisconsin,East,Central,26,56,0.317,97,103.9,-6.92,Maurice Williams,PG,25,7750000,9527665,66,66,36.5,6.7,13.9,0.48,1.3,3.5,0.385,5.3,10.4,0.512,0.528,2.5,2.9,0.856,0.6,2.9,3.5,6.3,1.2,0.2,2.8,2.8,17.2,2410,17,0.566,0.251,0.211,1.7,9.8,5.6,30,1.7,0.3,15.3,22.1,4.1,0.5,4.5,0.091,2.6,-2.3,0.2,1.4
2007/2008,55630000,66059550.23,427163,New Jersey Nets,3,NJN,New Jersey,East,Atlantic,34,48,0.415,95.8,100.9,-5.15,Sean Williams,C,21,1416600,1741534,73,29,17.5,2.2,4.2,0.538,0,0,,2.2,4.2,0.538,0.538,1.1,1.8,0.609,1.6,2.8,4.4,0.4,0.4,1.5,1,2.6,5.6,1278,13.9,0.563,0,0.436,10.4,18.8,14.6,3.7,1.1,6.5,16.1,15.5,0.8,1.7,2.5,0.093,-3.6,2.1,-1.6,0.1
2007/2008,55630000,66059550.23,427163,Indiana Pacers,12,IND,Indiana,East,Central,36,46,0.439,104,105.4,-1.87,Shawne Williams,SF,21,1470360,1807625,65,3,14.9,2.4,5.7,0.427,0.7,2.1,0.314,1.8,3.6,0.494,0.485,1.2,1.6,0.717,0.8,1.9,2.7,0.9,0.4,0.4,0.9,2,6.7,967,12.8,0.522,0.368,0.285,6,14,9.9,9.8,1.3,2,12.2,21.3,0.4,1,1.4,0.069,-1.4,-0.9,-2.3,-0.1
2007/2008,55630000,66059550.23,427163,#N/A,#N/A,TOT,#N/A,#N/A,#N/A,#N/A,#N/A,#N/A,#N/A,#N/A,#N/A,Shelden Williams,PF,24,3174240,3902335,64,0,12.1,1.4,3.3,0.434,0,0,0,1.4,3.3,0.438,0.434,1.1,1.6,0.676,1.1,2.1,3.2,0.3,0.3,0.3,0.5,1.7,4,776,11.9,0.494,0.009,0.495,10.4,20.5,15.5,3.8,1.5,2.1,11.9,17,0.4,0.8,1.2,0.072,-3.9,-1.2,-5,-0.6
2007/2008,55630000,66059550.23,427163,Atlanta Hawks,1,ATL,Georgia,East,Southeast,37,45,0.451,98.2,100,-2.23,Shelden Williams,PF,24,3174240,3902335,36,0,11.5,1,2.8,0.37,0,0,0,1,2.8,0.374,0.37,1,1.4,0.686,0.9,2,3,0.3,0.4,0.3,0.4,1.7,3,414,9.8,0.445,0.01,0.51,9.6,20.5,15.1,4,1.7,2,10.3,14.9,0,0.5,0.5,0.06,-4.6,-0.5,-5.1,-0.3
2007/2008,55630000,66059550.23,427163,Sacramento Kings,26,SAC,California,West,Pacific,38,44,0.463,102.5,104.8,-1.86,Shelden Williams,PF,24,3174240,3902335,28,0,12.9,2,4,0.491,0,0,0,2,4,0.495,0.491,1.3,1.9,0.667,1.2,2.3,3.5,0.3,0.3,0.4,0.8,1.8,5.2,362,14.2,0.538,0.009,0.482,11.3,20.5,16,3.6,1.3,2.1,13.4,19.4,0.3,0.3,0.7,0.087,-3,-1.9,-4.9,-0.3
2007/2008,55630000,66059550.23,427163,Houston Rockets,11,HOU,Texas,West,Southwest,55,27,0.671,96.7,92,4.83,Loren Woods,C,29,#N/A,#N/A,7,0,2.4,0.4,0.7,0.6,0,0,,0.4,0.7,0.6,0.6,0,0,,0,0.1,0.1,0.3,0,0,0,0.3,0.9,17,13.4,0.6,0,0,0,6.5,3.3,20.1,0,0,0,13.4,0,0,0.1,0.179,-1.3,-3.2,-4.5,0
2007/2008,55630000,66059550.23,427163,Sacramento Kings,26,SAC,California,West,Pacific,38,44,0.463,102.5,104.8,-1.86,Metta World Peace,SF,28,7400000,9097384,57,54,38.1,7.6,16.9,0.453,1.5,3.9,0.38,6.2,13,0.475,0.497,3.7,5.2,0.719,1.8,4,5.8,3.5,2.3,0.7,2.6,2.8,20.5,2172,18.8,0.535,0.23,0.307,5.6,12.1,8.9,16.2,3.1,1.4,11.9,25.5,2.4,2.2,4.7,0.103,2.2,0.5,2.7,2.6
2007/2008,55630000,66059550.23,427163,#N/A,#N/A,TOT,#N/A,#N/A,#N/A,#N/A,#N/A,#N/A,#N/A,#N/A,#N/A,Antoine Wright,SG,23,1680600,2066089,56,10,22,2.4,5.9,0.413,0.6,2,0.291,1.9,3.9,0.475,0.462,0.8,1.2,0.687,0.7,1.9,2.6,1.4,0.5,0.4,0.9,2.3,6.3,1232,8.4,0.488,0.334,0.204,3.8,10,6.9,10.5,1.2,1.3,12.2,15.2,0,0.8,0.8,0.029,-2.4,-0.4,-2.8,-0.2
2007/2008,55630000,66059550.23,427163,New Jersey Nets,3,NJN,New Jersey,East,Atlantic,34,48,0.415,95.8,100.9,-5.15,Antoine Wright,SG,23,1680600,2066089,41,10,25.8,2.8,7,0.401,0.7,2.5,0.267,2.1,4.5,0.473,0.448,1,1.4,0.707,0.9,2.2,3,1.6,0.6,0.4,1,2.6,7.3,1056,8.3,0.477,0.352,0.202,3.8,9.9,6.9,10.4,1.3,1.3,11.1,15.2,-0.1,0.6,0.5,0.025,-2.4,-0.4,-2.8,-0.2
2007/2008,55630000,66059550.23,427163,Dallas Mavericks,7,DAL,Texas,West,Southwest,51,31,0.622,100.4,95.9,4.7,Antoine Wright,SG,23,1680600,2066089,15,0,11.7,1.4,2.8,0.5,0.3,0.6,0.556,1.1,2.2,0.485,0.56,0.3,0.6,0.556,0.3,1.1,1.5,0.9,0.1,0.3,0.7,1.5,3.5,176,9,0.566,0.214,0.214,3.4,10.8,7.2,11.4,0.6,1.7,19.3,15.1,0,0.2,0.2,0.056,-2.4,-0.3,-2.6,0
2007/2008,55630000,66059550.23,427163,Golden State Warriors,10,GSW,California,West,Pacific,48,34,0.585,111,108.8,2.38,Brandan Wright,PF,20,2323080,2855939,38,6,9.9,1.6,2.9,0.554,0,0,,1.6,2.9,0.554,0.554,0.7,1.1,0.675,1,1.6,2.6,0.2,0.2,0.6,0.3,0.9,4,376,17.2,0.583,0,0.357,10.4,18.1,14.1,3.4,0.8,4.3,9.1,16,0.8,0.3,1.1,0.142,-1.8,-0.6,-2.4,0
2007/2008,55630000,66059550.23,427163,Miami Heat,16,MIA,Florida,East,Southeast,15,67,0.183,91.4,100,-8.53,Dorell Wright,SF,22,2040746,2508844,44,34,25.1,3.3,6.7,0.488,0.1,0.3,0.364,3.2,6.4,0.493,0.495,1.3,1.6,0.826,1.1,3.9,5,1.4,0.7,0.9,0.7,1.8,7.9,1104,14.4,0.537,0.038,0.235,5.1,19,11.9,9.4,1.4,3,8.2,15.1,1.2,1.1,2.2,0.096,-2.3,1.4,-0.8,0.3
2007/2008,55630000,66059550.23,427163,New Orleans Hornets,19,NOH,Louisiana,West,Southwest,56,26,0.683,100.9,95.6,5.46,Julian Wright,SF,20,1739160,2138081,57,1,11.2,1.6,3,0.533,0.2,0.4,0.417,1.4,2.5,0.552,0.562,0.6,0.9,0.635,0.6,1.5,2.1,0.7,0.5,0.2,0.6,0.8,3.9,640,15.4,0.581,0.142,0.308,5.9,15.7,10.7,9.5,2.4,1.5,15.1,16.4,0.7,0.9,1.7,0.126,-1,1.6,0.6,0.4
2007/2008,55630000,66059550.23,427163,#N/A,#N/A,TOT,#N/A,#N/A,#N/A,#N/A,#N/A,#N/A,#N/A,#N/A,#N/A,Lorenzen Wright,C,32,3250000,3995472,18,1,8.9,0.3,1.2,0.286,0,0,,0.3,1.2,0.286,0.286,0.2,0.3,0.5,0.4,1.7,2.1,0.2,0.2,0.2,0.2,1.7,0.8,161,2.5,0.317,0,0.286,5.8,21.6,13.8,3.5,1,1.4,14.5,7.8,-0.2,0.2,0,0.001,-7,0.1,-6.9,-0.2
2007/2008,55630000,66059550.23,427163,Atlanta Hawks,1,ATL,Georgia,East,Southeast,37,45,0.451,98.2,100,-2.23,Lorenzen Wright,C,32,3250000,3995472,13,1,11.4,0.4,1.3,0.294,0,0,,0.4,1.3,0.294,0.294,0.2,0.5,0.5,0.5,2.3,2.8,0.2,0.2,0.2,0.2,2,1,148,3.7,0.331,0,0.353,5.5,23.5,14.6,2.8,1.1,1.5,9.2,6.6,-0.1,0.2,0.1,0.028,-6.5,0.4,-6.1,-0.2
2007/2008,55630000,66059550.23,427163,Sacramento Kings,26,SAC,California,West,Pacific,38,44,0.463,102.5,104.8,-1.86,Lorenzen Wright,C,32,3250000,3995472,5,0,2.6,0.2,0.8,0.25,0,0,,0.2,0.8,0.25,0.25,0,0,,0.2,0,0.2,0.2,0,0,0.4,1,0.4,13,-11.7,0.25,0,0,9.3,0,4.5,11.1,0,0,33.3,20.6,-0.1,0,-0.1,-0.304,-12.2,-4.3,-16.5,0
2007/2008,55630000,66059550.23,427163,Washington Wizards,30,WAS,Washington DC,East,Southeast,43,39,0.524,98.8,99.2,-0.61,Nick Young,SG,22,1491240,1833295,75,2,15.4,2.8,6.4,0.439,0.5,1.3,0.4,2.3,5,0.45,0.481,1.3,1.7,0.815,0.3,1.2,1.5,0.8,0.5,0.1,1.3,1.7,7.5,1158,11.6,0.527,0.209,0.259,2.3,9.6,5.8,9.6,1.6,0.5,15,24.9,-0.1,0.6,0.4,0.017,-2.5,-3.1,-5.6,-1.1
2007/2008,55630000,66059550.23,427163,Philadelphia 76ers,23,PHI,Pennsylvania,East,Atlantic,40,42,0.488,96.6,96.2,0.19,Thaddeus Young,PF,19,1830720,2250643,74,22,21,3.6,6.6,0.539,0.1,0.3,0.316,3.5,6.4,0.548,0.545,1,1.4,0.738,1.6,2.6,4.2,0.8,1,0.1,0.9,1.7,8.2,1554,16.5,0.57,0.039,0.21,9.1,14.8,11.9,6.2,2.5,0.4,10.7,17.4,2.6,2,4.5,0.14,0.3,0.3,0.6,1
2006/2007,53135000,65516964.37,412718,Sacramento Kings,26,SAC,California,West,Pacific,33,49,0.402,101.3,103.1,-1.35,Shareef Abdur-Rahim,C,30,5400000,6817014,80,45,25.2,3.9,8.2,0.474,0,0.3,0.15,3.8,7.9,0.484,0.476,2.1,2.9,0.726,1.5,3.5,5,1.4,0.7,0.5,1.5,3,9.9,2015,13.1,0.524,0.031,0.358,7,16.4,11.6,9.2,1.3,1.5,13.3,19.5,1.1,1.7,2.8,0.067,-2.1,0,-2.1,-0.1
2006/2007,53135000,65516964.37,412718,New Jersey Nets,3,NJN,New Jersey,East,Atlantic,41,41,0.5,97.6,98.3,-1,Hassan Adams,SG,22,412718,521019,61,8,8.1,1.2,2.2,0.556,0,0,0,1.2,2.2,0.56,0.556,0.4,0.6,0.667,0.6,0.7,1.3,0.2,0.3,0.1,0.4,0.8,2.9,495,13,0.577,0.007,0.267,8.4,9.9,9.2,4.5,1.8,0.6,12.7,16.3,0.5,0.5,1,0.095,-2.4,-1.2,-3.6,-0.2
2006/2007,53135000,65516964.37,412718,Dallas Mavericks,7,DAL,Texas,West,Southwest,67,15,0.817,100,92.8,7.28,Maurice Ager,SG,22,906480,1144349,32,1,6.7,0.7,2.2,0.314,0.2,0.5,0.333,0.5,1.7,0.309,0.35,0.6,1,0.606,0,0.6,0.7,0.2,0.1,0.1,0.5,0.8,2.2,214,2.9,0.408,0.214,0.471,0.6,11,5.9,5,1,1.1,15.1,21.7,-0.5,0.2,-0.3,-0.06,-7.5,-1.8,-9.3,-0.4
2006/2007,53135000,65516964.37,412718,Portland Trail Blazers,25,POR,Oregon,West,Northwest,32,50,0.39,94.1,98.4,-3.78,LaMarcus Aldridge,C,21,4027320,5084129,63,22,22.1,3.8,7.6,0.503,0,0,0,3.8,7.6,0.505,0.503,1.3,1.8,0.722,2.3,2.7,5,0.4,0.3,1.2,0.7,3,9,1392,17.1,0.533,0.004,0.24,12.6,15.3,13.9,3.2,0.9,4.2,7.5,19.3,2.5,1,3.4,0.118,-0.3,-0.6,-0.9,0.4
2006/2007,53135000,65516964.37,412718,Chicago Bulls,5,CHI,Illinois,East,Central,49,33,0.598,98.8,93.8,4.52,Malik Allen,PF,28,1803600,2276882,60,1,10.6,1.8,4.3,0.415,0,0,0,1.8,4.3,0.416,0.415,0.5,0.6,0.824,0.7,1.3,2,0.3,0.3,0.3,0.4,1.4,4,638,10.4,0.443,0.004,0.132,7.6,13.7,10.6,4.2,1.4,2,7.1,20.5,-0.2,1.1,1,0.073,-4.9,-0.3,-5.2,-0.5
2006/2007,53135000,65516964.37,412718,Seattle SuperSonics,21,SEA,Washington,West,Northwest,31,51,0.378,99.1,102,-2.45,Ray Allen,SG,31,14611570,18445792,55,55,40.3,9.2,21,0.438,3,8.1,0.372,6.2,12.9,0.479,0.51,5.1,5.6,0.903,1,3.5,4.5,4.1,1.5,0.2,2.8,2.1,26.4,2219,21.6,0.564,0.384,0.268,3.1,10.4,6.7,19,1.9,0.4,10.7,29.5,5.4,0.9,6.3,0.136,5.4,-2.1,3.4,3
2006/2007,53135000,65516964.37,412718,Boston Celtics,2,BOS,Massachusetts,East,Atlantic,24,58,0.293,95.8,99.2,-3.7,Tony Allen,SG,25,1037280,1309472,33,18,24.4,4,7.8,0.514,0.2,1,0.242,3.8,6.8,0.553,0.529,3.2,4.1,0.784,1.1,2.7,3.8,1.7,1.5,0.4,2.3,2.6,11.5,805,17,0.596,0.127,0.517,5.1,13.6,9.2,12.5,3.2,1.2,19.1,22.1,0.8,1.1,1.9,0.111,0,1.1,1.1,0.6
2006/2007,53135000,65516964.37,412718,Houston Rockets,11,HOU,Texas,West,Southwest,52,30,0.634,97,92.1,5.04,Rafer Alston,PG,30,4200000,5302122,82,82,37.1,4.7,12.4,0.375,2.3,6.5,0.363,2.3,6,0.389,0.47,1.6,2.2,0.734,0.4,3.1,3.4,5.4,1.6,0.1,2.1,2.4,13.3,3040,12.9,0.496,0.519,0.174,1.1,9.5,5.3,24.1,2.2,0.3,13.4,19.4,1.7,4.9,6.6,0.104,0.4,0.9,1.3,2.5
2006/2007,53135000,65516964.37,412718,#N/A,#N/A,TOT,#N/A,#N/A,#N/A,#N/A,#N/A,#N/A,#N/A,#N/A,#N/A,Louis Amundson,PF,24,105696,132627.3408,11,0,8.1,0.5,1.4,0.4,0,0,,0.5,1.4,0.4,0.4,0.4,0.9,0.4,1.2,1.4,2.5,0.1,0.1,0.7,0.5,1.4,1.5,89,9.6,0.412,0,0.667,17.6,20.2,18.9,1.7,0.6,6.9,20.5,12.7,-0.1,0.1,0.1,0.039,-5.5,1.4,-4.1,0
2006/2007,53135000,65516964.37,412718,Utah Jazz,29,UTA,Utah,West,Northwest,51,31,0.622,101.5,98.6,3.06,Louis Amundson,PF,24,105696,132627.3408,1,0,2,0,0,,0,0,,0,0,,,0,0,,0,0,0,0,0,0,0,0,0,2,0,,,,0,0,0,0,0,0,,0,0,0,0,-0.004,-5.3,0.2,-5.1,0
2006/2007,53135000,65516964.37,412718,Philadelphia 76ers,23,PHI,Pennsylvania,East,Atlantic,35,47,0.427,94.9,98,-3.26,Louis Amundson,PF,24,105696,132627.3408,10,0,8.7,0.6,1.5,0.4,0,0,,0.6,1.5,0.4,0.4,0.4,1,0.4,1.3,1.5,2.8,0.1,0.1,0.8,0.5,1.5,1.6,87,9.8,0.412,0,0.667,18,20.6,19.3,1.7,0.6,7.1,20.5,13,-0.1,0.1,0.1,0.04,-5.5,1.4,-4.1,0
2006/2007,53135000,65516964.37,412718,Charlotte Bobcats,4,CHA,North Carolina,East,Southeast,33,49,0.402,96.9,100.6,-3.97,Alan Anderson,SG,24,102131,128931,17,0,15.1,2.2,4.8,0.457,0.3,1.2,0.25,1.9,3.6,0.525,0.488,1.1,1.4,0.826,0.6,1.2,1.9,1.2,0.4,0,1.3,1.9,5.8,256,10.1,0.538,0.247,0.284,4.9,10,7.4,13.8,1.4,0,19.4,20.1,0,0.1,0.1,0.024,-2.2,-1.8,-4,-0.1
2006/2007,53135000,65516964.37,412718,Charlotte Bobcats,4,CHA,North Carolina,East,Southeast,33,49,0.402,96.9,100.6,-3.97,Derek Anderson,SF,32,11043897,13941925,50,32,23.8,2.5,5.9,0.429,1.1,3,0.355,1.4,2.8,0.507,0.52,1.9,2.1,0.877,0.6,1.7,2.3,2.7,1,0.1,1.1,2.3,8,1190,13.7,0.586,0.517,0.361,2.8,8.6,5.6,17.6,2.3,0.5,14.1,15.1,2,0.9,2.9,0.117,1.5,-0.4,1,0.9
2006/2007,53135000,65516964.37,412718,Denver Nuggets,8,DEN,Colorado,West,Northwest,45,37,0.549,105.4,103.7,1.69,Carmelo Anthony,SF,22,4694041,5925804,65,65,38.2,10.6,22.4,0.476,0.6,2.3,0.268,10,20.1,0.499,0.489,7.1,8.7,0.808,2.2,3.8,6,3.8,1.2,0.4,3.6,3.1,28.9,2486,22.1,0.552,0.103,0.391,6.6,11.1,8.9,19.2,1.5,0.7,12.1,33.4,5.2,2.1,7.3,0.14,3.1,-1.1,2,2.5
2006/2007,53135000,65516964.37,412718,Utah Jazz,29,UTA,Utah,West,Northwest,51,31,0.622,101.5,98.6,3.06,Rafael Araujo,C,26,2395200,3023724,28,0,8.9,1,2.3,0.415,0,0,,1,2.3,0.415,0.415,0.6,1,0.621,0.8,1.6,2.4,0.4,0.2,0.1,0.6,1.4,2.6,248,8.3,0.463,0,0.446,10.8,21.5,16.2,6.1,1.3,0.7,17.9,17.1,-0.1,0.3,0.1,0.027,-4.5,-0.7,-5.2,-0.2
2006/2007,53135000,65516964.37,412718,Washington Wizards,30,WAS,Washington DC,East,Southeast,41,41,0.5,104.3,104.9,-0.8,Gilbert Arenas,PG,25,11096800,14008711,74,73,39.8,8.7,20.9,0.418,2.8,7.9,0.351,6,13,0.459,0.484,8.2,9.7,0.844,0.8,3.7,4.6,6,1.9,0.2,3.2,3.4,28.4,2942,24,0.565,0.377,0.464,2.3,11.1,6.6,27.2,2.4,0.3,11.2,31.4,9.3,1.5,10.8,0.177,7,-2,5,5.2
2006/2007,53135000,65516964.37,412718,Orlando Magic,22,ORL,Florida,East,Southeast,40,42,0.488,94.8,94,0.35,Trevor Ariza,SG,21,3100000,3913471,57,7,22.4,3.5,6.5,0.539,0,0.1,0,3.5,6.4,0.549,0.539,1.9,3,0.62,1.7,2.6,4.4,1.1,1,0.3,1.5,2.4,8.9,1278,16.2,0.567,0.019,0.461,9.7,14.2,12,8.9,2.5,1.2,15.8,19.2,1.5,1.9,3.4,0.128,0.2,1.2,1.5,1.1
2006/2007,53135000,65516964.37,412718,Indiana Pacers,12,IND,Indiana,East,Central,35,47,0.427,95.6,98,-2.62,Darrell Armstrong,PG,38,1178348,1487558,81,4,15.7,1.9,4.7,0.414,0.9,2.6,0.336,1,2,0.515,0.509,0.9,1.1,0.785,0.4,1.2,1.7,2.4,0.9,0.1,0.9,1.3,5.6,1275,15.1,0.547,0.568,0.247,3,9.3,6.1,24.8,2.9,0.4,15.4,17.4,1.7,1.5,3.2,0.121,1.7,-0.6,1.1,1
2006/2007,53135000,65516964.37,412718,New Orleans/Oklahoma City Hornets,19,NOK,Oklahoma,West,Southwest,39,43,0.476,95.5,97.1,-1.19,Hilton Armstrong,C,22,1767600,2231436,56,5,11.3,1.2,2.2,0.544,0,0,,1.2,2.2,0.544,0.544,0.7,1.2,0.597,1,1.6,2.7,0.2,0.2,0.5,0.6,1.4,3.1,634,12.2,0.57,0,0.536,10.3,17,13.6,2.5,1,3.3,18.5,13.6,0.5,0.7,1.2,0.091,-3.1,0.5,-2.6,-0.1
2006/2007,53135000,65516964.37,412718,Orlando Magic,22,ORL,Florida,East,Southeast,40,42,0.488,94.8,94,0.35,Carlos Arroyo,PG,27,4100000,5175881,72,5,18.1,2.8,6.6,0.425,0.2,0.7,0.275,2.6,5.9,0.443,0.439,1.8,2.3,0.795,0.4,1.4,1.9,2.8,0.5,0,1.3,1.8,7.7,1304,14.4,0.501,0.107,0.347,3,9.5,6.3,27.1,1.6,0.1,14,22.8,1.2,1.3,2.5,0.094,-0.4,-1.6,-2,0
2006/2007,53135000,65516964.37,412718,Memphis Grizzlies,15,MEM,Tennessee,West,Southwest,22,60,0.268,101.6,106.7,-4.44,Chucky Atkins,PG,32,3000000,3787230,75,23,27.5,4.1,9.5,0.434,1.5,4.1,0.379,2.6,5.5,0.474,0.515,3.4,4.1,0.81,0.2,1.6,1.9,4.6,0.7,0.1,1.7,1.8,13.2,2064,17.4,0.58,0.428,0.435,1,7,4,27.9,1.2,0.1,13,21.4,5.1,-0.2,4.9,0.114,3.5,-4.1,-0.6,0.7
2006/2007,53135000,65516964.37,412718,Orlando Magic,22,ORL,Florida,East,Southeast,40,42,0.488,94.8,94,0.35,James Augustine,PF,22,412718,521019,2,0,3.5,0.5,1.5,0.333,0,0,,0.5,1.5,0.333,0.333,0,0,,0.5,1,1.5,1,0,0,0,1,1,7,16.6,0.333,0,0,18,34.4,26.4,48.9,0,0,0,19.9,0,0,0,0.168,3.3,1.8,5,0
2006/2007,53135000,65516964.37,412718,Golden State Warriors,10,GSW,California,West,Pacific,42,40,0.512,106.5,106.9,0,Kelenna Azubuike,SG,23,301657,380814,41,9,16.3,2.4,5.4,0.445,0.8,1.9,0.43,1.6,3.4,0.454,0.523,1.5,1.9,0.782,0.6,1.7,2.3,0.7,0.5,0.2,1,1.2,7.1,669,13.4,0.572,0.359,0.355,4.2,11.4,7.7,6.2,1.6,1.1,13.3,18.7,0.7,0.5,1.2,0.083,-1.1,-1.6,-2.7,-0.1
2006/2007,53135000,65516964.37,412718,New York Knicks,20,NYK,New York,East,Atlantic,33,49,0.402,97.5,100.3,-3.06,Renaldo Balkman,SF,22,1191240,1503833,68,1,15.6,2,4,0.505,0.1,0.4,0.185,2,3.6,0.54,0.515,0.8,1.3,0.567,1.4,2.9,4.3,0.6,0.8,0.6,0.7,2.1,4.9,1064,16.1,0.531,0.098,0.327,11,21.8,16.4,7,2.8,3.3,13.5,15.5,1.1,1.7,2.8,0.125,-1,2.4,1.4,0.9
2006/2007,53135000,65516964.37,412718,Phoenix Suns,24,PHO,Arizona,West,Pacific,61,21,0.744,110.2,102.9,7.28,Marcus Banks,PG,25,3672414,4636092,45,1,11.2,1.9,4.4,0.429,0.1,0.6,0.172,1.8,3.7,0.473,0.441,1.1,1.3,0.8,0.2,0.6,0.8,1.3,0.5,0.1,0.9,1.6,4.9,503,11.3,0.497,0.148,0.306,2.4,6.2,4.4,17.4,2.3,0.4,15.2,23.5,-0.1,0.4,0.4,0.037,-2.8,-1.3,-4.1,-0.3
2006/2007,53135000,65516964.37,412718,Phoenix Suns,24,PHO,Arizona,West,Pacific,61,21,0.744,110.2,102.9,7.28,Leandro Barbosa,SG,24,1679733,2120511,80,18,32.7,6.6,13.9,0.476,2.4,5.5,0.434,4.2,8.4,0.504,0.562,2.5,2.9,0.845,0.3,2.4,2.7,4,1.2,0.2,1.8,2.6,18.1,2613,18.4,0.595,0.394,0.209,1,8.1,4.8,18.7,1.8,0.4,10.7,23.4,6.1,2.1,8.2,0.151,3.8,-0.9,2.9,3.2
2006/2007,53135000,65516964.37,412718,Dallas Mavericks,7,DAL,Texas,West,Southwest,67,15,0.817,100,92.8,7.28,Jose Juan Barea,PG,22,412718,521019,33,1,5.8,0.8,2.4,0.359,0.2,0.6,0.286,0.7,1.7,0.386,0.397,0.5,0.7,0.667,0.2,0.5,0.8,0.7,0,0,0.4,0.6,2.4,191,9.6,0.44,0.269,0.308,4.5,11.1,7.9,20.4,0.3,0.4,13.7,25,-0.1,0.2,0.1,0.015,-2.8,-2.6,-5.4,-0.2
2006/2007,53135000,65516964.37,412718,Toronto Raptors,28,TOR,Ontario,East,Atlantic,47,35,0.573,99.5,98.5,0.61,Andrea Bargnani,PF,21,4501200,5682360,65,2,25.1,4.1,9.6,0.427,1.5,4.1,0.373,2.6,5.5,0.468,0.507,1.8,2.2,0.824,0.8,3.1,3.9,0.8,0.5,0.8,1.6,2.8,11.6,1629,12.8,0.546,0.429,0.227,3.7,14.8,9.2,5.1,1,2.5,13.5,22.6,0.2,1.7,1.9,0.057,-1.1,-0.7,-1.7,0.1
2006/2007,53135000,65516964.37,412718,Golden State Warriors,10,GSW,California,West,Pacific,42,40,0.512,106.5,106.9,0,Matt Barnes,PF,26,771331,973736,76,23,23.9,3.6,8.3,0.438,1.4,3.8,0.366,2.2,4.4,0.5,0.522,1.2,1.6,0.732,1.2,3.4,4.6,2.1,1,0.5,1.4,2.5,9.8,1813,14.7,0.547,0.462,0.196,5.4,16,10.6,12.8,1.9,1.7,13.3,18.5,1.9,1.8,3.7,0.099,0.5,0.3,0.9,1.3
2006/2007,53135000,65516964.37,412718,Chicago Bulls,5,CHI,Illinois,East,Central,49,33,0.598,98.8,93.8,4.52,Andre Barrett,PG,24,744551,939928,6,0,4.8,0.7,1.3,0.5,0,0,,0.7,1.3,0.5,0.5,0,0,,0.2,0.7,0.8,1.2,0,0,0.7,0.7,1.3,29,8.2,0.5,0,0,4,15.6,9.8,38.2,0,0,33.3,18.4,0,0,0,0.014,-5.6,-1.6,-7.1,0
2006/2007,53135000,65516964.37,412718,Miami Heat,16,MIA,Florida,East,Southeast,44,38,0.537,94.6,95.5,-1.21,Earl Barron,C,25,744551,939928,28,0,7.3,0.9,3,0.289,0,0,0,0.9,2.9,0.293,0.289,0.6,0.6,0.944,0.7,0.8,1.5,0.2,0.2,0.1,0.4,0.8,2.3,203,6.6,0.357,0.012,0.217,11.3,12.5,11.9,4,1.6,1.6,10.8,23.8,-0.5,0.2,-0.3,-0.062,-8.1,-2.3,-10.4,-0.4
2006/2007,53135000,65516964.37,412718,San Antonio Spurs,27,SAS,Texas,West,Southwest,58,24,0.707,98.5,90.1,8.35,Brent Barry,SG,35,5117880,6460863,75,28,21.7,2.7,5.7,0.475,1.7,3.8,0.446,1,1.8,0.536,0.626,1.4,1.6,0.88,0.2,1.9,2.1,1.8,0.7,0.2,0.8,1.2,8.5,1631,16.6,0.666,0.675,0.275,1.3,10.2,5.9,13.3,1.8,0.5,11.3,15.6,4.2,2.6,6.8,0.201,3.5,0.4,3.9,2.4
2006/2007,53135000,65516964.37,412718,New Orleans/Oklahoma City Hornets,19,NOK,Oklahoma,West,Southwest,39,43,0.476,95.5,97.1,-1.19,Brandon Bass,PF,21,664209,838504,21,3,7.7,0.7,2.1,0.341,0,0,0,0.7,2,0.349,0.341,0.6,0.8,0.75,0.6,1.4,2,0.1,0.1,0.1,0.5,0.8,2,162,7.2,0.411,0.023,0.364,9.1,21.9,15.3,2.8,0.7,1.5,16.4,17.2,-0.2,0.2,0,-0.011,-7.2,-1.5,-8.7,-0.3
2006/2007,53135000,65516964.37,412718,Indiana Pacers,12,IND,Indiana,East,Central,35,47,0.427,95.6,98,-2.62,Maceo Baston,PF,31,744551,939928,47,2,8.6,1,1.6,0.645,0.1,0.1,0.429,1,1.5,0.667,0.664,0.8,1,0.787,0.4,1.1,1.6,0.3,0.3,0.4,0.7,1.4,2.9,405,13.7,0.714,0.092,0.618,5.9,15.4,10.6,6.5,1.5,3.4,24.9,14.2,0.5,0.5,1.1,0.127,-1.9,1.4,-0.6,0.1
2006/2007,53135000,65516964.37,412718,Atlanta Hawks,1,ATL,Georgia,East,Southeast,30,52,0.366,93.7,98.4,-4.86,Esteban Batista,PF,23,664209,838504,13,0,6.2,0.6,1.2,0.5,0,0,,0.6,1.2,0.5,0.5,0.3,0.5,0.571,0.5,1.8,2.3,0.3,0.2,0,0.3,1,1.5,81,12.5,0.524,0,0.438,10.3,34.6,22.3,8.1,2,0,17.3,13.1,0,0.1,0.2,0.101,-3.8,-0.1,-4,0
2006/2007,53135000,65516964.37,412718,Orlando Magic,22,ORL,Florida,East,Southeast,40,42,0.488,94.8,94,0.35,Tony Battie,PF,30,5746000,7253808,66,66,23.9,2.7,5.5,0.489,0,0,0,2.7,5.4,0.49,0.489,0.8,1.2,0.675,1.4,3.8,5.2,0.5,0.4,0.5,0.9,2.8,6.1,1575,9.8,0.513,0.003,0.214,7.4,19.3,13.5,3.6,1,1.5,13.4,13.4,0.6,2.1,2.7,0.081,-2.9,0.6,-2.3,-0.1
2006/2007,53135000,65516964.37,412718,Houston Rockets,11,HOU,Texas,West,Southwest,52,30,0.634,97,92.1,5.04,Shane Battier,SF,28,5393300,6808556,82,82,36.4,3.6,8,0.446,1.9,4.5,0.421,1.6,3.4,0.48,0.567,1.1,1.4,0.779,0.8,3.3,4.1,2.1,1,0.7,0.9,2.3,10.1,2988,12,0.589,0.57,0.173,2.6,10.4,6.5,9.2,1.4,1.5,9.3,12.1,4.4,4.6,9,0.144,0.8,2.5,3.3,4
2006/2007,53135000,65516964.37,412718,Milwaukee Bucks,17,MIL,Wisconsin,East,Central,28,54,0.341,99.7,104,-4.43,Charlie Bell,SG,27,744551,939928,82,64,34.7,5.2,11.9,0.437,1.5,4.4,0.352,3.6,7.5,0.488,0.503,1.6,2,0.78,0.7,2.2,2.9,3,1.2,0,1.3,2.6,13.5,2848,13.1,0.53,0.371,0.172,2.3,7.6,4.9,13.6,1.8,0.1,9,18.3,3.6,0.4,4,0.068,1.2,-1.9,-0.7,1
2006/2007,53135000,65516964.37,412718,Phoenix Suns,24,PHO,Arizona,West,Pacific,61,21,0.744,110.2,102.9,7.28,Raja Bell,SG,30,4500000,5680845,78,78,37.4,5.3,12.2,0.432,2.6,6.4,0.413,2.6,5.8,0.452,0.539,1.5,1.9,0.776,0.6,2.6,3.2,2.5,0.6,0.3,1.1,3,14.7,2917,12,0.562,0.522,0.16,2,7.7,5,9.5,0.9,0.5,7.5,17,4.2,1.6,5.8,0.095,2.3,-0.5,1.8,2.8
2006/2007,53135000,65516964.37,412718,Sacramento Kings,26,SAC,California,West,Pacific,33,49,0.402,101.3,103.1,-1.35,Mike Bibby,PG,28,12500000,15780125,82,82,34,5.7,14.2,0.404,2.1,5.9,0.36,3.6,8.4,0.435,0.478,3.5,4.2,0.83,0.5,2.7,3.2,4.7,1.1,0.1,2.4,1.7,17.1,2784,16,0.532,0.413,0.298,1.6,9.6,5.5,24.3,1.6,0.2,13,24.5,2.9,1.5,4.4,0.076,2.1,-2,0.1,1.4
2006/2007,53135000,65516964.37,412718,Golden State Warriors,10,GSW,California,West,Pacific,42,40,0.512,106.5,106.9,0,Andris Biedrins,C,20,1986960,2508358,82,63,29,4.2,7.1,0.599,0,0,,4.2,7.1,0.599,0.599,1.1,2,0.521,3.1,6.2,9.3,1.1,0.8,1.7,1.5,3.7,9.5,2382,16.2,0.598,0,0.287,11.3,24,17.5,5.4,1.4,4.3,15.4,13.8,3.5,3.3,6.7,0.136,-1.1,2.5,1.4,2.1
2006/2007,53135000,65516964.37,412718,Detroit Pistons,9,DET,Michigan,East,Central,53,29,0.646,96,91.8,3.69,Chauncey Billups,PG,30,6364400,8034482,70,70,36.2,5,11.6,0.427,1.6,4.5,0.345,3.4,7.1,0.479,0.494,5.5,6.2,0.883,0.3,3.1,3.4,7.2,1.2,0.2,2,2.3,17,2533,21.3,0.591,0.388,0.536,1.1,10,5.6,32.9,1.8,0.5,12.2,21.5,8.7,2.7,11.4,0.216,5.4,-0.9,4.4,4.1
2006/2007,53135000,65516964.37,412718,#N/A,#N/A,TOT,#N/A,#N/A,#N/A,#N/A,#N/A,#N/A,#N/A,#N/A,#N/A,Steve Blake,PG,26,1330000,1679005,82,42,27.1,2.5,6.2,0.411,0.8,2.5,0.322,1.7,3.7,0.472,0.476,0.5,0.8,0.672,0.3,1.8,2.1,5,0.7,0.1,1.6,1.5,6.4,2225,9.9,0.491,0.409,0.126,1.1,7.5,4.3,26.1,1.4,0.3,19.4,13,1,1.1,2.1,0.045,-1.4,-1.7,-3.1,-0.6
2006/2007,53135000,65516964.37,412718,Milwaukee Bucks,17,MIL,Wisconsin,East,Central,28,54,0.341,99.7,104,-4.43,Steve Blake,PG,26,1330000,1679005,33,2,17.7,1.4,3.9,0.349,0.6,2.1,0.279,0.8,1.8,0.426,0.422,0.3,0.6,0.55,0.2,1.2,1.4,2.5,0.3,0.1,0.8,1.5,3.6,583,6.8,0.435,0.527,0.155,1.4,7.8,4.5,20.3,0.9,0.4,16.9,12.8,-0.1,0,-0.1,-0.008,-2.8,-3,-5.8,-0.6
2006/2007,53135000,65516964.37,412718,Denver Nuggets,8,DEN,Colorado,West,Northwest,45,37,0.549,105.4,103.7,1.69,Steve Blake,PG,26,1330000,1679005,49,40,33.5,3.3,7.8,0.432,1,2.9,0.343,2.4,4.9,0.483,0.495,0.7,0.9,0.727,0.3,2.2,2.5,6.6,1,0.1,2.1,1.5,8.3,1642,11,0.511,0.368,0.116,1,7.4,4.3,28.2,1.5,0.2,20.2,13.1,1.1,1.1,2.2,0.064,-0.9,-1.3,-2.1,-0.1
2006/2007,53135000,65516964.37,412718,Detroit Pistons,9,DET,Michigan,East,Central,53,29,0.646,96,91.8,3.69,Will Blalock,PG,23,412718,521019,14,0,11.9,0.6,2.1,0.3,0.1,0.4,0.2,0.6,1.8,0.32,0.317,0.4,0.4,1,0.4,0.6,1.1,1.2,0.4,0,0.9,0.6,1.8,166,4.5,0.383,0.167,0.2,4.3,6.4,5.4,14.9,1.7,0,26.9,12.8,-0.3,0.1,-0.1,-0.032,-5.4,-0.2,-5.7,-0.2
2006/2007,53135000,65516964.37,412718,Washington Wizards,30,WAS,Washington DC,East,Southeast,41,41,0.5,104.3,104.9,-0.8,Andray Blatche,PF,20,664209,838504,56,13,12.2,1.5,3.5,0.437,0.1,0.5,0.148,1.5,3,0.482,0.447,0.5,0.9,0.612,1.4,2,3.4,0.7,0.3,0.6,0.9,1.7,3.7,682,12.1,0.471,0.137,0.249,12.6,19.8,16.1,8.8,1.3,3.6,18.3,17.2,-0.1,0.5,0.5,0.033,-2.8,0.4,-2.4,-0.1
2006/2007,53135000,65516964.37,412718,Minnesota Timberwolves,18,MIN,Minnesota,West,Northwest,32,50,0.39,96.1,99.7,-3.16,Mark Blount,C,31,7288165,9200652,82,81,31,5.2,10.2,0.509,0.1,0.4,0.29,5.1,9.9,0.517,0.514,1.8,2.4,0.754,1.7,4.5,6.2,0.8,0.5,0.7,1.9,2.9,12.3,2544,12.7,0.546,0.037,0.232,6.6,16.9,11.9,4.5,0.9,1.8,14.7,19.8,0.6,2.2,2.8,0.052,-2.7,-0.5,-3.2,-0.8
2006/2007,53135000,65516964.37,412718,Orlando Magic,22,ORL,Florida,East,Southeast,40,42,0.488,94.8,94,0.35,Keith Bogans,SG,26,2510000,3168649,59,18,16.8,1.7,4.2,0.404,0.9,2.3,0.387,0.8,1.8,0.426,0.512,0.8,1.1,0.746,0.3,1.3,1.6,1,0.5,0,0.8,1.7,5.1,990,9.2,0.546,0.559,0.257,2,9.4,5.8,9.5,1.5,0.2,14.4,14.9,0.7,1,1.7,0.08,-0.4,-1,-1.3,0.2
2006/2007,53135000,65516964.37,412718,Milwaukee Bucks,17,MIL,Wisconsin,East,Central,28,54,0.341,99.7,104,-4.43,Andrew Bogut,C,22,4665960,5890354,66,66,34.2,5.3,9.5,0.553,0,0.1,0.2,5.3,9.5,0.556,0.554,1.7,2.9,0.577,2.5,6.3,8.8,3,0.7,0.5,2.3,3.3,12.3,2258,15.5,0.566,0.008,0.308,8.7,21.9,15.2,13.9,1.1,1.2,17.4,17.3,2.6,1.4,4,0.085,-0.1,0.7,0.5,1.4
2006/2007,53135000,65516964.37,412718,San Antonio Spurs,27,SAS,Texas,West,Southwest,58,24,0.707,98.5,90.1,8.35,Matt Bonner,PF,26,2000000,2524820,56,0,11.7,1.9,4.2,0.447,0.6,1.7,0.383,1.3,2.6,0.49,0.523,0.5,0.7,0.711,1.1,1.6,2.8,0.4,0.3,0.2,0.4,1.2,4.9,653,16.4,0.542,0.397,0.16,12.3,16.4,14.4,5.7,1.4,1.2,9,20.3,1.1,1.2,2.2,0.163,1,-0.6,0.4,0.4
2006/2007,53135000,65516964.37,412718,New Jersey Nets,3,NJN,New Jersey,East,Atlantic,41,41,0.5,97.6,98.3,-1,Josh Boone,PF,22,1053960,1330529,61,0,11,1.6,2.8,0.579,0,0,,1.6,2.8,0.579,0.579,0.9,1.7,0.544,1,1.8,2.9,0.2,0.2,0.3,0.5,1.5,4.2,669,14.6,0.587,0,0.602,11.4,19.6,15.5,2.6,0.9,2.5,13.2,17.4,0.9,0.8,1.7,0.122,-3,-1.4,-4.4,-0.4
2006/2007,53135000,65516964.37,412718,Washington Wizards,30,WAS,Washington DC,East,Southeast,41,41,0.5,104.3,104.9,-0.8,Calvin Booth,C,30,7628858,9630746,44,1,8.6,0.7,1.5,0.47,0,0,0.5,0.7,1.5,0.469,0.477,0.1,0.2,0.6,0.6,1.2,1.8,0.4,0.1,0.7,0.2,1.6,1.6,380,9.6,0.49,0.03,0.152,7.9,16.8,12.3,6.8,0.5,5.9,11.3,9.2,0.3,0.3,0.6,0.072,-3.2,1.8,-1.4,0.1
2006/2007,53135000,65516964.37,412718,Utah Jazz,29,UTA,Utah,West,Northwest,51,31,0.622,101.5,98.6,3.06,Carlos Boozer,PF,25,11260483,14215346,74,74,34.6,8.7,15.6,0.561,0,0,,8.7,15.6,0.561,0.561,3.4,5,0.685,3.2,8.5,11.7,3,0.9,0.3,2.6,2.9,20.9,2557,24.1,0.588,0,0.322,11.2,29.9,20.6,16.6,1.4,0.7,12.8,26.5,6.5,3.4,9.9,0.185,3.4,1.2,4.6,4.3
2006/2007,53135000,65516964.37,412718,Toronto Raptors,28,TOR,Ontario,East,Atlantic,47,35,0.573,99.5,98.5,0.61,Chris Bosh,C,22,4235220,5346584,69,69,38.5,7.9,15.9,0.496,0.2,0.5,0.343,7.7,15.3,0.501,0.502,6.7,8.6,0.785,2.7,8,10.7,2.5,0.6,1.3,2.6,2.4,22.6,2658,22.6,0.577,0.032,0.539,8.1,24.8,16.4,11.7,0.8,2.6,11.7,26.7,6.1,3.5,9.6,0.174,1.3,1.3,2.6,3.1
2006/2007,53135000,65516964.37,412718,San Antonio Spurs,27,SAS,Texas,West,Southwest,58,24,0.707,98.5,90.1,8.35,Bruce Bowen,SF,35,3750000,4734037,82,82,30,2.3,5.7,0.405,1.1,2.8,0.384,1.2,2.9,0.426,0.5,0.5,0.9,0.589,0.3,2.4,2.7,1.4,0.8,0.3,0.8,2.1,6.2,2464,7.1,0.511,0.497,0.156,1.2,9.4,5.5,7,1.3,0.7,11.5,10.9,0.4,3.6,4.1,0.079,-1.4,1.9,0.5,1.5
2006/2007,53135000,65516964.37,412718,#N/A,#N/A,TOT,#N/A,#N/A,#N/A,#N/A,#N/A,#N/A,#N/A,#N/A,#N/A,Earl Boykins,PG,30,2950000,3724109,66,23,30.8,4.9,11.7,0.42,1.4,3.6,0.397,3.5,8,0.43,0.482,3.3,3.7,0.898,0.7,1.4,2.1,4.4,0.8,0,1.8,1.4,14.6,2031,16.2,0.548,0.311,0.319,2.8,5.1,4,22.7,1.4,0.1,12,21.6,4.1,0.4,4.5,0.105,1.9,-3.1,-1.2,0.4
2006/2007,53135000,65516964.37,412718,Denver Nuggets,8,DEN,Colorado,West,Northwest,45,37,0.549,105.4,103.7,1.69,Earl Boykins,PG,30,2950000,3724109,31,4,28.3,5,12.2,0.413,1.3,3.5,0.373,3.7,8.6,0.429,0.467,3.8,4.2,0.908,0.7,1.3,2,4.3,0.8,0.1,1.7,1,15.2,877,17.7,0.542,0.291,0.347,3,5.1,4,24.2,1.4,0.2,10.7,23.8,2,0.5,2.5,0.134,2.3,-2.8,-0.5,0.3
2006/2007,53135000,65516964.37,412718,Milwaukee Bucks,17,MIL,Wisconsin,East,Central,28,54,0.341,99.7,104,-4.43,Earl Boykins,PG,30,2950000,3724109,35,19,33,4.8,11.2,0.427,1.5,3.7,0.419,3.2,7.5,0.431,0.496,2.9,3.3,0.886,0.7,1.4,2.2,4.5,0.9,0,1.9,1.7,14,1154,15.1,0.554,0.33,0.292,2.6,5.2,3.9,21.5,1.4,0,13.4,19.9,2.1,-0.1,2,0.083,1.6,-3.3,-1.7,0.1
2006/2007,53135000,65516964.37,412718,Atlanta Hawks,1,ATL,Georgia,East,Southeast,30,52,0.366,93.7,98.4,-4.86,Cedric Bozeman,SG,23,412718,521019,23,5,8.7,0.5,1.7,0.282,0.1,0.6,0.154,0.4,1.1,0.346,0.308,0.1,0.3,0.333,0.1,0.9,1,0.4,0.2,0.1,0.4,1.4,1.1,199,-0.1,0.312,0.333,0.154,1.8,12.3,7,6.9,1.3,0.8,17.8,11.7,-0.4,0.1,-0.3,-0.077,-7.2,-1,-8.2,-0.3
2006/2007,53135000,65516964.37,412718,Los Angeles Clippers,13,LAC,California,West,Pacific,40,42,0.488,95.6,96.1,-0.07,Elton Brand,PF,27,14248000,17986818,80,80,38.5,8.1,15.1,0.533,0,0,1,8.1,15.1,0.532,0.533,4.4,5.8,0.761,3.4,6,9.3,2.9,1,2.2,2.5,3,20.5,3077,23.1,0.581,0.001,0.381,10.5,18.3,14.5,14.7,1.3,4.5,12.5,24.3,7.2,4.3,11.5,0.18,2.7,2.3,5.1,5.5
2006/2007,53135000,65516964.37,412718,Utah Jazz,29,UTA,Utah,West,Northwest,51,31,0.622,101.5,98.6,3.06,Ronnie Brewer,SG,21,1595400,2014049,56,14,12.1,1.8,3.4,0.528,0,0.2,0,1.8,3.3,0.554,0.528,1,1.5,0.675,0.7,0.7,1.3,0.4,0.7,0.1,0.4,0.8,4.6,675,15.2,0.566,0.047,0.43,6.7,6.8,6.7,5.7,2.9,0.7,9.5,16.8,1.1,0.7,1.7,0.124,0.1,-0.2,-0.2,0.3
2006/2007,53135000,65516964.37,412718,Charlotte Bobcats,4,CHA,North Carolina,East,Southeast,33,49,0.402,96.9,100.6,-3.97,Primoz Brezec,C,27,2750000,3471627,58,40,14.4,2.1,4.7,0.445,0,0.1,0.333,2.1,4.7,0.446,0.447,0.7,1.2,0.632,1.4,1.8,3.2,0.4,0.2,0.4,0.7,2.8,5,838,9.7,0.474,0.011,0.248,11,15.2,13,4.6,0.7,2.1,11.1,18.5,0,0.6,0.7,0.038,-3.7,-1.3,-5.1,-0.6
2006/2007,53135000,65516964.37,412718,Seattle SuperSonics,21,SEA,Washington,West,Northwest,31,51,0.378,99.1,102,-2.45,Andre Brown,PF,25,241591,304986,38,0,7.1,1.1,1.9,0.568,0,0,0,1.1,1.9,0.575,0.568,0.2,0.4,0.6,0.7,1.3,1.9,0.1,0.2,0.1,0.8,0.7,2.4,271,11.1,0.577,0.014,0.203,11.4,21.4,16.4,1.2,1.2,1.1,26.5,18.4,-0.2,0.2,0,-0.002,-5.4,-3.1,-8.5,-0.4
2006/2007,53135000,65516964.37,412718,Utah Jazz,29,UTA,Utah,West,Northwest,51,31,0.622,101.5,98.6,3.06,Dee Brown,PG,22,412718,521019,49,0,9.2,0.7,2,0.327,0.1,0.6,0.214,0.5,1.4,0.371,0.357,0.5,0.8,0.649,0.2,0.7,0.8,1.7,0.4,0.1,0.6,1,1.9,450,8.6,0.411,0.286,0.378,2.2,8.6,5.4,26.2,2.6,1.3,21.3,14.5,-0.2,0.5,0.2,0.024,-3.4,-0.3,-3.7,-0.2
2006/2007,53135000,65516964.37,412718,New Orleans/Oklahoma City Hornets,19,NOK,Oklahoma,West,Southwest,39,43,0.476,95.5,97.1,-1.19,Devin Brown,SG,28,1064518,1343858,58,49,28.7,4,9.6,0.42,1.4,3.9,0.357,2.6,5.7,0.463,0.493,2.1,2.7,0.794,0.9,3.4,4.3,2.6,0.8,0.2,1.6,2.4,11.6,1662,14.3,0.538,0.409,0.279,3.7,13.9,8.7,14.8,1.4,0.4,12.7,19.6,2.1,1.5,3.5,0.102,1.3,-0.3,1,1.2
2006/2007,53135000,65516964.37,412718,Los Angeles Lakers,14,LAL,California,West,Pacific,42,40,0.512,103.3,103.4,0.24,Kwame Brown,C,24,8287500,10462223,41,28,27.6,3.5,5.9,0.591,0,0,0,3.5,5.9,0.593,0.591,1.4,3.3,0.44,2,4,6,1.8,1,1.2,1.9,3,8.4,1132,13.7,0.573,0.004,0.554,8.4,16.7,12.6,10.2,1.8,3.3,20.2,15,0.7,1.2,1.9,0.08,-1.4,2.1,0.7,0.8
2006/2007,53135000,65516964.37,412718,Chicago Bulls,5,CHI,Illinois,East,Central,49,33,0.598,98.8,93.8,4.52,PJ Brown,PF,37,8560000,10806230,72,49,20.2,2.4,5.8,0.407,0,0,0,2.4,5.8,0.409,0.407,1.3,1.7,0.787,1.8,3,4.8,0.7,0.3,0.7,1.2,2.6,6.1,1456,9.7,0.462,0.005,0.292,10.2,17,13.6,5,0.8,2.8,15.3,17,-0.4,2.7,2.3,0.075,-4.5,1.6,-3,-0.4
2006/2007,53135000,65516964.37,412718,Cleveland Cavaliers,6,CLE,Ohio,East,Central,50,32,0.61,96.8,92.9,3.33,Shannon Brown,SG,21,971280,1226153,23,5,8.8,1.2,3.2,0.378,0.3,1.1,0.28,0.9,2.1,0.429,0.426,0.4,0.6,0.714,0.3,0.7,0.9,0.4,0.3,0.1,0.6,1,3.2,202,7.5,0.455,0.338,0.189,3.4,8.9,6,8.1,1.8,1.2,14.9,21.1,-0.2,0.3,0.1,0.015,-4.4,-0.7,-5.1,-0.2
2006/2007,53135000,65516964.37,412718,Los Angeles Lakers,14,LAL,California,West,Pacific,42,40,0.512,103.3,103.4,0.24,Kobe Bryant,SG,28,17718750,22368328,77,77,40.8,10.6,22.8,0.463,1.8,5.2,0.344,8.8,17.6,0.497,0.502,8.7,10,0.868,1,4.7,5.7,5.4,1.4,0.5,3.3,2.7,31.6,3140,26.1,0.58,0.227,0.437,2.8,13.5,8.2,25.5,1.8,0.9,10.9,33.6,10.8,2.2,13,0.199,6.1,-1.4,4.7,5.3
2006/2007,53135000,65516964.37,412718,Dallas Mavericks,7,DAL,Texas,West,Southwest,67,15,0.817,100,92.8,7.28,Greg Buckner,SG,30,5182074,6541902,76,11,18.1,1.6,3.9,0.411,0.4,1.4,0.311,1.2,2.6,0.464,0.465,0.4,0.4,0.794,0.5,1.6,2.1,0.9,0.6,0.1,0.5,2,4,1372,7.8,0.486,0.344,0.114,3.1,10.6,6.9,7.6,1.8,0.4,11.3,12,0.4,1.7,2.2,0.076,-1.5,1,-0.4,0.5
2006/2007,53135000,65516964.37,412718,Phoenix Suns,24,PHO,Arizona,West,Pacific,61,21,0.744,110.2,102.9,7.28,Pat Burke,C,33,810000,1022552,23,0,7.1,1,2.8,0.354,0.3,1,0.273,0.7,1.9,0.395,0.4,0.3,0.6,0.615,0.5,1.5,2,0.2,0.1,0.1,0.3,0.8,2.6,164,9.3,0.424,0.338,0.2,9,23.7,16.7,4.3,0.9,0.9,9,21.3,-0.1,0.2,0.1,0.015,-4.6,-2.3,-6.9,-0.2
2006/2007,53135000,65516964.37,412718,Washington Wizards,30,WAS,Washington DC,East,Southeast,41,41,0.5,104.3,104.9,-0.8,Caron Butler,SF,26,7438000,9389805,63,63,39.3,7.2,15.5,0.463,0.3,1.1,0.25,6.9,14.3,0.48,0.472,4.5,5.2,0.863,2.3,5.1,7.4,3.7,2.1,0.3,2.9,3,19.1,2474,18.3,0.537,0.074,0.336,6.6,15.3,10.8,15.9,2.8,0.5,13.9,23.1,3.4,1.9,5.3,0.103,1.4,0.5,1.9,2.5
2006/2007,53135000,65516964.37,412718,San Antonio Spurs,27,SAS,Texas,West,Southwest,58,24,0.707,98.5,90.1,8.35,Jackie Butler,C,21,2200000,2777302,11,2,9.4,1.5,3.2,0.457,0,0,,1.5,3.2,0.457,0.457,0.8,0.9,0.9,0.5,1.5,2,0.5,0.2,0,0.9,1.5,3.7,103,9.6,0.52,0,0.286,7.3,18,12.9,8.1,1,0,20.2,22.8,-0.1,0.2,0.1,0.047,-5.4,-0.7,-6.1,-0.1
2006/2007,53135000,65516964.37,412718,New Orleans/Oklahoma City Hornets,19,NOK,Oklahoma,West,Southwest,39,43,0.476,95.5,97.1,-1.19,Rasual Butler,SF,27,3000000,3787230,81,38,27.4,3.9,9.7,0.398,1.7,4.5,0.369,2.2,5.2,0.424,0.484,0.7,1.1,0.644,0.5,2.6,3.2,0.8,0.5,0.7,0.8,1.8,10.1,2223,10.8,0.495,0.461,0.11,2.1,11.4,6.7,4.7,1,1.9,7.5,18.3,0.8,1.8,2.6,0.056,-1,-0.8,-1.7,0.2
2006/2007,53135000,65516964.37,412718,Los Angeles Lakers,14,LAL,California,West,Pacific,42,40,0.512,103.3,103.4,0.24,Andrew Bynum,C,19,2030280,2563045,82,53,21.9,3,5.4,0.558,0,0,0,3,5.4,0.561,0.558,1.7,2.6,0.668,1.7,4.2,5.9,1.1,0.1,1.6,1.4,3,7.8,1793,15.4,0.593,0.007,0.483,9.2,22.3,15.8,8.2,0.3,5.4,17.6,16.3,2.3,1.9,4.2,0.112,-2,1.5,-0.5,0.7
2006/2007,53135000,65516964.37,412718,Toronto Raptors,28,TOR,Ontario,East,Atlantic,47,35,0.573,99.5,98.5,0.61,Jose Calderon,PG,25,2333334,2945624,77,11,21,3.4,6.6,0.521,0.3,1,0.333,3.1,5.6,0.553,0.546,1.5,1.9,0.818,0.3,1.5,1.7,5,0.8,0.1,1.4,1.8,8.7,1614,19.1,0.588,0.149,0.283,1.5,8.3,4.9,39.7,2,0.2,16.2,19.5,4,1.5,5.4,0.162,2.1,-2,0.1,0.9
2006/2007,53135000,65516964.37,412718,Denver Nuggets,8,DEN,Colorado,West,Northwest,45,37,0.549,105.4,103.7,1.69,Marcus Camby,C,32,8800000,11109208,70,70,33.8,4.5,9.4,0.473,0,0,0,4.5,9.4,0.475,0.473,2.3,3.2,0.729,2.3,9.3,11.7,3.2,1.2,3.3,1.7,2.6,11.2,2369,19.1,0.519,0.003,0.335,7.9,30.5,19.4,14.1,1.8,7,13.9,15.9,2.5,5.1,7.6,0.155,-1.3,6.7,5.3,4.4
2006/2007,53135000,65516964.37,412718,Memphis Grizzlies,15,MEM,Tennessee,West,Southwest,22,60,0.268,101.6,106.7,-4.44,Brian Cardinal,PF,29,5400000,6817014,28,1,11.2,1.5,3,0.494,0.6,1.6,0.409,0.9,1.5,0.585,0.6,0.9,1,0.926,0.5,1.6,2.1,1.1,0.8,0,0.8,1.5,4.5,313,17.7,0.655,0.518,0.318,5,17.6,11.3,16.1,3.6,0.2,19.2,17.3,0.7,0.3,0.9,0.144,2.8,0.1,3,0.4
2006/2007,53135000,65516964.37,412718,Philadelphia 76ers,23,PHI,Pennsylvania,East,Atlantic,35,47,0.427,94.9,98,-3.26,Rodney Carney,SF,22,1439760,1817567,67,35,17.4,2.7,5.9,0.464,0.4,1.1,0.347,2.3,4.8,0.491,0.496,0.8,1.3,0.609,0.6,1.3,1.9,0.4,0.6,0.3,0.6,1.8,6.6,1169,11.4,0.514,0.184,0.222,4,9.1,6.6,3.8,1.7,1.5,9.1,18.7,0.4,1,1.3,0.055,-2.1,-1.3,-3.4,-0.4
2006/2007,53135000,65516964.37,412718,Charlotte Bobcats,4,CHA,North Carolina,East,Southeast,33,49,0.402,96.9,100.6,-3.97,Matt Carroll,SG,26,1188000,1499743,72,47,26.1,4,9.1,0.433,1.5,3.7,0.416,2.4,5.4,0.445,0.517,2.6,2.9,0.904,0.5,2.4,2.9,1.3,0.7,0.1,1,2.4,12.1,1878,14.6,0.58,0.406,0.316,2.1,11.2,6.5,8.2,1.5,0.4,8.9,19.9,3.4,1.2,4.6,0.117,1.4,-1.7,-0.3,0.8
2006/2007,53135000,65516964.37,412718,Denver Nuggets,8,DEN,Colorado,West,Northwest,45,37,0.549,105.4,103.7,1.69,Anthony Carter,PG,31,#N/A,#N/A,2,0,18.5,1.5,4,0.375,0,1,0,1.5,3,0.5,0.375,0,0,,0,1.5,1.5,5.5,0,0.5,3,2,3,37,3.3,0.375,0.25,0,0,9,4.6,41.4,0,1.9,42.9,16.2,-0.1,0,-0.1,-0.115,-9.2,-4,-13.2,-0.1
2006/2007,53135000,65516964.37,412718,New Jersey Nets,3,NJN,New Jersey,East,Atlantic,41,41,0.5,97.6,98.3,-1,Vince Carter,SG,30,15101625,19064443,82,82,38.1,8.9,19.5,0.454,1.9,5.3,0.357,7,14.2,0.491,0.503,5.6,7,0.802,1.4,4.6,6,4.8,1,0.4,2.6,3.2,25.2,3126,21.8,0.559,0.273,0.36,4.3,14.2,9.3,25.1,1.4,0.8,10.5,30.8,7.4,3.1,10.5,0.161,4.7,-0.6,4.1,4.8
2006/2007,53135000,65516964.37,412718,Los Angeles Clippers,13,LAC,California,West,Pacific,40,42,0.488,95.6,96.1,-0.07,Sam Cassell,PG,37,6850000,8647508,58,30,24.3,4.5,10.8,0.418,0.6,1.9,0.294,3.9,8.9,0.444,0.443,2.8,3.1,0.879,0.5,2.4,2.9,4.7,0.5,0.1,1.7,2.2,12.3,1407,17.1,0.506,0.174,0.291,2.3,11.8,7.1,35.3,1.1,0.4,12.5,26.5,1.7,1,2.8,0.095,1.4,-2.4,-0.9,0.4
2006/2007,53135000,65516964.37,412718,New York Knicks,20,NYK,New York,East,Atlantic,33,49,0.402,97.5,100.3,-3.06,Kelvin Cato,C,32,1071225,1352325,18,0,5.3,0.4,1.2,0.318,0,0,,0.4,1.2,0.318,0.318,0.4,0.7,0.667,0.7,1.1,1.7,0,0.2,0.6,0.3,0.6,1.2,95,12.3,0.403,0,0.545,15.2,23.5,19.4,0,1.7,8.4,18,15.9,-0.1,0.2,0.1,0.036,-8.1,-0.2,-8.3,-0.2
2006/2007,53135000,65516964.37,412718,New Orleans/Oklahoma City Hornets,19,NOK,Oklahoma,West,Southwest,39,43,0.476,95.5,97.1,-1.19,Tyson Chandler,C,24,9150000,11551051,73,73,34.6,4,6.4,0.624,0,0,0,4,6.4,0.625,0.624,1.5,2.8,0.527,4.4,8,12.4,0.9,0.5,1.8,1.7,3.3,9.5,2525,17,0.62,0.002,0.429,14.3,27.3,20.7,4.1,0.8,4.1,18.5,12.3,4.1,3.8,7.9,0.15,-0.3,2.8,2.5,2.9
2006/2007,53135000,65516964.37,412718,Atlanta Hawks,1,ATL,Georgia,East,Southeast,30,52,0.366,93.7,98.4,-4.86,Josh Childress,SG,23,2863920,3615441,55,13,36.8,4.7,9.4,0.504,0.5,1.4,0.338,4.3,8,0.533,0.529,3,3.8,0.795,2.2,3.9,6.2,2.3,1.1,0.7,1.5,2.1,13,2024,16.2,0.586,0.149,0.405,7.2,13.1,10.1,10.8,1.5,1.4,11.6,15.7,4.1,1.4,5.5,0.13,1.6,0.4,2,2
2006/2007,53135000,65516964.37,412718,Los Angeles Clippers,13,LAC,California,West,Pacific,40,42,0.488,95.6,96.1,-0.07,Doug Christie,SG,36,158071,199550,7,0,11.7,0.7,2.4,0.294,0.1,0.9,0.167,0.6,1.6,0.364,0.324,0.3,0.4,0.667,0.4,1.1,1.6,1.1,0.4,0.1,0.7,1.6,1.9,82,4.1,0.355,0.353,0.176,4.4,11.6,8,14.6,1.9,0.9,21.4,13.1,-0.1,0.1,-0.1,-0.031,-5.3,0,-5.3,-0.1
2006/2007,53135000,65516964.37,412718,Atlanta Hawks,1,ATL,Georgia,East,Southeast,30,52,0.366,93.7,98.4,-4.86,Speedy Claxton,PG,28,6854546,8653247,42,31,25.1,2.2,6.6,0.327,0.1,0.7,0.214,2,6,0.34,0.338,0.8,1.4,0.55,0.3,1.6,1.9,4.4,1.7,0.1,1.8,3.1,5.3,1054,7.3,0.363,0.101,0.216,1.4,8,4.6,28.1,3.6,0.3,19.8,16.6,-1.8,1,-0.7,-0.034,-4.6,-0.5,-5.1,-0.8
2006/2007,53135000,65516964.37,412718,Utah Jazz,29,UTA,Utah,West,Northwest,51,31,0.622,101.5,98.6,3.06,Jarron Collins,C,28,2625698,3314707,82,9,11.1,0.9,2.1,0.441,0,0,,0.9,2.1,0.441,0.441,0.7,1,0.651,0.9,1.2,2.1,0.7,0.2,0.1,0.5,1.8,2.5,913,8,0.494,0,0.488,9.5,13.3,11.4,9.5,0.7,0.7,15.2,12,0.7,0.6,1.3,0.067,-2,-0.2,-2.2,-0.1
2006/2007,53135000,65516964.37,412718,New Jersey Nets,3,NJN,New Jersey,East,Atlantic,41,41,0.5,97.6,98.3,-1,Jason Collins,PF,28,5800000,7321978,80,78,23.1,0.7,1.9,0.364,0,0,0,0.7,1.9,0.369,0.364,0.7,1.6,0.465,1.1,2.8,4,0.6,0.5,0.5,0.9,3.4,2.1,1844,3,0.408,0.013,0.841,5.8,14.4,10.1,3.5,1.1,1.6,26.1,7.1,-1.3,1.9,0.6,0.015,-5.5,2.1,-3.5,-0.7
2006/2007,53135000,65516964.37,412718,New York Knicks,20,NYK,New York,East,Atlantic,33,49,0.402,97.5,100.3,-3.06,Mardy Collins,SF,22,899880,1136017,52,9,14.9,1.7,4.4,0.382,0.3,0.9,0.277,1.4,3.5,0.409,0.41,0.9,1.6,0.585,0.5,1.5,2,1.6,0.6,0.1,1.1,1.4,4.5,777,9.2,0.445,0.206,0.36,4.3,11.5,8,17.4,2.2,0.3,17.8,18.8,-0.6,0.6,0,0.002,-3.1,-0.5,-3.7,-0.3
2006/2007,53135000,65516964.37,412718,Seattle SuperSonics,21,SEA,Washington,West,Northwest,31,51,0.378,99.1,102,-2.45,Nick Collison,C,26,2501070,3157375,82,56,29,3.9,7.8,0.5,0,0,0,3.9,7.7,0.502,0.5,1.9,2.4,0.774,2.8,5.3,8.1,1,0.6,0.8,1.5,3.5,9.6,2378,14.2,0.546,0.003,0.313,11.4,22.2,16.8,5.4,1.1,2.1,14.5,16.2,2.8,1.8,4.6,0.093,-1.1,0.3,-0.8,0.7
2006/2007,53135000,65516964.37,412718,#N/A,#N/A,TOT,#N/A,#N/A,#N/A,#N/A,#N/A,#N/A,#N/A,#N/A,#N/A,Will Conroy,PG-SG,24,35378,44661,7,0,7.4,0,0.4,0,0,0,,0,0.4,0,0,0,0.6,0,0.4,0.6,1,1.3,0,0,0.3,1,0,52,1.1,0,0,1.333,6.9,9.1,8.1,23.6,0,0,29.6,6,-0.1,0,-0.1,-0.062,-6.5,-1.5,-8,-0.1
2006/2007,53135000,65516964.37,412718,Memphis Grizzlies,15,MEM,Tennessee,West,Southwest,22,60,0.268,101.6,106.7,-4.44,Will Conroy,SG,24,35378,44661,3,0,5.7,0,0,,0,0,,0,0,,,0,0,,0.3,0.3,0.7,0.3,0,0,0,0.3,0,17,4.2,,,,7,7,7,7.8,0,0,,0,0,0,0,0.035,-2.9,-0.1,-3.1,0
2006/2007,53135000,65516964.37,412718,Los Angeles Clippers,13,LAC,California,West,Pacific,40,42,0.488,95.6,96.1,-0.07,Will Conroy,PG,24,35378,44661,4,0,8.8,0,0.8,0,0,0,,0,0.8,0,0,0,1,0,0.5,0.8,1.3,2,0,0,0.5,1.5,0,35,-0.4,0,0,1.333,6.9,10.2,8.6,31.3,0,0,29.6,8.9,-0.1,0,-0.1,-0.108,-8.3,-2.1,-10.4,-0.1
2006/2007,53135000,65516964.37,412718,Los Angeles Lakers,14,LAL,California,West,Pacific,42,40,0.512,103.3,103.4,0.24,Brian Cook,PF,26,1817141,2293977,65,24,15.7,2.8,6.3,0.453,0.7,1.8,0.4,2.1,4.5,0.474,0.51,0.5,0.7,0.723,0.9,2.4,3.3,1,0.4,0.4,0.8,2.1,6.9,1018,14.8,0.525,0.282,0.115,7.1,17.6,12.4,10.8,1.3,2,10.6,21.2,0.9,0.8,1.8,0.083,-0.6,-1.3,-1.9,0
2006/2007,53135000,65516964.37,412718,New York Knicks,20,NYK,New York,East,Atlantic,33,49,0.402,97.5,100.3,-3.06,Jamal Crawford,SG,26,7200000,9089352,59,36,37.3,6,15,0.4,1.7,5.5,0.32,4.3,9.6,0.445,0.458,3.9,4.6,0.838,0.7,2.5,3.2,4.4,1,0.1,2.7,1.9,17.6,2198,14.5,0.517,0.363,0.307,2.4,7.8,5.1,20.9,1.4,0.3,13.9,24.1,2.3,0.9,3.1,0.069,1.4,-2,-0.6,0.7
2006/2007,53135000,65516964.37,412718,Dallas Mavericks,7,DAL,Texas,West,Southwest,67,15,0.817,100,92.8,7.28,Austin Croshere,PF,31,7300000,9215593,61,2,11.9,1.3,3.6,0.351,0.4,1.5,0.286,0.9,2.1,0.397,0.41,0.7,0.9,0.865,0.5,2.5,3,0.7,0.2,0.1,0.5,1.1,3.7,727,10.9,0.463,0.41,0.234,5.6,24.8,15.4,9.2,1,0.6,11.9,17.8,0.1,1.1,1.3,0.083,-2.4,0,-2.4,-0.1
2006/2007,53135000,65516964.37,412718,New York Knicks,20,NYK,New York,East,Atlantic,33,49,0.402,97.5,100.3,-3.06,Eddy Curry,C,24,8171103,10315282,81,81,35.2,7.2,12.5,0.576,0,0,1,7.2,12.5,0.575,0.576,5,8.1,0.615,2.4,4.6,7,0.8,0.4,0.5,3.6,3.3,19.5,2849,17,0.603,0.001,0.649,8.2,15.5,11.9,4.6,0.6,1.1,18.4,25.5,3.1,1.6,4.7,0.079,-0.8,-2.1,-2.9,-0.6
2006/2007,53135000,65516964.37,412718,Philadelphia 76ers,23,PHI,Pennsylvania,East,Atlantic,35,47,0.427,94.9,98,-3.26,Samuel Dalembert,C,25,9464307,11947836,82,82,30.9,4.3,8,0.541,0,0,0,4.3,8,0.543,0.541,2,2.7,0.746,2.9,6,8.9,0.8,0.6,1.9,2,3.5,10.7,2535,16.1,0.581,0.003,0.34,11.3,23.3,17.4,4.2,1,4.8,17.5,16.7,2.5,3.6,6.2,0.117,-1.5,2.1,0.6,1.6
2006/2007,53135000,65516964.37,412718,Dallas Mavericks,7,DAL,Texas,West,Southwest,67,15,0.817,100,92.8,7.28,Erick Dampier,C,31,9628000,12154484,76,73,25.2,2.8,4.4,0.626,0,0,,2.8,4.4,0.626,0.626,1.6,2.5,0.623,2.9,4.6,7.4,0.6,0.3,1.1,1.4,3.1,7.1,1915,14.9,0.642,0,0.572,14,21.5,17.8,3.5,0.7,3.3,20.4,12.8,3.3,3.1,6.4,0.16,0,2,2,1.9
2006/2007,53135000,65516964.37,412718,Washington Wizards,30,WAS,Washington DC,East,Southeast,41,41,0.5,104.3,104.9,-0.8,Antonio Daniels,SG,31,5400000,6817014,80,8,22,2.2,4.9,0.442,0.2,0.8,0.302,1.9,4.1,0.469,0.467,2.6,3.1,0.832,0.2,1.7,1.9,3.6,0.5,0.1,0.9,1,7.1,1761,15,0.572,0.162,0.643,1.1,8.9,4.9,24.3,1.1,0.4,12.1,14.2,4.1,0.2,4.3,0.116,0.3,-2.8,-2.6,-0.2
2006/2007,53135000,65516964.37,412718,Indiana Pacers,12,IND,Indiana,East,Central,35,47,0.427,95.6,98,-2.62,Marquis Daniels,SG,26,5883600,7427515,45,4,17.8,2.9,6.2,0.459,0.1,0.6,0.231,2.7,5.7,0.482,0.47,1.2,1.8,0.7,0.6,1.2,1.8,1.3,0.6,0.2,1.2,1.2,7.1,800,11.6,0.506,0.093,0.285,3.7,8.3,5.9,12.6,1.8,0.7,14.8,20.8,-0.1,0.7,0.6,0.036,-2.7,-1,-3.7,-0.4
2006/2007,53135000,65516964.37,412718,Golden State Warriors,10,GSW,California,West,Pacific,42,40,0.512,106.5,106.9,0,Baron Davis,PG,27,15070000,19024519,63,62,35.3,7.2,16.3,0.439,1.3,4.4,0.304,5.8,11.9,0.489,0.48,4.4,5.9,0.745,0.8,3.6,4.4,8.1,2.1,0.5,3.1,2.9,20.1,2221,21,0.53,0.272,0.358,2.5,11.3,6.8,36.9,2.9,1,13.9,26.5,4.1,2.3,6.4,0.139,3.5,0,3.4,3.1
2006/2007,53135000,65516964.37,412718,Detroit Pistons,9,DET,Michigan,East,Central,53,29,0.646,96,91.8,3.69,Dale Davis,C,37,3500000,4418435,46,6,10.1,0.7,1.6,0.446,0,0,,0.7,1.6,0.446,0.446,0.4,0.6,0.654,1.3,1.7,3,0.3,0.2,0.7,0.3,1.3,1.8,464,13.2,0.486,0,0.351,15.1,20,17.5,3.9,1.2,5.7,14.9,10.3,0.5,0.8,1.3,0.132,-2.6,3.1,0.5,0.3
2006/2007,53135000,65516964.37,412718,Los Angeles Clippers,13,LAC,California,West,Pacific,40,42,0.488,95.6,96.1,-0.07,Paul Davis,C,22,412718,521019,31,0,5.8,0.7,1.7,0.423,0,0,,0.7,1.7,0.423,0.423,0.2,0.3,0.7,0.7,0.7,1.4,0.2,0.2,0.2,0.3,0.9,1.6,180,11.2,0.452,0,0.192,14.1,15.2,14.6,6.4,1.8,2.2,12.4,16.5,0,0.2,0.2,0.066,-3.1,-0.2,-3.4,-0.1
2006/2007,53135000,65516964.37,412718,Minnesota Timberwolves,18,MIN,Minnesota,West,Northwest,32,50,0.39,96.1,99.7,-3.16,Ricky Davis,SF,27,6364400,8034482,81,81,37.3,6.2,13.4,0.465,1.5,3.8,0.397,4.7,9.6,0.492,0.521,3,3.5,0.839,0.7,3.2,3.9,4.8,1,0.3,2.6,2.3,17,3021,15.9,0.566,0.285,0.262,2.2,10.1,6.2,21.9,1.4,0.6,14.7,21.9,3.9,1.9,5.7,0.091,1.8,-1,0.9,2.2
2006/2007,53135000,65516964.37,412718,Detroit Pistons,9,DET,Michigan,East,Central,53,29,0.646,96,91.8,3.69,Carlos Delfino,SG,24,1037280,1309472,82,1,16.7,1.9,4.6,0.415,0.6,1.7,0.333,1.3,2.9,0.462,0.476,0.9,1.1,0.787,0.8,2.4,3.2,1.1,0.6,0.1,0.7,1.2,5.2,1372,12.8,0.515,0.367,0.237,5.8,17.2,11.5,10.2,1.8,0.5,12.8,16.5,1,1.9,2.9,0.101,-0.7,0.4,-0.4,0.6
2006/2007,53135000,65516964.37,412718,Chicago Bulls,5,CHI,Illinois,East,Central,49,33,0.598,98.8,93.8,4.52,Luol Deng,SF,21,2614440,3300495,82,82,37.5,7.7,14.9,0.517,0,0.1,0.143,7.7,14.8,0.519,0.518,3.4,4.4,0.777,1.8,5.3,7.1,2.5,1.2,0.6,1.9,2,18.8,3071,18.7,0.56,0.006,0.295,5.5,15.9,10.8,11.8,1.6,1.2,10,22.2,5.7,5.6,11.3,0.176,0.8,1.9,2.7,3.6
2006/2007,53135000,65516964.37,412718,Phoenix Suns,24,PHO,Arizona,West,Pacific,61,21,0.744,110.2,102.9,7.28,Boris Diaw,PF,24,1870501,2361339,73,59,31.1,4.2,7.8,0.538,0.2,0.6,0.333,4,7.2,0.555,0.551,1.1,1.6,0.683,1.2,3.1,4.3,4.8,0.4,0.5,2.1,2.4,9.7,2268,13,0.57,0.079,0.211,4.9,11,8.1,21.7,0.6,1.2,19.9,15.4,3,1.5,4.6,0.097,0.2,0.8,1,1.7
2006/2007,53135000,65516964.37,412718,Denver Nuggets,8,DEN,Colorado,West,Northwest,45,37,0.549,105.4,103.7,1.69,Yakhouba Diawara,SG,24,412718,521019,64,19,18.4,1.6,4.6,0.342,0.8,2.7,0.288,0.8,1.9,0.418,0.426,0.5,0.8,0.66,0.4,1.3,1.7,0.9,0.5,0.1,0.6,2.1,4.4,1177,5.3,0.45,0.582,0.182,2.6,7.8,5.3,6.5,1.3,0.4,10.5,12.8,-0.2,0.8,0.5,0.021,-2.3,-0.8,-3.1,-0.3
2006/2007,53135000,65516964.37,412718,Portland Trail Blazers,25,POR,Oregon,West,Northwest,32,50,0.39,94.1,98.4,-3.78,Dan Dickau,PG,28,2753218,3475690,50,3,8.9,1.1,3,0.358,0.3,1.2,0.262,0.8,1.8,0.422,0.411,0.8,1.1,0.792,0.1,0.7,0.9,1.4,0.3,0,0.5,1.1,3.3,444,12.2,0.476,0.404,0.351,1.9,10.3,6,26.3,1.7,0.2,13.4,21.3,0.3,0.2,0.4,0.048,-0.2,-2.9,-3.1,-0.1
2006/2007,53135000,65516964.37,412718,Orlando Magic,22,ORL,Florida,East,Southeast,40,42,0.488,94.8,94,0.35,Travis Diener,PG,24,664209,838504,26,0,11.1,1.3,3.1,0.425,0.7,1.9,0.36,0.6,1.2,0.533,0.538,0.5,0.6,0.8,0.1,0.6,0.7,1.3,0.2,0,0.5,1,3.8,288,11.6,0.566,0.625,0.188,1.3,6.3,3.9,20,0.7,0,13.1,16,0.5,0.2,0.7,0.113,1,-3.5,-2.6,0
2006/2007,53135000,65516964.37,412718,#N/A,#N/A,TOT,#N/A,#N/A,#N/A,#N/A,#N/A,#N/A,#N/A,#N/A,#N/A,Ike Diogu,PF,23,2137200,2698022,59,2,12.9,2.2,4.5,0.477,0,0,,2.2,4.5,0.477,0.477,1.9,2.4,0.8,1.3,2.2,3.4,0.4,0.1,0.4,1.1,2.1,6.2,760,14.9,0.559,0,0.526,11,19.5,15.2,5.7,0.5,2.6,17,22.9,0.7,0.8,1.5,0.094,-3.3,-1.5,-4.9,-0.5
2006/2007,53135000,65516964.37,412718,Golden State Warriors,10,GSW,California,West,Pacific,42,40,0.512,106.5,106.9,0,Ike Diogu,PF,23,2137200,2698022,17,0,13.1,2.6,4.9,0.53,0,0,,2.6,4.9,0.53,0.53,2.1,2.6,0.795,1.2,2.5,3.7,0.3,0.2,0.6,1.1,2.1,7.2,222,18.4,0.601,0,0.53,10.2,21.2,15.6,3.6,0.7,3.8,15,23.1,0.4,0.2,0.6,0.137,-2.9,-1.8,-4.7,-0.2
2006/2007,53135000,65516964.37,412718,Indiana Pacers,12,IND,Indiana,East,Central,35,47,0.427,95.6,98,-2.62,Ike Diogu,PF,23,2137200,2698022,42,2,12.8,2,4.4,0.454,0,0,,2,4.4,0.454,0.454,1.8,2.3,0.802,1.3,2,3.3,0.5,0.1,0.4,1.2,2.1,5.8,538,13.5,0.539,0,0.525,11.4,18.8,15,6.5,0.5,2.1,17.9,22.8,0.3,0.6,0.9,0.076,-3.5,-1.4,-4.9,-0.4
2006/2007,53135000,65516964.37,412718,Dallas Mavericks,7,DAL,Texas,West,Southwest,67,15,0.817,100,92.8,7.28,DeSagana Diop,C,25,1998000,2522295,81,9,18.3,0.9,1.9,0.47,0,0,0,0.9,1.9,0.473,0.47,0.6,1.1,0.558,2,3.4,5.4,0.4,0.5,1.4,0.8,3,2.3,1480,10.6,0.503,0.007,0.57,13.8,21.6,17.8,2.8,1.4,5.8,25,7.9,0.7,3.1,3.8,0.123,-2.3,4.7,2.4,1.7
2006/2007,53135000,65516964.37,412718,#N/A,#N/A,TOT,#N/A,#N/A,#N/A,#N/A,#N/A,#N/A,#N/A,#N/A,#N/A,Juan Dixon,SG,28,2550000,3219145,81,6,23.8,3.7,8.7,0.425,1,2.8,0.35,2.7,5.9,0.461,0.482,1.2,1.4,0.871,0.3,1.6,2,1.5,0.9,0.1,1.2,2.2,9.6,1926,11.8,0.516,0.321,0.165,1.7,8.4,5,11,2.1,0.4,11.8,20.7,0.5,1.2,1.7,0.042,-0.6,-1.4,-2,0
2006/2007,53135000,65516964.37,412718,Portland Trail Blazers,25,POR,Oregon,West,Northwest,32,50,0.39,94.1,98.4,-3.78,Juan Dixon,SG,28,2550000,3219145,55,1,22.6,3.4,8.1,0.426,0.9,2.6,0.364,2.5,5.5,0.455,0.484,1.1,1.3,0.833,0.3,1.3,1.5,1.5,0.9,0.1,1.4,2,8.9,1243,11.2,0.515,0.322,0.162,1.6,7,4.3,11.6,2.1,0.4,13.9,20.9,0.1,0.5,0.6,0.023,-0.8,-1.8,-2.6,-0.2
2006/2007,53135000,65516964.37,412718,Toronto Raptors,28,TOR,Ontario,East,Atlantic,47,35,0.573,99.5,98.5,0.61,Juan Dixon,SG,28,2550000,3219145,26,5,26.3,4.2,10,0.425,1,3.2,0.325,3.2,6.8,0.472,0.477,1.6,1.7,0.932,0.4,2.4,2.8,1.6,1,0.1,0.9,2.5,11.1,683,12.9,0.517,0.32,0.17,1.9,10.8,6.3,9.9,2,0.2,7.9,20.5,0.4,0.7,1.1,0.076,-0.2,-0.7,-0.9,0.2
2006/2007,53135000,65516964.37,412718,Miami Heat,16,MIA,Florida,East,Southeast,44,38,0.537,94.6,95.5,-1.21,Michael Doleac,C,29,2880000,3635740,56,0,12.5,1.5,3.1,0.469,0,0,0,1.5,3.1,0.471,0.469,0.6,0.7,0.878,0.8,2,2.8,0.4,0.3,0.3,0.5,1.7,3.6,698,11,0.518,0.006,0.234,7.6,18.3,13.1,5.1,1.4,1.7,13.5,15.1,0.3,0.9,1.2,0.086,-3.9,0.2,-3.6,-0.3
2006/2007,53135000,65516964.37,412718,Orlando Magic,22,ORL,Florida,East,Southeast,40,42,0.488,94.8,94,0.35,Keyon Dooling,SG,26,3348000,4226548,66,2,21.7,2.8,6.9,0.41,0.5,1.5,0.323,2.4,5.5,0.434,0.444,1.7,2.1,0.809,0.3,1,1.3,1.7,0.8,0.2,1.1,1.9,7.9,1435,11.1,0.501,0.21,0.308,1.9,5.4,3.7,13.1,1.9,0.8,12.2,19.1,0.7,1.4,2.1,0.071,-1.4,-1,-2.4,-0.2
2006/2007,53135000,65516964.37,412718,Sacramento Kings,26,SAC,California,West,Pacific,33,49,0.402,101.3,103.1,-1.35,Quincy Douby,PG,22,1240920,1566549,42,0,8.5,1.1,3,0.381,0.3,1.2,0.24,0.9,1.8,0.474,0.429,0.3,0.4,0.733,0.3,0.6,0.9,0.4,0.4,0.1,0.4,0.5,2.8,359,9,0.449,0.397,0.119,3.5,8.7,6,6.9,2.1,0.9,10.2,18.5,-0.3,0.3,0,-0.006,-3.4,-1.7,-5.1,-0.3
2006/2007,53135000,65516964.37,412718,Chicago Bulls,5,CHI,Illinois,East,Central,49,33,0.598,98.8,93.8,4.52,Chris Duhon,PG,24,3024000,3817528,78,30,24.4,2.5,6.2,0.408,1.1,3.1,0.359,1.4,3.1,0.458,0.499,1,1.3,0.752,0.3,1.9,2.2,4,0.9,0.1,1.3,1.9,7.2,1906,11.9,0.529,0.507,0.209,1.4,8.7,5.1,24.4,1.9,0.2,16.6,14.8,1.9,3,4.8,0.121,-0.1,0.1,0,1
2006/2007,53135000,65516964.37,412718,San Antonio Spurs,27,SAS,Texas,West,Southwest,58,24,0.707,98.5,90.1,8.35,Tim Duncan,C,30,17429672,22003393,80,80,34.1,7.7,14.1,0.546,0,0.1,0.111,7.7,14,0.55,0.547,4.5,7.1,0.637,2.7,7.9,10.6,3.4,0.8,2.4,2.8,2.5,20,2726,26.1,0.579,0.008,0.502,9.8,27,18.8,18.8,1.3,5.1,14,27.9,6.3,6.8,13,0.23,2,5.1,7.1,6.3
2006/2007,53135000,65516964.37,412718,#N/A,#N/A,TOT,#N/A,#N/A,#N/A,#N/A,#N/A,#N/A,#N/A,#N/A,#N/A,Mike Dunleavy,SG-PF,26,7438016,9389826,82,49,31.5,4.7,10.4,0.452,0.9,2.7,0.313,3.8,7.6,0.502,0.493,2.6,3.3,0.784,1,4.2,5.3,2.8,1,0.3,1.8,2.5,12.8,2580,14.1,0.542,0.264,0.316,3.6,15.5,9.4,14.2,1.6,0.6,13.3,19,2.6,2.5,5.1,0.095,-0.1,0.3,0.2,1.4
2006/2007,53135000,65516964.37,412718,Golden State Warriors,10,GSW,California,West,Pacific,42,40,0.512,106.5,106.9,0,Mike Dunleavy,PF,26,7438016,9389826,39,6,26.9,4.3,9.5,0.449,0.9,2.7,0.346,3.3,6.8,0.489,0.497,2,2.6,0.772,1,3.8,4.8,3,1,0.3,1.8,2.1,11.4,1051,14.6,0.538,0.281,0.273,4.1,15.7,9.8,16.7,1.8,0.9,14.6,19.7,1,0.9,1.9,0.086,-0.3,0,-0.3,0.4
2006/2007,53135000,65516964.37,412718,Indiana Pacers,12,IND,Indiana,East,Central,35,47,0.427,95.6,98,-2.62,Mike Dunleavy,SG,26,7438016,9389826,43,43,35.6,5.1,11.2,0.454,0.8,2.8,0.283,4.3,8.4,0.511,0.49,3.1,3.9,0.792,1,4.7,5.7,2.6,1.1,0.2,1.8,2.8,14,1529,13.8,0.544,0.25,0.35,3.3,15.4,9.2,12.4,1.6,0.5,12.3,18.5,1.6,1.6,3.2,0.102,0.1,0.4,0.6,1
2006/2007,53135000,65516964.37,412718,Detroit Pistons,9,DET,Michigan,East,Central,53,29,0.646,96,91.8,3.69,Ronald Dupree,SF,26,771331,973736,19,0,4.9,0.6,1.6,0.355,0,0,,0.6,1.6,0.355,0.355,0.2,0.5,0.333,0.3,0.6,0.9,0.3,0.3,0.1,0.2,0.6,1.3,94,7.4,0.358,0,0.29,6.3,15.2,10.7,8.5,2.9,0.8,7.9,19.2,-0.2,0.2,0,-0.007,-6,0.4,-5.6,-0.1
2006/2007,53135000,65516964.37,412718,Golden State Warriors,10,GSW,California,West,Pacific,42,40,0.512,106.5,106.9,0,Monta Ellis,SG,21,664209,838504,77,53,34.3,6.2,13.1,0.475,0.5,1.9,0.273,5.7,11.3,0.509,0.495,3.5,4.6,0.763,0.8,2.4,3.2,4.1,1.7,0.3,2.9,2.7,16.5,2638,15,0.545,0.142,0.354,2.5,7.7,5.1,18.8,2.4,0.6,15.9,22.4,2,1.9,4,0.072,-0.4,-0.6,-1,0.7
2006/2007,53135000,65516964.37,412718,San Antonio Spurs,27,SAS,Texas,West,Southwest,58,24,0.707,98.5,90.1,8.35,Francisco Elson,C,30,3000000,3787230,70,41,19,2.1,4,0.511,0,0,0,2.1,4,0.514,0.511,0.9,1.1,0.775,1.2,3.6,4.8,0.8,0.4,0.8,1.2,2.6,5,1332,11.2,0.552,0.007,0.284,7.7,22.2,15.2,6.4,1.2,3.3,21.3,14.4,0.2,2.9,3.1,0.111,-3.7,3.4,-0.3,0.6
2006/2007,53135000,65516964.37,412718,#N/A,#N/A,TOT,#N/A,#N/A,#N/A,#N/A,#N/A,#N/A,#N/A,#N/A,#N/A,Melvin Ely,PF-C,28,3303813,4170766,30,0,10.3,1,2.7,0.363,0,0,,1,2.7,0.363,0.363,1,1.6,0.66,0.5,1.3,1.8,0.6,0.2,0.3,0.9,1.7,3,309,5.2,0.442,0,0.588,5.7,14.8,10.2,9,1,2,21.8,19.1,-0.6,0.3,-0.3,-0.039,-7.1,-0.1,-7.2,-0.4
2006/2007,53135000,65516964.37,412718,Charlotte Bobcats,4,CHA,North Carolina,East,Southeast,33,49,0.402,96.9,100.6,-3.97,Melvin Ely,PF,28,3303813,4170766,24,0,10.2,1,2.5,0.383,0,0,,1,2.5,0.383,0.383,1,1.5,0.686,0.5,1.1,1.6,0.6,0.1,0.3,1,1.6,2.9,244,4.8,0.464,0,0.583,5.7,13.5,9.5,8.9,0.4,1.9,23.4,18.3,-0.4,0.1,-0.2,-0.047,-6.9,-0.9,-7.8,-0.4
2006/2007,53135000,65516964.37,412718,San Antonio Spurs,27,SAS,Texas,West,Southwest,58,24,0.707,98.5,90.1,8.35,Melvin Ely,C,28,3303813,4170766,6,0,10.8,1,3.3,0.3,0,0,,1,3.3,0.3,0.3,1.2,2,0.583,0.5,1.8,2.3,0.7,0.7,0.3,0.8,2,3.2,65,6.7,0.376,0,0.6,5.8,19.7,13,9.2,3.3,2.3,16.5,22.1,-0.2,0.2,0,-0.009,-8,3,-5,0
2006/2007,53135000,65516964.37,412718,Los Angeles Lakers,14,LAL,California,West,Pacific,42,40,0.512,103.3,103.4,0.24,Maurice Evans,SG,28,1620000,2045104,76,10,22.8,3.1,7.1,0.432,0.6,1.8,0.361,2.4,5.4,0.455,0.476,1.6,2,0.787,1.2,1.7,2.9,1,0.5,0.2,0.8,1.7,8.4,1732,12.1,0.523,0.245,0.286,6.3,8.6,7.5,6.7,1.1,0.6,8.5,17.3,2,0.6,2.6,0.072,-0.7,-2.2,-2.9,-0.4
2006/2007,53135000,65516964.37,412718,Denver Nuggets,8,DEN,Colorado,West,Northwest,45,37,0.549,105.4,103.7,1.69,Reggie Evans,PF,26,4000000,5049640,66,11,17.1,1.8,3.3,0.544,0,0,,1.8,3.3,0.544,0.544,1.4,2.8,0.497,2.4,4.6,7,0.7,0.6,0.2,1.4,2.2,4.9,1127,13.5,0.55,0,0.851,15.8,29.9,23,5.7,1.8,1,24.3,14.8,0.4,1.9,2.3,0.096,-2.7,1.1,-1.6,0.1
2006/2007,53135000,65516964.37,412718,Los Angeles Clippers,13,LAC,California,West,Pacific,40,42,0.488,95.6,96.1,-0.07,Daniel Ewing,PG,23,664209,838504,61,3,11.7,1.1,2.6,0.404,0.2,0.7,0.318,0.8,1.9,0.436,0.447,0.6,0.7,0.778,0.1,1,1.2,1.5,0.5,0.1,0.8,1,2.9,712,9.3,0.495,0.273,0.28,1.5,10.7,6.1,19.8,2.4,0.4,21.7,15,-0.3,0.7,0.5,0.033,-3.3,-0.7,-4,-0.4
2006/2007,53135000,65516964.37,412718,Los Angeles Lakers,14,LAL,California,West,Pacific,42,40,0.512,103.3,103.4,0.24,Jordan Farmar,PG,20,939120,1185554,72,2,15.1,1.7,4.1,0.422,0.6,1.9,0.328,1.1,2.2,0.503,0.498,0.4,0.5,0.711,0.3,1.3,1.7,1.9,0.6,0.1,1,1.1,4.4,1090,10.8,0.515,0.466,0.129,2.4,10.3,6.4,19,2.1,0.5,19,15.8,0.2,0.7,0.9,0.038,-1.6,-1.4,-2.9,-0.3
2006/2007,53135000,65516964.37,412718,Seattle SuperSonics,21,SEA,Washington,West,Northwest,31,51,0.378,99.1,102,-2.45,Desmon Farmer,SG,25,275404,347672,8,0,4,0.6,1.9,0.333,0.3,1,0.25,0.4,0.9,0.429,0.4,0.1,0.1,1,0,0.1,0.1,1.1,0.1,0,0.1,0.3,1.6,32,15.4,0.421,0.533,0.067,0,3.8,1.9,46,1.6,0,6.1,23.3,0,0,0,0.074,1.4,-7.8,-6.4,0
2006/2007,53135000,65516964.37,412718,Charlotte Bobcats,4,CHA,North Carolina,East,Southeast,33,49,0.402,96.9,100.6,-3.97,Raymond Felton,PG,22,3060840,3864035,78,75,36.3,5,13.1,0.384,1.3,4,0.33,3.7,9.1,0.407,0.434,2.6,3.3,0.797,0.7,2.8,3.4,7,1.5,0.1,2.9,2.3,14,2832,13.5,0.481,0.305,0.25,2.1,9.3,5.6,32,2.2,0.3,16.8,21.9,0.2,2.1,2.3,0.039,0.2,-0.9,-0.7,1
2006/2007,53135000,65516964.37,412718,San Antonio Spurs,27,SAS,Texas,West,Southwest,58,24,0.707,98.5,90.1,8.35,Michael Finley,SF,33,19030999,24024923,82,16,22.2,3.3,8.1,0.412,1.3,3.5,0.364,2.1,4.6,0.448,0.49,1.1,1.2,0.918,0.4,2.3,2.7,1.3,0.4,0.2,0.6,0.9,9,1823,13.7,0.524,0.431,0.148,2.3,12,7.4,9.7,0.9,0.6,6.1,19.6,2.1,2.6,4.7,0.125,0.1,-0.6,-0.4,0.7
2006/2007,53135000,65516964.37,412718,Utah Jazz,29,UTA,Utah,West,Northwest,51,31,0.622,101.5,98.6,3.06,Derek Fisher,SG,32,5883600,7427515,82,61,27.9,3.1,8.2,0.382,0.6,1.9,0.308,2.6,6.3,0.405,0.418,3.2,3.7,0.853,0.4,1.5,1.8,3.3,1,0.1,1.5,2.9,10.1,2287,11.4,0.51,0.231,0.455,1.6,6.3,4,18.1,1.9,0.2,12.9,18.2,2.4,1.5,3.9,0.083,-0.4,-1.3,-1.6,0.2
2006/2007,53135000,65516964.37,412718,Toronto Raptors,28,TOR,Ontario,East,Atlantic,47,35,0.573,99.5,98.5,0.61,TJ Ford,PG,23,2929467,3698188,75,71,29.9,5.2,12,0.436,0.3,0.9,0.304,5,11.1,0.447,0.447,3.2,3.9,0.819,0.7,2.4,3.1,7.9,1.3,0.1,3.1,2.5,14,2243,18.2,0.508,0.076,0.325,2.7,9.7,6.2,44.8,2.3,0.3,18.3,26.1,2,2.3,4.3,0.091,1.1,-0.5,0.6,1.5
2006/2007,53135000,65516964.37,412718,Seattle SuperSonics,21,SEA,Washington,West,Northwest,31,51,0.378,99.1,102,-2.45,Danny Fortson,C,30,6596990,8328106,14,6,11.3,1.1,2.1,0.5,0,0.1,0,1.1,2.1,0.517,0.5,0.7,0.9,0.769,0.9,2.1,3.1,0.1,0.1,0,1.1,2.7,2.9,158,4.3,0.56,0.033,0.433,9.8,23,16.3,0.9,0.3,0,29.6,14.6,-0.1,0.1,0,-0.013,-6.3,-3.7,-10,-0.3
2006/2007,53135000,65516964.37,412718,Indiana Pacers,12,IND,Indiana,East,Central,35,47,0.427,95.6,98,-2.62,Jeff Foster,C,30,5500000,6943255,75,43,23.2,1.6,3.5,0.469,0,0,0,1.6,3.5,0.471,0.469,1,1.6,0.639,3.4,4.7,8.1,0.8,0.8,0.5,0.9,2.7,4.3,1740,13,0.513,0.004,0.469,16.5,24.1,20.2,5,1.9,1.6,18.2,9.9,1.8,2.7,4.5,0.124,-1.4,2.3,0.9,1.3
2006/2007,53135000,65516964.37,412718,Minnesota Timberwolves,18,MIN,Minnesota,West,Northwest,32,50,0.39,96.1,99.7,-3.16,Randy Foye,PG,23,2448240,3090682,82,12,22.9,3.7,8.4,0.434,0.8,2.3,0.368,2.8,6.2,0.458,0.483,2,2.3,0.854,0.6,2.1,2.7,2.8,0.6,0.3,1.9,2.2,10.1,1879,14,0.536,0.268,0.278,3.2,10.5,6.9,20.9,1.5,0.9,16.4,22.9,1,1.3,2.3,0.058,-0.3,-1.3,-1.6,0.2
2006/2007,53135000,65516964.37,412718,Golden State Warriors,10,GSW,California,West,Pacific,42,40,0.512,106.5,106.9,0,Adonal Foyle,C,31,8125000,10257081,48,6,9.9,1,1.8,0.565,0,0,,1,1.8,0.565,0.565,0.2,0.5,0.44,1.1,1.6,2.6,0.4,0.2,1,0.5,1.3,2.2,475,13.7,0.557,0,0.294,11.5,17.7,14.6,5.5,1.1,8,19.3,10.7,0.4,0.6,1,0.104,-3.2,4,0.8,0.3
2006/2007,53135000,65516964.37,412718,New York Knicks,20,NYK,New York,East,Atlantic,33,49,0.402,97.5,100.3,-3.06,Steve Francis,SG,29,15070000,19024519,44,30,28.1,3.2,7.8,0.408,1,2.5,0.378,2.2,5.3,0.422,0.469,4,4.8,0.829,0.8,2.8,3.6,3.9,0.9,0.3,2.3,2.9,11.3,1237,15.1,0.57,0.324,0.615,3.2,11.8,7.5,22.4,1.8,0.8,18.7,19.7,2,0.9,2.9,0.113,1.1,-0.5,0.7,0.8
2006/2007,53135000,65516964.37,412718,Atlanta Hawks,1,ATL,Georgia,East,Southeast,30,52,0.366,93.7,98.4,-4.86,Matt Freije,PF,25,145961,184262,19,0,7.7,0.8,2.8,0.296,0.2,1.2,0.136,0.7,1.7,0.406,0.324,0.3,0.3,0.833,0.4,0.8,1.3,0.4,0.2,0.1,0.2,0.7,2.1,147,6.1,0.353,0.407,0.111,6.5,13.3,9.8,7.9,1.1,0.5,5,18.7,-0.2,0.1,-0.1,-0.034,-4.2,-3.3,-7.5,-0.2
2006/2007,53135000,65516964.37,412718,New York Knicks,20,NYK,New York,East,Atlantic,33,49,0.402,97.5,100.3,-3.06,Channing Frye,PF,23,2325000,2935103,72,59,26.3,4.1,9.6,0.433,0,0.3,0.167,4.1,9.3,0.44,0.435,1.2,1.5,0.787,1.3,4.2,5.5,0.9,0.5,0.6,1.4,3,9.5,1896,10.5,0.464,0.026,0.157,5.8,18.9,12.4,6.2,1,1.8,12,20,-0.6,1.6,0.9,0.024,-4.3,-0.5,-4.7,-1.3
2006/2007,53135000,65516964.37,412718,Milwaukee Bucks,17,MIL,Wisconsin,East,Central,28,54,0.341,99.7,104,-4.43,Dan Gadzuric,C,28,5252065,6630259,54,8,15.6,2,4.2,0.474,0,0,0,2,4.2,0.476,0.474,0.8,1.7,0.467,1.7,2.8,4.6,0.5,0.4,0.6,0.9,2.6,4.8,840,11.9,0.482,0.004,0.395,13,21.6,17.2,5.3,1.4,2.9,15.5,17,0.1,0.7,0.8,0.043,-3.5,-0.3,-3.8,-0.4
2006/2007,53135000,65516964.37,412718,Toronto Raptors,28,TOR,Ontario,East,Atlantic,47,35,0.573,99.5,98.5,0.61,Jorge Garbajosa,PF,29,3750000,4734037,67,60,28.5,3.3,7.9,0.42,1,2.9,0.342,2.3,5,0.464,0.482,0.9,1.2,0.731,0.7,4.2,4.9,1.9,1.2,0.2,1,1.3,8.5,1909,12.1,0.503,0.365,0.147,2.9,17.5,10.2,10.1,2.1,0.6,10.2,15.2,0.6,2.4,3,0.074,-0.8,1.7,0.8,1.4
2006/2007,53135000,65516964.37,412718,Sacramento Kings,26,SAC,California,West,Pacific,33,49,0.402,101.3,103.1,-1.35,Francisco Garcia,SF,25,1092600,1379309,79,5,17.8,2.1,4.8,0.429,0.7,1.9,0.356,1.4,2.9,0.476,0.499,1.2,1.4,0.833,0.7,1.9,2.6,1.1,0.6,0.5,0.9,2.4,6,1410,11.7,0.551,0.392,0.3,4.3,12.9,8.5,9.8,1.6,2.3,14,15.9,1.1,1.2,2.4,0.08,-0.9,0.3,-0.6,0.5
2006/2007,53135000,65516964.37,412718,Minnesota Timberwolves,18,MIN,Minnesota,West,Northwest,32,50,0.39,96.1,99.7,-3.16,Kevin Garnett,PF,30,21000000,26510611,76,76,39.4,8.4,17.6,0.476,0.2,0.7,0.214,8.2,16.9,0.487,0.48,5.5,6.6,0.835,2.4,10.4,12.8,4.1,1.2,1.7,2.7,2.4,22.4,2995,24.1,0.546,0.042,0.371,7.5,30.8,19.5,19.5,1.6,3.2,11.6,27.4,5.7,4.9,10.7,0.171,1.8,3.2,5,5.2
2006/2007,53135000,65516964.37,412718,Orlando Magic,22,ORL,Florida,East,Southeast,40,42,0.488,94.8,94,0.35,Pat Garrity,PF,30,3525000,4449995,33,0,8.4,0.7,2.1,0.314,0.3,1,0.344,0.3,1.2,0.289,0.393,0.5,0.5,0.889,0.4,0.9,1.3,0.4,0.2,0,0.4,1.1,2.2,277,6.4,0.456,0.457,0.257,5.5,13.1,9.3,7.8,1.4,0,15.2,15.4,-0.1,0.3,0.2,0.038,-2.7,-1.1,-3.8,-0.1
2006/2007,53135000,65516964.37,412718,Memphis Grizzlies,15,MEM,Tennessee,West,Southwest,22,60,0.268,101.6,106.7,-4.44,Pau Gasol,C,26,12364000,15608437,59,59,36.2,7.8,14.5,0.538,0.1,0.2,0.273,7.8,14.4,0.542,0.54,5.1,6.8,0.748,2.5,7.3,9.8,3.4,0.5,2.1,2.7,2.3,20.8,2133,24.1,0.593,0.013,0.466,8.3,24.2,16.3,17.7,0.7,4.5,13.5,25.3,5.4,1.5,6.9,0.155,2.6,1.7,4.2,3.3
2006/2007,53135000,65516964.37,412718,Memphis Grizzlies,15,MEM,Tennessee,West,Southwest,22,60,0.268,101.6,106.7,-4.44,Rudy Gay,SF,20,2242290,2830689,78,43,27,4.1,9.7,0.422,0.7,1.8,0.364,3.4,7.9,0.436,0.457,1.9,2.7,0.727,1.2,3.3,4.5,1.3,0.9,0.9,1.8,2.5,10.8,2103,12.4,0.497,0.188,0.275,5.3,14.5,9.9,8,1.7,2.7,14.1,21.3,-0.5,1,0.5,0.011,-2.2,-0.3,-2.5,-0.3
2006/2007,53135000,65516964.37,412718,Seattle SuperSonics,21,SEA,Washington,West,Northwest,31,51,0.378,99.1,102,-2.45,Mickael Gelabale,SF,23,802000,1012452,70,14,17.7,1.7,3.8,0.462,0.2,0.7,0.234,1.6,3.1,0.512,0.483,0.9,1.2,0.805,0.8,1.6,2.5,0.8,0.3,0.3,0.7,1.5,4.6,1239,9.8,0.535,0.178,0.311,5.7,11.1,8.4,6.7,1,1.4,14,12.8,0.9,0.4,1.3,0.05,-1.7,-0.6,-2.3,-0.1
2006/2007,53135000,65516964.37,412718,Dallas Mavericks,7,DAL,Texas,West,Southwest,67,15,0.817,100,92.8,7.28,Devean George,SF,29,1974259,2492324,60,17,21.4,2.4,6.2,0.395,0.9,2.5,0.353,1.6,3.7,0.423,0.466,0.6,0.8,0.75,1,2.6,3.6,0.6,0.8,0.4,0.9,2.4,6.4,1283,9.7,0.487,0.405,0.13,5.5,14.3,10,4,1.9,1.4,11.5,16.1,0.1,1.9,2.1,0.078,-1.4,0.8,-0.6,0.4
2006/2007,53135000,65516964.37,412718,Cleveland Cavaliers,6,CLE,Ohio,East,Central,50,32,0.61,96.8,92.9,3.33,Daniel Gibson,PG,20,412718,521019,60,16,16.5,1.6,3.9,0.424,0.9,2.1,0.419,0.8,1.8,0.43,0.537,0.5,0.7,0.718,0.5,1.1,1.5,1.2,0.4,0.1,0.7,1.6,4.6,988,9.4,0.556,0.537,0.169,3.2,7.7,5.4,10.7,1.2,0.6,15.1,13.4,0.8,1.2,2,0.098,-0.9,-0.1,-1,0.2
2006/2007,53135000,65516964.37,412718,San Antonio Spurs,27,SAS,Texas,West,Southwest,58,24,0.707,98.5,90.1,8.35,Manu Ginobili,SG,29,8254375,10420405,75,36,27.5,5.3,11.4,0.464,1.7,4.3,0.396,3.6,7.1,0.505,0.539,4.3,5,0.86,0.8,3.6,4.4,3.5,1.5,0.4,2.1,2.1,16.5,2060,24.1,0.609,0.378,0.436,3.6,15.1,9.6,22.6,2.8,1,13.4,27.1,6.3,4.3,10.6,0.246,5.4,1.8,7.2,4.8
2006/2007,53135000,65516964.37,412718,Utah Jazz,29,UTA,Utah,West,Northwest,51,31,0.622,101.5,98.6,3.06,Gordan Giricek,SG,29,4000000,5049640,61,6,19.5,2.9,6.2,0.462,0.9,2,0.426,2,4.2,0.479,0.53,1.2,1.4,0.816,0.4,1.7,2.1,1,0.5,0.1,1,2,7.8,1188,11.3,0.566,0.32,0.228,2.5,10.7,6.6,8.5,1.2,0.3,13.2,18.2,1.1,0.8,1.9,0.076,-0.4,-1.7,-2,0
2006/2007,53135000,65516964.37,412718,Seattle SuperSonics,21,SEA,Washington,West,Northwest,31,51,0.378,99.1,102,-2.45,Andreas Glyniadakis,C,25,161061,203325,13,4,6.2,0.6,1.3,0.471,0,0,,0.6,1.3,0.471,0.471,0.1,0.2,0.5,0.2,0.5,0.6,0.1,0,0,0.7,1.5,1.3,81,-3.3,0.475,0,0.118,2.9,9,5.9,1.8,0,0,33.5,15.1,-0.2,0,-0.2,-0.143,-8.9,-3.2,-12.1,-0.2
2006/2007,53135000,65516964.37,412718,Boston Celtics,2,BOS,Massachusetts,East,Atlantic,24,58,0.293,95.8,99.2,-3.7,Ryan Gomes,PF,24,664209,838504,73,60,31.2,4.6,9.9,0.467,0.2,0.6,0.381,4.4,9.3,0.473,0.479,2.6,3.2,0.811,1.7,3.9,5.6,1.6,0.7,0.2,1.4,2.3,12.1,2275,13.7,0.534,0.058,0.322,6.4,15.2,10.7,9.2,1.1,0.4,11.3,18.5,2.5,1.7,4.2,0.089,-0.7,-0.5,-1.2,0.5
2006/2007,53135000,65516964.37,412718,Cleveland Cavaliers,6,CLE,Ohio,East,Central,50,32,0.61,96.8,92.9,3.33,Drew Gooden,PF,25,6645402,8389222,80,80,28,4.6,9.8,0.473,0,0.1,0.167,4.6,9.7,0.476,0.474,1.8,2.5,0.714,3.3,5.2,8.5,1.1,0.9,0.4,1.4,2.6,11.1,2238,16.5,0.508,0.008,0.254,13.3,22.3,17.7,6.7,1.7,1,11.7,20,2.4,4.1,6.5,0.139,-1.2,1.2,0,1.1
2006/2007,53135000,65516964.37,412718,Chicago Bulls,5,CHI,Illinois,East,Central,49,33,0.598,98.8,93.8,4.52,Ben Gordon,SG,23,3862080,4875528,82,51,33,7.4,16.3,0.455,1.9,4.6,0.413,5.5,11.7,0.471,0.513,4.6,5.4,0.864,0.4,2.7,3.1,3.6,0.8,0.2,3,3.1,21.4,2704,18.2,0.572,0.28,0.329,1.5,9.3,5.4,20.1,1.2,0.5,14,29.3,4.7,3.9,8.6,0.152,2.6,-1.2,1.4,2.4
2006/2007,53135000,65516964.37,412718,Toronto Raptors,28,TOR,Ontario,East,Atlantic,47,35,0.573,99.5,98.5,0.61,Joey Graham,SF,24,1492440,1884071,79,21,16.7,2.4,4.9,0.495,0.1,0.4,0.29,2.3,4.5,0.513,0.506,1.4,1.7,0.84,0.7,2.4,3.1,0.6,0.4,0.1,0.6,2,6.4,1319,12.9,0.564,0.08,0.338,4.9,17.4,11,5.4,1.2,0.2,9.9,17.4,1.7,1.3,3,0.108,-1.8,-0.8,-2.6,-0.2
2006/2007,53135000,65516964.37,412718,Portland Trail Blazers,25,POR,Oregon,West,Northwest,32,50,0.39,94.1,98.4,-3.78,Stephen Graham,SG,24,259204,327221,14,1,11.8,1.2,2.9,0.425,0.2,0.8,0.273,1,2.1,0.483,0.463,0.6,0.6,0.889,0.4,1.1,1.5,0.4,0.3,0.1,0.9,1.8,3.2,165,5.4,0.512,0.275,0.225,4.4,11.5,7.9,4.9,1.3,0.5,22.8,16.2,-0.2,0.1,-0.1,-0.027,-4.2,-1.6,-5.8,-0.2
2006/2007,53135000,65516964.37,412718,Indiana Pacers,12,IND,Indiana,East,Central,35,47,0.427,95.6,98,-2.62,Danny Granger,SF,23,1417800,1789844,82,57,34,4.9,10.6,0.459,1.3,3.5,0.382,3.5,7.1,0.497,0.522,2.9,3.6,0.803,1.4,3.3,4.6,1.4,0.8,0.7,1.6,3,13.9,2785,13.9,0.573,0.332,0.339,4.6,11.3,7.9,7,1.2,1.7,11.9,18.2,3.9,2.6,6.5,0.111,0.8,0,0.9,2
2006/2007,53135000,65516964.37,412718,Boston Celtics,2,BOS,Massachusetts,East,Atlantic,24,58,0.293,95.8,99.2,-3.7,Gerald Green,SF,21,1347000,1700466,81,26,22,3.8,9.1,0.419,1.2,3.2,0.368,2.7,5.9,0.447,0.484,1.6,2,0.805,0.8,1.7,2.6,1,0.5,0.3,1.5,2.4,10.4,1780,12,0.521,0.349,0.215,4.5,9.6,7,8.5,1.2,1,12.9,23.7,0.4,1.2,1.6,0.042,-0.7,-2.3,-3.1,-0.5
2006/2007,53135000,65516964.37,412718,Philadelphia 76ers,23,PHI,Pennsylvania,East,Atlantic,35,47,0.427,94.9,98,-3.26,Willie Green,SG,25,2800000,3534748,74,36,24.9,4.8,11.7,0.411,0.7,2.1,0.325,4.1,9.6,0.43,0.441,1,1.5,0.667,0.6,1.6,2.1,1.5,0.8,0.1,1.4,1.9,11.3,1842,10.3,0.458,0.181,0.128,2.7,7.5,5.1,11.2,1.6,0.2,10.4,25.7,-1.8,1.1,-0.7,-0.018,-2.9,-2.6,-5.5,-1.6
2006/2007,53135000,65516964.37,412718,Indiana Pacers,12,IND,Indiana,East,Central,35,47,0.427,95.6,98,-2.62,Orien Greene,SG,24,664209,838504,41,0,6.2,0.6,1.5,0.371,0,0.3,0.182,0.5,1.2,0.412,0.387,0.4,0.6,0.6,0.3,0.8,1.1,0.5,0.4,0.1,0.7,0.9,1.5,254,6.5,0.432,0.177,0.403,5.4,14.9,10,13.6,3.5,1.2,27.7,17.8,-0.6,0.4,-0.2,-0.034,-6,2,-4,-0.1
2006/2007,53135000,65516964.37,412718,Milwaukee Bucks,17,MIL,Wisconsin,East,Central,28,54,0.341,99.7,104,-4.43,Lynn Greer,SG,27,664209,838504,41,0,10.5,1.5,3.4,0.433,0.4,1.3,0.346,1,2.2,0.483,0.496,0.7,0.8,0.844,0,0.6,0.7,1.3,0.4,0,0.4,0.8,4.1,432,14,0.538,0.369,0.227,0.5,6.9,3.7,19,2,0.2,10.4,18.1,0.7,0.1,0.7,0.083,-0.2,-3.5,-3.8,-0.2
2006/2007,53135000,65516964.37,412718,Chicago Bulls,5,CHI,Illinois,East,Central,49,33,0.598,98.8,93.8,4.52,Adrian Griffin,SF,32,1475000,1862054,54,1,10.8,1.1,2.4,0.473,0,0.1,0,1.1,2.3,0.496,0.473,0.3,0.4,0.789,0.7,1.3,2,1.1,0.6,0.1,0.7,1.4,2.5,585,10.7,0.499,0.047,0.147,7.9,13.4,10.6,15.2,2.8,0.5,21.7,13.3,0.1,1.2,1.3,0.103,-2.5,2.8,0.3,0.3
2006/2007,53135000,65516964.37,412718,Minnesota Timberwolves,18,MIN,Minnesota,West,Northwest,32,50,0.39,96.1,99.7,-3.16,Eddie Griffin,PF,24,2700000,3408507,13,0,7.1,0.5,2.1,0.259,0,0.1,0,0.5,2,0.269,0.259,0.3,0.4,0.8,0.5,1.4,1.9,0.3,0,0.5,0.5,0.6,1.4,92,5.2,0.308,0.037,0.185,9.3,22.8,16.3,6.5,0,5.9,17,17.8,-0.3,0.1,-0.2,-0.088,-9.7,1,-8.7,-0.2
2006/2007,53135000,65516964.37,412718,Washington Wizards,30,WAS,Washington DC,East,Southeast,41,41,0.5,104.3,104.9,-0.8,Mike Hall,SF,22,135895,171555,2,0,6.5,0.5,2,0.25,0,0,,0.5,2,0.25,0.25,0,0,,0.5,0.5,1,0.5,0,0,0,0.5,1,13,3.1,0.25,0,0,8.6,9.1,8.8,11,0,0,0,13.5,0,0,0,-0.073,-5.9,-3.5,-9.4,0
2006/2007,53135000,65516964.37,412718,Detroit Pistons,9,DET,Michigan,East,Central,53,29,0.646,96,91.8,3.69,Richard Hamilton,SG,28,9187500,11598392,75,75,36.8,7.3,15.6,0.468,0.6,1.7,0.341,6.7,13.9,0.483,0.486,4.6,5.4,0.861,1,2.8,3.8,3.8,0.8,0.2,2.1,3.1,19.8,2763,18.1,0.551,0.11,0.344,3.2,8.9,6.1,19,1.2,0.4,10.6,25.9,5.7,2.4,8.1,0.141,2.3,-1.2,1.1,2.2
2006/2007,53135000,65516964.37,412718,Utah Jazz,29,UTA,Utah,West,Northwest,51,31,0.622,101.5,98.6,3.06,Matt Harpring,SF,30,6500000,8205665,77,2,25.5,4.2,8.5,0.491,0.2,0.5,0.333,4,8,0.501,0.501,3.1,4,0.767,1.5,3.1,4.6,1.3,0.7,0.1,1.5,3,11.6,1965,14.7,0.564,0.059,0.471,7.3,14.6,10.9,8.2,1.4,0.5,13,20.8,3.1,1.6,4.7,0.115,0,-0.8,-0.8,0.6
2006/2007,53135000,65516964.37,412718,#N/A,#N/A,TOT,#N/A,#N/A,#N/A,#N/A,#N/A,#N/A,#N/A,#N/A,#N/A,Al Harrington,PF,26,7625000,9625876,78,78,32.9,6.3,13.9,0.457,1.6,3.8,0.433,4.7,10.1,0.466,0.516,2.2,3.1,0.694,1.9,4.4,6.4,1.9,0.8,0.3,2.2,3.4,16.5,2563,14.8,0.54,0.271,0.223,6.5,15.4,10.9,9.8,1.3,0.7,12.4,23.1,2,2.2,4.3,0.08,0.3,-1.1,-0.8,0.7
2006/2007,53135000,65516964.37,412718,Indiana Pacers,12,IND,Indiana,East,Central,35,47,0.427,95.6,98,-2.62,Al Harrington,PF,26,7625000,9625876,36,36,33.6,6.2,13.5,0.458,1.5,3.3,0.458,4.7,10.3,0.458,0.513,2,2.8,0.713,2,4.3,6.3,1.4,0.7,0.3,2.5,3.2,15.9,1208,13.4,0.538,0.242,0.207,6.7,15.1,10.8,7.8,1.1,0.6,14.6,23.1,0.3,1.1,1.5,0.059,-0.6,-1.1,-1.7,0.1
2006/2007,53135000,65516964.37,412718,Golden State Warriors,10,GSW,California,West,Pacific,42,40,0.512,106.5,106.9,0,Al Harrington,PF,26,7625000,9625876,42,42,32.3,6.5,14.2,0.456,1.7,4.2,0.417,4.7,10,0.473,0.518,2.3,3.4,0.681,1.9,4.5,6.4,2.3,1,0.3,1.9,3.6,17,1355,16.1,0.542,0.294,0.237,6.4,15.7,10.9,11.6,1.4,0.8,10.6,23.1,1.7,1.1,2.8,0.099,1,-1.1,-0.1,0.7
2006/2007,53135000,65516964.37,412718,Memphis Grizzlies,15,MEM,Tennessee,West,Southwest,22,60,0.268,101.6,106.7,-4.44,Junior Harrington,PG,26,390556,493041,29,8,18.7,2,4.7,0.416,0.2,0.9,0.269,1.7,3.8,0.45,0.442,1.1,1.6,0.674,0.4,1.9,2.3,3.1,0.7,0.2,1.8,2.7,5.2,543,8.9,0.483,0.19,0.336,2.6,12.3,7.5,25.4,2,0.7,24.9,17.4,-0.4,0.2,-0.2,-0.015,-2.9,-1,-3.9,-0.3
2006/2007,53135000,65516964.37,412718,Charlotte Bobcats,4,CHA,North Carolina,East,Southeast,33,49,0.402,96.9,100.6,-3.97,Othella Harrington,PF,33,2200000,2777302,26,0,8.5,1,2.2,0.446,0,0,,1,2.2,0.446,0.446,0.7,0.8,0.773,0.5,1,1.5,0.2,0,0,0.6,1.9,2.6,220,5,0.51,0,0.393,6.8,13.9,10.2,4.4,0.2,0.3,18.6,16.7,-0.1,0.1,0,0.003,-5.5,-2.6,-8.1,-0.3
2006/2007,53135000,65516964.37,412718,Dallas Mavericks,7,DAL,Texas,West,Southwest,67,15,0.817,100,92.8,7.28,Devin Harris,PG,23,3153120,3980530,80,61,26,3.7,7.4,0.492,0.2,0.6,0.28,3.5,6.8,0.512,0.504,2.7,3.3,0.824,0.6,1.9,2.5,3.7,1.2,0.3,1.8,3,10.2,2081,16,0.574,0.084,0.44,2.7,8.5,5.7,22.9,2.5,0.8,17.1,19.1,3.7,2.9,6.5,0.151,1,0.9,1.9,2.1
2006/2007,53135000,65516964.37,412718,Indiana Pacers,12,IND,Indiana,East,Central,35,47,0.427,95.6,98,-2.62,David Harrison,C,24,960840,1212974,24,2,7.9,1.3,2.4,0.517,0,0,,1.3,2.4,0.517,0.517,0.5,0.9,0.5,0.4,1.4,1.8,0.3,0.2,0.5,1.1,2,3,190,7,0.525,0,0.379,5.4,20.5,12.8,5.6,1.4,4.8,27.8,22.1,-0.5,0.3,-0.2,-0.04,-8.1,1.3,-6.8,-0.2
2006/2007,53135000,65516964.37,412718,#N/A,#N/A,TOT,#N/A,#N/A,#N/A,#N/A,#N/A,#N/A,#N/A,#N/A,#N/A,Jason Hart,PG,28,1922640,2427159,36,22,23.5,2.8,6.2,0.446,0.2,0.8,0.241,2.6,5.4,0.477,0.462,1.2,1.3,0.894,0.4,2.3,2.7,2.9,1.2,0,1.1,2.3,6.9,846,12.3,0.509,0.129,0.21,2,11.8,6.9,19.8,2.7,0.1,13.4,15.4,0.5,1,1.5,0.085,-1,0.4,-0.6,0.3
2006/2007,53135000,65516964.37,412718,Sacramento Kings,26,SAC,California,West,Pacific,33,49,0.402,101.3,103.1,-1.35,Jason Hart,PG,28,1922640,2427159,13,0,7.7,1.2,2.3,0.5,0.2,0.5,0.5,0.9,1.8,0.5,0.55,0.8,0.8,0.909,0.2,1,1.2,0.8,0.2,0,0.3,1.8,3.3,100,14.5,0.617,0.2,0.367,2.3,15.6,8.8,16.9,1.5,0,10.3,17.5,0.3,0.1,0.3,0.16,0.4,-1.7,-1.3,0
2006/2007,53135000,65516964.37,412718,Los Angeles Clippers,13,LAC,California,West,Pacific,40,42,0.488,95.6,96.1,-0.07,Jason Hart,PG,28,1922640,2427159,23,22,32.4,3.7,8.4,0.438,0.2,1,0.174,3.5,7.4,0.474,0.448,1.4,1.6,0.889,0.5,3.1,3.6,4,1.8,0,1.5,2.6,9,746,12,0.491,0.119,0.186,1.9,11.3,6.7,20.2,2.9,0.1,13.9,15.1,0.3,0.9,1.2,0.075,-1.2,0.7,-0.5,0.3
2006/2007,53135000,65516964.37,412718,Miami Heat,16,MIA,Florida,East,Southeast,44,38,0.537,94.6,95.5,-1.21,Udonis Haslem,PF,26,5525000,6974815,79,79,31.4,4.5,9.1,0.492,0,0.1,0,4.5,9,0.495,0.492,1.7,2.6,0.68,2.4,5.9,8.3,1.2,0.6,0.3,1.4,3,10.7,2483,13.7,0.523,0.006,0.283,9.2,21.6,15.5,6.6,1.1,0.8,12,17.5,2,3.1,5.1,0.099,-2,0.3,-1.7,0.2
2006/2007,53135000,65516964.37,412718,Minnesota Timberwolves,18,MIN,Minnesota,West,Northwest,32,50,0.39,96.1,99.7,-3.16,Trenton Hassell,SG,27,4350000,5491483,76,68,29.3,2.9,5.8,0.49,0.1,0.3,0.24,2.8,5.5,0.505,0.497,0.9,1.2,0.783,1.1,2.1,3.2,2.7,0.3,0.3,1.1,1.9,6.7,2223,9.7,0.529,0.056,0.208,4.6,8.4,6.5,14,0.5,0.9,14.2,11.8,1.8,0.8,2.6,0.056,-1.5,-0.2,-1.8,0.1
2006/2007,53135000,65516964.37,412718,Houston Rockets,11,HOU,Texas,West,Southwest,52,30,0.634,97,92.1,5.04,Chuck Hayes,PF,23,664209,838504,78,43,22,2.5,4.3,0.573,0,0,,2.5,4.3,0.573,0.573,0.7,1.1,0.618,2.6,4.1,6.7,0.6,0.9,0.2,0.8,3.6,5.6,1714,13.9,0.587,0,0.266,13.8,21.1,17.5,4.4,2.2,0.8,14.6,11.9,2.9,3.6,6.4,0.179,-1,2.6,1.6,1.6
2006/2007,53135000,65516964.37,412718,Washington Wizards,30,WAS,Washington DC,East,Southeast,41,41,0.5,104.3,104.9,-0.8,Jarvis Hayes,SF,25,2564127,3236979,81,17,20.1,2.8,6.7,0.41,0.8,2.3,0.361,2,4.5,0.435,0.471,0.9,1,0.845,0.5,2.1,2.6,1,0.6,0.2,0.7,2,7.2,1626,10.7,0.502,0.335,0.154,2.9,12.2,7.4,7.7,1.5,0.6,8.8,17.3,1,0.5,1.5,0.045,-1.3,-2.1,-3.4,-0.6
2006/2007,53135000,65516964.37,412718,Washington Wizards,30,WAS,Washington DC,East,Southeast,41,41,0.5,104.3,104.9,-0.8,Brendan Haywood,C,27,4500000,5680845,77,49,22.6,2.6,4.6,0.558,0,0,,2.6,4.6,0.558,0.558,1.5,2.7,0.548,2.5,3.7,6.2,0.6,0.4,1.1,1.2,2.7,6.6,1740,14.2,0.571,0,0.592,12.5,19.2,15.8,4.1,1,3.9,16.7,13.6,2.2,1.3,3.4,0.095,-1.3,0.5,-0.7,0.6
2006/2007,53135000,65516964.37,412718,Houston Rockets,11,HOU,Texas,West,Southwest,52,30,0.634,97,92.1,5.04,Luther Head,SG,24,1048800,1324015,80,10,27.6,3.8,8.8,0.437,2.2,5,0.441,1.6,3.7,0.431,0.564,1,1.3,0.79,0.4,2.8,3.2,2.4,1,0.1,1.7,1.7,10.9,2211,13.7,0.584,0.573,0.15,1.6,11.4,6.6,14.8,1.8,0.2,15.5,18.6,2.2,3.4,5.7,0.123,0.8,0.7,1.5,2
2006/2007,53135000,65516964.37,412718,Philadelphia 76ers,23,PHI,Pennsylvania,East,Atlantic,35,47,0.427,94.9,98,-3.26,Alan Henderson,PF,34,1178348,1487558,38,5,11,1.1,1.8,0.642,0,0,,1.1,1.8,0.642,0.642,0.9,1.2,0.702,1.3,1.6,2.8,0.3,0.2,0.3,0.3,1.6,3.1,418,15.7,0.679,0,0.701,13.8,16.9,15.4,3.8,1.1,2.2,12,11,1.1,0.4,1.6,0.181,0.6,0,0.6,0.3
2006/2007,53135000,65516964.37,412718,Charlotte Bobcats,4,CHA,North Carolina,East,Southeast,33,49,0.402,96.9,100.6,-3.97,Walter Herrmann,PF,27,1800000,2272338,48,12,19.5,3.6,6.9,0.527,1.1,2.4,0.461,2.5,4.5,0.563,0.608,0.9,1.1,0.774,0.6,2.3,2.9,0.5,0.4,0.1,0.7,1.6,9.2,936,16.1,0.625,0.348,0.161,3.4,14.5,8.8,5,0.9,0.6,8.3,18.7,1.8,0.6,2.4,0.125,1.1,-2.4,-1.3,0.2
2006/2007,53135000,65516964.37,412718,Denver Nuggets,8,DEN,Colorado,West,Northwest,45,37,0.549,105.4,103.7,1.69,Nenê,C,24,8000000,10099280,64,42,26.8,4.6,8.1,0.57,0,0,0,4.6,8,0.571,0.57,3,4.4,0.689,2.3,4.7,7,1.2,1,0.9,2,3.3,12.2,1715,17.8,0.611,0.002,0.548,10,19.4,14.7,7.1,1.8,2.5,16.5,19.2,2.9,2.4,5.3,0.148,0,1.5,1.5,1.5
2006/2007,53135000,65516964.37,412718,Orlando Magic,22,ORL,Florida,East,Southeast,40,42,0.488,94.8,94,0.35,Grant Hill,SG,34,16901500,21336623,65,64,30.9,5.3,10.2,0.518,0,0.2,0.167,5.2,10,0.525,0.52,3.8,5,0.765,0.8,2.8,3.6,2.1,0.9,0.4,2.2,2.2,14.4,2009,16.3,0.582,0.018,0.491,3.3,11,7.3,12.3,1.6,1,15.2,21.8,2.9,2.3,5.1,0.123,0,0.1,0.1,1.1
2006/2007,53135000,65516964.37,412718,Chicago Bulls,5,CHI,Illinois,East,Central,49,33,0.598,98.8,93.8,4.52,Kirk Hinrich,PG,26,3192628,4030405,80,80,35.5,5.9,13.3,0.448,1.8,4.2,0.415,4.2,9.1,0.463,0.514,3,3.6,0.835,0.4,3,3.4,6.3,1.3,0.3,2.4,3.4,16.6,2839,17,0.559,0.318,0.268,1.3,9.7,5.5,29.2,1.8,0.6,13.9,21.6,5.5,4.6,10.1,0.171,2.7,0.2,2.9,3.5
2006/2007,53135000,65516964.37,412718,Miami Heat,16,MIA,Florida,East,Southeast,44,38,0.537,94.6,95.5,-1.21,Robert Hite,SG,23,412718,521019,12,0,11.3,1.6,5,0.317,0.4,1.9,0.217,1.2,3.1,0.378,0.358,0.7,1,0.667,0.3,1,1.3,0.7,0.3,0.2,0.5,0.7,4.3,136,7.4,0.391,0.383,0.2,3.6,10.2,6.9,9.9,1.2,1.2,8.4,24.8,-0.3,0.1,-0.2,-0.055,-4.9,-2.9,-7.9,-0.2
2006/2007,53135000,65516964.37,412718,#N/A,#N/A,TOT,#N/A,#N/A,#N/A,#N/A,#N/A,#N/A,#N/A,#N/A,#N/A,Julius Hodge,SG,23,1234800,1558823,9,1,7.2,0.7,1.3,0.5,0,0,,0.7,1.3,0.5,0.5,0.3,0.4,0.75,0.2,0.7,0.9,1.3,0.4,0,0.3,0.7,1.7,65,14,0.545,0,0.333,3.6,10.7,7.1,25.4,3.1,0,17.9,11.4,0.1,0.1,0.2,0.115,-2.1,-1.2,-3.3,0
2006/2007,53135000,65516964.37,412718,Denver Nuggets,8,DEN,Colorado,West,Northwest,45,37,0.549,105.4,103.7,1.69,Julius Hodge,SG,23,1234800,1558823,4,1,9.3,0.5,1.3,0.4,0,0,,0.5,1.3,0.4,0.4,0.5,0.5,1,0.3,0.5,0.8,2.5,0.8,0,0.3,0.8,1.5,37,16,0.51,0,0.4,3.1,6,4.6,36.2,4,0,14.5,8,0.1,0,0.1,0.174,-0.9,-1.1,-2.1,0
2006/2007,53135000,65516964.37,412718,Milwaukee Bucks,17,MIL,Wisconsin,East,Central,28,54,0.341,99.7,104,-4.43,Julius Hodge,SG,23,1234800,1558823,5,0,5.6,0.8,1.4,0.571,0,0,,0.8,1.4,0.571,0.571,0.2,0.4,0.5,0.2,0.8,1,0.4,0.2,0,0.4,0.6,1.8,28,11.4,0.571,0,0.286,4.2,17,10.5,11.1,1.9,0,20.2,15.9,0,0,0,0.037,-3.6,-1.4,-5,0
2006/2007,53135000,65516964.37,412718,Charlotte Bobcats,4,CHA,North Carolina,East,Southeast,33,49,0.402,96.9,100.6,-3.97,Ryan Hollins,C,22,412718,521019,27,0,6.9,0.7,1.3,0.556,0,0,,0.7,1.3,0.556,0.556,0.9,1.5,0.6,0.4,0.7,1.1,0,0.1,0.3,0.6,1.5,2.4,185,8.5,0.597,0,1.111,6.8,13.2,9.9,0.9,1.1,2.9,23,17.1,0,0.2,0.2,0.04,-5.4,-1.5,-6.9,-0.2
2006/2007,53135000,65516964.37,412718,San Antonio Spurs,27,SAS,Texas,West,Southwest,58,24,0.707,98.5,90.1,8.35,Robert Horry,PF,36,3315000,4184889,68,8,16.5,1.3,3.7,0.359,0.7,2.2,0.336,0.6,1.5,0.392,0.458,0.6,0.9,0.594,1.1,2.3,3.4,1.1,0.7,0.6,0.6,1.5,3.9,1124,11.9,0.48,0.594,0.255,8.2,16.1,12.3,10.1,2.1,2.7,13.6,13.6,0.6,2.4,2.9,0.125,-0.5,3.3,2.8,1.4
2006/2007,53135000,65516964.37,412718,New Jersey Nets,3,NJN,New Jersey,East,Atlantic,41,41,0.5,97.6,98.3,-1,Eddie House,SG,28,1400000,1767374,56,1,16.9,3.2,7.5,0.428,1.3,3.1,0.429,1.9,4.4,0.427,0.517,0.6,0.6,0.917,0.3,1.4,1.6,1.2,0.5,0.1,0.5,1.2,8.4,946,15,0.536,0.416,0.086,1.8,9.7,5.7,13.1,1.5,0.3,5.8,22.8,1.1,0.8,1.9,0.094,0.7,-2.8,-2.1,0
2006/2007,53135000,65516964.37,412718,Orlando Magic,22,ORL,Florida,East,Southeast,40,42,0.488,94.8,94,0.35,Dwight Howard,C,21,4806720,6068051,82,82,36.9,6.4,10.6,0.603,0,0,0.5,6.4,10.6,0.603,0.603,4.8,8.1,0.586,3.5,8.8,12.3,1.9,0.9,1.9,3.9,3,17.6,3023,21.1,0.619,0.002,0.763,11.8,28.9,20.5,9.5,1.2,4.2,21.4,22.7,3.9,5.8,9.7,0.154,0.5,3.1,3.6,4.3
2006/2007,53135000,65516964.37,412718,Dallas Mavericks,7,DAL,Texas,West,Southwest,67,15,0.817,100,92.8,7.28,Josh Howard,SF,26,1667603,2105198,70,69,35.1,7,15.4,0.459,1.3,3.4,0.385,5.7,11.9,0.48,0.501,3.5,4.2,0.827,1.9,4.9,6.8,1.8,1.2,0.8,1.8,2.6,18.9,2455,20,0.548,0.222,0.273,6.5,16.6,11.7,9.2,1.8,1.7,9.3,25.2,5,3.8,8.8,0.173,2.1,0.7,2.8,3
2006/2007,53135000,65516964.37,412718,Houston Rockets,11,HOU,Texas,West,Southwest,52,30,0.634,97,92.1,5.04,Juwan Howard,PF,33,6392100,8069451,80,38,26.5,3.9,8.3,0.465,0,0,,3.9,8.3,0.465,0.465,1.9,2.4,0.824,1.7,4.2,5.9,1.6,0.4,0.1,1.4,2.6,9.7,2123,12.8,0.517,0,0.283,7.5,17.9,12.7,10.5,0.7,0.3,13,18.9,1.7,3.2,4.9,0.11,-2.7,0.9,-1.8,0.1
2006/2007,53135000,65516964.37,412718,Minnesota Timberwolves,18,MIN,Minnesota,West,Northwest,32,50,0.39,96.1,99.7,-3.16,Troy Hudson,PG,30,5603000,7073283,34,6,16.3,2.2,5.7,0.379,0.8,2.4,0.35,1.4,3.4,0.4,0.451,0.8,0.9,0.813,0.2,1.2,1.4,2.1,0.4,0.1,1.2,0.7,5.9,554,10.8,0.483,0.41,0.164,1.8,8.4,5.2,21.4,1.3,0.3,16.1,20.9,-0.2,0.3,0.1,0.005,-1.9,-2.7,-4.7,-0.4
2006/2007,53135000,65516964.37,412718,Cleveland Cavaliers,6,CLE,Ohio,East,Central,50,32,0.61,96.8,92.9,3.33,Larry Hughes,SG,28,13363012,16869600,70,68,37.1,5.4,13.6,0.4,1.1,3.2,0.333,4.4,10.4,0.42,0.439,3,4.4,0.676,0.6,3.2,3.8,3.7,1.3,0.4,2.2,2.3,14.9,2596,12.1,0.48,0.233,0.324,1.8,10.4,6,16.4,1.8,0.8,12.4,21.7,0.1,3.8,3.9,0.073,-1.3,0.8,-0.5,1
2006/2007,53135000,65516964.37,412718,Toronto Raptors,28,TOR,Ontario,East,Atlantic,47,35,0.573,99.5,98.5,0.61,Kris Humphries,PF,21,1703520,2150540,60,2,11.2,1.5,3.1,0.47,0,0,,1.5,3.1,0.47,0.47,0.9,1.3,0.671,1.3,1.8,3.1,0.3,0.2,0.4,0.5,1.6,3.8,670,13.5,0.516,0,0.427,13.5,19.3,16.4,4.2,1.1,2.4,12.7,17.4,0.7,0.8,1.5,0.107,-2.6,-0.1,-2.7,-0.1
2006/2007,53135000,65516964.37,412718,Detroit Pistons,9,DET,Michigan,East,Central,53,29,0.646,96,91.8,3.69,Lindsey Hunter,PG,36,2250000,2840422,52,0,14.3,1.8,4.7,0.385,0.7,2.3,0.319,1.1,2.4,0.448,0.463,0.6,0.6,0.909,0.2,0.7,0.9,1.8,0.7,0.1,0.7,1.1,4.9,745,12.7,0.495,0.488,0.135,1.4,6.1,3.7,20.3,2.5,0.7,11.9,18.7,0.5,0.8,1.3,0.085,0,-1.4,-1.4,0.1
2006/2007,53135000,65516964.37,412718,Philadelphia 76ers,23,PHI,Pennsylvania,East,Atlantic,35,47,0.427,94.9,98,-3.26,Steven Hunter,PF,25,3024000,3817528,70,41,22.9,2.7,4.7,0.577,0,0,,2.7,4.7,0.577,0.577,1.1,2.2,0.49,1.6,3.2,4.8,0.4,0.2,1.1,0.9,2,6.4,1605,12.3,0.573,0,0.463,8.6,16.5,12.5,2.6,0.4,3.7,14.2,13.2,1.3,1.5,2.8,0.085,-2.4,0.5,-1.9,0.1
2006/2007,53135000,65516964.37,412718,Philadelphia 76ers,23,PHI,Pennsylvania,East,Atlantic,35,47,0.427,94.9,98,-3.26,Andre Iguodala,SG,23,2201640,2779372,76,76,40.3,5.8,13,0.447,0.6,2,0.31,5.2,11,0.472,0.471,5.9,7.3,0.82,1,4.7,5.7,5.7,2,0.4,3.4,2.6,18.2,3062,18.1,0.562,0.156,0.556,3,14,8.5,23.8,2.6,0.8,17.5,22.6,4.1,3.6,7.7,0.12,1.9,1.4,3.4,4.1
2006/2007,53135000,65516964.37,412718,Cleveland Cavaliers,6,CLE,Ohio,East,Central,50,32,0.61,96.8,92.9,3.33,Zydrunas Ilgauskas,C,31,9442697,11920555,78,78,27.3,4.9,10.2,0.485,0,0,0,4.9,10.2,0.486,0.485,2,2.5,0.807,3.1,4.6,7.7,1.6,0.6,1.3,1.8,3.3,11.9,2130,18,0.527,0.001,0.242,12.9,20,16.4,10.2,1.2,3.6,13.8,21.7,2.6,4,6.6,0.148,-0.6,2.6,2,2.1
2006/2007,53135000,65516964.37,412718,New Jersey Nets,3,NJN,New Jersey,East,Atlantic,41,41,0.5,97.6,98.3,-1,Mile Ilic,C,22,800000,1009928,5,0,1.2,0,0.6,0,0,0,,0,0.6,0,0,0,0,,0,0.2,0.2,0,0,0,0.6,0.2,0,6,-48.6,0,0,0,0,19.5,9.8,0,0,0,50,46.6,-0.2,0,-0.2,-1.264,-46.4,-7.2,-53.6,-0.1
2006/2007,53135000,65516964.37,412718,Dallas Mavericks,7,DAL,Texas,West,Southwest,67,15,0.817,100,92.8,7.28,Didier Ilunga-Mbenga,C,26,1628959,2056414,21,0,3.8,0.2,0.8,0.313,0,0,,0.2,0.8,0.313,0.313,0.3,0.4,0.875,0.1,0.4,0.5,0.3,0.1,0.2,0.2,0.8,0.8,79,7.2,0.435,0,0.5,4.7,11.9,8.4,10.9,2,4.8,20.4,14.5,-0.1,0.1,0.1,0.055,-5.1,3.4,-1.6,0
2006/2007,53135000,65516964.37,412718,Milwaukee Bucks,17,MIL,Wisconsin,East,Central,28,54,0.341,99.7,104,-4.43,Ersan Ilyasova,PF,19,664209,838504,66,14,14.7,2.1,5.5,0.383,0.8,2.2,0.365,1.3,3.3,0.395,0.457,1.1,1.3,0.787,0.9,2,2.9,0.7,0.4,0.3,0.8,2.2,6.1,973,12.1,0.5,0.408,0.245,6.9,16,11.4,7.8,1.4,1.4,11.3,21,0.5,0.5,1,0.051,-1.1,-2.3,-3.4,-0.4
2006/2007,53135000,65516964.37,412718,#N/A,#N/A,TOT,#N/A,#N/A,#N/A,#N/A,#N/A,#N/A,#N/A,#N/A,#N/A,Allen Iverson,SG-PG,31,17184375,21693727,65,64,42.5,8.9,20.2,0.442,1,3,0.315,8,17.2,0.465,0.466,7.5,9.4,0.795,0.4,2.6,3,7.2,1.9,0.2,4.1,1.5,26.3,2761,19.6,0.54,0.15,0.465,1,6.9,4,29.6,2.2,0.3,14.5,29.3,4,2.2,6.2,0.108,2.2,-1.5,0.8,1.9
2006/2007,53135000,65516964.37,412718,Philadelphia 76ers,23,PHI,Pennsylvania,East,Atlantic,35,47,0.427,94.9,98,-3.26,Allen Iverson,PG,31,17184375,21693727,15,15,42.7,10.1,24.4,0.413,0.8,3.5,0.226,9.3,20.9,0.444,0.429,10.3,11.6,0.885,0.5,2.3,2.7,7.3,2.2,0.1,4.4,1.4,31.2,640,23.5,0.529,0.145,0.475,1.3,6.4,3.8,34,2.7,0.1,13,36.7,1,0.5,1.6,0.119,4.1,-2.2,2,0.6
2006/2007,53135000,65516964.37,412718,Denver Nuggets,8,DEN,Colorado,West,Northwest,45,37,0.549,105.4,103.7,1.69,Allen Iverson,SG,31,17184375,21693727,50,49,42.4,8.6,18.9,0.454,1,2.9,0.347,7.6,16.1,0.473,0.48,6.6,8.7,0.759,0.3,2.7,3,7.2,1.8,0.2,4,1.5,24.8,2121,18.4,0.545,0.152,0.46,0.9,7.1,4,28.3,2.1,0.4,15.1,27.1,2.9,1.7,4.6,0.105,1.6,-1.2,0.4,1.3
2006/2007,53135000,65516964.37,412718,Atlanta Hawks,1,ATL,Georgia,East,Southeast,30,52,0.366,93.7,98.4,-4.86,Royal Ivey,PG,25,744551,939928,53,18,10.2,1.2,2.7,0.448,0.1,0.3,0.313,1.1,2.4,0.465,0.465,0.5,0.7,0.686,0.3,0.7,1,0.8,0.5,0.1,0.6,1.2,3,539,9.6,0.496,0.112,0.245,3.3,8.1,5.7,14.1,2.4,0.6,16.4,16.2,0,0.4,0.3,0.03,-3.1,-1.3,-4.4,-0.3
2006/2007,53135000,65516964.37,412718,Portland Trail Blazers,25,POR,Oregon,West,Northwest,32,50,0.39,94.1,98.4,-3.78,Jarrett Jack,PG,23,1137960,1436572,79,79,33.6,4.1,8.9,0.454,0.8,2.3,0.35,3.3,6.6,0.49,0.499,3.1,3.5,0.871,0.2,2.4,2.6,5.3,1.1,0.1,2.4,2.6,12,2651,14.5,0.571,0.255,0.396,0.8,9.1,4.9,26.2,1.8,0.3,18.4,18,3.8,1,4.8,0.087,1.2,-1.3,-0.1,1.3
2006/2007,53135000,65516964.37,412718,New Orleans/Oklahoma City Hornets,19,NOK,Oklahoma,West,Southwest,39,43,0.476,95.5,97.1,-1.19,Bobby Jackson,SG,33,5259000,6639014,56,2,23.8,3.6,9.3,0.394,1,2.9,0.327,2.7,6.3,0.425,0.446,2.3,3,0.774,0.8,2.4,3.2,2.5,0.9,0.1,1.4,1.8,10.6,1330,15.1,0.5,0.319,0.324,3.6,12.1,7.7,17.9,2,0.4,11.6,23,1.2,1.3,2.5,0.088,0.7,-0.6,0.1,0.7
2006/2007,53135000,65516964.37,412718,#N/A,#N/A,TOT,#N/A,#N/A,#N/A,#N/A,#N/A,#N/A,#N/A,#N/A,#N/A,Luke Jackson,SF,25,2131981,2691433,13,2,10.6,1.5,3.3,0.442,0.4,1.3,0.294,1.1,2,0.538,0.5,0.4,0.7,0.556,0.2,0.6,0.8,1,0.4,0.1,0.5,1.2,3.7,138,10.3,0.511,0.395,0.209,1.7,6.9,4.3,14.9,1.9,0.6,13,18.1,0,0.1,0.1,0.043,-1.4,-1.7,-3.1,0
2006/2007,53135000,65516964.37,412718,Los Angeles Clippers,13,LAC,California,West,Pacific,40,42,0.488,95.6,96.1,-0.07,Luke Jackson,SF,25,2131981,2691433,3,0,5.3,0.3,2.7,0.125,0.3,1.3,0.25,0,1.3,0,0.188,0,0,,0,0.3,0.3,1.3,0,0,0.3,1,1,16,-6,0.188,0.5,0,0,7.4,3.7,37.5,0,0,11.1,26,-0.1,0,-0.1,-0.273,-9.2,-6.8,-16.1,-0.1
2006/2007,53135000,65516964.37,412718,Toronto Raptors,28,TOR,Ontario,East,Atlantic,47,35,0.573,99.5,98.5,0.61,Luke Jackson,SF,25,2131981,2691433,10,2,12.2,1.8,3.5,0.514,0.4,1.3,0.308,1.4,2.2,0.636,0.571,0.5,0.9,0.556,0.2,0.7,0.9,0.9,0.5,0.1,0.6,1.2,4.5,122,12.5,0.578,0.371,0.257,1.9,6.8,4.3,11.9,2.1,0.6,13.3,17.1,0.1,0.1,0.2,0.084,-0.4,-1,-1.4,0
2006/2007,53135000,65516964.37,412718,New Orleans/Oklahoma City Hornets,19,NOK,Oklahoma,West,Southwest,39,43,0.476,95.5,97.1,-1.19,Marc Jackson,PF,32,4875000,6154249,56,25,18.3,2.8,6.9,0.41,0,0,0,2.8,6.9,0.411,0.41,1.6,1.8,0.874,1.1,2.3,3.4,1,0.4,0.1,1.2,1.6,7.3,1025,11.9,0.471,0.003,0.265,6.8,15,10.8,9.6,1.1,0.5,13,22.2,-0.2,0.9,0.7,0.033,-3.5,-1.1,-4.6,-0.7
2006/2007,53135000,65516964.37,412718,#N/A,#N/A,TOT,#N/A,#N/A,#N/A,#N/A,#N/A,#N/A,#N/A,#N/A,#N/A,Stephen Jackson,SF-SG,28,6120000,7725949,75,69,33.1,5.5,12.6,0.433,1.3,4.1,0.322,4.1,8.4,0.488,0.486,3.2,4,0.813,0.8,2.1,3,3.8,1.1,0.5,2.4,2.7,15.5,2479,14.4,0.54,0.329,0.317,2.7,7.5,5,18.8,1.7,1,14.5,22.1,2.3,1.7,4.1,0.079,0.6,-1.2,-0.6,0.9
2006/2007,53135000,65516964.37,412718,Indiana Pacers,12,IND,Indiana,East,Central,35,47,0.427,95.6,98,-2.62,Stephen Jackson,SG,28,6120000,7725949,37,32,32.1,4.9,11.6,0.419,1.1,3.7,0.297,3.8,7.9,0.476,0.466,3.2,3.9,0.822,0.5,2.1,2.6,3.1,0.9,0.5,2.2,2.4,14.1,1186,13.1,0.527,0.321,0.34,1.6,7.8,4.6,16.7,1.4,1.3,14.1,21.7,0.7,1,1.7,0.069,-0.2,-1.1,-1.3,0.2
2006/2007,53135000,65516964.37,412718,Golden State Warriors,10,GSW,California,West,Pacific,42,40,0.512,106.5,106.9,0,Stephen Jackson,SF,28,6120000,7725949,38,37,34,6,13.5,0.446,1.6,4.6,0.341,4.5,9,0.499,0.503,3.2,4,0.804,1.2,2.2,3.3,4.6,1.3,0.4,2.7,3,16.8,1293,15.7,0.55,0.337,0.298,3.7,7.2,5.4,20.6,1.9,0.8,14.9,22.5,1.6,0.8,2.4,0.089,1.4,-1.3,0.1,0.7
2006/2007,53135000,65516964.37,412718,New York Knicks,20,NYK,New York,East,Atlantic,33,49,0.402,97.5,100.3,-3.06,Jerome James,C,31,5400000,6817014,41,11,6.7,0.8,1.9,0.418,0,0,,0.8,1.9,0.418,0.418,0.2,0.4,0.556,0.5,1.1,1.6,0.1,0.1,0.4,0.6,1.8,1.9,273,5.1,0.437,0,0.228,9.2,19.4,14.4,1.8,1.2,4.4,20.9,18.3,-0.5,0.3,-0.2,-0.031,-7.8,-0.4,-8.3,-0.4
2006/2007,53135000,65516964.37,412718,Cleveland Cavaliers,6,CLE,Ohio,East,Central,50,32,0.61,96.8,92.9,3.33,LeBron James,SF,22,5828090,7357439,78,78,40.9,9.9,20.8,0.476,1.3,4,0.319,8.6,16.8,0.513,0.507,6.3,9,0.698,1.1,5.7,6.7,6,1.6,0.7,3.2,2.2,27.3,3190,24.5,0.552,0.191,0.432,3,16.6,9.6,29.1,2.1,1.3,11.5,31,8,5.7,13.7,0.206,5.4,2,7.4,7.6
2006/2007,53135000,65516964.37,412718,Minnesota Timberwolves,18,MIN,Minnesota,West,Northwest,32,50,0.39,96.1,99.7,-3.16,Mike James,PG,31,5215000,6583468,82,65,25.2,3.6,8.6,0.422,1,2.6,0.372,2.6,6,0.445,0.479,1.9,2.2,0.837,0.3,1.7,2,3.6,0.7,0.1,1.6,2.1,10.1,2069,13.3,0.528,0.306,0.262,1.5,7.8,4.7,23.7,1.4,0.3,14.1,20.5,1.8,1.1,2.8,0.065,0,-2.3,-2.3,-0.2
2006/2007,53135000,65516964.37,412718,Washington Wizards,30,WAS,Washington DC,East,Southeast,41,41,0.5,104.3,104.9,-0.8,Antawn Jamison,PF,30,15101625,19064443,70,70,38,7.3,16.3,0.45,2,5.4,0.364,5.3,10.9,0.492,0.51,3.2,4.4,0.736,1.9,6.1,8,1.9,1.1,0.5,1.5,2.8,19.8,2662,18.4,0.545,0.333,0.27,5.6,19,12.1,8.8,1.5,1,7.5,22.8,5.2,1.6,6.8,0.123,2.4,-1.5,0.9,1.9
2006/2007,53135000,65516964.37,412718,Minnesota Timberwolves,18,MIN,Minnesota,West,Northwest,32,50,0.39,96.1,99.7,-3.16,Marko Jaric,SG,28,5525000,6974815,70,13,22.2,1.9,4.6,0.418,0.5,1.2,0.376,1.5,3.4,0.433,0.468,1,1.3,0.761,0.8,1.9,2.6,2.1,1.1,0.2,1.3,2.5,5.3,1555,9.6,0.51,0.262,0.271,4.3,9.7,7.1,14.1,2.5,0.8,19.5,13.5,0.1,1.5,1.5,0.048,-1.8,1,-0.8,0.5
2006/2007,53135000,65516964.37,412718,#N/A,#N/A,TOT,#N/A,#N/A,#N/A,#N/A,#N/A,#N/A,#N/A,#N/A,#N/A,Sarunas Jasikevicius,SG-PG,30,4000000,5049640,63,3,15.4,2,5.1,0.398,0.7,2.1,0.338,1.3,3,0.438,0.466,1.4,1.5,0.905,0.2,0.9,1.1,2.7,0.4,0,1.4,1.2,6.1,973,12.4,0.531,0.404,0.295,1.7,6.4,4,28.3,1.3,0.1,19.8,20.6,0.6,0.5,1.1,0.056,-1,-3.5,-4.5,-0.6
2006/2007,53135000,65516964.37,412718,Indiana Pacers,12,IND,Indiana,East,Central,35,47,0.427,95.6,98,-2.62,Sarunas Jasikevicius,SG,30,4000000,5049640,37,1,17.9,2.5,6,0.412,0.9,2.3,0.372,1.6,3.6,0.437,0.484,1.6,1.7,0.922,0.3,1,1.3,3,0.4,0,1.6,1.4,7.4,664,12.9,0.548,0.389,0.29,1.7,6.7,4.2,28.4,1,0,19.1,20.8,0.6,0.4,1,0.072,-0.2,-3.5,-3.8,-0.3
2006/2007,53135000,65516964.37,412718,Golden State Warriors,10,GSW,California,West,Pacific,42,40,0.512,106.5,106.9,0,Sarunas Jasikevicius,PG,30,4000000,5049640,26,2,11.9,1.4,3.9,0.366,0.5,1.7,0.273,1,2.2,0.439,0.426,1,1.2,0.871,0.2,0.6,0.8,2.3,0.5,0,1.2,0.8,4.3,309,11.3,0.493,0.436,0.307,1.7,5.8,3.7,28,2,0.2,21.3,20.1,0,0.2,0.2,0.023,-2.5,-3.5,-6,-0.3
2006/2007,53135000,65516964.37,412718,Boston Celtics,2,BOS,Massachusetts,East,Atlantic,24,58,0.293,95.8,99.2,-3.7,Al Jefferson,C,22,1618320,2042983,69,60,33.6,6.6,12.8,0.514,0,0,0,6.6,12.8,0.514,0.514,2.9,4.3,0.681,3.4,7.5,11,1.3,0.7,1.5,2,3.4,16,2319,19.8,0.547,0.001,0.334,12,27.4,19.5,7.2,1.1,3.5,11.8,22.4,3.3,3.3,6.6,0.137,-0.5,1,0.6,1.5
2006/2007,53135000,65516964.37,412718,New Jersey Nets,3,NJN,New Jersey,East,Atlantic,41,41,0.5,97.6,98.3,-1,Richard Jefferson,SF,26,11200000,14138992,55,53,35.6,5.5,12.1,0.456,0.9,2.6,0.359,4.6,9.5,0.483,0.495,4.3,5.9,0.733,0.9,3.5,4.4,2.7,0.6,0.1,2.2,2.2,16.3,1956,13.8,0.555,0.218,0.49,2.9,11.5,7.2,13.1,0.9,0.3,12.9,22.1,2,1.4,3.4,0.082,-0.5,-1.3,-1.8,0.1
2006/2007,53135000,65516964.37,412718,New York Knicks,20,NYK,New York,East,Atlantic,33,49,0.402,97.5,100.3,-3.06,Jared Jeffries,SF,25,5215000,6583468,55,43,23.8,1.7,3.7,0.461,0,0.4,0.1,1.7,3.4,0.5,0.466,0.6,1.2,0.456,2,2.3,4.3,1.2,0.8,0.5,1.1,2.7,4.1,1307,8.6,0.473,0.097,0.33,10.2,11.4,10.8,7.9,1.8,1.8,20.5,10.3,0.1,1,1.2,0.043,-1.6,2,0.3,0.8
2006/2007,53135000,65516964.37,412718,Memphis Grizzlies,15,MEM,Tennessee,West,Southwest,22,60,0.268,101.6,106.7,-4.44,Alexander Johnson,PF,23,412718,521019,59,19,12.8,1.5,2.9,0.538,0,0,,1.5,2.9,0.538,0.538,1.3,2,0.661,0.8,2.2,3.1,0.3,0.4,0.6,0.8,2.3,4.4,753,13.2,0.588,0,0.698,7.9,20.8,14.4,3.6,1.7,3.5,17.5,16.1,0.7,0.6,1.3,0.083,-2.7,0,-2.7,-0.1
2006/2007,53135000,65516964.37,412718,Detroit Pistons,9,DET,Michigan,East,Central,53,29,0.646,96,91.8,3.69,Amir Johnson,PF,19,664209,838504,8,0,15.5,2.3,4.1,0.545,0,0.4,0,2.3,3.8,0.6,0.545,1.4,1.8,0.786,1.9,2.8,4.6,0.4,0.6,1.6,1.1,2.4,5.9,124,20.6,0.6,0.091,0.424,14.4,21.1,17.7,4.1,2.2,8.1,18.7,18.5,0.2,0.3,0.5,0.183,-1.2,3.9,2.7,0.1
2006/2007,53135000,65516964.37,412718,#N/A,#N/A,TOT,#N/A,#N/A,#N/A,#N/A,#N/A,#N/A,#N/A,#N/A,#N/A,Anthony Johnson,PG,32,2640000,3332762,67,17,19.4,2.1,5.1,0.414,0.4,1.1,0.342,1.7,4,0.433,0.45,0.7,0.9,0.754,0.3,1.2,1.5,3,0.5,0,1.1,1.8,5.3,1301,9.9,0.48,0.213,0.178,2.1,7.3,4.7,24.9,1.4,0.2,17,15.8,0.4,0.8,1.2,0.045,-1.9,-2.2,-4.1,-0.7
2006/2007,53135000,65516964.37,412718,Dallas Mavericks,7,DAL,Texas,West,Southwest,67,15,0.817,100,92.8,7.28,Anthony Johnson,PG,32,2640000,3332762,40,0,14.1,1.5,3.7,0.411,0.3,0.7,0.379,1.2,2.9,0.419,0.449,0.5,0.7,0.724,0.3,0.9,1.2,2,0.4,0,0.8,1.7,3.8,562,9.3,0.479,0.199,0.199,2.9,7.3,5.1,21.2,1.5,0.1,16.3,15.7,0.2,0.6,0.8,0.07,-1.8,-0.9,-2.7,-0.1
2006/2007,53135000,65516964.37,412718,Atlanta Hawks,1,ATL,Georgia,East,Southeast,30,52,0.366,93.7,98.4,-4.86,Anthony Johnson,PG,32,2640000,3332762,27,17,27.4,3,7.3,0.416,0.5,1.6,0.318,2.5,5.7,0.444,0.452,0.9,1.2,0.781,0.3,1.6,2,4.6,0.6,0.1,1.7,1.9,7.5,739,10.3,0.481,0.223,0.162,1.4,7.3,4.3,27.7,1.2,0.2,17.6,15.9,0.2,0.2,0.4,0.026,-2,-3.1,-5.1,-0.6
2006/2007,53135000,65516964.37,412718,Denver Nuggets,8,DEN,Colorado,West,Northwest,45,37,0.549,105.4,103.7,1.69,DerMarr Johnson,SF,26,865063,1092064,39,7,10.7,1.3,3.9,0.325,0.5,2.3,0.216,0.8,1.7,0.47,0.386,0.4,0.5,0.762,0.3,1.2,1.5,0.4,0.4,0.3,0.7,1,3.5,419,6.1,0.414,0.571,0.136,2.7,12.5,7.7,6,1.9,2.1,14.2,19.5,-0.7,0.5,-0.3,-0.032,-4.6,-0.6,-5.3,-0.3
2006/2007,53135000,65516964.37,412718,Atlanta Hawks,1,ATL,Georgia,East,Southeast,30,52,0.366,93.7,98.4,-4.86,Joe Johnson,SG,25,12744189,16088392,57,57,41.4,9.4,20,0.471,2.1,5.5,0.381,7.3,14.5,0.504,0.523,4.1,5.5,0.748,0.9,3.3,4.2,4.4,1.1,0.2,3.1,2,25,2359,19.5,0.558,0.274,0.276,2.7,9.6,6.1,21.8,1.4,0.4,12.1,28.3,4.1,1,5.1,0.105,4,-2.5,1.6,2.1
2006/2007,53135000,65516964.37,412718,New Orleans/Oklahoma City Hornets,19,NOK,Oklahoma,West,Southwest,39,43,0.476,95.5,97.1,-1.19,Linton Johnson,PF,26,771331,973736,54,0,13.3,1.7,3.5,0.489,0.2,0.6,0.333,1.5,3,0.519,0.516,0.6,0.7,0.811,1,2.1,3,0.3,0.6,0.3,0.5,1.9,4.2,720,14,0.548,0.158,0.195,8.2,18.2,13.1,4,2.4,2,11.6,14.8,0.8,1,1.9,0.125,-1.5,1,-0.4,0.3
2006/2007,53135000,65516964.37,412718,Philadelphia 76ers,23,PHI,Pennsylvania,East,Atlantic,35,47,0.427,94.9,98,-3.26,Bobby Jones,SF,23,412718,521019,44,5,7.6,1,2.1,0.462,0,0.2,0.111,1,1.9,0.5,0.468,0.5,0.9,0.561,0.5,0.8,1.3,0.4,0.3,0,0.4,1.3,2.5,336,9.4,0.495,0.097,0.441,7.9,12.5,10.2,7.8,1.7,0.2,13.9,17.7,0,0.3,0.3,0.045,-2.8,-1.3,-4.1,-0.2
2006/2007,53135000,65516964.37,412718,Memphis Grizzlies,15,MEM,Tennessee,West,Southwest,22,60,0.268,101.6,106.7,-4.44,Dahntay Jones,SG,26,1886113,2381048,78,25,21.4,2.8,5.9,0.477,0.1,0.2,0.417,2.8,5.8,0.479,0.483,1.8,2.2,0.793,0.6,1.4,2,0.9,0.5,0.3,1.2,2.5,7.5,1671,9.6,0.542,0.026,0.377,3.4,7.6,5.5,6.6,1.2,1,14.6,17,0.7,0,0.7,0.019,-2.4,-1.8,-4.1,-0.9
2006/2007,53135000,65516964.37,412718,Cleveland Cavaliers,6,CLE,Ohio,East,Central,50,32,0.61,96.8,92.9,3.33,Damon Jones,PG,30,3884678,4904056,60,0,19.6,2.3,5.9,0.386,1.5,3.9,0.385,0.8,2.1,0.387,0.511,0.5,0.7,0.682,0.2,1,1.1,1.6,0.3,0,0.6,0.9,6.6,1173,10.2,0.525,0.651,0.124,0.9,5.8,3.3,12.7,0.7,0.1,8.8,15.9,1.2,1.1,2.4,0.097,0,-2.1,-2.1,0
2006/2007,53135000,65516964.37,412718,Cleveland Cavaliers,6,CLE,Ohio,East,Central,50,32,0.61,96.8,92.9,3.33,Dwayne Jones,PF,23,664209,838504,4,0,4.5,0,0.3,0,0,0,,0,0.3,0,0,0.8,1.5,0.5,0.3,1.3,1.5,0,0,0,0.5,0.8,0.8,18,-0.5,0.412,0,6,6.3,33.1,19.4,0,0,0,35.5,14.2,-0.1,0,0,-0.068,-13.3,-4,-17.3,-0.1
2006/2007,53135000,65516964.37,412718,#N/A,#N/A,TOT,#N/A,#N/A,#N/A,#N/A,#N/A,#N/A,#N/A,#N/A,#N/A,Eddie Jones,SG,35,15395472,19435397,64,41,24.9,2.8,6.6,0.422,1.2,3.5,0.351,1.6,3.1,0.5,0.514,0.9,1.2,0.787,0.5,2.5,3,1.7,1.1,0.2,0.7,1.9,7.7,1594,12.3,0.542,0.526,0.178,2.3,11.6,7.1,10.9,2.2,0.5,9.4,14.7,1.7,1.4,3.1,0.094,0.7,0,0.7,1.1
2006/2007,53135000,65516964.37,412718,Memphis Grizzlies,15,MEM,Tennessee,West,Southwest,22,60,0.268,101.6,106.7,-4.44,Eddie Jones,SG,35,15395472,19435397,29,14,19.3,2,5.2,0.377,0.8,2.6,0.297,1.2,2.7,0.455,0.45,0.9,1.2,0.735,0.5,1.6,2.1,1.1,0.8,0.1,0.8,1.9,5.6,561,8.6,0.485,0.49,0.225,3,10,6.5,9.1,2,0.3,12.2,15.2,0,0.1,0.2,0.013,-1.1,-1.5,-2.5,-0.1
2006/2007,53135000,65516964.37,412718,Miami Heat,16,MIA,Florida,East,Southeast,44,38,0.537,94.6,95.5,-1.21,Eddie Jones,SG,35,15395472,19435397,35,27,29.5,3.5,7.7,0.446,1.6,4.2,0.378,1.9,3.5,0.528,0.55,1,1.2,0.829,0.5,3.2,3.7,2.2,1.3,0.2,0.7,2,9.5,1033,14.3,0.574,0.546,0.151,2,12.5,7.4,11.9,2.4,0.6,7.7,14.4,1.7,1.3,3,0.138,1.6,0.8,2.4,1.1
2006/2007,53135000,65516964.37,412718,#N/A,#N/A,TOT,#N/A,#N/A,#N/A,#N/A,#N/A,#N/A,#N/A,#N/A,#N/A,Fred Jones,SG,27,3100000,3913471,63,12,20.9,2.2,5.7,0.385,0.6,2,0.305,1.6,3.7,0.429,0.439,1.5,1.8,0.833,0.4,1.5,1.8,1.7,0.8,0.3,1.1,1.9,6.5,1319,10,0.501,0.355,0.316,2.1,8.4,5.2,12.8,1.9,0.9,14,16.9,0.2,1,1.2,0.044,-1.6,-0.3,-1.9,0
2006/2007,53135000,65516964.37,412718,Toronto Raptors,28,TOR,Ontario,East,Atlantic,47,35,0.573,99.5,98.5,0.61,Fred Jones,SG,27,3100000,3913471,39,9,22.3,2.5,6.4,0.386,0.8,2.6,0.317,1.6,3.8,0.432,0.45,1.9,2.3,0.83,0.4,1.7,2.1,1.4,0.8,0.3,1.3,2.1,7.6,870,9.9,0.516,0.406,0.353,2.1,9,5.5,9.6,1.8,1.1,14.8,18,0,0.8,0.8,0.043,-1.6,0,-1.6,0.1
2006/2007,53135000,65516964.37,412718,Portland Trail Blazers,25,POR,Oregon,West,Northwest,32,50,0.39,94.1,98.4,-3.78,Fred Jones,SG,27,3100000,3913471,24,3,18.7,1.8,4.7,0.384,0.3,1.1,0.259,1.5,3.5,0.424,0.415,0.9,1.1,0.846,0.3,1.1,1.4,2.2,0.8,0.2,0.7,1.7,4.8,449,10.3,0.466,0.241,0.232,1.9,7.3,4.6,18.9,2.2,0.7,12.1,14.7,0.2,0.2,0.4,0.044,-1.5,-1,-2.4,0
2006/2007,53135000,65516964.37,412718,Phoenix Suns,24,PHO,Arizona,West,Pacific,61,21,0.744,110.2,102.9,7.28,James Jones,SF,26,2650000,3345386,76,7,18.1,2.1,5.8,0.368,1.2,3.1,0.378,0.9,2.7,0.356,0.47,0.9,1.1,0.877,0.4,1.9,2.3,0.6,0.4,0.6,0.4,1.5,6.4,1376,10.8,0.51,0.541,0.184,2.9,11.5,7.5,4.5,1,2.1,5.6,16.5,1,1.2,2.2,0.077,-0.6,-0.4,-1,0.4
2006/2007,53135000,65516964.37,412718,Phoenix Suns,24,PHO,Arizona,West,Pacific,61,21,0.744,110.2,102.9,7.28,Jumaine Jones,SF,27,998967,1261105,18,0,7.7,0.8,2.8,0.275,0.6,1.8,0.313,0.2,1.1,0.211,0.373,0.1,0.1,1,0.3,0.9,1.3,0.1,0.3,0.1,0.4,1.1,2.2,138,3.2,0.386,0.627,0.039,5.3,13.7,9.7,1,1.8,0.5,11.9,19.2,-0.3,0.1,-0.2,-0.061,-5.2,-2.6,-7.9,-0.2
2006/2007,53135000,65516964.37,412718,Atlanta Hawks,1,ATL,Georgia,East,Southeast,30,52,0.366,93.7,98.4,-4.86,Solomon Jones,PF,22,675000,852126,58,8,11.5,1.1,2.2,0.508,0,0,0,1.1,2.2,0.512,0.508,1,1.3,0.787,0.8,1.5,2.3,0.2,0.2,0.7,0.4,2.1,3.3,666,12.3,0.587,0.008,0.586,8.7,15.9,12.3,2.7,0.9,4.9,13.4,12.8,1,0.7,1.6,0.117,-2.7,0.2,-2.5,-0.1
2006/2007,53135000,65516964.37,412718,Los Angeles Clippers,13,LAC,California,West,Pacific,40,42,0.488,95.6,96.1,-0.07,Chris Kaman,C,24,3491768,4408043,75,66,29,3.9,8.7,0.451,0,0,0,3.9,8.7,0.452,0.451,2.2,3,0.741,2.1,5.7,7.8,1.1,0.5,1.5,2,3.3,10.1,2176,12.9,0.502,0.002,0.344,8.9,23.3,16.2,6.1,1,4.1,16.4,19,-0.3,3.2,2.9,0.063,-3.9,1.4,-2.5,-0.3
2006/2007,53135000,65516964.37,412718,Miami Heat,16,MIA,Florida,East,Southeast,44,38,0.537,94.6,95.5,-1.21,Jason Kapono,SF,25,1188000,1499743,67,35,26.4,4.1,8.4,0.494,1.6,3.1,0.514,2.5,5.3,0.482,0.59,1,1.1,0.892,0.4,2.3,2.7,1.2,0.6,0,1,2,10.9,1767,13.8,0.613,0.373,0.131,1.8,10,6,7.9,1.1,0.1,10.5,17.9,2.9,1.3,4.2,0.114,0.9,-1.6,-0.7,0.6
2006/2007,53135000,65516964.37,412718,Chicago Bulls,5,CHI,Illinois,East,Central,49,33,0.598,98.8,93.8,4.52,Viktor Khryapa,PF,24,1172400,1480049,33,0,7,0.8,2.1,0.386,0,0.2,0,0.8,1.9,0.422,0.386,0.6,0.8,0.731,0.6,1.1,1.7,0.6,0.3,0,0.5,1.6,2.2,231,9.5,0.448,0.086,0.371,10,18.1,14.1,13.9,2.2,0.3,16.4,18.8,-0.1,0.5,0.4,0.087,-3.4,1.5,-1.9,0
2006/2007,53135000,65516964.37,412718,New Jersey Nets,3,NJN,New Jersey,East,Atlantic,41,41,0.5,97.6,98.3,-1,Jason Kidd,PG,33,18084000,22829423,80,80,36.7,4.6,11.4,0.406,1.6,4.5,0.343,3.1,6.8,0.448,0.475,2.2,2.9,0.778,1.7,6.5,8.2,9.2,1.6,0.3,2.7,1.8,13,2933,19.4,0.516,0.398,0.253,5.5,20.8,13.2,41.4,2.3,0.6,17.4,19.4,5.1,4.1,9.3,0.152,3,2,5,5.2
2006/2007,53135000,65516964.37,412718,Memphis Grizzlies,15,MEM,Tennessee,West,Southwest,22,60,0.268,101.6,106.7,-4.44,Tarence Kinsey,SG,22,412718,521019,48,12,20.1,2.9,6.3,0.457,0.3,1,0.283,2.6,5.4,0.488,0.479,1.6,2,0.796,0.6,1.4,2,0.9,1.1,0,1,1.2,7.7,967,13,0.532,0.151,0.322,3.6,8.4,6,7,2.8,0.1,11.7,18.4,0.6,0.3,0.9,0.046,-1,-1.4,-2.4,-0.1
2006/2007,53135000,65516964.37,412718,Utah Jazz,29,UTA,Utah,West,Northwest,51,31,0.622,101.5,98.6,3.06,Andrei Kirilenko,SF,25,12364000,15608437,70,70,29.3,2.8,6,0.471,0.2,1.1,0.213,2.6,4.9,0.528,0.49,2.5,3.4,0.728,1.3,3.4,4.7,2.9,1.1,2.1,1.9,2.5,8.3,2049,14.3,0.558,0.179,0.572,5.2,14.3,9.8,14.5,1.9,5.8,20.5,14.4,1.6,2.9,4.4,0.104,-0.5,4.4,4,3.1
2006/2007,53135000,65516964.37,412718,Denver Nuggets,8,DEN,Colorado,West,Northwest,45,37,0.549,105.4,103.7,1.69,Linas Kleiza,PF,22,945360,1193431,79,14,18.8,2.5,6,0.422,1.1,2.8,0.376,1.5,3.2,0.462,0.509,1.5,1.7,0.852,1,2.4,3.4,0.6,0.4,0.2,1,2.5,7.6,1488,11.1,0.561,0.466,0.285,5.9,14.1,10.1,4.5,0.9,0.7,12.9,17.6,1.6,1.2,2.8,0.09,-0.5,-1.7,-2.3,-0.1
2006/2007,53135000,65516964.37,412718,Charlotte Bobcats,4,CHA,North Carolina,East,Southeast,33,49,0.402,96.9,100.6,-3.97,Brevin Knight,PG,31,4400000,5554604,45,25,28.3,3.4,8.1,0.419,0,0.4,0.056,3.4,7.7,0.438,0.42,2.3,2.8,0.805,0.3,2.2,2.6,6.6,1.5,0.1,2.1,2.5,9.1,1273,14.3,0.487,0.05,0.353,1.3,9.7,5.3,37.5,2.7,0.2,18.5,18.4,0.7,1.1,1.8,0.07,-1.3,-1,-2.4,-0.1
2006/2007,53135000,65516964.37,412718,Los Angeles Clippers,13,LAC,California,West,Pacific,40,42,0.488,95.6,96.1,-0.07,Yaroslav Korolev,SF,19,1832280,2313088,10,0,4.1,0.4,1.6,0.25,0.1,0.5,0.2,0.3,1.1,0.273,0.281,0.3,0.6,0.5,0.1,0.2,0.3,0.4,0.3,0,0.1,0,1.2,41,8,0.322,0.313,0.375,2.9,5.8,4.4,15.4,3.9,0,5.1,22.1,-0.1,0,0,-0.057,-4.8,-2,-6.8,-0.1
2006/2007,53135000,65516964.37,412718,Philadelphia 76ers,23,PHI,Pennsylvania,East,Atlantic,35,47,0.427,94.9,98,-3.26,Kyle Korver,SF,25,4018182,5072593,74,1,30.9,5,11.4,0.44,1.8,4.1,0.43,3.2,7.3,0.446,0.518,2.6,2.8,0.914,0.4,3.1,3.5,1.4,0.8,0.3,1.6,2.5,14.4,2288,14.2,0.569,0.363,0.247,1.6,12,6.8,8,1.3,0.7,11.1,21.3,2.9,1.7,4.6,0.097,0.9,-1.5,-0.5,0.9
2006/2007,53135000,65516964.37,412718,New Jersey Nets,3,NJN,New Jersey,East,Atlantic,41,41,0.5,97.6,98.3,-1,Nenad Krstic,C,23,1080480,1364008,26,26,32.6,6.5,12.4,0.526,0,0,0,6.5,12.4,0.528,0.526,3.3,4.7,0.711,2,4.8,6.8,1.8,0.4,0.9,2,3.4,16.4,848,16.9,0.566,0.003,0.375,7.1,17.3,12.2,10.2,0.6,2.2,12.1,23.5,1.1,0.9,1.9,0.109,-1.2,-0.3,-1.5,0.1
2006/2007,53135000,65516964.37,412718,Portland Trail Blazers,25,POR,Oregon,West,Northwest,32,50,0.39,94.1,98.4,-3.78,Raef LaFrentz,PF,30,11532037,14558159,27,9,13,1.4,3.8,0.382,0.1,0.9,0.087,1.4,2.9,0.468,0.392,0.7,1,0.769,0.9,1.7,2.6,0.3,0.3,0.4,0.5,2.1,3.7,352,8.7,0.441,0.225,0.255,8.7,16.2,12.4,3.7,1.1,2.5,10.3,16.8,-0.1,0.2,0.2,0.021,-3.4,-1.1,-4.5,-0.2
2006/2007,53135000,65516964.37,412718,Washington Wizards,30,WAS,Washington DC,East,Southeast,41,41,0.5,104.3,104.9,-0.8,James Lang,C,23,771331,973736,11,0,5,0.4,0.8,0.444,0,0,,0.4,0.8,0.444,0.444,0.3,0.5,0.6,0.5,0.5,1,0.2,0,0.3,0.2,1.3,1,55,6.6,0.491,0,0.556,10.2,12.9,11.5,5.2,0,4.2,15.2,10.6,0,0,0.1,0.047,-3.5,-0.5,-4,0
2006/2007,53135000,65516964.37,412718,New York Knicks,20,NYK,New York,East,Atlantic,33,49,0.402,97.5,100.3,-3.06,David Lee,PF,23,926040,1169042,58,12,29.8,4.1,6.9,0.6,0,0,,4.1,6.9,0.6,0.6,2.4,3,0.815,3.4,7,10.4,1.8,0.8,0.4,1.6,2.7,10.7,1731,20.2,0.652,0,0.433,13.6,27.6,20.7,10.2,1.5,1.1,16.2,14.9,4.8,2.1,6.9,0.191,2.2,1.6,3.8,2.5
2006/2007,53135000,65516964.37,412718,Seattle SuperSonics,21,SEA,Washington,West,Northwest,31,51,0.378,99.1,102,-2.45,Rashard Lewis,SF,27,9350649,11804353,60,60,39.1,7.7,16.8,0.461,2.5,6.5,0.39,5.2,10.3,0.505,0.536,4.4,5.3,0.841,1.5,5.1,6.6,2.4,1.1,0.7,2,2.4,22.4,2348,20.7,0.587,0.385,0.313,4.6,15.7,10.1,10.8,1.5,1.3,9.4,24.4,6.3,1.3,7.6,0.155,4.4,-1.1,3.3,3.1
2006/2007,53135000,65516964.37,412718,Seattle SuperSonics,21,SEA,Washington,West,Northwest,31,51,0.378,99.1,102,-2.45,0,PG,31,#N/A,#N/A,4,0,6.5,0,0.8,0,0,0,,0,0.8,0,0,0,0,,0.3,0,0.3,1,0,0,0.3,0.5,0,26,-1.2,0,0,0,4.6,0,2.3,20,0,0,25,7,-0.1,0,-0.1,-0.116,-8.1,-3.6,-11.8,-0.1
2006/2007,53135000,65516964.37,412718,Los Angeles Clippers,13,LAC,California,West,Pacific,40,42,0.488,95.6,96.1,-0.07,Shaun Livingston,PG,21,3481920,4395610,54,31,29.8,3.9,8.3,0.463,0.1,0.3,0.313,3.8,8,0.469,0.469,1.5,2.1,0.707,1,2.4,3.4,5.1,1.1,0.5,2,2.5,9.3,1611,13.7,0.503,0.036,0.258,4.2,9.4,6.8,28.3,1.9,1.4,17.8,17.4,0.9,1.6,2.4,0.072,-0.9,0,-0.9,0.5
2006/2007,53135000,65516964.37,412718,Memphis Grizzlies,15,MEM,Tennessee,West,Southwest,22,60,0.268,101.6,106.7,-4.44,Kyle Lowry,PG,20,1011720,1277205,10,0,17.5,1.4,3.8,0.368,0.3,0.8,0.375,1.1,3,0.367,0.408,2.5,2.8,0.893,1.2,1.9,3.1,3.2,1.4,0.1,1.2,2,5.6,175,18.3,0.556,0.211,0.737,8.2,13,10.6,27.3,4.1,0.4,19.3,16.1,0.4,0.2,0.5,0.148,2.3,1,3.3,0.2
2006/2007,53135000,65516964.37,412718,Houston Rockets,11,HOU,Texas,West,Southwest,52,30,0.634,97,92.1,5.04,John Lucas,PG,24,700000,883687,47,0,8.1,1.3,3.3,0.397,0.3,1.3,0.254,1,2.1,0.485,0.446,0.3,0.4,0.789,0.2,0.6,0.8,0.7,0.4,0,0.3,0.8,3.3,383,11.8,0.468,0.378,0.122,2.7,8.1,5.4,15.1,2.3,0,8.4,21.8,0,0.6,0.6,0.081,-1.9,-1,-2.9,-0.1
2006/2007,53135000,65516964.37,412718,Atlanta Hawks,1,ATL,Georgia,East,Southeast,30,52,0.366,93.7,98.4,-4.86,Tyronn Lue,PG,29,3500000,4418435,56,17,26.6,3.9,9.4,0.416,1,2.9,0.348,2.9,6.5,0.446,0.469,2.6,2.9,0.883,0.3,1.5,1.9,3.6,0.4,0,1.5,1.8,11.4,1488,14.1,0.534,0.307,0.311,1.5,7,4.2,23.9,0.9,0,12.5,21,2.2,0.3,2.5,0.081,0.8,-4,-3.2,-0.4
2006/2007,53135000,65516964.37,412718,Minnesota Timberwolves,18,MIN,Minnesota,West,Northwest,32,50,0.39,96.1,99.7,-3.16,Mark Madsen,C,31,2210000,2789926,56,0,8.4,0.4,0.8,0.535,0,0,,0.4,0.8,0.535,0.535,0.3,0.5,0.517,0.6,0.9,1.6,0.2,0.2,0.2,0.4,1.8,1.1,473,4.5,0.547,0,0.674,9.1,12.8,11,3,1.1,1.6,27.4,7.5,0,0.4,0.4,0.042,-4,0.5,-3.5,-0.2
2006/2007,53135000,65516964.37,412718,Los Angeles Clippers,13,LAC,California,West,Pacific,40,42,0.488,95.6,96.1,-0.07,Corey Maggette,SF,27,7000000,8836870,75,31,30.5,4.9,10.8,0.454,0.2,0.9,0.2,4.7,9.9,0.476,0.462,6.9,8.4,0.82,1.2,4.7,5.9,2.8,0.9,0.2,2.7,3.3,16.9,2291,18.6,0.583,0.08,0.783,4.7,18.2,11.5,15.9,1.5,0.5,15.6,26,4.5,2.5,7,0.146,0.8,-0.6,0.2,1.3
2006/2007,53135000,65516964.37,412718,Portland Trail Blazers,25,POR,Oregon,West,Northwest,32,50,0.39,94.1,98.4,-3.78,Jamaal Magloire,C,28,8433334,10646325,81,23,21,2.5,4.9,0.504,0,0,,2.5,4.9,0.504,0.504,1.6,3,0.541,1.9,4.2,6.1,0.4,0.3,0.8,1.6,2.8,6.5,1703,11.5,0.527,0,0.613,10.8,25.4,18,2.9,0.7,3.1,20.5,17.4,-0.4,1.5,1.1,0.032,-4.3,-0.4,-4.7,-1.1
2006/2007,53135000,65516964.37,412718,Golden State Warriors,10,GSW,California,West,Pacific,42,40,0.512,106.5,106.9,0,Renaldo Major,PF,24,20133,25416,1,0,27,2,10,0.2,0,0,,2,10,0.2,0.2,1,2,0.5,0,2,2,0,2,0,1,4,5,27,-3.7,0.23,0,0.2,0,8.3,4.1,0,3.6,0,8.4,18.7,-0.1,0,-0.1,-0.196,-13,-2.3,-15.2,-0.1
2006/2007,53135000,65516964.37,412718,New York Knicks,20,NYK,New York,East,Atlantic,33,49,0.402,97.5,100.3,-3.06,Stephon Marbury,PG,29,17184375,21693727,74,74,37.1,5.3,12.9,0.415,1.7,4.7,0.357,3.7,8.2,0.448,0.48,4,5.2,0.769,0.5,2.4,2.9,5.4,1,0.1,2.4,2.5,16.4,2748,15.3,0.539,0.362,0.405,1.6,7.6,4.6,25.2,1.4,0.3,13.8,21.5,4.8,1.1,5.9,0.103,2.2,-2.1,0.1,1.5
2006/2007,53135000,65516964.37,412718,Phoenix Suns,24,PHO,Arizona,West,Pacific,61,21,0.744,110.2,102.9,7.28,Shawn Marion,SF,28,15070000,19024519,80,80,37.6,7,13.4,0.524,1,3.2,0.317,6,10.2,0.587,0.561,2.5,3.1,0.81,2.2,7.7,9.8,1.7,2,1.5,1.4,2.7,17.5,3010,20.8,0.594,0.235,0.232,7,22.6,15.2,6.7,2.6,2.8,8.8,19.3,6.7,5.3,12,0.191,2.4,3.2,5.5,5.7
2006/2007,53135000,65516964.37,412718,Milwaukee Bucks,17,MIL,Wisconsin,East,Central,28,54,0.341,99.7,104,-4.43,Damir Markota,PF,21,412718,521019,30,0,5.7,0.6,1.7,0.365,0.2,0.5,0.375,0.4,1.2,0.361,0.423,0.2,0.4,0.636,0.4,0.7,1,0.2,0.1,0,0.5,0.7,1.7,170,5,0.449,0.308,0.212,7.5,14,10.7,5.2,0.9,0.5,20.9,19.1,-0.3,0,-0.2,-0.07,-5.7,-3.3,-9,-0.3
2006/2007,53135000,65516964.37,412718,Phoenix Suns,24,PHO,Arizona,West,Pacific,61,21,0.744,110.2,102.9,7.28,Sean Marks,PF,31,932015,1176585,3,0,5.7,0.7,2,0.333,0,0.3,0,0.7,1.7,0.4,0.333,0.7,0.7,1,0,1,1,0,0,0.3,0,1.3,2,17,6.7,0.436,0.167,0.333,0,19.6,10.3,0,0,4.1,0,18.2,0,0,0,0.043,-7.7,-3.4,-11.2,0
2006/2007,53135000,65516964.37,412718,Cleveland Cavaliers,6,CLE,Ohio,East,Central,50,32,0.61,96.8,92.9,3.33,Donyell Marshall,PF,33,5633037,7111202,81,0,16.8,2.6,6.1,0.424,1.2,3.3,0.351,1.4,2.7,0.514,0.52,0.7,1,0.663,1.1,2.9,4,0.6,0.5,0.5,0.8,1.6,7,1360,15.3,0.536,0.55,0.162,7.2,20.8,13.8,5.7,1.5,2.5,11.3,19.8,1.3,2.6,3.8,0.135,-0.2,0.4,0.2,0.8
2006/2007,53135000,65516964.37,412718,Indiana Pacers,12,IND,Indiana,East,Central,35,47,0.427,95.6,98,-2.62,Rawle Marshall,SG,24,664209,838504,40,2,9,0.8,2.2,0.36,0.1,0.5,0.222,0.7,1.8,0.394,0.382,0.8,1.1,0.689,0.2,0.5,0.7,0.3,0.3,0.1,0.5,0.6,2.5,361,6.7,0.455,0.202,0.506,2.5,6.9,4.6,5.7,1.7,1,14.9,15.9,-0.3,0.3,0,0.001,-5.1,-0.9,-6,-0.4
2006/2007,53135000,65516964.37,412718,Toronto Raptors,28,TOR,Ontario,East,Atlantic,47,35,0.573,99.5,98.5,0.61,Darrick Martin,PG,35,1178348,1487558,31,0,7.1,1.1,3,0.351,0.4,1.2,0.351,0.6,1.8,0.351,0.42,0.5,0.7,0.714,0.1,0.3,0.4,1.4,0.1,0,0.4,0.7,3,220,11.6,0.455,0.394,0.223,1.1,5.4,3.2,31.7,0.7,0,10.4,24.3,0,0.1,0.1,0.031,-0.9,-5,-5.9,-0.2
2006/2007,53135000,65516964.37,412718,Denver Nuggets,8,DEN,Colorado,West,Northwest,45,37,0.549,105.4,103.7,1.69,Kenyon Martin,PF,29,12068182,15234994,2,2,31.5,4,8,0.5,0,0.5,0,4,7.5,0.533,0.5,1.5,6,0.25,3,7,10,0.5,0,0,2.5,5,9.5,63,5.4,0.446,0.063,0.75,10.9,24.7,17.9,2.4,0,0,19,17.9,-0.1,0.1,0,-0.036,-7,-3.3,-10.2,-0.1
2006/2007,53135000,65516964.37,412718,Sacramento Kings,26,SAC,California,West,Pacific,33,49,0.402,101.3,103.1,-1.35,Kevin Martin,SG,23,1002840,1265995,80,80,35.2,6.3,13.3,0.473,1.6,4.2,0.381,4.7,9.2,0.515,0.533,6,7.1,0.844,0.9,3.4,4.3,2.2,1.2,0.1,1.7,2.3,20.2,2818,20.1,0.614,0.312,0.534,2.8,11.6,7.1,10.9,1.8,0.3,9.3,23.2,8.3,1.9,10.2,0.173,3.8,-1.4,2.4,3.2
2006/2007,53135000,65516964.37,412718,New Orleans/Oklahoma City Hornets,19,NOK,Oklahoma,West,Southwest,39,43,0.476,95.5,97.1,-1.19,Desmond Mason,SF,29,8037037,10146036,75,75,34.3,5.4,12,0.452,0,0,,5.4,12,0.452,0.452,2.9,4.3,0.663,1.7,2.9,4.6,1.5,0.7,0.3,2.6,2.3,13.7,2575,10.8,0.493,0,0.359,5.4,10.1,7.7,7.6,1.1,0.7,15.6,21.9,-1.2,1.8,0.6,0.011,-3,-0.5,-3.5,-1
2006/2007,53135000,65516964.37,412718,Washington Wizards,30,WAS,Washington DC,East,Southeast,41,41,0.5,104.3,104.9,-0.8,Roger Mason,SG,26,744551,939928,62,0,7.9,1,2.9,0.33,0.5,1.6,0.324,0.4,1.2,0.338,0.422,0.2,0.3,0.875,0.1,0.6,0.7,0.6,0.2,0.1,0.3,1.1,2.7,492,7.2,0.443,0.57,0.089,1.6,9.1,5.3,10.9,1.3,0.9,9.3,18.3,-0.2,0.1,-0.1,-0.005,-2.2,-3.4,-5.6,-0.5
2006/2007,53135000,65516964.37,412718,Detroit Pistons,9,DET,Michigan,East,Central,53,29,0.646,96,91.8,3.69,Jason Maxiell,C,23,973440,1228880,67,8,14.1,2,3.9,0.5,0,0,,2,3.9,0.5,0.5,1.1,2,0.526,1.3,1.5,2.8,0.2,0.4,0.9,0.8,1.6,5,943,14.4,0.518,0,0.523,11.1,12.3,11.7,2.5,1.7,4.9,14.1,18.9,0.3,1.5,1.8,0.091,-3,1,-2,0
2006/2007,53135000,65516964.37,412718,Charlotte Bobcats,4,CHA,North Carolina,East,Southeast,33,49,0.402,96.9,100.6,-3.97,Sean May,PF,22,1740720,2197502,35,8,23.9,4.7,9.4,0.5,0.1,0.1,0.667,4.6,9.3,0.498,0.503,2.5,3.2,0.768,2.1,4.6,6.7,1.9,0.5,0.7,1.6,2.9,11.9,838,19.1,0.551,0.009,0.341,10,23.3,16.5,14.5,1.2,2.2,12.9,23.5,1.3,1,2.2,0.127,0.1,0.8,0.9,0.6
2006/2007,53135000,65516964.37,412718,Minnesota Timberwolves,18,MIN,Minnesota,West,Northwest,32,50,0.39,96.1,99.7,-3.16,Rashad McCants,SG,22,1653720,2087672,37,0,15,1.7,4.8,0.35,0.5,2,0.267,1.1,2.8,0.412,0.407,1.1,1.6,0.69,0.4,0.9,1.3,1,0.7,0.2,1.1,1.9,5,554,7.2,0.454,0.424,0.328,3.1,6.9,5.1,10.8,2.5,1,16.5,20.3,-0.7,0.5,-0.3,-0.023,-3.4,-1,-4.4,-0.3
2006/2007,53135000,65516964.37,412718,Milwaukee Bucks,17,MIL,Wisconsin,East,Central,28,54,0.341,99.7,104,-4.43,Chris McCray,SG,22,161061,203325,5,0,2.4,0,0.6,0,0,0,,0,0.6,0,0,0,0,,0,0,0,0,0,0,0.4,0.2,0,12,-20.7,0,0,0,0,0,0,0,0,0,40,18.8,-0.1,0,-0.1,-0.537,-20.6,-4,-24.6,-0.1
2006/2007,53135000,65516964.37,412718,Detroit Pistons,9,DET,Michigan,East,Central,53,29,0.646,96,91.8,3.69,Antonio McDyess,PF,32,5883600,7427515,82,3,21.1,3.5,6.6,0.526,0,0,,3.5,6.6,0.526,0.526,1.2,1.7,0.691,2,4,6,0.9,0.7,0.8,0.9,2.9,8.1,1729,18.1,0.552,0,0.257,11.3,22.7,17,7.2,1.9,2.9,11.1,18.6,2.8,3.2,6,0.168,-0.4,1.8,1.5,1.5
2006/2007,53135000,65516964.37,412718,Philadelphia 76ers,23,PHI,Pennsylvania,East,Atlantic,35,47,0.427,94.9,98,-3.26,Ivan McFarlin,PF,24,412718,521019,11,0,3.7,0.5,1.2,0.385,0,0.1,0,0.5,1.1,0.417,0.385,0.5,0.6,0.714,0.6,0.4,1,0.1,0,0,0.1,0.7,1.4,41,12.2,0.466,0.077,0.538,20.6,11.7,16.1,4,0,0,5.9,19.2,0.1,0,0.1,0.102,-0.7,-4.8,-5.5,0
2006/2007,53135000,65516964.37,412718,Houston Rockets,11,HOU,Texas,West,Southwest,52,30,0.634,97,92.1,5.04,Tracy McGrady,SG,27,16901500,21336623,71,71,35.8,9,20.8,0.431,1.8,5.4,0.331,7.2,15.5,0.466,0.474,4.9,6.9,0.707,0.8,4.5,5.3,6.5,1.3,0.5,3,1.9,24.6,2539,23.2,0.515,0.257,0.33,2.6,14.5,8.6,37.5,1.9,1.1,11.2,35,4.1,4.5,8.6,0.163,4.6,1.6,6.2,5.2
2006/2007,53135000,65516964.37,412718,Charlotte Bobcats,4,CHA,North Carolina,East,Southeast,33,49,0.402,96.9,100.6,-3.97,Jeff McInnis,PG,32,3600000,4544676,38,3,18.5,1.9,4.8,0.392,0,0.2,0.125,1.8,4.6,0.405,0.395,0.6,0.8,0.688,0.4,1.3,1.6,3.3,0.4,0,1.1,1.9,4.3,702,7.7,0.423,0.044,0.177,2.3,8.4,5.2,27.7,1,0,17.7,15.3,-0.3,0.3,-0.1,-0.004,-4.2,-2.3,-6.5,-0.8
2006/2007,53135000,65516964.37,412718,Los Angeles Lakers,14,LAL,California,West,Pacific,42,40,0.512,103.3,103.4,0.24,Aaron McKie,SF,34,8070874,10188752,10,0,13.1,1.1,1.7,0.647,0,0,,1.1,1.7,0.647,0.647,0,0,,0.1,1.7,1.8,1.3,0.4,0,0.8,1.4,2.2,131,7.5,0.647,0,0,0.9,15.1,8,14.4,1.6,0,32,8.6,0,0.1,0.1,0.039,-3.9,-0.4,-4.2,-0.1
2006/2007,53135000,65516964.37,412718,#N/A,#N/A,TOT,#N/A,#N/A,#N/A,#N/A,#N/A,#N/A,#N/A,#N/A,#N/A,Keith McLeod,PG,27,1350000,1704253,48,9,15,1.5,3.9,0.388,0.3,0.9,0.356,1.2,3,0.399,0.431,1.4,1.6,0.885,0.1,0.8,0.9,1.9,0.5,0.1,1,1.1,4.8,718,10.2,0.52,0.239,0.415,0.6,6.3,3.4,18.7,1.7,0.5,17.1,16.3,0.3,0.4,0.8,0.051,-3,-2.2,-5.2,-0.6
2006/2007,53135000,65516964.37,412718,Golden State Warriors,10,GSW,California,West,Pacific,42,40,0.512,106.5,106.9,0,Keith McLeod,PG,27,1350000,1704253,26,2,14.6,1.6,4,0.39,0.3,0.9,0.391,1.2,3.2,0.39,0.433,1.8,2,0.887,0.1,0.7,0.8,1.7,0.7,0.1,0.9,0.8,5.3,379,12.3,0.538,0.219,0.505,0.9,5.3,3,16.6,2.2,0.6,15.2,17,0.4,0.2,0.6,0.073,-2.4,-2.1,-4.5,-0.2
2006/2007,53135000,65516964.37,412718,Indiana Pacers,12,IND,Indiana,East,Central,35,47,0.427,95.6,98,-2.62,Keith McLeod,PG,27,1350000,1704253,22,7,15.4,1.5,3.8,0.386,0.3,1,0.318,1.1,2.8,0.41,0.428,1,1.1,0.88,0,1,1,2,0.3,0.1,1,1.4,4.2,339,8,0.495,0.265,0.301,0.3,7.3,3.8,21,1.1,0.4,19.7,15.5,0,0.2,0.2,0.027,-3.7,-2.3,-6,-0.3
2006/2007,53135000,65516964.37,412718,Atlanta Hawks,1,ATL,Georgia,East,Southeast,30,52,0.366,93.7,98.4,-4.86,Stanislav Medvedenko,C,27,625132,789172,14,0,5.8,0.9,2.1,0.414,0.1,0.1,0.5,0.8,1.9,0.407,0.431,1.2,1.4,0.85,0.3,0.7,1,0.1,0,0.1,0.4,1.1,3,81,13.7,0.556,0.069,0.69,5.9,15.1,10.4,4.4,0,1.9,11.7,24.3,0.1,0,0.2,0.107,-3.3,-4.8,-8.1,-0.1
2006/2007,53135000,65516964.37,412718,Dallas Mavericks,7,DAL,Texas,West,Southwest,67,15,0.817,100,92.8,7.28,Pops Mensah-Bonsu,PF,23,412718,521019,12,0,5.9,0.9,1.4,0.647,0,0,,0.9,1.4,0.647,0.647,0.6,1.5,0.389,0.8,1,1.8,0,0.1,0,0.8,0.7,2.4,71,11.6,0.582,0,1.059,15.6,19.9,17.8,0,0.8,0,26.5,22.3,-0.1,0.1,0,0.022,-6,-5.7,-11.7,-0.2
2006/2007,53135000,65516964.37,412718,Utah Jazz,29,UTA,Utah,West,Northwest,51,31,0.622,101.5,98.6,3.06,CJ Miles,SG,19,664209,838504,37,13,10.1,1.1,3.1,0.345,0.2,0.9,0.219,0.9,2.3,0.393,0.375,0.4,0.6,0.609,0.3,0.6,0.9,0.7,0.3,0.1,0.8,1.6,2.7,373,2.8,0.4,0.276,0.198,3.6,7.8,5.7,10,1.5,0.9,18.2,18.5,-0.7,0.3,-0.5,-0.062,-5.3,-1.4,-6.7,-0.4
2006/2007,53135000,65516964.37,412718,Orlando Magic,22,ORL,Florida,East,Southeast,40,42,0.488,94.8,94,0.35,Darko Milicic,PF,21,5218622,6588040,80,16,23.9,3.1,6.9,0.454,0,0,0,3.1,6.8,0.455,0.454,1.8,2.9,0.613,1.8,3.7,5.5,1.1,0.6,1.8,1.6,2.7,8,1913,13.8,0.492,0.002,0.42,9.6,18.4,14.1,7.9,1.2,5.9,16,18.7,0,3.3,3.3,0.082,-2.9,3.2,0.4,1.1
2006/2007,53135000,65516964.37,412718,#N/A,#N/A,TOT,#N/A,#N/A,#N/A,#N/A,#N/A,#N/A,#N/A,#N/A,#N/A,Andre Miller,PG,30,8733333,11025047,80,79,37.1,5.3,11.4,0.466,0.1,0.4,0.143,5.2,10.9,0.479,0.469,2.8,3.5,0.784,1.2,3.2,4.4,7.8,1.4,0.1,2.8,2.3,13.4,2966,16.1,0.52,0.039,0.311,3.9,10.1,7,34.3,1.9,0.3,17.7,19.2,3.5,2.4,5.9,0.095,0.8,-0.3,0.5,1.9
2006/2007,53135000,65516964.37,412718,Denver Nuggets,8,DEN,Colorado,West,Northwest,45,37,0.549,105.4,103.7,1.69,Andre Miller,PG,30,8733333,11025047,23,23,35.7,5.1,10.8,0.472,0.2,0.7,0.25,4.9,10.1,0.487,0.48,2.7,3.7,0.729,1.1,3.4,4.5,9.1,1.6,0.2,3,2.5,13,822,16.6,0.526,0.065,0.343,3.5,10.7,7.1,38.7,2.2,0.3,19.7,18.5,1.1,0.8,1.9,0.113,0.7,-0.2,0.4,0.5
2006/2007,53135000,65516964.37,412718,Philadelphia 76ers,23,PHI,Pennsylvania,East,Atlantic,35,47,0.427,94.9,98,-3.26,Andre Miller,PG,30,8733333,11025047,57,56,37.6,5.4,11.6,0.464,0,0.3,0.053,5.4,11.3,0.477,0.465,2.8,3.5,0.808,1.3,3.1,4.4,7.3,1.3,0.1,2.7,2.2,13.6,2144,15.9,0.518,0.029,0.3,4,9.8,6.9,32.7,1.8,0.2,16.9,19.4,2.3,1.6,3.9,0.088,0.9,-0.3,0.6,1.4
2006/2007,53135000,65516964.37,412718,Sacramento Kings,26,SAC,California,West,Pacific,33,49,0.402,101.3,103.1,-1.35,Brad Miller,C,30,9625000,12150696,63,56,28.3,3.6,7.8,0.453,0.1,0.5,0.152,3.5,7.3,0.475,0.459,1.8,2.4,0.772,1.3,5.1,6.4,3.6,0.6,0.6,1.7,2.5,9,1783,13.5,0.508,0.067,0.302,5.1,21.7,13.2,20.4,1.1,1.7,16.2,16.8,1,1.7,2.7,0.072,-1.7,1.6,-0.1,0.8
2006/2007,53135000,65516964.37,412718,Memphis Grizzlies,15,MEM,Tennessee,West,Southwest,22,60,0.268,101.6,106.7,-4.44,Mike Miller,SG,26,7623813,9624378,70,69,39.1,6.6,14.4,0.46,2.9,7.1,0.406,3.8,7.3,0.514,0.56,2.3,2.9,0.793,0.7,4.7,5.4,4.3,0.8,0.3,2.6,2,18.5,2740,16.4,0.588,0.493,0.201,2.3,14.2,8.2,18.7,1,0.5,14,21.1,4.6,0.3,4.8,0.085,3.7,-1.6,2.1,2.8
2006/2007,53135000,65516964.37,412718,Utah Jazz,29,UTA,Utah,West,Northwest,51,31,0.622,101.5,98.6,3.06,Paul Millsap,PF,21,625000,789006,82,1,18,2.5,4.9,0.525,0,0,0.333,2.5,4.8,0.527,0.526,1.7,2.5,0.673,2.2,2.9,5.2,0.8,0.8,0.9,1.1,2.9,6.8,1472,17.6,0.571,0.008,0.523,15.1,19.8,17.5,6.7,2.4,4.2,16.1,17.8,2.4,2.3,4.7,0.153,0.3,2.6,2.9,1.8
2006/2007,53135000,65516964.37,412718,Houston Rockets,11,HOU,Texas,West,Southwest,52,30,0.634,97,92.1,5.04,Yao Ming,C,26,12455000,15723317,48,48,33.8,8.8,17.1,0.516,0,0,0,8.8,17,0.518,0.516,7.4,8.6,0.862,2.1,7.3,9.4,2,0.4,2,3.5,3.3,25,1624,26.5,0.601,0.002,0.504,7.2,24.7,16,12.3,0.6,4.5,14.3,33.5,4,3.4,7.4,0.22,0.4,2,2.3,1.8
2006/2007,53135000,65516964.37,412718,Los Angeles Clippers,13,LAC,California,West,Pacific,40,42,0.488,95.6,96.1,-0.07,Cuttino Mobley,SG,31,8125000,10257081,78,73,36.4,5,11.3,0.44,1.3,3.2,0.411,3.7,8.2,0.451,0.497,2.6,3.1,0.837,0.7,2.8,3.4,2.5,1.2,0.3,1.9,2.4,13.8,2841,12.5,0.546,0.279,0.271,2.2,9,5.6,11.7,1.7,0.7,12.8,18.4,2.2,2.4,4.6,0.078,0.1,-0.5,-0.4,1.1
2006/2007,53135000,65516964.37,412718,Detroit Pistons,9,DET,Michigan,East,Central,53,29,0.646,96,91.8,3.69,Nazr Mohammed,C,29,5215000,6583468,51,33,15.2,2.3,4.4,0.532,0,0,,2.3,4.4,0.532,0.532,1,1.6,0.61,1.7,2.7,4.5,0.2,0.5,0.8,0.8,2.6,5.6,773,16.5,0.554,0,0.369,13.7,21.5,17.6,2,1.9,4,14.3,18.5,0.9,1.5,2.3,0.145,-2.3,0.5,-1.8,0
2006/2007,53135000,65516964.37,412718,New Jersey Nets,3,NJN,New Jersey,East,Atlantic,41,41,0.5,97.6,98.3,-1,Mikki Moore,C,31,1071225,1352325,79,55,26.4,3.9,6.4,0.609,0,0,0,3.9,6.4,0.61,0.609,2,3,0.681,1.8,3.3,5.1,0.9,0.6,0.8,1.4,3.3,9.8,2082,14.8,0.637,0.002,0.464,8.3,14.5,11.4,6.1,1.2,2.3,15.6,16.2,3.5,2.3,5.7,0.131,-0.7,0.8,0.1,1.1
2006/2007,53135000,65516964.37,412718,New York Knicks,20,NYK,New York,East,Atlantic,33,49,0.402,97.5,100.3,-3.06,Randolph Morris,C,21,#N/A,#N/A,5,0,8.8,0.2,1.2,0.167,0,0,,0.2,1.2,0.167,0.167,0.4,1.2,0.333,0.2,1.6,1.8,0.2,0.4,0.2,0.4,0.8,0.8,44,1.5,0.231,0,1,2.7,21.4,12.2,3.2,2.4,1.8,18.8,11,-0.1,0.1,-0.1,-0.083,-9.6,1.6,-8,-0.1
2006/2007,53135000,65516964.37,412718,Charlotte Bobcats,4,CHA,North Carolina,East,Southeast,33,49,0.402,96.9,100.6,-3.97,Adam Morrison,PF,22,3616680,4565733,78,23,29.8,4.6,12.1,0.376,1.1,3.3,0.337,3.4,8.8,0.391,0.422,1.5,2.2,0.71,0.7,2.3,2.9,2.1,0.4,0.1,1.7,2.3,11.8,2326,7.9,0.45,0.273,0.179,2.7,9.2,5.9,11.9,0.6,0.2,11.3,22.4,-2.2,0.8,-1.5,-0.03,-3,-2.5,-5.5,-2
2006/2007,53135000,65516964.37,412718,Miami Heat,16,MIA,Florida,East,Southeast,44,38,0.537,94.6,95.5,-1.21,Alonzo Mourning,C,36,6725433,8490254,77,43,20.4,3.1,5.5,0.56,0,0,,3.1,5.5,0.56,0.56,2.4,4,0.601,1.6,2.9,4.5,0.2,0.2,2.3,1.7,2.8,8.6,1572,16.7,0.59,0,0.725,9.7,16.4,13.1,2,0.4,9,18.7,20.8,1,2.5,3.5,0.107,-3.9,2,-2,0
2006/2007,53135000,65516964.37,412718,#N/A,#N/A,TOT,#N/A,#N/A,#N/A,#N/A,#N/A,#N/A,#N/A,#N/A,#N/A,Troy Murphy,PF,26,8285714,10459968,68,48,27.2,3.9,8.5,0.458,0.9,2.2,0.395,3.1,6.4,0.479,0.508,1.6,2.1,0.745,1.5,4.6,6.1,1.9,0.7,0.6,1.1,2.9,10.3,1852,14.5,0.541,0.253,0.25,6,19.6,12.7,10.9,1.2,1.7,10.8,17.2,2.4,2.1,4.5,0.116,-0.3,0.7,0.4,1.1
2006/2007,53135000,65516964.37,412718,Golden State Warriors,10,GSW,California,West,Pacific,42,40,0.512,106.5,106.9,0,Troy Murphy,PF,26,8285714,10459968,26,17,25.7,3.1,6.9,0.45,0.8,2.3,0.373,2.3,4.7,0.488,0.511,1.8,2.5,0.712,1.4,4.6,6,2.3,0.8,0.7,1.1,2.4,8.9,667,14.8,0.553,0.328,0.367,6,20.1,12.9,12.8,1.5,1.9,12.2,15.2,1,0.7,1.7,0.124,-0.2,1.1,0.9,0.5
2006/2007,53135000,65516964.37,412718,Indiana Pacers,12,IND,Indiana,East,Central,35,47,0.427,95.6,98,-2.62,Troy Murphy,PF,26,8285714,10459968,42,31,28.2,4.4,9.5,0.461,0.9,2.1,0.409,3.5,7.5,0.476,0.506,1.5,1.9,0.772,1.5,4.6,6.1,1.6,0.6,0.6,1.2,3.2,11.1,1185,14.3,0.536,0.219,0.197,6,19.3,12.5,9.8,1.1,1.6,10.1,18.3,1.4,1.4,2.8,0.112,-0.3,0.4,0.1,0.6
2006/2007,53135000,65516964.37,412718,Detroit Pistons,9,DET,Michigan,East,Central,53,29,0.646,96,91.8,3.69,Ronald Murray,SG,27,1750000,2209217,69,18,21.4,2.6,6.3,0.404,0.3,1.2,0.289,2.2,5.1,0.431,0.432,1.3,1.7,0.725,0.4,1.3,1.6,2.7,0.7,0.2,1.3,1.4,6.7,1477,10.8,0.474,0.189,0.274,2.1,7,4.5,20.4,1.8,0.7,15.5,18.7,-0.1,1.4,1.3,0.042,-2.2,-0.9,-3.1,-0.4
2006/2007,53135000,65516964.37,412718,Houston Rockets,11,HOU,Texas,West,Southwest,52,30,0.634,97,92.1,5.04,Dikembe Mutombo,C,40,2210000,2789926,75,33,17.2,1.1,2,0.556,0,0,,1.1,2,0.556,0.556,0.8,1.2,0.69,2.2,4.3,6.5,0.2,0.3,1,0.5,2.1,3.1,1289,14.4,0.601,0,0.569,14.7,28.7,21.8,1.5,0.9,4.5,16.6,8.3,2.1,3,5.2,0.192,-3.4,2.8,-0.5,0.5
2006/2007,53135000,65516964.37,412718,New Jersey Nets,3,NJN,New Jersey,East,Atlantic,41,41,0.5,97.6,98.3,-1,Bostjan Nachbar,SF,26,2500000,3156025,76,1,20.2,3,6.5,0.457,1.5,3.5,0.423,1.5,3,0.496,0.57,1.7,2.2,0.805,0.4,3,3.3,0.8,0.4,0.3,0.9,2.4,9.2,1532,14.5,0.614,0.535,0.331,2.1,17.3,9.7,6.8,1,1.3,10.8,19.3,2.5,1.6,4.1,0.128,0.5,-1.5,-1,0.4
2006/2007,53135000,65516964.37,412718,Denver Nuggets,8,DEN,Colorado,West,Northwest,45,37,0.549,105.4,103.7,1.69,Eduardo Najera,PF,30,4571428,5771016,75,36,22.1,2.7,4.7,0.576,0,0.2,0.083,2.7,4.6,0.594,0.578,1.2,1.6,0.715,1.7,2.4,4.1,0.9,1,0.3,0.7,2.8,6.6,1658,13.5,0.609,0.034,0.347,9,12,10.5,5.7,2.2,1.1,12.1,12,2.9,1.8,4.8,0.138,0.4,1.4,1.8,1.6
2006/2007,53135000,65516964.37,412718,Phoenix Suns,24,PHO,Arizona,West,Pacific,61,21,0.744,110.2,102.9,7.28,Steve Nash,PG,32,10500000,13255305,76,76,35.3,6.8,12.8,0.532,2.1,4.5,0.455,4.8,8.3,0.575,0.613,2.9,3.3,0.899,0.4,3.1,3.5,11.6,0.8,0.1,3.8,1.5,18.6,2682,23.8,0.654,0.353,0.254,1.4,9.9,5.8,50.1,1.1,0.2,21,22.9,10.8,1.7,12.6,0.225,6.1,-2.3,3.8,3.9
2006/2007,53135000,65516964.37,412718,Orlando Magic,22,ORL,Florida,East,Southeast,40,42,0.488,94.8,94,0.35,Jameer Nelson,PG,24,1272120,1605937,77,77,30.3,4.9,11.4,0.43,0.8,2.5,0.335,4,8.8,0.457,0.467,2.4,2.9,0.828,0.6,2.4,3.1,4.3,0.9,0.1,2.4,2.9,13,2331,13.9,0.514,0.222,0.253,2.7,9.6,6.2,25,1.7,0.2,15.9,23,1.6,2.4,4,0.082,0.5,-0.9,-0.4,0.9
2006/2007,53135000,65516964.37,412718,Toronto Raptors,28,TOR,Ontario,East,Atlantic,47,35,0.573,99.5,98.5,0.61,Radoslav Nesterovic,C,30,7280000,9190345,80,73,21,2.9,5.3,0.546,0,0,0,2.9,5.3,0.548,0.546,0.4,0.6,0.68,1.4,3.1,4.5,0.9,0.5,1.1,0.7,2.4,6.2,1676,13.9,0.558,0.002,0.119,8,17.4,12.6,7,1.1,3.9,11.2,13.8,1.9,2.2,4.1,0.118,-1.4,2.6,1.2,1.4
2006/2007,53135000,65516964.37,412718,Cleveland Cavaliers,6,CLE,Ohio,East,Central,50,32,0.61,96.8,92.9,3.33,Ira Newble,SF,32,3196050,4034725,15,1,8.6,1.1,2.5,0.432,0.5,1,0.533,0.5,1.5,0.364,0.541,0.4,0.7,0.6,0.9,1.1,2,0.1,0.4,0,0.2,1.1,3.1,129,14.9,0.556,0.405,0.27,11.4,15.7,13.5,2.5,2.5,0,6.8,15.6,0.3,0.2,0.5,0.179,0.4,-0.9,-0.5,0
2006/2007,53135000,65516964.37,412718,Chicago Bulls,5,CHI,Illinois,East,Central,49,33,0.598,98.8,93.8,4.52,Andres Nocioni,PF,27,3950000,4986519,53,31,26.5,5.2,11,0.467,1.5,3.9,0.383,3.6,7.1,0.515,0.536,2.3,2.7,0.848,0.8,4.9,5.7,1.1,0.5,0.5,2,3.1,14.1,1406,15.6,0.578,0.358,0.248,3.4,20.9,12.2,7,1,1.3,13.8,23.8,1.4,2.6,4.1,0.139,-0.4,-0.2,-0.6,0.5
2006/2007,53135000,65516964.37,412718,Milwaukee Bucks,17,MIL,Wisconsin,East,Central,28,54,0.341,99.7,104,-4.43,David Noel,PF,22,412718,521019,68,0,11.6,1,2.6,0.367,0.3,0.8,0.321,0.7,1.8,0.387,0.415,0.5,0.6,0.86,0.6,1.2,1.8,1,0.4,0.1,0.6,1.1,2.7,792,9,0.47,0.299,0.243,6.2,12.2,9.1,11.7,1.6,0.9,17,13.4,0.1,0.3,0.4,0.024,-2.6,-0.8,-3.4,-0.3
2006/2007,53135000,65516964.37,412718,Houston Rockets,11,HOU,Texas,West,Southwest,52,30,0.634,97,92.1,5.04,Steve Novak,SF,23,600000,757446,35,1,5.5,0.5,1.4,0.36,0.4,1.1,0.333,0.1,0.3,0.455,0.49,0.1,0.1,1,0.1,0.6,0.7,0.2,0.1,0,0.1,0.6,1.5,191,7.7,0.501,0.78,0.04,2.4,13.2,7.8,4.9,1.4,0,7.3,13.4,0.1,0.3,0.4,0.091,-2.3,-0.6,-2.9,0
2006/2007,53135000,65516964.37,412718,Dallas Mavericks,7,DAL,Texas,West,Southwest,67,15,0.817,100,92.8,7.28,Dirk Nowitzki,PF,28,15101625,19064443,78,78,36.2,8.6,17.2,0.502,0.9,2.2,0.416,7.7,15,0.515,0.529,6.4,7.1,0.904,1.6,7.3,8.9,3.4,0.7,0.8,2.1,2.2,24.6,2820,27.6,0.605,0.129,0.411,5.3,23.9,14.8,17.8,1,1.7,9.5,28.9,11.8,4.5,16.3,0.278,5.4,1.3,6.7,6.2
2006/2007,53135000,65516964.37,412718,Golden State Warriors,10,GSW,California,West,Pacific,42,40,0.512,106.5,106.9,0,Patrick O'Bryant,C,20,2061720,2602736,16,0,7.4,0.6,2,0.313,0,0,,0.6,2,0.313,0.313,0.7,1.1,0.647,0.4,0.9,1.3,0.6,0.4,0.5,0.5,1.6,1.9,119,7.3,0.393,0,0.531,6.3,13.2,9.7,10.2,2.4,5.1,16.8,17,-0.2,0.2,0,-0.003,-6.6,2.5,-4.1,-0.1
2006/2007,53135000,65516964.37,412718,Indiana Pacers,12,IND,Indiana,East,Central,35,47,0.427,95.6,98,-2.62,Jermaine O'Neal,C,28,18084000,22829423,69,69,35.6,7.2,16.5,0.436,0,0.1,0,7.2,16.4,0.439,0.436,5,6.5,0.767,2.2,7.4,9.6,2.4,0.7,2.6,2.9,3.4,19.4,2459,18.8,0.5,0.006,0.392,7.1,24.4,15.5,13,1.1,5.6,13.2,28.1,0.5,4.1,4.7,0.091,-2.3,2.8,0.4,1.5
2006/2007,53135000,65516964.37,412718,Miami Heat,16,MIA,Florida,East,Southeast,44,38,0.537,94.6,95.5,-1.21,Shaquille O'Neal,C,34,20000000,25248201,40,39,28.4,7.1,12,0.591,0,0,,7.1,12,0.591,0.591,3.1,7.4,0.422,2.4,5,7.4,2,0.2,1.4,2.4,3.5,17.3,1135,21.7,0.567,0,0.614,10.3,20.3,15.4,14.3,0.4,3.8,13.5,29.4,1.4,1.5,2.8,0.119,0.4,0.4,0.9,0.8
2006/2007,53135000,65516964.37,412718,San Antonio Spurs,27,SAS,Texas,West,Southwest,58,24,0.707,98.5,90.1,8.35,Fabricio Oberto,PF,31,2500000,3156025,79,33,17.3,2,3.6,0.562,0,0,,2,3.6,0.562,0.562,0.4,0.6,0.647,1.7,3,4.7,0.9,0.3,0.3,0.9,2.7,4.4,1365,11.9,0.575,0,0.181,12.1,20.2,16.3,7.8,1,1.3,18.5,12.9,1.6,2.5,4.1,0.144,-1.3,2.2,0.9,1
2006/2007,53135000,65516964.37,412718,Los Angeles Lakers,14,LAL,California,West,Pacific,42,40,0.512,103.3,103.4,0.24,Lamar Odom,PF,27,12348596,15588991,56,56,39.3,5.7,12.2,0.468,1,3.3,0.297,4.7,8.9,0.531,0.508,3.5,5.1,0.7,1.8,7.9,9.8,4.8,0.9,0.6,2.9,3.3,15.9,2202,16.1,0.552,0.267,0.416,5.5,23.5,14.5,19.5,1.2,1.1,16.8,19.8,2.6,2.1,4.7,0.102,0.8,0.9,1.7,2
2006/2007,53135000,65516964.37,412718,Charlotte Bobcats,4,CHA,North Carolina,East,Southeast,33,49,0.402,96.9,100.6,-3.97,Emeka Okafor,C,24,4300560,5429070,67,65,34.8,5.9,11,0.532,0,0,,5.9,11,0.532,0.532,2.6,4.4,0.593,3.9,7.4,11.3,1.2,0.9,2.6,1.7,3.1,14.4,2329,20.1,0.554,0,0.399,12.7,26.2,19.2,6,1.3,5.7,11.3,19.1,3.5,3.6,7.1,0.147,-0.5,2.8,2.4,2.6
2006/2007,53135000,65516964.37,412718,Utah Jazz,29,UTA,Utah,West,Northwest,51,31,0.622,101.5,98.6,3.06,Mehmet Okur,C,27,8250000,10414882,80,80,33.3,6.1,13.3,0.462,1.6,4.2,0.384,4.5,9.1,0.498,0.523,3.7,4.8,0.765,2,5.2,7.2,2,0.5,0.5,1.6,3.2,17.6,2664,18.1,0.571,0.317,0.365,7.3,19.1,13.2,9.9,0.7,1.2,9.2,22.8,6.5,2.3,8.8,0.158,3,-1,2,2.7
2006/2007,53135000,65516964.37,412718,Philadelphia 76ers,23,PHI,Pennsylvania,East,Atlantic,35,47,0.427,94.9,98,-3.26,Kevin Ollie,PG,34,3196050,4034725,53,23,17.3,1.5,3.5,0.433,0,0,0,1.5,3.5,0.438,0.433,0.7,0.8,0.822,0.2,1.2,1.4,2.5,0.4,0,0.9,1.4,3.8,919,8.4,0.481,0.011,0.241,1,8.6,4.8,21.8,1.2,0.1,18.5,12.8,0.1,0.5,0.6,0.03,-3.6,-1.5,-5.1,-0.7
2006/2007,53135000,65516964.37,412718,Boston Celtics,2,BOS,Massachusetts,East,Atlantic,24,58,0.293,95.8,99.2,-3.7,Michael Olowokandi,C,31,1103225,1392722,24,0,9.8,0.8,1.9,0.413,0,0,,0.8,1.9,0.413,0.413,0.1,0.1,0.667,0.6,1.4,2,0.2,0.3,0.5,0.7,2,1.7,234,4.5,0.423,0,0.065,7,17.8,12.3,3.3,1.8,4.3,26.4,12.5,-0.4,0.3,-0.1,-0.017,-7.1,2.3,-4.8,-0.2
2006/2007,53135000,65516964.37,412718,Orlando Magic,22,ORL,Florida,East,Southeast,40,42,0.488,94.8,94,0.35,Bo Outlaw,PF,35,1178348,1487558,41,0,11.2,0.8,1.2,0.667,0,0,,0.8,1.2,0.667,0.667,0.3,0.5,0.591,1.1,1.4,2.6,0.4,0.4,0.1,0.5,1.4,2,460,11.4,0.667,0,0.431,12.9,15.5,14.2,5.3,2,1.1,25.7,8.2,0.6,0.6,1.2,0.126,-0.2,1.7,1.5,0.4
2006/2007,53135000,65516964.37,412718,Portland Trail Blazers,25,POR,Oregon,West,Northwest,32,50,0.39,94.1,98.4,-3.78,Travis Outlaw,PF,22,1836426,2318322,67,1,22.9,3.7,8.5,0.434,0.1,0.6,0.27,3.5,7.9,0.445,0.443,2.1,2.7,0.79,1,2.3,3.2,0.8,0.9,1.1,1,2.2,9.6,1532,15.3,0.499,0.065,0.319,5.2,12.6,8.8,6.1,2.2,3.9,9.3,21.8,0.9,1.4,2.3,0.072,-1.9,0.7,-1.2,0.3
2006/2007,53135000,65516964.37,412718,Atlanta Hawks,1,ATL,Georgia,East,Southeast,30,52,0.366,93.7,98.4,-4.86,Zaza Pachulia,C,22,4000000,5049640,72,47,28.1,4,8.5,0.474,0,0,0,4,8.5,0.475,0.474,4.1,5.2,0.786,2.8,4.2,6.9,1.5,1.1,0.5,2.3,3.7,12.2,2026,16.8,0.562,0.002,0.607,11.7,18.1,14.9,9.2,2,1.4,17.2,21.3,2.7,2.1,4.8,0.114,-0.2,0.1,-0.1,1
2006/2007,53135000,65516964.37,412718,#N/A,#N/A,TOT,#N/A,#N/A,#N/A,#N/A,#N/A,#N/A,#N/A,#N/A,#N/A,Scott Padgett,PF,30,1495317,1887703,31,0,7.5,0.5,1.8,0.286,0.3,1.1,0.242,0.3,0.7,0.348,0.357,0.2,0.4,0.462,0.5,1.2,1.7,0.3,0.2,0.1,0.3,1.1,1.5,231,4.9,0.373,0.589,0.232,8.1,18.9,13.5,5.3,1.1,1,12.7,14.2,-0.3,0.4,0.1,0.019,-5,-0.2,-5.2,-0.2
2006/2007,53135000,65516964.37,412718,Houston Rockets,11,HOU,Texas,West,Southwest,52,30,0.634,97,92.1,5.04,Scott Padgett,PF,30,1495317,1887703,24,0,8.3,0.6,2,0.306,0.3,1.2,0.276,0.3,0.8,0.35,0.388,0.3,0.5,0.545,0.5,1.4,1.9,0.3,0.2,0.1,0.3,1.4,1.8,198,5.6,0.409,0.592,0.224,6.4,19.6,13.1,6.2,1.1,1.2,12.9,14.5,-0.2,0.4,0.2,0.046,-4.7,0.7,-4,-0.1
2006/2007,53135000,65516964.37,412718,Memphis Grizzlies,15,MEM,Tennessee,West,Southwest,22,60,0.268,101.6,106.7,-4.44,Scott Padgett,PF,30,1495317,1887703,7,0,4.7,0.1,1,0.143,0,0.6,0,0.1,0.4,0.333,0.143,0,0.3,0,0.7,0.6,1.3,0,0.1,0,0.1,0.3,0.3,33,0.9,0.127,0.571,0.286,18.1,14.5,16.3,0,1.6,0,11.3,12.1,-0.1,0,-0.1,-0.14,-7.1,-5.3,-12.4,-0.1
2006/2007,53135000,65516964.37,412718,New Orleans/Oklahoma City Hornets,19,NOK,Oklahoma,West,Southwest,39,43,0.476,95.5,97.1,-1.19,Jannero Pargo,PG,27,1000000,1262410,82,7,20.9,3.5,8.4,0.409,1,2.5,0.388,2.5,5.9,0.418,0.467,1.3,1.5,0.852,0.2,2,2.2,2.5,0.6,0,1.5,1.5,9.2,1710,13.4,0.504,0.302,0.176,1.3,11.1,6.1,20.4,1.6,0.2,14.1,23.1,0.6,1.4,2,0.056,-0.5,-1.5,-2.1,0
2006/2007,53135000,65516964.37,412718,Toronto Raptors,28,TOR,Ontario,East,Atlantic,47,35,0.573,99.5,98.5,0.61,Anthony Parker,SG,31,4150000,5239001,73,73,33.4,4.5,9.4,0.477,1.6,3.6,0.441,2.9,5.8,0.5,0.561,1.8,2.2,0.835,0.8,3.1,3.9,2.1,1,0.2,1,1.8,12.4,2437,14.5,0.597,0.38,0.23,2.9,10.9,6.8,9.9,1.6,0.3,8.6,15.7,4.4,2.1,6.5,0.127,2.1,0.4,2.5,2.8
2006/2007,53135000,65516964.37,412718,Los Angeles Lakers,14,LAL,California,West,Pacific,42,40,0.512,103.3,103.4,0.24,Smush Parker,PG,25,798112,1007544,82,80,30,4.2,9.6,0.436,1.3,3.7,0.365,2.8,5.9,0.479,0.506,1.4,2.1,0.646,0.5,2,2.5,2.8,1.5,0.1,1.9,2.6,11.1,2457,11.6,0.526,0.383,0.223,2.2,7.6,4.9,14.6,2.5,0.3,15.1,18.6,0.7,1.6,2.3,0.045,-0.3,-1.1,-1.4,0.4
2006/2007,53135000,65516964.37,412718,San Antonio Spurs,27,SAS,Texas,West,Southwest,58,24,0.707,98.5,90.1,8.35,Tony Parker,PG,24,9450000,11929775,77,77,32.5,7.4,14.2,0.52,0.2,0.5,0.395,7.2,13.7,0.525,0.527,3.6,4.5,0.783,0.4,2.8,3.2,5.5,1.1,0.1,2.5,1.8,18.6,2499,21.4,0.572,0.035,0.319,1.7,10,6,31.7,1.8,0.2,13.3,27.4,5.8,3.9,9.6,0.185,2.5,0.1,2.7,3
2006/2007,53135000,65516964.37,412718,Milwaukee Bucks,17,MIL,Wisconsin,East,Central,28,54,0.341,99.7,104,-4.43,Ruben Patterson,SF,31,6807000,8593225,81,53,31,5.9,10.7,0.548,0,0.2,0.158,5.8,10.5,0.557,0.55,3,4.6,0.641,2.3,3.1,5.4,2.9,1.4,0.3,2.5,2.9,14.7,2508,18.5,0.578,0.022,0.434,8.8,11.9,10.3,15.5,2.3,0.8,16.2,22.2,4.1,1.3,5.4,0.103,1.6,-0.1,1.5,2.2
2006/2007,53135000,65516964.37,412718,New Orleans/Oklahoma City Hornets,19,NOK,Oklahoma,West,Southwest,39,43,0.476,95.5,97.1,-1.19,Chris Paul,PG,21,3380160,4267147,64,64,36.8,6,13.6,0.437,0.8,2.2,0.35,5.2,11.4,0.455,0.466,4.6,5.6,0.818,0.8,3.5,4.4,8.9,1.8,0,2.5,2.4,17.3,2353,22,0.537,0.164,0.41,2.6,11.3,6.9,41.3,2.7,0.1,13.5,23.1,6.2,2.6,8.8,0.179,4.5,0.1,4.6,3.9
2006/2007,53135000,65516964.37,412718,Cleveland Cavaliers,6,CLE,Ohio,East,Central,50,32,0.61,96.8,92.9,3.33,Aleksandar Pavlovic,SG,23,1962206,2477108,67,28,22.9,3.3,7.3,0.453,0.9,2.2,0.405,2.4,5.1,0.474,0.514,1.5,1.9,0.794,0.3,2,2.4,1.6,0.8,0.3,1.5,2.2,9,1534,12.1,0.554,0.302,0.257,1.7,10.5,6,11.3,1.9,0.9,15.8,19.1,0.8,2.3,3.1,0.098,-1.3,0.5,-0.7,0.5
2006/2007,53135000,65516964.37,412718,Miami Heat,16,MIA,Florida,East,Southeast,44,38,0.537,94.6,95.5,-1.21,Gary Payton,PG,38,1178348,1487558,68,28,22.1,2.1,5.4,0.393,0.5,1.8,0.26,1.6,3.6,0.461,0.437,0.6,0.8,0.667,0.3,1.7,1.9,3,0.6,0,1,1.7,5.3,1503,9,0.458,0.336,0.156,1.4,8.7,5.2,20.9,1.5,0.2,14.4,14.4,0.1,1.2,1.3,0.042,-2.5,-1,-3.5,-0.6
2006/2007,53135000,65516964.37,412718,Boston Celtics,2,BOS,Massachusetts,East,Atlantic,24,58,0.293,95.8,99.2,-3.7,Kendrick Perkins,C,22,1689409,2132726,72,53,21.9,1.8,3.7,0.491,0,0,0,1.8,3.7,0.496,0.491,0.8,1.4,0.6,1.6,3.6,5.2,1.3,0.3,1.3,1.6,3,4.5,1576,9.5,0.518,0.011,0.372,8.4,20.1,14.1,9.4,0.8,4.7,26.5,12.2,-0.6,1.9,1.4,0.042,-3.8,3.2,-0.6,0.5
2006/2007,53135000,65516964.37,412718,Toronto Raptors,28,TOR,Ontario,East,Atlantic,47,35,0.573,99.5,98.5,0.61,Morris Peterson,SF,29,4550000,5743965,71,12,21.3,3.1,7.3,0.429,1.5,4.2,0.359,1.6,3.1,0.523,0.532,1.2,1.7,0.683,0.5,2.9,3.3,0.7,0.6,0.2,0.7,1.8,8.9,1515,13.2,0.555,0.571,0.238,2.5,16.1,9.2,5,1.5,0.6,8.5,19.1,1.3,1.6,2.9,0.091,0.4,-1.2,-0.7,0.5
2006/2007,53135000,65516964.37,412718,Seattle SuperSonics,21,SEA,Washington,West,Northwest,31,51,0.378,99.1,102,-2.45,Johan Petro,C,21,1006800,1270994,81,13,18.6,2.8,5.4,0.516,0,0,,2.8,5.4,0.516,0.516,0.6,1,0.649,1.1,3,4.1,0.6,0.5,0.6,1,2.9,6.2,1510,11.6,0.532,0,0.176,7.2,19.5,13.3,4.8,1.4,2.4,14.8,16.7,0.5,1.2,1.7,0.053,-3.1,0,-3.1,-0.4
2006/2007,53135000,65516964.37,412718,Phoenix Suns,24,PHO,Arizona,West,Pacific,61,21,0.744,110.2,102.9,7.28,Eric Piatkowski,SG,36,1178348,1487558,11,0,6.6,0.8,2.3,0.36,0.6,1.6,0.389,0.2,0.6,0.286,0.5,0.2,0.2,1,0.2,0.6,0.8,0.4,0,0.1,0.5,0.5,2.5,73,7.7,0.522,0.72,0.08,3.4,10.6,7.2,7.5,0,1,16.2,19,0,0,0,0.007,-1.7,-2.7,-4.4,0
2006/2007,53135000,65516964.37,412718,Boston Celtics,2,BOS,Massachusetts,East,Atlantic,24,58,0.293,95.8,99.2,-3.7,Paul Pierce,SG,29,15101625,19064443,47,46,37,7.9,18.1,0.439,2.3,5.9,0.389,5.7,12.2,0.463,0.502,6.8,8.6,0.796,0.8,5.1,5.9,4.1,1,0.3,3.2,2.6,25,1740,21.7,0.571,0.324,0.473,2.6,16.8,9.5,22.1,1.4,0.6,12.9,30.7,3.8,1.6,5.4,0.148,4.6,-1.1,3.4,2.4
2006/2007,53135000,65516964.37,412718,Golden State Warriors,10,GSW,California,West,Pacific,42,40,0.512,106.5,106.9,0,Mickael Pietrus,SF,24,2535260,3200537,72,38,26.9,4,8.1,0.488,1.3,3.3,0.388,2.7,4.8,0.558,0.567,1.9,2.9,0.648,1.1,3.4,4.5,0.9,0.7,0.8,1.5,3.1,11.1,1937,13,0.59,0.41,0.358,4.5,14.2,9.3,4.7,1.2,2.2,13.4,17.2,2,1.5,3.6,0.088,-0.4,-0.5,-0.9,0.5
2006/2007,53135000,65516964.37,412718,Boston Celtics,2,BOS,Massachusetts,East,Atlantic,24,58,0.293,95.8,99.2,-3.7,0,PF,23,#N/A,#N/A,6,0,16.7,2,4.5,0.444,0.2,0.3,0.5,1.8,4.2,0.44,0.463,1,1.5,0.667,1.2,1.3,2.5,0.8,0.5,0.5,0.7,2,5.2,100,11.6,0.501,0.074,0.333,8.2,9.8,9,8.3,1.6,2.3,11.4,15.8,0.1,0.1,0.2,0.075,-2,0.1,-1.9,0
2006/2007,53135000,65516964.37,412718,Cleveland Cavaliers,6,CLE,Ohio,East,Central,50,32,0.61,96.8,92.9,3.33,Scot Pollard,C,31,2200000,2777302,24,0,4.5,0.5,1.1,0.423,0,0,,0.5,1.1,0.423,0.423,0.1,0.2,0.5,0.6,0.7,1.3,0.1,0.2,0,0.2,1.1,1,109,8.5,0.432,0,0.154,15.6,17.5,16.5,4.2,1.9,0.7,12.6,13.2,0,0.2,0.2,0.1,-3.5,0.6,-3,0
2006/2007,53135000,65516964.37,412718,Miami Heat,16,MIA,Florida,East,Southeast,44,38,0.537,94.6,95.5,-1.21,James Posey,SF,30,6392100,8069451,71,19,27,2.6,6.1,0.431,1.4,3.6,0.375,1.3,2.4,0.514,0.543,1.1,1.4,0.827,0.9,4.1,5,1.3,1,0.3,0.8,2.7,7.7,1919,12.7,0.579,0.6,0.227,4.2,17.5,11,7.7,2,0.9,10.4,13.1,2.6,2.6,5.2,0.13,0.7,1.1,1.8,1.8
2006/2007,53135000,65516964.37,412718,Sacramento Kings,26,SAC,California,West,Pacific,33,49,0.402,101.3,103.1,-1.35,Vitaly Potapenko,C,31,3674584,4638831,3,0,4.3,0,1.3,0,0,0,,0,1.3,0,0,0,0,,0,0.7,0.7,0,0,0,0.7,1,0,13,-22.1,0,0,0,0,18.4,9,0,0,0,33.3,20.7,-0.2,0,-0.1,-0.534,-23.9,-4.7,-28.6,-0.1
2006/2007,53135000,65516964.37,412718,Boston Celtics,2,BOS,Massachusetts,East,Atlantic,24,58,0.293,95.8,99.2,-3.7,Leon Powe,C,23,432000,545361,63,2,11.4,1.3,2.8,0.446,0,0,0,1.3,2.8,0.451,0.446,1.7,2.3,0.736,1.5,1.9,3.4,0.2,0.2,0.3,0.7,1.7,4.2,720,14.6,0.549,0.011,0.814,15.8,20.1,17.9,2.3,1,2.4,16.4,18.1,0.9,0.8,1.7,0.116,-2.6,-1.8,-4.4,-0.4
2006/2007,53135000,65516964.37,412718,#N/A,#N/A,TOT,#N/A,#N/A,#N/A,#N/A,#N/A,#N/A,#N/A,#N/A,#N/A,Josh Powell,PF,24,744551,939928,37,0,9.5,1.2,2.5,0.462,0,0,,1.2,2.5,0.462,0.462,0.8,1.1,0.714,0.6,1.7,2.4,0.6,0.1,0.3,0.8,1.6,3.1,353,9.6,0.52,0,0.452,7.4,20.5,13.8,8.7,0.7,2.6,20.6,17.1,-0.1,0.3,0.3,0.036,-5.2,0,-5.3,-0.3
2006/2007,53135000,65516964.37,412718,Indiana Pacers,12,IND,Indiana,East,Central,35,47,0.427,95.6,98,-2.62,Josh Powell,PF,24,744551,939928,7,0,9.1,0.3,2.1,0.133,0,0,,0.3,2.1,0.133,0.133,1.1,1.7,0.667,1,1.7,2.7,0.4,0,0,0.7,2.6,1.7,64,-1.3,0.296,0,0.8,12.4,22.1,17.2,6.7,0,0,19.8,17.7,-0.2,0.1,-0.1,-0.096,-9.2,-2,-11.1,-0.1
2006/2007,53135000,65516964.37,412718,Golden State Warriors,10,GSW,California,West,Pacific,42,40,0.512,106.5,106.9,0,Josh Powell,PF,24,744551,939928,30,0,9.6,1.4,2.6,0.526,0,0,,1.4,2.6,0.526,0.526,0.7,1,0.733,0.6,1.7,2.3,0.6,0.2,0.4,0.8,1.4,3.5,289,12,0.57,0,0.385,6.3,20.1,13.1,9.1,0.8,3.2,20.8,17,0.1,0.3,0.4,0.065,-4.4,0.4,-4,-0.1
2006/2007,53135000,65516964.37,412718,Utah Jazz,29,UTA,Utah,West,Northwest,51,31,0.622,101.5,98.6,3.06,Roger Powell,SF,24,412718,521019,3,0,4.3,0,1,0,0,0.3,0,0,0.7,0,0,0.7,0.7,1,1,0,1,0,0,0,1,0.7,0.7,13,-8.3,0.258,0.333,0.667,28.1,0,14,0,0,0,43.6,23.7,-0.1,0,-0.1,-0.327,-11.6,-6.8,-18.4,-0.1
2006/2007,53135000,65516964.37,412718,Sacramento Kings,26,SAC,California,West,Pacific,33,49,0.402,101.3,103.1,-1.35,Ronnie Price,PG,23,664209,838504,58,1,9.7,1.2,3,0.39,0.4,1.1,0.323,0.8,1.8,0.43,0.451,0.6,0.9,0.673,0.3,1,1.2,0.8,0.5,0.1,0.6,1.1,3.3,563,10.5,0.489,0.378,0.32,3.1,11.9,7.4,13.7,2.5,0.5,14.4,18.3,-0.1,0.5,0.4,0.035,-2.2,-0.8,-3,-0.1
2006/2007,53135000,65516964.37,412718,Detroit Pistons,9,DET,Michigan,East,Central,53,29,0.646,96,91.8,3.69,Tayshaun Prince,SF,26,7851240,9911484,82,82,36.6,5.6,12.2,0.46,1,2.6,0.386,4.6,9.6,0.48,0.501,2.1,2.7,0.768,1.8,3.5,5.2,2.8,0.6,0.7,1.2,1.4,14.3,3001,16,0.534,0.211,0.225,5.7,11.3,8.5,12.9,0.9,1.4,8.2,18.9,5.1,2.9,8,0.128,1.7,0.4,2,3
2006/2007,53135000,65516964.37,412718,Portland Trail Blazers,25,POR,Oregon,West,Northwest,32,50,0.39,94.1,98.4,-3.78,Joel Przybilla,C,27,5215000,6583468,43,43,16.3,0.9,1.8,0.474,0,0,,0.9,1.8,0.474,0.474,0.2,0.6,0.37,1.4,2.5,3.9,0.3,0.2,1.6,0.9,2.9,2,701,7.4,0.467,0,0.346,10.3,19.7,14.9,2.6,0.8,7.6,30.8,8.7,-0.5,0.8,0.3,0.02,-5,3.9,-1,0.2
2006/2007,53135000,65516964.37,412718,Miami Heat,16,MIA,Florida,East,Southeast,44,38,0.537,94.6,95.5,-1.21,Chris Quinn,PG,23,412718,521019,42,1,9.7,1.1,3.1,0.366,0.5,1.4,0.351,0.7,1.8,0.378,0.443,0.6,0.9,0.676,0.1,0.6,0.7,1.5,0.4,0,0.5,0.8,3.4,408,12.3,0.479,0.435,0.282,1.8,6.8,4.3,25.8,2,0,12.5,19.6,0.3,0.3,0.6,0.07,-1,-2.9,-3.9,-0.2
2006/2007,53135000,65516964.37,412718,Los Angeles Lakers,14,LAL,California,West,Pacific,42,40,0.512,103.3,103.4,0.24,Vladimir Radmanovic,PF,26,5215000,6583468,55,15,17.9,2.4,5.7,0.424,0.7,2.1,0.339,1.7,3.6,0.475,0.487,1,1.3,0.726,1,2.3,3.3,1.2,0.5,0.3,1.3,2.3,6.6,986,11,0.518,0.373,0.231,6.3,15,10.7,10.5,1.3,1.4,16.5,19,0.1,0.7,0.8,0.04,-1.7,-1.2,-2.9,-0.2
2006/2007,53135000,65516964.37,412718,Philadelphia 76ers,23,PHI,Pennsylvania,East,Atlantic,35,47,0.427,94.9,98,-3.26,Shavlik Randolph,PF,23,1000000,1262410,13,6,13.8,1.8,3.7,0.479,0,0,,1.8,3.7,0.479,0.479,0.9,1.7,0.545,1.5,2.7,4.2,0.3,0.5,0.8,0.7,1.8,4.5,179,15.3,0.503,0,0.458,12.8,23.4,18.1,3.7,2.1,4.3,13.5,17.2,0.1,0.3,0.4,0.102,-3.3,1.3,-2,0
2006/2007,53135000,65516964.37,412718,Portland Trail Blazers,25,POR,Oregon,West,Northwest,32,50,0.39,94.1,98.4,-3.78,Zach Randolph,PF,25,12000000,15148920,68,67,35.7,8.8,18.9,0.467,0.2,0.7,0.292,8.6,18.2,0.473,0.472,5.8,7.1,0.819,2.9,7.2,10.1,2.2,0.8,0.2,3.2,2.7,23.6,2425,22.8,0.537,0.037,0.374,10,25.6,17.6,12.8,1.2,0.5,12.6,33.1,3.8,1.9,5.7,0.112,1.3,-1.4,-0.1,1.1
2006/2007,53135000,65516964.37,412718,Boston Celtics,2,BOS,Massachusetts,East,Atlantic,24,58,0.293,95.8,99.2,-3.7,Theo Ratliff,C,33,11666666,14728116,2,2,22,0.5,1.5,0.333,0,0,,0.5,1.5,0.333,0.333,1.5,2,0.75,1,2.5,3.5,0,0.5,1.5,0.5,3,2.5,44,6.7,0.525,0,1.333,5.3,13.9,9.5,0,1.2,5.3,17.4,5.9,0,0.1,0.1,0.073,-5.6,1.2,-4.4,0
2006/2007,53135000,65516964.37,412718,Boston Celtics,2,BOS,Massachusetts,East,Atlantic,24,58,0.293,95.8,99.2,-3.7,Allan Ray,SG,22,412718,521019,47,5,15.1,2.1,5.5,0.386,1,2.5,0.414,1.1,3,0.364,0.479,0.9,1.2,0.764,0.4,1.1,1.5,0.9,0.4,0.1,0.9,1.8,6.2,710,10,0.512,0.448,0.212,3,8.8,5.8,10.5,1.5,0.3,12.9,20.8,0.1,0.5,0.6,0.039,-1,-2.5,-3.5,-0.3
2006/2007,53135000,65516964.37,412718,Milwaukee Bucks,17,MIL,Wisconsin,East,Central,28,54,0.341,99.7,104,-4.43,Michael Redd,SF,27,13260000,16739557,53,53,38.4,9,19.3,0.465,2.2,5.8,0.382,6.8,13.6,0.501,0.522,6.5,7.8,0.829,0.8,2.9,3.7,2.3,1.2,0.2,2.3,1.5,26.7,2036,22.3,0.586,0.299,0.406,2.4,9,5.7,11,1.6,0.3,9.2,29.5,5.8,0.3,6.1,0.145,4.2,-3.6,0.5,1.3
2006/2007,53135000,65516964.37,412718,Orlando Magic,22,ORL,Florida,East,Southeast,40,42,0.488,94.8,94,0.35,JJ Redick,PG,22,1860720,2348991,42,0,14.8,1.9,4.6,0.41,0.9,2.3,0.388,1,2.3,0.433,0.508,1.3,1.4,0.9,0.2,1,1.2,0.9,0.3,0,0.5,1.2,6,622,13,0.569,0.503,0.308,2,8.1,5.2,9.7,1,0,8.7,18.1,1.2,0.5,1.7,0.134,1.3,-2.6,-1.4,0.1
2006/2007,53135000,65516964.37,412718,Minnesota Timberwolves,18,MIN,Minnesota,West,Northwest,32,50,0.39,96.1,99.7,-3.16,Justin Reed,PF,25,1300000,1641133,41,3,7.8,1,2.6,0.374,0,0,,1,2.6,0.374,0.374,0.6,0.7,0.867,0.4,0.8,1.1,0.4,0.1,0.1,0.5,1.1,2.6,318,6.3,0.441,0,0.28,5.8,11.4,8.7,8.6,0.8,0.7,15.5,20.8,-0.4,0.2,-0.2,-0.037,-6.3,-2.3,-8.6,-0.5
2006/2007,53135000,65516964.37,412718,Milwaukee Bucks,17,MIL,Wisconsin,East,Central,28,54,0.341,99.7,104,-4.43,Jared Reiner,C,24,396905,501056,27,2,9,0.6,1.6,0.349,0,0,,0.6,1.6,0.349,0.349,0.1,0.4,0.3,0.8,1.9,2.6,0.5,0.2,0.2,0.5,1.7,1.2,244,4.8,0.348,0,0.233,10,24.4,17.1,7.4,1.1,1.9,22.8,11.4,-0.3,0.2,-0.1,-0.027,-6.4,0.5,-5.9,-0.2
2006/2007,53135000,65516964.37,412718,Golden State Warriors,10,GSW,California,West,Pacific,42,40,0.512,106.5,106.9,0,Jason Richardson,SG,26,9999999,12624099,51,49,32.8,6,14.4,0.417,2.2,5.9,0.365,3.8,8.5,0.453,0.492,1.8,2.7,0.657,1.4,3.7,5.1,3.4,1.1,0.6,1.6,2.5,16,1675,15.5,0.512,0.41,0.191,4.6,12.6,8.5,16,1.6,1.4,9.3,22.3,1.7,1.3,3,0.085,1.4,-0.6,0.8,1.2
2006/2007,53135000,65516964.37,412718,#N/A,#N/A,TOT,#N/A,#N/A,#N/A,#N/A,#N/A,#N/A,#N/A,#N/A,#N/A,Jeremy Richardson,SG-SF,22,176161,222387,6,0,3.3,0.5,1,0.5,0.3,0.5,0.667,0.2,0.5,0.333,0.667,0,0,,0.2,0.2,0.3,0,0.2,0,0.2,0.3,1.3,20,13.8,0.667,0.5,0,5.9,6.1,6,0,2.7,0,14.3,16.1,0,0,0,0.099,0,-4.3,-4.3,0
2006/2007,53135000,65516964.37,412718,Atlanta Hawks,1,ATL,Georgia,East,Southeast,30,52,0.366,93.7,98.4,-4.86,Jeremy Richardson,SG,22,176161,222387,5,0,3.8,0.6,1.2,0.5,0.4,0.6,0.667,0.2,0.6,0.333,0.667,0,0,,0.2,0.2,0.4,0,0.2,0,0.2,0.4,1.6,19,14.5,0.667,0.5,0,6.3,6.4,6.3,0,2.8,0,14.3,16.9,0,0,0,0.105,0.3,-4.6,-4.2,0
2006/2007,53135000,65516964.37,412718,Portland Trail Blazers,25,POR,Oregon,West,Northwest,32,50,0.39,94.1,98.4,-3.78,Jeremy Richardson,SF,22,176161,222387,1,0,1,0,0,,0,0,,0,0,,,0,0,,0,0,0,0,0,0,0,0,0,1,0,,,,0,0,0,0,0,0,,0,0,0,0,-0.021,-5.7,-0.2,-5.8,0
2006/2007,53135000,65516964.37,412718,New York Knicks,20,NYK,New York,East,Atlantic,33,49,0.402,97.5,100.3,-3.06,Quentin Richardson,SF,26,7525500,9500266,49,47,33.1,4.7,11.1,0.418,2,5.3,0.376,2.7,5.9,0.456,0.507,1.7,2.4,0.692,1.3,5.9,7.2,2.2,0.7,0.1,1.4,2.7,13,1621,14.3,0.532,0.473,0.22,4.8,20.8,12.9,11.4,1.2,0.3,10.5,18.7,2.2,1.3,3.5,0.104,1.3,-0.4,0.9,1.2
2006/2007,53135000,65516964.37,412718,Seattle SuperSonics,21,SEA,Washington,West,Northwest,31,51,0.378,99.1,102,-2.45,Luke Ridnour,PG,25,2425878,3062452,71,58,29.5,4.2,9.8,0.433,0.7,2,0.353,3.5,7.8,0.453,0.468,1.8,2.2,0.805,0.4,1.9,2.3,5.2,1.2,0.3,2.2,2.5,11,2091,13.7,0.509,0.2,0.229,1.6,7.9,4.7,28.2,2.1,0.7,16.9,20,1.4,0.8,2.3,0.052,-0.2,-1.6,-1.8,0.1
2006/2007,53135000,65516964.37,412718,Golden State Warriors,10,GSW,California,West,Pacific,42,40,0.512,106.5,106.9,0,Anthony Roberson,PG,23,267111,337203,20,1,11.4,2.2,5.2,0.423,1.1,2.8,0.382,1.2,2.5,0.469,0.524,0.1,0.2,0.667,0.1,1,1.1,0.5,0.6,0,0.7,1.4,5.6,227,11.4,0.527,0.529,0.029,0.9,9.4,5.1,7,2.6,0,11,22.2,0,0.2,0.1,0.031,-1.2,-2.9,-4.1,-0.1
2006/2007,53135000,65516964.37,412718,Memphis Grizzlies,15,MEM,Tennessee,West,Southwest,22,60,0.268,101.6,106.7,-4.44,Lawrence Roberts,PF,24,664209,838504,54,18,17.9,1.7,3.9,0.452,0,0,0,1.7,3.8,0.456,0.452,1.8,2.4,0.725,1.9,3,4.8,0.6,0.7,0.2,0.7,2.5,5.2,969,13.4,0.533,0.01,0.63,12.4,19.8,16.1,4.7,1.9,1,11.9,14.1,1.4,0.6,2,0.099,-0.9,-0.6,-1.4,0.1
2006/2007,53135000,65516964.37,412718,#N/A,#N/A,TOT,#N/A,#N/A,#N/A,#N/A,#N/A,#N/A,#N/A,#N/A,#N/A,Bernard Robinson,SG-SF,26,1000000,1262410,31,0,9,0.6,2,0.306,0,0.1,0,0.6,1.9,0.317,0.306,0.7,0.9,0.852,0.3,1.2,1.5,0.6,0.5,0.1,0.5,1,2,278,7.6,0.413,0.032,0.435,4.1,16.6,10.2,10.2,3.2,0.6,17.8,14.7,-0.3,0.4,0.1,0.01,-5.7,1.6,-4.1,-0.1
2006/2007,53135000,65516964.37,412718,Charlotte Bobcats,4,CHA,North Carolina,East,Southeast,33,49,0.402,96.9,100.6,-3.97,Bernard Robinson,SG,26,1000000,1262410,21,0,11.5,0.8,2.6,0.296,0,0.1,0,0.8,2.5,0.308,0.296,0.9,1,0.864,0.4,1.6,2,0.8,0.6,0,0.8,1.3,2.4,241,6.3,0.4,0.037,0.407,4.3,16.7,10.3,10.5,2.8,0.3,20.1,15,-0.4,0.3,-0.1,-0.016,-6.2,1.2,-5,-0.2
2006/2007,53135000,65516964.37,412718,New Jersey Nets,3,NJN,New Jersey,East,Atlantic,41,41,0.5,97.6,98.3,-1,Bernard Robinson,SF,26,1000000,1262410,10,0,3.7,0.3,0.8,0.375,0,0,,0.3,0.8,0.375,0.375,0.4,0.5,0.8,0.1,0.5,0.6,0.2,0.4,0.1,0,0.4,1,37,16.2,0.49,0,0.625,3.2,15.8,9.6,8.3,5.7,2.1,0,12.8,0.1,0.1,0.1,0.181,-2.4,4.1,1.7,0
2006/2007,53135000,65516964.37,412718,New Jersey Nets,3,NJN,New Jersey,East,Atlantic,41,41,0.5,97.6,98.3,-1,Clifford Robinson,C,40,1600000,2019856,50,1,19.1,1.6,4.4,0.372,0.5,1.3,0.379,1.1,3,0.368,0.429,0.3,0.7,0.444,0.6,1.8,2.4,1,0.2,0.5,0.6,2,4.1,955,5.9,0.434,0.303,0.165,3.9,11.2,7.5,8.2,0.7,1.9,11.4,12.9,-0.5,0.8,0.3,0.013,-4.3,0.1,-4.2,-0.5
2006/2007,53135000,65516964.37,412718,New York Knicks,20,NYK,New York,East,Atlantic,33,49,0.402,97.5,100.3,-3.06,Nate Robinson,PG,22,1185480,1496561,64,5,21.2,3.5,8.2,0.434,1.3,3.3,0.39,2.3,4.8,0.465,0.513,1.7,2.2,0.777,0.9,1.5,2.4,1.4,0.8,0.1,1.1,2.5,10.1,1356,15.2,0.552,0.407,0.266,4.9,8.4,6.7,11.9,2,0.4,11,22,2.4,0.8,3.2,0.114,2.1,-1.9,0.2,0.7
2006/2007,53135000,65516964.37,412718,Portland Trail Blazers,25,POR,Oregon,West,Northwest,32,50,0.39,94.1,98.4,-3.78,Sergio Rodriguez,PG,20,912000,1151317,67,1,12.9,1.5,3.6,0.423,0.4,1.3,0.282,1.1,2.3,0.5,0.473,0.3,0.4,0.808,0.3,1.1,1.4,3.3,0.5,0,1.1,1.1,3.7,862,14.1,0.493,0.356,0.109,2.8,10.4,6.6,41.9,2.2,0.2,23.5,17.8,0.5,0.4,0.9,0.05,-0.3,-2.6,-2.8,-0.2
2006/2007,53135000,65516964.37,412718,Boston Celtics,2,BOS,Massachusetts,East,Atlantic,24,58,0.293,95.8,99.2,-3.7,Rajon Rondo,PG,20,1143600,1443692,78,25,23.5,2.4,5.8,0.418,0.1,0.4,0.207,2.3,5.4,0.432,0.424,1.5,2.4,0.647,0.9,2.8,3.7,3.8,1.6,0.1,1.8,2.3,6.4,1831,13.1,0.472,0.064,0.409,4.7,14.6,9.5,26.3,3.6,0.3,20.5,16.5,-0.1,2.6,2.4,0.064,-1.5,2,0.4,1.1
2006/2007,53135000,65516964.37,412718,Phoenix Suns,24,PHO,Arizona,West,Pacific,61,21,0.744,110.2,102.9,7.28,Jalen Rose,SF,34,16141500,20377191,29,0,8.5,1.3,3,0.442,0.7,1.6,0.447,0.6,1.3,0.436,0.564,0.4,0.4,0.917,0.1,0.7,0.8,0.6,0.2,0.1,0.3,0.8,3.7,246,13.4,0.592,0.547,0.14,1.5,9,5.4,9.3,1,0.6,9,18.3,0.4,0.2,0.6,0.111,1.1,-2.2,-1.1,0.1
2006/2007,53135000,65516964.37,412718,New York Knicks,20,NYK,New York,East,Atlantic,33,49,0.402,97.5,100.3,-3.06,Malik Rose,PF,32,7525397,9500136,65,2,12.5,1.1,2.9,0.398,0,0.1,0.25,1.1,2.7,0.404,0.403,0.6,0.8,0.808,0.7,2,2.7,1,0.4,0.1,1,1.8,3,810,7.7,0.46,0.043,0.28,7,18.6,12.8,12.7,1.7,0.9,23.7,15.3,-0.6,0.8,0.1,0.007,-4.4,0.8,-3.6,-0.3
2006/2007,53135000,65516964.37,412718,Los Angeles Clippers,13,LAC,California,West,Pacific,40,42,0.488,95.6,96.1,-0.07,Quinton Ross,SG,25,771331,973736,81,43,21,2.2,4.7,0.467,0,0.1,0.2,2.2,4.6,0.474,0.47,0.8,1.1,0.782,0.7,1.6,2.3,1.1,0.9,0.4,0.4,2.2,5.2,1700,10.5,0.508,0.026,0.23,4.3,9.1,6.7,8.1,2.2,1.5,7.3,12.2,1.4,1.8,3.2,0.09,-1.8,0.9,-0.9,0.5
2006/2007,53135000,65516964.37,412718,Portland Trail Blazers,25,POR,Oregon,West,Northwest,32,50,0.39,94.1,98.4,-3.78,Brandon Roy,SG,22,2681880,3385632,57,55,35.4,6.1,13.4,0.456,1,2.6,0.377,5.2,10.9,0.475,0.492,3.5,4.2,0.838,1,3.4,4.4,4,1.2,0.2,2,2.4,16.8,2015,18,0.548,0.191,0.315,3.5,12.1,7.7,20.9,1.8,0.4,11.8,23,3.8,1,4.8,0.114,2.8,-0.7,2.1,2.1
2006/2007,53135000,65516964.37,412718,Washington Wizards,30,WAS,Washington DC,East,Southeast,41,41,0.5,104.3,104.9,-0.8,Michael Ruffin,PF,30,1803600,2276882,30,0,9,0.2,0.6,0.278,0,0,,0.2,0.6,0.278,0.278,0.2,0.6,0.368,1.2,0.9,2.1,0.2,0.2,0.3,0.4,1.4,0.6,271,4.4,0.322,0,1.056,14.4,11.8,13.1,2.9,1.1,2.3,31.3,6.2,-0.1,0.1,0,0.002,-3.9,0.6,-3.3,-0.1
2006/2007,53135000,65516964.37,412718,Sacramento Kings,26,SAC,California,West,Pacific,33,49,0.402,101.3,103.1,-1.35,John Salmons,SG,27,4400000,5554604,79,19,27,3,6.5,0.456,0.5,1.4,0.357,2.5,5.1,0.484,0.495,2,2.6,0.779,0.6,2.7,3.3,3.2,0.9,0.3,1.5,2.2,8.5,2135,12.7,0.553,0.217,0.395,2.5,12.2,7.3,18.8,1.7,1,16.4,15.3,2,1.6,3.6,0.081,-0.7,0.3,-0.4,0.9
2006/2007,53135000,65516964.37,412718,Denver Nuggets,8,DEN,Colorado,West,Northwest,45,37,0.549,105.4,103.7,1.69,Jamal Sampson,C,23,771331,973736,22,3,5.7,0.4,0.6,0.643,0,0,0,0.4,0.6,0.692,0.643,0.3,0.6,0.429,0.7,1.5,2.2,0.2,0.1,0.3,0.5,0.8,1.1,125,11.3,0.595,0.071,1,13.7,29.3,21.6,5.5,0.8,4,33.2,10.3,0,0.2,0.2,0.083,-4.1,2.1,-1.9,0
2006/2007,53135000,65516964.37,412718,Boston Celtics,2,BOS,Massachusetts,East,Atlantic,24,58,0.293,95.8,99.2,-3.7,Brian Scalabrine,PF,28,2793103,3526041,54,17,19,1.4,3.5,0.403,0.8,2,0.4,0.6,1.5,0.407,0.518,0.3,0.4,0.783,0.4,1.5,1.9,1.1,0.4,0.3,0.8,2.4,4,1027,6.6,0.537,0.576,0.12,2.7,9.7,6.1,8.9,1.2,1.4,18,10.8,0.2,0.7,0.9,0.043,-1.8,0.1,-1.7,0.1
2006/2007,53135000,65516964.37,412718,Portland Trail Blazers,25,POR,Oregon,West,Northwest,32,50,0.39,94.1,98.4,-3.78,Luke Schenscher,C,24,55000,69432,11,0,10.7,0.6,2.1,0.304,0,0,,0.6,2.1,0.304,0.304,0.5,0.6,0.714,0.9,1.4,2.3,0.1,0.2,0.4,0.4,2.3,1.7,118,3.9,0.364,0,0.304,10.3,16.1,13.2,1.3,0.9,2.7,13.3,12,-0.1,0.1,0,-0.013,-5.9,-0.8,-6.8,-0.1
2006/2007,53135000,65516964.37,412718,Chicago Bulls,5,CHI,Illinois,East,Central,49,33,0.598,98.8,93.8,4.52,Thabo Sefolosha,SG,22,1679280,2119939,71,4,12.2,1.5,3.6,0.426,0.2,0.6,0.357,1.3,3,0.439,0.455,0.3,0.6,0.511,0.5,1.7,2.2,0.8,0.5,0.2,0.8,1.4,3.6,868,8.5,0.464,0.164,0.176,4.6,15.4,10.1,10.7,1.9,1,17.9,17.2,-0.8,1.7,0.8,0.047,-4.5,1.6,-2.9,-0.2
2006/2007,53135000,65516964.37,412718,Seattle SuperSonics,21,SEA,Washington,West,Northwest,31,51,0.378,99.1,102,-2.45,Mouhamed Sene,C,20,1958640,2457701.472,28,3,6,0.6,1.8,0.367,0,0,,0.6,1.8,0.367,0.367,0.6,1,0.586,0.6,1,1.6,0,0.1,0.4,0.4,1.2,1.9,169,8.5,0.429,0,0.592,11.3,20.8,16,0,0.9,5.5,15.1,19.5,-0.2,0.2,0,-0.011,-8.5,-3.4,-11.9,-0.4
2006/2007,53135000,65516964.37,412718,Miami Heat,16,MIA,Florida,East,Southeast,44,38,0.537,94.6,95.5,-1.21,Wayne Simien,PF,23,932760,1177525,8,0,11.6,1.1,2.9,0.391,0,0,,1.1,2.9,0.391,0.391,0.6,0.9,0.714,0.6,0.8,1.4,0.5,0.3,0,0.4,1.6,2.9,93,6.3,0.441,0,0.304,6.5,7.4,7,6.7,1.1,0,10.3,14.8,0,0.1,0,0.025,-4.5,-1.6,-6.1,-0.1
2006/2007,53135000,65516964.37,412718,New Orleans/Oklahoma City Hornets,19,NOK,Oklahoma,West,Southwest,39,43,0.476,95.5,97.1,-1.19,Cedric Simmons,PF,21,1515480,1913157,43,4,12.4,1.3,3.1,0.417,0,0,,1.3,3.1,0.417,0.417,0.4,0.8,0.485,1,1.5,2.5,0.3,0.2,0.5,0.5,1.7,2.9,534,8,0.43,0,0.25,9.3,13.9,11.6,3.5,0.8,3.4,13.1,14.4,-0.3,0.5,0.3,0.025,-4.8,0.6,-4.2,-0.3
2006/2007,53135000,65516964.37,412718,Los Angeles Clippers,13,LAC,California,West,Pacific,40,42,0.488,95.6,96.1,-0.07,James Singleton,PF,25,675000,852126,53,0,7.1,0.6,1.5,0.366,0.1,0.3,0.214,0.5,1.3,0.397,0.384,0.4,0.5,0.759,0.7,1.3,2,0.3,0.3,0.3,0.3,0.8,1.6,376,11.9,0.449,0.171,0.354,11.6,22.1,16.9,7,2.1,3.5,15.2,13.7,0,0.6,0.7,0.083,-3.5,1.8,-1.7,0
2006/2007,53135000,65516964.37,412718,Milwaukee Bucks,17,MIL,Wisconsin,East,Central,28,54,0.341,99.7,104,-4.43,Brian Skinner,PF,30,5400000,6817014,67,44,22.7,1.9,3.8,0.49,0,0,,1.9,3.8,0.49,0.49,0.7,1.2,0.582,1.6,4.2,5.7,0.9,0.3,1,1.1,2.9,4.4,1523,8.9,0.511,0,0.312,8.1,21.8,14.9,5.4,0.6,3.2,20.7,10.8,0.1,1,1.1,0.035,-3.9,1,-2.8,-0.3
2006/2007,53135000,65516964.37,412718,Toronto Raptors,28,TOR,Ontario,East,Atlantic,47,35,0.573,99.5,98.5,0.61,Uros Slokar,C,23,412718,521019,20,0,3.6,0.7,1.3,0.538,0.1,0.1,0.5,0.7,1.2,0.542,0.558,0.5,0.7,0.692,0.4,0.4,0.7,0.1,0.1,0.1,0.5,0.6,1.9,72,13.9,0.599,0.077,0.5,11.3,11.5,11.4,2.4,0.7,2.2,22.1,26.2,0,0.1,0.1,0.042,-3.9,-3.1,-7,-0.1
2006/2007,53135000,65516964.37,412718,Minnesota Timberwolves,18,MIN,Minnesota,West,Northwest,32,50,0.39,96.1,99.7,-3.16,Craig Smith,PF,23,412718,521019,82,5,18.7,3,5.6,0.531,0,0.1,0,3,5.6,0.538,0.531,1.4,2.3,0.624,1.8,3.3,5.1,0.6,0.6,0.2,0.9,2.7,7.4,1537,15.7,0.558,0.013,0.402,11.9,20.3,16.2,5.4,1.8,0.9,12,18.7,2.1,1.7,3.9,0.121,-1,-0.6,-1.7,0.1
2006/2007,53135000,65516964.37,412718,Denver Nuggets,8,DEN,Colorado,West,Northwest,45,37,0.549,105.4,103.7,1.69,JR Smith,SG,21,1387560,1751669,63,24,23.3,4.5,10.2,0.441,2.4,6.1,0.39,2.1,4.2,0.515,0.557,1.6,2,0.81,0.5,1.8,2.3,1.4,0.8,0.1,1.3,2.3,13,1471,15.6,0.585,0.593,0.196,2.3,8.5,5.5,10.2,1.6,0.4,10.8,22.8,2.5,1.1,3.7,0.12,3,-2.4,0.6,1
2006/2007,53135000,65516964.37,412718,#N/A,#N/A,TOT,#N/A,#N/A,#N/A,#N/A,#N/A,#N/A,#N/A,#N/A,#N/A,Joe Smith,PF,31,6807000,8593225,65,11,23.1,3.3,7.3,0.449,0,0.1,0,3.3,7.3,0.453,0.449,1.9,2.3,0.845,1.8,4.3,6.2,0.8,0.6,0.4,1.2,2.3,8.5,1503,13.9,0.51,0.01,0.31,9.6,22.1,15.9,5.4,1.3,1.4,12.3,18.9,1,1.8,2.8,0.088,-2.6,-0.3,-2.9,-0.3
2006/2007,53135000,65516964.37,412718,Denver Nuggets,8,DEN,Colorado,West,Northwest,45,37,0.549,105.4,103.7,1.69,Joe Smith,PF,31,6807000,8593225,11,0,13.5,2.1,4.4,0.479,0,0.1,0,2.1,4.3,0.489,0.479,0.9,1.1,0.833,1.2,2.5,3.6,0.3,0.5,0.6,1.2,2.1,5.1,148,12.4,0.526,0.021,0.25,10,20.2,15.2,3.1,2,3.4,19.6,19.2,0,0.2,0.2,0.06,-4.8,0.5,-4.3,-0.1
2006/2007,53135000,65516964.37,412718,Philadelphia 76ers,23,PHI,Pennsylvania,East,Atlantic,35,47,0.427,94.9,98,-3.26,Joe Smith,PF,31,6807000,8593225,54,11,25.1,3.5,7.9,0.445,0,0.1,0,3.5,7.9,0.449,0.445,2.1,2.5,0.846,2,4.7,6.7,0.9,0.6,0.4,1.2,2.3,9.2,1355,14.1,0.508,0.009,0.317,9.5,22.3,15.9,5.7,1.2,1.1,11.4,18.8,1,1.5,2.6,0.091,-2.3,-0.4,-2.7,-0.3
2006/2007,53135000,65516964.37,412718,Atlanta Hawks,1,ATL,Georgia,East,Southeast,30,52,0.366,93.7,98.4,-4.86,Josh Smith,SF,21,1460640,1843926,72,72,36.8,6.1,13.8,0.439,0.5,2.1,0.25,5.5,11.7,0.473,0.458,3.7,5.4,0.693,2.3,6.3,8.6,3.3,1.4,2.9,3.2,3.3,16.4,2647,18.3,0.506,0.153,0.39,7.4,21,14.1,16.3,2,6.1,16.3,24.1,0.4,4,4.4,0.079,-0.6,3.6,3,3.4
2006/2007,53135000,65516964.37,412718,Philadelphia 76ers,23,PHI,Pennsylvania,East,Atlantic,35,47,0.427,94.9,98,-3.26,Steven Smith,PF,23,161061,203325,8,0,3.5,0.3,1,0.25,0,0,,0.3,1,0.25,0.25,0.1,0.3,0.5,0.1,0.6,0.8,0,0.1,0,0.3,0.5,0.6,28,-1.8,0.282,0,0.25,4.3,21.4,12.9,0,1.9,0,18.4,18,-0.1,0,-0.1,-0.154,-13.2,-4,-17.2,-0.1
2006/2007,53135000,65516964.37,412718,Cleveland Cavaliers,6,CLE,Ohio,East,Central,50,32,0.61,96.8,92.9,3.33,Eric Snow,PG,33,6093750,7692811,82,45,23.5,1.6,4,0.417,0,0,0,1.6,3.9,0.422,0.417,0.9,1.4,0.637,0.4,1.9,2.3,4,0.7,0.2,1.4,2.3,4.2,1929,8.6,0.458,0.012,0.349,2.1,9.5,5.7,25.2,1.5,0.6,22.9,11.4,0.2,2.6,2.8,0.069,-3.8,0.8,-3,-0.5
2006/2007,53135000,65516964.37,412718,Houston Rockets,11,HOU,Texas,West,Southwest,52,30,0.634,97,92.1,5.04,Kirk Snyder,SF,23,1537440,1940879,39,1,14.4,1.7,3.7,0.452,0.3,1.1,0.25,1.4,2.6,0.539,0.49,1.3,1.9,0.653,0.4,1.7,2.1,1,0.3,0.3,0.7,1.3,4.9,563,12.2,0.536,0.301,0.514,3.5,13.4,8.5,11.3,1,1.6,12.7,17,0.5,0.9,1.4,0.117,-2.3,0.8,-1.5,0.1
2006/2007,53135000,65516964.37,412718,Washington Wizards,30,WAS,Washington DC,East,Southeast,41,41,0.5,104.3,104.9,-0.8,Darius Songaila,PF,28,3650000,4607796,37,1,18.9,3.2,6.1,0.524,0,0.1,0,3.2,6,0.529,0.524,1.2,1.5,0.852,1.2,2.4,3.6,1,0.5,0.3,1.2,2.8,7.6,700,13.6,0.567,0.009,0.24,7,15.2,11,9,1.2,1.1,14.7,18.3,0.8,0.3,1.1,0.078,-1.3,-1.4,-2.7,-0.1
2006/2007,53135000,65516964.37,412718,Toronto Raptors,28,TOR,Ontario,East,Atlantic,47,35,0.573,99.5,98.5,0.61,Pape Sow,C,25,744551,939928,7,0,4.9,0.4,1.3,0.333,0,0,,0.4,1.3,0.333,0.333,0.6,0.9,0.667,0.9,0.7,1.6,0.3,0.1,0.1,0.1,0.3,1.4,34,16.4,0.43,0,0.667,20.5,17.5,19,8.7,1.5,2.3,7.9,17.2,0,0,0.1,0.128,-1.2,0.6,-0.5,0
2006/2007,53135000,65516964.37,412718,Houston Rockets,11,HOU,Texas,West,Southwest,52,30,0.634,97,92.1,5.04,Vassilis Spanoulis,SG,24,1800000,2272338,31,0,8.8,0.7,2.3,0.319,0.2,0.9,0.172,0.6,1.4,0.419,0.354,1.1,1.4,0.81,0.2,0.5,0.7,0.9,0.2,0,0.9,1.1,2.7,272,5.4,0.47,0.403,0.583,2.1,7.1,4.7,15.9,1.4,0.3,24.3,20.5,-0.4,0.4,-0.1,-0.01,-5.8,-1,-6.7,-0.3
2006/2007,53135000,65516964.37,412718,Dallas Mavericks,7,DAL,Texas,West,Southwest,67,15,0.817,100,92.8,7.28,Jerry Stackhouse,SF,32,9296874,11736467,67,8,24.1,4.2,9.8,0.428,0.9,2.4,0.383,3.3,7.3,0.443,0.476,2.7,3.2,0.847,0.6,1.6,2.2,2.8,0.8,0.1,1.7,1.2,12,1615,16.8,0.537,0.248,0.329,3,7.7,5.4,19.7,1.7,0.5,13.5,25,2.3,1.8,4.1,0.122,1.2,-1.1,0.1,0.8
2006/2007,53135000,65516964.37,412718,Washington Wizards,30,WAS,Washington DC,East,Southeast,41,41,0.5,104.3,104.9,-0.8,DeShawn Stevenson,SG,25,932015,1176585,82,82,29.5,4.2,9.2,0.461,0.9,2.2,0.404,3.3,7,0.479,0.51,1.9,2.6,0.704,0.7,2,2.6,2.7,0.8,0.2,1.5,1.9,11.2,2419,12.9,0.542,0.243,0.287,2.5,7.9,5.1,14.3,1.4,0.6,12.3,17.6,2.7,0.3,3.1,0.061,0.2,-1.9,-1.7,0.2
2006/2007,53135000,65516964.37,412718,New Orleans/Oklahoma City Hornets,19,NOK,Oklahoma,West,Southwest,39,43,0.476,95.5,97.1,-1.19,Predrag Stojakovic,SF,29,10800000,13634028,13,13,32.7,6.4,15.1,0.423,2.6,6.5,0.405,3.8,8.6,0.438,0.51,2.4,2.9,0.816,0.8,3.3,4.2,0.8,0.6,0.3,1.5,2.2,17.8,425,15.8,0.543,0.429,0.194,2.9,12,7.3,4.7,1,0.7,8.2,24.9,0.6,0.3,0.9,0.1,1.1,-3,-1.9,0
2006/2007,53135000,65516964.37,412718,Memphis Grizzlies,15,MEM,Tennessee,West,Southwest,22,60,0.268,101.6,106.7,-4.44,Damon Stoudamire,PG,33,4050000,5112760,62,51,24.2,2.8,7,0.391,1,2.8,0.337,1.8,4.2,0.427,0.459,1.1,1.3,0.795,0.5,1.7,2.2,4.8,0.8,0,1.6,1.5,7.5,1501,12.6,0.493,0.4,0.19,2.5,8.6,5.5,31.3,1.6,0.1,17.6,17.3,1.1,0.1,1.1,0.036,0.3,-2.9,-2.6,-0.2
2006/2007,53135000,65516964.37,412718,Atlanta Hawks,1,ATL,Georgia,East,Southeast,30,52,0.366,93.7,98.4,-4.86,Salim Stoudamire,SG,24,729000,920296,61,0,17,2.9,7,0.416,0.9,2.5,0.361,2,4.4,0.448,0.482,1,1.1,0.897,0.1,1.1,1.2,1,0.3,0,0.9,1.4,7.7,1034,11.4,0.518,0.365,0.16,0.7,8,4.3,10.9,1.1,0.2,10.8,22.7,0.5,0.3,0.8,0.036,-1.2,-4.2,-5.4,-0.9
2006/2007,53135000,65516964.37,412718,Phoenix Suns,24,PHO,Arizona,West,Pacific,61,21,0.744,110.2,102.9,7.28,Amare Stoudemire,C,24,12455000,15723317,82,78,32.8,7.4,12.9,0.575,0,0,0,7.4,12.8,0.577,0.575,5.6,7.1,0.781,2.7,6.9,9.6,1,1,1.3,2.8,3.6,20.4,2689,23.1,0.637,0.003,0.555,10.1,23.3,17,5,1.5,2.9,15,25.8,7.2,4,11.2,0.201,0.9,0.7,1.6,2.4
2006/2007,53135000,65516964.37,412718,Chicago Bulls,5,CHI,Illinois,East,Central,49,33,0.598,98.8,93.8,4.52,Mike Sweetney,C,24,2696956,3404664,48,0,8,1.2,2.8,0.433,0,0,,1.2,2.8,0.433,0.433,0.8,1.4,0.561,0.9,1.6,2.5,0.6,0.2,0.2,0.9,1.6,3.2,385,10.9,0.469,0,0.493,13.4,22.1,17.8,11.7,1.2,2.2,20.5,23.7,-0.4,0.8,0.4,0.049,-4.9,1.3,-3.5,-0.2
2006/2007,53135000,65516964.37,412718,Memphis Grizzlies,15,MEM,Tennessee,West,Southwest,22,60,0.268,101.6,106.7,-4.44,Stromile Swift,C,27,5400000,6817014,54,18,19.1,3,6.4,0.465,0,0.1,0,3,6.3,0.472,0.465,1.8,2.5,0.724,1.6,3.1,4.6,0.3,0.6,1.1,1.3,2.7,7.8,1029,14.2,0.517,0.014,0.387,9.9,19.2,14.5,2.8,1.5,4.6,14.6,20.8,0.2,0.8,1,0.047,-3.6,-0.6,-4.2,-0.6
2006/2007,53135000,65516964.37,412718,Boston Celtics,2,BOS,Massachusetts,East,Atlantic,24,58,0.293,95.8,99.2,-3.7,Wally Szczerbiak,SF,29,11775000,14864878,32,19,28.1,5,12.1,0.415,1.4,3.3,0.415,3.7,8.8,0.415,0.472,3.5,3.9,0.897,0.5,2.6,3.1,1.7,0.6,0.1,1.7,2,15,900,14.8,0.54,0.273,0.325,2.1,11.2,6.5,11.3,1,0.3,10.9,25,1,0.5,1.6,0.083,0.1,-2.8,-2.7,-0.1
2006/2007,53135000,65516964.37,412718,Washington Wizards,30,WAS,Washington DC,East,Southeast,41,41,0.5,104.3,104.9,-0.8,Donell Taylor,SG,24,664209,838504,47,1,7.9,1.2,3,0.4,0.1,0.4,0.176,1.1,2.6,0.431,0.411,0.2,0.4,0.524,0.3,0.8,1.1,1,0.4,0.1,0.5,0.7,2.7,369,10.3,0.422,0.121,0.15,4.2,12.5,8.3,19.6,2.4,0.6,14.3,20.8,-0.4,0.2,-0.2,-0.022,-3.7,-1.5,-5.2,-0.3
2006/2007,53135000,65516964.37,412718,Sacramento Kings,26,SAC,California,West,Pacific,33,49,0.402,101.3,103.1,-1.35,Maurice Taylor,PF,30,8565918,10813700,12,2,8.6,0.7,2.3,0.286,0,0,,0.7,2.3,0.286,0.286,0.7,1.1,0.615,0.8,1.5,2.3,0.4,0.3,0.1,0.5,1.3,2,103,6.3,0.356,0,0.464,11.2,21,16,7.3,2,0.7,15.1,17.3,-0.2,0.1,-0.1,-0.03,-6.6,-0.2,-6.8,-0.1
2006/2007,53135000,65516964.37,412718,Boston Celtics,2,BOS,Massachusetts,East,Atlantic,24,58,0.293,95.8,99.2,-3.7,Sebastian Telfair,PG,21,1793160,2263703,78,30,20.2,2.3,6.1,0.371,0.5,1.6,0.289,1.8,4.4,0.402,0.41,1.2,1.4,0.818,0.2,1.2,1.4,2.8,0.6,0.1,1.3,2.1,6.1,1578,8.6,0.458,0.27,0.232,1.3,7.1,4.1,22.7,1.4,0.5,15.8,17.8,-0.5,1,0.5,0.015,-2.7,-2.2,-4.9,-1.2
2006/2007,53135000,65516964.37,412718,Dallas Mavericks,7,DAL,Texas,West,Southwest,67,15,0.817,100,92.8,7.28,Jason Terry,SG,29,8100000,10225521,81,80,35.1,6.3,13.1,0.484,2,4.6,0.438,4.3,8.6,0.508,0.56,2,2.5,0.804,0.5,2.3,2.9,5.2,1,0.2,1.9,2.1,16.7,2846,18.9,0.587,0.348,0.187,1.8,7.9,4.9,25.5,1.5,0.5,11.7,21.3,7.7,3.1,10.8,0.182,4.5,-0.7,3.7,4.1
2006/2007,53135000,65516964.37,412718,Washington Wizards,30,WAS,Washington DC,East,Southeast,41,41,0.5,104.3,104.9,-0.8,Etan Thomas,C,28,5883600,7427515,65,32,19.2,2.4,4.3,0.574,0,0,,2.4,4.3,0.574,0.574,1.2,2.1,0.558,2.1,3.7,5.8,0.4,0.3,1.4,1.1,2.5,6.1,1246,15.6,0.585,0,0.498,12.2,22.9,17.4,3.6,0.9,5.5,17.4,14.4,1.5,1.2,2.7,0.105,-2,0.9,-1.1,0.3
2006/2007,53135000,65516964.37,412718,Sacramento Kings,26,SAC,California,West,Pacific,33,49,0.402,101.3,103.1,-1.35,Kenny Thomas,PF,29,7187500,9073572,62,53,22.8,2.4,4.9,0.482,0,0,0,2.4,4.9,0.483,0.482,0.6,1.2,0.513,2.2,3.9,6.1,1.2,0.7,0.3,1.5,2.3,5.3,1412,10.2,0.492,0.003,0.251,10.9,20.6,15.7,8.4,1.5,0.9,21.1,13.6,-0.1,1.4,1.2,0.041,-3.1,1.2,-1.8,0.1
2006/2007,53135000,65516964.37,412718,Phoenix Suns,24,PHO,Arizona,West,Pacific,61,21,0.744,110.2,102.9,7.28,Kurt Thomas,C,34,7821482,9873917,67,13,18,1.9,3.9,0.486,0,0,0,1.9,3.9,0.488,0.486,0.8,1.1,0.789,1.3,4.4,5.7,0.4,0.4,0.4,0.5,2.3,4.6,1208,11.4,0.531,0.004,0.274,8.7,26.9,18.3,2.7,1,1.7,10.8,12.1,1.2,1.7,2.9,0.115,-3,0.8,-2.2,0
2006/2007,53135000,65516964.37,412718,Los Angeles Clippers,13,LAC,California,West,Pacific,40,42,0.488,95.6,96.1,-0.07,Tim Thomas,PF,29,5215000,6583468,76,24,27,3.9,9.5,0.414,1.8,4.7,0.382,2.1,4.8,0.444,0.508,1.3,1.9,0.708,0.8,4.1,5,2.3,0.7,0.4,1.4,3,11,2054,13.6,0.532,0.492,0.199,3.7,18.2,11,14.2,1.4,1.1,11.9,20.1,1.6,2.3,3.9,0.092,0.9,-0.5,0.5,1.3
2006/2007,53135000,65516964.37,412718,Chicago Bulls,5,CHI,Illinois,East,Central,49,33,0.598,98.8,93.8,4.52,Tyrus Thomas,PF,20,3260760,4116416,72,4,13.4,1.9,3.9,0.475,0,0,0,1.9,3.9,0.479,0.475,1.5,2.4,0.606,1.2,2.5,3.7,0.6,0.6,1.1,1.3,2.3,5.2,966,14.8,0.521,0.007,0.621,10.6,21.1,15.9,6.6,2.4,6.2,20.8,20.9,-0.4,2.6,2.2,0.11,-4.4,4.5,0.1,0.5
2006/2007,53135000,65516964.37,412718,Atlanta Hawks,1,ATL,Georgia,East,Southeast,30,52,0.366,93.7,98.4,-4.86,Dijon Thompson,SF,23,89101,112481,6,0,8.3,1,2.5,0.4,0,0.3,0,1,2.2,0.462,0.4,0.8,1,0.833,0.5,0.8,1.3,0.3,0,0,0.2,0.3,2.8,50,11.6,0.482,0.133,0.4,7.1,12.2,9.6,6.8,0,0,5.4,17.1,0.1,0,0.1,0.064,-2.7,-4.3,-7,-0.1
2006/2007,53135000,65516964.37,412718,Indiana Pacers,12,IND,Indiana,East,Central,35,47,0.427,95.6,98,-2.62,Jamaal Tinsley,PG,28,5850000,7385098,72,72,31.2,4.8,12.3,0.389,0.8,2.7,0.316,4,9.7,0.409,0.424,2.4,3.3,0.72,0.8,2.5,3.3,6.9,1.6,0.3,2.8,2.6,12.8,2243,15.2,0.465,0.217,0.269,3,9.5,6.2,38.5,2.7,0.8,16.7,23.8,0.2,2.6,2.8,0.06,0.4,-0.2,0.3,1.3
2006/2007,53135000,65516964.37,412718,#N/A,#N/A,TOT,#N/A,#N/A,#N/A,#N/A,#N/A,#N/A,#N/A,#N/A,#N/A,Jake Tsakalidis,C,27,2900000,3638920,36,7,10.8,0.8,2,0.403,0,0,,0.8,2,0.403,0.403,0.7,1.1,0.667,1.2,1.7,2.9,0.1,0.2,0.3,0.7,1.4,2.3,390,8.4,0.471,0,0.542,12.7,18.7,15.7,1.9,1.1,2.3,21.2,13.2,-0.1,0.4,0.3,0.031,-5.1,-0.6,-5.7,-0.4
2006/2007,53135000,65516964.37,412718,Memphis Grizzlies,15,MEM,Tennessee,West,Southwest,22,60,0.268,101.6,106.7,-4.44,Jake Tsakalidis,C,27,2900000,3638920,23,7,11.2,0.9,2.2,0.4,0,0,,0.9,2.2,0.4,0.4,0.6,1,0.583,1,1.7,2.8,0.1,0.3,0.5,0.9,1.5,2.3,258,6.5,0.446,0,0.48,11.1,18.5,14.8,1.2,1.4,3.2,25.7,14.3,-0.4,0.2,-0.2,-0.039,-6.4,-0.9,-7.2,-0.3
2006/2007,53135000,65516964.37,412718,Houston Rockets,11,HOU,Texas,West,Southwest,52,30,0.634,97,92.1,5.04,Jake Tsakalidis,C,27,2900000,3638920,13,0,10.2,0.7,1.7,0.409,0,0,,0.7,1.7,0.409,0.409,0.9,1.2,0.8,1.4,1.7,3.1,0.2,0.1,0.1,0.2,1.3,2.3,132,12,0.524,0,0.682,15.8,19.1,17.4,3.4,0.4,0.6,9.5,11.1,0.3,0.2,0.5,0.169,-2.5,-0.2,-2.7,0
2006/2007,53135000,65516964.37,412718,Toronto Raptors,28,TOR,Ontario,East,Atlantic,47,35,0.573,99.5,98.5,0.61,PJ Tucker,SF,21,412718,521019,17,0,4.9,0.6,1.3,0.5,0,0,,0.6,1.3,0.5,0.5,0.5,0.8,0.571,0.6,0.7,1.4,0.2,0.1,0,0.4,0.7,1.8,83,12.8,0.533,0,0.636,15.4,17.2,16.3,5.7,1.2,0,17.6,19.1,0.1,0.1,0.1,0.085,-2.5,-1.6,-4.1,0
2006/2007,53135000,65516964.37,412718,Los Angeles Lakers,14,LAL,California,West,Pacific,42,40,0.512,103.3,103.4,0.24,Ronny Turiaf,C,24,664209,838504,72,1,15.1,2,3.7,0.549,0,0,0,2,3.7,0.551,0.549,1.2,1.9,0.664,1.2,2.4,3.6,0.9,0.2,1.1,0.7,2.8,5.3,1087,15.5,0.586,0.004,0.5,9.6,18.3,13.9,9.1,0.8,5.5,13.7,15.7,1.9,1.1,3.1,0.137,-1.2,1.5,0.2,0.6
2006/2007,53135000,65516964.37,412718,Orlando Magic,22,ORL,Florida,East,Southeast,40,42,0.488,94.8,94,0.35,Hidayet Turkoglu,SF,27,5883600,7427515,73,73,31.1,4.7,11.3,0.419,1.5,3.8,0.388,3.2,7.4,0.435,0.485,2.3,3,0.781,0.8,3.2,4,3.2,1,0.2,2,3,13.3,2268,14.2,0.528,0.341,0.266,3.2,12.5,8,17.9,1.6,0.6,13.5,21.7,2.3,2.6,4.9,0.105,1.3,-0.2,1.1,1.8
2006/2007,53135000,65516964.37,412718,Portland Trail Blazers,25,POR,Oregon,West,Northwest,32,50,0.39,94.1,98.4,-3.78,Ime Udoka,SF,29,744551,939928,75,75,28.6,3.2,6.9,0.461,1.2,2.9,0.406,2,3.9,0.502,0.548,0.9,1.2,0.742,1.3,2.5,3.7,1.5,0.9,0.2,1,2.8,8.4,2144,12.1,0.569,0.426,0.173,5.4,10.9,8.1,8.6,1.8,0.6,11.7,13.7,2.9,1,3.9,0.088,1.6,0.1,1.7,2
2006/2007,53135000,65516964.37,412718,San Antonio Spurs,27,SAS,Texas,West,Southwest,58,24,0.707,98.5,90.1,8.35,Beno Udrih,PG,24,967920,1221911,73,1,13,1.7,4.7,0.369,0.5,1.6,0.287,1.3,3.1,0.41,0.417,0.7,0.8,0.883,0.2,1,1.1,1.7,0.4,0,0.8,1,4.7,948,10.3,0.459,0.334,0.174,1.5,8.7,5.2,20.6,1.5,0.1,13.1,21.3,-0.3,1.4,1,0.053,-2.6,-1.2,-3.8,-0.4
2006/2007,53135000,65516964.37,412718,Cleveland Cavaliers,6,CLE,Ohio,East,Central,50,32,0.61,96.8,92.9,3.33,Anderson Varejao,C,24,945600,1193734,81,6,23.9,2.4,5,0.476,0,0.1,0,2.4,4.8,0.487,0.476,2,3.3,0.616,2.4,4.4,6.7,0.9,0.9,0.6,0.8,3.3,6.8,1932,14.4,0.527,0.022,0.668,11.2,21.8,16.4,6,2.1,2.1,11.4,13.7,2.6,4,6.6,0.164,-1.3,3,1.7,1.8
2006/2007,53135000,65516964.37,412718,San Antonio Spurs,27,SAS,Texas,West,Southwest,58,24,0.707,98.5,90.1,8.35,Jacque Vaughn,PG,31,1071225,1352325,64,4,11.9,1.1,2.6,0.425,0,0,0.5,1.1,2.6,0.424,0.428,0.8,1,0.754,0.1,0.9,1.1,2,0.4,0,0.6,1.2,3,760,10.9,0.491,0.012,0.389,1.3,9.2,5.4,25.9,1.7,0.2,17,14.7,0.6,1.2,1.7,0.107,-3.2,-0.1,-3.2,-0.2
2006/2007,53135000,65516964.37,412718,Milwaukee Bucks,17,MIL,Wisconsin,East,Central,28,54,0.341,99.7,104,-4.43,Charlie Villanueva,PF,22,2537880,3203845,39,17,25.2,4.6,9.8,0.47,0.7,2.2,0.337,3.9,7.6,0.508,0.508,1.9,2.3,0.82,1.6,4.3,5.8,0.9,0.6,0.3,1.4,2.8,11.8,984,15.8,0.547,0.225,0.232,7.3,20.1,13.6,6.1,1.3,0.9,11.3,21.8,1.2,0.6,1.7,0.085,-0.6,-2.3,-2.9,-0.2
2006/2007,53135000,65516964.37,412718,New Orleans/Oklahoma City Hornets,19,NOK,Oklahoma,West,Southwest,39,43,0.476,95.5,97.1,-1.19,Marcus Vinicius,SF,22,412718,521019,13,0,7.9,0.5,1.2,0.467,0.2,0.5,0.429,0.3,0.6,0.5,0.567,0.4,0.5,0.714,0.2,0.7,0.8,0.4,0.2,0.1,0.5,0.8,1.7,103,6.9,0.608,0.467,0.467,2.2,10.3,6.2,7.1,1,0.8,24.9,10.7,0,0.1,0.1,0.045,-3,-0.5,-3.5,0
2006/2007,53135000,65516964.37,412718,Charlotte Bobcats,4,CHA,North Carolina,East,Southeast,33,49,0.402,96.9,100.6,-3.97,Jake Voskuhl,C,29,2000000,2524820,73,9,14.3,1.7,3.5,0.475,0,0,,1.7,3.5,0.475,0.475,1.1,1.5,0.681,1.2,2.4,3.5,0.6,0.4,0.3,0.8,2.7,4.4,1043,10.9,0.523,0,0.443,9.3,20.1,14.5,6.8,1.5,1.8,15.5,15.7,0.5,1.1,1.7,0.077,-3.1,0.5,-2.6,-0.2
2006/2007,53135000,65516964.37,412718,Los Angeles Lakers,14,LAL,California,West,Pacific,42,40,0.512,103.3,103.4,0.24,Sasha Vujacic,SG,22,973920,1229486,73,4,12.8,1.4,3.7,0.392,0.8,2.2,0.373,0.6,1.5,0.421,0.504,0.6,0.7,0.878,0.4,1.1,1.5,0.9,0.6,0,0.4,1.4,4.3,935,11.7,0.54,0.601,0.183,3.5,9.8,6.7,10.3,2.3,0.1,9.4,15.4,1.2,0.6,1.8,0.091,0.5,-1.8,-1.3,0.2
2006/2007,53135000,65516964.37,412718,Miami Heat,16,MIA,Florida,East,Southeast,44,38,0.537,94.6,95.5,-1.21,Dwyane Wade,SG,25,3841443,4849476,51,50,37.9,9.3,18.9,0.491,0.4,1.5,0.266,8.8,17.3,0.511,0.502,8.5,10.5,0.807,1,3.7,4.7,7.5,2.1,1.2,4.2,2.3,27.4,1931,28.9,0.583,0.082,0.556,3.2,11.2,7.3,40.5,3,2.5,15.3,34.7,5.9,2.9,8.8,0.219,6.5,1.9,8.4,5.1
2006/2007,53135000,65516964.37,412718,Los Angeles Clippers,13,LAC,California,West,Pacific,40,42,0.488,95.6,96.1,-0.07,Von Wafer,SF,21,24300,30676,1,0,1,0,1,0,0,1,0,0,0,,0,0,0,,0,0,0,0,0,0,0,0,0,1,-40.7,0,1,0,0,0,0,0,0,0,0,46.2,0,0,0,-1.068,-24.8,-16.3,-41.1,0
2006/2007,53135000,65516964.37,412718,Golden State Warriors,10,GSW,California,West,Pacific,42,40,0.512,106.5,106.9,0,Dajuan Wagner,SG,23,771331,973736,1,0,7,1,1,1,1,1,1,0,0,,1.5,1,2,0.5,0,0,0,1,0,0,1,1,4,7,17.2,1.064,1,2,0,0,0,20.9,0,0,34.7,17.5,0,0,0,0.122,3,-10,-6.9,0
2006/2007,53135000,65516964.37,412718,Miami Heat,16,MIA,Florida,East,Southeast,44,38,0.537,94.6,95.5,-1.21,Antoine Walker,PF,30,7606820,9602926,78,15,23.3,3.4,8.6,0.397,1.1,3.9,0.275,2.3,4.7,0.499,0.46,0.6,1.3,0.438,1.2,3.2,4.3,1.7,0.6,0.2,1.8,2.2,8.5,1818,9.6,0.462,0.457,0.157,6.1,15.7,11,12.1,1.4,0.7,16.5,22.3,-2.3,2,-0.3,-0.007,-2.5,-0.7,-3.1,-0.5
2006/2007,53135000,65516964.37,412718,Chicago Bulls,5,CHI,Illinois,East,Central,49,33,0.598,98.8,93.8,4.52,Ben Wallace,C,32,16000000,20198560,77,77,35,2.5,5.5,0.453,0,0.1,0.2,2.5,5.4,0.456,0.454,1.4,3.5,0.408,3.9,6.7,10.7,2.4,1.4,2,1.3,2,6.4,2697,14.6,0.456,0.012,0.63,12.9,21.7,17.4,9.9,2.1,4.6,15.7,10.6,1.6,6.6,8.2,0.146,-1.1,6.8,5.7,5.2
2006/2007,53135000,65516964.37,412718,Charlotte Bobcats,4,CHA,North Carolina,East,Southeast,33,49,0.402,96.9,100.6,-3.97,Gerald Wallace,SF,24,5525000,6974815,72,71,36.7,6.6,13.2,0.502,0.5,1.7,0.325,6.1,11.6,0.528,0.523,4.3,6.2,0.691,2,5.2,7.2,2.6,2,1,2.2,2.9,18.1,2640,19.8,0.568,0.126,0.47,6.2,17.4,11.6,12.5,2.8,2,12.2,22.5,4.2,3.5,7.7,0.141,1.8,2,3.9,3.9
2006/2007,53135000,65516964.37,412718,Detroit Pistons,9,DET,Michigan,East,Central,53,29,0.646,96,91.8,3.69,Rasheed Wallace,C,32,11650000,14707077,75,72,32.3,4.8,11.2,0.423,1.4,3.9,0.351,3.4,7.3,0.463,0.485,1.4,1.8,0.788,1.2,6,7.2,1.7,1,1.6,1.3,3,12.3,2419,15.7,0.513,0.351,0.163,4.4,22.2,13.3,8.9,1.7,3.8,9.4,19.6,1.8,4.4,6.2,0.123,-0.2,2.5,2.3,2.6
2006/2007,53135000,65516964.37,412718,Los Angeles Lakers,14,LAL,California,West,Pacific,42,40,0.512,103.3,103.4,0.24,Luke Walton,SF,26,1375000,1735813,60,60,33,4.4,9.3,0.474,0.8,2.1,0.387,3.6,7.2,0.499,0.517,1.8,2.4,0.745,1.5,3.6,5,4.3,1,0.4,2,2,11.4,1982,14.7,0.551,0.223,0.26,5.2,12.6,8.9,20.2,1.6,0.8,16,16.8,2.6,1.2,3.8,0.092,0.7,-0.1,0.6,1.3
2006/2007,53135000,65516964.37,412718,Memphis Grizzlies,15,MEM,Tennessee,West,Southwest,22,60,0.268,101.6,106.7,-4.44,Hakim Warrick,PF,24,1286280,1623812,82,43,26.2,4.5,8.7,0.524,0,0.1,0,4.5,8.6,0.53,0.524,3.6,4.7,0.771,1.6,3.5,5.1,0.9,0.5,0.4,2,2.8,12.7,2152,15.9,0.592,0.011,0.545,7.2,16.1,11.7,6,1,1.1,15.4,21.9,3.2,0.5,3.7,0.082,-0.7,-2,-2.8,-0.4
2006/2007,53135000,65516964.37,412718,Seattle SuperSonics,21,SEA,Washington,West,Northwest,31,51,0.378,99.1,102,-2.45,Earl Watson,PG,27,5400000,6817014,77,25,27.9,3.4,8.9,0.383,1.2,3.6,0.329,2.2,5.3,0.42,0.45,1.4,1.9,0.735,0.4,2,2.4,5.7,1.3,0.3,2.2,2,9.4,2152,13.5,0.483,0.408,0.214,1.9,8.5,5.2,31.4,2.4,0.8,18.2,19.4,0.9,1.1,2,0.044,0.2,-1.4,-1.3,0.4
2006/2007,53135000,65516964.37,412718,#N/A,#N/A,TOT,#N/A,#N/A,#N/A,#N/A,#N/A,#N/A,#N/A,#N/A,#N/A,Chris Webber,PF,33,18261024,23052899,61,60,29.9,4.7,10.5,0.452,0.1,0.2,0.364,4.7,10.3,0.454,0.455,1.7,2.6,0.638,2,5.1,7.2,3.1,1,0.7,1.8,2.3,11.2,1821,16,0.482,0.017,0.25,8.1,20.5,14.3,17.8,1.8,1.7,13.1,21.1,0.7,2.7,3.4,0.09,-0.8,2.2,1.4,1.5
2006/2007,53135000,65516964.37,412718,Philadelphia 76ers,23,PHI,Pennsylvania,East,Atlantic,35,47,0.427,94.9,98,-3.26,Chris Webber,PF,33,18261024,23052899,18,18,30.2,4.9,12.8,0.387,0.1,0.3,0.4,4.8,12.5,0.387,0.391,1,1.6,0.643,2.1,6.2,8.3,3.4,1,0.8,1.8,2,11,544,13.8,0.409,0.022,0.122,8.2,24.6,16.4,19.5,1.8,2.1,12,23.4,-0.6,0.8,0.2,0.014,-2.9,2.2,-0.7,0.2
2006/2007,53135000,65516964.37,412718,Detroit Pistons,9,DET,Michigan,East,Central,53,29,0.646,96,91.8,3.69,Chris Webber,PF,33,18261024,23052899,43,42,29.7,4.7,9.5,0.489,0,0.1,0.333,4.6,9.4,0.491,0.491,2,3.1,0.636,2,4.7,6.7,3,1,0.6,1.7,2.5,11.3,1277,16.9,0.52,0.015,0.323,8.1,18.7,13.4,17,1.8,1.6,13.7,20.2,1.3,1.9,3.3,0.123,0.1,2.1,2.2,1.4
2006/2007,53135000,65516964.37,412718,Portland Trail Blazers,25,POR,Oregon,West,Northwest,32,50,0.39,94.1,98.4,-3.78,Martell Webster,SF,20,2780160,3509701,82,27,21.5,2.4,6,0.396,1.1,3,0.364,1.3,3,0.43,0.489,1.1,1.6,0.705,0.5,2.4,2.9,0.6,0.4,0.2,0.9,1.5,7,1759,9.9,0.522,0.508,0.268,3,14.2,8.5,4.9,1.1,0.9,12.1,16.7,0.6,0.7,1.3,0.036,-1,-1.6,-2.6,-0.3
2006/2007,53135000,65516964.37,412718,Houston Rockets,11,HOU,Texas,West,Southwest,52,30,0.634,97,92.1,5.04,Bonzi Wells,SF,30,2115000,2669997,28,1,21.1,3,7.4,0.411,0,0.3,0.143,3,7.1,0.42,0.413,1.6,2.9,0.561,0.9,3.4,4.3,1.1,0.9,0.5,2,2.2,7.8,590,8.9,0.446,0.034,0.396,5.1,18.2,11.7,8.9,2.2,1.7,19,23.7,-1.3,1.2,-0.1,-0.009,-7.2,2,-5.2,-0.5
2006/2007,53135000,65516964.37,412718,Cleveland Cavaliers,6,CLE,Ohio,East,Central,50,32,0.61,96.8,92.9,3.33,David Wesley,SG,36,1750000,2209217,35,5,10.1,0.6,2.1,0.293,0.3,1.1,0.237,0.4,1.1,0.351,0.353,0.6,0.8,0.714,0.1,0.9,1,1.1,0.3,0.1,0.5,0.9,2.1,352,6.6,0.418,0.507,0.373,1,10.8,5.8,15.3,1.8,0.9,16.3,13.4,-0.2,0.5,0.3,0.043,-4.1,0.5,-3.6,-0.1
2006/2007,53135000,65516964.37,412718,New Orleans/Oklahoma City Hornets,19,NOK,Oklahoma,West,Southwest,39,43,0.476,95.5,97.1,-1.19,David West,PF,26,2051938,2590387,52,52,36.5,7.3,15.2,0.476,0.2,0.5,0.32,7.1,14.8,0.481,0.481,3.6,4.4,0.824,2.4,5.7,8.2,2.2,0.8,0.7,1.9,2.8,18.3,1900,18.9,0.532,0.032,0.287,7.5,18.5,12.9,10.9,1.2,1.6,9.9,23.8,3.1,2,5.2,0.131,0.7,0.5,1.2,1.5
2006/2007,53135000,65516964.37,412718,Boston Celtics,2,BOS,Massachusetts,East,Atlantic,24,58,0.293,95.8,99.2,-3.7,Delonte West,SG,23,1080480,1364008,69,47,32.2,4.4,10.4,0.427,0.9,2.6,0.365,3.5,7.8,0.447,0.472,2.4,2.9,0.853,0.5,2.6,3,4.4,1.1,0.5,2,2.2,12.2,2219,14,0.526,0.248,0.275,1.7,9.7,5.6,23.5,1.7,1.2,14.8,19.3,1.9,1.8,3.7,0.081,0.2,-0.5,-0.3,1
2006/2007,53135000,65516964.37,412718,San Antonio Spurs,27,SAS,Texas,West,Southwest,58,24,0.707,98.5,90.1,8.35,James White,SG,24,818153,1032844,6,2,22.8,3,6.8,0.439,0.3,1.2,0.286,2.7,5.7,0.471,0.463,2,2.5,0.8,0.5,2.8,3.3,0.8,0.5,0.2,0.8,1.2,8.3,137,12.1,0.525,0.171,0.366,2.8,14.4,8.8,5.8,1.2,0.5,9.5,18.2,0.1,0.2,0.3,0.108,-2.8,-0.2,-3.1,0
2006/2007,53135000,65516964.37,412718,Seattle SuperSonics,21,SEA,Washington,West,Northwest,31,51,0.378,99.1,102,-2.45,Chris Wilcox,PF,24,6250000,7890062,82,81,31.5,5.3,10,0.529,0,0.1,0,5.3,9.9,0.533,0.529,2.9,4.3,0.684,2.2,5.5,7.7,1,0.9,0.5,1.5,3,13.5,2586,16.6,0.568,0.007,0.429,8.2,21.1,14.6,5.3,1.4,1.1,11.5,19.3,4.1,1.9,6,0.112,-0.4,-0.6,-1.1,0.6
2006/2007,53135000,65516964.37,412718,Seattle SuperSonics,21,SEA,Washington,West,Northwest,31,51,0.378,99.1,102,-2.45,Damien Wilkins,SF,27,2700000,3408507,82,31,24.8,3.2,7.3,0.435,0.6,1.5,0.41,2.6,5.9,0.442,0.477,1.8,2.1,0.882,1.1,1.7,2.8,1.9,1.1,0.2,1.4,1.9,8.8,2037,13.1,0.535,0.203,0.282,5.1,8.4,6.7,12,2.4,0.6,14.6,17.7,1.8,1,2.8,0.066,0,-0.3,-0.4,0.8
2006/2007,53135000,65516964.37,412718,Seattle SuperSonics,21,SEA,Washington,West,Northwest,31,51,0.378,99.1,102,-2.45,Mike Wilks,PG,27,798112,1007544,47,4,11.4,1.4,3,0.468,0.1,0.3,0.333,1.3,2.7,0.484,0.486,0.7,0.9,0.786,0.3,0.8,1.1,1.7,0.3,0.1,0.7,1.1,3.6,534,12.7,0.533,0.106,0.298,3.3,8.8,6.1,22.9,1.5,0.6,16.3,16.2,0.6,0.1,0.8,0.07,-1.2,-2,-3.2,-0.2
2006/2007,53135000,65516964.37,412718,Los Angeles Clippers,13,LAC,California,West,Pacific,40,42,0.488,95.6,96.1,-0.07,Aaron Williams,PF,35,1750000,2209217,38,7,9.8,0.8,1.4,0.547,0,0,0,0.8,1.4,0.558,0.547,0.5,0.6,0.818,0.7,1.5,2.2,0.2,0.2,0.4,0.5,1.5,2,374,9.4,0.606,0.019,0.415,8.7,18.4,13.6,2.9,1,2.9,22.3,10,0.2,0.4,0.7,0.089,-3.6,0.4,-3.2,-0.1
2006/2007,53135000,65516964.37,412718,Los Angeles Clippers,13,LAC,California,West,Pacific,40,42,0.488,95.6,96.1,-0.07,Alvin Williams,PG,32,4587508,5791315,2,0,5,0,1,0,0,0.5,0,0,0.5,0,0,1,2,0.5,0.5,0,0.5,1.5,1,0,1.5,0,1,10,6.6,0.266,0.5,2,12.1,0,6,41.1,10.6,0,44.4,31.2,-0.1,0,-0.1,-0.309,-8.9,3.7,-5.1,0
2006/2007,53135000,65516964.37,412718,Utah Jazz,29,UTA,Utah,West,Northwest,51,31,0.622,101.5,98.6,3.06,Deron Williams,PG,22,3749040,4732825,80,80,36.9,6.2,13.5,0.456,1,3.2,0.322,5.2,10.4,0.498,0.494,2.8,3.7,0.767,0.5,2.8,3.3,9.3,1,0.2,3.1,3.2,16.2,2950,17.1,0.535,0.235,0.273,1.7,9.3,5.5,41.6,1.4,0.4,16.9,22.2,5.3,1.9,7.2,0.117,2.7,-2,0.8,2.1
2006/2007,53135000,65516964.37,412718,#N/A,#N/A,TOT,#N/A,#N/A,#N/A,#N/A,#N/A,#N/A,#N/A,#N/A,#N/A,Eric Williams,SF,34,4296000,5423313,21,0,5.8,0.9,2.2,0.404,0.4,0.9,0.421,0.5,1.3,0.393,0.489,0.4,0.7,0.571,0.1,0.7,0.8,0.3,0.1,0,0.3,0.6,2.6,121,11.4,0.508,0.404,0.298,2.9,13.5,8.5,9.8,1.3,0,11.6,23.3,0,0.2,0.1,0.057,-2.1,-2.3,-4.4,-0.1
2006/2007,53135000,65516964.37,412718,San Antonio Spurs,27,SAS,Texas,West,Southwest,58,24,0.707,98.5,90.1,8.35,Eric Williams,SF,34,4296000,5423313,16,0,5.5,0.9,2.1,0.441,0.5,1.1,0.471,0.4,1.1,0.412,0.559,0.3,0.4,0.571,0.1,0.8,0.9,0.4,0.1,0,0.3,0.4,2.6,88,14.8,0.566,0.5,0.206,1.4,17.2,9.6,11.6,1.2,0,11.9,22.7,0.1,0.1,0.2,0.12,-0.3,-1.5,-1.8,0
2006/2007,53135000,65516964.37,412718,Charlotte Bobcats,4,CHA,North Carolina,East,Southeast,33,49,0.402,96.9,100.6,-3.97,Eric Williams,SF,34,4296000,5423313,5,0,6.6,0.8,2.6,0.308,0,0.4,0,0.8,2.2,0.364,0.308,0.8,1.4,0.571,0.4,0.2,0.6,0.2,0.2,0,0.4,1.2,2.4,33,2.4,0.373,0.154,0.538,7,3.7,5.4,4.9,1.6,0,11.1,24.9,-0.1,0,-0.1,-0.111,-7,-4.2,-11.2,-0.1
2006/2007,53135000,65516964.37,412718,Miami Heat,16,MIA,Florida,East,Southeast,44,38,0.537,94.6,95.5,-1.21,Jason Williams,PG,31,8250000,10414882,61,55,30.6,3.9,9.3,0.413,1.6,4.8,0.339,2.2,4.5,0.493,0.501,1.5,1.7,0.913,0.3,2,2.3,5.3,1,0,1.6,1.1,10.9,1865,15,0.54,0.518,0.181,1.2,7.6,4.5,28.3,1.7,0,14,18.2,2.8,1.5,4.3,0.11,1.7,-2,-0.3,0.8
2006/2007,53135000,65516964.37,412718,Sacramento Kings,26,SAC,California,West,Pacific,33,49,0.402,101.3,103.1,-1.35,Justin Williams,C,22,261724,330403,26,1,12.8,2.1,3.4,0.614,0,0,0,2.1,3.3,0.621,0.614,0.9,2.4,0.365,2,2.5,4.4,0.1,0.2,0.6,0.6,2,5,333,17.3,0.566,0.011,0.716,17.6,23,20.3,1,0.8,3.7,11.5,17.6,0.6,0.4,0.9,0.132,-2.2,-2.4,-4.6,-0.2
2006/2007,53135000,65516964.37,412718,Philadelphia 76ers,23,PHI,Pennsylvania,East,Atlantic,35,47,0.427,94.9,98,-3.26,Louis Williams,PG,20,664209,838504,61,0,11.3,1.5,3.5,0.441,0.2,0.6,0.324,1.3,2.9,0.466,0.469,1,1.5,0.696,0.3,0.9,1.1,1.8,0.4,0,0.8,0.7,4.3,688,14.6,0.521,0.175,0.436,3,9.2,6.1,26.5,1.7,0.1,15.5,20,0.6,0.5,1.1,0.078,-0.6,-2.2,-2.8,-0.1
2006/2007,53135000,65516964.37,412718,New Jersey Nets,3,NJN,New Jersey,East,Atlantic,41,41,0.5,97.6,98.3,-1,Marcus Williams,PG,21,1097880,1385974,79,2,16.6,2.6,6.7,0.395,0.6,2.1,0.282,2.1,4.6,0.446,0.439,0.9,1.1,0.847,0.4,1.7,2.1,3.3,0.4,0,1.8,1.2,6.8,1315,11.5,0.474,0.31,0.162,2.6,11.9,7.3,34.4,1.2,0.1,20.1,25,-1.1,1,-0.1,-0.004,-2.5,-2.3,-4.8,-0.9
2006/2007,53135000,65516964.37,412718,Atlanta Hawks,1,ATL,Georgia,East,Southeast,30,52,0.366,93.7,98.4,-4.86,Marvin Williams,PF,20,4174800,5270309,64,63,34,4.8,11,0.433,0.2,0.7,0.244,4.6,10.3,0.446,0.441,3.4,4.1,0.815,1.3,4,5.3,1.9,0.8,0.5,2,3,13.1,2179,12.2,0.51,0.064,0.375,4.6,14.2,9.3,9.7,1.3,1.1,13.4,20,0.9,1.4,2.3,0.051,-2,-0.7,-2.7,-0.4
2006/2007,53135000,65516964.37,412718,Milwaukee Bucks,17,MIL,Wisconsin,East,Central,28,54,0.341,99.7,104,-4.43,Maurice Williams,PG,24,1920000,2423827,68,68,36.4,6.9,15.4,0.446,1.2,3.4,0.346,5.7,12.1,0.474,0.484,2.3,2.7,0.855,0.8,4,4.8,6.1,1.3,0.1,3,3,17.3,2472,16.3,0.519,0.217,0.177,2.5,13.3,7.8,28.2,1.8,0.2,15.2,24.4,2.2,0.9,3.2,0.061,1.2,-1.3,-0.1,1.2
2006/2007,53135000,65516964.37,412718,Los Angeles Lakers,14,LAL,California,West,Pacific,42,40,0.512,103.3,103.4,0.24,Shammond Williams,PG,31,1750000,2209217,30,0,11.5,1.2,2.9,0.407,0.7,1.7,0.4,0.5,1.2,0.417,0.523,0.1,0.2,0.667,0.4,1,1.3,1,0.4,0,0.4,0.7,3.1,345,10.8,0.53,0.581,0.07,3.8,9.8,6.8,13.3,1.8,0,12.8,13.2,0.3,0.2,0.5,0.067,-0.5,-1.9,-2.3,0
2006/2007,53135000,65516964.37,412718,Indiana Pacers,12,IND,Indiana,East,Central,35,47,0.427,95.6,98,-2.62,Shawne Williams,SG,20,1367760,1726673,46,3,12.1,1.6,3.5,0.469,0.4,1.1,0.365,1.2,2.3,0.519,0.528,0.2,0.4,0.55,0.7,1.1,1.8,0.5,0.1,0.2,0.5,1.5,3.9,556,9.7,0.533,0.325,0.125,6.7,10.6,8.6,6.7,0.6,1.1,12.4,15.5,0.3,0.4,0.7,0.063,-1.6,-1.5,-3.1,-0.2
2006/2007,53135000,65516964.37,412718,Atlanta Hawks,1,ATL,Georgia,East,Southeast,30,52,0.366,93.7,98.4,-4.86,Shelden Williams,PF,23,2952840,3727694,81,31,18.7,2,4.5,0.455,0,0,0.5,2,4.5,0.454,0.458,1.4,1.8,0.764,1.6,3.8,5.4,0.5,0.6,0.5,1.2,2.5,5.5,1514,12.3,0.518,0.011,0.395,10.3,24.5,17.3,4.8,1.8,2,18.3,15.9,0.3,1.9,2.2,0.07,-3.7,0.1,-3.6,-0.6
2006/2007,53135000,65516964.37,412718,Sacramento Kings,26,SAC,California,West,Pacific,33,49,0.402,101.3,103.1,-1.35,Corliss Williamson,PF,33,6500000,8205665,68,1,19.7,3.5,6.8,0.51,0,0,0,3.5,6.8,0.512,0.51,2.2,3,0.715,0.9,2.3,3.3,0.6,0.4,0.2,1.4,2.7,9.1,1337,12.7,0.559,0.004,0.447,5.4,14.2,9.7,5.2,1.1,0.9,14.9,21.9,0.6,0.9,1.5,0.054,-3.2,-1.9,-5.1,-1.1
2006/2007,53135000,65516964.37,412718,Dallas Mavericks,7,DAL,Texas,West,Southwest,67,15,0.817,100,92.8,7.28,Kevin Willis,PF,44,#N/A,#N/A,5,0,8.6,1,2.6,0.385,0,0,,1,2.6,0.385,0.385,0.4,0.4,1,0.4,1.2,1.6,0.2,0.4,0.2,0.4,2.2,2.4,43,6.3,0.432,0,0.154,5.7,16.4,11.2,3.6,2.5,1.8,12.6,17.2,0,0.1,0,0.048,-5.5,0.9,-4.6,0
2006/2007,53135000,65516964.37,412718,Sacramento Kings,26,SAC,California,West,Pacific,33,49,0.402,101.3,103.1,-1.35,Metta World Peace,SF,27,7526316,9501296,70,65,37.7,6.5,14.9,0.44,1.3,3.7,0.358,5.2,11.1,0.468,0.485,4.4,5.9,0.74,1.5,5,6.5,3.4,2.1,0.6,2.1,2.9,18.8,2641,18.5,0.538,0.25,0.399,4.4,16,10.1,15.6,2.9,1.3,10.7,23.3,3.6,3.1,6.7,0.122,1.9,1.4,3.3,3.5
2006/2007,53135000,65516964.37,412718,New Jersey Nets,3,NJN,New Jersey,East,Atlantic,41,41,0.5,97.6,98.3,-1,Antoine Wright,SG,22,1570920,1983145,63,23,18,1.7,4,0.438,0.3,0.9,0.322,1.4,3,0.474,0.476,0.7,1.2,0.603,0.6,2.2,2.8,0.9,0.5,0.2,0.7,1.9,4.5,1137,8.1,0.5,0.235,0.291,4,14.1,9.1,7.6,1.4,0.7,13.2,13.4,0,1.1,1.2,0.049,-3.5,0.1,-3.4,-0.4
2006/2007,53135000,65516964.37,412718,Minnesota Timberwolves,18,MIN,Minnesota,West,Northwest,32,50,0.39,96.1,99.7,-3.16,Bracey Wright,SG,22,664209,838504,19,0,10,1.3,3.2,0.4,0.3,1.1,0.3,0.9,2.1,0.45,0.45,0.7,0.9,0.722,0.4,0.7,1.1,0.8,0.5,0.1,0.3,0.3,3.5,190,13.8,0.493,0.333,0.3,4.5,8.6,6.6,12.7,2.5,0.4,8.1,18.1,0.2,0.2,0.3,0.077,-0.7,-1.3,-2,0
2006/2007,53135000,65516964.37,412718,Miami Heat,16,MIA,Florida,East,Southeast,44,38,0.537,94.6,95.5,-1.21,Dorell Wright,SF,21,1325160,1672895,66,19,19.6,2.5,5.5,0.445,0.1,0.5,0.147,2.4,5,0.476,0.452,1,1.3,0.744,0.6,3.5,4.1,1.4,0.6,0.7,1,1.7,6,1292,12.7,0.489,0.093,0.236,3.7,20.7,12.4,12.1,1.7,2.8,13.9,17.1,-0.1,2,1.9,0.072,-3.7,2.1,-1.6,0.1
2006/2007,53135000,65516964.37,412718,Atlanta Hawks,1,ATL,Georgia,East,Southeast,30,52,0.366,93.7,98.4,-4.86,Lorenzen Wright,C,31,3250000,4102832,67,31,15.4,1.2,2.7,0.448,0,0,,1.2,2.7,0.448,0.448,0.1,0.5,0.281,1.3,2,3.2,0.6,0.4,0.4,0.6,3,2.6,1035,6.6,0.439,0,0.175,9.8,15.4,12.6,6.1,1.4,2.1,16.5,10.5,-0.2,0.9,0.7,0.033,-3.7,0.7,-3,-0.2
2005/2006,49500000,62777897,398762,Sacramento Kings,26,SAC,California,West,Pacific,44,38,0.537,98.9,97.3,1.61,Shareef Abdur-Rahim,PF,29,5000000,6584652,72,30,27.2,4.6,8.8,0.525,0.1,0.3,0.227,4.5,8.5,0.536,0.529,3,3.9,0.784,1.5,3.5,5,2.1,0.7,0.6,1.5,3.2,12.3,1961,17.2,0.588,0.035,0.44,6.4,14.8,10.6,13.2,1.3,1.6,12.5,20.1,4,2.2,6.2,0.152,0.4,0.4,0.9,1.4
2005/2006,49500000,62777897,398762,Detroit Pistons,9,DET,Michigan,East,Central,64,18,0.78,96.8,90.2,6.24,Alex Acker,SG,23,398762,525141,5,0,7,0.8,3.2,0.25,0.2,1,0.2,0.6,2.2,0.273,0.281,0,0,,0.2,0.8,1,0.8,0.2,0,0.8,0.8,1.8,35,-2.4,0.281,0.313,0,3.4,13.7,8.5,17.9,1.6,0,20,27.2,-0.2,0,-0.2,-0.23,-10.4,-1.9,-12.3,-0.1
2005/2006,49500000,62777897,398762,Chicago Bulls,5,CHI,Illinois,East,Central,41,41,0.5,97.8,97.2,0.51,Malik Allen,PF,27,1670000,2199274,54,20,13,2.2,4.6,0.49,0,0,1,2.2,4.6,0.488,0.492,0.4,0.7,0.605,0.8,1.8,2.6,0.4,0.3,0.3,0.6,1.7,4.9,701,11.5,0.504,0.004,0.154,7.2,15.7,11.5,4.9,1,1.8,11.4,19.2,0,1,1,0.068,-3.9,0,-3.9,-0.3
2005/2006,49500000,62777897,398762,Seattle SuperSonics,21,SEA,Washington,West,Northwest,35,47,0.427,102.6,105.6,-2.88,Ray Allen,SG,30,13223140,17413957,78,78,38.7,8.7,19.2,0.454,3.4,8.4,0.412,5.3,10.9,0.486,0.544,4.2,4.6,0.903,0.9,3.3,4.3,3.7,1.3,0.2,2.4,1.9,25.1,3022,22.2,0.59,0.435,0.239,2.8,10.6,6.6,17.2,1.8,0.4,10.2,27.4,9.8,-0.3,9.5,0.15,6.7,-3.1,3.6,4.2
2005/2006,49500000,62777897,398762,Boston Celtics,2,BOS,Massachusetts,East,Atlantic,33,49,0.402,98,99.5,-1.59,Tony Allen,PG,24,969696,1277022,51,9,19.2,2.5,5.4,0.471,0.2,0.7,0.324,2.3,4.7,0.492,0.491,2,2.6,0.746,0.6,1.5,2.2,1.3,1,0.4,1.3,2.5,7.2,978,12.9,0.554,0.124,0.489,4.1,9.6,6.9,11.2,2.7,1.4,16.8,18.8,0.6,1,1.7,0.082,-1.6,0.2,-1.4,0.2
2005/2006,49500000,62777897,398762,Houston Rockets,11,HOU,Texas,West,Southwest,34,48,0.415,90.1,91.7,-1.3,Rafer Alston,PG,29,3850000,5070182,63,63,38.6,4.4,11.7,0.379,1.6,5,0.327,2.8,6.8,0.418,0.449,1.6,2.3,0.692,0.6,3.5,4,6.7,1.6,0.2,2.5,3.1,12.1,2431,12.6,0.475,0.423,0.194,1.8,10.4,6.1,30.8,2.3,0.5,16.4,18.8,0.2,3.1,3.4,0.067,0.1,0.7,0.8,1.7
2005/2006,49500000,62777897,398762,New Orleans/Oklahoma City Hornets,19,NOK,Oklahoma,West,Southwest,38,44,0.463,92.8,95.6,-2.51,Chris Andersen,C,27,3500000,4609257,32,2,17.8,1.8,3.1,0.571,0,0,,1.8,3.1,0.571,0.571,1.5,3.2,0.476,1.9,2.9,4.8,0.2,0.3,1.3,0.8,2.6,5,570,14.1,0.562,0,1.051,12.4,20.2,16.2,1.7,0.8,5.9,15.4,13.9,0.6,0.7,1.3,0.112,-2.8,1.3,-1.5,0.1
2005/2006,49500000,62777897,398762,Charlotte Bobcats,4,CHA,North Carolina,East,Southeast,26,56,0.317,96.9,100.9,-3.9,Alan Anderson,SF,23,398762,525141,36,7,15.7,2.1,5,0.414,0.7,1.6,0.414,1.4,3.4,0.415,0.481,0.9,1.1,0.805,0.6,1.3,1.9,0.9,0.3,0.1,0.9,1.3,5.8,564,10.4,0.52,0.32,0.227,4.4,10.3,7.2,9.3,1,0.6,13.9,18.2,0.2,0.3,0.4,0.037,-1.9,-1.8,-3.7,-0.2
2005/2006,49500000,62777897,398762,#N/A,#N/A,TOT,#N/A,#N/A,#N/A,#N/A,#N/A,#N/A,#N/A,#N/A,#N/A,Derek Anderson,SG,31,10763000,14174123,43,11,24.3,2.5,7,0.356,0.9,3.1,0.299,1.6,3.9,0.402,0.422,2.2,2.6,0.838,0.5,2.8,3.3,2.3,0.5,0.1,1.3,2.3,8.1,1047,10.8,0.496,0.442,0.366,2.4,13.3,8,15.7,1.2,0.5,13.3,18.2,0.5,1.1,1.6,0.074,-1.2,-0.4,-1.5,0.1
2005/2006,49500000,62777897,398762,Houston Rockets,11,HOU,Texas,West,Southwest,34,48,0.415,90.1,91.7,-1.3,Derek Anderson,SG,31,10763000,14174123,20,8,29.1,3.4,8.7,0.393,1,3.4,0.284,2.5,5.3,0.462,0.448,3.1,3.7,0.836,0.6,3.6,4.2,2.7,0.8,0.2,1.9,2.5,10.8,582,12.5,0.527,0.387,0.422,2.5,14.1,8.4,16.1,1.4,0.6,15.3,19.8,0.3,0.7,1,0.084,-1,0.2,-0.8,0.2
2005/2006,49500000,62777897,398762,Miami Heat,16,MIA,Florida,East,Southeast,52,30,0.634,99.9,96,3.59,Derek Anderson,SG,31,10763000,14174123,23,3,20.2,1.7,5.7,0.308,0.9,2.9,0.313,0.8,2.7,0.302,0.388,1.4,1.7,0.842,0.4,2.2,2.6,2.1,0.3,0.1,0.7,2.1,5.8,465,8.7,0.453,0.515,0.292,2.4,12.4,7.6,15.1,0.9,0.3,10.4,16.3,0.2,0.4,0.6,0.061,-1.4,-1.1,-2.5,-0.1
2005/2006,49500000,62777897,398762,Miami Heat,16,MIA,Florida,East,Southeast,52,30,0.634,99.9,96,3.59,Shandon Anderson,SF,32,8935000,11766774,48,1,13.3,1.1,2.6,0.429,0.1,0.4,0.263,1,2.2,0.458,0.448,0.3,0.4,0.722,0.4,1.3,1.7,0.6,0.4,0.1,0.5,1.6,2.6,638,6.2,0.47,0.151,0.143,3.5,11.1,7.5,6.9,1.4,0.7,15.2,11.4,-0.1,0.7,0.5,0.039,-3.7,0.4,-3.3,-0.2
2005/2006,49500000,62777897,398762,Cleveland Cavaliers,6,CLE,Ohio,East,Central,50,32,0.61,97.6,95.4,2.17,Martynas Andriuskevicius,C,19,398762,525141,6,0,1.5,0,0.2,0,0,0,,0,0.2,0,0,0,0,,0.2,0.5,0.7,0,0.3,0,0,0.2,0,9,15.5,0,0,0,13,39.8,26.3,0,11.9,0,0,5.1,0,0,0,0.155,-6.8,6.8,0.1,0
2005/2006,49500000,62777897,398762,Denver Nuggets,8,DEN,Colorado,West,Northwest,44,38,0.537,100.3,100.1,0.36,Carmelo Anthony,SF,21,3713640,4890606,80,80,36.8,9.5,19.7,0.481,0.5,1.9,0.243,9,17.8,0.506,0.493,7.2,8.9,0.808,1.5,3.4,4.9,2.7,1.1,0.5,2.7,2.9,26.5,2941,22,0.563,0.097,0.451,4.9,10.7,7.8,14.3,1.5,1.1,10.4,32,6.8,2.6,9.4,0.153,3,-1.6,1.5,2.6
2005/2006,49500000,62777897,398762,Toronto Raptors,28,TOR,Ontario,East,Atlantic,27,55,0.329,101.1,104,-3.03,Rafael Araujo,C,25,2238960,2948554,52,34,11.6,1,2.8,0.366,0,0,0,1,2.8,0.368,0.366,0.3,0.5,0.536,0.8,1.9,2.8,0.3,0.5,0.1,0.8,2,2.3,601,4.5,0.385,0.007,0.193,8.4,21.5,14.6,3.7,2.1,0.8,21.1,15.3,-1.2,0.4,-0.8,-0.066,-6.9,-0.6,-7.5,-0.8
2005/2006,49500000,62777897,398762,Washington Wizards,30,WAS,Washington DC,East,Southeast,42,40,0.512,101.7,99.8,1.57,Gilbert Arenas,PG,24,10243200,13489583,80,80,42.3,9.3,20.9,0.447,2.5,6.8,0.369,6.8,14.1,0.485,0.507,8.2,10,0.82,0.7,2.8,3.5,6.1,2,0.3,3.7,3.6,29.3,3384,23.8,0.581,0.324,0.479,2,7.8,4.8,27,2.5,0.6,12.8,30.5,11,2.6,13.6,0.193,6.9,-1.4,5.5,6.4
2005/2006,49500000,62777897,398762,#N/A,#N/A,TOT,#N/A,#N/A,#N/A,#N/A,#N/A,#N/A,#N/A,#N/A,#N/A,Trevor Ariza,SF,20,682051,898213,57,10,17.5,1.6,4,0.412,0,0.1,0.2,1.6,3.9,0.416,0.414,1.4,2.2,0.606,1.4,2.5,3.8,1.1,1,0.2,1.1,1.8,4.6,999,11.8,0.468,0.022,0.562,9.6,17.1,13.3,9.8,3,0.9,18,15.8,-0.1,1,0.9,0.043,-2.1,1.5,-0.6,0.3
2005/2006,49500000,62777897,398762,New York Knicks,20,NYK,New York,East,Atlantic,23,59,0.28,95.6,102,-6.3,Trevor Ariza,SF,20,682051,898213,36,10,19.7,1.7,4.1,0.418,0,0.1,0.333,1.7,4,0.42,0.421,1.2,2.1,0.545,1.4,2.4,3.8,1.3,1.2,0.3,1.3,2.2,4.6,709,10.2,0.459,0.021,0.527,8.3,15.3,11.7,10.4,3.2,1,20.4,14.4,-0.4,0.6,0.3,0.02,-2.3,2,-0.3,0.3
2005/2006,49500000,62777897,398762,Orlando Magic,22,ORL,Florida,East,Southeast,36,46,0.439,94.9,96,-1.26,Trevor Ariza,SF,20,682051,898213,21,0,13.8,1.5,3.8,0.4,0,0.1,0,1.5,3.7,0.41,0.4,1.7,2.4,0.7,1.4,2.5,3.9,0.7,0.7,0.1,0.8,1,4.7,290,15.8,0.485,0.025,0.625,12.7,21.5,17.3,8.3,2.6,0.5,13.6,19.3,0.2,0.4,0.6,0.101,-1.6,0.2,-1.4,0
2005/2006,49500000,62777897,398762,Dallas Mavericks,7,DAL,Texas,West,Southwest,60,22,0.732,99.1,93.1,5.96,Darrell Armstrong,PG,37,1138500,1499325,62,2,10,0.7,2.1,0.336,0.2,0.8,0.229,0.5,1.3,0.4,0.379,0.5,0.7,0.786,0.3,1,1.3,1.4,0.4,0,0.9,1.1,2.1,622,7.3,0.444,0.375,0.328,3.6,12,7.8,20.6,2.4,0.4,28.4,15.4,-0.7,0.7,0,0.003,-3.1,0.2,-2.9,-0.1
2005/2006,49500000,62777897,398762,#N/A,#N/A,TOT,#N/A,#N/A,#N/A,#N/A,#N/A,#N/A,#N/A,#N/A,#N/A,Carlos Arroyo,PG-SG,26,4000000,5267722,77,0,15.5,2.2,4.9,0.444,0.1,0.3,0.35,2.1,4.6,0.45,0.454,1.4,1.8,0.774,0.4,1.3,1.7,3,0.5,0.1,1.1,1.5,5.8,1194,15.6,0.512,0.053,0.362,3.3,9.8,6.6,31.6,1.7,0.2,15.9,20.7,1.6,1.1,2.7,0.107,-0.6,-1.7,-2.3,-0.1
2005/2006,49500000,62777897,398762,Detroit Pistons,9,DET,Michigan,East,Central,64,18,0.78,96.8,90.2,6.24,Carlos Arroyo,PG,26,4000000,5267722,50,0,12,1.1,3.1,0.363,0,0.1,0.333,1.1,3,0.364,0.369,0.8,1.2,0.724,0.5,0.9,1.4,3.1,0.4,0.1,0.9,1.5,3.2,600,12.5,0.433,0.038,0.369,4.7,9.2,6.9,39.3,1.8,0.4,19.8,18,0.3,0.7,1,0.079,-2.6,-1.4,-4,-0.3
2005/2006,49500000,62777897,398762,Orlando Magic,22,ORL,Florida,East,Southeast,36,46,0.439,94.9,96,-1.26,Carlos Arroyo,SG,26,4000000,5267722,27,0,22,4.1,8.2,0.502,0.2,0.5,0.357,3.9,7.7,0.512,0.514,2.4,2.9,0.81,0.3,1.9,2.2,2.9,0.7,0,1.4,1.6,10.8,594,18.8,0.569,0.063,0.357,1.9,10.3,6.2,23.8,1.7,0.1,12.9,23.4,1.3,0.4,1.7,0.135,1.3,-2,-0.6,0.2
2005/2006,49500000,62777897,398762,#N/A,#N/A,TOT,#N/A,#N/A,#N/A,#N/A,#N/A,#N/A,#N/A,#N/A,#N/A,Chucky Atkins,PG-SG,31,4500000,5926187,71,41,24.1,3.2,8.1,0.394,1.4,3.9,0.354,1.8,4.2,0.431,0.479,1.8,2.3,0.791,0.3,1.4,1.7,2.8,0.6,0,1.2,2.1,9.5,1713,12.9,0.526,0.478,0.284,1.6,6.8,4.2,20,1.4,0.1,11.9,20.2,2.1,1.4,3.6,0.1,0.9,-2.4,-1.6,0.2
2005/2006,49500000,62777897,398762,Washington Wizards,30,WAS,Washington DC,East,Southeast,42,40,0.512,101.7,99.8,1.57,Chucky Atkins,SG,31,4500000,5926187,28,2,19.7,2.4,6.2,0.379,1.2,3.3,0.359,1.2,2.9,0.402,0.474,0.8,1.1,0.71,0.4,1.2,1.6,2.5,0.5,0,1.1,2.1,6.7,552,10.4,0.498,0.529,0.178,2.5,7.2,4.7,19.8,1.3,0,13.8,17.6,0.4,0.2,0.6,0.056,0,-2.8,-2.8,-0.1
2005/2006,49500000,62777897,398762,Memphis Grizzlies,15,MEM,Tennessee,West,Southwest,49,33,0.598,92.2,88.5,3.74,Chucky Atkins,PG,31,4500000,5926187,43,39,27,3.7,9.3,0.401,1.5,4.2,0.352,2.2,5,0.442,0.481,2.5,3.1,0.811,0.3,1.5,1.7,3,0.7,0,1.3,2.2,11.4,1161,14.1,0.537,0.456,0.331,1.2,6.6,3.9,20.1,1.4,0.1,11.1,21.5,1.7,1.2,2.9,0.121,1.3,-2.3,-1,0.3
2005/2006,49500000,62777897,398762,Orlando Magic,22,ORL,Florida,East,Southeast,36,46,0.439,94.9,96,-1.26,Stacey Augmon,SF,37,1138500,1499325,36,3,10.7,0.7,2,0.342,0,0,,0.7,2,0.342,0.342,0.6,0.8,0.7,0.5,1,1.5,0.6,0.3,0.2,0.3,1.1,2,385,7.6,0.412,0,0.411,5.9,10.9,8.5,9,1.7,1.2,11.3,12,0,0.3,0.3,0.033,-3.5,0.4,-3.1,-0.1
2005/2006,49500000,62777897,398762,Los Angeles Clippers,13,LAC,California,West,Pacific,47,35,0.573,97.2,95.6,1.75,Vin Baker,C,34,9183333,12093811,8,1,10.6,0.9,1.9,0.467,0,0,,0.9,1.9,0.467,0.467,1.6,2.3,0.722,0.3,2.1,2.4,0.5,0.5,0.5,1.1,1.6,3.4,85,11.2,0.589,0,1.2,2.9,22.2,13,7,2.5,3.5,28.2,17.4,0,0.2,0.1,0.072,-5.7,2.8,-2.8,0
2005/2006,49500000,62777897,398762,#N/A,#N/A,TOT,#N/A,#N/A,#N/A,#N/A,#N/A,#N/A,#N/A,#N/A,#N/A,Marcus Banks,PG,24,1724280,2270757,58,29,25.8,3.8,8.1,0.468,0.4,1.1,0.349,3.4,7,0.486,0.491,2,2.5,0.803,0.4,1.9,2.3,3.8,0.9,0.2,2.1,2.8,10,1497,13.6,0.543,0.135,0.314,1.9,8.8,5.4,25.3,1.9,0.6,18.3,20.6,0.9,1.4,2.3,0.074,-0.7,-0.9,-1.6,0.1
2005/2006,49500000,62777897,398762,Boston Celtics,2,BOS,Massachusetts,East,Atlantic,33,49,0.402,98,99.5,-1.59,Marcus Banks,PG,24,1724280,2270757,18,1,14.9,1.8,4.4,0.413,0.3,1.1,0.316,1.5,3.4,0.443,0.45,1.5,1.7,0.9,0.2,0.8,1.1,1.8,0.4,0,1.3,2.1,5.5,269,9.4,0.531,0.238,0.375,1.9,6.6,4.3,19.2,1.4,0,19.8,19.9,0,0.1,0.2,0.033,-2.7,-3.1,-5.8,-0.3
2005/2006,49500000,62777897,398762,Minnesota Timberwolves,18,MIN,Minnesota,West,Northwest,33,49,0.402,91.7,93.6,-1.75,Marcus Banks,PG,24,1724280,2270757,40,28,30.7,4.7,9.7,0.479,0.4,1.1,0.364,4.3,8.6,0.494,0.5,2.3,2.9,0.778,0.5,2.4,2.9,4.7,1.2,0.3,2.4,3.1,12,1228,14.5,0.545,0.113,0.302,1.9,9.2,5.7,26.6,2.1,0.7,17.9,20.7,0.8,1.3,2.1,0.083,-0.3,-0.4,-0.7,0.4
2005/2006,49500000,62777897,398762,Phoenix Suns,24,PHO,Arizona,West,Pacific,54,28,0.659,108.4,102.8,5.48,Leandro Barbosa,SG,23,930600,1225535,57,11,27.9,4.8,9.9,0.481,1.5,3.4,0.444,3.3,6.5,0.501,0.558,1.9,2.6,0.755,0.5,2.1,2.6,2.8,0.8,0.1,1.6,2.5,13.1,1592,15.1,0.589,0.346,0.259,2.2,8.1,5.2,14.4,1.5,0.3,12.3,20.3,2.6,1.2,3.8,0.115,1.5,-1.1,0.3,0.9
2005/2006,49500000,62777897,398762,#N/A,#N/A,TOT,#N/A,#N/A,#N/A,#N/A,#N/A,#N/A,#N/A,#N/A,#N/A,Matt Barnes,PF-SF,25,683862,900597,56,5,11.3,1.3,2.5,0.5,0.1,0.3,0.2,1.2,2.2,0.536,0.511,0.6,0.8,0.681,0.9,1.3,2.2,0.5,0.4,0.1,0.5,1.8,3.1,631,10.7,0.545,0.107,0.336,8.9,13.7,11.3,7,1.6,0.8,15.7,13.8,0.5,0.4,1,0.075,-1.9,-0.9,-2.8,-0.1
2005/2006,49500000,62777897,398762,New York Knicks,20,NYK,New York,East,Atlantic,23,59,0.28,95.6,102,-6.3,Matt Barnes,SF,25,683862,900597,6,5,15.5,1.8,5,0.367,0.2,0.7,0.25,1.7,4.3,0.385,0.383,0.5,0.7,0.75,1.2,2.8,4,1,0.7,0,1,1.3,4.3,93,9.8,0.409,0.133,0.133,9.1,22.5,15.7,10.9,2.3,0,15.9,18.4,-0.1,0.1,0,-0.012,-3.7,-0.2,-3.9,0
2005/2006,49500000,62777897,398762,Philadelphia 76ers,23,PHI,Pennsylvania,East,Atlantic,38,44,0.463,99.4,101.3,-2.1,Matt Barnes,PF,25,683862,900597,50,0,10.8,1.2,2.2,0.536,0,0.2,0.182,1.1,2,0.576,0.545,0.6,0.9,0.674,0.8,1.1,1.9,0.4,0.3,0.1,0.5,1.8,3,538,10.8,0.578,0.1,0.391,8.9,12.2,10.5,6.3,1.5,1,15.7,13,0.6,0.4,1,0.09,-1.6,-1,-2.6,-0.1
2005/2006,49500000,62777897,398762,#N/A,#N/A,TOT,#N/A,#N/A,#N/A,#N/A,#N/A,#N/A,#N/A,#N/A,#N/A,Andre Barrett,PG,23,#N/A,#N/A,19,0,14.8,2,5.5,0.365,0.1,0.7,0.143,1.9,4.7,0.4,0.375,0.5,0.6,0.75,0.5,0.8,1.3,2.7,0.5,0,0.8,0.7,4.6,282,11.3,0.398,0.135,0.115,3.7,7.1,5.4,29.5,1.9,0,12.1,20.3,-0.1,0,-0.1,-0.019,-2.5,-3.2,-5.7,-0.3
2005/2006,49500000,62777897,398762,Phoenix Suns,24,PHO,Arizona,West,Pacific,54,28,0.659,108.4,102.8,5.48,Andre Barrett,PG,23,#N/A,#N/A,2,0,10.5,1.5,3.5,0.429,0,0.5,0,1.5,3,0.5,0.429,1.5,1.5,1,0.5,1,1.5,1,0,0,0.5,0.5,4.5,21,14.1,0.541,0.143,0.429,5.4,10.3,7.9,13.3,0,0,10.7,19.9,0,0,0,0.109,-1.7,-3.1,-4.9,0
2005/2006,49500000,62777897,398762,Toronto Raptors,28,TOR,Ontario,East,Atlantic,27,55,0.329,101.1,104,-3.03,Andre Barrett,PG,23,#N/A,#N/A,17,0,15.4,2.1,5.7,0.361,0.1,0.8,0.154,1.9,4.9,0.393,0.371,0.4,0.5,0.667,0.5,0.8,1.3,2.9,0.6,0,0.8,0.7,4.6,261,11,0.386,0.134,0.093,3.6,6.8,5.2,30.9,2,0,12.2,20.4,-0.2,0,-0.2,-0.029,-2.6,-3.2,-5.8,-0.2
2005/2006,49500000,62777897,398762,Miami Heat,16,MIA,Florida,East,Southeast,52,30,0.634,99.9,96,3.59,Earl Barron,C,24,398762,525141,8,0,5.6,0.6,2,0.313,0,0,,0.6,2,0.313,0.313,0.4,0.5,0.75,0.3,1,1.3,0,0,0,0.6,1.3,1.6,45,-2.8,0.366,0,0.25,5.5,20.1,13.1,0,0,0,22,23.4,-0.2,0,-0.2,-0.167,-13.9,-6.4,-20.4,-0.2
2005/2006,49500000,62777897,398762,San Antonio Spurs,27,SAS,Texas,West,Southwest,63,19,0.768,95.6,88.8,6.69,Brent Barry,SG,34,4691390,6178235,74,5,17,2.1,4.7,0.452,1.1,2.7,0.396,1,1.9,0.531,0.568,0.5,0.8,0.661,0.4,1.8,2.1,1.7,0.5,0.4,0.7,1.3,5.8,1259,14.8,0.581,0.586,0.171,2.8,11.9,7.5,15.5,1.7,1.5,12.3,16,2.1,2.2,4.3,0.162,1.5,1.2,2.7,1.5
2005/2006,49500000,62777897,398762,Houston Rockets,11,HOU,Texas,West,Southwest,34,48,0.415,90.1,91.7,-1.3,Jon Barry,SG,36,1800000,2370475,20,0,17.1,1.3,3.3,0.385,0.6,1.6,0.375,0.7,1.7,0.394,0.477,1.2,1.5,0.828,0.1,1.5,1.6,1.3,0.7,0.1,1.1,1.3,4.3,342,8.5,0.553,0.492,0.446,0.3,10.1,5.3,12.5,2.1,0.2,22.1,13.9,0,0.4,0.4,0.055,-3.2,0.3,-2.8,-0.1
2005/2006,49500000,62777897,398762,Chicago Bulls,5,CHI,Illinois,East,Central,41,41,0.5,97.8,97.2,0.51,Eddie Basden,SF,22,398762,525141,19,0,7.4,0.8,1.9,0.405,0.1,0.4,0.143,0.7,1.6,0.467,0.419,0.4,0.5,0.8,0.4,1.1,1.5,0.4,0.5,0.1,0.5,0.9,2.1,141,10.3,0.471,0.189,0.27,5.7,17,11.4,8.8,3.3,1.1,17.9,16.1,-0.1,0.3,0.2,0.065,-4,2.7,-1.4,0
2005/2006,49500000,62777897,398762,New Orleans/Oklahoma City Hornets,19,NOK,Oklahoma,West,Southwest,38,44,0.463,92.8,95.6,-2.51,Brandon Bass,PF,20,398762,525141,29,1,9.2,1,2.4,0.4,0,0,,1,2.4,0.4,0.4,0.4,0.7,0.632,0.6,1.7,2.3,0.1,0.1,0.2,0.4,0.6,2.3,268,9.1,0.434,0,0.271,7.8,22.8,15.1,1.8,0.6,2.2,12.3,15.6,-0.2,0.3,0.1,0.013,-6.6,-1.5,-8.2,-0.4
2005/2006,49500000,62777897,398762,Atlanta Hawks,1,ATL,Georgia,East,Southeast,26,56,0.317,97.2,102,-4.69,Esteban Batista,PF,22,398762,525141,57,3,8.7,0.6,1.4,0.425,0,0,0,0.6,1.4,0.43,0.425,0.6,0.9,0.623,1.1,1.5,2.5,0.1,0.3,0.2,0.7,1.9,1.8,495,7.1,0.489,0.013,0.663,14.4,20.7,17.5,2.1,1.6,1.7,26.9,13,-0.2,0.3,0.1,0.011,-4.9,-1.7,-6.6,-0.6
2005/2006,49500000,62777897,398762,Orlando Magic,22,ORL,Florida,East,Southeast,36,46,0.439,94.9,96,-1.26,Tony Battie,C,29,5200000,6848039,82,82,27,3.4,6.7,0.507,0,0.1,0,3.4,6.7,0.513,0.507,1.1,1.6,0.664,1.8,3.8,5.6,0.6,0.6,0.8,1.1,3,7.9,2215,12.2,0.531,0.011,0.243,8.3,16.9,12.7,3.7,1.1,2.5,12.6,14.9,1.7,2.2,3.8,0.083,-1.8,0.5,-1.3,0.4
2005/2006,49500000,62777897,398762,Memphis Grizzlies,15,MEM,Tennessee,West,Southwest,49,33,0.598,92.2,88.5,3.74,Shane Battier,SF,27,4903000,6456910,81,81,35,3.7,7.7,0.488,0.8,2,0.394,2.9,5.6,0.522,0.54,1.8,2.6,0.707,2,3.3,5.3,1.7,1.1,1.4,1.1,2.8,10.1,2839,14.7,0.574,0.266,0.335,7.1,11.2,9.2,8.2,1.8,3.2,11.2,13.7,4.6,4.5,9.1,0.153,0.9,3.1,4,4.3
2005/2006,49500000,62777897,398762,#N/A,#N/A,TOT,#N/A,#N/A,#N/A,#N/A,#N/A,#N/A,#N/A,#N/A,#N/A,Lonny Baxter,C-PF,27,745248,981439,41,0,9.8,1.1,2.5,0.433,0,0,,1.1,2.5,0.433,0.433,0.7,0.9,0.8,1.1,1.8,2.9,0.1,0.3,0.2,0.5,1.4,2.9,400,11.9,0.494,0,0.337,13.2,21.3,17.1,1.7,1.5,1.6,14.3,16.2,0.1,0.6,0.7,0.088,-4.8,-1.1,-5.9,-0.4
2005/2006,49500000,62777897,398762,Houston Rockets,11,HOU,Texas,West,Southwest,34,48,0.415,90.1,91.7,-1.3,Lonny Baxter,C,27,745248,981439,23,0,12.2,1.4,3.1,0.458,0,0,,1.4,3.1,0.458,0.458,0.7,0.8,0.842,1.7,2,3.7,0.1,0.4,0.3,0.6,2.1,3.6,281,13.1,0.51,0,0.264,16.1,18.9,17.5,1.3,1.7,2,13.9,15.8,0.2,0.5,0.7,0.119,-3.6,-0.7,-4.3,-0.2
2005/2006,49500000,62777897,398762,Charlotte Bobcats,4,CHA,North Carolina,East,Southeast,26,56,0.317,96.9,100.9,-3.9,Lonny Baxter,PF,27,745248,981439,18,0,6.6,0.7,1.8,0.375,0,0,,0.7,1.8,0.375,0.375,0.7,0.9,0.75,0.4,1.4,1.8,0.1,0.1,0.1,0.4,0.4,2,119,9.2,0.461,0,0.5,6.4,27.1,16.1,2.6,0.9,0.7,15.2,17.2,-0.1,0.1,0,0.014,-7.6,-2.2,-9.8,-0.2
2005/2006,49500000,62777897,398762,Milwaukee Bucks,17,MIL,Wisconsin,East,Central,40,42,0.488,97.8,98.8,-1.07,Charlie Bell,SG,26,641748,845137,59,6,21.7,3.1,6.9,0.439,1.2,2.8,0.423,1.8,4.1,0.45,0.526,1.1,1.5,0.708,0.4,1.7,2,2.2,1,0.1,0.7,2.1,8.4,1283,14.7,0.55,0.41,0.217,1.9,9.3,5.6,16.6,2.4,0.3,8.4,17.5,2.2,1.1,3.3,0.123,1.6,-0.7,0.9,0.9
2005/2006,49500000,62777897,398762,Phoenix Suns,24,PHO,Arizona,West,Pacific,54,28,0.659,108.4,102.8,5.48,Raja Bell,SG,29,4250000,5596955,79,79,37.5,5.4,11.8,0.457,2.5,5.6,0.442,2.9,6.1,0.471,0.563,1.5,1.8,0.788,0.6,2.6,3.2,2.6,1,0.3,1.1,3.1,14.7,2959,12.9,0.584,0.48,0.157,1.7,7.7,4.7,9.8,1.3,0.5,8.2,16.4,4.7,2.1,6.8,0.11,2.1,-0.3,1.8,2.8
2005/2006,49500000,62777897,398762,Indiana Pacers,12,IND,Indiana,East,Central,41,41,0.5,93.9,92,1.62,Jonathan Bender,SF,25,7175000,9448976,2,0,10.5,2,2.5,0.8,0,0,,2,2.5,0.8,0.8,1,1,1,0,2,2,1,0,0.5,0,1,5,21,26.4,0.85,0,0.4,0,21.3,11,18.5,0,3.5,0,13,0.1,0,0.2,0.359,3.7,1.1,4.8,0
2005/2006,49500000,62777897,398762,Sacramento Kings,26,SAC,California,West,Pacific,44,38,0.537,98.9,97.3,1.61,Mike Bibby,PG,27,11500000,15144701,82,82,38.6,7.3,16.9,0.432,2.3,6.1,0.386,4.9,10.8,0.458,0.501,4.2,4.9,0.849,0.4,2.6,2.9,5.4,1,0.1,2.4,2.1,21.1,3167,17.9,0.554,0.36,0.292,1.1,7.7,4.4,25.2,1.4,0.2,11.3,25.4,6,2.4,8.4,0.127,3.2,-2.3,1,2.4
2005/2006,49500000,62777897,398762,Golden State Warriors,10,GSW,California,West,Pacific,34,48,0.415,98.5,99.8,-1.11,Andris Biedrins,C,19,1857360,2446014,68,2,14.7,1.7,2.7,0.638,0,0,,1.7,2.7,0.638,0.638,0.3,1.1,0.306,1.8,2.3,4.2,0.4,0.3,0.7,0.5,2.8,3.8,1000,13.6,0.595,0,0.389,13.5,18.2,15.8,3.9,1.2,3.5,13.6,11.2,1.6,1.3,2.9,0.137,-1.5,1.7,0.2,0.6
2005/2006,49500000,62777897,398762,Detroit Pistons,9,DET,Michigan,East,Central,64,18,0.78,96.8,90.2,6.24,Chauncey Billups,PG,29,5909800,7782796,81,81,36.1,5.2,12.5,0.418,2.3,5.2,0.433,3,7.2,0.407,0.509,5.7,6.4,0.894,0.5,2.6,3.1,8.6,0.9,0.1,2.1,2,18.5,2925,23.4,0.602,0.42,0.514,1.6,8.7,5.1,39.3,1.3,0.2,12,22.9,12.7,2.8,15.5,0.254,6.9,-2.2,4.7,4.9
2005/2006,49500000,62777897,398762,Portland Trail Blazers,25,POR,Oregon,West,Northwest,21,61,0.256,88.8,98.3,-8.91,Steve Blake,PG,25,1000000,1316930,68,57,26.2,3,6.9,0.438,1.1,2.7,0.413,1.9,4.2,0.455,0.519,1.1,1.3,0.791,0.4,1.8,2.1,4.5,0.6,0.1,1.2,1.6,8.2,1781,14.5,0.549,0.391,0.194,1.7,8.2,4.9,29,1.3,0.2,14,15.8,3,-0.2,2.8,0.076,1.5,-3.2,-1.7,0.1
2005/2006,49500000,62777897,398762,Washington Wizards,30,WAS,Washington DC,East,Southeast,42,40,0.512,101.7,99.8,1.57,Andray Blatche,PF,19,398762,525141,29,0,6,0.9,2.3,0.388,0.1,0.4,0.231,0.8,1.9,0.426,0.41,0.3,0.4,0.833,0.4,0.9,1.3,0.3,0.2,0.2,0.4,1.2,2.2,175,10.1,0.45,0.194,0.179,7.7,17.8,12.6,9.5,1.5,3.1,14.2,21.5,-0.1,0.2,0.1,0.026,-4,-0.4,-4.4,-0.1
2005/2006,49500000,62777897,398762,#N/A,#N/A,TOT,#N/A,#N/A,#N/A,#N/A,#N/A,#N/A,#N/A,#N/A,#N/A,Mark Blount,C,30,5515875,7264024,81,55,27.7,4.6,9.1,0.508,0,0,,4.6,9.1,0.508,0.508,2.1,2.7,0.757,1.2,3.3,4.5,1.2,0.5,0.9,2.4,3.1,11.3,2240,12.1,0.549,0,0.302,5.3,14.2,9.8,7.8,1,2.6,18.9,21.4,-0.5,2.3,1.7,0.037,-3.5,-0.1,-3.6,-0.9
2005/2006,49500000,62777897,398762,Boston Celtics,2,BOS,Massachusetts,East,Atlantic,33,49,0.402,98,99.5,-1.59,Mark Blount,C,30,5515875,7264024,39,25,27.8,5,9.7,0.511,0,0,,5,9.7,0.511,0.511,2.5,3.3,0.764,0.9,3.2,4.2,1.7,0.4,0.9,3.1,2.7,12.4,1083,12,0.556,0,0.334,4.2,13.8,9.1,10.8,0.7,2.5,21.6,23.6,-0.6,0.9,0.2,0.01,-3.9,-0.5,-4.5,-0.7
2005/2006,49500000,62777897,398762,Minnesota Timberwolves,18,MIN,Minnesota,West,Northwest,33,49,0.402,91.7,93.6,-1.75,Mark Blount,C,30,5515875,7264024,42,30,27.5,4.3,8.4,0.506,0,0,,4.3,8.4,0.506,0.506,1.7,2.3,0.747,1.4,3.4,4.8,0.8,0.6,1,1.8,3.5,10.2,1157,12.1,0.542,0,0.268,6.4,14.5,10.5,5,1.2,2.6,15.8,19.3,0.1,1.4,1.5,0.063,-3.1,0.3,-2.8,-0.2
2005/2006,49500000,62777897,398762,#N/A,#N/A,TOT,#N/A,#N/A,#N/A,#N/A,#N/A,#N/A,#N/A,#N/A,#N/A,Keith Bogans,SG-SF,25,869373,1144903,72,31,26.6,3,7.6,0.395,0.9,2.8,0.325,2.1,4.8,0.436,0.455,1.8,2.6,0.683,0.8,2.8,3.5,1.8,1,0.1,1.3,2.3,8.6,1912,10.7,0.497,0.368,0.342,3.3,12.4,7.8,11.2,2,0.4,12.6,17.2,0.3,2,2.3,0.058,-1.4,0.3,-1.1,0.4
2005/2006,49500000,62777897,398762,Charlotte Bobcats,4,CHA,North Carolina,East,Southeast,26,56,0.317,96.9,100.9,-3.9,Keith Bogans,SG,25,869373,1144903,39,9,21.7,2.9,7.4,0.396,0.8,2.5,0.337,2.1,4.9,0.426,0.453,2.1,2.7,0.762,0.7,2,2.7,1.2,1,0.1,1.1,2,8.7,848,12.4,0.51,0.34,0.365,3.7,11.3,7.2,8.7,2.4,0.3,10.9,19.6,0.4,0.7,1.2,0.066,-0.8,-0.8,-1.6,0.1
2005/2006,49500000,62777897,398762,Houston Rockets,11,HOU,Texas,West,Southwest,34,48,0.415,90.1,91.7,-1.3,Keith Bogans,SF,25,869373,1144903,33,22,32.2,3.1,7.8,0.395,1,3.1,0.314,2.1,4.7,0.448,0.457,1.4,2.5,0.58,0.8,3.7,4.5,2.5,1,0.2,1.5,2.7,8.5,1064,9.3,0.482,0.398,0.316,2.9,13.3,8.2,13.3,1.6,0.5,14.4,15.3,-0.1,1.3,1.2,0.053,-1.9,1.2,-0.7,0.3
2005/2006,49500000,62777897,398762,Milwaukee Bucks,17,MIL,Wisconsin,East,Central,40,42,0.488,97.8,98.8,-1.07,Andrew Bogut,PF,21,4340520,5716163,82,77,28.6,3.9,7.4,0.533,0,0,0,3.9,7.4,0.536,0.533,1.5,2.4,0.629,2.3,4.7,7,2.3,0.6,0.8,1.5,3.2,9.4,2348,15.2,0.555,0.005,0.32,9.4,19.8,14.5,13.4,1.1,2.3,15.3,15.9,3.1,2.4,5.5,0.113,-0.2,2,1.8,2.3
2005/2006,49500000,62777897,398762,Toronto Raptors,28,TOR,Ontario,East,Atlantic,27,55,0.329,101.1,104,-3.03,Matt Bonner,PF,25,2000000,2633861,78,6,21.9,2.7,6,0.448,1.3,3.1,0.42,1.4,2.9,0.478,0.557,0.8,1,0.829,1.1,2.5,3.6,0.7,0.6,0.4,0.4,2.8,7.5,1710,13.7,0.582,0.52,0.163,5.9,14.8,10.2,5.2,1.5,1.4,6,14.4,3.5,0.5,4.1,0.114,1.9,-1.2,0.7,1.2
2005/2006,49500000,62777897,398762,Washington Wizards,30,WAS,Washington DC,East,Southeast,42,40,0.512,101.7,99.8,1.57,Calvin Booth,C,29,7255098,9554460,33,2,7.6,0.6,1.4,0.426,0,0.1,0.5,0.6,1.4,0.422,0.436,0.2,0.3,0.556,0.6,1,1.6,0.4,0.3,0.3,0.2,1.3,1.4,250,8.9,0.451,0.043,0.191,8.6,15.8,12.1,7.2,1.9,2.8,13.6,10.5,0.1,0.3,0.4,0.07,-3.1,1.8,-1.4,0
2005/2006,49500000,62777897,398762,Utah Jazz,29,UTA,Utah,West,Northwest,41,41,0.5,92.4,95,-2.49,Carlos Boozer,PF,24,11593816,15268250,33,19,31.1,6.6,12.1,0.549,0,0,,6.6,12.1,0.549,0.549,3,4.2,0.723,2.2,6.4,8.6,2.7,0.9,0.2,2.1,3.2,16.3,1025,21.4,0.585,0,0.343,8.6,25.3,16.9,18,1.6,0.6,13.1,23.9,2.2,1.3,3.5,0.162,2.2,0.4,2.6,1.2
2005/2006,49500000,62777897,398762,Toronto Raptors,28,TOR,Ontario,East,Atlantic,27,55,0.329,101.1,104,-3.03,Chris Bosh,C,21,3348000,4409083,70,70,39.3,7.8,15.5,0.505,0,0.2,0,7.8,15.3,0.511,0.505,6.8,8.3,0.816,2.9,6.3,9.2,2.6,0.7,1.1,2.2,3,22.5,2751,23.2,0.585,0.012,0.534,8.7,20.6,14.4,11.8,1,2.3,10.5,25.2,8.7,1.1,9.8,0.17,2.8,-0.3,2.5,3.1
2005/2006,49500000,62777897,398762,San Antonio Spurs,27,SAS,Texas,West,Southwest,63,19,0.768,95.6,88.8,6.69,Bruce Bowen,SF,34,3375000,4444640,82,82,33.6,2.8,6.5,0.433,1.3,3,0.424,1.6,3.5,0.44,0.53,0.6,1,0.607,0.4,3.5,3.9,1.5,1,0.4,0.8,2.3,7.5,2755,9.1,0.54,0.457,0.157,1.5,11.9,6.9,6.8,1.6,0.8,10.5,11.1,1.7,4.5,6.2,0.108,-0.6,2.6,1.9,2.7
2005/2006,49500000,62777897,398762,Houston Rockets,11,HOU,Texas,West,Southwest,34,48,0.415,90.1,91.7,-1.3,Ryan Bowen,SF,30,900498,1185893,68,19,9.6,0.5,1.8,0.298,0,0.3,0.136,0.5,1.5,0.333,0.31,0.2,0.2,0.786,0.5,0.8,1.3,0.4,0.3,0.1,0.2,1.3,1.3,652,4,0.338,0.177,0.113,5.7,10.1,7.9,5.9,1.8,0.8,9.1,10.5,-0.6,0.8,0.2,0.012,-5.6,1.2,-4.4,-0.4
2005/2006,49500000,62777897,398762,Denver Nuggets,8,DEN,Colorado,West,Northwest,44,38,0.537,100.3,100.1,0.36,Earl Boykins,PG,29,2750000,3621559,60,0,25.7,4.5,11,0.41,1,3,0.346,3.5,8,0.434,0.457,2.5,2.9,0.874,0.4,1,1.4,3.8,0.8,0.1,1.4,1.2,12.6,1542,15.7,0.513,0.271,0.263,1.6,4.5,3.1,25,1.6,0.2,10.1,23.8,2,0.9,2.9,0.09,1.1,-3.2,-2.1,0
2005/2006,49500000,62777897,398762,Philadelphia 76ers,23,PHI,Pennsylvania,East,Atlantic,38,44,0.463,99.4,101.3,-2.1,Michael Bradley,PF,26,819550,1079290,46,1,8,0.7,1.7,0.405,0,0.1,0.2,0.7,1.6,0.419,0.411,0,0.1,0.667,0.9,1.5,2.3,0.4,0.1,0.2,0.4,0.8,1.5,367,8.4,0.417,0.063,0.038,12.7,21.4,17.1,6.9,0.7,1.4,19.1,12.3,-0.2,0.3,0.1,0.019,-4.7,-0.7,-5.4,-0.3
2005/2006,49500000,62777897,398762,Los Angeles Clippers,13,LAC,California,West,Pacific,47,35,0.573,97.2,95.6,1.75,Elton Brand,PF,26,13152000,17320271,79,79,39.2,9.6,18.2,0.527,0,0,0.333,9.6,18.1,0.527,0.527,5.6,7.2,0.775,3,7,10,2.6,1,2.5,2.2,2.9,24.7,3099,26.5,0.58,0.002,0.396,9.3,19.9,14.8,13.1,1.4,4.9,9.3,27.7,9.3,5.5,14.8,0.229,3.6,2.6,6.3,6.5
2005/2006,49500000,62777897,398762,Charlotte Bobcats,4,CHA,North Carolina,East,Southeast,26,56,0.317,96.9,100.9,-3.9,Primoz Brezec,C,26,2750000,3621559,79,79,27.4,5.2,10,0.517,0,0,0,5.2,10,0.518,0.517,2.1,2.8,0.732,2.3,3.3,5.6,0.6,0.2,0.4,1.1,2.9,12.4,2165,15.3,0.552,0.003,0.283,9.1,14.8,11.8,3.7,0.5,1.1,8.7,20,3.4,1.2,4.6,0.102,-0.9,-2,-2.9,-0.5
2005/2006,49500000,62777897,398762,Utah Jazz,29,UTA,Utah,West,Northwest,41,41,0.5,92.4,95,-2.49,Devin Brown,SG,27,2500000,3292326,81,14,21.1,2.6,6.5,0.393,0.5,1.5,0.331,2.1,5,0.411,0.43,2,2.6,0.745,0.9,1.7,2.6,1.3,0.5,0.2,1.2,1.9,7.5,1711,10.3,0.493,0.224,0.402,5.1,9.6,7.3,10.7,1.4,0.7,13.8,19.5,0.4,1.1,1.4,0.041,-1.9,-1.7,-3.7,-0.7
2005/2006,49500000,62777897,398762,Los Angeles Lakers,14,LAL,California,West,Pacific,45,37,0.549,99.4,96.9,2.53,Kwame Brown,C,23,7500000,9876979,72,49,27.5,2.8,5.4,0.526,0,0,0,2.8,5.4,0.527,0.526,1.8,3.3,0.545,2.5,4,6.6,1,0.4,0.6,1.4,2.7,7.4,1978,11.7,0.545,0.003,0.606,10.8,17.3,14.1,5.6,0.7,1.8,16.9,13.6,1.7,1.9,3.6,0.088,-2,0.3,-1.7,0.2
2005/2006,49500000,62777897,398762,New Orleans/Oklahoma City Hornets,19,NOK,Oklahoma,West,Southwest,38,44,0.463,92.8,95.6,-2.51,PJ Brown,C,36,8000000,10535444,75,73,31.7,3.6,7.8,0.461,0,0,,3.6,7.8,0.461,0.461,1.9,2.2,0.827,2.4,4.9,7.3,1.2,0.6,0.7,1.2,2.9,9,2380,12.7,0.515,0,0.288,8.9,18.8,13.7,6.3,1,1.7,12,14.7,2.1,2.3,4.4,0.088,-1.5,1.1,-0.3,1
2005/2006,49500000,62777897,398762,#N/A,#N/A,TOT,#N/A,#N/A,#N/A,#N/A,#N/A,#N/A,#N/A,#N/A,#N/A,Rick Brunson,PG,33,1029873,1356271,27,0,9.1,0.8,2,0.389,0.2,0.5,0.385,0.6,1.5,0.39,0.435,0.3,0.4,0.583,0,0.8,0.8,1.3,0.3,0,0.8,0.8,2,246,6.3,0.455,0.241,0.222,0.5,9.9,5.3,23.4,1.8,0.3,27.1,15.6,-0.4,0.2,-0.1,-0.025,-5.9,-1,-7,-0.3
2005/2006,49500000,62777897,398762,Seattle SuperSonics,21,SEA,Washington,West,Northwest,35,47,0.427,102.6,105.6,-2.88,Rick Brunson,PG,33,1029873,1356271,4,0,7.8,1.3,2,0.625,0,0.3,0,1.3,1.8,0.714,0.625,0,0,,0,0.5,0.5,0.5,0,0,0.8,0.3,2.5,31,7.8,0.625,0.125,0,0,7.9,3.9,10.5,0,0,27.3,15.9,0,0,0,-0.058,-4.2,-4.8,-9,-0.1
2005/2006,49500000,62777897,398762,Houston Rockets,11,HOU,Texas,West,Southwest,34,48,0.415,90.1,91.7,-1.3,Rick Brunson,PG,33,1029873,1356271,23,0,9.3,0.7,2,0.348,0.2,0.5,0.417,0.5,1.5,0.324,0.402,0.3,0.5,0.583,0,0.8,0.9,1.4,0.3,0,0.8,0.9,1.9,215,6.1,0.429,0.261,0.261,0.6,10.2,5.5,25.2,2,0.4,27,15.6,-0.4,0.3,-0.1,-0.02,-6.2,-0.5,-6.7,-0.3
2005/2006,49500000,62777897,398762,Los Angeles Lakers,14,LAL,California,West,Pacific,45,37,0.549,99.4,96.9,2.53,Kobe Bryant,SG,27,15946875,21000927,80,80,41,12.2,27.2,0.45,2.3,6.5,0.347,10,20.7,0.482,0.491,8.7,10.2,0.85,0.9,4.4,5.3,4.5,1.8,0.4,3.1,2.9,35.4,3277,28,0.559,0.238,0.377,2.6,12.7,7.6,24.1,2.4,0.7,9,38.7,11.6,3.7,15.3,0.224,7.3,-1.5,5.8,6.5
2005/2006,49500000,62777897,398762,Denver Nuggets,8,DEN,Colorado,West,Northwest,44,38,0.537,100.3,100.1,0.36,Greg Buckner,SG,29,3595926,4735584,73,27,24.1,2.5,5.7,0.434,1.2,3.3,0.354,1.3,2.4,0.546,0.537,0.6,0.8,0.782,0.4,2.4,2.9,1.7,1.2,0.3,0.7,2.5,6.7,1758,11.4,0.556,0.583,0.132,2.1,11.7,6.9,10.8,2.5,0.9,10.5,12.6,1.7,2,3.8,0.103,0.6,1.1,1.7,1.6
2005/2006,49500000,62777897,398762,Phoenix Suns,24,PHO,Arizona,West,Pacific,54,28,0.659,108.4,102.8,5.48,Pat Burke,C,32,750000,987697,42,0,8.2,1.5,3,0.496,0,0.2,0.286,1.5,2.9,0.508,0.504,0.3,0.5,0.619,0.5,1.2,1.7,0.4,0.1,0.3,0.8,1.5,3.4,346,9.9,0.517,0.055,0.165,6.9,16.3,11.7,6.8,0.9,2.6,19.5,21.9,-0.3,0.4,0.1,0.009,-5.4,-0.4,-5.9,-0.3
2005/2006,49500000,62777897,398762,Memphis Grizzlies,15,MEM,Tennessee,West,Southwest,49,33,0.598,92.2,88.5,3.74,Antonio Burks,PG,25,641748,845137,57,1,10,0.9,2.5,0.354,0,0.1,0.167,0.9,2.4,0.362,0.358,0.2,0.4,0.435,0.1,0.6,0.6,1.3,0.4,0,0.6,0.8,2,570,5.1,0.367,0.042,0.16,0.9,7,3.9,22.1,2,0,18.9,16.2,-1.1,0.7,-0.4,-0.033,-6.9,-1.3,-8.2,-0.9
2005/2006,49500000,62777897,398762,Charlotte Bobcats,4,CHA,North Carolina,East,Southeast,26,56,0.317,96.9,100.9,-3.9,Kevin Burleson,PG,26,398762,525141,39,1,8.7,0.6,2.3,0.25,0.3,1.4,0.185,0.3,0.9,0.353,0.307,0.4,0.4,0.941,0.1,0.6,0.7,1.2,0.7,0.1,0.6,1.6,1.8,340,5.1,0.367,0.614,0.193,1.3,8,4.4,20.8,3.9,0.5,20.8,15.7,-0.6,0.4,-0.2,-0.032,-4.3,0,-4.3,-0.2
2005/2006,49500000,62777897,398762,Washington Wizards,30,WAS,Washington DC,East,Southeast,42,40,0.512,101.7,99.8,1.57,Caron Butler,SF,25,2461617,3241778,75,54,36.1,6.6,14.5,0.455,0.5,1.6,0.342,6,12.9,0.469,0.474,3.9,4.4,0.87,1.5,4.7,6.2,2.5,1.7,0.2,2.3,3.2,17.6,2708,17,0.535,0.11,0.306,4.8,15.6,10,12.1,2.4,0.5,12.4,23.2,3.5,2.8,6.3,0.112,0.5,0.3,0.8,1.9
2005/2006,49500000,62777897,398762,New York Knicks,20,NYK,New York,East,Atlantic,23,59,0.28,95.6,102,-6.3,Jackie Butler,C,20,398762,525141,55,0,13.5,2.1,3.9,0.544,0,0,,2.1,3.9,0.544,0.544,1.1,1.4,0.753,1.2,2.1,3.3,0.5,0.3,0.6,1.1,2.3,5.3,740,14.8,0.587,0,0.358,10.9,19.3,15,6.1,1.2,3.4,19.9,19,0.7,0.6,1.2,0.078,-1.6,0,-1.6,0.1
2005/2006,49500000,62777897,398762,New Orleans/Oklahoma City Hornets,19,NOK,Oklahoma,West,Southwest,38,44,0.463,92.8,95.6,-2.51,Rasual Butler,SF,26,1300000,1712009,79,20,23.7,3.3,8,0.406,1.2,3.1,0.38,2.1,4.9,0.422,0.479,1,1.4,0.693,0.6,2.3,2.9,0.5,0.4,0.6,0.8,1.8,8.7,1875,10.8,0.501,0.382,0.18,3.2,11.8,7.4,3.7,0.9,2,8.7,18.6,0.4,1.3,1.7,0.045,-1.6,-1.3,-2.9,-0.4
2005/2006,49500000,62777897,398762,Los Angeles Lakers,14,LAL,California,West,Pacific,45,37,0.549,99.4,96.9,2.53,Andrew Bynum,C,18,1888680,2487260,46,0,7.3,0.7,1.8,0.402,0,0,,0.7,1.8,0.402,0.402,0.2,0.6,0.296,0.7,1,1.7,0.2,0.1,0.5,0.4,1.2,1.6,338,7.4,0.394,0,0.329,11.9,16,13.9,4.1,0.6,5,15.3,15,-0.4,0.4,0.1,0.007,-6.3,0.5,-5.8,-0.3
2005/2006,49500000,62777897,398762,Golden State Warriors,10,GSW,California,West,Pacific,34,48,0.415,98.5,99.8,-1.11,Will Bynum,PG,23,#N/A,#N/A,15,0,10.8,1.4,3.5,0.404,0.1,0.6,0.222,1.3,2.9,0.442,0.423,0.7,1.1,0.625,0.2,0.6,0.8,1.3,0.5,0,0.9,0.7,3.6,162,8.7,0.457,0.173,0.308,2,6.3,4.1,19.2,2.2,0,19.2,20.1,-0.2,0.1,-0.1,-0.021,-4.8,-1.8,-6.6,-0.2
2005/2006,49500000,62777897,398762,Golden State Warriors,10,GSW,California,West,Pacific,34,48,0.415,98.5,99.8,-1.11,Zarko Cabarkapa,PF,24,1404360,1849444,61,0,8.3,1.1,2.9,0.385,0.1,0.3,0.25,1,2.5,0.403,0.399,1,1.4,0.714,0.6,1.2,1.8,0.3,0.2,0.1,0.6,1.4,3.3,505,9.9,0.472,0.115,0.483,8,16.7,12.3,6.5,1.3,1,14.2,21.7,-0.2,0.5,0.3,0.031,-4.8,-1.4,-6.3,-0.5
2005/2006,49500000,62777897,398762,Toronto Raptors,28,TOR,Ontario,East,Atlantic,27,55,0.329,101.1,104,-3.03,Jose Calderon,SG,24,2190000,2884077,64,11,23.2,2.1,4.9,0.423,0.1,0.7,0.163,2,4.2,0.465,0.434,1.2,1.4,0.848,0.5,1.7,2.2,4.5,0.7,0.1,1.6,1.5,5.5,1487,11.4,0.495,0.138,0.295,2.4,9.5,5.8,29.1,1.5,0.2,22.3,14.1,0.9,0,0.9,0.029,-1.8,-2.1,-3.9,-0.7
2005/2006,49500000,62777897,398762,Denver Nuggets,8,DEN,Colorado,West,Northwest,44,38,0.537,100.3,100.1,0.36,Marcus Camby,C,31,9150000,12049914,56,54,33.2,5.4,11.6,0.465,0,0.2,0.091,5.4,11.4,0.472,0.466,2,2.8,0.712,2.4,9.6,11.9,2.1,1.4,3.3,1.6,2.8,12.8,1857,19.9,0.499,0.017,0.24,8.4,33.3,21,10.2,2.2,7.5,11.4,19.5,1,4.5,5.5,0.141,-2.2,6,3.8,2.7
2005/2006,49500000,62777897,398762,Memphis Grizzlies,15,MEM,Tennessee,West,Southwest,49,33,0.598,92.2,88.5,3.74,Brian Cardinal,PF,28,5393300,7102601,36,0,11.2,1.3,3.1,0.414,0.4,0.8,0.448,0.9,2.3,0.402,0.473,0.5,0.8,0.704,0.3,1.2,1.5,0.9,0.6,0,0.8,1.8,3.4,402,10,0.505,0.261,0.243,3.4,13.1,8.3,14.2,3.2,0,18,18.1,-0.1,0.7,0.6,0.074,-2.8,0.9,-1.9,0
2005/2006,49500000,62777897,398762,Charlotte Bobcats,4,CHA,North Carolina,East,Southeast,26,56,0.317,96.9,100.9,-3.9,Matt Carroll,SG,25,1100000,1448623,78,6,16.3,2.5,6.1,0.403,0.9,2.4,0.389,1.5,3.7,0.412,0.479,1.8,2.2,0.821,0.4,1.6,2,0.4,0.6,0.1,0.6,1.5,7.6,1275,13.9,0.54,0.389,0.353,2.9,12,7.1,4.6,1.9,0.7,8,20.8,1.6,1,2.6,0.097,-0.4,-2.1,-2.5,-0.2
2005/2006,49500000,62777897,398762,Minnesota Timberwolves,18,MIN,Minnesota,West,Northwest,33,49,0.402,91.7,93.6,-1.75,Anthony Carter,PG,30,900498,1185893,45,8,13.1,1.2,3,0.387,0.1,0.3,0.267,1.1,2.7,0.402,0.401,0.9,1.2,0.727,0.2,1.2,1.4,2.2,0.5,0.2,0.9,1.6,3.3,589,10.6,0.465,0.109,0.401,1.9,10.5,6.3,26.9,2.2,1.2,19.9,16.2,-0.1,0.7,0.6,0.047,-3.6,-0.3,-3.8,-0.3
2005/2006,49500000,62777897,398762,New Jersey Nets,3,NJN,New Jersey,East,Atlantic,49,33,0.598,93.8,92.4,1.11,Vince Carter,SG,29,13843156,18230475,79,79,36.8,8.3,19.2,0.43,1.6,4.6,0.341,6.7,14.6,0.459,0.471,6.1,7.6,0.799,1.7,4.1,5.8,4.3,1.2,0.7,2.7,3,24.2,2906,21.6,0.536,0.242,0.396,5.4,13.4,9.3,24.4,1.7,1.5,10.7,32.3,4.9,4.4,9.3,0.153,3.9,0.5,4.4,4.7
2005/2006,49500000,62777897,398762,Los Angeles Clippers,13,LAC,California,West,Pacific,47,35,0.573,97.2,95.6,1.75,Sam Cassell,PG,36,6875000,9053897,78,75,34,6.3,14.3,0.443,0.9,2.4,0.368,5.4,11.8,0.459,0.475,3.7,4.3,0.863,0.5,3.2,3.7,6.3,0.9,0.1,2.2,2.9,17.2,2653,18.5,0.534,0.171,0.301,1.8,10.4,6.3,32.5,1.5,0.3,12.2,25,4.8,2.8,7.6,0.137,2.8,-1,1.8,2.5
2005/2006,49500000,62777897,398762,#N/A,#N/A,TOT,#N/A,#N/A,#N/A,#N/A,#N/A,#N/A,#N/A,#N/A,#N/A,Kelvin Cato,C,31,8640000,11378280,27,0,12.3,1.3,3.1,0.429,0,0,,1.3,3.1,0.429,0.429,1,1.3,0.743,0.7,1.9,2.6,0.1,0.2,0.4,0.7,1.9,3.6,333,9.3,0.493,0,0.417,7.6,18,12.9,1.9,1,2.8,15.3,16.7,0,0.4,0.3,0.045,-5.2,-1.3,-6.5,-0.4
2005/2006,49500000,62777897,398762,Orlando Magic,22,ORL,Florida,East,Southeast,36,46,0.439,94.9,96,-1.26,Kelvin Cato,C,31,8640000,11378280,23,0,13,1.3,3.1,0.431,0,0,,1.3,3.1,0.431,0.431,1.1,1.5,0.743,0.8,1.9,2.7,0.1,0.3,0.4,0.7,2.1,3.8,299,9.4,0.503,0,0.486,8.1,17.7,13,1.1,1.1,2.6,15.5,16.4,0,0.3,0.3,0.052,-4.9,-1.5,-6.4,-0.3
2005/2006,49500000,62777897,398762,Detroit Pistons,9,DET,Michigan,East,Central,64,18,0.78,96.8,90.2,6.24,Kelvin Cato,C,31,8640000,11378280,4,0,8.5,1.3,3,0.417,0,0,,1.3,3,0.417,0.417,0,0,,0.3,1.5,1.8,0.5,0,0.5,0.5,1,2.5,34,7.7,0.417,0,0,3.5,21.2,12.2,9.7,0,4.3,14.3,19.6,-0.1,0.1,0,-0.013,-7.9,0.5,-7.4,0
2005/2006,49500000,62777897,398762,Chicago Bulls,5,CHI,Illinois,East,Central,41,41,0.5,97.8,97.2,0.51,Tyson Chandler,C,23,9000000,11852375,79,50,26.8,2,3.6,0.565,0,0,0,2,3.6,0.567,0.565,1.2,2.4,0.503,3.4,5.7,9,1,0.5,1.3,1.6,3.8,5.3,2121,12.2,0.567,0.004,0.682,14.4,24.2,19.3,5.6,1,3.8,25.1,10.4,1.5,3.9,5.4,0.123,-2,4.2,2.2,2.2
2005/2006,49500000,62777897,398762,Golden State Warriors,10,GSW,California,West,Pacific,34,48,0.415,98.5,99.8,-1.11,Calbert Cheaney,SF,34,1760000,2317797,42,0,10.7,1,2.6,0.389,0,0.2,0,1,2.4,0.42,0.389,0.2,0.2,1,0.5,1,1.5,0.5,0.3,0,0.4,0.9,2.2,448,6,0.412,0.074,0.074,4.9,10.5,7.6,6.6,1.5,0.3,13.2,12.8,-0.3,0.3,0,0,-5.4,-0.1,-5.5,-0.4
2005/2006,49500000,62777897,398762,Atlanta Hawks,1,ATL,Georgia,East,Southeast,26,56,0.317,97.2,102,-4.69,Josh Childress,SF,22,2677200,3525686,74,10,30.4,3.8,6.8,0.552,0.4,0.9,0.492,3.3,5.9,0.56,0.583,2.1,2.7,0.766,1.8,3.4,5.2,1.8,1.2,0.5,1.4,2.5,10,2249,15.8,0.626,0.129,0.399,7,13.9,10.3,9.4,2,1.3,14.6,14,4.6,1.1,5.7,0.121,1.4,0.1,1.5,2
2005/2006,49500000,62777897,398762,Dallas Mavericks,7,DAL,Texas,West,Southwest,60,22,0.732,99.1,93.1,5.96,Doug Christie,SG,35,9775000,12872995,7,7,26.4,1.3,3.7,0.346,0,0.1,0,1.3,3.6,0.36,0.346,1.1,1.7,0.667,0.3,1.6,1.9,2,1.3,0.1,0.9,1.4,3.7,185,6.8,0.416,0.038,0.462,1.3,7,4.2,10.9,2.7,0.4,16.1,9.4,-0.1,0.2,0.1,0.035,-2.9,1.3,-1.6,0
2005/2006,49500000,62777897,398762,New Orleans/Oklahoma City Hornets,19,NOK,Oklahoma,West,Southwest,38,44,0.463,92.8,95.6,-2.51,Speedy Claxton,PG,27,3600000,4740950,71,3,28.4,4.3,10.4,0.413,0.2,0.9,0.27,4,9.5,0.426,0.425,3.5,4.5,0.769,0.5,2.2,2.7,4.8,1.5,0.1,2.2,2.5,12.3,2019,16.1,0.497,0.086,0.435,2.2,9.3,5.7,29.8,2.9,0.2,14.9,23.8,1.1,2,3,0.072,0.4,-0.3,0.1,1
2005/2006,49500000,62777897,398762,Seattle SuperSonics,21,SEA,Washington,West,Northwest,35,47,0.427,102.6,105.6,-2.88,Mateen Cleaves,PG,28,305784,402696,27,0,8.5,0.9,2.6,0.352,0.1,0.6,0.25,0.8,2,0.382,0.38,0.7,0.9,0.792,0.1,0.4,0.5,1.6,0.1,0.1,0.5,1.1,2.7,230,9.1,0.448,0.225,0.338,1,6.4,3.7,27.4,0.7,0.7,14.7,18.6,0.1,-0.1,0,-0.005,-2.7,-5.4,-8.1,-0.4
2005/2006,49500000,62777897,398762,Utah Jazz,29,UTA,Utah,West,Northwest,41,41,0.5,92.4,95,-2.49,Jarron Collins,C,27,1700000,2238782,79,41,21.9,1.6,3.5,0.461,0,0,,1.6,3.5,0.461,0.461,2,2.8,0.717,1.7,2.5,4.2,1.2,0.5,0.3,0.8,3.2,5.3,1730,11,0.551,0,0.782,9.3,14.1,11.7,9.1,1.1,1.3,13.9,11.7,2.5,1.4,3.9,0.107,-1,0.3,-0.7,0.6
2005/2006,49500000,62777897,398762,New Jersey Nets,3,NJN,New Jersey,East,Atlantic,49,33,0.598,93.8,92.4,1.11,Jason Collins,C,27,5500000,7243118,71,70,26.7,1.5,3.7,0.397,0,0.2,0.25,1.4,3.5,0.404,0.403,0.6,1.2,0.512,1.3,3.5,4.8,1,0.6,0.6,0.9,3.5,3.6,1895,5.5,0.425,0.046,0.328,5.7,15.6,10.6,5.7,1.3,1.7,16.9,9,-0.9,2.9,2,0.051,-5.1,3,-2.1,0
2005/2006,49500000,62777897,398762,Seattle SuperSonics,21,SEA,Washington,West,Northwest,35,47,0.427,102.6,105.6,-2.88,Nick Collison,PF,25,1815000,2390229,66,27,21.9,3.1,6,0.525,0,0,0,3.1,5.9,0.529,0.525,1.2,1.7,0.699,2.2,3.4,5.6,1.1,0.3,0.5,1.2,3.2,7.5,1448,14,0.556,0.008,0.287,11.8,19,15.4,8.1,0.8,1.9,14.8,16.1,2.2,0.1,2.3,0.075,-0.1,-1,-1.1,0.3
2005/2006,49500000,62777897,398762,Los Angeles Lakers,14,LAL,California,West,Pacific,45,37,0.549,99.4,96.9,2.53,Brian Cook,PF,25,1038960,1368238,81,46,19,3.2,6.3,0.511,0.4,1,0.429,2.8,5.3,0.527,0.546,1,1.2,0.832,1.1,2.3,3.4,0.9,0.5,0.4,0.8,2.5,7.9,1535,15.6,0.578,0.164,0.198,6.8,14.2,10.5,8.3,1.3,1.6,9.9,18.3,3,1.5,4.5,0.142,0.1,-0.8,-0.7,0.5
2005/2006,49500000,62777897,398762,New York Knicks,20,NYK,New York,East,Atlantic,23,59,0.28,95.6,102,-6.3,Jamal Crawford,SG,25,6480000,8533710,79,27,32.3,4.6,11.1,0.416,1.3,3.7,0.345,3.4,7.4,0.452,0.474,3.7,4.5,0.826,0.5,2.7,3.1,3.8,1.1,0.2,2.2,1.9,14.3,2555,15.5,0.544,0.333,0.406,1.7,10.2,5.9,20.9,1.8,0.5,14.4,21.5,3.7,0.8,4.5,0.084,2.1,-1.4,0.7,1.7
2005/2006,49500000,62777897,398762,Indiana Pacers,12,IND,Indiana,East,Central,41,41,0.5,93.9,92,1.62,Austin Croshere,PF,30,7900000,10403751,50,26,23,2.6,5.7,0.463,1.1,2.8,0.386,1.6,2.9,0.538,0.558,1.8,2,0.882,1.2,4.1,5.3,1.2,0.4,0.1,1,2.1,8.2,1148,15.2,0.618,0.491,0.358,6.4,19.8,13.3,9.1,1,0.4,12.7,15.3,2.5,1.7,4.1,0.173,1.3,0.6,2,1.2
2005/2006,49500000,62777897,398762,New York Knicks,20,NYK,New York,East,Atlantic,23,59,0.28,95.6,102,-6.3,Eddy Curry,C,23,7390000,9732117,72,69,25.9,4.7,8.3,0.563,0,0,,4.7,8.3,0.563,0.563,4.3,6.8,0.632,2,4,6,0.3,0.4,0.8,2.5,3.3,13.6,1865,17,0.604,0,0.814,9.4,18.9,14.1,1.9,0.8,2.5,18.1,24.1,2.3,1,3.3,0.084,-1.6,-2.6,-4.2,-1
2005/2006,49500000,62777897,398762,Philadelphia 76ers,23,PHI,Pennsylvania,East,Atlantic,38,44,0.463,99.4,101.3,-2.1,Samuel Dalembert,C,24,8470000,11154402,66,52,26.7,3,5.6,0.531,0,0,0,3,5.6,0.533,0.531,1.4,2,0.705,2.4,5.8,8.2,0.4,0.5,2.4,1.6,3.7,7.3,1761,14.2,0.568,0.003,0.358,10.6,25.4,18,2.2,1,6.9,20,13.8,0.9,2.6,3.6,0.097,-3.8,2.2,-1.6,0.2
2005/2006,49500000,62777897,398762,Dallas Mavericks,7,DAL,Texas,West,Southwest,60,22,0.732,99.1,93.1,5.96,Erick Dampier,C,30,8662500,11407911,82,36,23.6,2.1,4.2,0.493,0,0,,2.1,4.2,0.493,0.493,1.5,2.6,0.591,3.3,4.5,7.8,0.6,0.3,1.3,1.4,3.2,5.7,1934,13.9,0.531,0,0.62,17.3,22.4,19.9,4,0.8,4.2,20.7,13.4,1.9,2.9,4.8,0.119,-0.8,1.7,1,1.4
2005/2006,49500000,62777897,398762,Washington Wizards,30,WAS,Washington DC,East,Southeast,42,40,0.512,101.7,99.8,1.57,Antonio Daniels,SG,30,5000000,6584652,80,17,28.5,2.9,6.9,0.418,0.3,1.3,0.228,2.6,5.6,0.461,0.439,3.6,4.2,0.845,0.2,1.9,2.2,3.6,0.7,0.1,1.1,1.2,9.6,2283,13.7,0.55,0.184,0.611,0.9,8,4.4,19.2,1.2,0.3,11.3,15.4,4.3,0.9,5.3,0.111,0.1,-1.6,-1.5,0.3
2005/2006,49500000,62777897,398762,Dallas Mavericks,7,DAL,Texas,West,Southwest,60,22,0.732,99.1,93.1,5.96,Marquis Daniels,SG,25,5393300,7102601,62,29,28.5,4,8.3,0.48,0.1,0.3,0.211,3.9,8,0.491,0.484,2.2,3,0.754,1.3,2.3,3.6,2.8,1.1,0.2,1.6,2.3,10.2,1766,14.9,0.535,0.037,0.357,5.6,9.6,7.6,16.2,2.1,0.6,14.4,18.3,2.4,1.7,4.2,0.114,0.9,0.4,1.4,1.5
2005/2006,49500000,62777897,398762,#N/A,#N/A,TOT,#N/A,#N/A,#N/A,#N/A,#N/A,#N/A,#N/A,#N/A,#N/A,Antonio Davis,PF-C,37,13925000,18338258,44,39,21.4,1.9,4.3,0.432,0,0,0,1.9,4.3,0.434,0.432,1.2,1.8,0.642,2,2.7,4.7,0.5,0.5,0.2,1.2,2.8,4.9,940,8.3,0.479,0.005,0.426,11.5,15.5,13.5,3.5,1.3,0.9,18.4,13.4,0,0.4,0.3,0.017,-2.8,-0.7,-3.6,-0.4
2005/2006,49500000,62777897,398762,New York Knicks,20,NYK,New York,East,Atlantic,23,59,0.28,95.6,102,-6.3,Antonio Davis,PF,37,13925000,18338258,36,31,20.8,1.9,4.4,0.428,0,0,0,1.9,4.4,0.43,0.428,1.3,1.7,0.738,2.1,2.7,4.8,0.4,0.6,0.3,1.2,2.8,5,749,8.9,0.487,0.006,0.384,12,15.9,14,3,1.4,1,18.8,13.8,0,0.3,0.4,0.024,-2.6,-0.7,-3.3,-0.2
2005/2006,49500000,62777897,398762,Toronto Raptors,28,TOR,Ontario,East,Atlantic,27,55,0.329,101.1,104,-3.03,Antonio Davis,C,37,13925000,18338258,8,8,23.9,1.8,3.9,0.452,0,0,,1.8,3.9,0.452,0.452,0.9,2.5,0.35,1.9,2.6,4.5,0.9,0.4,0.1,1,3.3,4.4,191,5.9,0.44,0,0.645,9.2,14,11.5,5.4,0.8,0.4,16.7,11.6,-0.1,0,0,-0.011,-3.5,-1.1,-4.6,-0.1
2005/2006,49500000,62777897,398762,Golden State Warriors,10,GSW,California,West,Pacific,34,48,0.415,98.5,99.8,-1.11,Baron Davis,PG,26,13700000,18041949,54,48,36.5,6.2,15.9,0.389,1.9,6,0.315,4.3,9.9,0.434,0.448,3.6,5.4,0.675,0.8,3.5,4.4,8.9,1.6,0.3,2.9,3.1,17.9,1971,18.3,0.489,0.376,0.336,2.5,11.1,6.7,42.6,2.3,0.5,13.9,25.9,2.4,2,4.4,0.106,3.6,-0.4,3.2,2.6
2005/2006,49500000,62777897,398762,Detroit Pistons,9,DET,Michigan,East,Central,64,18,0.78,96.8,90.2,6.24,Dale Davis,C,36,3500000,4609257,28,2,6.4,0.3,0.9,0.375,0,0,0,0.3,0.8,0.391,0.375,0.3,0.5,0.533,0.8,1.1,1.9,0.2,0,0.3,0.1,0.8,0.9,178,9.9,0.425,0.042,0.625,13.9,21.6,17.7,4.8,0,3.7,11.6,9.2,0.1,0.3,0.4,0.108,-4,1.3,-2.7,0
2005/2006,49500000,62777897,398762,#N/A,#N/A,TOT,#N/A,#N/A,#N/A,#N/A,#N/A,#N/A,#N/A,#N/A,#N/A,Josh Davis,PF,25,193003,254169,6,0,2.8,0.3,1.2,0.286,0,0.3,0,0.3,0.8,0.4,0.286,0.3,0.5,0.667,0.5,0.2,0.7,0.2,0.3,0,0.2,0.5,1,17,13.6,0.361,0.286,0.429,20.4,7.1,13.7,8.8,6,0,10.7,24.8,0,0,0,0.018,-2,-0.2,-2.2,0
2005/2006,49500000,62777897,398762,Milwaukee Bucks,17,MIL,Wisconsin,East,Central,40,42,0.488,97.8,98.8,-1.07,Josh Davis,PF,25,193003,254169,4,0,3,0.3,1,0.25,0,0.3,0,0.3,0.8,0.333,0.25,0,0,,0.5,0.3,0.8,0.3,0.3,0,0.3,0.5,0.5,12,5.2,0.25,0.25,0,19.4,10.1,14.9,12.5,4.4,0,20,19,0,0,0,-0.089,-4.5,1.5,-3,0
2005/2006,49500000,62777897,398762,Houston Rockets,11,HOU,Texas,West,Southwest,34,48,0.415,90.1,91.7,-1.3,Josh Davis,PF,25,193003,254169,1,0,0,0,0,,0,0,,0,0,,,0,0,,0,0,0,0,0,0,0,1,0,0,,,,,,,,,,,,,0,0,0,,-7.2,0.9,-6.3,0
2005/2006,49500000,62777897,398762,Phoenix Suns,24,PHO,Arizona,West,Pacific,54,28,0.659,108.4,102.8,5.48,Josh Davis,PF,25,193003,254169,1,0,5,1,3,0.333,0,1,0,1,2,0.5,0.333,2,3,0.667,1,0,1,0,1,0,0,0,4,5,33.7,0.463,0.333,1,22.7,0,11.1,0,10,0,0,38.7,0,0,0,0.275,4.2,-4.4,-0.3,0
2005/2006,49500000,62777897,398762,#N/A,#N/A,TOT,#N/A,#N/A,#N/A,#N/A,#N/A,#N/A,#N/A,#N/A,#N/A,Ricky Davis,SG-SF,26,5909800,7782796,78,78,41.1,7.5,16.7,0.448,0.9,3.1,0.302,6.6,13.6,0.481,0.476,3.5,4.4,0.797,0.8,3.7,4.5,5.1,1.2,0.2,2.7,2.4,19.4,3207,15.6,0.521,0.186,0.265,2.5,10.5,6.6,22.2,1.5,0.4,12.8,24.3,2.5,2.5,5,0.075,0.9,-1,0,1.6
2005/2006,49500000,62777897,398762,Boston Celtics,2,BOS,Massachusetts,East,Atlantic,33,49,0.402,98,99.5,-1.59,Ricky Davis,SG,26,5909800,7782796,42,42,41.6,7.8,16.9,0.464,1,3,0.32,6.9,13.9,0.495,0.492,3.1,3.9,0.787,1,3.5,4.5,5.3,1.2,0.2,2.7,2.2,19.7,1747,16,0.529,0.176,0.231,2.9,10,6.5,22.8,1.5,0.4,12.8,23.6,1.8,1.1,2.9,0.08,1.2,-1.2,0.1,0.9
2005/2006,49500000,62777897,398762,Minnesota Timberwolves,18,MIN,Minnesota,West,Northwest,33,49,0.402,91.7,93.6,-1.75,Ricky Davis,SF,26,5909800,7782796,36,36,40.6,7.1,16.5,0.429,0.9,3.3,0.282,6.2,13.3,0.464,0.456,4.1,5,0.807,0.7,3.9,4.6,4.8,1.2,0.2,2.7,2.8,19.1,1460,15.2,0.511,0.197,0.304,2.1,11.1,6.7,21.4,1.6,0.4,12.7,25.1,0.7,1.4,2.1,0.069,0.6,-0.7,-0.1,0.7
2005/2006,49500000,62777897,398762,Detroit Pistons,9,DET,Michigan,East,Central,64,18,0.78,96.8,90.2,6.24,Carlos Delfino,SG,23,969696,1277022,68,1,10.7,1.3,3.3,0.403,0.3,0.9,0.333,1,2.4,0.428,0.447,0.7,1,0.672,0.4,1.3,1.7,0.6,0.3,0.2,0.5,1.3,3.6,726,10.6,0.483,0.265,0.296,4.5,14.1,9.3,9.7,1.6,1.5,12.4,19.1,0,1,1,0.067,-2.9,-0.1,-3.1,-0.2
2005/2006,49500000,62777897,398762,#N/A,#N/A,TOT,#N/A,#N/A,#N/A,#N/A,#N/A,#N/A,#N/A,#N/A,#N/A,Tony Delk,PG-SG,32,3375000,4444640,24,0,16,3,6.7,0.441,0.8,2,0.426,2.1,4.8,0.447,0.503,0.8,1.1,0.741,0.6,1.6,2.2,1.4,0.5,0,0.8,1.2,7.6,385,16.1,0.526,0.292,0.168,4.3,12.2,8.2,15.2,1.9,0.2,9.9,23.7,0.4,0.5,0.9,0.112,0.6,-1.5,-0.9,0.1
2005/2006,49500000,62777897,398762,Atlanta Hawks,1,ATL,Georgia,East,Southeast,26,56,0.317,97.2,102,-4.69,Tony Delk,SG,32,3375000,4444640,1,0,7,0,1,0,0,0,,0,1,0,0,2,2,1,1,1,2,0,0,0,0,0,2,7,16.1,0.532,0,2,16.7,17.7,17.2,0,0,0,0,12.2,0,0,0,0.171,-2.4,-8,-10.4,0
2005/2006,49500000,62777897,398762,Detroit Pistons,9,DET,Michigan,East,Central,64,18,0.78,96.8,90.2,6.24,Tony Delk,PG,32,3375000,4444640,23,0,16.4,3.1,7,0.444,0.9,2,0.426,2.2,4.9,0.451,0.506,0.8,1.1,0.72,0.6,1.7,2.2,1.4,0.6,0,0.8,1.2,7.8,378,16.1,0.526,0.294,0.156,4,12.1,8,15.5,1.9,0.2,10,23.9,0.4,0.5,0.9,0.111,0.6,-1.3,-0.7,0.1
2005/2006,49500000,62777897,398762,Chicago Bulls,5,CHI,Illinois,East,Central,41,41,0.5,97.8,97.2,0.51,Luol Deng,SF,20,2443920,3218473,78,56,33.4,5.7,12.2,0.463,0.3,1,0.269,5.4,11.2,0.481,0.474,2.7,3.5,0.75,1.6,5,6.6,1.9,0.9,0.6,1.3,1.6,14.3,2604,15.8,0.517,0.082,0.289,5.6,17.1,11.4,9.7,1.4,1.5,8.9,20.4,2.7,3.8,6.5,0.12,-0.8,1.7,0.9,1.9
2005/2006,49500000,62777897,398762,Phoenix Suns,24,PHO,Arizona,West,Pacific,54,28,0.659,108.4,102.8,5.48,Boris Diaw,PF,23,1174200,1546339,81,70,35.5,5.5,10.5,0.526,0.1,0.4,0.267,5.4,10.2,0.536,0.531,2.1,2.9,0.731,2,4.9,6.9,6.2,0.7,1,2.3,3.2,13.3,2874,17.3,0.564,0.035,0.279,6.3,15.1,10.8,24.9,1,2.1,16.5,17.9,5.9,3,8.9,0.149,1,2.1,3.1,3.7
2005/2006,49500000,62777897,398762,Boston Celtics,2,BOS,Massachusetts,East,Atlantic,33,49,0.402,98,99.5,-1.59,Dan Dickau,PG,27,2250000,2963093,19,0,12.3,0.9,2.4,0.37,0.5,1.1,0.5,0.4,1.4,0.269,0.478,0.9,0.9,1,0.3,0.6,0.8,2.1,0.6,0.1,0.9,2.1,3.3,234,10.4,0.575,0.435,0.391,2.7,5.6,4.2,25.5,2.4,0.3,25,14.1,0.3,0.2,0.4,0.09,-1.1,-2.3,-3.4,-0.1
2005/2006,49500000,62777897,398762,Orlando Magic,22,ORL,Florida,East,Southeast,36,46,0.439,94.9,96,-1.26,Travis Diener,PG,23,398762,525141,23,0,10.7,1.3,3,0.42,1.1,2.5,0.439,0.2,0.5,0.333,0.601,0.2,0.3,0.833,0.2,0.7,0.9,0.7,0.3,0,0.4,1,3.8,246,12.6,0.614,0.826,0.087,2.1,8.3,5.3,10.6,1.5,0,12.2,15.7,0.5,0.1,0.6,0.115,2.5,-2.7,-0.2,0.1
2005/2006,49500000,62777897,398762,Golden State Warriors,10,GSW,California,West,Pacific,34,48,0.415,98.5,99.8,-1.11,Ike Diogu,PF,22,1988160,2618268,69,14,14.9,2.5,4.8,0.524,0,0,,2.5,4.8,0.524,0.524,2,2.4,0.81,1.4,1.9,3.3,0.4,0.2,0.4,1.1,2.4,7,1031,15.8,0.596,0,0.503,10,14.9,12.4,4.9,0.7,2.2,16.1,21,1.7,1,2.6,0.123,-2,-1.1,-3.1,-0.3
2005/2006,49500000,62777897,398762,Dallas Mavericks,7,DAL,Texas,West,Southwest,60,22,0.732,99.1,93.1,5.96,DeSagana Diop,C,24,1850000,2436321,81,45,18.6,0.9,1.9,0.487,0,0,0.5,0.9,1.9,0.487,0.49,0.5,0.9,0.542,1.8,2.8,4.6,0.3,0.5,1.8,0.4,3.1,2.3,1510,11.5,0.512,0.013,0.468,11.8,17.9,14.9,2.2,1.6,7.4,16.2,6.9,1.3,2.7,4.1,0.13,-1.4,4.8,3.4,2.1
2005/2006,49500000,62777897,398762,Portland Trail Blazers,25,POR,Oregon,West,Northwest,21,61,0.256,88.8,98.3,-8.91,Juan Dixon,SG,27,2500000,3292326,76,42,25.3,4.7,10.8,0.435,0.9,2.2,0.382,3.8,8.6,0.449,0.474,2.1,2.6,0.804,0.4,1.9,2.3,2,0.8,0.1,1.5,2.1,12.3,1920,14.6,0.516,0.207,0.236,1.9,9.3,5.5,14.9,1.7,0.2,11.1,25.2,1.1,0.1,1.2,0.03,0.1,-3.1,-2.9,-0.5
2005/2006,49500000,62777897,398762,Miami Heat,16,MIA,Florida,East,Southeast,52,30,0.634,99.9,96,3.59,Michael Doleac,C,28,2640000,3476696,31,3,12,1.2,2.8,0.42,0,0,,1.2,2.8,0.42,0.42,0.8,1,0.8,0.7,2,2.7,0.3,0.3,0.2,0.5,1.5,3.2,371,9.9,0.484,0,0.341,7.6,18.9,13.5,3.2,1.4,1.4,12.2,14.3,0.1,0.5,0.6,0.079,-4.3,-0.1,-4.4,-0.2
2005/2006,49500000,62777897,398762,Orlando Magic,22,ORL,Florida,East,Southeast,36,46,0.439,94.9,96,-1.26,Keyon Dooling,PG,25,3100000,4082484,50,7,22.7,3.6,8.1,0.44,0.3,0.9,0.302,3.3,7.2,0.456,0.456,2,2.4,0.835,0.2,1.3,1.6,2.2,1,0.1,1.6,2.3,9.4,1137,12.6,0.513,0.106,0.299,1.2,7.1,4.2,16.7,2.3,0.3,15.2,22.5,0.3,0.8,1.1,0.046,-1.7,-1.6,-3.3,-0.4
2005/2006,49500000,62777897,398762,Chicago Bulls,5,CHI,Illinois,East,Central,41,41,0.5,97.8,97.2,0.51,Chris Duhon,PG,23,2800000,3687405,74,38,29.1,2.9,7.3,0.4,1.4,3.8,0.36,1.6,3.5,0.442,0.493,1.6,1.9,0.818,0.4,2.6,3,5,0.9,0,1.6,2.1,8.7,2155,12.9,0.538,0.517,0.266,1.5,10.2,5.9,26.4,1.7,0.1,16.3,15,2.7,2.5,5.2,0.116,0.7,0.2,0.9,1.6
2005/2006,49500000,62777897,398762,San Antonio Spurs,27,SAS,Texas,West,Southwest,63,19,0.768,95.6,88.8,6.69,Tim Duncan,PF,29,15845156,20866970,80,80,34.8,7.2,14.8,0.484,0,0.1,0.4,7.2,14.8,0.485,0.485,4.2,6.7,0.629,2.9,8.1,11,3.2,0.9,2,2.5,2.7,18.6,2784,23.1,0.523,0.004,0.45,10.1,26.9,18.7,16.5,1.4,4.2,12.2,27.7,3.9,6.9,10.8,0.187,0.2,4.3,4.6,4.6
2005/2006,49500000,62777897,398762,Golden State Warriors,10,GSW,California,West,Pacific,34,48,0.415,98.5,99.8,-1.11,Mike Dunleavy,SF,25,4506261,5934432,81,68,31.8,4.1,10.1,0.406,0.9,3.2,0.285,3.2,6.9,0.462,0.451,2.4,3.1,0.778,1,4,4.9,2.9,0.7,0.4,1.5,2.5,11.5,2578,12.5,0.503,0.319,0.309,3.3,14.2,8.6,15,1.2,0.9,11.5,18.1,1.9,2.3,4.2,0.077,-0.7,0.4,-0.3,1.1
2005/2006,49500000,62777897,398762,Minnesota Timberwolves,18,MIN,Minnesota,West,Northwest,33,49,0.402,91.7,93.6,-1.75,Ronald Dupree,SF,25,719373,947364,36,0,7.4,0.9,1.8,0.524,0,0,0,0.9,1.7,0.532,0.524,0.4,1.1,0.341,0.6,0.8,1.4,0.4,0.3,0,0.4,1.2,2.2,265,10.4,0.494,0.016,0.651,9.8,12.4,11.1,8.8,2.4,0,14.7,17,0,0.3,0.3,0.056,-2.7,-0.3,-3.1,-0.1
2005/2006,49500000,62777897,398762,Atlanta Hawks,1,ATL,Georgia,East,Southeast,26,56,0.317,97.2,102,-4.69,John Edwards,C,24,1000000,1316930,40,4,7.4,0.8,1.6,0.484,0,0,,0.8,1.6,0.484,0.484,0.2,0.3,0.727,0.5,0.8,1.2,0.1,0.1,0.4,0.3,1.9,1.8,296,6.4,0.508,0,0.172,7.1,12.5,9.7,2.7,0.5,3.9,14.8,12.4,0.1,0.1,0.2,0.026,-4.5,-1.4,-5.9,-0.3
2005/2006,49500000,62777897,398762,#N/A,#N/A,TOT,#N/A,#N/A,#N/A,#N/A,#N/A,#N/A,#N/A,#N/A,#N/A,Howard Eisley,PG,33,5926984,7805426,32,0,12.3,1.1,3.2,0.33,0.4,1.3,0.31,0.7,1.9,0.344,0.393,0.6,0.8,0.833,0.1,0.9,1,2.2,0.3,0.1,0.7,1.1,3.2,394,9.2,0.445,0.408,0.233,0.9,8.7,4.9,25.6,1.4,0.4,15.6,15.4,0,0.3,0.3,0.037,-2.8,-2.2,-5,-0.3
2005/2006,49500000,62777897,398762,Los Angeles Clippers,13,LAC,California,West,Pacific,47,35,0.573,97.2,95.6,1.75,Howard Eisley,PG,33,5926984,7805426,13,0,8.6,0.3,1.3,0.235,0.1,0.3,0.25,0.2,1,0.231,0.265,0,0,,0.1,1,1.1,1.9,0.2,0,0.2,0.8,0.7,112,7.2,0.265,0.235,0,1.1,12.9,7.3,31,1.4,0,15,8.3,0,0.1,0.1,0.04,-4.7,-0.9,-5.6,-0.1
2005/2006,49500000,62777897,398762,Denver Nuggets,8,DEN,Colorado,West,Northwest,44,38,0.537,100.3,100.1,0.36,Howard Eisley,PG,33,5926984,7805426,19,0,14.8,1.6,4.5,0.349,0.6,2,0.316,0.9,2.5,0.375,0.419,1.1,1.3,0.833,0.1,0.9,1,2.3,0.4,0.1,0.9,1.2,4.8,282,10,0.476,0.442,0.279,0.8,7,3.9,23.4,1.4,0.5,15.7,18.2,0,0.2,0.2,0.036,-2,-2.8,-4.8,-0.2
2005/2006,49500000,62777897,398762,Golden State Warriors,10,GSW,California,West,Pacific,34,48,0.415,98.5,99.8,-1.11,Monta Ellis,SG,20,448762,590988,49,3,18.1,2.7,6.5,0.415,0.6,1.7,0.341,2.1,4.8,0.441,0.459,0.9,1.2,0.712,0.4,1.7,2.1,1.6,0.7,0.2,1.2,1.4,6.8,886,11.1,0.486,0.258,0.186,2.7,10.7,6.6,14.9,1.9,0.9,14.4,20.2,-0.3,0.8,0.5,0.028,-2.7,-0.4,-3.1,-0.2
2005/2006,49500000,62777897,398762,Denver Nuggets,8,DEN,Colorado,West,Northwest,44,38,0.537,100.3,100.1,0.36,Francisco Elson,C,29,719373,947364,72,54,21.9,2.1,3.9,0.532,0,0.1,0.2,2.1,3.9,0.538,0.533,0.7,1,0.662,1.4,3.3,4.7,0.7,0.8,0.6,0.9,2.9,4.9,1579,10.1,0.556,0.018,0.261,7.4,17.6,12.5,4.4,1.7,2.1,17,10.8,0.8,2,2.9,0.087,-2.5,1.9,-0.6,0.6
2005/2006,49500000,62777897,398762,Charlotte Bobcats,4,CHA,North Carolina,East,Southeast,26,56,0.317,96.9,100.9,-3.9,Melvin Ely,PF,27,2401027,3161985,57,22,23.6,3.8,7.5,0.508,0,0,0,3.8,7.4,0.511,0.508,2.2,3.4,0.667,1.6,3.2,4.9,1.3,0.5,0.8,1.8,2.8,9.8,1348,14.3,0.55,0.005,0.452,7.6,16.8,11.9,9.7,1.1,2.5,16.4,20.1,0.8,1.2,2,0.072,-2,0.6,-1.4,0.2
2005/2006,49500000,62777897,398762,Detroit Pistons,9,DET,Michigan,East,Central,64,18,0.78,96.8,90.2,6.24,Maurice Evans,SG,27,1500000,1975395,80,1,14.2,1.9,4.3,0.452,0.5,1.5,0.371,1.4,2.8,0.493,0.515,0.7,0.8,0.8,1,1.1,2,0.8,0.5,0.2,0.5,1.5,5,1139,14,0.545,0.34,0.191,7.8,9.2,8.5,8.5,2,1,9.5,17,1.8,1.4,3.2,0.135,0.7,-0.1,0.6,0.8
2005/2006,49500000,62777897,398762,#N/A,#N/A,TOT,#N/A,#N/A,#N/A,#N/A,#N/A,#N/A,#N/A,#N/A,#N/A,Reggie Evans,PF,25,1100000,1448623,67,25,20.8,2,4,0.489,0,0,0,2,4,0.491,0.489,1.7,3.2,0.53,2.6,4.9,7.5,0.6,0.6,0.1,1.3,2.5,5.6,1393,12.5,0.519,0.004,0.81,14.6,28.3,21.4,4,1.5,0.5,19,14.4,0.8,1.3,2.1,0.072,-2.6,-0.9,-3.5,-0.5
2005/2006,49500000,62777897,398762,Seattle SuperSonics,21,SEA,Washington,West,Northwest,35,47,0.427,102.6,105.6,-2.88,Reggie Evans,PF,25,1100000,1448623,41,23,19.2,2.1,4.2,0.509,0,0,0,2.1,4.2,0.512,0.509,1.6,2.9,0.55,2.8,4,6.7,0.6,0.6,0.1,1,2.3,5.9,788,15,0.536,0.006,0.694,17.2,25.2,21.2,4.4,1.6,0.5,15.4,15.2,1.2,0.3,1.5,0.09,-0.4,-1.9,-2.3,-0.1
2005/2006,49500000,62777897,398762,Denver Nuggets,8,DEN,Colorado,West,Northwest,44,38,0.537,100.3,100.1,0.36,Reggie Evans,PF,25,1100000,1448623,26,2,23.3,1.7,3.7,0.453,0,0,,1.7,3.7,0.453,0.453,1.9,3.7,0.505,2.2,6.5,8.7,0.6,0.6,0.2,1.7,2.7,5.2,605,9.2,0.49,0,1.021,11.1,32.3,21.8,3.5,1.4,0.6,24.2,13.4,-0.4,1,0.6,0.048,-5.4,0.4,-4.9,-0.4
2005/2006,49500000,62777897,398762,Los Angeles Clippers,13,LAC,California,West,Pacific,47,35,0.573,97.2,95.6,1.75,Daniel Ewing,SG,22,450000,592618,66,5,14.7,1.5,3.9,0.38,0.3,1.2,0.282,1.1,2.7,0.424,0.424,0.5,0.7,0.783,0.3,0.9,1.3,1.3,0.6,0.1,0.9,1.3,3.8,971,7.6,0.458,0.306,0.18,2.9,7.1,5.1,13.2,2,0.5,17.2,15.8,-0.7,1,0.3,0.017,-3.1,-0.4,-3.5,-0.4
2005/2006,49500000,62777897,398762,Seattle SuperSonics,21,SEA,Washington,West,Northwest,35,47,0.427,102.6,105.6,-2.88,0,SF,24,#N/A,#N/A,12,0,6.8,0.5,2.1,0.24,0.1,0.3,0.333,0.4,1.8,0.227,0.26,0.4,0.7,0.625,0.3,0.8,1.1,0.2,0.2,0.3,0.7,1.1,1.5,82,-1.1,0.316,0.12,0.32,4.4,14.9,9.6,3.5,1.3,2.8,21.9,20,-0.3,0,-0.3,-0.197,-10.4,-2.2,-12.5,-0.2
2005/2006,49500000,62777897,398762,Charlotte Bobcats,4,CHA,North Carolina,East,Southeast,26,56,0.317,96.9,100.9,-3.9,Raymond Felton,PG,21,2847360,3749775,80,54,30.1,4.3,11,0.391,1.2,3.4,0.358,3.1,7.7,0.405,0.446,2,2.8,0.725,1,2.4,3.3,5.6,1.3,0.1,2.3,2.3,11.9,2406,14.2,0.483,0.307,0.251,3.5,9.7,6.4,30.9,2.2,0.3,15.7,21.4,0.8,1.8,2.6,0.051,0.7,-0.8,0,1.2
2005/2006,49500000,62777897,398762,San Antonio Spurs,27,SAS,Texas,West,Southwest,63,19,0.768,95.6,88.8,6.69,Michael Finley,SG,32,18612500,24511370,77,18,26.5,3.7,9,0.412,1.4,3.6,0.394,2.3,5.4,0.423,0.491,1.3,1.5,0.852,0.4,2.8,3.2,1.5,0.5,0.1,0.8,1.3,10.1,2038,12.7,0.523,0.401,0.165,1.8,12.2,7.2,9.3,1,0.2,7.7,18.9,2,2.9,5,0.117,-0.1,-0.3,-0.4,0.8
2005/2006,49500000,62777897,398762,Golden State Warriors,10,GSW,California,West,Pacific,34,48,0.415,98.5,99.8,-1.11,Derek Fisher,PG,31,5393300,7102601,82,36,31.6,4.4,10.8,0.41,1.4,3.6,0.397,3,7.2,0.417,0.476,3,3.6,0.833,0.4,2.1,2.6,4.3,1.5,0.1,1.9,2.9,13.3,2589,14.8,0.536,0.333,0.33,1.5,7.7,4.5,22.6,2.5,0.2,13.3,20.2,3.4,2.4,5.8,0.107,1,-0.5,0.5,1.6
2005/2006,49500000,62777897,398762,Miami Heat,16,MIA,Florida,East,Southeast,52,30,0.634,99.9,96,3.59,Gerald Fitch,PG,23,359858,473908,18,1,13.3,1.7,4.9,0.337,0.4,1.4,0.269,1.3,3.5,0.365,0.376,0.9,1.3,0.739,0.4,1.3,1.7,1.8,0.4,0.3,0.8,1.6,4.7,239,10.2,0.424,0.292,0.258,3.6,10.9,7.4,21.5,1.5,1.6,13.1,22,-0.1,0.3,0.1,0.026,-2.8,-0.8,-3.6,-0.1
2005/2006,49500000,62777897,398762,New Orleans/Oklahoma City Hornets,19,NOK,Oklahoma,West,Southwest,38,44,0.463,92.8,95.6,-2.51,Marcus Fizer,PF,27,#N/A,#N/A,3,0,13,3,5.7,0.529,0.3,0.3,1,2.7,5.3,0.5,0.559,0.3,0.7,0.5,0.3,2,2.3,0.3,0,0,0.7,1.7,6.7,39,14.1,0.559,0.059,0.118,3,18.8,10.7,5.3,0,0,10.1,23.8,0,0,0,0.056,-3,-4.4,-7.4,-0.1
2005/2006,49500000,62777897,398762,Phoenix Suns,24,PHO,Arizona,West,Pacific,54,28,0.659,108.4,102.8,5.48,Sharrod Ford,PF,24,116711,153700,3,0,4.3,0.7,1,0.667,0,0,,0.7,1,0.667,0.667,0,0,,0.3,0.7,1,0,0,0.3,0.7,2.3,1.3,13,0.6,0.667,0,0,8.7,16.7,12.8,0,0,5.4,40,17.2,0,0,0,-0.032,-8.8,-1.6,-10.3,0
2005/2006,49500000,62777897,398762,Milwaukee Bucks,17,MIL,Wisconsin,East,Central,40,42,0.488,97.8,98.8,-1.07,TJ Ford,PG,22,2303040,3032943,72,70,35.5,4.6,11,0.416,0.5,1.4,0.337,4.1,9.5,0.428,0.438,2.6,3.4,0.754,0.9,3.4,4.3,6.6,1.4,0.1,3,2.7,12.2,2557,13.1,0.489,0.132,0.314,2.9,11.7,7.2,29.8,2.1,0.2,19.6,20,0.4,2.1,2.5,0.047,-0.9,0.2,-0.8,0.8
2005/2006,49500000,62777897,398762,Seattle SuperSonics,21,SEA,Washington,West,Northwest,35,47,0.427,102.6,105.6,-2.88,Danny Fortson,C,29,6207670,8175070,23,1,12,1.2,2.2,0.529,0,0,,1.2,2.2,0.529,0.529,1.4,1.9,0.767,1.3,2,3.4,0.1,0.2,0.1,1.1,3.3,3.8,276,8.5,0.622,0,0.843,13.4,20.9,17.1,1.1,0.8,0.6,27.1,15.6,0.2,0,0.2,0.038,-3.2,-4.2,-7.4,-0.4
2005/2006,49500000,62777897,398762,Indiana Pacers,12,IND,Indiana,East,Central,41,41,0.5,93.9,92,1.62,Jeff Foster,C,29,5000000,6584652,63,37,25.1,2.2,4,0.552,0,0.1,0,2.2,3.9,0.561,0.552,1.5,2.5,0.604,3.6,5.6,9.1,0.8,0.7,0.4,1,3,5.9,1581,15.1,0.581,0.016,0.636,16.9,24.8,20.9,5.1,1.4,1.2,16.7,11.3,2.8,2.9,5.7,0.174,-0.3,2.3,2,1.6
2005/2006,49500000,62777897,398762,Golden State Warriors,10,GSW,California,West,Pacific,34,48,0.415,98.5,99.8,-1.11,Adonal Foyle,C,30,7312500,9630054,77,72,23.7,2,3.9,0.507,0,0,,2,3.9,0.507,0.507,0.5,0.9,0.612,1.9,3.6,5.5,0.4,0.6,1.6,1,2.8,4.5,1824,10.3,0.524,0,0.223,8.5,17.6,13,2.8,1.2,5.1,19.5,10,0.3,2.5,2.8,0.075,-4.1,3.5,-0.6,0.6
2005/2006,49500000,62777897,398762,#N/A,#N/A,TOT,#N/A,#N/A,#N/A,#N/A,#N/A,#N/A,#N/A,#N/A,#N/A,Richie Frahm,SG,28,719373,947364,33,0,10.4,1.2,3,0.39,0.7,2.1,0.329,0.5,0.9,0.533,0.505,0.2,0.3,0.7,0.1,0.9,1,0.6,0.1,0.1,0.2,0.9,3.3,342,9.4,0.517,0.7,0.1,1.1,10.2,5.7,10.2,0.6,0.4,7.1,15.6,0.2,0.3,0.5,0.071,-0.8,-2.5,-3.4,-0.1
2005/2006,49500000,62777897,398762,Minnesota Timberwolves,18,MIN,Minnesota,West,Northwest,33,49,0.402,91.7,93.6,-1.75,Richie Frahm,SG,28,719373,947364,25,0,9,1,2.6,0.369,0.6,1.9,0.313,0.4,0.7,0.529,0.485,0.1,0.2,0.6,0.1,0.8,0.9,0.6,0.1,0.1,0.2,0.9,2.6,225,8.9,0.491,0.738,0.077,1.6,10.4,6.1,10.7,0.7,0.7,5.6,15,0.1,0.2,0.3,0.065,-0.8,-2.5,-3.2,-0.1
2005/2006,49500000,62777897,398762,Houston Rockets,11,HOU,Texas,West,Southwest,34,48,0.415,90.1,91.7,-1.3,Richie Frahm,SG,28,719373,947364,8,0,14.6,1.9,4.4,0.429,1,2.8,0.364,0.9,1.6,0.538,0.543,0.5,0.6,0.8,0,1.3,1.3,0.8,0.1,0,0.5,1,5.3,117,10.4,0.565,0.629,0.143,0,9.9,5,9.2,0.5,0,9.7,16.8,0.1,0.1,0.2,0.082,-1,-2.6,-3.6,0
2005/2006,49500000,62777897,398762,#N/A,#N/A,TOT,#N/A,#N/A,#N/A,#N/A,#N/A,#N/A,#N/A,#N/A,#N/A,Steve Francis,PG-SG,28,13700000,18041949,70,60,34.2,4.8,10.9,0.435,0.4,1.2,0.301,4.4,9.7,0.452,0.452,4.5,5.7,0.787,1.1,3.1,4.1,4.9,1.1,0.2,3.1,2.9,14.4,2393,15.2,0.534,0.108,0.522,3.9,10.9,7.5,24.6,1.7,0.6,18.5,22.6,2.2,1.4,3.6,0.073,0.6,-0.5,0.1,1.2
2005/2006,49500000,62777897,398762,Orlando Magic,22,ORL,Florida,East,Southeast,36,46,0.439,94.9,96,-1.26,Steve Francis,PG,28,13700000,18041949,46,45,37.7,5.4,12.5,0.433,0.4,1.5,0.257,5,11,0.457,0.449,5,6.3,0.797,1.3,3.5,4.8,5.7,1.1,0.2,3.4,3.1,16.2,1734,15.9,0.532,0.122,0.504,4.4,11,7.8,25.7,1.6,0.5,18.2,23.4,1.7,1.2,2.9,0.081,1.1,-0.3,0.7,1.2
2005/2006,49500000,62777897,398762,New York Knicks,20,NYK,New York,East,Atlantic,23,59,0.28,95.6,102,-6.3,Steve Francis,SG,28,13700000,18041949,24,15,27.5,3.5,7.9,0.442,0.3,0.5,0.538,3.2,7.4,0.435,0.461,3.5,4.5,0.761,0.6,2.4,3,3.5,1,0.3,2.4,2.6,10.8,659,13.4,0.542,0.068,0.574,2.6,10.6,6.5,21.7,1.8,0.7,19.6,20.4,0.4,0.2,0.7,0.05,-0.8,-0.9,-1.7,0
2005/2006,49500000,62777897,398762,New York Knicks,20,NYK,New York,East,Atlantic,23,59,0.28,95.6,102,-6.3,Channing Frye,C,22,2162880,2848362,65,14,24.2,4.7,9.8,0.477,0,0.1,0.333,4.6,9.7,0.479,0.479,2.9,3.5,0.825,2.1,3.6,5.8,0.8,0.5,0.7,1.5,3.1,12.3,1572,18.1,0.541,0.014,0.358,10.6,18.5,14.5,6.6,1,2.5,11.6,24.2,2.6,0.9,3.5,0.108,-0.2,-1.4,-1.6,0.2
2005/2006,49500000,62777897,398762,Milwaukee Bucks,17,MIL,Wisconsin,East,Central,40,42,0.488,97.8,98.8,-1.07,Dan Gadzuric,C,27,4750000,6255420,74,0,12,2.3,4.2,0.553,0,0,0,2.3,4.2,0.555,0.553,0.6,1.2,0.461,1.2,1.9,3.1,0.3,0.3,0.6,0.5,2.3,5.2,885,17.2,0.55,0.003,0.288,12,19.3,15.6,4.9,1.5,3.9,9.1,19.8,1.3,1.1,2.5,0.134,-1.2,0.1,-1,0.2
2005/2006,49500000,62777897,398762,Philadelphia 76ers,23,PHI,Pennsylvania,East,Atlantic,38,44,0.463,99.4,101.3,-2.1,Deng Gai,C,23,92396,121679,2,0,2.5,0,0,,0,0,,0,0,,,0,0,,0,0,0,0,0,0,0,0,0,5,0,,,,0,0,0,0,0,0,,0,0,0,0,-0.015,-6.3,-0.7,-7,0
2005/2006,49500000,62777897,398762,Milwaukee Bucks,17,MIL,Wisconsin,East,Central,40,42,0.488,97.8,98.8,-1.07,Reece Gaines,PG,25,1556160,2049354,12,0,4.5,0.5,1,0.5,0,0.2,0,0.5,0.8,0.6,0.5,0.1,0.3,0.25,0,0,0,0.3,0.1,0,0.1,0.1,1.1,54,6.7,0.472,0.167,0.333,0,0,0,8.7,1,0,6.8,12.5,0,0,0,0.004,-4.8,-4.7,-9.5,-0.1
2005/2006,49500000,62777897,398762,Sacramento Kings,26,SAC,California,West,Pacific,44,38,0.537,98.9,97.3,1.61,Francisco Garcia,SF,24,1016400,1338528,67,11,19.4,1.9,4.9,0.4,0.6,2,0.285,1.4,2.8,0.484,0.46,1.2,1.5,0.772,0.6,2.2,2.8,1.4,0.6,0.7,1.1,2,5.6,1301,10.3,0.51,0.422,0.311,3.5,13,8.3,11.2,1.6,2.6,16.9,15.7,0,1.6,1.6,0.06,-2.4,1,-1.3,0.2
2005/2006,49500000,62777897,398762,Minnesota Timberwolves,18,MIN,Minnesota,West,Northwest,33,49,0.402,91.7,93.6,-1.75,Kevin Garnett,PF,29,18000000,23704750,76,76,38.9,8.2,15.7,0.526,0.1,0.4,0.267,8.1,15.3,0.532,0.529,5.2,6.4,0.81,2.8,9.9,12.7,4.1,1.4,1.4,2.4,2.7,21.8,2957,26.8,0.589,0.025,0.411,8.9,29.7,19.6,20.2,1.9,2.7,11.3,25.5,9,5.9,14.9,0.242,4.4,3.5,7.9,7.4
2005/2006,49500000,62777897,398762,Orlando Magic,22,ORL,Florida,East,Southeast,36,46,0.439,94.9,96,-1.26,Pat Garrity,PF,29,3231250,4255331,57,0,16.5,1.8,4.2,0.417,0.9,2.3,0.388,0.9,2,0.451,0.521,0.5,0.6,0.811,0.5,1.4,1.9,0.7,0.2,0.2,0.7,1.9,4.9,938,9.1,0.546,0.533,0.153,4.2,9.9,7.1,6.5,0.7,0.8,12.8,15,0.8,0.4,1.2,0.062,-0.3,-1.9,-2.2,0
2005/2006,49500000,62777897,398762,Memphis Grizzlies,15,MEM,Tennessee,West,Southwest,49,33,0.598,92.2,88.5,3.74,Pau Gasol,PF,25,10993000,14477017,80,80,39.2,7.5,14.9,0.503,0,0.2,0.25,7.5,14.8,0.505,0.504,5.3,7.7,0.689,2.4,6.5,8.9,4.6,0.6,1.9,2.9,2.3,20.4,3135,22.7,0.555,0.01,0.517,7.5,20,13.8,23.7,0.8,3.9,13.8,26.4,6.6,5.4,12,0.184,2,3.1,5.1,5.6
2005/2006,49500000,62777897,398762,Los Angeles Lakers,14,LAL,California,West,Pacific,45,37,0.549,99.4,96.9,2.53,Devean George,SF,28,5000600,6585443,71,5,21.7,2.4,6,0.4,0.7,2.3,0.313,1.7,3.7,0.453,0.459,0.8,1.2,0.674,1.2,2.7,3.9,1,0.9,0.5,0.8,2.2,6.3,1542,11.3,0.484,0.376,0.202,6.3,14.6,10.5,6.9,2.3,1.7,10.4,15.3,0.7,2,2.6,0.082,-1.5,0.7,-0.8,0.5
2005/2006,49500000,62777897,398762,Indiana Pacers,12,IND,Indiana,East,Central,41,41,0.5,93.9,92,1.62,Eddie Gill,PG,27,819551,1079291,41,0,3,0.2,1.1,0.222,0.2,0.6,0.304,0.1,0.5,0.136,0.3,0.4,0.6,0.783,0,0.4,0.4,0.3,0.3,0,0.2,0.3,1.1,122,9.9,0.408,0.511,0.511,0,13.8,7.1,15.8,4.8,0.6,14,24.5,-0.2,0.3,0.1,0.02,-3.9,1.3,-2.5,0
2005/2006,49500000,62777897,398762,San Antonio Spurs,27,SAS,Texas,West,Southwest,63,19,0.768,95.6,88.8,6.69,Manu Ginobili,SG,28,7428937,9783394,65,56,27.9,4.8,10.3,0.462,1.3,3.3,0.382,3.5,7,0.5,0.524,4.3,5.5,0.778,0.6,2.9,3.5,3.6,1.6,0.4,1.9,2.4,15.1,1813,22.4,0.593,0.324,0.538,2.8,12,7.5,22.2,3,1,12.8,25,5.1,3.7,8.8,0.234,4.3,1.7,6,3.7
2005/2006,49500000,62777897,398762,Utah Jazz,29,UTA,Utah,West,Northwest,41,41,0.5,92.4,95,-2.49,Gordan Giricek,SG,28,4000000,5267722,37,36,25.8,4.5,10.4,0.433,0.5,1.6,0.305,4,8.8,0.457,0.457,1.2,1.5,0.754,0.4,1.5,1.9,1.7,0.4,0.1,1.7,2.4,10.6,956,8.7,0.482,0.154,0.149,1.9,7,4.4,12.8,0.9,0.3,13.4,22.8,-0.6,0.4,-0.2,-0.01,-3,-3.3,-6.3,-1
2005/2006,49500000,62777897,398762,Los Angeles Clippers,13,LAC,California,West,Pacific,47,35,0.573,97.2,95.6,1.75,Anthony Goldwire,PG,34,74652,98311,3,0,7.3,0.3,2.3,0.143,0,0.7,0,0.3,1.7,0.2,0.143,0,0,,0,0.3,0.3,0.7,0,0,0.3,0,0.7,22,-5.5,0.143,0.286,0,0,5.1,2.6,12.8,0,0,12.5,16.8,-0.1,0,-0.1,-0.245,-11.7,-3.8,-15.5,-0.1
2005/2006,49500000,62777897,398762,Boston Celtics,2,BOS,Massachusetts,East,Atlantic,33,49,0.402,98,99.5,-1.59,Ryan Gomes,PF,23,428762,564649,61,33,22.6,2.8,5.8,0.487,0,0.1,0.333,2.8,5.7,0.491,0.492,1.8,2.4,0.752,1.7,3.2,4.9,1,0.6,0.1,0.9,1.4,7.6,1376,14,0.548,0.025,0.42,9.3,16.9,13.2,6.8,1.3,0.3,11.6,15.9,1.9,1.2,3.1,0.108,-1.1,-0.8,-1.9,0.1
2005/2006,49500000,62777897,398762,Cleveland Cavaliers,6,CLE,Ohio,East,Central,50,32,0.61,97.6,95.4,2.17,Drew Gooden,PF,24,4065811,5354390,79,79,27.5,4.2,8.3,0.512,0,0,0.333,4.2,8.2,0.513,0.513,2.2,3.3,0.682,3,5.4,8.4,0.7,0.7,0.6,1.3,2.4,10.7,2174,17.6,0.552,0.005,0.396,12.8,23.5,18.1,4.4,1.3,1.7,12.2,18.6,3.6,2.9,6.6,0.145,-0.9,0.1,-0.8,0.7
2005/2006,49500000,62777897,398762,Chicago Bulls,5,CHI,Illinois,East,Central,41,41,0.5,97.8,97.2,0.51,Ben Gordon,SG,22,3610200,4754382,80,47,31,6.1,14.4,0.422,2.1,4.8,0.435,4,9.6,0.416,0.494,2.6,3.4,0.787,0.5,2.2,2.7,3,0.9,0.1,2.3,3,16.9,2482,14.5,0.531,0.332,0.233,2,8.1,5.1,17.3,1.6,0.2,12.4,26.3,1.8,2.6,4.4,0.086,1.2,-1,0.2,1.4
2005/2006,49500000,62777897,398762,Toronto Raptors,28,TOR,Ontario,East,Atlantic,27,55,0.329,101.1,104,-3.03,Joey Graham,SF,23,1388400,1828426,80,24,19.8,2.5,5.2,0.478,0.4,1.1,0.333,2.1,4.1,0.517,0.513,1.4,1.7,0.812,0.7,2.3,3.1,0.8,0.5,0.2,1.2,2.9,6.7,1581,10.2,0.564,0.21,0.321,4.2,15.1,9.4,6,1.2,0.6,16.3,16.5,1,0.3,1.3,0.038,-1.8,-1.7,-3.5,-0.6
2005/2006,49500000,62777897,398762,#N/A,#N/A,TOT,#N/A,#N/A,#N/A,#N/A,#N/A,#N/A,#N/A,#N/A,#N/A,Stephen Graham,SG,23,48630,64042,22,0,8,1,2.5,0.389,0.1,0.5,0.2,0.9,2,0.432,0.407,0.6,0.7,0.933,0.2,1,1.2,0.3,0.2,0.1,0.6,1.4,2.6,175,6.9,0.479,0.185,0.278,3.4,14.8,9.1,6.9,1.5,0.9,17.7,19.6,-0.2,0.2,0,0.009,-5.5,-0.9,-6.4,-0.2
2005/2006,49500000,62777897,398762,Houston Rockets,11,HOU,Texas,West,Southwest,34,48,0.415,90.1,91.7,-1.3,Stephen Graham,SG,23,48630,64042,6,0,6.3,1,2.7,0.375,0.2,0.8,0.2,0.8,1.8,0.455,0.406,0.7,0.7,1,0.2,1,1.2,0.5,0.3,0,0.8,0.8,2.8,38,9.7,0.479,0.313,0.25,3.1,18.2,10.8,15,2.9,0,22,28.6,-0.1,0.1,0,-0.034,-5.4,-0.4,-5.8,0
2005/2006,49500000,62777897,398762,Chicago Bulls,5,CHI,Illinois,East,Central,41,41,0.5,97.8,97.2,0.51,Stephen Graham,SG,23,48630,64042,3,0,6.7,0.3,1.7,0.2,0.3,1.3,0.25,0,0.3,0,0.3,0.7,0.7,1,0,1,1,0.3,0,0,0.3,1,1.7,20,2.4,0.425,0.8,0.4,0,17.1,8.6,7.1,0,0,14.5,15.5,0,0,0,-0.002,-5.1,-2,-7.1,0
2005/2006,49500000,62777897,398762,Cleveland Cavaliers,6,CLE,Ohio,East,Central,50,32,0.61,97.6,95.4,2.17,Stephen Graham,SG,23,48630,64042,13,0,9,1.1,2.5,0.424,0,0.1,0,1.1,2.5,0.438,0.424,0.6,0.7,0.889,0.3,1,1.3,0.2,0.2,0.2,0.5,1.8,2.8,117,6.7,0.487,0.03,0.273,4,13.3,8.6,4.2,1.4,1.3,15.9,17.4,-0.1,0.1,0.1,0.025,-5.6,-0.8,-6.4,-0.1
2005/2006,49500000,62777897,398762,Indiana Pacers,12,IND,Indiana,East,Central,41,41,0.5,93.9,92,1.62,Danny Granger,SF,22,1318920,1736926,78,17,22.6,2.8,6.1,0.462,0.4,1.2,0.323,2.4,4.9,0.496,0.494,1.5,1.9,0.777,1.7,3.2,4.9,1.2,0.7,0.8,1,2.7,7.5,1765,14.7,0.54,0.195,0.31,8.8,16,12.5,8.8,1.8,2.6,12.8,16.4,2.1,3,5.1,0.139,-0.5,2.6,2.1,1.9
2005/2006,49500000,62777897,398762,Phoenix Suns,24,PHO,Arizona,West,Pacific,54,28,0.659,108.4,102.8,5.48,Brian Grant,C,33,16006220,21079080,21,2,11.8,1.3,3.1,0.415,0,0,,1.3,3.1,0.415,0.415,0.3,0.4,0.875,0.5,2.2,2.7,0.3,0.2,0.1,0.3,2.1,2.9,248,6.6,0.445,0,0.123,5,20.1,12.8,3.8,1,0.8,9.3,13.6,-0.1,0.3,0.2,0.041,-5.6,-0.3,-5.9,-0.2
2005/2006,49500000,62777897,398762,Los Angeles Lakers,14,LAL,California,West,Pacific,45,37,0.549,99.4,96.9,2.53,Devin Green,SG,23,398762,525141,27,0,5,0.2,1,0.214,0,0.1,0,0.2,1,0.231,0.214,0.5,0.8,0.619,0.4,0.5,0.9,0.3,0.1,0,0.2,0.5,0.9,135,4.7,0.336,0.071,0.75,8.7,12.2,10.5,7.3,1.2,0,11.8,14.3,-0.2,0.1,-0.1,-0.018,-6.1,-1.6,-7.7,-0.2
2005/2006,49500000,62777897,398762,Boston Celtics,2,BOS,Massachusetts,East,Atlantic,33,49,0.402,98,99.5,-1.59,Gerald Green,SG,20,1253040,1650166,32,3,11.7,2.1,4.3,0.478,0.2,0.6,0.3,1.9,3.7,0.508,0.5,0.9,1.2,0.784,0.3,1,1.3,0.6,0.4,0.1,0.7,1.3,5.2,374,13.1,0.541,0.145,0.268,3.3,9.9,6.7,8.5,1.8,0.8,12.5,21.7,0.2,0.3,0.5,0.064,-2.3,-2.3,-4.5,-0.2
2005/2006,49500000,62777897,398762,Philadelphia 76ers,23,PHI,Pennsylvania,East,Atlantic,38,44,0.463,99.4,101.3,-2.1,Willie Green,SG,24,#N/A,#N/A,10,2,15.3,2.8,6.6,0.424,1,1.9,0.526,1.8,4.7,0.383,0.5,0.4,0.5,0.8,0.1,1.4,1.5,0.5,0.2,0,1.2,1.3,7,153,8.6,0.513,0.288,0.076,0.8,10.7,5.7,5.7,0.7,0,15,23.9,-0.2,0,-0.1,-0.038,-4.5,-4.8,-9.3,-0.3
2005/2006,49500000,62777897,398762,Boston Celtics,2,BOS,Massachusetts,East,Atlantic,33,49,0.402,98,99.5,-1.59,Orien Greene,PG,23,398762,525141,80,5,15.4,1.3,3.2,0.395,0.1,0.5,0.225,1.1,2.7,0.427,0.413,0.6,0.9,0.662,0.5,1.4,1.8,1.6,1,0.1,1.4,2.3,3.2,1235,6.4,0.449,0.158,0.269,3.7,10.4,7.2,15.8,3.2,0.6,27.8,14.6,-1.8,1.4,-0.3,-0.013,-4.6,1.1,-3.4,-0.4
2005/2006,49500000,62777897,398762,Dallas Mavericks,7,DAL,Texas,West,Southwest,60,22,0.732,99.1,93.1,5.96,Adrian Griffin,SG,31,768718,1012348,52,45,23.9,1.9,3.9,0.48,0,0,0,1.9,3.9,0.485,0.48,0.8,1,0.774,1.4,2.9,4.4,1.7,1,0.2,0.8,2.2,4.6,1245,11.6,0.521,0.01,0.26,7.4,14.4,11,10.8,2.2,0.6,14.6,10,1.4,1.5,2.9,0.113,0.2,2.2,2.3,1.4
2005/2006,49500000,62777897,398762,Minnesota Timberwolves,18,MIN,Minnesota,West,Northwest,33,49,0.402,91.7,93.6,-1.75,Eddie Griffin,C,23,2500000,3292326,70,27,19.4,1.9,5.3,0.351,0.2,1.2,0.195,1.6,4.1,0.396,0.373,0.6,1.1,0.595,1.5,4,5.6,0.6,0.2,2.1,0.6,1.8,4.6,1359,12.2,0.397,0.222,0.2,9.7,24.3,17.2,4.7,0.5,8.2,9.7,15.6,-1,2.6,1.5,0.055,-5.2,3.2,-2,0
2005/2006,49500000,62777897,398762,Atlanta Hawks,1,ATL,Georgia,East,Southeast,26,56,0.317,97.2,102,-4.69,0,SG,26,#N/A,#N/A,12,0,9,1.6,3.2,0.5,0.4,1.3,0.333,1.2,1.9,0.609,0.566,0.8,1.2,0.643,0.1,1.3,1.4,0.8,0.6,0,0.8,1.2,4.3,108,16.6,0.589,0.395,0.368,1.1,18.3,9.5,14.7,3.4,0,16.9,22.4,0.1,0.1,0.2,0.095,0.1,-1.8,-1.7,0
2005/2006,49500000,62777897,398762,Detroit Pistons,9,DET,Michigan,East,Central,64,18,0.78,96.8,90.2,6.24,Richard Hamilton,SG,27,8625000,11358526,80,80,35.3,8.1,16.5,0.491,0.7,1.5,0.458,7.4,15,0.494,0.512,3.2,3.8,0.845,1.1,2.2,3.2,3.4,0.7,0.2,2.2,2.6,20.1,2825,18.2,0.553,0.091,0.229,3.5,7.3,5.4,18.6,1,0.4,10.6,27.4,5.3,2.4,7.6,0.13,1.9,-1.8,0.2,1.5
2005/2006,49500000,62777897,398762,#N/A,#N/A,TOT,#N/A,#N/A,#N/A,#N/A,#N/A,#N/A,#N/A,#N/A,#N/A,Zendon Hamilton,C,30,329138,433451,12,0,4.1,0.6,1.2,0.5,0,0,,0.6,1.2,0.5,0.5,1,1.5,0.667,0.3,0.7,0.9,0,0.3,0,0.5,0.4,2.2,49,17.6,0.593,0,1.286,7.2,19.5,13.3,0,4.3,0,21.5,26.3,0,0.1,0.1,0.098,-5.9,-3.7,-9.6,-0.1
2005/2006,49500000,62777897,398762,Cleveland Cavaliers,6,CLE,Ohio,East,Central,50,32,0.61,97.6,95.4,2.17,Zendon Hamilton,C,30,329138,433451,11,0,4.2,0.6,1.2,0.538,0,0,,0.6,1.2,0.538,0.538,1,1.5,0.688,0.3,0.7,1,0,0.3,0,0.5,0.4,2.3,46,18.2,0.624,0,1.231,7.7,20.8,14.2,0,3.5,0,23,26.2,0,0.1,0.1,0.108,-5.8,-4.3,-10.1,-0.1
2005/2006,49500000,62777897,398762,Philadelphia 76ers,23,PHI,Pennsylvania,East,Atlantic,38,44,0.463,99.4,101.3,-2.1,Zendon Hamilton,C,30,329138,433451,1,0,3,0,1,0,0,0,,0,1,0,0,1,2,0.5,0,0,0,0,1,0,0,1,1,3,8.2,0.266,0,2,0,0,0,0,17.3,0,0,28.6,0,0,0,-0.057,-8.4,6.5,-1.9,0
2005/2006,49500000,62777897,398762,New York Knicks,20,NYK,New York,East,Atlantic,23,59,0.28,95.6,102,-6.3,Anfernee Hardaway,SF,34,15750000,20741656,4,0,18,1,3.5,0.286,0,0.3,0,1,3.3,0.308,0.286,0.5,0.5,1,0,2.5,2.5,2,0.5,0,1.5,1.8,2.5,72,2,0.336,0.071,0.143,0,17.1,8.4,17,1.5,0,28.7,13.1,-0.2,0,-0.2,-0.101,-7.5,-0.3,-7.8,-0.1
2005/2006,49500000,62777897,398762,Utah Jazz,29,UTA,Utah,West,Northwest,41,41,0.5,92.4,95,-2.49,Matt Harpring,SF,29,5020000,6610991,71,32,27.4,4.5,9.5,0.475,0.2,0.5,0.359,4.3,9,0.482,0.485,3.2,4.4,0.725,2.2,3,5.2,1.4,0.8,0.2,1.5,2.8,12.5,1944,16.3,0.542,0.058,0.462,9.8,13.2,11.5,9.6,1.7,0.6,11.8,22,3.1,1.6,4.7,0.115,0.6,-1.2,-0.6,0.7
2005/2006,49500000,62777897,398762,Atlanta Hawks,1,ATL,Georgia,East,Southeast,26,56,0.317,97.2,102,-4.69,Al Harrington,PF,25,6957500,9162544,76,76,36.6,7.3,16.1,0.452,0.9,2.5,0.346,6.4,13.5,0.471,0.479,3.2,4.6,0.694,1.7,5.1,6.9,3.1,1.1,0.2,2.6,4,18.6,2782,16,0.513,0.157,0.287,5.5,17.4,11.3,15.8,1.6,0.4,12.4,25.6,2.6,1.2,3.8,0.065,0.5,-1.6,-1.1,0.6
2005/2006,49500000,62777897,398762,Chicago Bulls,5,CHI,Illinois,East,Central,41,41,0.5,97.8,97.2,0.51,Othella Harrington,C,32,3500000,4609257,72,23,11.4,1.9,3.8,0.495,0,0,,1.9,3.8,0.495,0.495,1.1,1.7,0.626,0.8,1.4,2.1,0.5,0.1,0.2,0.8,1.8,4.8,824,11.1,0.53,0,0.451,7.6,13.9,10.7,8,0.4,1.2,15.7,21.2,0.2,0.9,1.1,0.063,-3.6,-0.8,-4.4,-0.5
2005/2006,49500000,62777897,398762,Dallas Mavericks,7,DAL,Texas,West,Southwest,60,22,0.732,99.1,93.1,5.96,Devin Harris,PG,22,2947440,3881573,56,4,22.8,3.4,7.2,0.469,0.1,0.4,0.238,3.3,6.9,0.482,0.475,3,4.2,0.716,0.5,1.8,2.2,3.2,0.9,0.3,1.5,2.2,9.9,1275,17.4,0.544,0.052,0.583,2.5,9.2,5.9,23.4,2.3,1,14.2,21.7,2.3,1.4,3.7,0.139,1,-0.4,0.6,0.8
2005/2006,49500000,62777897,398762,Indiana Pacers,12,IND,Indiana,East,Central,41,41,0.5,93.9,92,1.62,David Harrison,C,23,898200,1182867,67,17,15.4,2.2,4.4,0.503,0,0,,2.2,4.4,0.503,0.503,1.3,2.6,0.511,1.3,2.5,3.8,0.2,0.3,0.9,1.2,2.9,5.7,1034,11.8,0.519,0,0.592,9.7,18.4,14.2,2.4,1.2,4.2,17.6,20.2,-0.4,1.9,1.5,0.068,-5.1,0.9,-4.2,-0.6
2005/2006,49500000,62777897,398762,Sacramento Kings,26,SAC,California,West,Pacific,44,38,0.537,98.9,97.3,1.61,Jason Hart,PG,27,1540000,2028073,66,0,12.4,1.3,3.3,0.389,0.1,0.5,0.29,1.2,2.9,0.405,0.41,0.6,0.8,0.661,0.2,0.9,1.1,1.1,0.5,0.1,0.7,1.3,3.3,818,7.1,0.444,0.14,0.253,1.7,8.3,5.1,13.4,2,0.4,14.9,16.2,-0.7,0.8,0.1,0.006,-4.8,-0.7,-5.6,-0.7
2005/2006,49500000,62777897,398762,Miami Heat,16,MIA,Florida,East,Southeast,52,30,0.634,99.9,96,3.59,Udonis Haslem,PF,25,5000000,6584652,81,80,30.8,3.7,7.3,0.508,0,0,0,3.7,7.3,0.509,0.508,1.9,2.5,0.789,2.1,5.8,7.8,1.2,0.6,0.2,1,2.7,9.3,2491,13.7,0.558,0.003,0.337,8.2,21.2,15,5.9,1.1,0.5,10.5,14.1,3.9,3.1,7,0.134,-0.8,0.8,0,1.3
2005/2006,49500000,62777897,398762,Minnesota Timberwolves,18,MIN,Minnesota,West,Northwest,33,49,0.402,91.7,93.6,-1.75,Trenton Hassell,SG,26,4350000,5728648,77,67,32.6,3.7,8,0.464,0.1,0.3,0.304,3.6,7.7,0.47,0.47,1.7,2.3,0.744,1.1,1.7,2.8,2.6,0.6,0.4,1.6,2.6,9.2,2514,9.5,0.512,0.037,0.286,4,6.2,5.2,13.2,0.9,0.9,15.2,15.4,0.7,1.6,2.3,0.044,-2,-0.3,-2.3,-0.2
2005/2006,49500000,62777897,398762,Houston Rockets,11,HOU,Texas,West,Southwest,34,48,0.415,90.1,91.7,-1.3,Chuck Hayes,PF,22,#N/A,#N/A,40,0,13.4,1.5,2.6,0.562,0,0,0,1.5,2.6,0.567,0.562,0.7,1.1,0.644,1.7,2.8,4.5,0.4,0.7,0.4,0.3,1.9,3.7,535,18,0.589,0.01,0.429,14.9,24.1,19.6,4.6,2.6,2.1,8.8,12.2,1.2,1.1,2.4,0.212,-0.5,2.3,1.8,0.5
2005/2006,49500000,62777897,398762,Washington Wizards,30,WAS,Washington DC,East,Southeast,42,40,0.512,101.7,99.8,1.57,Jarvis Hayes,SG,24,2011080,2648452,21,13,24.6,3.7,8.7,0.421,0.8,2.2,0.362,2.9,6.5,0.441,0.467,1.2,1.4,0.833,0.9,2.7,3.6,1.3,0.8,0,1,1.8,9.3,516,12.2,0.499,0.257,0.164,4.2,13.2,8.6,8.7,1.6,0.2,10.1,18.8,0.3,0.4,0.7,0.065,-1.1,-1.3,-2.5,-0.1
2005/2006,49500000,62777897,398762,Washington Wizards,30,WAS,Washington DC,East,Southeast,42,40,0.512,101.7,99.8,1.57,Brendan Haywood,C,26,4000000,5267722,79,70,23.8,2.8,5.5,0.514,0,0,,2.8,5.5,0.514,0.514,1.7,2.8,0.585,2.5,3.4,5.9,0.6,0.4,1.3,1.2,2.9,7.3,1879,13.8,0.542,0,0.519,12,17,14.5,3.9,0.8,4.3,15.5,14.9,2,1.9,3.9,0.099,-1.7,1.1,-0.6,0.6
2005/2006,49500000,62777897,398762,Houston Rockets,11,HOU,Texas,West,Southwest,34,48,0.415,90.1,91.7,-1.3,Luther Head,SG,23,975600,1284797,80,27,28.9,3.2,7.9,0.403,1.4,3.9,0.361,1.8,4,0.445,0.493,1.1,1.5,0.699,0.4,2.9,3.3,2.7,1.1,0.1,1.5,2.1,8.8,2310,11.2,0.517,0.497,0.195,1.7,11.6,6.8,16.2,2.1,0.3,14.8,16.6,0.5,2.9,3.5,0.072,-0.6,0.8,0.2,1.3
2005/2006,49500000,62777897,398762,Cleveland Cavaliers,6,CLE,Ohio,East,Central,50,32,0.61,97.6,95.4,2.17,Alan Henderson,C,33,1138500,1499325,51,3,10.4,0.9,1.8,0.516,0,0,,0.9,1.8,0.516,0.516,0.6,1,0.673,1.2,1.5,2.7,0.2,0.2,0.2,0.4,1.1,2.5,531,12.2,0.564,0,0.538,13.3,17.3,15.3,2.9,0.9,1.7,16.3,11.7,0.7,0.6,1.3,0.116,-2.2,-0.3,-2.4,-0.1
2005/2006,49500000,62777897,398762,Denver Nuggets,8,DEN,Colorado,West,Northwest,44,38,0.537,100.3,100.1,0.36,Nenê,PF,23,3039889,4003322,1,0,3,0,1,0,0,0,,0,1,0,0,0,0,,0,0,0,0,0,0,2,1,0,3,-54.4,0,0,0,0,0,0,0,0,0,66.7,44.8,-0.1,0,-0.1,-1.312,-43.9,-3.8,-47.7,0
2005/2006,49500000,62777897,398762,Orlando Magic,22,ORL,Florida,East,Southeast,36,46,0.439,94.9,96,-1.26,Grant Hill,SF,33,15694250,20668237,21,17,29.2,5.7,11.6,0.49,0.1,0.4,0.25,5.6,11.2,0.498,0.494,3.7,4.9,0.765,0.7,3.1,3.8,2.3,1.1,0.3,1.7,2.4,15.1,613,19,0.552,0.033,0.42,3.1,12.7,8.1,14.6,2.1,0.8,10.8,24.9,1.1,0.6,1.7,0.13,0.7,-0.7,0,0.3
2005/2006,49500000,62777897,398762,Chicago Bulls,5,CHI,Illinois,East,Central,41,41,0.5,97.8,97.2,0.51,Kirk Hinrich,PG,25,2513880,3310605,81,81,36.5,5.6,13.3,0.418,1.6,4.2,0.37,4,9.1,0.441,0.477,3.2,3.9,0.815,0.4,3.2,3.6,6.3,1.2,0.3,2.3,3.1,15.9,2955,15.5,0.528,0.316,0.291,1.1,10,5.6,28.9,1.6,0.6,13.4,21.4,4.1,3.5,7.6,0.124,1.8,0.2,1.9,2.9
2005/2006,49500000,62777897,398762,Denver Nuggets,8,DEN,Colorado,West,Northwest,44,38,0.537,100.3,100.1,0.36,Julius Hodge,SG,22,1148760,1512837,14,0,2.4,0.4,0.9,0.385,0,0,,0.4,0.9,0.385,0.385,0.2,0.6,0.375,0.4,0.1,0.5,0.4,0.1,0,0.6,0.5,0.9,33,4.2,0.393,0,0.615,17.9,7,12.4,29.3,3.1,0,32.6,33.3,-0.2,0,-0.2,-0.219,-6.9,0,-6.9,0
2005/2006,49500000,62777897,398762,Chicago Bulls,5,CHI,Illinois,East,Central,41,41,0.5,97.8,97.2,0.51,Randy Holcomb,SF,26,52033,68523,4,0,2.8,0.3,0.3,1,0,0,,0.3,0.3,1,1,0,0,,0.3,0,0.3,0,0,0,0,0.5,0.5,11,8.2,1,0,0,10.5,0,5.2,0,0,0,0,4.1,0,0,0,0.15,0.7,-2.5,-1.8,0
2005/2006,49500000,62777897,398762,San Antonio Spurs,27,SAS,Texas,West,Southwest,63,19,0.768,95.6,88.8,6.69,Robert Horry,PF,35,3000000,3950791,63,3,18.8,1.8,4.6,0.384,0.8,2.3,0.368,0.9,2.3,0.399,0.474,0.7,1.1,0.647,1.1,2.7,3.8,1.3,0.7,0.8,0.7,1.8,5.1,1182,13.5,0.499,0.493,0.233,7.3,16.7,12.1,10.1,2,3.1,11.3,14.7,1,2.5,3.6,0.145,-0.2,3.4,3.2,1.5
2005/2006,49500000,62777897,398762,Phoenix Suns,24,PHO,Arizona,West,Pacific,54,28,0.659,108.4,102.8,5.48,Eddie House,PG,27,835810,1100703,81,0,17.5,4,9.4,0.422,1.5,3.9,0.389,2.4,5.5,0.445,0.503,0.4,0.5,0.805,0.2,1.4,1.6,1.8,0.5,0.1,0.9,1.2,9.8,1421,15.2,0.512,0.416,0.054,1.2,8.9,5.2,16.4,1.5,0.6,8.9,26.9,0.5,1.1,1.6,0.054,0.3,-2.7,-2.4,-0.1
2005/2006,49500000,62777897,398762,Orlando Magic,22,ORL,Florida,East,Southeast,36,46,0.439,94.9,96,-1.26,Dwight Howard,PF,20,4493160,5917179,82,81,36.8,5.7,10.7,0.531,0,0,0,5.7,10.7,0.532,0.531,4.3,7.3,0.595,3.5,9,12.5,1.5,0.8,1.4,2.6,3.4,15.8,3021,19.3,0.565,0.002,0.679,12.1,29.2,20.9,7.2,1.2,3,15.9,21.3,4.2,4.4,8.6,0.137,-0.2,1.4,1.2,2.5
2005/2006,49500000,62777897,398762,Dallas Mavericks,7,DAL,Texas,West,Southwest,60,22,0.732,99.1,93.1,5.96,Josh Howard,SF,25,923880,1216685,59,58,32.5,5.9,12.6,0.471,0.5,1.1,0.429,5.5,11.5,0.475,0.489,3.3,4.5,0.734,2.1,4.2,6.3,1.9,1.2,0.4,1.3,2.8,15.6,1915,19.3,0.536,0.085,0.359,7.9,15.3,11.7,10.4,1.9,1,8.4,22.9,4.4,2.3,6.7,0.168,2.2,0.1,2.3,2
2005/2006,49500000,62777897,398762,Houston Rockets,11,HOU,Texas,West,Southwest,34,48,0.415,90.1,91.7,-1.3,Juwan Howard,PF,32,5900400,7770417,80,80,31.7,4.9,10.7,0.459,0,0.1,0,4.9,10.7,0.461,0.459,1.9,2.4,0.806,2.1,4.6,6.7,1.4,0.6,0.1,1.7,2.9,11.8,2537,12.5,0.499,0.005,0.222,7.9,16.7,12.4,8.4,1.1,0.3,12.4,20.2,0.6,3,3.7,0.069,-2.6,0.3,-2.3,-0.2
2005/2006,49500000,62777897,398762,Minnesota Timberwolves,18,MIN,Minnesota,West,Northwest,33,49,0.402,91.7,93.6,-1.75,Troy Hudson,PG,29,5253000,6917836,36,0,22.2,3.5,9.3,0.381,1.1,2.8,0.396,2.4,6.4,0.375,0.441,1.3,1.4,0.923,0.2,1,1.2,2.9,0.3,0.1,1.1,1.5,9.5,800,12.2,0.48,0.303,0.156,1.2,5.3,3.3,23.3,0.8,0.4,10.1,23.5,0.3,0.4,0.7,0.042,-0.7,-3.9,-4.6,-0.5
2005/2006,49500000,62777897,398762,Cleveland Cavaliers,6,CLE,Ohio,East,Central,50,32,0.61,97.6,95.4,2.17,Larry Hughes,SG,27,10344900,13623515,36,31,35.6,5.3,13,0.409,0.8,2.1,0.368,4.6,10.9,0.417,0.439,4.1,5.4,0.756,0.7,3.8,4.5,3.6,1.5,0.6,2.8,3.3,15.5,1281,14,0.504,0.162,0.412,2.4,12.6,7.4,17.5,2.2,1.3,15.2,23.6,0.3,1.5,1.8,0.067,-1.1,0.8,-0.3,0.6
2005/2006,49500000,62777897,398762,Utah Jazz,29,UTA,Utah,West,Northwest,41,41,0.5,92.4,95,-2.49,Kris Humphries,PF,20,1592400,2097080,62,2,10,1.2,3.3,0.379,0,0.1,0,1.2,3.2,0.389,0.379,0.5,1,0.523,0.9,1.6,2.5,0.5,0.4,0.3,0.5,1.3,3,619,10.3,0.406,0.025,0.32,10.9,20,15.4,8.6,2,2.2,11.8,19.7,-0.6,0.8,0.2,0.019,-4.7,-0.1,-4.8,-0.4
2005/2006,49500000,62777897,398762,Detroit Pistons,9,DET,Michigan,East,Central,64,18,0.78,96.8,90.2,6.24,Lindsey Hunter,PG,35,1760000,2317797,30,1,11.8,1.2,3.3,0.37,0.4,1.4,0.256,0.9,1.9,0.456,0.425,0.1,0.1,0.5,0.3,1,1.3,2.1,0.6,0,0.7,1.5,2.9,353,10.5,0.427,0.43,0.04,3.3,10.2,6.7,27.1,3,0.2,16.4,16.4,0,0.5,0.5,0.066,-1.7,0,-1.7,0
2005/2006,49500000,62777897,398762,Philadelphia 76ers,23,PHI,Pennsylvania,East,Atlantic,38,44,0.463,99.4,101.3,-2.1,Steven Hunter,C,24,2800000,3687405,69,35,19,2.5,4.2,0.601,0,0,,2.5,4.2,0.601,0.601,1,2,0.514,1.6,2.3,3.9,0.2,0.2,1.1,0.9,1.7,6.1,1312,13.9,0.598,0,0.474,9.8,14.4,12.1,2.1,0.5,4.4,15.4,14.4,1.5,1,2.5,0.09,-2.4,-0.5,-2.9,-0.3
2005/2006,49500000,62777897,398762,Philadelphia 76ers,23,PHI,Pennsylvania,East,Atlantic,38,44,0.463,99.4,101.3,-2.1,Andre Iguodala,SF,22,2058000,2710243,82,82,37.6,4.2,8.4,0.5,0.7,1.9,0.354,3.5,6.5,0.543,0.541,3.2,4.3,0.754,1.4,4.4,5.9,3.1,1.6,0.3,1.9,2.4,12.3,3086,14.8,0.598,0.23,0.507,4.4,13.8,9.1,12.9,2.3,0.5,15.4,14.7,4.9,2.6,7.5,0.116,1.2,0.9,2.1,3.2
2005/2006,49500000,62777897,398762,Cleveland Cavaliers,6,CLE,Ohio,East,Central,50,32,0.61,97.6,95.4,2.17,Zydrunas Ilgauskas,C,30,8740000,11509973,78,78,29.3,5.8,11.4,0.506,0,0.1,0,5.8,11.3,0.509,0.506,4.1,4.9,0.834,3.1,4.4,7.6,1.2,0.5,1.7,2,3.6,15.6,2283,21.9,0.576,0.006,0.427,12.6,18.1,15.3,7.4,0.9,4.6,12.8,24.6,5.6,3.1,8.7,0.184,0.8,1,1.8,2.2
2005/2006,49500000,62777897,398762,Dallas Mavericks,7,DAL,Texas,West,Southwest,60,22,0.732,99.1,93.1,5.96,Didier Ilunga-Mbenga,C,25,880000,1158898,43,1,5.5,0.7,1.4,0.533,0,0,0,0.7,1.4,0.542,0.533,0.2,0.5,0.5,0.4,0.9,1.3,0,0.1,0.6,0.4,1.1,1.7,237,13.4,0.538,0.017,0.333,9.8,18.4,14.2,1.4,1.4,8.1,18.9,16.7,0,0.4,0.5,0.092,-4.2,2,-2.2,0
2005/2006,49500000,62777897,398762,Philadelphia 76ers,23,PHI,Pennsylvania,East,Atlantic,38,44,0.463,99.4,101.3,-2.1,Allen Iverson,PG,30,16453125,21667623,72,72,43.1,11.3,25.3,0.447,1,3.1,0.323,10.3,22.2,0.465,0.467,9.4,11.5,0.814,0.6,2.6,3.2,7.4,1.9,0.1,3.4,1.7,33,3103,25.9,0.543,0.122,0.455,1.7,7.1,4.4,34.9,2.3,0.2,10.2,35.8,8.8,1.8,10.6,0.165,6,-2.5,3.5,4.3
2005/2006,49500000,62777897,398762,Atlanta Hawks,1,ATL,Georgia,East,Southeast,26,56,0.317,97.2,102,-4.69,Royal Ivey,PG,24,641748,845137,73,66,13.4,1.6,3.6,0.439,0.1,0.1,0.4,1.5,3.5,0.441,0.447,0.3,0.5,0.727,0.4,0.9,1.3,1,0.3,0.1,0.3,2,3.6,978,8.4,0.467,0.038,0.125,3.7,8.2,5.9,12.2,1.3,0.5,7.6,14,0.6,0,0.7,0.034,-2.7,-2.5,-5.1,-0.8
2005/2006,49500000,62777897,398762,Portland Trail Blazers,25,POR,Oregon,West,Northwest,21,61,0.256,88.8,98.3,-8.91,Jarrett Jack,SG,22,1058640,1394155,79,4,20.2,2.4,5.4,0.442,0.3,1,0.263,2.1,4.5,0.48,0.465,1.6,2,0.8,0.2,1.8,2,2.8,0.5,0,1.3,1.7,6.7,1599,12.3,0.528,0.178,0.374,1.3,10.8,6,23.2,1.4,0.1,17,17.8,1.1,0.1,1.2,0.035,-1.2,-2.4,-3.6,-0.7
2005/2006,49500000,62777897,398762,Memphis Grizzlies,15,MEM,Tennessee,West,Southwest,49,33,0.598,92.2,88.5,3.74,Bobby Jackson,PG,32,3375000,4444640,71,15,25,4,10.5,0.382,1.8,4.7,0.389,2.2,5.9,0.377,0.469,1.5,2.1,0.733,0.6,2.5,3.1,2.7,0.9,0,1.4,2.2,11.4,1775,14.6,0.497,0.444,0.195,3,12.1,7.6,20.7,1.9,0,11.1,25,1,2.5,3.5,0.095,1.1,-1,0.1,0.9
2005/2006,49500000,62777897,398762,Milwaukee Bucks,17,MIL,Wisconsin,East,Central,40,42,0.488,97.8,98.8,-1.07,Jermaine Jackson,PG,29,1355067,1784528,30,2,6.7,0.4,0.9,0.423,0,0.1,0.25,0.3,0.7,0.455,0.442,0.4,0.5,0.857,0.3,0.6,0.9,0.8,0.1,0,0.4,0.6,1.2,202,8.2,0.544,0.154,0.538,4.6,11.4,7.9,17.8,1,0.4,28.8,10.2,0.1,0.1,0.2,0.047,-3.5,-0.6,-4.1,-0.1
2005/2006,49500000,62777897,398762,#N/A,#N/A,TOT,#N/A,#N/A,#N/A,#N/A,#N/A,#N/A,#N/A,#N/A,#N/A,Jim Jackson,SF,35,2640000,3476696,40,1,12.8,1.2,4,0.294,0.5,1.9,0.243,0.7,2.2,0.337,0.35,0.2,0.3,0.692,0.3,1.6,1.9,0.9,0.3,0.2,0.9,1.3,3,512,3,0.365,0.463,0.081,2.4,14,8.3,9.1,1.2,0.8,17.4,17.6,-1.3,0.5,-0.8,-0.078,-6.4,-0.6,-7,-0.6
2005/2006,49500000,62777897,398762,Phoenix Suns,24,PHO,Arizona,West,Pacific,54,28,0.659,108.4,102.8,5.48,Jim Jackson,SF,35,2640000,3476696,27,1,15.6,1.4,4.8,0.295,0.5,2.3,0.222,0.9,2.4,0.364,0.349,0.3,0.5,0.692,0.4,2,2.4,1.1,0.4,0.2,1.1,1.7,3.7,420,3.2,0.367,0.488,0.101,3,13.7,8.5,9.6,1.2,1,18.2,17.6,-1.1,0.4,-0.7,-0.075,-6,-0.2,-6.2,-0.4
2005/2006,49500000,62777897,398762,Los Angeles Lakers,14,LAL,California,West,Pacific,45,37,0.549,99.4,96.9,2.53,Jim Jackson,SF,35,2640000,3476696,13,0,7.1,0.7,2.4,0.29,0.3,0.8,0.364,0.4,1.5,0.25,0.355,0,0,,0,0.9,0.9,0.3,0.2,0,0.4,0.4,1.7,92,2.1,0.355,0.355,0,0,15.3,7.7,6.6,1.1,0,13.9,17.8,-0.2,0.1,-0.2,-0.089,-8.1,-2.6,-10.7,-0.2
2005/2006,49500000,62777897,398762,Cleveland Cavaliers,6,CLE,Ohio,East,Central,50,32,0.61,97.6,95.4,2.17,Luke Jackson,SF,24,1955160,2574810,36,0,8.8,0.8,2.4,0.341,0.3,1,0.333,0.5,1.4,0.347,0.412,0.7,0.9,0.788,0.4,0.7,1.1,0.7,0.3,0.1,0.9,0.8,2.7,315,7.9,0.482,0.424,0.388,6,9.1,7.5,12.4,1.9,0.5,23.8,19.2,-0.3,0.3,0,-0.003,-3.3,-0.9,-4.2,-0.2
2005/2006,49500000,62777897,398762,#N/A,#N/A,TOT,#N/A,#N/A,#N/A,#N/A,#N/A,#N/A,#N/A,#N/A,#N/A,Marc Jackson,C,31,4550000,5992034,64,10,16,2.7,5.8,0.472,0,0,0.5,2.7,5.7,0.471,0.473,1,1.3,0.805,1.3,2,3.4,0.7,0.2,0.1,1,2,6.5,1027,12.5,0.512,0.005,0.222,9.7,15.4,12.5,7.9,0.7,0.6,13.8,21.5,0.3,0.9,1.2,0.057,-2.9,-1.5,-4.4,-0.6
2005/2006,49500000,62777897,398762,New Jersey Nets,3,NJN,New Jersey,East,Atlantic,49,33,0.598,93.8,92.4,1.11,Marc Jackson,C,31,4550000,5992034,37,0,11.7,1.8,4,0.446,0,0,,1.8,4,0.446,0.446,1,1.3,0.792,0.8,1.6,2.4,0.6,0.1,0.2,0.8,1.9,4.6,433,10.7,0.503,0,0.324,8,16.2,12.1,9.2,0.6,1.1,14.2,21.4,0,0.6,0.6,0.061,-4.7,-0.9,-5.6,-0.4
2005/2006,49500000,62777897,398762,New Orleans/Oklahoma City Hornets,19,NOK,Oklahoma,West,Southwest,38,44,0.463,92.8,95.6,-2.51,Marc Jackson,C,31,4550000,5992034,27,10,22,4,8.2,0.489,0,0.1,0.5,4,8.1,0.489,0.491,1,1.3,0.824,2.1,2.7,4.7,0.8,0.3,0.1,1.4,2.1,9.1,594,13.9,0.519,0.009,0.154,10.9,14.8,12.8,7,0.7,0.3,13.6,21.5,0.3,0.4,0.7,0.054,-1.6,-1.9,-3.5,-0.2
2005/2006,49500000,62777897,398762,Indiana Pacers,12,IND,Indiana,East,Central,41,41,0.5,93.9,92,1.62,Stephen Jackson,SG,27,5610000,7387980,81,81,35.9,5.8,14.2,0.411,1.4,4.2,0.345,4.4,10,0.439,0.462,3.3,4.2,0.786,0.6,3.3,3.9,2.8,1.3,0.5,2.5,2.4,16.4,2910,13.6,0.512,0.295,0.297,2,10.1,6.2,14.2,1.9,1.1,13.5,24,0.5,3.9,4.4,0.073,-0.5,0.7,0.2,1.6
2005/2006,49500000,62777897,398762,New York Knicks,20,NYK,New York,East,Atlantic,23,59,0.28,95.6,102,-6.3,Jerome James,C,30,5000000,6584652,45,9,9,1.2,2.7,0.463,0,0,,1.2,2.7,0.463,0.463,0.6,0.9,0.625,0.9,1.2,2,0.3,0.1,0.5,1.1,2.3,3,406,6.3,0.494,0,0.331,11.6,15.7,13.6,5.2,0.4,4.6,26.9,21.2,-0.7,0.2,-0.5,-0.062,-6,-0.5,-6.5,-0.5
2005/2006,49500000,62777897,398762,Cleveland Cavaliers,6,CLE,Ohio,East,Central,50,32,0.61,97.6,95.4,2.17,LeBron James,SF,21,4621800,6086589,79,79,42.5,11.1,23.1,0.48,1.6,4.8,0.335,9.5,18.3,0.518,0.515,7.6,10.3,0.738,0.9,6.1,7,6.6,1.6,0.8,3.3,2.3,31.4,3361,28.1,0.568,0.208,0.447,2.6,17.1,9.8,32.8,2,1.5,10.7,33.6,12,4.3,16.3,0.232,7.9,1.4,9.3,9.5
2005/2006,49500000,62777897,398762,Toronto Raptors,28,TOR,Ontario,East,Atlantic,27,55,0.329,101.1,104,-3.03,Mike James,PG,30,3410000,4490733,79,79,37,7.3,15.5,0.469,2.1,4.8,0.442,5.2,10.7,0.481,0.538,3.6,4.3,0.837,0.6,2.7,3.3,5.8,0.9,0,2.6,2.7,20.3,2925,19.8,0.583,0.311,0.275,1.8,9.5,5.5,28.2,1.3,0.1,13,25,7.7,-0.1,7.6,0.125,4.8,-2.9,1.9,2.9
2005/2006,49500000,62777897,398762,Washington Wizards,30,WAS,Washington DC,East,Southeast,42,40,0.512,101.7,99.8,1.57,Antawn Jamison,SF,29,13843156,18230475,82,80,40.1,8,18.2,0.442,1.8,4.5,0.394,6.3,13.7,0.458,0.491,2.6,3.6,0.731,2,7.3,9.3,1.9,1.1,0.1,1.7,2.3,20.5,3288,17.7,0.518,0.25,0.199,5.7,21.8,13.5,8.7,1.4,0.3,7.8,23.9,4.9,3.2,8.2,0.119,1,-1,0,1.6
2005/2006,49500000,62777897,398762,Minnesota Timberwolves,18,MIN,Minnesota,West,Northwest,33,49,0.402,91.7,93.6,-1.75,Marko Jaric,PG,27,5000000,6584652,75,49,28,3,7.5,0.399,0.5,1.8,0.301,2.5,5.8,0.43,0.435,1.3,1.8,0.688,0.8,2.3,3.1,3.9,1.4,0.3,1.7,2.5,7.8,2102,11.7,0.468,0.235,0.244,3.5,9.6,6.7,22.5,2.8,0.8,16.8,17,-0.3,2.6,2.3,0.053,-1.3,1,-0.3,0.9
2005/2006,49500000,62777897,398762,Indiana Pacers,12,IND,Indiana,East,Central,41,41,0.5,93.9,92,1.62,Sarunas Jasikevicius,PG,29,4000000,5267722,75,15,20.8,2.3,5.7,0.396,1.1,3.1,0.364,1.1,2.6,0.435,0.497,1.6,1.8,0.91,0.3,1.8,2,3,0.5,0.1,1.5,1.4,7.3,1557,12.9,0.561,0.55,0.31,1.5,9.6,5.7,24.4,1.4,0.2,19.2,18,1.6,1.7,3.3,0.103,0.3,-0.9,-0.6,0.6
2005/2006,49500000,62777897,398762,Boston Celtics,2,BOS,Massachusetts,East,Atlantic,33,49,0.402,98,99.5,-1.59,Al Jefferson,PF,21,1512840,1992305,59,7,18,3.2,6.4,0.499,0,0.1,0,3.2,6.4,0.504,0.499,1.5,2.3,0.642,1.6,3.4,5.1,0.5,0.5,0.8,1.1,2.8,7.9,1062,16.2,0.53,0.011,0.354,11.4,22.6,17.2,5,1.5,3.3,12.4,21.6,0.9,1.5,2.3,0.105,-2.6,-0.4,-3.1,-0.3
2005/2006,49500000,62777897,398762,New Jersey Nets,3,NJN,New Jersey,East,Atlantic,49,33,0.598,93.8,92.4,1.11,Richard Jefferson,SF,25,10200000,13432692,78,78,39.2,6.3,12.9,0.493,0.8,2.4,0.319,5.6,10.5,0.532,0.522,6,7.4,0.812,1.2,5.6,6.8,3.8,0.8,0.2,2.2,2.5,19.5,3059,18.9,0.603,0.187,0.577,3.6,17.1,10.2,18,1,0.5,12.1,22.1,7.6,4.1,11.7,0.184,2.3,0.7,3,3.9
2005/2006,49500000,62777897,398762,Washington Wizards,30,WAS,Washington DC,East,Southeast,42,40,0.512,101.7,99.8,1.57,Jared Jeffries,PF,24,2433824,3205177,77,77,25.3,2.4,5.4,0.451,0.2,0.6,0.32,2.2,4.7,0.468,0.47,1.3,2.2,0.589,2.1,2.8,4.9,1.9,0.8,0.6,1.3,2.9,6.4,1951,11.6,0.5,0.12,0.405,9.5,13.2,11.3,11.6,1.5,2,16.8,13.4,1.4,1.7,3.1,0.076,-0.7,1.5,0.8,1.4
2005/2006,49500000,62777897,398762,Detroit Pistons,9,DET,Michigan,East,Central,64,18,0.78,96.8,90.2,6.24,Amir Johnson,SF,18,398762,525141,3,0,13,2.3,3.3,0.7,0.7,1,0.667,1.7,2.3,0.714,0.8,1.3,1.3,1,1,0.3,1.3,1,0,0.7,1.3,2.3,6.7,39,20.3,0.85,0.3,0.4,9,3.1,6.1,13.4,0,3.7,25.4,19.2,0.1,0,0.2,0.208,3.8,-1.4,2.5,0
2005/2006,49500000,62777897,398762,Indiana Pacers,12,IND,Indiana,East,Central,41,41,0.5,93.9,92,1.62,Anthony Johnson,PG,31,2420000,3186972,75,53,26.4,3.6,8,0.443,0.7,2.1,0.329,2.9,6,0.482,0.485,1.4,1.9,0.752,0.4,1.8,2.2,4.3,0.8,0.3,1.5,1.8,9.2,1981,14.2,0.52,0.257,0.234,1.9,7.7,4.9,28.6,1.7,0.8,14.7,18.3,2.2,2.3,4.5,0.108,0,-0.3,-0.3,0.9
2005/2006,49500000,62777897,398762,Denver Nuggets,8,DEN,Colorado,West,Northwest,44,38,0.537,100.3,100.1,0.36,DerMarr Johnson,SG,25,835810,1100703,58,21,15.9,2.3,5.3,0.431,1,2.8,0.35,1.3,2.5,0.521,0.523,0.6,0.7,0.81,0.3,1.3,1.7,0.9,0.4,0.4,0.8,1.5,6.1,924,11.7,0.545,0.523,0.137,2.4,9.6,6.1,9.5,1.4,2.1,12.4,17.9,0.5,0.8,1.3,0.07,-0.4,-0.8,-1.2,0.2
2005/2006,49500000,62777897,398762,Milwaukee Bucks,17,MIL,Wisconsin,East,Central,40,42,0.488,97.8,98.8,-1.07,Ervin Johnson,C,38,1138500,1499325,18,0,4.5,0.4,0.9,0.412,0,0,,0.4,0.9,0.412,0.412,0.1,0.1,0.5,0.3,1.1,1.3,0.1,0.1,0.1,0.3,1.3,0.8,81,3.1,0.419,0,0.118,7.2,28.4,17.6,3.7,0.6,2,21.9,12.9,-0.1,0.1,0,-0.01,-8.1,-0.2,-8.3,-0.1
2005/2006,49500000,62777897,398762,Atlanta Hawks,1,ATL,Georgia,East,Southeast,26,56,0.317,97.2,102,-4.69,Joe Johnson,SG,24,12000000,15803167,82,82,40.7,7.7,17,0.453,1.6,4.4,0.356,6.1,12.6,0.487,0.499,3.2,4,0.791,1.2,2.9,4.1,6.5,1.3,0.4,3.3,2.3,20.2,3340,17.9,0.537,0.258,0.237,3.4,8.8,6,29.1,1.6,0.7,14.8,24.6,5.5,0.4,6,0.086,3,-2.4,0.7,2.2
2005/2006,49500000,62777897,398762,#N/A,#N/A,TOT,#N/A,#N/A,#N/A,#N/A,#N/A,#N/A,#N/A,#N/A,#N/A,Linton Johnson,SF,25,719373,947364,36,7,14.6,1.7,4.1,0.409,0.4,1,0.361,1.3,3.1,0.425,0.453,0.5,0.8,0.667,1.1,2.3,3.4,0.4,0.3,0.3,0.8,1.7,4.3,524,10.1,0.476,0.242,0.181,8.9,19.1,13.8,4.5,1.2,1.9,14.8,16.8,-0.2,0.6,0.4,0.036,-3.4,-0.3,-3.7,-0.2
2005/2006,49500000,62777897,398762,New Jersey Nets,3,NJN,New Jersey,East,Atlantic,49,33,0.598,93.8,92.4,1.11,Linton Johnson,SF,25,719373,947364,9,0,3.9,0.6,1.1,0.5,0,0,,0.6,1.1,0.5,0.5,0.1,0.4,0.25,0,0.8,0.8,0.2,0.2,0,0.4,0.8,1.2,35,4.4,0.468,0,0.4,0,23.8,11.7,10.2,3.1,0,25.4,21.2,-0.1,0.1,0,-0.065,-9.9,1.3,-8.6,-0.1
2005/2006,49500000,62777897,398762,New Orleans/Oklahoma City Hornets,19,NOK,Oklahoma,West,Southwest,38,44,0.463,92.8,95.6,-2.51,Linton Johnson,SF,25,719373,947364,27,7,18.1,2.1,5.1,0.403,0.5,1.3,0.361,1.6,3.8,0.417,0.45,0.6,0.9,0.739,1.5,2.8,4.3,0.4,0.4,0.4,0.9,2,5.3,489,10.5,0.476,0.259,0.165,9.5,18.8,14,4.1,1.1,2,13.9,16.5,-0.1,0.5,0.4,0.043,-2.9,-0.4,-3.3,-0.2
2005/2006,49500000,62777897,398762,Memphis Grizzlies,15,MEM,Tennessee,West,Southwest,49,33,0.598,92.2,88.5,3.74,Dahntay Jones,SF,25,1223160,1610816,71,4,13.6,1.5,3.7,0.414,0,0.3,0.143,1.5,3.4,0.438,0.42,0.8,1.3,0.645,0.3,1.2,1.5,0.5,0.5,0.2,0.7,1.5,4,967,8,0.462,0.08,0.354,2.5,10.4,6.5,7,2.2,1.2,14.1,17.8,-0.9,1.5,0.6,0.029,-5.3,0.4,-4.8,-0.7
2005/2006,49500000,62777897,398762,Cleveland Cavaliers,6,CLE,Ohio,East,Central,50,32,0.61,97.6,95.4,2.17,Damon Jones,PG,29,3590000,4727780,82,7,25.5,2.3,6,0.387,1.7,4.5,0.377,0.6,1.5,0.417,0.53,0.4,0.6,0.64,0.2,1.5,1.6,2.1,0.5,0,0.7,1.4,6.7,2089,9.3,0.538,0.756,0.102,0.8,6.8,3.8,12.6,0.9,0,9.7,12.6,2.2,1.1,3.4,0.077,0.6,-1.6,-1.1,0.5
2005/2006,49500000,62777897,398762,Boston Celtics,2,BOS,Massachusetts,East,Atlantic,33,49,0.402,98,99.5,-1.59,Dwayne Jones,PF,22,398762,525141,14,0,6.2,0.3,0.7,0.4,0,0,,0.3,0.7,0.4,0.4,0.4,0.9,0.462,0.7,1.5,2.2,0.1,0.1,0.2,0.2,1,1,87,9.2,0.445,0,1.3,14.4,28.7,21.7,3.3,0.6,2.6,16,9.9,0,0.1,0.1,0.081,-4.8,-0.3,-5.1,-0.1
2005/2006,49500000,62777897,398762,Memphis Grizzlies,15,MEM,Tennessee,West,Southwest,49,33,0.598,92.2,88.5,3.74,Eddie Jones,SG,34,14576250,19195909,75,75,32.5,3.9,9.6,0.404,1.8,5,0.356,2.1,4.6,0.457,0.497,2.2,2.9,0.781,0.5,3.3,3.7,2.4,1.7,0.4,1.2,2.7,11.8,2437,14.7,0.542,0.518,0.298,1.8,12,6.9,12.7,3,0.9,10.2,18.1,3,4.2,7.2,0.141,1.5,1.5,3,3.1
2005/2006,49500000,62777897,398762,Indiana Pacers,12,IND,Indiana,East,Central,41,41,0.5,93.9,92,1.62,Fred Jones,SG,26,2328843,3066924,68,2,27,3.4,8.2,0.417,0.9,2.8,0.337,2.5,5.5,0.457,0.473,1.8,2.4,0.763,0.3,2.2,2.5,2.3,0.8,0.3,1.6,2.1,9.6,1837,11,0.517,0.335,0.286,1.2,9.3,5.3,14.5,1.6,0.8,14.5,18.7,0.4,2.2,2.6,0.069,-1.4,0.3,-1.1,0.4
2005/2006,49500000,62777897,398762,Phoenix Suns,24,PHO,Arizona,West,Pacific,54,28,0.659,108.4,102.8,5.48,James Jones,SF,25,2400000,3160633,75,24,23.6,3.2,7.7,0.418,1.5,3.8,0.386,1.8,3.9,0.449,0.513,1.4,1.6,0.851,0.6,2.8,3.4,0.8,0.5,0.7,0.5,1.9,9.3,1772,13.2,0.551,0.491,0.208,2.8,12.8,7.9,4.5,1.1,1.9,5.2,16.9,2.3,1.7,4,0.11,0.1,-0.5,-0.3,0.7
2005/2006,49500000,62777897,398762,Charlotte Bobcats,4,CHA,North Carolina,East,Southeast,26,56,0.317,96.9,100.9,-3.9,Jumaine Jones,PF,26,1875000,2469244,76,42,27.5,3.9,9.7,0.405,1.5,4.4,0.343,2.4,5.3,0.456,0.483,1.2,1.6,0.727,1.4,3.6,4.9,0.8,0.9,0.3,1,2.6,10.5,2089,12.1,0.506,0.455,0.164,5.5,16.1,10.4,5,1.7,0.8,8.6,18.3,1.2,1.8,3,0.068,-0.4,-0.8,-1.2,0.4
2005/2006,49500000,62777897,398762,Los Angeles Clippers,13,LAC,California,West,Pacific,47,35,0.573,97.2,95.6,1.75,Chris Kaman,C,23,2753760,3626510,78,78,32.8,4.7,9.1,0.523,0,0,0,4.7,9,0.524,0.523,2.5,3.2,0.77,2.4,7.2,9.6,1,0.6,1.4,2.3,3.4,11.9,2560,15,0.57,0.003,0.357,8.9,24.5,17,5,0.9,3.2,17.7,17.9,1.8,4.3,6.1,0.114,-2.1,1.7,-0.4,1
2005/2006,49500000,62777897,398762,Miami Heat,16,MIA,Florida,East,Southeast,52,30,0.634,99.9,96,3.59,Jason Kapono,SF,24,1100000,1448623,51,2,13,1.5,3.5,0.446,0.4,1,0.396,1.1,2.4,0.468,0.506,0.5,0.6,0.848,0.2,1.2,1.4,0.7,0.1,0.1,0.4,1.7,4.1,665,9,0.54,0.299,0.186,2.2,10,6.3,8.6,0.6,0.3,9.5,14.7,0.7,0.5,1.2,0.085,-1.6,-1.7,-3.3,-0.2
2005/2006,49500000,62777897,398762,Orlando Magic,22,ORL,Florida,East,Southeast,36,46,0.439,94.9,96,-1.26,Mario Kasun,C,25,682050,898212,28,0,7.6,1.1,2.5,0.449,0,0,,1.1,2.5,0.449,0.449,0.6,0.8,0.783,0.9,1.3,2.1,0.1,0.1,0.1,0.5,2.5,2.9,213,8.9,0.506,0,0.333,14.3,20.3,17.4,2.4,0.5,1.1,15.9,20.9,0.1,0.2,0.3,0.059,-4.1,-3.7,-7.8,-0.3
2005/2006,49500000,62777897,398762,Portland Trail Blazers,25,POR,Oregon,West,Northwest,21,61,0.256,88.8,98.3,-8.91,Viktor Khryapa,SF,23,1095960,1443303,69,53,21.6,2.3,5,0.462,0.1,0.4,0.333,2.1,4.5,0.474,0.477,1.1,1.6,0.694,1.7,2.8,4.4,1.3,0.7,0.4,1.2,3,5.8,1492,11.5,0.516,0.088,0.325,9.1,15.8,12.4,9.8,1.8,1.5,17.7,15.1,0.6,0.7,1.3,0.042,-1.5,0.4,-1,0.4
2005/2006,49500000,62777897,398762,New Jersey Nets,3,NJN,New Jersey,East,Atlantic,49,33,0.598,93.8,92.4,1.11,Jason Kidd,PG,32,16440000,21650338,80,80,37.2,4.6,11.3,0.404,1.7,4.9,0.352,2.8,6.4,0.445,0.481,2.4,3.1,0.795,1.1,6.2,7.3,8.4,1.9,0.4,2.4,2,13.3,2975,19.2,0.526,0.436,0.27,3.3,19.8,11.4,39,2.7,0.8,15.9,19.1,4.5,5.6,10.1,0.163,2.7,2.7,5.5,5.6
2005/2006,49500000,62777897,398762,Utah Jazz,29,UTA,Utah,West,Northwest,41,41,0.5,92.4,95,-2.49,Andrei Kirilenko,SF,24,10983000,14463848,69,63,37.7,4.9,10.6,0.46,0.5,1.7,0.308,4.3,8.9,0.489,0.485,5,7.2,0.699,2.3,5.7,8,4.3,1.5,3.2,2.9,2.3,15.3,2604,20.7,0.556,0.16,0.678,7.4,18.4,12.9,20.5,2.1,7,17.6,20.5,3.6,4.3,7.9,0.145,1.5,4.9,6.4,5.5
2005/2006,49500000,62777897,398762,Denver Nuggets,8,DEN,Colorado,West,Northwest,44,38,0.537,100.3,100.1,0.36,Linas Kleiza,PF,21,879360,1158056,61,2,8.5,1.3,2.8,0.445,0,0.2,0.154,1.2,2.6,0.469,0.451,0.9,1.3,0.704,0.6,1.3,1.9,0.2,0.2,0.2,0.3,1.4,3.5,519,13.2,0.51,0.075,0.468,8.7,17.4,13.1,4.6,1,1.9,7.1,19.4,0.6,0.6,1.2,0.111,-2.5,-1.7,-4.3,-0.3
2005/2006,49500000,62777897,398762,Charlotte Bobcats,4,CHA,North Carolina,East,Southeast,26,56,0.317,96.9,100.9,-3.9,Brevin Knight,PG,30,4600000,6057880,69,67,34.1,4.5,11.2,0.399,0,0.2,0.231,4.4,11,0.402,0.401,3.7,4.6,0.803,0.5,2.7,3.2,8.8,2.3,0.1,2.4,2.9,12.6,2351,17.3,0.478,0.017,0.407,1.6,9.9,5.5,42.3,3.4,0.1,15.3,20.3,2.5,2.5,4.9,0.101,0.4,-0.2,0.2,1.3
2005/2006,49500000,62777897,398762,Los Angeles Clippers,13,LAC,California,West,Pacific,47,35,0.573,97.2,95.6,1.75,Yaroslav Korolev,SF,18,1704480,2244681,24,0,5.3,0.4,1.3,0.3,0.1,0.3,0.286,0.3,1,0.304,0.333,0.3,0.4,0.7,0.2,0.3,0.5,0.4,0.1,0,0.3,0.5,1.1,127,4.8,0.392,0.233,0.333,4.8,7,5.9,10.3,1.2,0,14.9,14.7,-0.1,0.1,0,-0.013,-4.8,-1.5,-6.3,-0.1
2005/2006,49500000,62777897,398762,Philadelphia 76ers,23,PHI,Pennsylvania,East,Atlantic,38,44,0.463,99.4,101.3,-2.1,Kyle Korver,SF,24,3630363,4780936,82,43,31.3,4,9.3,0.43,2.2,5.3,0.42,1.7,3.9,0.443,0.551,1.2,1.5,0.849,0.3,3,3.3,2,0.8,0.3,1.2,2.7,11.5,2563,12.3,0.577,0.576,0.156,1.2,11.1,6.2,10.2,1.3,0.8,10.8,16.2,3.2,1.3,4.6,0.086,1.2,-1.4,-0.2,1.1
2005/2006,49500000,62777897,398762,New Jersey Nets,3,NJN,New Jersey,East,Atlantic,49,33,0.598,93.8,92.4,1.11,Nenad Krstic,PF,22,1010040,1330152,80,80,30.9,5.6,11,0.507,0,0.1,0.25,5.6,11,0.509,0.508,2.3,3.3,0.698,2.3,4.1,6.4,1.1,0.4,0.8,1.7,3.7,13.5,2469,14.4,0.541,0.005,0.301,8.5,15.9,12.2,6.8,0.7,2.1,11.8,21.6,2,3.4,5.4,0.105,-2.2,0.3,-1.9,0.1
2005/2006,49500000,62777897,398762,Milwaukee Bucks,17,MIL,Wisconsin,East,Central,40,42,0.488,97.8,98.8,-1.07,Toni Kukoc,PF,37,2000000,2633861,65,0,15.7,1.8,4.6,0.389,0.7,2.3,0.306,1.1,2.3,0.47,0.465,0.6,0.9,0.714,0.4,1.9,2.3,2.1,0.5,0.3,1,1.3,4.9,1018,11.9,0.491,0.493,0.188,3,14.7,8.8,21.5,1.7,1.3,17,17.4,0.2,0.9,1.1,0.053,-1,0,-1.1,0.2
2005/2006,49500000,62777897,398762,Boston Celtics,2,BOS,Massachusetts,East,Atlantic,33,49,0.402,98,99.5,-1.59,Raef LaFrentz,PF,29,10623288,13990132,82,63,24.8,2.9,6.7,0.431,1.4,3.5,0.392,1.5,3.2,0.474,0.533,0.6,0.9,0.68,1,4,5,1.4,0.4,0.9,0.8,3.3,7.8,2033,12,0.546,0.518,0.136,4.9,19.1,12.2,9,0.7,2.7,10,14.7,2.2,2,4.3,0.101,0,0.3,0.3,1.2
2005/2006,49500000,62777897,398762,#N/A,#N/A,TOT,#N/A,#N/A,#N/A,#N/A,#N/A,#N/A,#N/A,#N/A,#N/A,Maciej Lampe,C,20,900000,1185237,6,0,4.7,0.3,1.8,0.182,0,0,,0.3,1.8,0.182,0.182,0,0.3,0,0.7,0.8,1.5,0.3,0,0,0.5,0.3,0.7,28,-4.4,0.168,0,0.182,16.9,21.3,19,10,0,0,20.2,25.2,-0.2,0,-0.2,-0.332,-15.4,-5.2,-20.6,-0.1
2005/2006,49500000,62777897,398762,New Orleans/Oklahoma City Hornets,19,NOK,Oklahoma,West,Southwest,38,44,0.463,92.8,95.6,-2.51,Maciej Lampe,C,20,900000,1185237,2,0,8,0,2,0,0,0,,0,2,0,0,0,0,,0.5,1.5,2,1,0,0,0.5,1,0,16,-6.1,0,0,0,7.2,22.9,14.9,17.5,0,0,20,14.6,-0.1,0,-0.1,-0.257,-12.8,-0.2,-13,0
2005/2006,49500000,62777897,398762,Houston Rockets,11,HOU,Texas,West,Southwest,34,48,0.415,90.1,91.7,-1.3,Maciej Lampe,C,20,900000,1185237,4,0,3,0.5,1.8,0.286,0,0,,0.5,1.8,0.286,0.286,0,0.5,0,0.8,0.5,1.3,0,0,0,0.5,0,1,12,-2.1,0.254,0,0.286,29.8,19.2,24.4,0,0,0,20.2,39.3,-0.1,0,-0.1,-0.432,-18.9,-11.8,-30.7,-0.1
2005/2006,49500000,62777897,398762,New York Knicks,20,NYK,New York,East,Atlantic,23,59,0.28,95.6,102,-6.3,David Lee,SF,22,861360,1134351,67,14,16.9,2,3.4,0.596,0,0,,2,3.4,0.596,0.596,1.1,1.8,0.577,1.6,2.9,4.5,0.6,0.4,0.3,0.8,1.9,5.1,1129,15.4,0.607,0,0.535,11.6,21.1,16.3,6.5,1.4,1.5,15.2,13.5,2,0.8,2.7,0.116,0.2,0.2,0.4,0.7
2005/2006,49500000,62777897,398762,#N/A,#N/A,TOT,#N/A,#N/A,#N/A,#N/A,#N/A,#N/A,#N/A,#N/A,#N/A,Voshon Lenard,SG,32,3520000,4635595,26,6,17.6,2.9,7.3,0.393,1,3,0.321,1.9,4.3,0.442,0.458,0.6,1.2,0.516,0.2,1.6,1.8,1.6,0.8,0.2,1.2,1.5,7.3,458,10.9,0.467,0.408,0.162,1.3,10.8,6.1,15.6,2.4,0.7,13.2,23.7,-0.5,0.3,-0.1,-0.013,-1.8,-2,-3.7,-0.2
2005/2006,49500000,62777897,398762,Denver Nuggets,8,DEN,Colorado,West,Northwest,44,38,0.537,100.3,100.1,0.36,Voshon Lenard,SG,32,3520000,4635595,12,6,19.8,3.5,8.6,0.408,0.8,2.9,0.286,2.7,5.7,0.471,0.456,0.4,1.1,0.385,0.2,2.2,2.3,1.5,0.7,0.2,0.9,1.8,8.3,238,10.1,0.455,0.34,0.126,1,12.6,6.9,12.7,1.7,0.6,9.2,22.5,-0.2,0.2,0,0.005,-2.5,-1.7,-4.2,-0.1
2005/2006,49500000,62777897,398762,Portland Trail Blazers,25,POR,Oregon,West,Northwest,21,61,0.256,88.8,98.3,-8.91,Voshon Lenard,SG,32,3520000,4635595,14,0,15.7,2.4,6.3,0.375,1.1,3.1,0.349,1.3,3.2,0.4,0.46,0.8,1.3,0.611,0.2,1.1,1.4,1.6,0.9,0.1,1.4,1.3,6.6,220,11.8,0.48,0.489,0.205,1.6,8.9,5.2,18.8,3.2,0.7,17.3,25,-0.3,0.1,-0.1,-0.031,-1,-2.2,-3.2,-0.1
2005/2006,49500000,62777897,398762,Seattle SuperSonics,21,SEA,Washington,West,Northwest,35,47,0.427,102.6,105.6,-2.88,Rashard Lewis,SF,26,8571429,11287977,78,77,36.9,6.9,14.8,0.467,1.8,4.7,0.384,5.1,10,0.507,0.529,4.5,5.5,0.818,1.4,3.6,5,2.3,1.3,0.6,1.8,2.4,20.1,2876,20,0.585,0.321,0.372,4.6,11.9,8.2,10.7,1.9,1.3,9.5,23.1,8.2,0.1,8.3,0.138,4.3,-1.8,2.5,3.3
2005/2006,49500000,62777897,398762,Chicago Bulls,5,CHI,Illinois,East,Central,41,41,0.5,97.8,97.2,0.51,0,PG,30,#N/A,#N/A,5,0,4.4,0,0.4,0,0,0,,0,0.4,0,0,0,0,,0.2,0.6,0.8,0.2,0.2,0,0.2,1.2,0,22,-3,0,0,0,5.2,15.6,10.4,6,2.3,0,33.3,6.2,-0.1,0,0,-0.045,-9,3.6,-5.3,0
2005/2006,49500000,62777897,398762,Los Angeles Clippers,13,LAC,California,West,Pacific,47,35,0.573,97.2,95.6,1.75,Shaun Livingston,PG,20,3254880,4286451,61,14,25,2.4,5.7,0.427,0,0.1,0.125,2.4,5.6,0.434,0.428,0.9,1.3,0.688,0.7,2.3,3,4.5,0.8,0.5,1.8,2.6,5.8,1525,10.2,0.46,0.023,0.221,3.3,10.4,7,27.2,1.6,1.6,22.5,15,-0.5,1.8,1.3,0.041,-2.9,0.8,-2.1,0
2005/2006,49500000,62777897,398762,Houston Rockets,11,HOU,Texas,West,Southwest,34,48,0.415,90.1,91.7,-1.3,John Lucas,PG,23,34041,44829,13,0,8.2,1.1,2.8,0.389,0.2,0.7,0.222,0.9,2.1,0.444,0.417,0,0,,0.2,0.2,0.4,0.9,0.4,0,0.5,0.5,2.3,107,7.7,0.417,0.25,0,2.2,3.2,2.7,20.3,2.5,0,16.3,19.2,-0.2,0.1,-0.1,-0.027,-4.9,-2,-7,-0.1
2005/2006,49500000,62777897,398762,Atlanta Hawks,1,ATL,Georgia,East,Southeast,26,56,0.317,97.2,102,-4.69,Tyronn Lue,PG,28,3500000,4609257,51,10,24.2,3.8,8.2,0.459,1.1,2.5,0.457,2.6,5.7,0.46,0.529,2.3,2.7,0.855,0.3,1.4,1.6,3.1,0.5,0.1,1.5,2.2,11,1234,15.5,0.585,0.304,0.33,1.2,6.9,4,21.7,1.1,0.2,13.5,20.4,2.8,-0.1,2.7,0.104,1.6,-4.4,-2.8,-0.3
2005/2006,49500000,62777897,398762,New Orleans/Oklahoma City Hornets,19,NOK,Oklahoma,West,Southwest,38,44,0.463,92.8,95.6,-2.51,Arvydas Macijauskas,SG,26,2500000,3292326,19,0,7.1,0.7,2.2,0.341,0.2,0.6,0.25,0.6,1.5,0.379,0.378,0.7,0.8,0.867,0.2,0.4,0.5,0.3,0.4,0,0.4,0.5,2.3,135,8.3,0.462,0.293,0.366,2.6,6.3,4.4,6.1,2.8,0,14.4,19.2,-0.1,0.1,0,-0.001,-3.8,-1.5,-5.3,-0.1
2005/2006,49500000,62777897,398762,Minnesota Timberwolves,18,MIN,Minnesota,West,Northwest,33,49,0.402,91.7,93.6,-1.75,Mark Madsen,C,30,2000000,2633861,62,7,10.9,0.4,1.1,0.409,0,0.1,0,0.4,1,0.458,0.409,0.3,0.8,0.426,0.8,1.5,2.3,0.2,0.4,0.3,0.4,1.8,1.2,676,5.3,0.427,0.106,0.712,9.1,15.7,12.5,2.4,1.8,1.9,23.1,7.9,-0.3,0.9,0.6,0.043,-4.9,1.5,-3.4,-0.2
2005/2006,49500000,62777897,398762,Los Angeles Clippers,13,LAC,California,West,Pacific,47,35,0.573,97.2,95.6,1.75,Corey Maggette,SF,26,7000000,9218514,32,13,29.5,5.2,11.7,0.445,0.8,2.2,0.338,4.5,9.5,0.47,0.477,6.6,8,0.828,0.9,4.4,5.3,2.1,0.6,0.1,2.4,3,17.8,943,18.9,0.584,0.189,0.683,3.6,16.6,10.4,12.1,1.1,0.3,13.8,27.7,1.9,1.1,3,0.154,1.1,-1.5,-0.4,0.4
2005/2006,49500000,62777897,398762,Milwaukee Bucks,17,MIL,Wisconsin,East,Central,40,42,0.488,97.8,98.8,-1.07,Jamaal Magloire,C,27,8533333,11237807,82,82,30.1,3.5,7.5,0.467,0,0,,3.5,7.5,0.467,0.467,2.2,4.1,0.535,2.7,6.8,9.5,0.7,0.4,1,2,3.4,9.2,2465,11.1,0.494,0,0.541,10.4,27.4,18.8,3.6,0.6,2.6,17.9,17.2,-0.8,2.9,2,0.039,-4.7,0.4,-4.3,-1.4
2005/2006,49500000,62777897,398762,New York Knicks,20,NYK,New York,East,Atlantic,23,59,0.28,95.6,102,-6.3,Stephon Marbury,PG,28,16453125,21667623,60,60,36.6,5.8,12.9,0.451,0.6,1.7,0.317,5.3,11.2,0.472,0.472,4.1,5.4,0.755,0.4,2.5,2.9,6.4,1.1,0.1,2.6,2.4,16.3,2193,16.4,0.532,0.134,0.421,1.4,8.4,4.9,31.7,1.5,0.1,14.6,22.2,3.5,0.3,3.9,0.084,2,-2.3,-0.3,0.9
2005/2006,49500000,62777897,398762,Phoenix Suns,24,PHO,Arizona,West,Pacific,54,28,0.659,108.4,102.8,5.48,Shawn Marion,PF,27,13700000,18041949,81,81,40.3,8.8,16.9,0.525,1.2,3.6,0.331,7.7,13.3,0.577,0.56,3,3.7,0.809,3.1,8.8,11.8,1.8,2,1.7,1.5,2.8,21.8,3263,23.6,0.591,0.212,0.218,8.7,23.6,16.3,6.8,2.5,2.9,7.7,22.3,8.6,5.9,14.6,0.214,2.9,2.3,5.3,5.9
2005/2006,49500000,62777897,398762,San Antonio Spurs,27,SAS,Texas,West,Southwest,63,19,0.768,95.6,88.8,6.69,Sean Marks,PF,30,835810,1100703,25,0,7.2,1.5,2.8,0.521,0,0.1,0,1.5,2.7,0.544,0.521,0.3,0.5,0.583,0.5,1.2,1.7,0.3,0.2,0.3,0.3,0.8,3.2,181,17.9,0.531,0.042,0.169,8,19.8,14,7,1.5,2.8,8.4,22,0.2,0.4,0.6,0.156,-2.1,0.7,-1.4,0
2005/2006,49500000,62777897,398762,Cleveland Cavaliers,6,CLE,Ohio,East,Central,50,32,0.61,97.6,95.4,2.17,Donyell Marshall,PF,32,4799108,6320092,81,0,25.6,3.3,8.3,0.395,1.6,4.9,0.324,1.7,3.4,0.496,0.49,1.1,1.5,0.748,1.3,4.8,6.1,0.7,0.7,0.5,1.1,2,9.3,2077,13.4,0.517,0.589,0.183,5.9,22.3,14,4.8,1.5,1.5,11,18.2,1.4,2.8,4.2,0.097,-0.4,-0.3,-0.7,0.7
2005/2006,49500000,62777897,398762,Dallas Mavericks,7,DAL,Texas,West,Southwest,60,22,0.732,99.1,93.1,5.96,Rawle Marshall,SF,23,398762,525141,23,9,10.5,1,2.6,0.4,0,0.1,0.333,1,2.5,0.404,0.408,1,1.3,0.759,0.3,1,1.3,0.4,0.3,0.3,0.7,0.7,3.1,241,10.1,0.488,0.05,0.483,4.1,11.3,7.7,6.5,1.8,2.2,17.1,17,-0.1,0.3,0.2,0.043,-3.7,0.2,-3.5,-0.1
2005/2006,49500000,62777897,398762,Toronto Raptors,28,TOR,Ontario,East,Atlantic,27,55,0.329,101.1,104,-3.03,Darrick Martin,PG,34,946646,1246667,40,0,8.5,0.9,2.4,0.351,0.4,1,0.4,0.5,1.4,0.316,0.433,0.5,0.6,0.75,0.1,0.5,0.5,1.4,0.4,0,0.4,1.1,2.6,339,11.5,0.474,0.412,0.247,0.7,6.8,3.6,25.7,2.6,0,12.2,16.7,0.3,0.1,0.4,0.052,-0.9,-3.4,-4.3,-0.2
2005/2006,49500000,62777897,398762,Denver Nuggets,8,DEN,Colorado,West,Northwest,44,38,0.537,100.3,100.1,0.36,Kenyon Martin,PF,28,10636364,14007353,56,49,27.6,5.3,10.7,0.495,0.1,0.4,0.227,5.2,10.3,0.505,0.499,2.2,3,0.712,1.7,4.6,6.3,1.4,0.8,0.9,1.3,3.1,12.9,1546,16.7,0.533,0.037,0.283,7.1,19.4,13.3,8.8,1.4,2.5,9.6,21.6,1.8,2,3.8,0.117,-0.8,0.6,-0.2,0.7
2005/2006,49500000,62777897,398762,Sacramento Kings,26,SAC,California,West,Pacific,44,38,0.537,98.9,97.3,1.61,Kevin Martin,SG,22,937440,1234543,72,41,26.6,3.6,7.6,0.48,0.9,2.5,0.369,2.7,5.1,0.534,0.54,2.6,3.1,0.847,0.8,2.8,3.6,1.3,0.8,0.1,1.1,1.9,10.8,1913,14.8,0.604,0.328,0.407,3.6,12.3,8,8.3,1.5,0.3,11.2,17.4,3.6,1.9,5.5,0.137,0.8,-0.7,0.1,1
2005/2006,49500000,62777897,398762,New Orleans/Oklahoma City Hornets,19,NOK,Oklahoma,West,Southwest,38,44,0.463,92.8,95.6,-2.51,Desmond Mason,SF,28,7333333,9657490,70,55,30,3.9,9.9,0.399,0,0.1,0.167,3.9,9.8,0.401,0.399,2.9,4.3,0.682,0.9,3.3,4.3,0.9,0.6,0.2,1.6,1.9,10.8,2102,9.2,0.46,0.009,0.438,3.5,13.6,8.4,5.4,1.1,0.7,12.1,20.8,-1.7,1.4,-0.2,-0.005,-4.5,-1,-5.5,-1.8
2005/2006,49500000,62777897,398762,Detroit Pistons,9,DET,Michigan,East,Central,64,18,0.78,96.8,90.2,6.24,Jason Maxiell,PF,22,905640,1192665,26,0,6.1,0.9,2.1,0.426,0,0,,0.9,2.1,0.426,0.426,0.5,1.6,0.333,0.5,0.6,1.1,0.1,0.2,0.2,0.4,0.5,2.3,159,8,0.414,0,0.778,8.9,12.1,10.5,3.1,1.4,2.3,13.2,24.9,-0.4,0.2,-0.2,-0.054,-7.7,-2.1,-9.8,-0.3
2005/2006,49500000,62777897,398762,Charlotte Bobcats,4,CHA,North Carolina,East,Southeast,26,56,0.317,96.9,100.9,-3.9,Sean May,PF,21,1619280,2132479,23,1,17.3,3,7.4,0.409,0,0.2,0,3,7.2,0.422,0.409,2.1,2.8,0.766,1.8,2.9,4.7,1,0.7,0.5,1.4,2.5,8.2,398,15.3,0.474,0.029,0.374,11.5,20.9,15.9,9.7,2.2,2.3,14.2,25.9,-0.1,0.5,0.4,0.047,-3.1,0.3,-2.8,-0.1
2005/2006,49500000,62777897,398762,Minnesota Timberwolves,18,MIN,Minnesota,West,Northwest,33,49,0.402,91.7,93.6,-1.75,Rashad McCants,SG,21,1538400,2025966,79,12,17.2,3.1,6.8,0.45,0.8,2.3,0.372,2.2,4.5,0.49,0.513,1,1.3,0.736,0.4,1.4,1.8,0.8,0.6,0.3,1.1,2.2,7.9,1362,12.6,0.539,0.336,0.198,2.6,9.8,6.3,8.4,1.7,1.2,12.9,23.3,0.2,1.4,1.6,0.058,-1.1,-1.8,-2.9,-0.3
2005/2006,49500000,62777897,398762,Los Angeles Clippers,13,LAC,California,West,Pacific,47,35,0.573,97.2,95.6,1.75,Walter McCarty,SF,31,1035000,1363023,36,1,9.8,0.9,2.8,0.333,0.3,1.3,0.222,0.6,1.5,0.426,0.384,0.3,0.6,0.571,0.4,1.5,1.9,0.6,0.2,0.1,0.5,1.4,2.4,353,5.9,0.407,0.455,0.212,5.2,16.7,11.2,9.8,1.2,1.1,14.9,16.7,-0.5,0.5,0,-0.001,-4,-0.3,-4.3,-0.2
2005/2006,49500000,62777897,398762,Detroit Pistons,9,DET,Michigan,East,Central,64,18,0.78,96.8,90.2,6.24,Antonio McDyess,PF,31,5393300,7102601,82,0,21.1,3.5,6.8,0.509,0,0,0,3.5,6.8,0.511,0.509,0.8,1.5,0.557,1.9,3.4,5.3,1.1,0.6,0.6,0.9,2.7,7.8,1733,15.5,0.52,0.004,0.218,10.6,19.4,15,8.8,1.5,2,11,18.9,1.9,2.8,4.6,0.128,-1.2,1.2,0,0.9
2005/2006,49500000,62777897,398762,Houston Rockets,11,HOU,Texas,West,Southwest,34,48,0.415,90.1,91.7,-1.3,Tracy McGrady,SF,26,15694250,20668237,47,47,37.1,8.7,21.5,0.406,1.6,5,0.312,7.2,16.5,0.434,0.442,5.4,7.2,0.747,1,5.6,6.5,4.8,1.3,0.9,2.6,1.9,24.4,1745,21.9,0.494,0.231,0.336,3.1,17.2,10.3,28.8,1.8,1.9,9.4,35,1.4,2.7,4.1,0.112,3.4,1.3,4.8,3
2005/2006,49500000,62777897,398762,New Jersey Nets,3,NJN,New Jersey,East,Atlantic,49,33,0.598,93.8,92.4,1.11,Jeff McInnis,SG,31,3400000,4477564,28,1,17.4,2.3,5.1,0.441,0.1,0.6,0.188,2.1,4.5,0.472,0.451,0.7,1,0.69,0.4,1.4,1.8,1.9,0.4,0.1,1,1.3,5.3,486,9.2,0.478,0.112,0.203,2.6,9.5,6,18.7,1.2,0.3,15.7,17.9,-0.2,0.6,0.3,0.031,-4.3,-0.8,-5,-0.4
2005/2006,49500000,62777897,398762,Los Angeles Lakers,14,LAL,California,West,Pacific,45,37,0.549,99.4,96.9,2.53,Aaron McKie,PG,33,8500000,11193909,14,0,8.6,0.2,0.9,0.25,0,0.1,0,0.2,0.7,0.3,0.25,0.1,0.1,0.5,0.2,1.2,1.4,0.8,0.4,0,0.1,0.5,0.5,121,6.1,0.272,0.167,0.167,2.9,16.5,9.7,12.5,2.2,0,13.4,5.6,0,0.1,0.1,0.041,-5.2,1.5,-3.7,-0.1
2005/2006,49500000,62777897,398762,Utah Jazz,29,UTA,Utah,West,Northwest,41,41,0.5,92.4,95,-2.49,Keith McLeod,PG,26,1250000,1646163,66,32,18.7,1.8,5.2,0.353,0.4,1.2,0.293,1.5,3.9,0.372,0.388,1.6,2,0.797,0.2,1,1.2,2.3,0.6,0.1,1.2,2,5.6,1232,8.6,0.464,0.241,0.391,1.1,6.7,3.8,20.7,1.9,0.6,16,17.8,-0.2,0.8,0.6,0.024,-3,-2.3,-5.3,-1
2005/2006,49500000,62777897,398762,Los Angeles Lakers,14,LAL,California,West,Pacific,45,37,0.549,99.4,96.9,2.53,Stanislav Medvedenko,PF,26,3000000,3950791,2,0,3,0.5,1,0.5,0,0,,0.5,1,0.5,0.5,0,0,,0,0,0,0.5,0,0,0,0.5,1,6,11,0.5,0,0,0,0,0,28.4,0,0,0,15.2,0,0,0,0.114,-3.7,-10.2,-13.8,0
2005/2006,49500000,62777897,398762,Los Angeles Lakers,14,LAL,California,West,Pacific,45,37,0.549,99.4,96.9,2.53,Chris Mihm,C,26,3792817,4994876,59,56,26.1,3.9,7.8,0.501,0,0,,3.9,7.8,0.501,0.501,2.4,3.4,0.716,2.3,4,6.3,1,0.3,1.2,1.4,3.6,10.2,1541,15.3,0.552,0,0.438,10.5,18,14.2,6.6,0.5,3.6,13.2,18.7,2.2,1.7,4,0.124,-1.6,0.2,-1.4,0.2
2005/2006,49500000,62777897,398762,Golden State Warriors,10,GSW,California,West,Pacific,34,48,0.415,98.5,99.8,-1.11,Aaron Miles,PG,22,155614,204932,19,0,6.2,0.3,0.9,0.333,0,0,,0.3,0.9,0.333,0.333,0.2,0.2,1,0,0.7,0.7,1.3,0.2,0.1,0.6,0.7,0.8,118,6,0.405,0,0.222,0,13.6,6.6,29.5,1.7,0.6,35.8,11.6,-0.2,0.1,0,-0.015,-7.7,-0.5,-8.2,-0.2
2005/2006,49500000,62777897,398762,Utah Jazz,29,UTA,Utah,West,Northwest,41,41,0.5,92.4,95,-2.49,CJ Miles,PG,18,398762,525141,23,0,8.8,1.2,3.3,0.368,0.2,0.9,0.25,1,2.4,0.411,0.401,0.8,1,0.75,0.8,0.9,1.7,0.7,0.3,0.1,0.4,0.9,3.4,203,13.8,0.456,0.263,0.316,10.7,12,11.3,14.3,1.9,0.8,9.4,21.8,0.1,0.2,0.3,0.076,-0.2,-1.8,-2.1,0
2005/2006,49500000,62777897,398762,Portland Trail Blazers,25,POR,Oregon,West,Northwest,21,61,0.256,88.8,98.3,-8.91,Darius Miles,SF,24,7250000,9547746,40,23,32.2,5.9,12.8,0.461,0.1,0.3,0.2,5.8,12.5,0.466,0.463,2.2,4.1,0.534,0.6,4,4.6,1.8,1.1,1,2.5,2.5,14,1286,12.5,0.48,0.02,0.32,2.2,15,8.5,10.8,1.8,2.3,14.5,25.1,-1.6,0.6,-1,-0.037,-3.7,-0.5,-4.2,-0.7
2005/2006,49500000,62777897,398762,#N/A,#N/A,TOT,#N/A,#N/A,#N/A,#N/A,#N/A,#N/A,#N/A,#N/A,#N/A,Darko Milicic,C,20,4135200,5445771,55,1,13.9,2.2,4.3,0.509,0,0,0,2.2,4.2,0.513,0.509,0.5,0.9,0.56,0.8,1.9,2.7,0.7,0.3,1.4,0.9,1.7,4.8,767,15.2,0.52,0.009,0.214,7.2,16.8,12.1,9.2,1,7.8,16.6,19,0,1.1,1.2,0.073,-3.1,3.4,0.3,0.4
2005/2006,49500000,62777897,398762,Detroit Pistons,9,DET,Michigan,East,Central,64,18,0.78,96.8,90.2,6.24,Darko Milicic,C,20,4135200,5445771,25,0,5.6,0.7,1.3,0.515,0,0.1,0,0.7,1.2,0.548,0.515,0.1,0.3,0.375,0.4,0.7,1.1,0.4,0.1,0.6,0.6,1,1.5,140,10.1,0.507,0.061,0.242,8.4,15.5,11.9,10.2,1.2,7.8,29.1,17.5,-0.2,0.3,0,0.016,-6,4.2,-1.8,0
2005/2006,49500000,62777897,398762,Orlando Magic,22,ORL,Florida,East,Southeast,36,46,0.439,94.9,96,-1.26,Darko Milicic,C,20,4135200,5445771,30,1,20.9,3.4,6.7,0.507,0,0,,3.4,6.7,0.507,0.507,0.8,1.4,0.595,1.1,3,4.1,1.1,0.4,2.1,1.2,2.2,7.6,627,16.3,0.522,0,0.209,6.9,17.1,12.1,9,1,7.8,14.1,19.3,0.3,0.9,1.1,0.086,-2.5,3.2,0.7,0.4
2005/2006,49500000,62777897,398762,Denver Nuggets,8,DEN,Colorado,West,Northwest,44,38,0.537,100.3,100.1,0.36,Andre Miller,PG,29,8100000,10667137,82,82,35.8,4.9,10.6,0.463,0.1,0.3,0.185,4.9,10.3,0.472,0.466,3.8,5.2,0.738,1.1,3.2,4.3,8.2,1.3,0.2,3.1,2.6,13.7,2937,16.4,0.532,0.031,0.486,3.7,10.2,7,36.2,1.8,0.5,19.5,20,3.6,2.6,6.2,0.101,0.7,-0.2,0.5,1.8
2005/2006,49500000,62777897,398762,Sacramento Kings,26,SAC,California,West,Pacific,44,38,0.537,98.9,97.3,1.61,Brad Miller,C,29,8750000,11523142,79,79,37,5.5,11.1,0.495,0.4,1.1,0.386,5.1,10,0.507,0.514,3.5,4.3,0.828,1.5,6.2,7.8,4.7,0.8,0.8,2.3,3,15,2923,17.5,0.576,0.1,0.385,4.9,19.5,12.3,21.5,1.1,1.6,14.9,18.9,5.5,3.6,9.1,0.15,1.1,1.7,2.8,3.5
2005/2006,49500000,62777897,398762,Memphis Grizzlies,15,MEM,Tennessee,West,Southwest,49,33,0.598,92.2,88.5,3.74,Mike Miller,SG,25,6750000,8889281,74,9,30.6,4.8,10.3,0.466,1.9,4.6,0.407,2.9,5.7,0.513,0.557,2.3,2.8,0.8,0.6,4.8,5.4,2.7,0.7,0.4,1.9,2.3,13.7,2268,17.2,0.595,0.446,0.276,2.3,18.8,10.6,16.5,1.3,1,14.1,21.3,3.9,3.5,7.4,0.157,2.1,0.5,2.6,2.6
2005/2006,49500000,62777897,398762,Houston Rockets,11,HOU,Texas,West,Southwest,34,48,0.415,90.1,91.7,-1.3,Yao Ming,C,25,5594906,7368102,57,57,34.2,8.2,15.8,0.519,0,0,0,8.2,15.8,0.519,0.519,5.9,6.9,0.853,2.6,7.6,10.2,1.5,0.5,1.6,2.6,3.4,22.3,1949,25.6,0.592,0.001,0.439,9.1,25.6,17.5,9.8,0.8,3.9,12,29.9,5,3.5,8.6,0.211,1.3,1.1,2.4,2.2
2005/2006,49500000,62777897,398762,Los Angeles Clippers,13,LAC,California,West,Pacific,47,35,0.573,97.2,95.6,1.75,Cuttino Mobley,SG,30,7200000,9481900,79,74,37.7,5.4,12.8,0.426,1.1,3.1,0.339,4.4,9.7,0.453,0.467,2.9,3.5,0.839,0.6,3.7,4.3,3,1.2,0.5,1.8,2.6,14.8,2979,13.1,0.519,0.243,0.271,2,10.9,6.6,13.1,1.6,0.9,11.4,19.8,1.9,3.4,5.3,0.086,0,0.4,0.3,1.8
2005/2006,49500000,62777897,398762,San Antonio Spurs,27,SAS,Texas,West,Southwest,63,19,0.768,95.6,88.8,6.69,Nazr Mohammed,C,28,5500000,7243118,80,30,17.4,2.4,4.7,0.504,0,0,,2.4,4.7,0.504,0.504,1.4,1.8,0.785,2,3.2,5.2,0.5,0.3,0.6,1.1,2.8,6.2,1389,15,0.56,0,0.382,14.2,21.2,17.8,4.7,0.8,2.5,17.1,18.3,1.7,2.8,4.5,0.156,-2,1,-1,0.4
2005/2006,49500000,62777897,398762,#N/A,#N/A,TOT,#N/A,#N/A,#N/A,#N/A,#N/A,#N/A,#N/A,#N/A,#N/A,Sergey Monya,SF,22,1016400,1338528,26,15,13.2,1.1,3.3,0.333,0.3,1.3,0.265,0.8,2,0.377,0.385,0.4,0.5,0.714,0.4,1.6,2,0.7,0.3,0.2,0.5,1.6,3,343,6.3,0.413,0.391,0.161,3.8,14.6,9.1,8.9,1.1,1.1,11.4,14.5,-0.3,0.1,-0.2,-0.025,-3.7,-1.5,-5.1,-0.3
2005/2006,49500000,62777897,398762,Portland Trail Blazers,25,POR,Oregon,West,Northwest,21,61,0.256,88.8,98.3,-8.91,Sergey Monya,SF,22,1016400,1338528,23,15,14.6,1.3,3.7,0.341,0.4,1.4,0.273,0.9,2.3,0.385,0.394,0.3,0.5,0.667,0.5,1.7,2.2,0.8,0.3,0.2,0.5,1.8,3.3,336,6.2,0.415,0.388,0.141,3.9,14.5,9.1,9.1,1,1.1,11.7,14.4,-0.2,0.1,-0.2,-0.026,-3.6,-1.5,-5.1,-0.3
2005/2006,49500000,62777897,398762,Sacramento Kings,26,SAC,California,West,Pacific,44,38,0.537,98.9,97.3,1.61,Sergey Monya,SF,22,1016400,1338528,3,0,2.3,0,0.7,0,0,0.3,0,0,0.3,0,0,0.7,0.7,1,0,0.3,0.3,0,0.3,0,0,0,0.7,7,12.1,0.347,0.5,1,0,16.5,8.4,0,7.5,0,0,18.9,0,0,0,0.062,-6,-0.2,-6.2,0
2005/2006,49500000,62777897,398762,Seattle SuperSonics,21,SEA,Washington,West,Northwest,35,47,0.427,102.6,105.6,-2.88,Mikki Moore,C,30,1020000,1343269,47,1,12.4,1.1,2.6,0.435,0,0,0,1.1,2.6,0.443,0.435,1,1.3,0.742,0.9,1.8,2.8,0.6,0.1,0.3,0.9,2,3.3,583,8.6,0.509,0.016,0.5,9,18.1,13.5,6.8,0.6,2,20.9,14.7,0.1,0,0.1,0.006,-3.4,-1.4,-4.8,-0.4
2005/2006,49500000,62777897,398762,Orlando Magic,22,ORL,Florida,East,Southeast,36,46,0.439,94.9,96,-1.26,Terence Morris,SF,27,835810,1100703,22,0,8.7,0.7,2.2,0.327,0,0.1,0,0.7,2.1,0.34,0.327,0.1,0.1,1,0.3,1.5,1.7,0.2,0.3,0.2,0.3,0.9,1.6,192,5.1,0.348,0.041,0.061,4,20,12.2,3.2,1.7,2.1,12.2,14.1,-0.4,0.2,-0.1,-0.031,-7.4,0.2,-7.2,-0.3
2005/2006,49500000,62777897,398762,Miami Heat,16,MIA,Florida,East,Southeast,52,30,0.634,99.9,96,3.59,Alonzo Mourning,C,35,5138500,6767047,65,20,20,2.9,4.8,0.597,0,0,0,2.9,4.8,0.599,0.597,2,3.4,0.594,1.9,3.6,5.5,0.2,0.2,2.7,1.2,2.7,7.8,1302,19.4,0.615,0.003,0.711,11.8,20.3,16.2,1.4,0.5,10.2,16,17.5,2.1,2.6,4.8,0.176,-2.3,3,0.7,0.9
2005/2006,49500000,62777897,398762,Golden State Warriors,10,GSW,California,West,Pacific,34,48,0.415,98.5,99.8,-1.11,Troy Murphy,PF,25,7365079,9699297,74,74,34,4.9,11.3,0.433,0.8,2.4,0.32,4.1,8.9,0.464,0.468,3.4,4.3,0.787,2.6,7.4,10,1.4,0.6,0.4,1.5,2.6,14,2516,15.9,0.529,0.216,0.381,8.4,24.9,16.5,6.7,1,0.8,9.9,19.2,3.5,3,6.5,0.125,-0.7,0.1,-0.7,0.8
2005/2006,49500000,62777897,398762,New Jersey Nets,3,NJN,New Jersey,East,Atlantic,49,33,0.598,93.8,92.4,1.11,Lamond Murray,SF,32,6388500,8413210,57,1,10.1,1.3,3.2,0.398,0.5,1.4,0.346,0.8,1.8,0.437,0.472,0.4,0.7,0.625,0.5,1.8,2.3,0.2,0.3,0.1,0.4,1.2,3.4,576,10.8,0.493,0.431,0.221,5.8,21.3,13.4,3.9,1.6,1,10,18,-0.1,1,0.9,0.076,-3.8,-0.9,-4.7,-0.4
2005/2006,49500000,62777897,398762,#N/A,#N/A,TOT,#N/A,#N/A,#N/A,#N/A,#N/A,#N/A,#N/A,#N/A,#N/A,Ronald Murray,SG,26,895248,1178979,76,27,27.8,4.2,10.1,0.418,0.5,1.9,0.262,3.7,8.3,0.453,0.442,2.3,3.2,0.711,0.4,1.6,2,2.6,0.9,0.1,1.8,1.8,11.2,2112,11.5,0.487,0.184,0.315,1.8,6.9,4.3,15.4,1.7,0.4,13.4,21.7,0.2,0.5,0.7,0.015,-1.6,-2.2,-3.7,-0.9
2005/2006,49500000,62777897,398762,Seattle SuperSonics,21,SEA,Washington,West,Northwest,35,47,0.427,102.6,105.6,-2.88,Ronald Murray,SG,26,895248,1178979,48,2,22.6,3.7,9.4,0.397,0.4,1.6,0.224,3.4,7.8,0.432,0.416,2.1,2.9,0.717,0.4,1.4,1.8,2.5,0.6,0.1,1.6,1.4,9.9,1085,11.2,0.463,0.169,0.306,2,7.7,4.8,18.1,1.4,0.3,13.4,24.4,-0.3,-0.3,-0.7,-0.029,-2.3,-3.9,-6.2,-1.2
2005/2006,49500000,62777897,398762,Cleveland Cavaliers,6,CLE,Ohio,East,Central,50,32,0.61,97.6,95.4,2.17,Ronald Murray,SG,26,895248,1178979,28,25,36.7,5.1,11.3,0.448,0.7,2.3,0.308,4.4,9,0.484,0.479,2.6,3.7,0.702,0.5,1.9,2.4,2.8,1.4,0.3,2,2.3,13.5,1027,11.9,0.52,0.205,0.328,1.7,6.1,3.9,12.6,2,0.5,13.4,18.9,0.5,0.9,1.3,0.062,-0.8,-0.3,-1.1,0.2
2005/2006,49500000,62777897,398762,Houston Rockets,11,HOU,Texas,West,Southwest,34,48,0.415,90.1,91.7,-1.3,Dikembe Mutombo,C,39,2000000,2633861,64,23,14.9,0.8,1.5,0.526,0,0,,0.8,1.5,0.526,0.526,1.1,1.4,0.758,1.6,3.2,4.8,0.1,0.3,0.9,0.5,2,2.6,955,12.7,0.626,0,0.958,12.5,24.9,18.8,0.7,1,4.9,20.6,8.5,1.3,1.8,3.1,0.156,-4.2,1.8,-2.4,-0.1
2005/2006,49500000,62777897,398762,Los Angeles Clippers,13,LAC,California,West,Pacific,47,35,0.573,97.2,95.6,1.75,Boniface N'Dong,C,28,398762,525141,23,1,6.6,1,2.3,0.415,0,0,0,1,2.3,0.423,0.415,0.3,0.4,0.667,0.7,1,1.6,0.3,0.1,0.2,0.3,1,2.2,152,11,0.439,0.019,0.17,12,16.1,14.1,7.5,0.7,2.5,9.5,19.1,0,0.2,0.2,0.058,-3.6,-0.7,-4.3,-0.1
2005/2006,49500000,62777897,398762,#N/A,#N/A,TOT,#N/A,#N/A,#N/A,#N/A,#N/A,#N/A,#N/A,#N/A,#N/A,Bostjan Nachbar,PF-SF,25,2500000,3292326,36,13,13.9,1.5,4.3,0.346,0.5,2,0.268,1,2.4,0.412,0.407,0.8,1.2,0.682,0.2,1.4,1.7,0.8,0.4,0.1,0.7,1.8,4.4,502,7.2,0.448,0.455,0.282,1.8,12.6,7.1,8.9,1.7,0.8,12,18.6,-0.4,0.5,0.1,0.005,-3.3,-1,-4.3,-0.3
2005/2006,49500000,62777897,398762,New Orleans/Oklahoma City Hornets,19,NOK,Oklahoma,West,Southwest,38,44,0.463,92.8,95.6,-2.51,Bostjan Nachbar,PF,25,2500000,3292326,25,13,16.2,1.7,5,0.339,0.7,2.3,0.298,1,2.7,0.373,0.407,1,1.4,0.694,0.2,1.8,2,0.9,0.5,0.2,0.8,2.1,5,405,7.3,0.451,0.46,0.29,1.1,13.6,7.2,8.9,1.7,1,12.5,18.4,-0.3,0.4,0,0.002,-3.1,-0.8,-4,-0.2
2005/2006,49500000,62777897,398762,New Jersey Nets,3,NJN,New Jersey,East,Atlantic,49,33,0.598,93.8,92.4,1.11,Bostjan Nachbar,SF,25,2500000,3292326,11,0,8.8,1.1,2.9,0.375,0.2,1.3,0.143,0.9,1.6,0.556,0.406,0.5,0.7,0.625,0.4,0.6,1,0.5,0.3,0,0.4,1.2,2.8,97,6.9,0.436,0.438,0.25,4.8,8.6,6.6,8.9,1.7,0,10.1,19.2,-0.1,0.1,0,0.016,-3.7,-1.7,-5.5,-0.1
2005/2006,49500000,62777897,398762,Philadelphia 76ers,23,PHI,Pennsylvania,East,Atlantic,38,44,0.463,99.4,101.3,-2.1,Lee Nailon,PF,30,835810,1100703,22,0,10.8,1.8,3.6,0.5,0,0,,1.8,3.6,0.5,0.5,0.6,0.7,0.867,1,0.9,1.9,0.3,0.4,0.2,0.5,1.5,4.2,237,14.5,0.537,0,0.188,11.3,9.4,10.4,5,1.7,1.3,10.4,18.6,0.3,0.2,0.5,0.096,-1.4,-2.2,-3.5,-0.1
2005/2006,49500000,62777897,398762,Denver Nuggets,8,DEN,Colorado,West,Northwest,44,38,0.537,100.3,100.1,0.36,Eduardo Najera,PF,29,4190476,5518566,64,3,22.6,2,4.7,0.422,0.1,0.2,0.333,1.9,4.5,0.426,0.429,1.4,1.8,0.781,2,3.1,5.1,0.8,0.8,0.5,0.8,2.6,5.4,1449,10.9,0.494,0.04,0.379,10.4,15.7,13.1,5.2,1.9,1.8,13.3,12.5,1,1.8,2.7,0.09,-1.9,1.6,-0.3,0.6
2005/2006,49500000,62777897,398762,Phoenix Suns,24,PHO,Arizona,West,Pacific,54,28,0.659,108.4,102.8,5.48,Steve Nash,PG,31,9625000,12675456,79,79,35.4,6.8,13.4,0.512,1.9,4.3,0.439,4.9,9,0.548,0.583,3.3,3.5,0.921,0.6,3.6,4.2,10.5,0.8,0.2,3.5,1.5,18.8,2796,23.3,0.632,0.324,0.264,1.9,11.1,6.6,44.4,1.1,0.3,19,23.3,10.3,2.1,12.4,0.212,5.4,-1.6,3.7,4
2005/2006,49500000,62777897,398762,Orlando Magic,22,ORL,Florida,East,Southeast,36,46,0.439,94.9,96,-1.26,Jameer Nelson,PG,23,1189200,1566093,62,33,28.8,5.6,11.6,0.483,1.1,2.7,0.424,4.5,8.9,0.5,0.531,2.3,2.9,0.779,0.6,2.3,2.9,4.9,1.1,0.1,2.4,2.8,14.6,1784,19.5,0.567,0.229,0.252,2.8,9.5,6.2,31.5,2.1,0.4,15.6,25.1,3.5,1.4,4.9,0.132,3.6,-1.4,2.2,1.9
2005/2006,49500000,62777897,398762,San Antonio Spurs,27,SAS,Texas,West,Southwest,63,19,0.768,95.6,88.8,6.69,Radoslav Nesterovic,C,29,6720000,8849773,80,51,18.9,2.2,4.2,0.515,0,0,0,2.2,4.2,0.518,0.515,0.2,0.4,0.6,1.4,2.4,3.9,0.4,0.3,1.1,0.7,2.6,4.5,1515,11,0.521,0.006,0.09,9.1,14.8,12.1,3.4,0.8,4.2,13.2,12.6,0.9,2.9,3.7,0.118,-2.9,2.8,-0.1,0.7
2005/2006,49500000,62777897,398762,Cleveland Cavaliers,6,CLE,Ohio,East,Central,50,32,0.61,97.6,95.4,2.17,Ira Newble,SG,31,2950200,3885208,36,3,9.8,0.5,1.6,0.298,0.1,0.4,0.231,0.4,1.2,0.318,0.325,0.3,0.4,0.688,0.6,1,1.6,0.3,0.1,0.3,0.3,1.3,1.3,353,4,0.375,0.228,0.281,7,11.9,9.4,3.7,0.8,2.2,15.8,10,-0.3,0.3,0.1,0.009,-5.1,0.6,-4.5,-0.2
2005/2006,49500000,62777897,398762,Chicago Bulls,5,CHI,Illinois,East,Central,41,41,0.5,97.8,97.2,0.51,Andres Nocioni,PF,26,2775000,3654482,82,43,27.3,4.7,10.1,0.461,1.1,2.9,0.391,3.5,7.2,0.489,0.517,2.5,3,0.843,1.1,5,6.1,1.4,0.5,0.6,1.5,3.1,13,2239,16.1,0.567,0.286,0.291,4.6,21,12.8,9,0.9,1.8,11.3,21.3,3.3,3.4,6.7,0.144,0.2,0.8,1,1.7
2005/2006,49500000,62777897,398762,#N/A,#N/A,TOT,#N/A,#N/A,#N/A,#N/A,#N/A,#N/A,#N/A,#N/A,#N/A,Moochie Norris,PG,32,4200000,5531108,45,0,9.4,1,2.5,0.411,0.1,0.3,0.286,0.9,2.2,0.429,0.429,0.6,0.9,0.69,0.3,0.9,1.2,1.1,0.4,0,0.7,1.1,2.8,424,10.1,0.479,0.125,0.375,3.4,11.7,7.5,20.1,2.6,0.2,20.2,18.2,-0.3,0.5,0.3,0.029,-3.7,0.2,-3.5,-0.2
2005/2006,49500000,62777897,398762,Houston Rockets,11,HOU,Texas,West,Southwest,34,48,0.415,90.1,91.7,-1.3,Moochie Norris,PG,32,4200000,5531108,29,0,8.3,0.9,2.2,0.4,0,0.2,0,0.9,2.1,0.433,0.4,0.4,0.6,0.765,0.3,0.9,1.2,1,0.5,0,0.6,1.1,2.2,241,10.4,0.448,0.077,0.262,4.5,12,8.3,20.9,3.2,0.3,18.1,17.5,-0.2,0.4,0.2,0.046,-3.9,1.3,-2.6,0
2005/2006,49500000,62777897,398762,New Orleans/Oklahoma City Hornets,19,NOK,Oklahoma,West,Southwest,38,44,0.463,92.8,95.6,-2.51,Moochie Norris,PG,32,4200000,5531108,16,0,11.4,1.3,2.9,0.426,0.3,0.6,0.444,1,2.4,0.421,0.468,1,1.6,0.64,0.2,1.1,1.3,1.3,0.4,0,1.1,1.1,3.8,183,9.6,0.517,0.191,0.532,1.9,11.4,6.5,19,1.8,0,22.7,19.1,-0.1,0.1,0,0.006,-3.4,-1.3,-4.8,-0.1
2005/2006,49500000,62777897,398762,Dallas Mavericks,7,DAL,Texas,West,Southwest,60,22,0.732,99.1,93.1,5.96,Dirk Nowitzki,PF,27,13843156,18230475,81,81,38.1,9.3,19.3,0.48,1.4,3.3,0.406,7.9,16,0.496,0.515,6.7,7.4,0.901,1.4,7.6,9,2.8,0.7,1,1.9,2,26.6,3089,28.1,0.589,0.173,0.382,4.6,23.4,14.2,14.7,1,2.1,7.9,30,13.5,4.3,17.7,0.275,5.8,-0.1,5.7,6
2005/2006,49500000,62777897,398762,Indiana Pacers,12,IND,Indiana,East,Central,41,41,0.5,93.9,92,1.62,Jermaine O'Neal,PF,27,16440000,21650338,51,47,35.3,7.5,15.8,0.472,0.1,0.2,0.3,7.4,15.6,0.474,0.474,5.1,7.2,0.709,2,7.3,9.3,2.6,0.5,2.3,3,3.5,20.1,1802,20.4,0.53,0.012,0.457,6.7,23.2,15.2,14.9,0.8,4.7,13.5,28.9,1.4,3.5,4.9,0.131,-1.1,3,1.9,1.8
2005/2006,49500000,62777897,398762,Miami Heat,16,MIA,Florida,East,Southeast,52,30,0.634,99.9,96,3.59,Shaquille O'Neal,C,33,20000000,26338611,59,58,30.6,8.1,13.6,0.6,0,0,,8.1,13.6,0.6,0.6,3.7,8,0.469,2.9,6.3,9.2,1.9,0.4,1.8,2.8,3.9,20,1806,24.4,0.586,0,0.589,11.7,23.1,17.6,12.4,0.7,4.4,14.3,30,3.3,2.9,6.2,0.164,1.4,1.2,2.6,2.1
2005/2006,49500000,62777897,398762,San Antonio Spurs,27,SAS,Texas,West,Southwest,63,19,0.768,95.6,88.8,6.69,Fabricio Oberto,C,30,2325000,3061863,59,0,8.3,0.7,1.6,0.473,0,0,0,0.7,1.5,0.484,0.473,0.3,0.5,0.556,1,1.1,2.1,0.5,0.2,0.2,0.5,1.5,1.7,490,9.3,0.491,0.022,0.29,14.1,15.5,14.8,8.3,1,1.6,21.1,12.9,0.2,0.9,1.1,0.105,-2.6,1.9,-0.7,0.2
2005/2006,49500000,62777897,398762,Los Angeles Lakers,14,LAL,California,West,Pacific,45,37,0.549,99.4,96.9,2.53,Lamar Odom,PF,26,11465333,15099047,80,80,40.3,5.6,11.6,0.481,1,2.7,0.372,4.6,8.9,0.514,0.524,2.7,3.9,0.69,2.3,7,9.2,5.5,0.9,0.8,2.7,3.2,14.8,3221,17,0.558,0.232,0.338,6.6,20.3,13.5,22.4,1.2,1.5,16.7,18.1,5.4,3.8,9.2,0.137,1.7,1.7,3.4,4.4
2005/2006,49500000,62777897,398762,Charlotte Bobcats,4,CHA,North Carolina,East,Southeast,26,56,0.317,96.9,100.9,-3.9,Emeka Okafor,PF,23,4020120,5294219,26,25,33.6,5,12.2,0.415,0,0,,5,12.2,0.415,0.415,3.2,4.8,0.656,3.6,6.4,10,1.2,0.8,1.9,2,3.4,13.2,874,14.9,0.464,0,0.396,11.7,23.7,17.3,6,1.3,4.4,12.5,21.5,-0.2,1.1,1,0.054,-3.5,1.6,-1.9,0
2005/2006,49500000,62777897,398762,Utah Jazz,29,UTA,Utah,West,Northwest,41,41,0.5,92.4,95,-2.49,Mehmet Okur,PF,26,8250000,10864677,82,82,35.9,6.3,13.8,0.46,1,2.9,0.342,5.4,10.9,0.491,0.496,4.3,5.5,0.78,2.6,6.5,9.1,2.4,0.5,0.9,2,3.5,18,2945,19,0.554,0.207,0.402,8.6,22.2,15.4,12.8,0.7,2.1,10.9,23.5,6.3,3,9.3,0.152,2.3,-0.3,2.1,3
2005/2006,49500000,62777897,398762,Philadelphia 76ers,23,PHI,Pennsylvania,East,Atlantic,38,44,0.463,99.4,101.3,-2.1,Kevin Ollie,SG,33,2950200,3885208,70,23,15.3,1.1,2.5,0.431,0,0,0.333,1.1,2.4,0.433,0.434,0.6,0.7,0.837,0.2,1.2,1.4,1.4,0.5,0,0.4,1.5,2.7,1069,7.8,0.491,0.017,0.282,1.4,9.3,5.4,13.8,1.6,0.2,12.9,9.6,0.5,0.5,1.1,0.048,-3.4,-0.9,-4.3,-0.6
2005/2006,49500000,62777897,398762,#N/A,#N/A,TOT,#N/A,#N/A,#N/A,#N/A,#N/A,#N/A,#N/A,#N/A,#N/A,Michael Olowokandi,C,30,5900400,7770417,48,24,19.1,2.2,5,0.446,0,0,,2.2,5,0.446,0.446,0.5,1,0.511,1,3.5,4.6,0.5,0.5,0.7,1.1,2.5,5,919,8.3,0.456,0,0.196,6.7,21.7,14.4,4.1,1.3,2.7,17.4,16.2,-1.1,1.4,0.3,0.014,-6,0.8,-5.2,-0.7
2005/2006,49500000,62777897,398762,Minnesota Timberwolves,18,MIN,Minnesota,West,Northwest,33,49,0.402,91.7,93.6,-1.75,Michael Olowokandi,C,30,5900400,7770417,32,24,23.5,2.7,6.1,0.446,0,0,,2.7,6.1,0.446,0.446,0.6,1.2,0.487,1.4,4.2,5.6,0.5,0.6,0.8,1.3,3.1,6,752,8.6,0.455,0,0.2,7.4,20.8,14.3,3.7,1.4,2.7,16.2,16,-0.8,1.2,0.4,0.023,-5.6,1,-4.6,-0.5
2005/2006,49500000,62777897,398762,Boston Celtics,2,BOS,Massachusetts,East,Atlantic,33,49,0.402,98,99.5,-1.59,Michael Olowokandi,C,30,5900400,7770417,16,0,10.4,1.3,2.8,0.444,0,0,,1.3,2.8,0.444,0.444,0.3,0.5,0.625,0.3,2.3,2.6,0.4,0.2,0.4,0.9,1.4,2.8,167,6.8,0.464,0,0.178,3.7,25.6,15,5.8,0.9,2.7,22.4,17.2,-0.3,0.2,-0.1,-0.028,-8.1,0.1,-8.1,-0.3
2005/2006,49500000,62777897,398762,Utah Jazz,29,UTA,Utah,West,Northwest,41,41,0.5,92.4,95,-2.49,Greg Ostertag,C,32,4400000,5794494,60,22,13.5,1,2.1,0.492,0,0,,1,2.1,0.492,0.492,0.4,0.8,0.5,1.4,2.4,3.8,1,0.1,1.1,0.8,2.2,2.4,807,11.6,0.503,0,0.387,12.2,21.7,16.9,11.7,0.4,6.8,24.1,11,0.2,1.1,1.3,0.076,-3.2,3.5,0.3,0.5
2005/2006,49500000,62777897,398762,Orlando Magic,22,ORL,Florida,East,Southeast,36,46,0.439,94.9,96,-1.26,Bo Outlaw,PF,34,1138500,1499325,32,0,11.1,1.1,1.8,0.603,0,0,,1.1,1.8,0.603,0.603,0.2,0.3,0.625,1,1.4,2.4,0.4,0.3,0.4,0.5,1.6,2.3,355,11.8,0.61,0,0.138,11.1,15.6,13.4,6.2,1.5,2.7,21.7,10.5,0.4,0.4,0.7,0.101,-1.1,1.4,0.4,0.2
2005/2006,49500000,62777897,398762,Portland Trail Blazers,25,POR,Oregon,West,Northwest,21,61,0.256,88.8,98.3,-8.91,Travis Outlaw,PF,21,1082160,1425129,69,11,16.7,2.3,5.3,0.44,0.2,0.8,0.264,2.1,4.6,0.47,0.459,0.9,1.3,0.697,0.7,2,2.7,0.5,0.4,0.7,0.5,1.6,5.8,1153,12.9,0.491,0.144,0.242,4.9,14.9,9.9,5.2,1.5,3,8.3,18.3,0.4,0.5,0.9,0.039,-2.6,-0.9,-3.5,-0.4
2005/2006,49500000,62777897,398762,Utah Jazz,29,UTA,Utah,West,Northwest,41,41,0.5,92.4,95,-2.49,Andre Owens,PG,25,398762,525141,23,2,9.1,1.2,3.2,0.365,0.1,0.7,0.188,1,2.5,0.414,0.385,0.5,0.8,0.667,0.5,0.4,0.9,0.3,0.2,0,0.6,1.1,3,210,5.2,0.421,0.216,0.243,6.3,5.8,6.1,6.8,1.3,0,13.7,20.9,-0.3,0.1,-0.2,-0.047,-4.8,-3.6,-8.4,-0.3
2005/2006,49500000,62777897,398762,Atlanta Hawks,1,ATL,Georgia,East,Southeast,26,56,0.317,97.2,102,-4.69,Zaza Pachulia,C,21,4000000,5267722,78,78,31.4,3.9,8.7,0.451,0,0,0,3.9,8.7,0.452,0.451,3.8,5.2,0.735,3.4,4.5,7.9,1.7,1.1,0.5,2.3,3.7,11.7,2452,15,0.53,0.003,0.593,12.6,17.6,15,8.5,1.9,1.2,17.3,19.2,2.5,1.4,3.9,0.077,-0.6,-0.3,-0.9,0.7
2005/2006,49500000,62777897,398762,New Jersey Nets,3,NJN,New Jersey,East,Atlantic,49,33,0.598,93.8,92.4,1.11,Scott Padgett,PF,29,1670000,2199274,62,1,11.6,1.1,3.2,0.353,0.7,2,0.347,0.5,1.3,0.363,0.458,0.4,0.5,0.794,0.9,1.8,2.7,0.7,0.5,0.2,0.3,1.5,3.4,718,12.5,0.489,0.602,0.169,9,18.1,13.5,9.5,2.1,1.4,8.9,15.5,0.6,1.3,1.8,0.123,-0.7,1.1,0.4,0.4
2005/2006,49500000,62777897,398762,Utah Jazz,29,UTA,Utah,West,Northwest,41,41,0.5,92.4,95,-2.49,Milt Palacio,PG,27,1400000,1843702,71,18,19.4,2.4,5.7,0.424,0,0.2,0.063,2.4,5.5,0.439,0.426,1.4,2.1,0.653,0.2,1.6,1.9,2.7,0.7,0.2,1.5,1.8,6.2,1376,9.9,0.47,0.04,0.372,1.5,10.4,5.9,24.4,1.9,0.8,19,19.5,-0.9,1.1,0.2,0.008,-3.7,-1.3,-5.1,-1.1
2005/2006,49500000,62777897,398762,Chicago Bulls,5,CHI,Illinois,East,Central,41,41,0.5,97.8,97.2,0.51,Jannero Pargo,PG,26,895248,1178979,57,0,11.3,1.9,5.1,0.373,0.7,1.8,0.379,1.2,3.3,0.37,0.44,0.3,0.4,0.81,0.1,0.9,1.1,1.6,0.4,0,1.1,1,4.8,646,9.9,0.455,0.353,0.072,1.4,9.4,5.4,24.8,1.9,0.2,16.8,25.3,-0.9,0.8,-0.1,-0.008,-2.8,-1.4,-4.2,-0.4
2005/2006,49500000,62777897,398762,Los Angeles Lakers,14,LAL,California,West,Pacific,45,37,0.549,99.4,96.9,2.53,Smush Parker,PG,24,745248,981439,82,82,33.8,4.2,9.5,0.447,1.5,4,0.366,2.8,5.5,0.506,0.524,1.5,2.2,0.694,0.5,2.9,3.3,3.7,1.7,0.2,1.8,2.6,11.5,2773,13.4,0.548,0.421,0.231,1.6,9.9,5.7,17.3,2.7,0.4,14.6,16.5,2.8,3,5.8,0.1,0.7,0.2,1,2.1
2005/2006,49500000,62777897,398762,San Antonio Spurs,27,SAS,Texas,West,Southwest,63,19,0.768,95.6,88.8,6.69,Tony Parker,PG,23,8400000,11062216,80,80,33.9,7.8,14.2,0.548,0.1,0.5,0.306,7.7,13.8,0.556,0.553,3.2,4.5,0.707,0.5,2.8,3.3,5.8,1,0.1,3.1,2,18.9,2715,20.8,0.584,0.032,0.315,1.7,9.5,5.7,32.2,1.7,0.1,16.1,27.1,5.5,4.1,9.6,0.169,2.6,0,2.6,3.1
2005/2006,49500000,62777897,398762,#N/A,#N/A,TOT,#N/A,#N/A,#N/A,#N/A,#N/A,#N/A,#N/A,#N/A,#N/A,Ruben Patterson,SF-SG,30,6353200,8366723,71,22,25.2,4.6,8.9,0.515,0,0.2,0.077,4.6,8.8,0.524,0.516,2.9,4.8,0.601,1.7,1.8,3.4,1.8,1.1,0.3,2.1,2.1,12.1,1792,16.4,0.547,0.02,0.532,7.8,8.4,8.1,12.7,2.3,0.9,16.1,24.1,1.1,1,2.1,0.055,-0.1,-0.9,-1,0.4
2005/2006,49500000,62777897,398762,Portland Trail Blazers,25,POR,Oregon,West,Northwest,21,61,0.256,88.8,98.3,-8.91,Ruben Patterson,SF,30,6353200,8366723,45,2,23.5,4.2,8.4,0.496,0,0.2,0,4.2,8.3,0.505,0.496,3.1,5,0.611,1.6,1.8,3.4,1.3,0.9,0.3,1.8,1.8,11.4,1056,17,0.537,0.018,0.596,8.2,9.4,8.8,10.7,2.2,0.9,14.6,25.1,0.7,0.3,1,0.044,-0.2,-1.6,-1.8,0
2005/2006,49500000,62777897,398762,Denver Nuggets,8,DEN,Colorado,West,Northwest,44,38,0.537,100.3,100.1,0.36,Ruben Patterson,SG,30,6353200,8366723,26,20,28.3,5.3,9.8,0.543,0,0.2,0.167,5.3,9.6,0.552,0.545,2.5,4.3,0.58,1.7,1.7,3.5,2.6,1.3,0.3,2.6,2.7,13.2,736,15.4,0.563,0.023,0.438,7.2,7.1,7.1,15.6,2.4,0.9,18.2,22.7,0.4,0.7,1.1,0.071,0,0.1,0.1,0.4
2005/2006,49500000,62777897,398762,New Orleans/Oklahoma City Hornets,19,NOK,Oklahoma,West,Southwest,38,44,0.463,92.8,95.6,-2.51,Chris Paul,PG,20,3144240,4140745,78,78,36,5.2,12.1,0.43,0.6,2.3,0.282,4.6,9.9,0.464,0.456,5.1,6,0.847,0.8,4.3,5.1,7.8,2.2,0.1,2.3,2.8,16.1,2808,22.1,0.546,0.187,0.491,2.5,14.8,8.5,38.2,3.4,0.2,13.7,22.2,6.8,3.6,10.4,0.178,4.7,1.4,6.1,5.7
2005/2006,49500000,62777897,398762,Cleveland Cavaliers,6,CLE,Ohio,East,Central,50,32,0.61,97.6,95.4,2.17,Aleksandar Pavlovic,SG,22,1274160,1677980,53,19,15.3,1.6,4,0.41,0.7,1.8,0.365,1,2.2,0.448,0.493,0.6,0.9,0.653,0.3,1.2,1.5,0.5,0.4,0.1,0.8,1.9,4.5,813,6.9,0.516,0.453,0.231,2.3,9.4,5.8,4.9,1.2,0.6,15.2,15.7,-0.1,0.6,0.5,0.03,-2.7,-1.3,-4,-0.4
2005/2006,49500000,62777897,398762,Miami Heat,16,MIA,Florida,East,Southeast,52,30,0.634,99.9,96,3.59,Gary Payton,PG,37,1138500,1499325,81,25,28.5,2.8,6.8,0.42,0.8,2.8,0.287,2,3.9,0.517,0.481,1.2,1.6,0.794,0.4,2.5,2.9,3.2,0.9,0.1,1.3,2.1,7.7,2305,10.7,0.52,0.42,0.23,1.8,9.7,5.9,16.7,1.6,0.3,14.5,14.1,1.8,2.3,4.1,0.085,-0.3,0.1,-0.2,1
2005/2006,49500000,62777897,398762,Boston Celtics,2,BOS,Massachusetts,East,Atlantic,33,49,0.402,98,99.5,-1.59,Kendrick Perkins,C,21,936480,1233279,68,40,19.6,2,3.9,0.515,0,0,0,2,3.9,0.519,0.515,1.2,1.9,0.615,2.1,3.9,5.9,1,0.3,1.5,1.6,2.9,5.2,1332,13.2,0.548,0.008,0.489,13.1,23.6,18.5,8.1,0.8,6,24.9,14.8,0.3,2,2.3,0.082,-3,3.1,0,0.7
2005/2006,49500000,62777897,398762,Toronto Raptors,28,TOR,Ontario,East,Atlantic,27,55,0.329,101.1,104,-3.03,Morris Peterson,SG,28,4550000,5992034,82,77,38.3,5.8,13.4,0.436,2.2,5.5,0.395,3.7,7.9,0.465,0.517,2.9,3.6,0.82,0.8,3.9,4.6,2.3,1.3,0.2,1.5,2.7,16.8,3140,15.3,0.561,0.409,0.268,2.4,12.8,7.4,10,1.7,0.4,9.3,19.9,5.2,0.6,5.9,0.09,2.4,-1.4,1,2.4
2005/2006,49500000,62777897,398762,Seattle SuperSonics,21,SEA,Washington,West,Northwest,35,47,0.427,102.6,105.6,-2.88,Johan Petro,C,20,936600,1233437,68,41,18.9,2.3,4.4,0.51,0,0,,2.3,4.4,0.51,0.51,0.7,1.1,0.627,1.6,2.8,4.4,0.2,0.4,0.8,0.9,3.1,5.2,1282,10.4,0.53,0,0.25,10.1,17.9,13.9,1.8,1,3.1,15.3,13.7,0.7,0.2,1,0.037,-2.6,-1.4,-4,-0.7
2005/2006,49500000,62777897,398762,Chicago Bulls,5,CHI,Illinois,East,Central,41,41,0.5,97.8,97.2,0.51,Eric Piatkowski,SG,35,3000000,3950791,29,1,7.9,0.8,2.1,0.393,0.3,1.1,0.273,0.5,1,0.536,0.467,0.1,0.2,0.4,0.1,0.7,0.8,0.4,0.2,0,0.4,0.7,2,228,6.2,0.467,0.541,0.082,2,9.5,5.8,8.8,1.4,0.3,14.8,14.7,-0.2,0.2,0.1,0.018,-3.5,-0.4,-3.9,-0.1
2005/2006,49500000,62777897,398762,Boston Celtics,2,BOS,Massachusetts,East,Atlantic,33,49,0.402,98,99.5,-1.59,Paul Pierce,SF,28,13843156,18230475,79,79,39,8.7,18.5,0.471,1.4,4,0.354,7.3,14.5,0.503,0.509,7.9,10.3,0.772,1,5.7,6.7,4.7,1.4,0.4,3.5,2.8,26.8,3084,23.6,0.582,0.215,0.555,3.1,17.5,10.5,23.4,1.8,0.8,13,31.2,8.3,3.2,11.5,0.178,4.7,-0.3,4.3,4.9
2005/2006,49500000,62777897,398762,Golden State Warriors,10,GSW,California,West,Pacific,34,48,0.415,98.5,99.8,-1.11,Mickael Pietrus,SF,23,1910520,2516022,52,18,22.7,3.3,8,0.404,1.1,3.4,0.318,2.2,4.7,0.467,0.471,1.7,2.8,0.608,1.1,2,3.1,0.8,0.6,0.2,1.5,2.5,9.3,1179,10,0.5,0.421,0.342,5.4,10.2,7.7,6.2,1.4,0.6,14,21.1,-0.3,0.9,0.6,0.024,-1.9,-1.5,-3.4,-0.4
2005/2006,49500000,62777897,398762,New Jersey Nets,3,NJN,New Jersey,East,Atlantic,49,33,0.598,93.8,92.4,1.11,Zoran Planinic,PG,23,1127280,1484549,56,1,10.6,1.2,3.3,0.361,0.2,1,0.232,0.9,2.3,0.417,0.396,0.8,1.2,0.697,0.3,1.1,1.3,0.9,0.4,0.1,0.8,1.6,3.4,596,6.9,0.45,0.306,0.361,2.7,12,7.3,15,1.8,0.5,16.9,20.2,-0.8,0.8,0.1,0.005,-5,-0.4,-5.5,-0.5
2005/2006,49500000,62777897,398762,Dallas Mavericks,7,DAL,Texas,West,Southwest,60,22,0.732,99.1,93.1,5.96,Pavel Podkolzin,C,21,1141560,1503355,1,0,18,0,2,0,0,0,,0,2,0,0,3,6,0.5,0,7,7,0,0,1,2,0,3,18,2.3,0.323,0,3,0,45.9,23.4,0,0,4.2,30.1,17.2,-0.1,0,-0.1,-0.135,-16.7,-3.1,-19.8,-0.1
2005/2006,49500000,62777897,398762,Indiana Pacers,12,IND,Indiana,East,Central,41,41,0.5,93.9,92,1.62,Scot Pollard,C,30,6274937,8263656,45,32,17.1,1.6,3.4,0.455,0,0,,1.6,3.4,0.455,0.455,0.6,0.8,0.763,1.6,3.2,4.8,0.5,0.8,0.4,0.6,2.6,3.8,771,12.3,0.495,0,0.247,11.3,21,16.3,5.1,2.6,1.9,13.2,11.9,0.6,1.6,2.1,0.134,-2.5,3.3,0.8,0.5
2005/2006,49500000,62777897,398762,Miami Heat,16,MIA,Florida,East,Southeast,52,30,0.634,99.9,96,3.59,James Posey,SF,29,5900400,7770417,67,63,28.6,2.4,5.9,0.403,1.7,4.3,0.403,0.6,1.6,0.4,0.551,0.7,0.9,0.787,0.5,4.3,4.8,1.3,0.8,0.3,0.9,2.9,7.2,1914,9.8,0.572,0.734,0.154,2.1,16.9,9.8,6.8,1.5,0.8,12.1,11.6,1.8,2.4,4.2,0.104,0.3,1,1.4,1.6
2005/2006,49500000,62777897,398762,#N/A,#N/A,TOT,#N/A,#N/A,#N/A,#N/A,#N/A,#N/A,#N/A,#N/A,#N/A,Vitaly Potapenko,C,30,3320000,4372209,33,12,10.7,1.1,2.2,0.521,0,0,,1.1,2.2,0.521,0.521,0.3,0.5,0.588,0.8,1.1,1.9,0.3,0.1,0.1,0.5,1.5,2.5,353,7.4,0.535,0,0.239,9.1,12.8,10.9,3.9,0.3,0.4,16.9,12,0.2,-0.1,0.1,0.012,-2.6,-3,-5.7,-0.3
2005/2006,49500000,62777897,398762,Seattle SuperSonics,21,SEA,Washington,West,Northwest,35,47,0.427,102.6,105.6,-2.88,Vitaly Potapenko,C,30,3320000,4372209,24,12,13.4,1.3,2.7,0.5,0,0,,1.3,2.7,0.5,0.5,0.4,0.7,0.588,1.1,1.5,2.6,0.3,0.1,0.1,0.6,1.8,3.1,321,7.4,0.518,0,0.266,9.6,13.7,11.7,3.2,0.3,0.5,16.4,11.9,0.2,-0.1,0,0.006,-2.7,-3,-5.7,-0.3
2005/2006,49500000,62777897,398762,Sacramento Kings,26,SAC,California,West,Pacific,44,38,0.537,98.9,97.3,1.61,Vitaly Potapenko,C,30,3320000,4372209,9,0,3.6,0.6,0.8,0.714,0,0,,0.6,0.8,0.714,0.714,0,0,,0.1,0.1,0.2,0.2,0,0,0.2,0.7,1.1,32,8.2,0.714,0,0,3.7,3.6,3.7,10.6,0,0,22.2,12.9,0,0,0,0.068,-2.4,-3.3,-5.7,0
2005/2006,49500000,62777897,398762,Dallas Mavericks,7,DAL,Texas,West,Southwest,60,22,0.732,99.1,93.1,5.96,Josh Powell,PF,23,398762,525141,37,2,11.6,1,2.2,0.457,0,0,,1,2.2,0.457,0.457,1,1.2,0.8,0.8,1.4,2.2,0.2,0.2,0.1,0.6,1.4,3,429,9.2,0.546,0,0.556,8,14.6,11.4,3.2,0.9,0.7,17.9,13.4,0.3,0.4,0.7,0.079,-2.5,-1.1,-3.6,-0.2
2005/2006,49500000,62777897,398762,Sacramento Kings,26,SAC,California,West,Pacific,44,38,0.537,98.9,97.3,1.61,Ronnie Price,PG,22,398762,525141,29,0,5.2,0.7,2,0.362,0.2,0.9,0.222,0.5,1.1,0.484,0.414,0.4,0.4,1,0.2,0.3,0.5,0.4,0.2,0,0.3,0.3,2.1,150,10.5,0.474,0.466,0.207,3.9,7.7,5.8,12.1,2.1,0,13.6,22.4,-0.1,0.1,0.1,0.021,-2.5,-2.7,-5.2,-0.1
2005/2006,49500000,62777897,398762,Detroit Pistons,9,DET,Michigan,East,Central,64,18,0.78,96.8,90.2,6.24,Tayshaun Prince,SF,25,1763115,2321900,82,82,35.3,5.5,12.2,0.455,0.8,2.2,0.35,4.8,10,0.479,0.487,2.2,2.9,0.765,1.3,3,4.2,2.3,0.8,0.5,1.1,1.2,14.1,2898,14.8,0.524,0.183,0.238,4.2,10,7.1,10.8,1.2,1,7.6,19.6,4,3,7,0.115,0.4,0,0.4,1.8
2005/2006,49500000,62777897,398762,Los Angeles Lakers,14,LAL,California,West,Pacific,45,37,0.549,99.4,96.9,2.53,Laron Profit,SG,28,745248,981439,25,1,11.2,1.6,3.4,0.476,0.1,0.7,0.167,1.5,2.6,0.561,0.494,0.8,1,0.875,0.3,1.4,1.7,0.6,0.4,0.2,1,1,4.2,279,11.8,0.55,0.214,0.286,3.4,14.7,9.1,8.8,2.1,1.4,20.2,19.4,0,0.3,0.3,0.05,-3.7,-0.5,-4.2,-0.2
2005/2006,49500000,62777897,398762,Portland Trail Blazers,25,POR,Oregon,West,Northwest,21,61,0.256,88.8,98.3,-8.91,Joel Przybilla,C,26,1560000,2054411,56,52,24.9,2.3,4.3,0.548,0,0,,2.3,4.3,0.548,0.548,1.5,2.8,0.532,2.6,4.4,7,0.8,0.4,2.3,1.4,2.7,6.1,1395,15.3,0.561,0,0.644,12.4,21.4,16.9,5,0.8,7.1,19.9,13,1,1.2,2.3,0.078,-2.1,2.9,0.8,1
2005/2006,49500000,62777897,398762,#N/A,#N/A,TOT,#N/A,#N/A,#N/A,#N/A,#N/A,#N/A,#N/A,#N/A,#N/A,Vladimir Radmanovic,PF,25,3166155,4169606,77,27,25.6,3.4,8.4,0.407,1.8,4.6,0.39,1.6,3.8,0.429,0.515,1.2,1.5,0.816,0.8,3.8,4.6,1.8,0.8,0.4,1.2,2.7,9.8,1974,13.6,0.545,0.551,0.177,3.9,17.4,10.8,10.9,1.6,1.1,11.8,18.1,2.3,1.4,3.8,0.091,1.4,-0.7,0.7,1.3
2005/2006,49500000,62777897,398762,Seattle SuperSonics,21,SEA,Washington,West,Northwest,35,47,0.427,102.6,105.6,-2.88,Vladimir Radmanovic,PF,25,3166155,4169606,47,16,23.2,3.3,8.2,0.401,1.5,4.2,0.367,1.7,4,0.436,0.495,1.2,1.3,0.887,0.8,3.1,4,1.5,0.7,0.3,1.1,2.8,9.3,1089,13.1,0.529,0.51,0.161,4.3,16.7,10.4,10.4,1.5,1.1,11.4,19.1,1.3,0.1,1.4,0.062,1.1,-2,-0.9,0.3
2005/2006,49500000,62777897,398762,Los Angeles Clippers,13,LAC,California,West,Pacific,47,35,0.573,97.2,95.6,1.75,Vladimir Radmanovic,PF,25,3166155,4169606,30,11,29.5,3.6,8.6,0.417,2.2,5.3,0.418,1.4,3.4,0.416,0.544,1.3,1.7,0.731,0.8,4.9,5.7,2.1,1,0.5,1.3,2.7,10.7,885,14.2,0.568,0.61,0.201,3.4,18.3,11.2,11.4,1.7,1.2,12.4,16.8,1,1.3,2.3,0.127,1.7,1,2.6,1
2005/2006,49500000,62777897,398762,Philadelphia 76ers,23,PHI,Pennsylvania,East,Atlantic,38,44,0.463,99.4,101.3,-2.1,Shavlik Randolph,PF,22,398762,525141,57,1,8.5,0.8,1.7,0.454,0,0,,0.8,1.7,0.454,0.454,0.8,1.2,0.606,1,1.4,2.3,0.3,0.3,0.2,0.4,1.5,2.3,487,12.6,0.511,0,0.732,13.2,18.8,16,5.9,2,1.9,14.1,14,0.5,0.5,1.1,0.105,-2.4,0,-2.4,0
2005/2006,49500000,62777897,398762,Portland Trail Blazers,25,POR,Oregon,West,Northwest,21,61,0.256,88.8,98.3,-8.91,Zach Randolph,PF,24,10666667,14047260,74,71,34.4,7.2,16.6,0.436,0.2,0.7,0.291,7,15.9,0.443,0.443,3.3,4.6,0.714,2.6,5.4,8,1.9,0.8,0.2,2.2,2.5,18,2545,16.9,0.483,0.045,0.279,9,19.1,14,11.4,1.2,0.4,10.7,28.8,0.4,0.9,1.3,0.024,-0.8,-2.2,-2.9,-0.6
2005/2006,49500000,62777897,398762,Portland Trail Blazers,25,POR,Oregon,West,Northwest,21,61,0.256,88.8,98.3,-8.91,Theo Ratliff,C,32,11666666,15364189,55,19,23.7,2,3.4,0.571,0,0,,2,3.4,0.571,0.571,1,1.5,0.651,1.6,3.5,5.1,0.5,0.3,1.6,0.9,2.6,4.9,1301,12.2,0.599,0,0.439,8.1,17.8,12.9,3.4,0.8,5.2,17.2,9.9,1.3,0.7,2,0.074,-2.3,1.8,-0.5,0.5
2005/2006,49500000,62777897,398762,Los Angeles Clippers,13,LAC,California,West,Pacific,47,35,0.573,97.2,95.6,1.75,Zeljko Rebraca,C,33,3000000,3950791,29,2,14.2,1.8,3.3,0.542,0,0,,1.8,3.3,0.542,0.542,1.1,1.4,0.756,0.4,1.8,2.2,0.3,0.2,0.7,0.8,2,4.7,412,10.7,0.592,0,0.427,3.8,13.8,9,3.5,0.6,3.5,17.4,15.5,0.2,0.5,0.7,0.086,-3.8,0.4,-3.4,-0.1
2005/2006,49500000,62777897,398762,Milwaukee Bucks,17,MIL,Wisconsin,East,Central,40,42,0.488,97.8,98.8,-1.07,Michael Redd,SG,26,12000000,15803167,80,80,39.1,8.5,19,0.45,2,5.2,0.395,6.5,13.8,0.471,0.504,6.3,7.1,0.877,1,3.3,4.3,2.9,1.2,0.1,2.1,2,25.4,3130,21.2,0.574,0.272,0.377,2.9,10.2,6.5,13.8,1.6,0.1,8.8,28.3,8.8,2,10.8,0.166,4.5,-2,2.4,3.5
2005/2006,49500000,62777897,398762,#N/A,#N/A,TOT,#N/A,#N/A,#N/A,#N/A,#N/A,#N/A,#N/A,#N/A,#N/A,Justin Reed,SF,24,641748,845137,72,6,13.8,1.7,4.1,0.403,0,0,0,1.7,4.1,0.405,0.403,1.2,1.7,0.725,0.7,1,1.7,0.6,0.3,0.2,0.7,2.3,4.5,997,7.9,0.467,0.003,0.407,6.6,8.4,7.5,6.8,1.2,1.1,13,18.9,-0.4,0.8,0.4,0.021,-4.2,-1.3,-5.5,-0.9
2005/2006,49500000,62777897,398762,Boston Celtics,2,BOS,Massachusetts,East,Atlantic,33,49,0.402,98,99.5,-1.59,Justin Reed,SF,24,641748,845137,32,0,9.1,0.8,2.3,0.338,0,0,,0.8,2.3,0.338,0.338,0.8,1.3,0.625,0.4,0.5,0.9,0.2,0.2,0.1,0.5,1.4,2.3,291,3.3,0.409,0,0.541,5.6,6.5,6.1,3.7,0.9,1.1,14.1,16.8,-0.4,0.1,-0.3,-0.045,-6.6,-2.3,-8.9,-0.5
2005/2006,49500000,62777897,398762,Minnesota Timberwolves,18,MIN,Minnesota,West,Northwest,33,49,0.402,91.7,93.6,-1.75,Justin Reed,SF,24,641748,845137,40,6,17.7,2.4,5.5,0.425,0,0,0,2.4,5.5,0.427,0.425,1.6,2,0.775,1,1.4,2.4,0.9,0.5,0.3,0.9,3,6.3,706,9.8,0.488,0.005,0.362,7,9.1,8.1,8.1,1.4,1.2,12.6,19.7,0,0.7,0.7,0.048,-3.2,-0.9,-4.1,-0.4
2005/2006,49500000,62777897,398762,Golden State Warriors,10,GSW,California,West,Pacific,34,48,0.415,98.5,99.8,-1.11,Jason Richardson,SG,25,8888888,11706048,75,75,38.4,8.5,19.2,0.446,2.4,6.4,0.384,6.1,12.8,0.477,0.509,3.7,5.5,0.673,1.4,4.4,5.8,3.1,1.3,0.5,2.2,2.7,23.2,2877,19.2,0.538,0.332,0.285,4,13.2,8.5,15.6,1.7,1,9.4,27.6,4.5,2.8,7.3,0.122,3.2,-0.5,2.8,3.5
2005/2006,49500000,62777897,398762,New York Knicks,20,NYK,New York,East,Atlantic,23,59,0.28,95.6,102,-6.3,Quentin Richardson,SF,25,6940000,9139498,55,43,26.2,3,8.3,0.355,1.2,3.4,0.34,1.8,4.9,0.365,0.425,1.1,1.7,0.67,1.2,3,4.2,1.6,0.7,0.1,1,2.4,8.2,1442,9.6,0.452,0.41,0.198,5.4,14.1,9.7,10.3,1.4,0.3,10.1,17.4,0.2,0.5,0.7,0.023,-0.5,-1.1,-1.6,0.2
2005/2006,49500000,62777897,398762,Seattle SuperSonics,21,SEA,Washington,West,Northwest,35,47,0.427,102.6,105.6,-2.88,Luke Ridnour,PG,24,1638000,2157132,79,77,33.2,4.2,10.1,0.418,0.5,1.9,0.289,3.7,8.2,0.448,0.445,2.5,2.9,0.877,0.6,2.4,3,7,1.6,0.3,2.1,2.3,11.5,2625,16,0.506,0.186,0.284,2.1,8.8,5.4,32.3,2.5,0.6,15.3,18.1,4.4,0,4.4,0.081,1.4,-1.9,-0.5,1
2005/2006,49500000,62777897,398762,Memphis Grizzlies,15,MEM,Tennessee,West,Southwest,49,33,0.598,92.2,88.5,3.74,Anthony Roberson,PG,22,398762,525141,16,0,5.5,0.9,1.9,0.452,0.3,0.6,0.5,0.6,1.3,0.429,0.532,0.1,0.1,1,0,0.4,0.4,0.3,0.1,0,0.2,0.4,2.2,88,11.7,0.549,0.323,0.065,0,8.2,4.1,10.7,0.6,0,8.6,19.3,0.1,0.1,0.2,0.088,-2,-3.5,-5.5,-0.1
2005/2006,49500000,62777897,398762,Memphis Grizzlies,15,MEM,Tennessee,West,Southwest,49,33,0.598,92.2,88.5,3.74,Lawrence Roberts,C,23,398762,525141,33,0,5.5,0.6,1.3,0.455,0,0.1,0,0.6,1.3,0.476,0.455,0.3,0.7,0.478,0.8,0.7,1.5,0.2,0.2,0.1,0.2,0.9,1.5,181,13.8,0.471,0.045,0.523,17.6,15.3,16.4,4.8,2.5,0.9,8.5,15.9,0.2,0.3,0.5,0.144,-1.4,0.1,-1.4,0
2005/2006,49500000,62777897,398762,Charlotte Bobcats,4,CHA,North Carolina,East,Southeast,26,56,0.317,96.9,100.9,-3.9,Bernard Robinson,SF,25,641748,845137,66,18,19.7,2.4,5.5,0.43,0,0.3,0.095,2.3,5.2,0.451,0.433,1.6,2,0.791,0.9,2.4,3.3,1.2,1.2,0.2,1.1,2.1,6.4,1303,12,0.498,0.058,0.367,5.2,14.9,9.7,9.5,3.2,0.6,14.9,17,0.1,1.6,1.7,0.061,-2.7,1.5,-1.3,0.2
2005/2006,49500000,62777897,398762,New Jersey Nets,3,NJN,New Jersey,East,Atlantic,49,33,0.598,93.8,92.4,1.11,Clifford Robinson,PF,39,2500000,3292326,80,13,23.3,2.7,6.4,0.427,0.8,2.2,0.343,2,4.2,0.47,0.485,0.7,1,0.658,0.7,2.7,3.3,1.1,0.6,0.5,0.8,2.6,6.9,1863,9.6,0.502,0.341,0.154,3.4,13.5,8.4,8.2,1.3,1.7,10.2,15.4,0.2,2.7,2.8,0.073,-2.7,1,-1.7,0.1
2005/2006,49500000,62777897,398762,New York Knicks,20,NYK,New York,East,Atlantic,23,59,0.28,95.6,102,-6.3,Nate Robinson,PG,21,1102680,1452153,72,26,21.4,3.2,7.8,0.407,0.8,2,0.397,2.4,5.8,0.411,0.458,2.1,2.8,0.752,0.8,1.5,2.3,2,0.8,0,1.6,2.8,9.3,1544,12.6,0.512,0.258,0.358,4.4,8.8,6.6,17,2,0.1,14.8,22.5,1,0.5,1.5,0.046,0.4,-1.9,-1.5,0.2
2005/2006,49500000,62777897,398762,#N/A,#N/A,TOT,#N/A,#N/A,#N/A,#N/A,#N/A,#N/A,#N/A,#N/A,#N/A,Jalen Rose,SF-SG,33,15694250,20668237,72,45,27.5,4,9.5,0.423,0.8,2.4,0.343,3.2,7.1,0.45,0.466,3.4,4.4,0.78,0.4,2.5,2.9,2.5,0.4,0.2,1.6,2.2,12.3,1983,13.9,0.538,0.251,0.464,1.7,11.6,6.5,15.5,0.8,0.5,12.2,21.8,2.5,0,2.5,0.06,0.1,-2.6,-2.5,-0.3
2005/2006,49500000,62777897,398762,Toronto Raptors,28,TOR,Ontario,East,Atlantic,27,55,0.329,101.1,104,-3.03,Jalen Rose,SF,33,15694250,20668237,46,22,26.9,3.9,9.7,0.404,0.7,2.5,0.27,3.2,7.2,0.45,0.438,3.6,4.7,0.765,0.3,2.5,2.8,2.5,0.4,0.2,1.4,2.2,12.1,1236,13.5,0.514,0.258,0.487,1.4,11.8,6.4,15,0.9,0.6,10.7,22.7,1.2,0,1.2,0.045,-0.4,-2.9,-3.3,-0.4
2005/2006,49500000,62777897,398762,New York Knicks,20,NYK,New York,East,Atlantic,23,59,0.28,95.6,102,-6.3,Jalen Rose,SG,33,15694250,20668237,26,23,28.7,4.2,9.2,0.46,1.1,2.2,0.491,3.2,7,0.451,0.519,3.2,3.9,0.812,0.5,2.7,3.2,2.6,0.4,0.1,1.9,2.1,12.7,747,14.5,0.582,0.238,0.423,2.1,11.4,6.7,16.2,0.7,0.3,15,20.2,1.3,0,1.3,0.085,1.1,-2.3,-1.2,0.1
2005/2006,49500000,62777897,398762,New York Knicks,20,NYK,New York,East,Atlantic,23,59,0.28,95.6,102,-6.3,Malik Rose,PF,31,6008750,7913106,72,35,15.5,1.5,3.9,0.374,0,0,1,1.4,3.9,0.371,0.375,1.5,1.9,0.781,1.2,2.4,3.6,0.9,0.6,0.2,1.1,2,4.4,1119,10.2,0.466,0.004,0.488,9,19.2,14.1,9.7,2,1,19,17.1,-0.3,0.8,0.5,0.021,-3.2,0.5,-2.7,-0.2
2005/2006,49500000,62777897,398762,Los Angeles Clippers,13,LAC,California,West,Pacific,47,35,0.573,97.2,95.6,1.75,Quinton Ross,SF,24,700000,921851,67,45,22.6,1.9,4.6,0.422,0,0.1,0,1.9,4.5,0.432,0.422,0.9,1.1,0.76,0.6,2,2.5,1.2,0.8,0.2,0.7,2.3,4.7,1515,7.4,0.465,0.023,0.244,3,9.7,6.5,7.8,1.8,0.8,12.1,11.8,-0.2,1.7,1.6,0.05,-3.2,1.3,-1.9,0
2005/2006,49500000,62777897,398762,Washington Wizards,30,WAS,Washington DC,East,Southeast,42,40,0.512,101.7,99.8,1.57,Michael Ruffin,C,29,1670000,2199274,76,4,13.3,0.4,1,0.442,0,0,0,0.4,1,0.453,0.442,0.5,1,0.5,1.6,2,3.6,0.4,0.4,0.4,0.5,2.4,1.4,1010,8.1,0.479,0.026,0.961,13.6,17.7,15.6,3.7,1.7,2.4,25.8,6.5,0.6,1.1,1.7,0.081,-2.4,2.1,-0.3,0.4
2005/2006,49500000,62777897,398762,Charlotte Bobcats,4,CHA,North Carolina,East,Southeast,26,56,0.317,96.9,100.9,-3.9,Kareem Rush,SG,25,3000000,3950791,47,25,23.6,3.9,10,0.386,1.2,3.5,0.348,2.6,6.5,0.407,0.447,1.2,1.6,0.714,0.4,1.8,2.2,1.1,0.8,0.3,1.4,1.7,10.1,1111,9.8,0.471,0.35,0.164,1.8,9.5,5.4,7.7,1.8,0.9,11.4,22.7,-1,0.7,-0.2,-0.01,-2.6,-1.7,-4.3,-0.6
2005/2006,49500000,62777897,398762,Denver Nuggets,8,DEN,Colorado,West,Northwest,44,38,0.537,100.3,100.1,0.36,Bryon Russell,SF,35,1138500,1499325,1,0,3,0,0,,0,0,,0,0,,,0,0,,0,1,1,1,0,0,0,0,0,3,16.4,,,,0,38.5,19.5,43.2,0,0,,0,0,0,0,0.194,-4.8,0.9,-3.9,0
2005/2006,49500000,62777897,398762,Philadelphia 76ers,23,PHI,Pennsylvania,East,Atlantic,38,44,0.463,99.4,101.3,-2.1,John Salmons,SG,26,1669001,2197958,82,24,25.1,2.7,6.4,0.42,0.3,1.1,0.299,2.4,5.3,0.445,0.445,1.9,2.4,0.775,0.6,2.1,2.7,2.7,0.9,0.2,1.5,2.2,7.5,2059,10.7,0.508,0.167,0.384,2.7,9.8,6.3,16.7,1.8,0.5,17,16.3,0.5,1.2,1.7,0.04,-2.1,-0.9,-3,-0.5
2005/2006,49500000,62777897,398762,Sacramento Kings,26,SAC,California,West,Pacific,44,38,0.537,98.9,97.3,1.61,Jamal Sampson,PF,22,719373,947364,12,0,3.3,0.4,0.6,0.714,0,0,,0.4,0.6,0.714,0.714,0,0.2,0,0.4,1.1,1.5,0.4,0,0.3,0,0.4,0.8,39,24.4,0.635,0,0.286,15.2,38.6,27,20.8,0,7.5,0,9.3,0.2,0.1,0.2,0.293,1.5,5.1,6.5,0.1
2005/2006,49500000,62777897,398762,San Antonio Spurs,27,SAS,Texas,West,Southwest,63,19,0.768,95.6,88.8,6.69,Melvin Sanders,SG,25,24315,32021,16,0,7.1,1,2.1,0.485,0.1,0.2,0.667,0.9,1.9,0.467,0.515,0.4,0.6,0.7,0.3,1.2,1.4,0.2,0.3,0,0.5,1.3,2.6,113,10.5,0.548,0.091,0.303,4.3,19.4,12,4.3,2.4,0,17.6,19.2,0,0.2,0.2,0.093,-4.5,0.2,-4.2,-0.1
2005/2006,49500000,62777897,398762,Boston Celtics,2,BOS,Massachusetts,East,Atlantic,33,49,0.402,98,99.5,-1.59,Brian Scalabrine,PF,27,2586207,3405855,71,1,13.2,1,2.7,0.383,0.4,1.2,0.356,0.6,1.5,0.406,0.464,0.4,0.5,0.722,0.4,1.2,1.6,0.7,0.3,0.3,0.7,1.8,2.9,938,5.9,0.491,0.451,0.187,3.6,11,7.4,8.2,1.2,1.5,19.3,12.7,-0.4,0.7,0.3,0.015,-3.3,-0.4,-3.7,-0.4
2005/2006,49500000,62777897,398762,San Antonio Spurs,27,SAS,Texas,West,Southwest,63,19,0.768,95.6,88.8,6.69,Alex Scales,SG,27,24315,32021,1,0,0,0,0,,0,0,,0,0,,,0,0,,0,0,0,0,0,0,0,0,0,0,,,,,,,,,,,,,0,0,0,,-6,1.6,-4.4,0
2005/2006,49500000,62777897,398762,Chicago Bulls,5,CHI,Illinois,East,Central,41,41,0.5,97.8,97.2,0.51,Luke Schenscher,C,23,#N/A,#N/A,20,0,7.5,0.8,1.3,0.615,0,0,,0.8,1.3,0.615,0.615,0.2,0.7,0.308,0.4,1.1,1.5,0.4,0.1,0.2,0.3,1.1,1.8,149,9.3,0.567,0,0.5,6.2,16.1,11.2,7.3,0.3,1.6,13.6,11.1,0.1,0.2,0.3,0.095,-3.3,0.9,-2.4,0
2005/2006,49500000,62777897,398762,Portland Trail Blazers,25,POR,Oregon,West,Northwest,21,61,0.256,88.8,98.3,-8.91,Ha Seung-Jin,C,20,641748,845137,27,4,7.9,0.7,1.1,0.581,0,0,,0.7,1.1,0.581,0.581,0.3,0.6,0.471,0.5,1.3,1.8,0,0.1,0.3,0.5,1.5,1.6,212,6.9,0.572,0,0.548,7.8,20.2,13.9,0.8,0.8,2.9,26.7,11.7,-0.1,0.1,0,0.003,-6,-1.5,-7.5,-0.3
2005/2006,49500000,62777897,398762,Miami Heat,16,MIA,Florida,East,Southeast,52,30,0.634,99.9,96,3.59,Wayne Simien,PF,22,867720,1142727,43,2,9.6,1.3,2.8,0.483,0,0,,1.3,2.8,0.483,0.483,0.7,0.8,0.882,0.9,1.2,2,0.2,0.3,0,0.6,1.6,3.4,414,11.5,0.541,0,0.283,11.3,13.6,12.5,2.7,1.6,0.2,15.1,17.7,0.4,0.5,0.8,0.096,-2.7,-1.8,-4.5,-0.3
2005/2006,49500000,62777897,398762,Milwaukee Bucks,17,MIL,Wisconsin,East,Central,40,42,0.488,97.8,98.8,-1.07,Bobby Simmons,SF,25,8000000,10535444,75,74,33.8,4.9,10.8,0.453,1.4,3.3,0.42,3.5,7.4,0.468,0.518,2.2,2.7,0.825,1.2,3.2,4.4,2.3,1.1,0.3,1.6,3.4,13.4,2538,13.8,0.559,0.309,0.248,4.2,11.5,7.8,11.2,1.8,0.7,12.1,18.3,3.3,2,5.3,0.101,1.2,0.2,1.4,2.1
2005/2006,49500000,62777897,398762,Los Angeles Clippers,13,LAC,California,West,Pacific,47,35,0.573,97.2,95.6,1.75,James Singleton,SF,24,625000,823081,59,10,12.8,1.3,2.6,0.51,0.2,0.3,0.5,1.1,2.2,0.511,0.543,0.7,0.8,0.78,1.1,2.3,3.3,0.5,0.3,0.4,0.5,1.6,3.4,753,13.6,0.587,0.132,0.331,10.2,19.8,15.2,5.9,1.3,2.1,13.9,12.3,1.2,1.1,2.3,0.147,-0.9,1.1,0.2,0.4
2005/2006,49500000,62777897,398762,#N/A,#N/A,TOT,#N/A,#N/A,#N/A,#N/A,#N/A,#N/A,#N/A,#N/A,#N/A,Brian Skinner,PF-C,29,4950000,6518806,65,5,14.5,1.3,2.5,0.513,0,0,,1.3,2.5,0.513,0.513,0.4,0.9,0.482,1.2,2.3,3.5,0.5,0.4,0.7,0.7,1.8,2.9,944,10.5,0.517,0,0.35,9.5,19.2,14.3,5,1.4,3.4,19.6,11.4,0.1,1,1.1,0.057,-3.7,1.5,-2.1,0
2005/2006,49500000,62777897,398762,Sacramento Kings,26,SAC,California,West,Pacific,44,38,0.537,98.9,97.3,1.61,Brian Skinner,PF,29,4950000,6518806,38,0,11.3,1,1.8,0.551,0,0,,1,1.8,0.551,0.551,0.3,0.7,0.444,0.8,1.9,2.7,0.4,0.3,0.5,0.5,1.4,2.3,429,10.8,0.544,0,0.391,8.3,19.2,13.8,6,1.3,3.4,18.2,10.6,0.2,0.6,0.8,0.094,-3.7,2.1,-1.6,0
2005/2006,49500000,62777897,398762,Portland Trail Blazers,25,POR,Oregon,West,Northwest,21,61,0.256,88.8,98.3,-8.91,Brian Skinner,C,29,4950000,6518806,27,5,19.1,1.6,3.4,0.484,0,0,,1.6,3.4,0.484,0.484,0.6,1.1,0.517,1.7,3,4.7,0.5,0.5,0.9,1,2.4,3.8,515,10.3,0.496,0,0.319,10.6,19.2,14.8,4.1,1.5,3.4,20.6,12,-0.1,0.4,0.3,0.026,-3.7,1.1,-2.6,-0.1
2005/2006,49500000,62777897,398762,#N/A,#N/A,TOT,#N/A,#N/A,#N/A,#N/A,#N/A,#N/A,#N/A,#N/A,#N/A,Charles Smith,SG,30,771123,1015515,22,4,9.5,1.4,3.3,0.417,0.7,1.7,0.395,0.7,1.5,0.441,0.521,0.2,0.4,0.625,0.1,0.6,0.7,0.4,0.2,0.3,0.2,1.3,3.6,210,12,0.53,0.528,0.111,1.7,7.6,4.6,7.6,1.3,2.2,5,17.9,0.2,0,0.3,0.06,0.3,-2.9,-2.6,0
2005/2006,49500000,62777897,398762,Portland Trail Blazers,25,POR,Oregon,West,Northwest,21,61,0.256,88.8,98.3,-8.91,Charles Smith,SG,30,771123,1015515,21,4,9.9,1.4,3.4,0.423,0.7,1.8,0.405,0.7,1.6,0.441,0.528,0.2,0.4,0.625,0.1,0.6,0.8,0.4,0.2,0.3,0.2,1.3,3.8,208,12.4,0.537,0.521,0.113,1.7,7.6,4.6,7.7,1.3,2.2,5.1,17.9,0.3,0,0.3,0.066,0.5,-2.9,-2.4,0
2005/2006,49500000,62777897,398762,Denver Nuggets,8,DEN,Colorado,West,Northwest,44,38,0.537,100.3,100.1,0.36,Charles Smith,SG,30,771123,1015515,1,0,2,0,1,0,0,1,0,0,0,,0,0,0,,0,0,0,0,0,0,0,1,0,2,-28.1,0,1,0,0,0,0,0,0,0,0,22.4,0,0,0,-0.511,-14.9,-7.7,-22.6,0
2005/2006,49500000,62777897,398762,Atlanta Hawks,1,ATL,Georgia,East,Southeast,26,56,0.317,97.2,102,-4.69,Donta Smith,SG,22,641748,845137,23,0,5.5,0.7,1.2,0.556,0.1,0.2,0.5,0.6,1,0.565,0.593,0.3,0.5,0.5,0.1,0.5,0.6,0.4,0.3,0,0.2,0.9,1.7,127,12.7,0.589,0.148,0.444,2.8,10.7,6.6,11.4,3.3,0,11,13,0.2,0.1,0.3,0.104,-0.7,-1.2,-1.9,0
2005/2006,49500000,62777897,398762,New Orleans/Oklahoma City Hornets,19,NOK,Oklahoma,West,Southwest,38,44,0.463,92.8,95.6,-2.51,JR Smith,SG,20,1297080,1708164,55,25,18,2.6,6.7,0.393,0.9,2.5,0.371,1.7,4.1,0.407,0.464,1.5,1.8,0.822,0.3,1.7,2,1.1,0.7,0.1,1,1.6,7.7,989,12.7,0.515,0.383,0.276,2.2,11.3,6.6,10.3,2,0.3,11.6,21.9,0.4,0.8,1.2,0.06,-0.5,-1.6,-2.1,0
2005/2006,49500000,62777897,398762,Milwaukee Bucks,17,MIL,Wisconsin,East,Central,40,42,0.488,97.8,98.8,-1.07,Joe Smith,PF,30,6353200,8366723,44,5,20.2,3.3,6.9,0.475,0,0,0,3.3,6.9,0.479,0.475,2,2.6,0.774,1.9,3.3,5.2,0.7,0.5,0.3,0.9,2.7,8.6,887,16.1,0.533,0.007,0.377,10.9,20.1,15.4,6,1.4,1.2,10.1,20.4,1.4,0.9,2.3,0.123,-1.3,-0.8,-2.1,0
2005/2006,49500000,62777897,398762,Atlanta Hawks,1,ATL,Georgia,East,Southeast,26,56,0.317,97.2,102,-4.69,Josh Smith,SF,20,1365360,1798084,80,73,32,4.1,9.7,0.425,0.4,1.4,0.309,3.7,8.3,0.444,0.447,2.6,3.7,0.719,2.2,4.4,6.6,2.4,0.8,2.6,2,3.3,11.3,2559,15.5,0.5,0.142,0.377,8,17.2,12.5,12.2,1.3,6.2,15.2,18.9,1.5,2.1,3.6,0.067,-1.3,2.3,1,1.9
2005/2006,49500000,62777897,398762,Cleveland Cavaliers,6,CLE,Ohio,East,Central,50,32,0.61,97.6,95.4,2.17,Eric Snow,PG,32,5484375,7222541,82,82,28.7,2,4.9,0.409,0,0.1,0.1,2,4.7,0.416,0.41,0.8,1.1,0.688,0.5,2,2.4,4.2,0.9,0.2,1.4,2.7,4.8,2351,8.1,0.444,0.025,0.233,1.9,8.1,5,22.2,1.7,0.6,20.9,10.9,0,2,2.1,0.042,-3.1,0.5,-2.6,-0.3
2005/2006,49500000,62777897,398762,New Orleans/Oklahoma City Hornets,19,NOK,Oklahoma,West,Southwest,38,44,0.463,92.8,95.6,-2.51,Kirk Snyder,SG,22,1437240,1892745,68,45,19.3,3,6.7,0.453,0.7,1.9,0.357,2.3,4.8,0.491,0.503,1.3,1.7,0.735,0.8,1.6,2.4,1.5,0.4,0.3,1,1.6,8,1310,14.6,0.537,0.285,0.258,4.9,9.9,7.3,13.9,1.2,1.4,12.2,20.5,1.4,0.9,2.2,0.082,0.6,-1.1,-0.5,0.5
2005/2006,49500000,62777897,398762,Chicago Bulls,5,CHI,Illinois,East,Central,41,41,0.5,97.8,97.2,0.51,Darius Songaila,PF,27,2200000,2897247,62,7,21.4,3.8,7.9,0.481,0,0.1,0.4,3.8,7.8,0.481,0.483,1.5,1.9,0.817,1.2,2.7,4,1.4,0.6,0.3,1.4,2.5,9.2,1329,13.6,0.524,0.01,0.234,6.6,14.6,10.6,11.5,1.4,0.9,13.6,21.3,0.7,1.8,2.5,0.09,-1.9,0.8,-1.1,0.3
2005/2006,49500000,62777897,398762,Toronto Raptors,28,TOR,Ontario,East,Atlantic,27,55,0.329,101.1,104,-3.03,Pape Sow,C,24,641748,845137,42,25,14,1.3,2.9,0.431,0,0,,1.3,2.9,0.431,0.431,1,1.4,0.719,1.3,2.2,3.5,0.2,0.5,0.5,0.7,2.8,3.5,590,9.5,0.496,0,0.463,10.7,19.9,15.1,2,1.9,2.5,16.8,14,0.2,0.4,0.6,0.045,-3.9,-0.5,-4.3,-0.3
2005/2006,49500000,62777897,398762,Dallas Mavericks,7,DAL,Texas,West,Southwest,60,22,0.732,99.1,93.1,5.96,Jerry Stackhouse,SG,31,8367187,11019004,55,11,27.7,4.4,11,0.401,0.7,2.4,0.277,3.7,8.6,0.436,0.431,3.5,4,0.882,0.6,2.2,2.8,2.9,0.7,0.2,2.2,1.7,13,1525,14.5,0.511,0.216,0.367,2.6,9.4,6,18,1.3,0.5,14.7,25.2,1.2,1.2,2.4,0.076,0,-1.8,-1.8,0.1
2005/2006,49500000,62777897,398762,Orlando Magic,22,ORL,Florida,East,Southeast,36,46,0.439,94.9,96,-1.26,DeShawn Stevenson,SG,24,2750000,3621559,82,82,32.3,4.4,9.5,0.46,0,0.2,0.133,4.4,9.3,0.466,0.461,2.2,3,0.744,0.7,2.2,2.9,2,0.7,0.2,1.5,2.2,11,2648,10.9,0.507,0.019,0.31,2.8,8.3,5.6,10.1,1.2,0.5,12.2,18.1,1.2,1.3,2.4,0.044,-1.7,-0.8,-2.6,-0.4
2005/2006,49500000,62777897,398762,#N/A,#N/A,TOT,#N/A,#N/A,#N/A,#N/A,#N/A,#N/A,#N/A,#N/A,#N/A,Predrag Stojakovic,SF,28,7500000,9876979,71,71,36.6,6.3,14.3,0.437,2.3,5.7,0.401,4,8.6,0.461,0.517,3.4,3.7,0.915,1.1,4.7,5.8,1.9,0.6,0.1,1.5,2.4,18.2,2601,16.7,0.57,0.397,0.255,3.6,14.6,9.3,9.4,0.9,0.3,8.3,22,5.2,2.8,8,0.147,2.2,-1,1.2,2.1
2005/2006,49500000,62777897,398762,Sacramento Kings,26,SAC,California,West,Pacific,44,38,0.537,98.9,97.3,1.61,Predrag Stojakovic,SF,28,7500000,9876979,31,31,37,5.5,13.7,0.403,2.3,5.8,0.397,3.2,7.9,0.408,0.487,3.2,3.4,0.933,1.1,4.2,5.3,2.2,0.6,0.1,1.6,2.6,16.5,1147,13.6,0.543,0.422,0.248,3.5,13.2,8.4,10,0.9,0.1,9.8,20.8,1.4,0.9,2.4,0.099,0.9,-1.5,-0.7,0.4
2005/2006,49500000,62777897,398762,Indiana Pacers,12,IND,Indiana,East,Central,41,41,0.5,93.9,92,1.62,Predrag Stojakovic,SF,28,7500000,9876979,40,40,36.4,6.9,14.9,0.461,2.3,5.6,0.404,4.6,9.2,0.496,0.538,3.5,3.9,0.903,1.1,5.1,6.3,1.7,0.7,0.2,1.3,2.2,19.5,1454,19.1,0.588,0.379,0.261,3.7,15.8,9.9,9,1,0.4,7.3,22.9,3.8,1.8,5.6,0.184,3.2,-0.6,2.6,1.7
2005/2006,49500000,62777897,398762,Washington Wizards,30,WAS,Washington DC,East,Southeast,42,40,0.512,101.7,99.8,1.57,Awvee Storey,SF,28,641748,845137,25,1,4.6,0.6,1.6,0.39,0.1,0.3,0.429,0.5,1.4,0.382,0.427,0.3,0.6,0.571,0.3,0.6,0.9,0.2,0.1,0,0.2,0.9,1.7,116,9.2,0.456,0.171,0.341,7.8,14.5,11,5.6,1.3,0.7,9.6,20,0,0.1,0.1,0.039,-3.6,-2.7,-6.3,-0.1
2005/2006,49500000,62777897,398762,Memphis Grizzlies,15,MEM,Tennessee,West,Southwest,49,33,0.598,92.2,88.5,3.74,Damon Stoudamire,PG,32,3750000,4938489,27,27,31.9,4.2,10.6,0.397,1.3,3.9,0.346,2.9,6.8,0.426,0.46,2,2.3,0.855,0.9,2.7,3.5,4.7,0.7,0,2,1.8,11.7,862,13.7,0.504,0.362,0.216,3.3,10,6.7,26.6,1.2,0.1,14.9,20.8,0.7,1,1.7,0.093,0.5,-1,-0.6,0.3
2005/2006,49500000,62777897,398762,Atlanta Hawks,1,ATL,Georgia,East,Southeast,26,56,0.317,97.2,102,-4.69,Salim Stoudamire,SG,23,675000,888928,61,1,20.3,3.3,8.1,0.415,1.3,3.5,0.38,2,4.5,0.442,0.498,1.6,1.8,0.9,0.2,1.7,1.9,1.2,0.4,0,1.3,1.9,9.7,1236,12.5,0.545,0.439,0.224,1.1,10.4,5.6,10.5,1.2,0.2,13.2,22.9,1.1,0,1.2,0.046,-0.2,-4.3,-4.5,-0.8
2005/2006,49500000,62777897,398762,Phoenix Suns,24,PHO,Arizona,West,Pacific,54,28,0.659,108.4,102.8,5.48,Amare Stoudemire,C,23,2589023,3409563,3,3,16.7,3,9,0.333,0,0.3,0,3,8.7,0.346,0.333,2.7,3,0.889,2,3.3,5.3,0.7,0.3,1,0.3,1.3,8.7,50,17.8,0.42,0.037,0.333,13.6,21.7,17.8,5.9,1,4.2,3.1,28.7,0,0.1,0.1,0.085,-4.8,-1.8,-6.6,-0.1
2005/2006,49500000,62777897,398762,Chicago Bulls,5,CHI,Illinois,East,Central,41,41,0.5,97.8,97.2,0.51,Mike Sweetney,C,23,2116920,2787836,66,44,18.5,3,6.7,0.45,0,0,,3,6.7,0.45,0.45,2,3.1,0.652,1.8,3.5,5.3,0.9,0.3,0.8,1.4,3.2,8.1,1222,13.9,0.499,0,0.459,11.2,21.7,16.5,8.2,0.8,3.6,15.1,23.2,0.1,2.1,2.1,0.084,-3.5,1.5,-2.1,0
2005/2006,49500000,62777897,398762,Seattle SuperSonics,21,SEA,Washington,West,Northwest,35,47,0.427,102.6,105.6,-2.88,Robert Swift,C,20,1764480,2323697,47,20,21,2.6,5.1,0.515,0,0,,2.6,5.1,0.515,0.515,1.1,1.9,0.582,2,3.6,5.6,0.2,0.3,1.2,1,3,6.4,987,12.7,0.536,0,0.378,11.3,21.1,16.2,1.2,0.8,4.4,14.8,15,0.7,0.3,1.1,0.052,-2.9,-1.5,-4.3,-0.6
2005/2006,49500000,62777897,398762,Houston Rockets,11,HOU,Texas,West,Southwest,34,48,0.415,90.1,91.7,-1.3,Stromile Swift,C,26,5000000,6584652,66,5,20.4,3.4,6.9,0.491,0,0,0,3.4,6.9,0.493,0.491,2.1,3.2,0.651,1.6,2.8,4.4,0.4,0.6,0.8,1.4,3,8.9,1344,14.6,0.533,0.004,0.456,9.1,16.1,12.7,3.6,1.5,3,14.2,22.7,0.4,2.1,2.5,0.091,-3.6,0.1,-3.4,-0.5
2005/2006,49500000,62777897,398762,#N/A,#N/A,TOT,#N/A,#N/A,#N/A,#N/A,#N/A,#N/A,#N/A,#N/A,#N/A,Wally Szczerbiak,SF,28,10000000,13169305,72,71,37.9,6.8,14.1,0.487,1.4,3.5,0.4,5.4,10.5,0.517,0.538,3.9,4.3,0.897,1.1,3.3,4.3,3,0.6,0.3,1.9,2.1,19,2729,17.7,0.595,0.252,0.306,3.5,10.2,6.9,14.1,0.8,0.5,10.6,22.1,6.3,1.7,8,0.141,2.7,-1.8,1,2
2005/2006,49500000,62777897,398762,Minnesota Timberwolves,18,MIN,Minnesota,West,Northwest,33,49,0.402,91.7,93.6,-1.75,Wally Szczerbiak,SF,28,10000000,13169305,40,40,38.9,7.3,14.8,0.495,1.5,3.6,0.406,5.9,11.2,0.523,0.544,4.1,4.6,0.896,0.9,3.9,4.8,2.8,0.5,0.4,2.2,2.3,20.1,1555,18.1,0.601,0.242,0.308,2.9,11.6,7.3,13.4,0.7,0.7,11.4,23.1,3.3,1.2,4.6,0.141,2.6,-1.4,1.2,1.3
2005/2006,49500000,62777897,398762,Boston Celtics,2,BOS,Massachusetts,East,Atlantic,33,49,0.402,98,99.5,-1.59,Wally Szczerbiak,SF,28,10000000,13169305,32,31,36.7,6.3,13.2,0.476,1.4,3.5,0.393,4.9,9.7,0.506,0.528,3.6,4,0.898,1.3,2.6,3.8,3.2,0.6,0.1,1.6,1.9,17.5,1174,17.2,0.586,0.265,0.303,4.4,8.3,6.4,15.1,0.8,0.3,9.5,20.7,2.9,0.5,3.4,0.14,2.9,-2.2,0.7,0.8
2005/2006,49500000,62777897,398762,Golden State Warriors,10,GSW,California,West,Pacific,34,48,0.415,98.5,99.8,-1.11,Chris Taft,C,20,423762,558065,17,0,8.5,1.4,2.2,0.605,0,0,,1.4,2.2,0.605,0.605,0.1,0.4,0.167,1.1,1,2.1,0.1,0.1,0.4,0.1,1.5,2.8,144,15.6,0.578,0,0.158,14.4,13.5,13.9,2.4,0.7,3.6,4.7,13.2,0.3,0.1,0.5,0.155,-0.9,-0.4,-1.3,0
2005/2006,49500000,62777897,398762,Washington Wizards,30,WAS,Washington DC,East,Southeast,42,40,0.512,101.7,99.8,1.57,Donell Taylor,SG,23,398762,525141,51,1,9.1,1,2.7,0.39,0.1,0.3,0.235,1,2.3,0.412,0.404,0.6,0.8,0.698,0.3,0.7,1,0.9,0.6,0.1,0.7,0.9,2.7,465,10.1,0.452,0.125,0.316,3.9,9.5,6.6,15.2,3.4,0.7,18,18.1,-0.3,0.5,0.2,0.017,-3.5,0.3,-3.2,-0.1
2005/2006,49500000,62777897,398762,New York Knicks,20,NYK,New York,East,Atlantic,23,59,0.28,95.6,102,-6.3,Maurice Taylor,PF,29,9100000,11984068,67,13,18.1,2.7,5.8,0.468,0,0,0,2.7,5.8,0.469,0.468,0.9,1.2,0.699,1,2.4,3.4,0.8,0.3,0.2,1.5,2.6,6.3,1210,8.5,0.496,0.003,0.213,6.5,16.7,11.5,7.9,0.9,0.9,19.5,19.8,-1,0.4,-0.5,-0.021,-4.1,-1.3,-5.4,-1
2005/2006,49500000,62777897,398762,Portland Trail Blazers,25,POR,Oregon,West,Northwest,21,61,0.256,88.8,98.3,-8.91,Sebastian Telfair,PG,20,1676280,2207544,68,30,24.1,3.4,8.5,0.394,0.8,2.4,0.352,2.5,6.1,0.411,0.444,1.9,2.6,0.743,0.3,1.5,1.8,3.6,1,0.1,1.7,2.5,9.5,1641,13,0.491,0.28,0.303,1.4,7.5,4.4,26.5,2.2,0.3,14.9,22.2,0.4,0.2,0.6,0.017,-0.1,-2.8,-2.9,-0.4
2005/2006,49500000,62777897,398762,Dallas Mavericks,7,DAL,Texas,West,Southwest,60,22,0.732,99.1,93.1,5.96,Jason Terry,PG,28,6666667,8779537,80,80,35,6.5,13.7,0.47,2.1,5.2,0.411,4.3,8.5,0.505,0.547,2.1,2.6,0.8,0.4,1.6,2,3.8,1.3,0.3,1.7,2.5,17.1,2798,18.4,0.575,0.379,0.191,1.4,5.4,3.4,19.6,2,0.7,10.2,22.2,7.4,2.3,9.6,0.165,4.6,-1.7,2.9,3.5
2005/2006,49500000,62777897,398762,Washington Wizards,30,WAS,Washington DC,East,Southeast,42,40,0.512,101.7,99.8,1.57,Billy Thomas,SG,30,#N/A,#N/A,17,0,7.7,0.8,2.4,0.325,0.6,1.8,0.333,0.2,0.6,0.3,0.45,0.1,0.1,1,0.3,0.5,0.8,0.5,0.6,0.1,0.4,1.1,2.2,131,9.8,0.465,0.75,0.05,4.3,8.2,6.2,10.6,4,0.6,12.8,16,0,0.2,0.2,0.063,0,0,0,0.1
2005/2006,49500000,62777897,398762,Washington Wizards,30,WAS,Washington DC,East,Southeast,42,40,0.512,101.7,99.8,1.57,Etan Thomas,C,27,5393300,7102601,71,9,15.8,1.8,3.5,0.533,0,0,,1.8,3.5,0.533,0.533,1.1,1.8,0.6,1.4,2.5,3.9,0.2,0.3,1,0.7,2.1,4.7,1121,13.6,0.56,0,0.508,10,19.3,14.5,2,0.9,4.7,14.5,14,1.2,1.3,2.5,0.107,-2.9,0.5,-2.4,-0.1
2005/2006,49500000,62777897,398762,#N/A,#N/A,TOT,#N/A,#N/A,#N/A,#N/A,#N/A,#N/A,#N/A,#N/A,#N/A,James Thomas,PF,25,148698,195824,22,0,6.8,0.5,0.9,0.526,0,0,,0.5,0.9,0.526,0.526,0.4,0.6,0.571,0.5,1.2,1.8,0,0,0.1,0.3,1.6,1.3,150,5.4,0.556,0,0.737,9.3,21,15.2,1,0,1.5,21.8,9.8,0,0.1,0.2,0.052,-5.6,-2.6,-8.2,-0.2
2005/2006,49500000,62777897,398762,Philadelphia 76ers,23,PHI,Pennsylvania,East,Atlantic,38,44,0.463,99.4,101.3,-2.1,James Thomas,PF,25,148698,195824,15,0,8.3,0.5,0.9,0.538,0,0,,0.5,0.9,0.538,0.538,0.5,0.9,0.571,0.5,1.5,2.1,0.1,0,0.2,0.5,2.1,1.5,124,4.1,0.574,0,1.077,7.5,21.7,14.6,1.2,0,1.8,26.8,9.6,0,0.1,0.1,0.033,-6.1,-2.2,-8.3,-0.2
2005/2006,49500000,62777897,398762,Chicago Bulls,5,CHI,Illinois,East,Central,41,41,0.5,97.8,97.2,0.51,James Thomas,PF,25,148698,195824,7,0,3.7,0.4,0.9,0.5,0,0,,0.4,0.9,0.5,0.5,0,0,,0.6,0.6,1.1,0,0,0,0,0.4,0.9,26,11.7,0.5,0,0,17.8,17.6,17.7,0,0,0,0,10.4,0,0,0.1,0.14,-3.1,-4.7,-7.9,0
2005/2006,49500000,62777897,398762,#N/A,#N/A,TOT,#N/A,#N/A,#N/A,#N/A,#N/A,#N/A,#N/A,#N/A,#N/A,John Thomas,C,30,282118,371529,16,0,7.9,0.4,0.9,0.4,0,0,,0.4,0.9,0.4,0.4,0.2,0.3,0.75,0.6,0.6,1.3,0.1,0.2,0.1,0.5,1.1,0.9,127,3.4,0.447,0,0.267,9.1,9.6,9.3,2.4,1.3,1.3,32.3,9.1,-0.1,0.1,0,-0.017,-6.4,-1.6,-8,-0.2
2005/2006,49500000,62777897,398762,Memphis Grizzlies,15,MEM,Tennessee,West,Southwest,49,33,0.598,92.2,88.5,3.74,John Thomas,C,30,282118,371529,3,0,8.3,0.7,0.7,1,0,0,,0.7,0.7,1,1,0,0,,0,0,0,0.3,0,0.3,0.7,1,1.3,25,3.8,1,0,0,0,0,0,6.5,0,3.2,50,7.8,0,0,0,0.012,-5.5,-1.7,-7.2,0
2005/2006,49500000,62777897,398762,Atlanta Hawks,1,ATL,Georgia,East,Southeast,26,56,0.317,97.2,102,-4.69,John Thomas,C,30,282118,371529,11,0,6,0.3,0.6,0.429,0,0,,0.3,0.6,0.429,0.429,0.3,0.4,0.75,0.3,0.6,0.9,0.1,0.2,0,0.4,0.9,0.8,66,3.1,0.514,0,0.571,5.3,13.1,9.1,2.2,1.6,0,31.3,8.8,0,0,0,-0.023,-5.7,-1.7,-7.4,-0.1
2005/2006,49500000,62777897,398762,New Jersey Nets,3,NJN,New Jersey,East,Atlantic,49,33,0.598,93.8,92.4,1.11,John Thomas,C,30,282118,371529,2,0,18,0.5,3,0.167,0,0,,0.5,3,0.167,0.167,0,0,,3.5,1.5,5,0,0.5,0.5,1,2,1,36,3.5,0.167,0,0,22.5,9.9,16.3,0,1.5,2.2,25,10.5,-0.1,0.1,0,-0.027,-8.4,-1.1,-9.6,-0.1
2005/2006,49500000,62777897,398762,Sacramento Kings,26,SAC,California,West,Pacific,44,38,0.537,98.9,97.3,1.61,Kenny Thomas,PF,28,6500000,8560048,82,55,28,3.7,7.4,0.505,0,0,0,3.7,7.4,0.506,0.505,1.7,2.5,0.676,2.4,5.1,7.5,2,0.9,0.5,1.6,2.4,9.1,2293,15,0.539,0.002,0.338,10.3,21.2,15.8,12,1.6,1.2,16.3,16.6,2.2,3.3,5.5,0.115,-1.1,1.8,0.7,1.6
2005/2006,49500000,62777897,398762,Phoenix Suns,24,PHO,Arizona,West,Pacific,54,28,0.659,108.4,102.8,5.48,Kurt Thomas,C,33,6620062,8718162,53,50,26.6,3.6,7.4,0.486,0,0,,3.6,7.4,0.486,0.486,1.4,1.7,0.815,1.9,5.9,7.8,1.1,0.4,1,1.1,3.6,8.6,1411,13.1,0.527,0,0.235,8.2,24.1,16.3,5.6,0.8,2.7,11.7,15.5,1.3,2,3.3,0.112,-2.8,1.5,-1.2,0.3
2005/2006,49500000,62777897,398762,#N/A,#N/A,TOT,#N/A,#N/A,#N/A,#N/A,#N/A,#N/A,#N/A,#N/A,#N/A,Tim Thomas,PF-SF,28,13975000,18404105,29,10,23,3.9,9,0.431,1.6,3.8,0.414,2.3,5.2,0.444,0.519,1,1.4,0.667,0.8,3.8,4.5,0.7,0.6,0.2,1.1,2.7,10.3,666,12.2,0.535,0.424,0.16,3.8,17.8,10.9,4.4,1.2,0.7,10.5,21.1,0.2,0.7,0.9,0.065,-1.5,-1.6,-3.1,-0.2
2005/2006,49500000,62777897,398762,Chicago Bulls,5,CHI,Illinois,East,Central,41,41,0.5,97.8,97.2,0.51,Tim Thomas,SF,28,13975000,18404105,3,0,10.7,2,5.3,0.375,0.3,2,0.167,1.7,3.3,0.5,0.406,0,0,,0,1.3,1.3,0.7,0,0.3,0.3,0.3,4.3,32,8.5,0.406,0.375,0,0,14.3,7.2,11,0,2.4,5.9,24,-0.1,0,0,-0.031,-5.1,-2.1,-7.2,0
2005/2006,49500000,62777897,398762,Phoenix Suns,24,PHO,Arizona,West,Pacific,54,28,0.659,108.4,102.8,5.48,Tim Thomas,PF,28,13975000,18404105,26,10,24.4,4.1,9.5,0.435,1.7,4,0.429,2.4,5.4,0.44,0.526,1.1,1.6,0.667,0.8,4,4.9,0.7,0.6,0.2,1.2,3,11,634,12.4,0.543,0.427,0.171,3.9,18,11.1,4.1,1.3,0.7,10.8,21,0.2,0.7,0.9,0.069,-1.3,-1.6,-2.9,-0.1
2005/2006,49500000,62777897,398762,Phoenix Suns,24,PHO,Arizona,West,Pacific,54,28,0.659,108.4,102.8,5.48,Dijon Thompson,SG,22,398762,525141,10,0,4.3,1.1,2.5,0.44,0.4,1.1,0.364,0.7,1.4,0.5,0.52,0.2,0.2,1,0.4,0.7,1.1,0.1,0.3,0.1,0.2,0.6,2.8,43,22,0.541,0.44,0.08,10.6,17.7,14.2,3.9,3.5,1.6,7.2,29.1,0.1,0.1,0.1,0.146,1.5,-2.5,-1.1,0
2005/2006,49500000,62777897,398762,Indiana Pacers,12,IND,Indiana,East,Central,41,41,0.5,93.9,92,1.62,Jamaal Tinsley,PG,27,5400000,7111425,42,27,26.7,3.8,9.2,0.409,0.4,1.7,0.229,3.4,7.5,0.449,0.43,1.4,2.2,0.637,0.8,2.3,3.2,5,1.2,0.1,2.6,2.3,9.3,1122,12.1,0.458,0.181,0.236,3.7,9.8,6.8,33.3,2.3,0.4,20.4,22.2,-0.8,1.5,0.7,0.031,-1.8,0.5,-1.3,0.2
2005/2006,49500000,62777897,398762,Memphis Grizzlies,15,MEM,Tennessee,West,Southwest,49,33,0.598,92.2,88.5,3.74,Jake Tsakalidis,C,26,2900000,3811180,51,19,14.4,2,3.2,0.606,0,0,,2,3.2,0.606,0.606,1.1,1.7,0.655,1.5,2.6,4.2,0.3,0.3,0.6,0.8,2.1,5,732,17.3,0.632,0,0.527,13.1,22,17.6,3.2,1.1,3.5,16.1,16.1,1.5,1.4,2.8,0.186,-1.5,0.6,-0.9,0.2
2005/2006,49500000,62777897,398762,#N/A,#N/A,TOT,#N/A,#N/A,#N/A,#N/A,#N/A,#N/A,#N/A,#N/A,#N/A,Nikoloz Tskitishvili,SF-PF,22,745248,981439,17,0,5.8,0.8,2.2,0.351,0.1,0.2,0.333,0.7,2,0.353,0.365,0.5,0.8,0.643,0.5,0.8,1.3,0.2,0.1,0.1,0.4,0.5,2.1,99,8.3,0.417,0.081,0.378,10.3,14.4,12.4,4.2,0.5,1.4,12.2,22.4,-0.1,0.1,0,-0.023,-6.7,-3,-9.7,-0.2
2005/2006,49500000,62777897,398762,Minnesota Timberwolves,18,MIN,Minnesota,West,Northwest,33,49,0.402,91.7,93.6,-1.75,Nikoloz Tskitishvili,PF,22,745248,981439,5,0,2.6,0.2,0.8,0.25,0,0,,0.2,0.8,0.25,0.25,0.2,0.4,0.5,0,0.4,0.4,0,0,0,0.4,0,0.6,13,-6.7,0.307,0,0.5,0,18,9.2,0,0,0,29.1,25.1,-0.1,0,-0.1,-0.331,-18.7,-6,-24.7,-0.1
2005/2006,49500000,62777897,398762,Phoenix Suns,24,PHO,Arizona,West,Pacific,54,28,0.659,108.4,102.8,5.48,Nikoloz Tskitishvili,SF,22,745248,981439,12,0,7.2,1,2.8,0.364,0.1,0.3,0.333,0.9,2.5,0.367,0.379,0.7,1,0.667,0.8,0.9,1.7,0.3,0.1,0.2,0.3,0.7,2.8,86,10.6,0.431,0.091,0.364,11.9,13.9,12.9,4.8,0.6,1.6,9.5,22,0,0.1,0,0.024,-4.9,-2.5,-7.4,-0.1
2005/2006,49500000,62777897,398762,Los Angeles Lakers,14,LAL,California,West,Pacific,45,37,0.549,99.4,96.9,2.53,Ronny Turiaf,C,23,#N/A,#N/A,23,1,7,0.7,1.3,0.5,0,0,,0.7,1.3,0.5,0.5,0.7,1.2,0.556,0.5,1.1,1.6,0.3,0.1,0.4,0.3,1.3,2,161,12.2,0.537,0,0.9,8.1,19,13.5,7.5,1,4.7,14.3,13.8,0.2,0.2,0.4,0.115,-3.6,1.4,-2.2,0
2005/2006,49500000,62777897,398762,Orlando Magic,22,ORL,Florida,East,Southeast,36,46,0.439,94.9,96,-1.26,Hidayet Turkoglu,SF,26,5393300,7102601,78,59,33.5,5.1,11.2,0.454,1.5,3.6,0.403,3.6,7.6,0.478,0.519,3.3,3.8,0.861,0.9,3.4,4.3,2.8,0.9,0.3,1.7,3,14.9,2615,16.7,0.578,0.323,0.338,3.4,12.1,7.9,14.3,1.5,0.6,11.4,20.6,5.8,1.9,7.6,0.14,3,-0.7,2.3,2.8
2005/2006,49500000,62777897,398762,New York Knicks,20,NYK,New York,East,Atlantic,23,59,0.28,95.6,102,-6.3,Ime Udoka,SF,28,#N/A,#N/A,8,0,14.3,1.1,3,0.375,0.1,0.4,0.333,1,2.6,0.381,0.396,0.4,0.8,0.5,0.4,1.8,2.1,0.8,0.1,0,0.3,1,2.8,114,6.1,0.413,0.125,0.25,3.2,15.1,9.1,8.4,0.5,0,7,11.4,0,0,0,0.001,-3.8,-1.6,-5.4,-0.1
2005/2006,49500000,62777897,398762,San Antonio Spurs,27,SAS,Texas,West,Southwest,63,19,0.768,95.6,88.8,6.69,Beno Udrih,PG,23,904800,1191558,54,3,10.9,2,4.3,0.455,0.4,1.3,0.343,1.5,3,0.503,0.506,0.7,0.9,0.78,0.3,0.6,1,1.7,0.3,0,1,1,5.1,586,15.3,0.539,0.3,0.215,3.7,6.7,5.2,27.3,1.3,0.2,17.2,25.1,0.5,0.8,1.3,0.109,0.3,-2,-1.7,0
2005/2006,49500000,62777897,398762,San Antonio Spurs,27,SAS,Texas,West,Southwest,63,19,0.768,95.6,88.8,6.69,Nick Van Exel,PG,34,1138500,1499325,65,2,15.2,2.1,5.3,0.397,0.8,2.4,0.357,1.2,2.9,0.429,0.477,0.4,0.6,0.683,0.1,1.3,1.4,1.9,0.2,0,0.9,0.9,5.5,986,11,0.492,0.449,0.12,0.7,9.9,5.5,20.2,0.9,0.2,13.6,20.2,0.1,1.3,1.4,0.07,-1.4,-1.4,-2.8,-0.2
2005/2006,49500000,62777897,398762,Dallas Mavericks,7,DAL,Texas,West,Southwest,60,22,0.732,99.1,93.1,5.96,Keith Van Horn,SF,30,15694250,20668237,53,0,20.6,3.1,7.3,0.424,0.9,2.6,0.368,2.2,4.7,0.454,0.488,1.8,2.1,0.832,1,2.6,3.6,0.7,0.6,0.2,1.3,2.3,8.9,1090,13.8,0.54,0.351,0.292,6.1,15,10.6,5.7,1.6,0.8,14,21.8,1.1,1.2,2.3,0.101,0.1,-1.6,-1.5,0.1
2005/2006,49500000,62777897,398762,Cleveland Cavaliers,6,CLE,Ohio,East,Central,50,32,0.61,97.6,95.4,2.17,Anderson Varejao,C,23,866800,1141515,48,4,15.8,1.6,3.1,0.527,0,0,0,1.6,3.1,0.53,0.527,1.3,2.5,0.513,1.6,3.3,4.9,0.4,0.6,0.4,0.6,2.5,4.6,760,14.8,0.541,0.007,0.793,11.9,24.8,18.3,4,2.2,1.9,11.8,14,1.1,1.3,2.3,0.146,-1.9,1.2,-0.6,0.3
2005/2006,49500000,62777897,398762,New Jersey Nets,3,NJN,New Jersey,East,Atlantic,49,33,0.598,93.8,92.4,1.11,Jacque Vaughn,SG,30,1094550,1441446,80,6,15.4,1.3,3.1,0.437,0,0.1,0.167,1.3,3,0.444,0.439,0.7,1,0.728,0.2,0.9,1.1,1.5,0.5,0,0.7,1.8,3.4,1234,7.5,0.488,0.024,0.331,1.5,7.2,4.3,16.2,1.8,0.1,15.6,12.7,0,1.5,1.5,0.06,-4.6,0,-4.6,-0.8
2005/2006,49500000,62777897,398762,Toronto Raptors,28,TOR,Ontario,East,Atlantic,27,55,0.329,101.1,104,-3.03,Charlie Villanueva,PF,21,2360880,3109115,81,36,29.1,5.4,11.6,0.463,0.9,2.6,0.327,4.5,9,0.503,0.5,1.4,2,0.706,2.2,4.2,6.4,1.1,0.7,0.8,1.2,3,13,2361,16.4,0.521,0.228,0.17,9,18.4,13.5,6.5,1.3,2.1,8.9,21.7,2.9,1,3.9,0.079,0.3,-1.3,-1,0.6
2005/2006,49500000,62777897,398762,Charlotte Bobcats,4,CHA,North Carolina,East,Southeast,26,56,0.317,96.9,100.9,-3.9,Jake Voskuhl,C,28,1937500,2551553,51,2,16,2.2,5.1,0.437,0,0.1,0.333,2.2,5.1,0.438,0.439,0.8,1.2,0.683,1.2,2.4,3.6,0.8,0.5,0.5,0.6,3.1,5.3,818,11,0.47,0.011,0.23,8.3,18.3,13,7.9,1.6,2.2,10.3,17.4,0.2,0.9,1,0.061,-3.3,0.7,-2.7,-0.1
2005/2006,49500000,62777897,398762,New Orleans/Oklahoma City Hornets,19,NOK,Oklahoma,West,Southwest,38,44,0.463,92.8,95.6,-2.51,Jackson Vroman,PF,24,682051,898213,41,2,9.9,0.6,1.6,0.394,0,0,,0.6,1.6,0.394,0.394,0.5,1.1,0.477,0.8,1.3,2.1,0.3,0.3,0.3,0.5,1.9,1.8,406,5.9,0.428,0,0.667,9.4,16,12.6,4.2,1.6,2.2,19.7,12.2,-0.3,0.4,0.1,0.014,-5.1,1.1,-3.9,-0.2
2005/2006,49500000,62777897,398762,Los Angeles Lakers,14,LAL,California,West,Pacific,45,37,0.549,99.4,96.9,2.53,Sasha Vujacic,PG,21,910440,1198986,82,4,17.7,1.3,3.8,0.346,0.7,2.1,0.343,0.6,1.7,0.35,0.441,0.6,0.6,0.885,0.4,1.5,1.9,1.7,0.6,0,0.6,1.8,3.9,1449,8.4,0.479,0.551,0.167,2.7,10.2,6.5,14.1,1.7,0.2,13,12.1,0.8,1.2,2,0.066,-1.6,-0.8,-2.4,-0.1
2005/2006,49500000,62777897,398762,Miami Heat,16,MIA,Florida,East,Southeast,52,30,0.634,99.9,96,3.59,Dwyane Wade,SG,24,3031920,3992828,75,75,38.6,9.3,18.8,0.495,0.2,1,0.171,9.1,17.8,0.513,0.499,8.4,10.7,0.783,1.4,4.3,5.7,6.7,1.9,0.8,3.6,2.9,27.2,2892,27.6,0.577,0.054,0.568,4.5,12.6,8.7,33,2.6,1.5,13.2,32.5,10.2,4.2,14.4,0.239,5.9,1.6,7.5,7
2005/2006,49500000,62777897,398762,Los Angeles Lakers,14,LAL,California,West,Pacific,45,37,0.549,99.4,96.9,2.53,Von Wafer,SG,20,398762,525141,16,0,4.6,0.4,2.4,0.158,0.1,1.1,0.118,0.3,1.3,0.19,0.184,0.4,0.5,0.75,0.3,0.2,0.5,0.3,0.2,0,0.1,0.8,1.3,73,-1.6,0.241,0.447,0.211,8.1,4.8,6.4,8.2,2.2,0,2.4,26.6,-0.3,0.1,-0.3,-0.174,-7.4,-4.8,-12.2,-0.2
2005/2006,49500000,62777897,398762,Miami Heat,16,MIA,Florida,East,Southeast,52,30,0.634,99.9,96,3.59,Antoine Walker,PF,29,6880000,9060482,82,19,26.8,4.8,11,0.435,1.7,4.7,0.358,3.1,6.3,0.493,0.512,1,1.6,0.628,1.3,3.9,5.1,2,0.6,0.4,1.8,2.3,12.2,2199,14.4,0.524,0.427,0.144,5.8,16.3,11.3,12.8,1.1,1,13.6,23.2,1.1,2.5,3.6,0.08,0.6,-0.6,0,1.1
2005/2006,49500000,62777897,398762,Indiana Pacers,12,IND,Indiana,East,Central,41,41,0.5,93.9,92,1.62,Samaki Walker,PF,29,364223,479656,7,0,3.1,0,0.3,0,0,0,,0,0.3,0,0,0.3,0.3,1,0,0.4,0.4,0,0,0.1,0.3,1,0.3,22,-6.2,0.347,0,1,0,15.3,7.9,0,0,3.3,41,10.3,-0.1,0,0,-0.091,-12.5,0.3,-12.3,-0.1
2005/2006,49500000,62777897,398762,Detroit Pistons,9,DET,Michigan,East,Central,64,18,0.78,96.8,90.2,6.24,Ben Wallace,C,31,7500000,9876979,82,82,35.2,2.9,5.7,0.51,0,0,0,2.9,5.6,0.514,0.51,1.5,3.6,0.416,3.7,7.6,11.3,1.9,1.8,2.2,1.1,2,7.3,2890,17.5,0.501,0.009,0.637,12.2,25.9,19,8.2,2.8,4.6,12.9,11.2,3.3,6.9,10.1,0.168,-0.6,6.4,5.8,5.7
2005/2006,49500000,62777897,398762,Charlotte Bobcats,4,CHA,North Carolina,East,Southeast,26,56,0.317,96.9,100.9,-3.9,Gerald Wallace,SF,23,5000000,6584652,55,52,34.5,5.8,10.7,0.538,0.3,0.9,0.28,5.5,9.8,0.562,0.55,3.4,5.6,0.614,2.2,5.3,7.5,1.7,2.5,2.1,1.8,2.7,15.2,1895,21.3,0.578,0.085,0.52,7.1,18.9,12.6,8.8,3.7,4.7,12,19.3,3,3.4,6.4,0.163,1.1,4.7,5.8,3.7
2005/2006,49500000,62777897,398762,Detroit Pistons,9,DET,Michigan,East,Central,64,18,0.78,96.8,90.2,6.24,Rasheed Wallace,PF,31,10860000,14301866,80,80,34.8,5.7,13.3,0.43,1.9,5.4,0.357,3.8,7.9,0.48,0.503,1.7,2.3,0.743,1.1,5.7,6.8,2.3,1,1.6,1.1,2.9,15.1,2780,17.6,0.527,0.407,0.172,3.8,19.8,11.7,11.2,1.6,3.4,6.9,21.1,4,4.9,8.9,0.154,1.5,2,3.5,3.9
2005/2006,49500000,62777897,398762,Miami Heat,16,MIA,Florida,East,Southeast,52,30,0.634,99.9,96,3.59,Matt Walsh,SG,23,38904,51233,2,0,1.5,0.5,0.5,1,0,0,,0.5,0.5,1,1,0,1,0,0,0,0,0,0,0,0.5,0,1,3,-2.4,0.532,0,2,0,0,0,0,0,0,34.7,44.3,0,0,0,-0.642,-17.7,-8.2,-25.9,0
2005/2006,49500000,62777897,398762,Los Angeles Lakers,14,LAL,California,West,Pacific,45,37,0.549,99.4,96.9,2.53,Luke Walton,SF,25,1250000,1646163,69,6,19.3,2,4.8,0.412,0.3,0.8,0.327,1.7,4,0.429,0.439,0.8,1.1,0.75,1.3,2.3,3.6,2.3,0.6,0.2,1.1,1.7,5,1333,11.6,0.477,0.168,0.232,7.8,14,10.9,17.9,1.6,0.9,17.7,15,0.6,1.3,2,0.071,-1.8,0.4,-1.3,0.2
2005/2006,49500000,62777897,398762,Memphis Grizzlies,15,MEM,Tennessee,West,Southwest,49,33,0.598,92.2,88.5,3.74,Hakim Warrick,PF,23,1196520,1575733,68,2,10.6,1.5,3.4,0.443,0,0,,1.5,3.4,0.443,0.443,1.1,1.7,0.661,0.6,1.5,2.1,0.4,0.2,0.3,0.8,1.7,4.1,724,11,0.499,0,0.504,7.3,16.8,12.1,7.5,1.1,2.3,16.7,22.5,-0.3,1.1,0.8,0.053,-5.3,-0.3,-5.5,-0.6
2005/2006,49500000,62777897,398762,#N/A,#N/A,TOT,#N/A,#N/A,#N/A,#N/A,#N/A,#N/A,#N/A,#N/A,#N/A,Earl Watson,PG,26,5000000,6584652,70,10,22.5,3.1,7.3,0.43,1.6,3.9,0.404,1.6,3.4,0.46,0.538,1.1,1.6,0.676,0.3,1.9,2.3,4.1,1,0.1,1.9,2.3,8.9,1578,14.6,0.558,0.534,0.218,1.8,10.1,5.9,29,2.2,0.5,19.6,19.7,1.7,1,2.7,0.081,1.7,-1.8,-0.1,0.8
2005/2006,49500000,62777897,398762,Denver Nuggets,8,DEN,Colorado,West,Northwest,44,38,0.537,100.3,100.1,0.36,Earl Watson,PG,26,5000000,6584652,46,10,21.2,2.6,6.1,0.429,1.5,3.7,0.395,1.2,2.4,0.482,0.55,0.8,1.3,0.627,0.4,1.5,1.9,3.5,0.8,0.2,1.6,2.1,7.5,975,12.8,0.563,0.61,0.209,2.1,8.2,5.2,25.3,1.9,0.5,19.6,17.6,0.8,0.8,1.6,0.08,1.1,-1.6,-0.5,0.4
2005/2006,49500000,62777897,398762,Seattle SuperSonics,21,SEA,Washington,West,Northwest,35,47,0.427,102.6,105.6,-2.88,Earl Watson,PG,26,5000000,6584652,24,0,25.1,4.1,9.5,0.432,1.8,4.2,0.42,2.3,5.3,0.441,0.524,1.6,2.2,0.731,0.3,2.7,3,5.4,1.3,0.1,2.5,2.7,11.5,603,17.3,0.552,0.441,0.229,1.4,13.2,7.2,34.9,2.7,0.4,19.6,23.1,0.9,0.1,1.1,0.084,2.9,-2.2,0.7,0.4
2005/2006,49500000,62777897,398762,Philadelphia 76ers,23,PHI,Pennsylvania,East,Atlantic,38,44,0.463,99.4,101.3,-2.1,Chris Webber,PF,32,19125000,25186297,75,75,38.6,8.2,19,0.434,0.3,1,0.273,7.9,17.9,0.443,0.441,3.5,4.6,0.756,2.5,7.4,9.9,3.4,1.4,0.8,2.4,2.9,20.2,2893,18.4,0.482,0.054,0.245,7.4,22.6,15,16.4,1.8,1.6,10.4,27.7,1.1,3.3,4.4,0.074,-0.9,0.5,-0.4,1.2
2005/2006,49500000,62777897,398762,Portland Trail Blazers,25,POR,Oregon,West,Northwest,21,61,0.256,88.8,98.3,-8.91,Martell Webster,SF,19,2586120,3405740,61,18,17.5,2.3,5.7,0.399,1.1,3,0.357,1.2,2.7,0.446,0.493,1,1.2,0.859,0.5,1.7,2.1,0.6,0.3,0.2,0.7,1.5,6.6,1070,11.6,0.533,0.523,0.204,3.2,11.5,7.3,5.5,1.1,1,10.2,18.7,0.8,0.1,0.9,0.039,-0.2,-3,-3.2,-0.3
2005/2006,49500000,62777897,398762,Sacramento Kings,26,SAC,California,West,Pacific,44,38,0.537,98.9,97.3,1.61,Bonzi Wells,SG,29,8000000,10535444,52,41,32.4,5.5,11.8,0.463,0.2,0.9,0.222,5.3,10.9,0.482,0.471,2.5,3.7,0.679,2.7,5,7.7,2.8,1.8,0.5,2.4,3,13.6,1684,16.6,0.507,0.073,0.31,10,17.8,13.9,14.8,2.9,1.1,15.3,22.4,0.7,2.7,3.4,0.096,-0.4,2.2,1.8,1.6
2005/2006,49500000,62777897,398762,Milwaukee Bucks,17,MIL,Wisconsin,East,Central,40,42,0.488,97.8,98.8,-1.07,Jiri Welsch,SF,26,2177114,2867108,58,2,14.9,1.5,3.8,0.387,0.2,0.8,0.286,1.2,3,0.416,0.419,1.1,1.5,0.747,0.4,1.5,1.9,1.1,0.6,0,0.7,1.1,4.3,866,9.8,0.482,0.221,0.392,3,12.4,7.6,11,2.1,0.1,13.6,15.9,0.1,0.7,0.8,0.043,-2.9,-0.3,-3.2,-0.3
2005/2006,49500000,62777897,398762,Houston Rockets,11,HOU,Texas,West,Southwest,34,48,0.415,90.1,91.7,-1.3,David Wesley,SG,35,5070000,6676838,71,59,33.4,3.2,7.9,0.403,1.4,3.8,0.365,1.8,4.1,0.438,0.491,2.1,2.6,0.807,0.3,2.2,2.5,2.9,0.8,0.1,1.7,3,9.9,2372,9.6,0.546,0.483,0.333,1.2,7.5,4.4,14.6,1.4,0.2,15.7,15.3,1.4,2.2,3.6,0.072,-0.6,-0.1,-0.7,0.8
2005/2006,49500000,62777897,398762,New Orleans/Oklahoma City Hornets,19,NOK,Oklahoma,West,Southwest,38,44,0.463,92.8,95.6,-2.51,David West,PF,25,1334160,1756996,74,74,34.1,7.2,14,0.512,0,0.1,0.273,7.1,13.9,0.514,0.513,2.7,3.2,0.843,2.3,5.1,7.4,1.2,0.8,0.9,1.4,2.9,17.1,2526,19.7,0.554,0.011,0.228,7.7,18.4,12.9,7.2,1.3,2.1,8.4,23,4.8,2.6,7.4,0.141,0.9,0.1,1,1.9
2005/2006,49500000,62777897,398762,Boston Celtics,2,BOS,Massachusetts,East,Atlantic,33,49,0.402,98,99.5,-1.59,Delonte West,PG,22,1010040,1330152,71,71,34.1,4.7,9.6,0.487,1.2,3.1,0.385,3.5,6.6,0.534,0.548,1.2,1.4,0.851,0.8,3.3,4.1,4.6,1.2,0.6,1.9,2.8,11.8,2418,15.1,0.574,0.319,0.148,2.9,11.4,7.3,22.5,1.8,1.5,15.4,16.4,3.6,2.1,5.7,0.114,1.6,0.4,1.9,2.4
2005/2006,49500000,62777897,398762,Utah Jazz,29,UTA,Utah,West,Northwest,41,41,0.5,92.4,95,-2.49,Robert Whaley,C,23,398762,525141,23,0,9.2,1,2.5,0.404,0,0,,1,2.5,0.404,0.404,0.1,0.3,0.5,0.7,1.2,1.9,0.7,0.3,0.3,0.6,1.8,2.1,212,7.6,0.411,0,0.105,9.1,15.6,12.3,13.8,1.8,3.1,19,16.1,-0.2,0.3,0,0.004,-4.7,1.3,-3.5,-0.1
2005/2006,49500000,62777897,398762,#N/A,#N/A,TOT,#N/A,#N/A,#N/A,#N/A,#N/A,#N/A,#N/A,#N/A,#N/A,Chris Wilcox,C-PF,23,2812239,3703523,77,24,19.9,3.3,5.8,0.571,0,0,0,3.3,5.8,0.574,0.571,1.5,2,0.732,1.5,3.8,5.3,0.7,0.4,0.4,0.9,2.4,8.1,1529,17.3,0.605,0.004,0.34,9.3,22.5,15.9,5.7,1.1,1.7,12.2,17.5,3.2,1.2,4.4,0.138,-0.1,-0.8,-0.9,0.4
2005/2006,49500000,62777897,398762,Los Angeles Clippers,13,LAC,California,West,Pacific,47,35,0.573,97.2,95.6,1.75,Chris Wilcox,C,23,2812239,3703523,48,1,13.7,1.9,3.5,0.536,0,0,0,1.9,3.5,0.542,0.536,0.8,1.2,0.644,1,2.6,3.6,0.4,0.3,0.4,0.7,2.1,4.5,657,13.2,0.562,0.012,0.351,8.5,21.5,15.3,4.4,1.2,2.4,14.2,15.9,0.6,1,1.6,0.119,-2.7,0.4,-2.3,0
2005/2006,49500000,62777897,398762,Seattle SuperSonics,21,SEA,Washington,West,Northwest,35,47,0.427,102.6,105.6,-2.88,Chris Wilcox,PF,23,2812239,3703523,29,23,30.1,5.8,9.7,0.592,0,0,,5.8,9.7,0.592,0.592,2.6,3.2,0.787,2.5,5.7,8.2,1.2,0.6,0.4,1.4,2.8,14.1,872,20.4,0.631,0,0.333,9.8,23.2,16.4,6.7,1.1,1.1,11,18.7,2.6,0.2,2.8,0.153,1.9,-1.7,0.2,0.5
2005/2006,49500000,62777897,398762,Seattle SuperSonics,21,SEA,Washington,West,Northwest,35,47,0.427,102.6,105.6,-2.88,Damien Wilkins,SF,26,2500000,3292326,82,12,18.6,2.4,5.3,0.444,0.2,0.7,0.25,2.2,4.6,0.472,0.46,1.7,2,0.84,1,1.4,2.3,1.3,0.9,0.1,1,1.8,6.5,1525,13.1,0.529,0.129,0.372,6.2,9.1,7.6,10.8,2.5,0.6,14.4,17.4,1.7,0.1,1.7,0.054,-0.2,-1.3,-1.5,0.2
2005/2006,49500000,62777897,398762,#N/A,#N/A,TOT,#N/A,#N/A,#N/A,#N/A,#N/A,#N/A,#N/A,#N/A,#N/A,Mike Wilks,PG,26,745248,981439,47,0,7.4,0.6,1.9,0.322,0.1,0.4,0.158,0.6,1.5,0.366,0.339,0.5,0.9,0.61,0.2,0.6,0.8,0.7,0.3,0,0.5,0.7,1.8,348,5.8,0.398,0.211,0.456,3.1,10.4,6.7,13.9,2.1,0.2,18.2,17.3,-0.5,0.2,-0.3,-0.042,-5.3,-1,-6.3,-0.4
2005/2006,49500000,62777897,398762,Cleveland Cavaliers,6,CLE,Ohio,East,Central,50,32,0.61,97.6,95.4,2.17,Mike Wilks,PG,26,745248,981439,37,0,6.6,0.5,1.6,0.288,0.1,0.4,0.143,0.4,1.2,0.333,0.305,0.2,0.3,0.5,0.2,0.6,0.7,0.5,0.2,0,0.4,0.7,1.1,243,2,0.327,0.237,0.203,2.9,10.3,6.6,11.2,1.8,0.3,18.9,15.1,-0.6,0.2,-0.4,-0.075,-7,-0.4,-7.3,-0.3
2005/2006,49500000,62777897,398762,Seattle SuperSonics,21,SEA,Washington,West,Northwest,35,47,0.427,102.6,105.6,-2.88,Mike Wilks,PG,26,745248,981439,10,0,10.5,1.2,3.1,0.387,0.1,0.5,0.2,1.1,2.6,0.423,0.403,1.9,2.9,0.655,0.3,0.9,1.2,1.4,0.6,0,0.9,0.7,4.4,105,14.6,0.503,0.161,0.935,3.4,10.5,6.9,20.2,3,0,17.1,22.5,0.1,0,0.1,0.035,-1.4,-2.4,-3.8,0
2005/2006,49500000,62777897,398762,#N/A,#N/A,TOT,#N/A,#N/A,#N/A,#N/A,#N/A,#N/A,#N/A,#N/A,#N/A,Aaron Williams,C,34,3375000,4444640,48,5,16.5,1.9,3.7,0.517,0,0,,1.9,3.7,0.517,0.517,0.8,1.2,0.69,1.3,2.4,3.8,0.4,0.4,0.4,0.6,2.9,4.6,791,11.6,0.551,0,0.33,9.4,18.2,13.6,3.6,1.2,2.2,13,13.7,0.8,0.8,1.6,0.096,-2.2,0.2,-2,0
2005/2006,49500000,62777897,398762,Toronto Raptors,28,TOR,Ontario,East,Atlantic,27,55,0.329,101.1,104,-3.03,Aaron Williams,C,34,3375000,4444640,14,3,7.1,0.7,1.4,0.526,0,0,,0.7,1.4,0.526,0.526,0.4,0.4,0.833,0.4,0.7,1.1,0.1,0.3,0.2,0.4,2,1.8,99,7.2,0.578,0,0.316,5.9,12.9,9.3,1.5,2.1,2.4,18.8,12.4,0,0.1,0.1,0.048,-3.6,-0.5,-4.2,-0.1
2005/2006,49500000,62777897,398762,New Orleans/Oklahoma City Hornets,19,NOK,Oklahoma,West,Southwest,38,44,0.463,92.8,95.6,-2.51,Aaron Williams,C,34,3375000,4444640,34,2,20.4,2.4,4.6,0.516,0,0,,2.4,4.6,0.516,0.516,1,1.5,0.673,1.7,3.1,4.9,0.5,0.4,0.5,0.7,3.2,5.8,692,12.2,0.548,0,0.331,9.9,18.9,14.3,3.9,1,2.1,12.2,13.8,0.8,0.7,1.5,0.103,-2,0.3,-1.7,0.1
2005/2006,49500000,62777897,398762,Toronto Raptors,28,TOR,Ontario,East,Atlantic,27,55,0.329,101.1,104,-3.03,Alvin Williams,PG,31,6300000,8296662,1,0,10,0,3,0,0,2,0,0,1,0,0,1,2,0.5,0,3,3,0,0,0,0,0,1,10,-4.7,0.129,0.667,0.667,0,38.3,18.3,0,0,0,0,17.9,-0.1,0,-0.1,-0.278,-14.9,-8.5,-23.4,-0.1
2005/2006,49500000,62777897,398762,Utah Jazz,29,UTA,Utah,West,Northwest,41,41,0.5,92.4,95,-2.49,Deron Williams,PG,21,3487400,4592663,80,47,28.8,4.2,10.1,0.421,1.1,2.7,0.416,3.1,7.3,0.423,0.478,1.2,1.7,0.704,0.4,2,2.4,4.5,0.8,0.2,1.8,2.9,10.8,2307,12.4,0.5,0.272,0.168,1.8,8.4,5.1,28.6,1.4,0.6,14.4,20.3,1.5,1.3,2.8,0.059,0.1,-2.4,-2.3,-0.2
2005/2006,49500000,62777897,398762,Toronto Raptors,28,TOR,Ontario,East,Atlantic,27,55,0.329,101.1,104,-3.03,Eric Williams,SF,33,3938000,5186072,28,11,12.6,1,2.7,0.387,0.2,0.6,0.278,0.9,2,0.421,0.42,1,1.4,0.737,0.4,1.4,1.8,0.5,0.3,0.1,0.5,2,3.3,352,6.8,0.496,0.24,0.507,3.3,14.5,8.7,6.3,1,0.4,14.1,14,0,0,0.1,0.011,-3.4,-1.9,-5.3,-0.3
2005/2006,49500000,62777897,398762,Miami Heat,16,MIA,Florida,East,Southeast,52,30,0.634,99.9,96,3.59,Jason Williams,PG,30,7562500,9959287,59,56,31.8,4.5,10.3,0.442,1.8,4.9,0.372,2.7,5.4,0.506,0.531,1.4,1.7,0.867,0.1,2.3,2.4,4.9,0.9,0.1,1.7,1.7,12.3,1874,15,0.561,0.475,0.162,0.4,8,4.4,24.5,1.5,0.2,13.3,18.5,3.2,1.6,4.8,0.124,2.1,-1.6,0.4,1.2
2005/2006,49500000,62777897,398762,Philadelphia 76ers,23,PHI,Pennsylvania,East,Atlantic,38,44,0.463,99.4,101.3,-2.1,Louis Williams,PG,19,450000,592618,30,0,4.8,0.8,1.7,0.442,0.1,0.3,0.222,0.7,1.4,0.488,0.462,0.3,0.4,0.615,0.1,0.5,0.6,0.3,0.2,0,0.4,0.4,1.9,145,9,0.485,0.173,0.25,2.4,12.9,7.7,11.6,1.8,0,18.4,22.2,-0.2,0.1,-0.1,-0.036,-5.3,-2.8,-8.1,-0.2
2005/2006,49500000,62777897,398762,Atlanta Hawks,1,ATL,Georgia,East,Southeast,26,56,0.317,97.2,102,-4.69,Marvin Williams,PF,19,3883560,5114378,79,7,24.7,3,6.7,0.443,0.2,0.7,0.245,2.8,6.1,0.464,0.455,2.4,3.2,0.747,1.5,3.3,4.8,0.8,0.6,0.3,1.1,2.9,8.5,1952,12.2,0.523,0.1,0.476,7.3,16.5,11.8,5.2,1.3,0.9,11.4,16.9,2.1,0.7,2.8,0.069,-1.7,-1.9,-3.7,-0.8
2005/2006,49500000,62777897,398762,Milwaukee Bucks,17,MIL,Wisconsin,East,Central,40,42,0.488,97.8,98.8,-1.07,Maurice Williams,PG,23,1760000,2317797,58,12,26.4,4.6,10.8,0.424,1.3,3.3,0.382,3.3,7.6,0.443,0.483,1.7,1.9,0.85,0.5,1.9,2.5,4,0.9,0.1,1.8,2.5,12.1,1531,15,0.518,0.304,0.18,2.3,8.9,5.5,26.1,1.8,0.4,13.4,23.4,1.5,1,2.5,0.079,1.2,-1.7,-0.6,0.6
2005/2006,49500000,62777897,398762,Sacramento Kings,26,SAC,California,West,Pacific,44,38,0.537,98.9,97.3,1.61,Corliss Williamson,SF,32,6000000,7901583,37,0,9.8,1.2,2.8,0.417,0.1,0.1,1,1.1,2.7,0.406,0.427,1,1.3,0.776,0.6,1.2,1.8,0.4,0.2,0.1,0.8,1.5,3.4,362,8.1,0.506,0.019,0.476,6.9,14.7,10.8,6.2,1,0.8,19.4,19.6,-0.2,0.4,0.2,0.021,-5.6,-1.5,-7.1,-0.5
2005/2006,49500000,62777897,398762,Toronto Raptors,28,TOR,Ontario,East,Atlantic,27,55,0.329,101.1,104,-3.03,Loren Woods,C,27,780000,1027205,27,4,12,1,2.2,0.475,0,0,0,1,2.1,0.483,0.475,0.2,0.5,0.429,1.6,2.4,4.1,0.1,0.3,0.9,0.6,1.8,2.3,324,12.3,0.476,0.017,0.237,15.9,26,20.8,1.8,1.5,5.6,19.7,11.6,0.1,0.3,0.4,0.064,-3.9,1,-2.9,-0.1
2005/2006,49500000,62777897,398762,New York Knicks,20,NYK,New York,East,Atlantic,23,59,0.28,95.6,102,-6.3,Qyntel Woods,SF,24,599834,789939,49,16,20.7,2.6,5.2,0.508,0.4,1.2,0.367,2.2,4,0.552,0.551,1,1.6,0.645,0.9,3,3.9,1,0.7,0.3,1.2,2,6.7,1013,12.4,0.572,0.236,0.299,5.2,17.7,11.4,8,1.7,1.1,17.5,15.6,0.7,0.6,1.3,0.061,-0.7,0,-0.7,0.3
2005/2006,49500000,62777897,398762,#N/A,#N/A,TOT,#N/A,#N/A,#N/A,#N/A,#N/A,#N/A,#N/A,#N/A,#N/A,Metta World Peace,SF,26,6842105,9010577,56,56,39.4,6.3,15.5,0.404,1.4,4.5,0.308,4.9,11,0.443,0.449,3.7,5.4,0.675,1.3,3.8,5.1,3.6,2.2,0.7,2.3,2.9,17.6,2207,15.2,0.491,0.292,0.352,4,11,7.6,15.8,2.9,1.4,11.6,23.6,0.5,3.2,3.7,0.081,0.3,1.3,1.6,2
2005/2006,49500000,62777897,398762,Indiana Pacers,12,IND,Indiana,East,Central,41,41,0.5,93.9,92,1.62,Metta World Peace,SF,26,6842105,9010577,16,16,37.7,6.8,14.8,0.46,1.1,3.4,0.333,5.7,11.4,0.497,0.498,4.6,7.6,0.612,1.6,3.3,4.9,2.2,2.6,0.7,2.7,2.8,19.4,603,18.1,0.534,0.228,0.511,5.1,9.6,7.5,11.1,3.7,1.3,12.9,25.7,0.4,1.1,1.5,0.117,0.9,2,2.9,0.7
2005/2006,49500000,62777897,398762,Sacramento Kings,26,SAC,California,West,Pacific,44,38,0.537,98.9,97.3,1.61,Metta World Peace,SF,26,6842105,9010577,40,40,40.1,6,15.8,0.383,1.5,5,0.302,4.5,10.8,0.42,0.43,3.3,4.6,0.717,1.2,4,5.2,4.2,2,0.8,2.2,3,16.9,1604,14.1,0.474,0.316,0.292,3.6,11.5,7.6,17.6,2.6,1.4,11,22.8,0.1,2.1,2.2,0.067,0,1.1,1.1,1.2
2005/2006,49500000,62777897,398762,New Jersey Nets,3,NJN,New Jersey,East,Atlantic,49,33,0.598,93.8,92.4,1.11,Antoine Wright,SG,21,1461360,1924509,39,0,9.5,0.7,2.1,0.358,0,0.4,0.067,0.7,1.7,0.424,0.364,0.3,0.6,0.5,0.2,0.6,0.8,0.3,0.1,0.1,0.5,1.1,1.8,370,0.7,0.386,0.185,0.272,2.5,7.1,4.8,5.2,0.6,0.7,18.8,14.2,-0.8,0.3,-0.5,-0.062,-8.2,-0.8,-9,-0.7
2005/2006,49500000,62777897,398762,Minnesota Timberwolves,18,MIN,Minnesota,West,Northwest,33,49,0.402,91.7,93.6,-1.75,Bracey Wright,SG,21,398762,525141,7,0,19.3,3,7.3,0.412,0.9,2.4,0.353,2.1,4.9,0.441,0.471,2,2.3,0.875,0.4,2.1,2.6,0.7,0.1,0,1.1,1.1,8.9,135,12.1,0.534,0.333,0.314,2.7,13,8,6.5,0.4,0,12.1,23.2,0.1,0.1,0.2,0.054,-2.2,-3.9,-6.1,-0.1
2005/2006,49500000,62777897,398762,Miami Heat,16,MIA,Florida,East,Southeast,52,30,0.634,99.9,96,3.59,Dorell Wright,SF,20,1238640,1631202,20,2,6.6,1,2.2,0.465,0.2,0.3,0.5,0.9,1.9,0.459,0.5,0.8,0.9,0.882,0.1,1.5,1.6,0.4,0.2,0.1,0.7,0.6,2.9,132,13.2,0.574,0.14,0.395,1.9,25.6,14.3,9.8,1.2,0.6,21.7,22.6,0,0.2,0.2,0.064,-4.8,-0.8,-5.6,-0.1
2005/2006,49500000,62777897,398762,Memphis Grizzlies,15,MEM,Tennessee,West,Southwest,49,33,0.598,92.2,88.5,3.74,Lorenzen Wright,C,30,7700000,10140365,78,58,21.7,2.5,5.2,0.478,0,0,0,2.5,5.2,0.48,0.478,0.8,1.5,0.564,1.8,3.2,5.1,0.6,0.7,0.6,0.9,2.6,5.8,1689,12.2,0.496,0.005,0.288,10.3,18,14.2,4.9,1.7,2.2,12.8,15.1,0.8,3,3.7,0.106,-3,1.6,-1.3,0.3
2005/2006,49500000,62777897,398762,New Jersey Nets,3,NJN,New Jersey,East,Atlantic,49,33,0.598,93.8,92.4,1.11,0,PG,24,#N/A,#N/A,2,0,16,1,1.5,0.667,0,0,,1,1.5,0.667,0.667,0,0,,0.5,1.5,2,3.5,0,0,2,2,2,32,5.5,0.667,0,0,3.6,11.2,7.3,34.2,0,0,57.1,10.3,0,0,0,0.004,-7.1,-2.6,-9.7,-0.1
2004/2005,43870000,57429410.46,385277,Portland Trail Blazers,25,POR,Oregon,West,Northwest,27,55,0.329,92.9,96.9,-3.45,Shareef Abdur-Rahim,PF,28,14625000,19747450,54,49,34.6,6.2,12.4,0.503,0.3,0.7,0.385,6,11.7,0.51,0.514,4.1,4.7,0.866,2.3,5,7.3,2.1,0.9,0.5,2.2,2.8,16.8,1867,18.7,0.581,0.058,0.379,7.9,16,12.1,10.7,1.4,1,13,22.1,3.9,1.5,5.4,0.139,1.4,-0.5,0.8,1.3
2004/2005,43870000,57429410.46,385277,Charlotte Bobcats,4,CHA,North Carolina,East,Southeast,18,64,0.22,94.3,100.2,-6.15,0,SG,31,#N/A,#N/A,16,1,12.6,1,3.1,0.327,0.5,1.2,0.421,0.5,1.9,0.267,0.408,0.6,0.8,0.75,0.5,1.3,1.8,2.3,0.6,0.1,1.2,1.8,3.1,201,8.8,0.451,0.388,0.245,4.3,12.6,8.2,27.7,2.3,0.4,25.9,16.2,-0.2,0.2,0,0.002,-2.9,-0.5,-3.4,-0.1
2004/2005,43870000,57429410.46,385277,#N/A,#N/A,TOT,#N/A,#N/A,#N/A,#N/A,#N/A,#N/A,#N/A,#N/A,#N/A,Malik Allen,PF,26,1950625,2633837,36,1,14.4,2.3,4.9,0.475,0,0,,2.3,4.9,0.475,0.475,0.7,0.8,0.929,1.1,1.6,2.8,0.5,0.3,0.6,0.5,1.5,5.4,519,14.2,0.512,0,0.158,9,13.3,11,5.7,0.9,3.2,8.7,18.1,0.6,0.5,1.1,0.1,-2,-0.3,-2.3,0
2004/2005,43870000,57429410.46,385277,Miami Heat,16,MIA,Florida,East,Southeast,59,23,0.72,101.5,95,5.77,Malik Allen,PF,26,1950625,2633837,14,0,17.7,2.5,5.4,0.461,0,0,,2.5,5.4,0.461,0.461,0.9,1,0.929,1.7,2,3.7,0.8,0.3,0.8,0.8,2.1,5.9,248,13.6,0.505,0,0.184,11.8,12.7,12.2,7,0.9,3.3,11.8,17.5,0.3,0.3,0.6,0.113,-1.7,0.6,-1.1,0.1
2004/2005,43870000,57429410.46,385277,Charlotte Bobcats,4,CHA,North Carolina,East,Southeast,18,64,0.22,94.3,100.2,-6.15,Malik Allen,PF,26,1950625,2633837,22,1,12.3,2.2,4.6,0.485,0,0,,2.2,4.6,0.485,0.485,0.6,0.6,0.929,0.7,1.4,2.1,0.3,0.2,0.5,0.3,1.1,5,271,14.8,0.518,0,0.139,6.4,13.8,9.9,4.6,1,3.1,6.1,18.7,0.3,0.2,0.5,0.088,-2.4,-1,-3.4,-0.1
2004/2005,43870000,57429410.46,385277,Seattle SuperSonics,21,SEA,Washington,West,Northwest,52,30,0.634,98.9,96.6,2.59,Ray Allen,SG,29,14625000,19747450,78,78,39.3,8.2,19.2,0.428,2.7,7.1,0.376,5.5,12,0.459,0.498,4.8,5.5,0.883,1,3.4,4.4,3.7,1.1,0.1,2.2,2.1,23.9,3064,20.9,0.555,0.372,0.286,3.2,10.7,6.9,18.1,1.5,0.1,9.2,28,9.7,1,10.7,0.168,5.6,-1.9,3.7,4.4
2004/2005,43870000,57429410.46,385277,Boston Celtics,2,BOS,Massachusetts,East,Atlantic,45,37,0.549,101.3,100.4,0.35,Tony Allen,SG,23,901920,1217820,77,34,16.4,2.4,5,0.475,0.2,0.4,0.387,2.2,4.6,0.483,0.491,1.5,2,0.737,1.1,1.8,2.9,0.8,1,0.3,1,2,6.4,1262,14.7,0.542,0.08,0.393,8,12.3,10.2,8.2,3.1,1.4,14.5,18.9,1.2,1.6,2.7,0.103,-0.7,0.6,-0.1,0.6
2004/2005,43870000,57429410.46,385277,Toronto Raptors,28,TOR,Ontario,East,Atlantic,33,49,0.402,99.7,101.4,-1.81,Rafer Alston,PG,28,3500000,4725885,80,78,34,5,12.2,0.414,1.7,4.9,0.357,3.3,7.3,0.451,0.485,2.4,3.2,0.74,0.5,3,3.5,6.4,1.5,0.1,2.1,2.7,14.2,2717,16.5,0.522,0.399,0.265,1.7,10.1,5.8,31.7,2.2,0.2,13.5,21.2,3.8,1.7,5.5,0.098,2.6,-1.2,1.5,2.4
2004/2005,43870000,57429410.46,385277,New Orleans Hornets,19,NOH,Louisiana,West,Southwest,18,64,0.22,88.4,95.5,-6.3,Chris Andersen,C,26,1600000,2160404,67,2,21.3,2.9,5.3,0.534,0,0,0,2.9,5.3,0.538,0.534,2,2.8,0.689,2,4.1,6.1,1.1,0.2,1.5,1,2.1,7.7,1430,18.5,0.581,0.008,0.531,10.9,23.6,17,9.1,0.5,5.6,12.7,16.4,2.7,1.8,4.5,0.152,-1.1,2.4,1.2,1.2
2004/2005,43870000,57429410.46,385277,Portland Trail Blazers,25,POR,Oregon,West,Northwest,27,55,0.329,92.9,96.9,-3.45,Derek Anderson,SG,30,8443500,11400861,47,32,26.4,3.2,8.3,0.389,1.2,3.2,0.384,2,5.1,0.392,0.463,1.5,1.9,0.805,0.5,2.2,2.7,3,0.8,0.1,1.5,1.9,9.2,1239,11.7,0.503,0.386,0.223,2.4,9.2,6,18.9,1.6,0.2,14,18.5,0.7,0.6,1.3,0.052,-0.3,-1.8,-2.1,0
2004/2005,43870000,57429410.46,385277,#N/A,#N/A,TOT,#N/A,#N/A,#N/A,#N/A,#N/A,#N/A,#N/A,#N/A,#N/A,Kenny Anderson,PG,34,1100000,1485278,43,20,17.3,2,4.7,0.423,0.1,0.3,0.462,1.8,4.4,0.42,0.438,0.6,0.9,0.73,0.6,1.5,2,2.4,0.8,0,1.1,2,4.7,743,10.1,0.467,0.065,0.184,3.6,10.5,6.9,22.2,2.3,0,18.4,16.1,-0.1,0.3,0.2,0.011,-2.9,-1.5,-4.4,-0.4
2004/2005,43870000,57429410.46,385277,Atlanta Hawks,1,ATL,Georgia,East,Southeast,13,69,0.159,92.7,102.5,-9.62,Kenny Anderson,PG,34,1100000,1485278,39,20,18.4,2.1,4.9,0.426,0.2,0.3,0.462,1.9,4.5,0.424,0.442,0.7,0.9,0.73,0.6,1.5,2.1,2.5,0.8,0,1.2,2.1,5,717,10.4,0.473,0.068,0.195,3.6,10.3,6.7,21.8,2.4,0,18.2,15.8,0,0.3,0.2,0.016,-2.7,-1.5,-4.2,-0.4
2004/2005,43870000,57429410.46,385277,Los Angeles Clippers,13,LAC,California,West,Pacific,37,45,0.451,95.7,96.5,-0.47,Kenny Anderson,PG,34,1100000,1485278,4,0,6.5,1,2.8,0.364,0,0,,1,2.8,0.364,0.364,0,0,,0.3,1,1.3,1.3,0,0,0.8,1.5,2,26,2.9,0.364,0,0,4.8,17.9,11.5,33.4,0,0,21.4,24.9,-0.1,0,-0.1,-0.125,-6.8,-2.6,-9.4,0
2004/2005,43870000,57429410.46,385277,#N/A,#N/A,TOT,#N/A,#N/A,#N/A,#N/A,#N/A,#N/A,#N/A,#N/A,#N/A,Shandon Anderson,SF-SG,31,8173699,11036561,66,5,17.7,1.5,3.3,0.452,0.1,0.4,0.172,1.4,2.8,0.495,0.463,0.8,1,0.818,0.6,2.3,2.9,1.1,0.6,0.2,0.8,2.1,3.9,1171,9,0.518,0.134,0.304,4.3,14.4,9.5,8.7,1.8,0.9,16.9,11.8,0.5,1.6,2.1,0.085,-2.5,1.4,-1,0.3
2004/2005,43870000,57429410.46,385277,New York Knicks,20,NYK,New York,East,Atlantic,33,49,0.402,97.3,99.7,-2.72,Shandon Anderson,SG,31,8173699,11036561,1,0,20,0,2,0,0,1,0,0,1,0,0,0,0,,1,0,1,0,0,0,1,2,0,20,-6.5,0,0.5,0,5.8,0,2.9,0,0,0,33.3,6.8,-0.1,0,-0.1,-0.172,-8.9,-2,-10.9,0
2004/2005,43870000,57429410.46,385277,Miami Heat,16,MIA,Florida,East,Southeast,59,23,0.72,101.5,95,5.77,Shandon Anderson,SF,31,8173699,11036561,65,5,17.7,1.5,3.3,0.456,0.1,0.4,0.179,1.4,2.9,0.497,0.467,0.8,1,0.818,0.6,2.3,2.9,1.1,0.6,0.2,0.8,2.1,3.9,1151,9.2,0.522,0.13,0.307,4.2,14.6,9.6,8.8,1.8,0.9,16.7,11.9,0.5,1.6,2.2,0.09,-2.3,1.5,-0.9,0.3
2004/2005,43870000,57429410.46,385277,Denver Nuggets,8,DEN,Colorado,West,Northwest,49,33,0.598,99.5,97.5,2.23,Carmelo Anthony,SF,20,3471360,4687214,75,75,34.8,7.1,16.4,0.431,0.6,2.1,0.266,6.5,14.3,0.455,0.448,6.1,7.6,0.796,1.9,3.8,5.7,2.6,0.9,0.4,3,3.1,20.8,2608,16.7,0.526,0.128,0.466,6.3,12.5,9.4,13.1,1.3,0.9,13.1,29.2,2.3,2.6,4.9,0.09,0.1,-1.3,-1.2,0.5
2004/2005,43870000,57429410.46,385277,Toronto Raptors,28,TOR,Ontario,East,Atlantic,33,49,0.402,99.7,101.4,-1.81,Rafael Araujo,C,24,2082720,2812198,59,41,12.5,1.3,3,0.434,0,0.1,0.333,1.3,2.9,0.436,0.437,0.7,0.9,0.782,1,2.1,3.1,0.3,0.4,0.1,0.9,2.7,3.3,736,7.1,0.492,0.017,0.314,8.9,19.7,14.2,3.4,1.5,0.8,20.7,15.6,-0.4,0.7,0.3,0.016,-5.2,-0.7,-5.9,-0.7
2004/2005,43870000,57429410.46,385277,Washington Wizards,30,WAS,Washington DC,East,Southeast,45,37,0.549,100.5,100.8,-0.71,Gilbert Arenas,PG,23,9389600,12678335,80,80,40.9,8.2,19,0.431,2.6,7,0.365,5.6,12,0.469,0.498,6.5,8,0.814,1,3.7,4.7,5.1,1.7,0.3,3,3.1,25.5,3274,21.3,0.565,0.369,0.42,2.8,10.5,6.5,22.9,2.2,0.5,11.8,27.3,9.2,2.3,11.5,0.169,5.5,-1.5,4,4.9
2004/2005,43870000,57429410.46,385277,New York Knicks,20,NYK,New York,East,Atlantic,33,49,0.402,97.3,99.7,-2.72,Trevor Ariza,SF,19,385277,520221,80,12,17.3,2.2,4.9,0.442,0,0.2,0.231,2.1,4.7,0.449,0.446,1.5,2.2,0.695,1.1,1.9,3,1.1,0.9,0.2,0.9,1.9,5.9,1382,13.3,0.503,0.033,0.447,7.5,13.1,10.3,9.8,2.7,1,13.6,17.8,0.8,1.3,2.1,0.073,-1.6,0.7,-1,0.4
2004/2005,43870000,57429410.46,385277,#N/A,#N/A,TOT,#N/A,#N/A,#N/A,#N/A,#N/A,#N/A,#N/A,#N/A,#N/A,Darrell Armstrong,PG,36,2275000,3071825,66,16,15,1.3,4.2,0.321,0.4,1.7,0.252,0.9,2.5,0.367,0.372,0.9,1,0.853,0.5,1.2,1.7,2.7,0.7,0.1,1,1.4,4,988,11,0.43,0.401,0.245,4,9.3,6.7,27.9,2.4,0.6,17.9,17.3,-0.2,1,0.8,0.039,-1.2,-0.4,-1.6,0.1
2004/2005,43870000,57429410.46,385277,New Orleans Hornets,19,NOH,Louisiana,West,Southwest,18,64,0.22,88.4,95.5,-6.3,Darrell Armstrong,PG,36,2275000,3071825,14,9,29.4,3.8,11.4,0.333,1.2,5,0.243,2.6,6.4,0.404,0.387,1.4,1.5,0.905,1.1,2.3,3.4,4.6,1.1,0.1,2,2.1,10.1,412,11.1,0.422,0.44,0.132,4.4,9.6,6.9,28.5,2,0.4,14.3,22.1,-0.3,0.3,0,-0.002,-0.5,-1.3,-1.8,0
2004/2005,43870000,57429410.46,385277,Dallas Mavericks,7,DAL,Texas,West,Southwest,58,24,0.707,102.5,96.8,5.86,Darrell Armstrong,PG,36,2275000,3071825,52,7,11.1,0.7,2.3,0.305,0.2,0.8,0.268,0.5,1.5,0.325,0.352,0.8,0.9,0.83,0.4,0.9,1.3,2.2,0.6,0.1,0.8,1.2,2.3,576,10.9,0.44,0.347,0.398,3.8,9.1,6.5,27.5,2.7,0.8,21.9,13.8,0.1,0.7,0.8,0.069,-1.6,0.2,-1.5,0.1
2004/2005,43870000,57429410.46,385277,#N/A,#N/A,TOT,#N/A,#N/A,#N/A,#N/A,#N/A,#N/A,#N/A,#N/A,#N/A,Carlos Arroyo,PG,25,4000000,5401012,70,16,20.7,2.4,6.1,0.389,0.1,0.4,0.267,2.3,5.7,0.398,0.399,1.7,2.1,0.799,0.4,1.1,1.5,4,0.6,0.1,1.5,2,6.6,1448,11.3,0.466,0.07,0.347,2.1,6.5,4.3,32.3,1.7,0.2,17.8,19.3,0.3,1,1.3,0.043,-2.3,-2.5,-4.8,-1
2004/2005,43870000,57429410.46,385277,Utah Jazz,29,UTA,Utah,West,Northwest,26,56,0.317,93,97.3,-3.74,Carlos Arroyo,PG,25,4000000,5401012,30,16,24.7,3.1,7.7,0.401,0.2,0.6,0.389,2.9,7.1,0.402,0.416,1.8,2.1,0.841,0.4,1.2,1.5,5.1,0.7,0.1,1.8,2.2,8.2,742,11.8,0.474,0.078,0.272,1.8,6,3.8,34.7,1.5,0.3,17.5,19.5,0.3,0.1,0.4,0.027,-1.5,-3.7,-5.1,-0.6
2004/2005,43870000,57429410.46,385277,Detroit Pistons,9,DET,Michigan,East,Central,54,28,0.659,93.3,89.5,3.31,Carlos Arroyo,PG,25,4000000,5401012,40,0,17.7,1.9,4.9,0.376,0,0.3,0.083,1.8,4.6,0.395,0.378,1.7,2.2,0.767,0.4,1.1,1.5,3.2,0.6,0,1.3,1.9,5.4,706,10.7,0.458,0.061,0.437,2.5,7.1,4.8,29.7,1.9,0.1,18.1,19.1,0,0.9,0.9,0.06,-3.1,-1.4,-4.5,-0.4
2004/2005,43870000,57429410.46,385277,Los Angeles Lakers,14,LAL,California,West,Pacific,34,48,0.415,98.7,101.7,-2.32,Chucky Atkins,PG,30,4200000,5671062,82,82,35.4,4.7,11.1,0.426,2.1,5.5,0.387,2.6,5.5,0.466,0.523,2,2.5,0.803,0.4,2,2.4,4.4,0.9,0,1.8,2.2,13.6,2903,13.4,0.558,0.5,0.223,1.2,6.4,3.8,20.6,1.3,0.1,13.1,17.9,4.7,-0.2,4.5,0.074,2,-2.9,-0.9,0.8
2004/2005,43870000,57429410.46,385277,Orlando Magic,22,ORL,Florida,East,Southeast,36,46,0.439,99.5,101.8,-2.52,Stacey Augmon,SF,36,1100000,1485278,55,7,12.1,1.2,3,0.407,0,0,,1.2,3,0.407,0.407,1,1.4,0.74,0.8,1,1.8,0.7,0.4,0.1,0.6,1.5,3.5,663,9.8,0.48,0,0.461,7.7,9,8.4,8.1,1.8,0.9,13.4,15.3,0.3,0.4,0.7,0.053,-2.5,-0.6,-3.1,-0.2
2004/2005,43870000,57429410.46,385277,#N/A,#N/A,TOT,#N/A,#N/A,#N/A,#N/A,#N/A,#N/A,#N/A,#N/A,#N/A,0,PG,25,#N/A,#N/A,5,0,3.8,0,0.2,0,0,0,,0,0.2,0,0,0,0,,0.2,0.2,0.4,0.2,0.2,0,0.2,0.6,0,19,-0.2,0,0,0,6.3,5.8,6.1,7.2,2.8,0,50,4.8,0,0,0,-0.057,-7,2,-5,0
2004/2005,43870000,57429410.46,385277,Los Angeles Clippers,13,LAC,California,West,Pacific,37,45,0.451,95.7,96.5,-0.47,0,PG,25,#N/A,#N/A,1,0,1,0,0,,0,0,,0,0,,,0,0,,0,0,0,0,0,0,0,0,0,1,0,,,,0,0,0,0,0,0,,0,0,0,0,-0.009,-5.9,-0.2,-6.2,0
2004/2005,43870000,57429410.46,385277,Portland Trail Blazers,25,POR,Oregon,West,Northwest,27,55,0.329,92.9,96.9,-3.45,0,PG,25,#N/A,#N/A,4,0,4.5,0,0.3,0,0,0,,0,0.3,0,0,0,0,,0.3,0.3,0.5,0.3,0.3,0,0.3,0.8,0,18,-0.2,0,0,0,6.7,6.2,6.4,7.6,3,0,50,5.1,0,0,0,-0.059,-7.1,2.2,-4.9,0
2004/2005,43870000,57429410.46,385277,#N/A,#N/A,TOT,#N/A,#N/A,#N/A,#N/A,#N/A,#N/A,#N/A,#N/A,#N/A,Vin Baker,PF-C,33,8833333,11927234,27,0,7.6,0.5,1.6,0.31,0,0,0,0.5,1.5,0.317,0.31,0.3,0.6,0.529,0.6,0.8,1.4,0.4,0.1,0.1,0.6,1.4,1.3,204,1.4,0.354,0.024,0.405,9.7,12.7,11.2,7.2,0.5,1.5,25.6,14.9,-0.5,0.1,-0.4,-0.091,-7.2,-0.5,-7.7,-0.3
2004/2005,43870000,57429410.46,385277,New York Knicks,20,NYK,New York,East,Atlantic,33,49,0.402,97.3,99.7,-2.72,Vin Baker,PF,33,8833333,11927234,24,0,8,0.5,1.6,0.342,0,0,0,0.5,1.5,0.351,0.342,0.3,0.6,0.467,0.7,0.8,1.5,0.4,0.1,0.2,0.6,1.3,1.4,191,2.7,0.37,0.026,0.395,10.4,12.4,11.4,6.9,0.6,1.6,25.2,14.2,-0.4,0.1,-0.3,-0.074,-6.4,-0.5,-6.9,-0.2
2004/2005,43870000,57429410.46,385277,Houston Rockets,11,HOU,Texas,West,Southwest,51,31,0.622,95.1,91,4.27,Vin Baker,C,33,8833333,11927234,3,0,4.3,0,1.3,0,0,0,,0,1.3,0,0,0.7,0.7,1,0,0.7,0.7,0.3,0,0,0.7,2.3,0.7,13,-18.3,0.205,0,0.5,0,17.5,9,10.7,0,0,29.1,24.9,-0.1,0,-0.1,-0.344,-18.3,-1.6,-19.8,-0.1
2004/2005,43870000,57429410.46,385277,Boston Celtics,2,BOS,Massachusetts,East,Atlantic,45,37,0.549,101.3,100.4,0.35,Marcus Banks,PG,23,1611840,2176391,81,2,14.1,1.4,3.5,0.402,0.3,0.7,0.356,1.2,2.8,0.414,0.439,1.5,2,0.742,0.4,1.2,1.6,1.9,0.8,0.2,1,1.8,4.6,1145,12.3,0.52,0.206,0.57,3,9.7,6.4,20.3,2.8,0.9,18.1,17.2,0.8,1.2,1.9,0.081,-1.3,-0.2,-1.5,0.2
2004/2005,43870000,57429410.46,385277,Phoenix Suns,24,PHO,Arizona,West,Pacific,62,20,0.756,110.4,103.3,7.08,Leandro Barbosa,PG,22,870000,1174720,63,6,17.3,2.7,5.6,0.475,0.8,2.2,0.367,1.9,3.4,0.544,0.547,0.9,1.1,0.797,0.5,1.6,2.1,2,0.5,0.1,1.4,2,7,1087,12.8,0.575,0.393,0.195,3.3,9.2,6.4,16.7,1.4,0.4,18.5,18.9,1.2,0.6,1.8,0.081,0.5,-1.3,-0.8,0.3
2004/2005,43870000,57429410.46,385277,Sacramento Kings,26,SAC,California,West,Pacific,50,32,0.61,103.7,101.6,2.56,Matt Barnes,SF,24,695046,938487,43,9,16.6,1.4,3.5,0.411,0.1,0.5,0.227,1.3,3,0.442,0.427,0.8,1.3,0.603,1.1,2,3.1,1.3,0.7,0.2,1,1.9,3.8,715,9,0.465,0.146,0.384,7.7,13.1,10.4,11.1,2.2,0.7,20.3,13.8,-0.2,0.6,0.4,0.028,-3,0.5,-2.5,-0.1
2004/2005,43870000,57429410.46,385277,#N/A,#N/A,TOT,#N/A,#N/A,#N/A,#N/A,#N/A,#N/A,#N/A,#N/A,#N/A,Andre Barrett,PG,22,385277,520221,38,1,12.7,1.2,3.3,0.363,0.4,1.4,0.269,0.8,1.9,0.431,0.419,0.4,0.5,0.737,0.3,0.8,1.1,1.8,0.5,0,0.7,1.3,3.1,483,8.6,0.446,0.419,0.153,2.7,6.7,4.7,22.3,2.1,0.1,16.9,15,-0.1,0.5,0.4,0.041,-2.4,-1.1,-3.5,-0.2
2004/2005,43870000,57429410.46,385277,Houston Rockets,11,HOU,Texas,West,Southwest,51,31,0.622,95.1,91,4.27,Andre Barrett,PG,22,385277,520221,27,0,11.6,0.7,2.6,0.29,0.3,1.4,0.243,0.4,1.2,0.344,0.355,0.3,0.4,0.7,0.2,0.5,0.7,1.6,0.5,0,0.6,1.3,2.1,314,5.6,0.381,0.536,0.145,1.9,5.1,3.5,20.5,2.4,0,17.9,13.4,-0.3,0.4,0.1,0.017,-3.9,-0.5,-4.4,-0.2
2004/2005,43870000,57429410.46,385277,Orlando Magic,22,ORL,Florida,East,Southeast,36,46,0.439,99.5,101.8,-2.52,Andre Barrett,PG,22,385277,520221,11,1,15.4,2.3,5,0.455,0.5,1.4,0.333,1.8,3.6,0.5,0.5,0.6,0.8,0.778,0.5,1.4,1.9,2.5,0.5,0.1,1,1.5,5.6,169,14,0.526,0.273,0.164,4,9.8,7,25.7,1.5,0.4,15.7,18.1,0.2,0.1,0.3,0.086,0.3,-2.2,-1.9,0
2004/2005,43870000,57429410.46,385277,San Antonio Spurs,27,SAS,Texas,West,Southwest,59,23,0.72,96.2,88.4,7.84,Brent Barry,SG,33,4264900,5758694,81,8,21.5,2.4,5.7,0.423,1.2,3.5,0.357,1.2,2.2,0.525,0.532,1.4,1.7,0.837,0.4,2,2.3,2.2,0.5,0.2,0.8,1.5,7.4,1742,14,0.58,0.61,0.294,1.9,10.8,6.4,16.3,1.2,0.8,11,15.6,3.5,2.7,6.1,0.168,1.7,0.3,2,1.8
2004/2005,43870000,57429410.46,385277,#N/A,#N/A,TOT,#N/A,#N/A,#N/A,#N/A,#N/A,#N/A,#N/A,#N/A,#N/A,Jon Barry,SG,35,1800000,2430455,69,2,21.8,2.3,5.3,0.438,1,2.4,0.43,1.3,2.9,0.443,0.534,0.9,1,0.873,0.4,1.9,2.3,2.4,0.9,0.1,1,1.4,6.6,1505,13.4,0.57,0.448,0.193,2,10.1,6.2,18.1,2.1,0.5,14.4,14.4,2.1,1.8,3.9,0.125,0.4,0.4,0.8,1.1
2004/2005,43870000,57429410.46,385277,Atlanta Hawks,1,ATL,Georgia,East,Southeast,13,69,0.159,92.7,102.5,-9.62,Jon Barry,SG,35,1800000,2430455,16,0,17.2,1.9,4.8,0.403,0.7,2,0.344,1.3,2.8,0.444,0.474,0.6,0.8,0.769,0.3,1.1,1.3,1.8,0.9,0.1,0.9,1.8,5.2,275,10.6,0.502,0.416,0.169,1.6,7.6,4.4,16.2,2.7,0.6,14.5,15.7,0.1,0.1,0.2,0.038,-1.5,-1.9,-3.4,-0.1
2004/2005,43870000,57429410.46,385277,Houston Rockets,11,HOU,Texas,West,Southwest,51,31,0.622,95.1,91,4.27,Jon Barry,SG,35,1800000,2430455,53,2,23.2,2.5,5.5,0.447,1.1,2.5,0.451,1.3,3,0.443,0.55,1,1.1,0.897,0.4,2.2,2.6,2.6,0.9,0.1,1,1.3,7,1230,14,0.588,0.457,0.199,2.1,10.7,6.5,18.5,2,0.4,14.3,14.2,2,1.7,3.7,0.144,0.8,1,1.8,1.2
2004/2005,43870000,57429410.46,385277,Orlando Magic,22,ORL,Florida,East,Southeast,36,46,0.439,99.5,101.8,-2.52,Tony Battie,C,28,4800000,6481214,81,32,23.4,2,4.4,0.46,0,0.1,0,2,4.3,0.468,0.46,0.8,1.2,0.723,1.3,4.2,5.6,0.5,0.4,1,1,3,4.9,1894,8.6,0.498,0.017,0.266,6.5,20,13.4,3.2,0.8,3,17,11,0.1,1.9,2,0.051,-3.9,1,-2.9,-0.4
2004/2005,43870000,57429410.46,385277,Memphis Grizzlies,15,MEM,Tennessee,West,Southwest,45,37,0.549,93.4,91.1,2.64,Shane Battier,SG,26,3212402,4337555,80,72,31.5,3.4,7.7,0.442,0.9,2.2,0.395,2.5,5.5,0.461,0.499,2.3,2.9,0.789,2,3.2,5.2,1.6,1.1,1,0.9,2.5,9.9,2516,14.8,0.555,0.289,0.372,7.6,12.1,9.8,8.3,2,2.4,9.5,14.8,4.4,3.4,7.8,0.149,1.3,2.4,3.7,3.6
2004/2005,43870000,57429410.46,385277,New Orleans Hornets,19,NOH,Louisiana,West,Southwest,18,64,0.22,88.4,95.5,-6.3,Lonny Baxter,PF,26,542475,732478,4,0,9,0.8,2.8,0.273,0,0,,0.8,2.8,0.273,0.273,0,0.5,0,1,1,2,0,0,0,1,2.5,1.5,36,-8,0.253,0,0.182,12.6,13.7,13.2,0,0,0,25.2,20.5,-0.2,0,-0.2,-0.266,-14.4,-6.2,-20.6,-0.2
2004/2005,43870000,57429410.46,385277,Utah Jazz,29,UTA,Utah,West,Northwest,26,56,0.317,93,97.3,-3.74,Raja Bell,SG,28,1320000,1782334,63,32,28.4,4.8,10.6,0.454,0.9,2.1,0.403,4,8.5,0.467,0.495,1.8,2.4,0.747,0.8,2.4,3.2,1.4,0.7,0.1,1.3,3.3,12.3,1790,12.2,0.527,0.201,0.225,3.2,10.9,7,9.3,1.3,0.4,9.7,20.9,1.6,0.6,2.2,0.06,0,-2.1,-2.1,0
2004/2005,43870000,57429410.46,385277,Indiana Pacers,12,IND,Indiana,East,Central,44,38,0.537,93,92.2,0.49,Jonathan Bender,SF,24,6525000,8810401,7,0,13.3,2.3,5.7,0.4,0.1,0.7,0.2,2.1,5,0.429,0.413,0.4,0.9,0.5,0.7,1.3,2,0.6,0.1,0.3,1.4,1.3,5.1,93,5.8,0.422,0.125,0.15,6.5,11.4,9,8.6,0.6,1.6,19,27.1,-0.3,0.1,-0.2,-0.12,-7.6,-2.3,-10,-0.2
2004/2005,43870000,57429410.46,385277,New Jersey Nets,3,NJN,New Jersey,East,Atlantic,42,40,0.512,91.4,92.9,-1.82,Travis Best,PG,32,1000000,1350253,76,6,19.2,2.5,5.9,0.42,0.3,1.1,0.306,2.2,4.8,0.447,0.449,1.4,1.6,0.885,0.3,1.2,1.4,1.9,0.9,0.1,0.9,1.9,6.8,1461,11.9,0.508,0.188,0.27,1.5,7.4,4.4,17.4,2.4,0.5,11.7,18.4,0.8,1.8,2.5,0.084,-2.1,-0.8,-2.9,-0.3
2004/2005,43870000,57429410.46,385277,Sacramento Kings,26,SAC,California,West,Pacific,50,32,0.61,103.7,101.6,2.56,Mike Bibby,PG,26,10500000,14177656,80,80,38.6,7,15.8,0.443,1.6,4.6,0.36,5.4,11.3,0.477,0.495,4,5.2,0.775,1,3.2,4.2,6.8,1.6,0.4,2.5,2.4,19.6,3084,19.2,0.543,0.288,0.327,2.8,9.2,6,28.1,2.1,0.7,12.3,23.8,6.6,1.9,8.5,0.133,3.5,-1.2,2.3,3.3
2004/2005,43870000,57429410.46,385277,Golden State Warriors,10,GSW,California,West,Pacific,34,48,0.415,98.7,100.9,-1.74,Andris Biedrins,C,18,1727760,2332913,30,1,12.8,1.5,2.6,0.577,0,0,0,1.5,2.6,0.584,0.577,0.6,1.3,0.475,1.6,2.4,3.9,0.4,0.4,0.8,0.4,2.9,3.6,384,14.8,0.57,0.013,0.513,12.7,21.1,16.7,4.9,1.6,4.4,11.2,12.4,0.7,0.6,1.2,0.154,-1.9,2,0.2,0.2
2004/2005,43870000,57429410.46,385277,Detroit Pistons,9,DET,Michigan,East,Central,54,28,0.659,93.3,89.5,3.31,Chauncey Billups,PG,28,5455200,7365900,80,80,35.8,5.1,11.4,0.442,2.1,4.8,0.426,3,6.6,0.454,0.533,4.3,4.8,0.898,0.6,2.8,3.4,5.8,1,0.1,2.3,2.4,16.5,2866,19,0.609,0.424,0.418,2,9,5.5,28.2,1.6,0.2,14.3,20.7,8.6,3.5,12.1,0.202,4.7,-0.9,3.8,4.2
2004/2005,43870000,57429410.46,385277,Washington Wizards,30,WAS,Washington DC,East,Southeast,45,37,0.549,100.5,100.8,-0.71,Steve Blake,PG,24,620046,837218,44,1,14.7,1.4,4.2,0.328,0.8,2.1,0.387,0.6,2.1,0.269,0.425,0.8,0.9,0.805,0.4,1.2,1.6,1.6,0.3,0,0.9,1.1,4.3,648,8.4,0.468,0.5,0.22,3,9.5,6.2,16.2,1,0,16,16.4,0,0.2,0.3,0.02,-2.2,-2.9,-5.1,-0.5
2004/2005,43870000,57429410.46,385277,Boston Celtics,2,BOS,Massachusetts,East,Atlantic,45,37,0.549,101.3,100.4,0.35,Mark Blount,C,29,4903000,6620290,82,57,26,4,7.5,0.529,0,0,0,4,7.5,0.53,0.529,1.4,2,0.713,1.7,3.1,4.8,1.6,0.4,0.8,1.9,2.8,9.4,2130,12.5,0.559,0.002,0.265,8,13.6,10.9,9.9,0.8,2.3,18.6,17.9,1.2,1.6,2.8,0.063,-1.4,0.2,-1.2,0.4
2004/2005,43870000,57429410.46,385277,Los Angeles Lakers,14,LAL,California,West,Pacific,34,48,0.415,98.7,101.7,-2.32,Tony Bobbitt,SG,25,305403,412371,2,0,6,1,2.5,0.4,0.5,1,0.5,0.5,1.5,0.333,0.5,0,0,,0,1.5,1.5,0,0,0,0,0.5,2.5,12,11.7,0.5,0.4,0,0,28,14.1,0,0,0,0,18.8,0,0,0,0.059,-5.5,-8.4,-13.9,0
2004/2005,43870000,57429410.46,385277,Charlotte Bobcats,4,CHA,North Carolina,East,Southeast,18,64,0.22,94.3,100.2,-6.15,Keith Bogans,SG,24,620046,837218,74,42,24.2,3.5,9.3,0.381,0.8,2.3,0.329,2.8,7,0.398,0.422,1.8,2.5,0.727,1,2,3.1,1.8,0.9,0.1,1.6,2.3,9.6,1791,10.4,0.465,0.251,0.266,4.6,10.1,7.2,12.6,2,0.3,13.7,22,-1,1.1,0.1,0.002,-1.7,-1.1,-2.7,-0.3
2004/2005,43870000,57429410.46,385277,Toronto Raptors,28,TOR,Ontario,East,Atlantic,33,49,0.402,99.7,101.4,-1.81,Matt Bonner,C,24,385277,520221,82,0,18.9,3,5.6,0.533,0.5,1.1,0.424,2.5,4.5,0.561,0.576,0.7,0.9,0.789,1.3,2.2,3.5,0.6,0.5,0.2,0.5,2.7,7.2,1553,14.7,0.596,0.199,0.153,7.7,13.1,10.4,5.3,1.3,0.9,7.5,15.7,3.3,0.9,4.2,0.13,0.9,-1.1,-0.1,0.7
2004/2005,43870000,57429410.46,385277,#N/A,#N/A,TOT,#N/A,#N/A,#N/A,#N/A,#N/A,#N/A,#N/A,#N/A,#N/A,Calvin Booth,C,28,5900700,7967438,51,1,8.8,1,2.1,0.454,0,0,0,1,2.1,0.458,0.454,0.5,0.6,0.813,0.6,1.5,2.1,0.2,0.3,0.5,0.3,1.5,2.4,451,11.9,0.508,0.009,0.296,7.4,19.7,13.6,2.7,1.7,4.6,11.6,13.8,0.3,0.7,1,0.101,-3.7,1.5,-2.1,0
2004/2005,43870000,57429410.46,385277,Dallas Mavericks,7,DAL,Texas,West,Southwest,58,24,0.707,102.5,96.8,5.86,Calvin Booth,C,28,5900700,7967438,34,1,7.7,1,2.3,0.43,0,0,0,1,2.3,0.436,0.43,0.4,0.5,0.875,0.5,1.2,1.7,0.1,0.3,0.5,0.2,1.6,2.4,262,11.7,0.477,0.013,0.203,7,17.6,12.4,2.4,2.2,4.5,8.5,16.1,0.1,0.5,0.6,0.106,-3.9,1.4,-2.5,0
2004/2005,43870000,57429410.46,385277,Milwaukee Bucks,17,MIL,Wisconsin,East,Central,30,52,0.366,97.2,100.2,-3.09,Calvin Booth,C,28,5900700,7967438,17,0,11.1,0.9,1.7,0.517,0,0,,0.9,1.7,0.517,0.517,0.7,0.9,0.75,0.8,2.1,2.9,0.2,0.2,0.7,0.5,1.4,2.5,189,12.2,0.583,0,0.552,8,22.6,15.2,3.2,1.1,4.7,18.2,10.6,0.2,0.2,0.4,0.096,-3.3,1.7,-1.6,0
2004/2005,43870000,57429410.46,385277,Utah Jazz,29,UTA,Utah,West,Northwest,26,56,0.317,93,97.3,-3.74,Carlos Boozer,PF,23,10967500,14808900,51,51,34.7,7.1,13.6,0.521,0,0,0,7.1,13.6,0.522,0.521,3.7,5.3,0.698,2.8,6.2,9,2.8,0.8,0.5,2.7,3.5,17.8,1772,19.2,0.56,0.001,0.387,9.6,22.7,16,15.9,1.3,1.1,14.5,24.6,2.7,1.4,4.1,0.111,1.8,0.3,2.1,1.8
2004/2005,43870000,57429410.46,385277,Utah Jazz,29,UTA,Utah,West,Northwest,26,56,0.317,93,97.3,-3.74,Curtis Borchardt,C,24,1280880,1729512,67,23,12.8,1.1,2.6,0.43,0,0,,1.1,2.6,0.43,0.43,0.8,1.1,0.732,1.3,2.1,3.3,0.7,0.1,0.5,0.8,2.4,3,859,9.4,0.492,0,0.413,12.1,20.5,16.2,9.1,0.6,3.2,20.4,13.7,0.2,0.6,0.8,0.046,-2.9,0.8,-2.2,0
2004/2005,43870000,57429410.46,385277,Toronto Raptors,28,TOR,Ontario,East,Atlantic,33,49,0.402,99.7,101.4,-1.81,Chris Bosh,PF,20,3129720,4225913,81,81,37.2,5.8,12.4,0.471,0,0.1,0.3,5.8,12.3,0.472,0.472,5.1,6.7,0.76,2.4,6.5,8.9,1.9,0.9,1.4,2.3,2.8,16.8,3017,17.5,0.547,0.01,0.539,7.1,20,13.5,8.6,1.3,2.7,13.1,21.7,3.9,2.9,6.8,0.108,-0.8,1.2,0.4,1.8
2004/2005,43870000,57429410.46,385277,San Antonio Spurs,27,SAS,Texas,West,Southwest,59,23,0.72,96.2,88.4,7.84,Bruce Bowen,SF,33,3000000,4050759,82,82,32,3.1,7.3,0.42,1.2,3.1,0.403,1.8,4.2,0.432,0.505,0.9,1.4,0.634,0.6,2.9,3.5,1.5,0.7,0.5,0.7,2.1,8.2,2627,9.5,0.521,0.423,0.187,2.2,10.5,6.3,7.5,1.1,1.1,8.1,12.5,2.1,4,6.1,0.111,-0.6,1.8,1.1,2.1
2004/2005,43870000,57429410.46,385277,Houston Rockets,11,HOU,Texas,West,Southwest,51,31,0.622,95.1,91,4.27,Ryan Bowen,SF,29,807046,1089716,66,6,9.2,0.7,1.7,0.423,0,0.1,0.5,0.7,1.6,0.419,0.437,0.2,0.3,0.667,0.3,0.8,1.2,0.3,0.3,0.1,0.1,0.9,1.7,604,7.7,0.462,0.054,0.189,4.2,10.4,7.3,4.7,2.1,0.6,5.5,9.9,0.2,0.9,1.1,0.087,-3.7,1.6,-2.1,0
2004/2005,43870000,57429410.46,385277,Denver Nuggets,8,DEN,Colorado,West,Northwest,49,33,0.598,99.5,97.5,2.23,Earl Boykins,PG,28,2500000,3375632,82,5,26.4,4.1,10,0.413,0.7,2,0.337,3.5,8,0.432,0.447,3.4,3.7,0.921,0.5,1.3,1.7,4.5,1,0.1,1.5,1.5,12.4,2162,17.1,0.53,0.201,0.368,2,5.6,3.8,28.1,1.9,0.4,11.2,22.2,4.2,1.7,6,0.133,1.5,-2.4,-0.9,0.6
2004/2005,43870000,57429410.46,385277,#N/A,#N/A,TOT,#N/A,#N/A,#N/A,#N/A,#N/A,#N/A,#N/A,#N/A,#N/A,Michael Bradley,PF,25,720046,972244,18,0,6.6,0.8,1.3,0.625,0,0.1,0,0.8,1.3,0.652,0.625,0.2,0.4,0.375,0.4,1.1,1.6,0.3,0.1,0.1,0.3,0.7,1.8,119,11.7,0.6,0.042,0.333,7.6,18.7,13.2,6.7,0.4,1.2,15.4,12.1,0.1,0.1,0.2,0.082,-2.7,-1.2,-3.9,-0.1
2004/2005,43870000,57429410.46,385277,Orlando Magic,22,ORL,Florida,East,Southeast,36,46,0.439,99.5,101.8,-2.52,Michael Bradley,PF,25,720046,972244,8,0,6.9,0.4,0.9,0.429,0,0,,0.4,0.9,0.429,0.429,0,0,,0.4,1.4,1.8,0.3,0.1,0.3,0.1,0.5,0.8,55,8.3,0.429,0,0,6.2,22.1,14.3,5.1,0.9,2.6,12.5,6.3,0,0.1,0.1,0.061,-4.7,1.3,-3.4,0
2004/2005,43870000,57429410.46,385277,Sacramento Kings,26,SAC,California,West,Pacific,50,32,0.61,103.7,101.6,2.56,Michael Bradley,PF,25,720046,972244,8,0,6,1,1.5,0.667,0,0,,1,1.5,0.667,0.667,0.3,0.8,0.333,0.6,0.8,1.4,0.3,0,0,0.4,1,2.3,48,12.1,0.615,0,0.5,11.6,14,12.8,6.5,0,0,17,16.3,0.1,0,0.1,0.076,-1.5,-3.5,-5.1,0
2004/2005,43870000,57429410.46,385277,Philadelphia 76ers,23,PHI,Pennsylvania,East,Atlantic,43,39,0.524,99.1,99.9,-1.07,Michael Bradley,PF,25,720046,972244,2,0,8,2,2.5,0.8,0,0.5,0,2,2,1,0.8,0.5,1,0.5,0,1.5,1.5,0.5,0,0,0.5,0,4.5,16,22,0.765,0.2,0.4,0,21.3,10.5,12.7,0,0,14.5,19,0,0,0.1,0.174,0.6,-2.9,-2.3,0
2004/2005,43870000,57429410.46,385277,Dallas Mavericks,7,DAL,Texas,West,Southwest,58,24,0.707,102.5,96.8,5.86,Shawn Bradley,C,32,4000000,5401012,77,14,11.5,1.1,2.4,0.452,0,0,,1.1,2.4,0.452,0.452,0.6,0.8,0.683,0.9,1.9,2.8,0.2,0.3,0.8,0.4,2,2.7,885,11,0.494,0,0.339,9,17.8,13.5,2.5,1.5,5.3,13.4,12.5,0.4,1.5,1.9,0.102,-3.4,2.4,-1,0.2
2004/2005,43870000,57429410.46,385277,Houston Rockets,11,HOU,Texas,West,Southwest,51,31,0.622,95.1,91,4.27,0,PF,28,#N/A,#N/A,7,0,3.4,0.4,1,0.429,0,0,,0.4,1,0.429,0.429,0,0,,1,0.7,1.7,0,0,0,0.3,0.6,0.9,24,11.6,0.429,0,0,34.9,23.7,29.2,0,0,0,22.2,17.7,0,0,0,0.073,-5.3,-7.4,-12.7,-0.1
2004/2005,43870000,57429410.46,385277,Los Angeles Clippers,13,LAC,California,West,Pacific,37,45,0.451,95.7,96.5,-0.47,Elton Brand,PF,25,12056000,16278650,81,81,37,7.8,15.4,0.503,0,0,0,7.8,15.4,0.504,0.503,4.5,6,0.752,3.7,5.9,9.5,2.6,0.8,2.1,2.3,3,20,3001,22.4,0.554,0.002,0.387,12.2,18.4,15.4,13.3,1.1,4.3,11.1,25.4,6.9,3.7,10.6,0.169,2.7,1.6,4.4,4.8
2004/2005,43870000,57429410.46,385277,New York Knicks,20,NYK,New York,East,Atlantic,33,49,0.402,97.3,99.7,-2.72,Jamison Brewer,PG,24,720046,972244,18,0,10.3,0.6,2.1,0.297,0.2,0.8,0.2,0.4,1.2,0.364,0.338,0.3,0.7,0.462,0.3,0.9,1.2,0.7,0.4,0.1,0.7,0.6,1.7,185,4,0.363,0.405,0.351,3.8,10.2,7,9.4,2.3,0.4,23.3,13.7,-0.4,0.1,-0.3,-0.074,-5.5,0,-5.5,-0.2
2004/2005,43870000,57429410.46,385277,Charlotte Bobcats,4,CHA,North Carolina,East,Southeast,18,64,0.22,94.3,100.2,-6.15,Primoz Brezec,C,25,1554326,2098733,72,72,31.6,5.4,10.5,0.512,0,0,,5.4,10.5,0.512,0.512,2.3,3.1,0.745,3.1,4.2,7.4,1.2,0.5,0.8,1.5,2.5,13,2276,16.1,0.55,0,0.291,10.8,16.2,13.3,6.6,0.8,1.8,11.1,18.7,3.5,1.4,4.9,0.104,0.2,-0.2,0.1,1.2
2004/2005,43870000,57429410.46,385277,Washington Wizards,30,WAS,Washington DC,East,Southeast,45,37,0.549,100.5,100.8,-0.71,0,SF,25,#N/A,#N/A,14,0,10.9,1.6,4.4,0.371,0.3,0.8,0.364,1.4,3.6,0.373,0.403,0.3,0.6,0.444,0.7,1.3,2,1,0.1,0.4,1.1,1.2,3.9,152,7.4,0.409,0.177,0.145,7.1,13.8,10.4,15.4,0.3,2.9,18.5,23.3,-0.3,0.1,-0.2,-0.073,-5.8,-1.8,-7.5,-0.2
2004/2005,43870000,57429410.46,385277,San Antonio Spurs,27,SAS,Texas,West,Southwest,59,23,0.72,96.2,88.4,7.84,Devin Brown,SG,26,695046,938487,67,0,18.5,2.6,6.1,0.423,0.7,1.8,0.372,1.9,4.3,0.444,0.478,1.5,1.9,0.792,0.6,2.1,2.6,1.4,0.6,0.2,0.8,1.2,7.4,1238,14.6,0.53,0.296,0.318,3.5,13.2,8.3,12.4,1.7,0.7,10.2,19.5,1.6,2.1,3.7,0.145,-0.2,0.6,0.4,0.7
2004/2005,43870000,57429410.46,385277,Philadelphia 76ers,23,PHI,Pennsylvania,East,Atlantic,43,39,0.524,99.1,99.9,-1.07,Kedrick Brown,SF,23,2332388,3149313,8,0,6.9,0.3,0.8,0.333,0,0.4,0,0.3,0.4,0.667,0.333,1,1.3,0.8,0.1,1.3,1.4,0.5,0.4,0.1,0.6,0.5,1.5,55,9.7,0.577,0.5,1.667,2,20.7,11.2,10.3,2.8,1.4,32.5,12.4,0,0.1,0.1,0.06,-5.2,2,-3.2,0
2004/2005,43870000,57429410.46,385277,Washington Wizards,30,WAS,Washington DC,East,Southeast,45,37,0.549,100.5,100.8,-0.71,Kwame Brown,PF,22,5361873,7239885,42,14,21.6,2.6,5.6,0.46,0,0,,2.6,5.6,0.46,0.46,1.8,3.1,0.574,1.7,3.2,4.9,0.9,0.6,0.4,1.6,2.7,7,908,10.4,0.497,0,0.544,8.6,17.2,12.8,6.8,1.4,1.2,18.6,17.4,-0.2,0.8,0.6,0.032,-3.9,-0.5,-4.4,-0.6
2004/2005,43870000,57429410.46,385277,New Orleans Hornets,19,NOH,Louisiana,West,Southwest,18,64,0.22,88.4,95.5,-6.3,PJ Brown,PF,35,8000000,10802024,82,78,34.4,4.1,9.2,0.446,0,0,,4.1,9.2,0.446,0.446,2.6,3,0.864,3.2,5.7,9,2.2,0.9,0.6,1.2,2.8,10.8,2817,15.5,0.512,0,0.321,10.7,20.6,15.5,11.2,1.4,1.4,10.5,15.9,4,2.9,6.9,0.118,-0.5,1.7,1.3,2.3
2004/2005,43870000,57429410.46,385277,Los Angeles Lakers,14,LAL,California,West,Pacific,34,48,0.415,98.7,101.7,-2.32,Tierre Brown,PG,25,720046,972244,76,0,14,1.6,4.6,0.356,0.3,0.9,0.361,1.3,3.6,0.355,0.394,0.8,1,0.787,0.3,0.9,1.2,2,0.4,0,1,0.8,4.4,1066,9.5,0.437,0.207,0.216,2.2,7.6,4.9,23.6,1.6,0.1,16.3,19.3,-0.5,0,-0.5,-0.021,-3.5,-3.1,-6.6,-1.2
2004/2005,43870000,57429410.46,385277,Los Angeles Clippers,13,LAC,California,West,Pacific,37,45,0.451,95.7,96.5,-0.47,Rick Brunson,PG,32,932546,1259173,80,39,24.3,2.1,5.5,0.376,0.6,1.6,0.369,1.5,3.9,0.378,0.43,0.7,0.9,0.77,0.3,2.1,2.3,5.1,1,0.1,1.6,1.3,5.5,1945,11.6,0.46,0.294,0.167,1.5,9.8,5.8,32.7,2.3,0.3,20.8,14.3,0.3,1.6,1.9,0.048,-1.4,-1.1,-2.6,-0.3
2004/2005,43870000,57429410.46,385277,Los Angeles Lakers,14,LAL,California,West,Pacific,34,48,0.415,98.7,101.7,-2.32,Kobe Bryant,SG,26,14175000,19139836,66,66,40.7,8.7,20.1,0.433,2,5.9,0.339,6.7,14.2,0.472,0.482,8.2,10.1,0.816,1.4,4.5,5.9,6,1.3,0.8,4.1,2.6,27.6,2689,23.3,0.563,0.292,0.502,4,12.4,8.2,28.5,1.7,1.4,14.3,31.7,7.1,1,8.1,0.145,5.6,-1,4.6,4.5
2004/2005,43870000,57429410.46,385277,Denver Nuggets,8,DEN,Colorado,West,Northwest,49,33,0.598,99.5,97.5,2.23,Greg Buckner,SG,28,2647824,3575232,70,41,21.7,2.3,4.3,0.528,0.7,1.7,0.405,1.6,2.6,0.61,0.609,0.9,1.2,0.778,0.9,2,3,1.9,1.1,0.1,0.7,2.4,6.2,1522,13.7,0.638,0.399,0.267,5,10.7,7.9,13.2,2.5,0.3,12.6,11.4,3,1.8,4.8,0.153,1.9,0.9,2.7,1.8
2004/2005,43870000,57429410.46,385277,New Jersey Nets,3,NJN,New Jersey,East,Atlantic,42,40,0.512,91.4,92.9,-1.82,Rodney Buford,SF,27,745046,1006000,64,17,20.5,2.9,7.6,0.382,0.5,1.7,0.315,2.4,6,0.402,0.417,0.6,0.7,0.822,0.5,2.4,3,1,0.6,0.1,0.5,1.6,7,1313,9.5,0.437,0.221,0.092,3,14.5,8.7,8.7,1.6,0.3,6.4,19.4,-0.8,1.6,0.8,0.03,-4,-1,-5,-1
2004/2005,43870000,57429410.46,385277,Memphis Grizzlies,15,MEM,Tennessee,West,Southwest,45,37,0.549,93.4,91.1,2.64,Antonio Burks,PG,24,385277,520221,24,0,9.1,1.2,2.5,0.467,0.1,0.5,0.273,1,2,0.51,0.492,0.6,0.8,0.737,0,0.5,0.5,1.2,0.5,0,0.5,1,3,219,12.8,0.534,0.183,0.317,0.5,6,3.3,21.9,3.2,0.4,14.9,17.3,0.2,0.3,0.5,0.103,-1.7,-0.9,-2.5,0
2004/2005,43870000,57429410.46,385277,Los Angeles Lakers,14,LAL,California,West,Pacific,34,48,0.415,98.7,101.7,-2.32,Caron Butler,SF,24,1930680,2606906,77,77,35.7,5.7,12.9,0.445,0.5,1.6,0.304,5.2,11.2,0.465,0.464,3.6,4.1,0.862,1.9,3.9,5.8,1.9,1.4,0.3,1.6,2.8,15.5,2746,15.8,0.528,0.126,0.322,6,12.4,9.2,9.3,2.1,0.6,9.9,20.7,4.1,1.2,5.3,0.093,0.4,-0.7,-0.2,1.2
2004/2005,43870000,57429410.46,385277,New York Knicks,20,NYK,New York,East,Atlantic,33,49,0.402,97.3,99.7,-2.72,Jackie Butler,C,19,#N/A,#N/A,3,0,1.7,1.3,1.3,1,0,0,,1.3,1.3,1,1,0.7,0.7,1,0,0,0,0,0.3,0,0.3,0,3.3,5,90.3,1.025,0,0.5,0,0,0,0,10.6,0,17,53.7,0.1,0,0.1,1.333,24.8,-3.3,21.5,0
2004/2005,43870000,57429410.46,385277,Miami Heat,16,MIA,Florida,East,Southeast,59,23,0.72,101.5,95,5.77,Rasual Butler,SF,25,1200000,1620303,65,15,18.5,2.5,6.3,0.399,0.9,2.4,0.373,1.6,3.9,0.414,0.468,0.6,0.7,0.771,0.2,2.1,2.3,1,0.3,0.4,0.6,1.6,6.5,1203,10.3,0.488,0.374,0.117,1.5,12.7,7.3,8.1,0.8,1.8,7.9,18.1,0.3,1.4,1.7,0.068,-2,-0.9,-2.9,-0.3
2004/2005,43870000,57429410.46,385277,#N/A,#N/A,TOT,#N/A,#N/A,#N/A,#N/A,#N/A,#N/A,#N/A,#N/A,#N/A,Zarko Cabarkapa,PF,23,1312800,1772612,40,0,11.9,2.2,4.4,0.486,0.3,0.9,0.361,1.8,3.5,0.518,0.523,1.3,1.6,0.815,0.9,1.7,2.6,0.6,0.3,0.1,0.8,1.5,6,475,16.9,0.579,0.203,0.367,7.7,16.1,11.7,9,1.1,0.7,12.7,21.9,0.9,0.4,1.3,0.127,-0.4,-2.1,-2.5,-0.1
2004/2005,43870000,57429410.46,385277,Phoenix Suns,24,PHO,Arizona,West,Pacific,62,20,0.756,110.4,103.3,7.08,Zarko Cabarkapa,PF,23,1312800,1772612,3,0,3.7,1.3,2.3,0.571,0,0,,1.3,2.3,0.571,0.571,0.3,0.3,1,0.7,0.3,1,0,0,0,0,0,3,11,32.4,0.605,0,0.143,20.5,9.3,14.6,0,0,0,0,29.5,0.1,0,0.1,0.271,3.3,-10.8,-7.5,0
2004/2005,43870000,57429410.46,385277,Golden State Warriors,10,GSW,California,West,Pacific,34,48,0.415,98.7,100.9,-1.74,Zarko Cabarkapa,PF,23,1312800,1772612,37,0,12.5,2.2,4.6,0.482,0.4,1,0.361,1.9,3.6,0.515,0.521,1.4,1.7,0.813,0.9,1.8,2.7,0.7,0.3,0.1,0.8,1.6,6.2,464,16.5,0.578,0.212,0.376,7.4,16.2,11.6,9.2,1.1,0.8,13.1,21.7,0.8,0.4,1.2,0.124,-0.5,-1.9,-2.3,0
2004/2005,43870000,57429410.46,385277,Denver Nuggets,8,DEN,Colorado,West,Northwest,49,33,0.598,99.5,97.5,2.23,Marcus Camby,C,30,8500000,11477150,66,66,30.5,4.2,9.1,0.465,0,0.1,0,4.2,9,0.468,0.465,1.9,2.6,0.723,2,8,10,2.3,0.9,3,1.6,2.7,10.3,2015,18,0.505,0.007,0.288,7.5,30.1,18.9,12,1.6,7.4,13.2,17.2,1.2,4.5,5.8,0.138,-2.4,5.8,3.4,2.8
2004/2005,43870000,57429410.46,385277,#N/A,#N/A,TOT,#N/A,#N/A,#N/A,#N/A,#N/A,#N/A,#N/A,#N/A,#N/A,Elden Campbell,C,36,4400000,5941113,40,1,9.8,1,3.1,0.317,0,0.1,0,1,3,0.322,0.317,1.1,1.4,0.764,0.7,1.6,2.3,0.5,0.2,0.2,0.7,1.4,3,390,7.2,0.408,0.016,0.447,8.5,19.5,14,8,1.1,1.4,16.5,21.2,-0.6,0.6,0,0.003,-7.1,-0.2,-7.3,-0.5
2004/2005,43870000,57429410.46,385277,New Jersey Nets,3,NJN,New Jersey,East,Atlantic,42,40,0.512,91.4,92.9,-1.82,Elden Campbell,C,36,4400000,5941113,10,0,5,0,0.7,0,0,0,,0,0.7,0,0,0.2,0.4,0.5,0.3,0.8,1.1,0.3,0,0.1,0.1,1,0.2,50,-1.4,0.114,0,0.571,7.1,19.5,13.2,8.7,0,1.6,10.2,9.2,-0.1,0.1,-0.1,-0.064,-10,0.7,-9.3,-0.1
2004/2005,43870000,57429410.46,385277,Detroit Pistons,9,DET,Michigan,East,Central,54,28,0.659,93.3,89.5,3.31,Elden Campbell,C,36,4400000,5941113,30,1,11.3,1.3,3.9,0.336,0,0.1,0,1.3,3.8,0.342,0.336,1.3,1.7,0.784,0.8,1.9,2.7,0.5,0.3,0.2,0.9,1.6,3.9,340,8.4,0.426,0.017,0.44,8.7,19.5,14.1,7.8,1.3,1.3,16.8,23,-0.5,0.6,0.1,0.013,-6.7,-0.4,-7,-0.4
2004/2005,43870000,57429410.46,385277,Memphis Grizzlies,15,MEM,Tennessee,West,Southwest,45,37,0.549,93.4,91.1,2.64,Brian Cardinal,PF,27,4903000,6620290,58,16,24.7,2.8,7.4,0.37,0.8,2.2,0.352,2,5.3,0.378,0.421,2.7,3.1,0.873,1.1,2.8,3.9,2,1.5,0.3,1.4,3,9,1433,14,0.51,0.289,0.419,5.3,13.5,9.4,13.3,3.3,1,14,19.6,1.1,2.4,3.5,0.116,-0.1,2,1.9,1.4
2004/2005,43870000,57429410.46,385277,Portland Trail Blazers,25,POR,Oregon,West,Northwest,27,55,0.329,92.9,96.9,-3.45,Geno Carlisle,SG,28,65779,88818,6,0,2.7,0.3,0.5,0.667,0,0,,0.3,0.5,0.667,0.667,0.7,1,0.667,0.2,0,0.2,0.2,0,0,0.2,0.2,1.3,16,18.1,0.709,0,2,7.5,0,3.6,10.3,0,0,15.1,19.1,0.1,0,0.1,0.173,1.3,-5.5,-4.2,0
2004/2005,43870000,57429410.46,385277,Charlotte Bobcats,4,CHA,North Carolina,East,Southeast,18,64,0.22,94.3,100.2,-6.15,Matt Carroll,SG,24,#N/A,#N/A,25,0,17.2,2.8,7.2,0.389,0.5,1.6,0.333,2.3,5.6,0.404,0.425,2.8,3.3,0.855,0.5,1.9,2.4,0.7,0.7,0.1,1,1.5,9,430,14.7,0.517,0.217,0.461,3.3,13.2,8,6.8,2.1,0.4,10.4,24.9,0.4,0.3,0.7,0.078,-1.2,-2.4,-3.6,-0.2
2004/2005,43870000,57429410.46,385277,Minnesota Timberwolves,18,MIN,Minnesota,West,Northwest,44,38,0.537,96.8,95.3,1.73,Anthony Carter,PG,29,807546,1090391,66,12,11.2,1.1,2.7,0.407,0,0.3,0.118,1.1,2.4,0.438,0.412,0.5,0.8,0.686,0.2,0.9,1,2.4,0.5,0.3,0.9,1.3,2.7,742,11.3,0.454,0.096,0.288,1.9,8.4,5.3,32.2,2.5,1.7,23.7,16.4,-0.3,0.8,0.5,0.034,-3.7,-0.5,-4.2,-0.4
2004/2005,43870000,57429410.46,385277,#N/A,#N/A,TOT,#N/A,#N/A,#N/A,#N/A,#N/A,#N/A,#N/A,#N/A,#N/A,Vince Carter,SF-SG,28,12584688,16992513,77,76,36.7,9,20,0.452,1.6,4.1,0.406,7.4,15.9,0.463,0.493,4.8,6,0.798,1.4,3.8,5.2,4.2,1.4,0.6,2.2,3.2,24.5,2828,22.9,0.541,0.203,0.299,4.4,12.6,8.4,25.7,2.1,1.3,8.8,31.6,5.9,3.5,9.4,0.159,5.3,0,5.3,5.2
2004/2005,43870000,57429410.46,385277,Toronto Raptors,28,TOR,Ontario,East,Atlantic,33,49,0.402,99.7,101.4,-1.81,Vince Carter,SG,28,12584688,16992513,20,20,30.4,6.2,15.1,0.411,1,3,0.322,5.3,12.2,0.432,0.442,2.5,3.6,0.694,1.4,1.9,3.3,3.1,1.3,0.8,1.1,2.8,15.9,608,17,0.475,0.195,0.238,5.1,7.2,6.1,18.5,2.1,1.8,6.2,26.7,0.5,0.4,0.9,0.068,1.2,-1.1,0.1,0.3
2004/2005,43870000,57429410.46,385277,New Jersey Nets,3,NJN,New Jersey,East,Atlantic,42,40,0.512,91.4,92.9,-1.82,Vince Carter,SF,28,12584688,16992513,57,56,38.9,10,21.7,0.462,1.9,4.5,0.425,8.1,17.3,0.471,0.505,5.6,6.8,0.817,1.4,4.5,5.9,4.7,1.5,0.6,2.6,3.3,27.5,2220,24.5,0.556,0.205,0.313,4.2,14.1,9.1,27.6,2,1.2,9.4,32.9,5.4,3.1,8.5,0.184,6.4,0.3,6.7,4.8
2004/2005,43870000,57429410.46,385277,Minnesota Timberwolves,18,MIN,Minnesota,West,Northwest,44,38,0.537,96.8,95.3,1.73,Sam Cassell,PG,35,6250000,8439081,59,38,25.8,5.4,11.6,0.464,0.5,1.7,0.262,4.9,9.9,0.5,0.484,2.3,2.6,0.865,0.4,2.2,2.7,5.1,0.6,0.2,1.8,2.7,13.5,1522,18.6,0.529,0.15,0.226,2,9.5,5.9,35.2,1.3,0.7,12.6,26.4,2.8,1,3.8,0.119,2.5,-2,0.6,1
2004/2005,43870000,57429410.46,385277,Orlando Magic,22,ORL,Florida,East,Southeast,36,46,0.439,99.5,101.8,-2.52,Kelvin Cato,C,30,7992000,10791222,62,50,24.6,2.6,4.8,0.539,0,0,,2.6,4.8,0.539,0.539,1.8,2.3,0.783,1.6,5.1,6.7,0.6,0.9,1.3,1,2.7,7,1525,14.9,0.6,0,0.481,7.6,22.7,15.3,3.9,1.8,3.8,15.1,12.1,2.1,2.2,4.3,0.137,-1.5,2.2,0.7,1
2004/2005,43870000,57429410.46,385277,Los Angeles Clippers,13,LAC,California,West,Pacific,37,45,0.451,95.7,96.5,-0.47,Lionel Chalmers,PG,24,450000,607613,36,0,12,1.2,3.5,0.336,0.3,1.4,0.245,0.8,2.1,0.395,0.384,0.4,0.7,0.625,0.1,0.8,0.9,1.4,0.4,0,0.7,0.8,3.1,433,6.5,0.409,0.392,0.192,1.1,7.3,4.3,18.6,1.6,0,15,17,-0.5,0.2,-0.2,-0.025,-3.6,-2.7,-6.3,-0.5
2004/2005,43870000,57429410.46,385277,Chicago Bulls,5,CHI,Illinois,East,Central,47,35,0.573,94.5,93.4,0.65,Tyson Chandler,C,22,4801102,6482702,80,10,27.4,2.6,5.2,0.494,0,0,0,2.6,5.2,0.496,0.494,2.8,4.2,0.673,3.3,6.4,9.7,0.8,0.9,1.8,1.5,3.4,8,2189,16.4,0.565,0.005,0.802,13.4,26.1,19.8,4.8,1.6,4.8,17.2,14,2.8,5.5,8.3,0.183,-1.8,4.9,3.1,2.8
2004/2005,43870000,57429410.46,385277,Golden State Warriors,10,GSW,California,West,Pacific,34,48,0.415,98.7,100.9,-1.74,Calbert Cheaney,SG,33,1600000,2160404,55,5,17.3,2.1,4.8,0.426,0,0.1,0,2.1,4.8,0.431,0.426,0.4,0.7,0.649,0.6,1.7,2.3,1.2,0.3,0.3,0.6,1.7,4.5,951,7.8,0.444,0.011,0.14,3.5,11,7.1,10.5,0.9,1.1,11.1,14.7,-0.3,0.5,0.3,0.013,-4.8,-0.5,-5.3,-0.8
2004/2005,43870000,57429410.46,385277,Atlanta Hawks,1,ATL,Georgia,East,Southeast,13,69,0.159,92.7,102.5,-9.62,Josh Childress,SG,21,2490360,3362616,80,44,29.7,3.8,8,0.47,0.2,0.7,0.232,3.6,7.3,0.493,0.481,2.4,2.9,0.823,2.4,3.6,6,1.9,0.9,0.4,1.3,2.3,10.1,2376,15.2,0.543,0.087,0.36,9.1,14.8,11.8,10.4,1.6,1.1,12.5,16,3.7,0.9,4.6,0.093,0.3,-0.3,0,1.2
2004/2005,43870000,57429410.46,385277,#N/A,#N/A,TOT,#N/A,#N/A,#N/A,#N/A,#N/A,#N/A,#N/A,#N/A,#N/A,Doug Christie,SG,34,7550000,10194410,52,44,29.3,2.5,6.4,0.392,0.3,1.2,0.242,2.2,5.2,0.426,0.414,1.3,1.5,0.897,0.7,2.7,3.4,3.8,1.5,0.3,2,2,6.6,1525,9.9,0.471,0.187,0.235,2.8,10.1,6.5,18.3,2.7,0.8,22.1,13.6,-0.4,1.3,0.9,0.03,-2.5,0.9,-1.6,0.2
2004/2005,43870000,57429410.46,385277,Sacramento Kings,26,SAC,California,West,Pacific,50,32,0.61,103.7,101.6,2.56,Doug Christie,SG,34,7550000,10194410,31,31,32.1,2.7,6.6,0.407,0.3,1.3,0.256,2.4,5.3,0.442,0.431,1.6,1.8,0.893,0.9,3,4,4.9,1.4,0.4,2.2,2,7.3,996,11,0.494,0.191,0.275,3.3,10.5,6.9,21.2,2.2,0.9,22.9,13.2,0.2,0.7,1,0.046,-1.9,0.6,-1.3,0.2
2004/2005,43870000,57429410.46,385277,Orlando Magic,22,ORL,Florida,East,Southeast,36,46,0.439,99.5,101.8,-2.52,Doug Christie,SG,34,7550000,10194410,21,13,25.2,2.2,6.1,0.367,0.2,1.1,0.217,2,5,0.4,0.387,1,1,0.909,0.4,2.1,2.6,2.2,1.8,0.2,1.7,2.1,5.7,529,7.9,0.432,0.18,0.172,1.9,9.4,5.7,12.8,3.5,0.7,20.7,14.3,-0.6,0.6,0,-0.001,-3.5,1.4,-2.1,0
2004/2005,43870000,57429410.46,385277,#N/A,#N/A,TOT,#N/A,#N/A,#N/A,#N/A,#N/A,#N/A,#N/A,#N/A,#N/A,Speedy Claxton,PG,26,3300000,4455835,62,47,30.1,4.1,9.9,0.421,0.2,1,0.18,4,8.9,0.447,0.43,3,4.1,0.736,0.6,2.4,3,6,1.8,0.1,1.9,3,11.5,1866,15.8,0.493,0.1,0.416,2.1,9.1,5.4,33.1,3,0.3,14.1,20.1,1.9,1.8,3.7,0.096,-0.2,-0.4,-0.5,0.7
2004/2005,43870000,57429410.46,385277,Golden State Warriors,10,GSW,California,West,Pacific,34,48,0.415,98.7,100.9,-1.74,Speedy Claxton,PG,26,3300000,4455835,46,44,32.6,4.7,10.9,0.431,0.2,1.1,0.192,4.5,9.8,0.459,0.441,3.5,4.6,0.761,0.7,2.6,3.3,6.2,1.9,0.1,2,3.3,13.1,1501,16.4,0.508,0.104,0.425,2.2,9.2,5.5,30.9,3,0.3,13.4,20.2,2.1,1.5,3.5,0.113,0.4,-0.1,0.3,0.9
2004/2005,43870000,57429410.46,385277,New Orleans Hornets,19,NOH,Louisiana,West,Southwest,18,64,0.22,88.4,95.5,-6.3,Speedy Claxton,PG,26,3300000,4455835,16,3,22.8,2.6,6.9,0.373,0.1,0.6,0.111,2.5,6.3,0.396,0.377,1.6,2.6,0.61,0.3,1.6,1.9,5.5,1.4,0.1,1.7,1.9,6.8,365,13.4,0.422,0.082,0.373,1.6,8.8,5,42.3,3.3,0.4,17.4,19.7,-0.2,0.4,0.2,0.027,-2.5,-1.4,-3.9,-0.2
2004/2005,43870000,57429410.46,385277,Seattle SuperSonics,21,SEA,Washington,West,Northwest,52,30,0.634,98.9,96.6,2.59,Mateen Cleaves,PG,27,735960,993732,14,0,4.6,0.4,1,0.357,0,0.1,0,0.4,0.9,0.417,0.357,0.2,0.3,0.75,0.1,0.3,0.4,0.5,0.1,0,0.1,0.1,0.9,65,9.1,0.412,0.143,0.286,3.8,7.5,5.6,16.5,1.7,0,11.3,12.6,0,0,0,0.029,-2.7,-1.4,-4.1,0
2004/2005,43870000,57429410.46,385277,Detroit Pistons,9,DET,Michigan,East,Central,54,28,0.659,93.3,89.5,3.31,Derrick Coleman,C,37,4500000,6076138,5,0,10,0.6,2.8,0.214,0,0.4,0,0.6,2.4,0.25,0.214,0.6,0.6,1,0.6,2.4,3,0,0,0,0.4,1.2,1.8,50,1.2,0.294,0.143,0.214,7.1,27.9,17.6,0,0,0,11.5,16.3,-0.1,0.1,-0.1,-0.049,-11.9,-5.5,-17.4,-0.2
2004/2005,43870000,57429410.46,385277,Atlanta Hawks,1,ATL,Georgia,East,Southeast,13,69,0.159,92.7,102.5,-9.62,Jason Collier,C,27,1500000,2025379,70,44,13.5,2.5,5.4,0.463,0.1,0.2,0.429,2.4,5.2,0.464,0.471,0.7,1,0.676,1.2,1.4,2.6,0.3,0.2,0.2,0.9,2.1,5.7,942,11,0.494,0.037,0.189,9.9,13,11.4,3.4,0.8,1.1,13.4,22.4,-0.1,0.1,0,0,-3.9,-4.2,-8.1,-1.5
2004/2005,43870000,57429410.46,385277,Utah Jazz,29,UTA,Utah,West,Northwest,26,56,0.317,93,97.3,-3.74,Jarron Collins,C,26,1700000,2295430,50,38,19.2,1.3,3.1,0.414,0,0,0,1.3,3.1,0.417,0.414,1.7,2.4,0.697,1.1,2.1,3.3,1.2,0.2,0.1,0.7,2.9,4.3,961,8,0.509,0.006,0.758,7.2,14.2,10.6,9.8,0.6,0.5,14,11.7,0.9,0.3,1.1,0.057,-1.9,-0.7,-2.6,-0.2
2004/2005,43870000,57429410.46,385277,New Jersey Nets,3,NJN,New Jersey,East,Atlantic,42,40,0.512,91.4,92.9,-1.82,Jason Collins,C,26,1887864,2549094,80,80,31.8,2.3,5.6,0.412,0,0.1,0.333,2.3,5.6,0.413,0.415,1.7,2.6,0.656,1.9,4.2,6.1,1.3,0.9,0.9,1.1,4,6.4,2542,8.6,0.471,0.013,0.463,7.1,16.1,11.5,6.7,1.5,2.3,14.4,11.7,0.2,3.7,3.9,0.073,-3.8,2.7,-1.1,0.6
2004/2005,43870000,57429410.46,385277,Seattle SuperSonics,21,SEA,Washington,West,Northwest,52,30,0.634,98.9,96.6,2.59,Nick Collison,C,24,1969680,2659566,82,4,17,2.3,4.3,0.537,0,0,0,2.3,4.3,0.541,0.537,1,1.4,0.703,1.9,2.7,4.6,0.4,0.4,0.6,0.8,3.1,5.6,1396,15,0.57,0.008,0.333,13.7,19.2,16.5,3.9,1.3,2.8,13.3,15.5,2.7,1.2,3.9,0.135,0,0.3,0.3,0.8
2004/2005,43870000,57429410.46,385277,Los Angeles Lakers,14,LAL,California,West,Pacific,34,48,0.415,98.7,101.7,-2.32,Brian Cook,C,24,971160,1311311,72,0,15.1,2.4,5.9,0.417,1.1,2.8,0.392,1.4,3.1,0.439,0.509,0.4,0.5,0.757,0.9,2.1,3,0.5,0.3,0.4,0.4,1.9,6.4,1087,14.1,0.522,0.472,0.088,6.6,15.8,11.2,5.7,1.1,1.8,6.2,19.4,1.5,0.5,2,0.088,0.3,-2.6,-2.3,-0.1
2004/2005,43870000,57429410.46,385277,Toronto Raptors,28,TOR,Ontario,East,Atlantic,33,49,0.402,99.7,101.4,-1.81,0,PG,23,#N/A,#N/A,5,0,14.8,2,4.8,0.417,0,0.8,0,2,4,0.5,0.417,0.6,1.2,0.5,0.4,1,1.4,4.4,1.2,0.2,1.2,1.2,4.6,74,17,0.432,0.167,0.25,3,7.8,5.4,48.7,4.2,1,18.4,20.2,0,0.1,0.1,0.067,-0.8,-1.3,-2.1,0
2004/2005,43870000,57429410.46,385277,New York Knicks,20,NYK,New York,East,Atlantic,33,49,0.402,97.3,99.7,-2.72,Jamal Crawford,SG,24,5760000,7777457,70,67,38.4,6.2,15.7,0.398,2.6,7.3,0.361,3.6,8.4,0.431,0.483,2.6,3.1,0.843,0.5,2.4,2.9,4.3,1.3,0.3,2.1,1.9,17.7,2688,15.2,0.521,0.467,0.197,1.4,7.5,4.4,19.2,1.8,0.5,11,22.8,3.1,1.1,4.2,0.075,2.5,-1.8,0.8,1.9
2004/2005,43870000,57429410.46,385277,Indiana Pacers,12,IND,Indiana,East,Central,44,38,0.537,93,92.2,0.49,Austin Croshere,PF,29,8260000,11153090,73,22,25,2.6,6.8,0.378,0.6,2.4,0.259,2,4.4,0.443,0.424,3.1,3.5,0.883,1.4,3.7,5.1,1.3,0.7,0.2,1.4,2.1,8.9,1827,13.5,0.531,0.35,0.515,6.8,17.5,12.2,9.5,1.4,0.7,14.6,18.7,1.8,2.2,4.1,0.107,-0.5,0.2,-0.3,0.8
2004/2005,43870000,57429410.46,385277,Chicago Bulls,5,CHI,Illinois,East,Central,47,35,0.573,94.5,93.4,0.65,Eddy Curry,C,22,3896402,5261128,63,60,28.7,6.2,11.6,0.538,0,0,,6.2,11.6,0.538,0.538,3.6,5,0.72,1.8,3.5,5.4,0.6,0.3,0.9,2.6,3.2,16.1,1808,16.3,0.583,0,0.43,7.2,13.6,10.5,4.1,0.6,2.4,15.8,25.5,1.5,2.8,4.3,0.115,-1.9,0,-1.9,0.1
2004/2005,43870000,57429410.46,385277,Indiana Pacers,12,IND,Indiana,East,Central,44,38,0.537,93,92.2,0.49,Michael Curry,SF,36,845122,1141128,18,7,13.8,0.7,1.6,0.448,0,0,,0.7,1.6,0.448,0.448,0.2,0.4,0.5,0.4,1.1,1.5,0.8,0.3,0.2,0.3,2.2,1.7,249,5.1,0.461,0,0.276,3.9,9,6.5,9.7,1.1,1.2,13.3,7.2,0.1,0.2,0.3,0.057,-3.7,1.2,-2.5,0
2004/2005,43870000,57429410.46,385277,Philadelphia 76ers,23,PHI,Pennsylvania,East,Atlantic,43,39,0.524,99.1,99.9,-1.07,Samuel Dalembert,C,23,1599549,2159795,72,60,24.8,3.5,6.6,0.524,0,0,,3.5,6.6,0.524,0.524,1.2,2.1,0.601,2.6,4.9,7.5,0.5,0.6,1.7,1.6,3.3,8.2,1785,14.4,0.543,0,0.31,11.6,22.6,17.1,3.3,1.3,5.3,17.4,16.3,0.8,3.1,3.9,0.104,-3.7,2.2,-1.5,0.2
2004/2005,43870000,57429410.46,385277,Dallas Mavericks,7,DAL,Texas,West,Southwest,58,24,0.707,102.5,96.8,5.86,Erick Dampier,C,29,7700000,10396948,59,56,27.3,3.4,6.2,0.55,0,0.1,0,3.4,6.2,0.555,0.55,2.3,3.9,0.605,3.1,5.4,8.5,0.9,0.3,1.4,1.7,3.5,9.2,1609,15.2,0.58,0.008,0.621,13,21.7,17.4,4.9,0.5,3.7,17.9,15.8,2.3,2.3,4.5,0.135,-0.7,1.5,0.8,1.1
2004/2005,43870000,57429410.46,385277,Seattle SuperSonics,21,SEA,Washington,West,Northwest,52,30,0.634,98.9,96.6,2.59,Antonio Daniels,PG,29,2200000,2970556,75,2,27,3.6,8.3,0.438,0.7,2.2,0.297,3,6.1,0.489,0.478,3.3,4.1,0.816,0.3,2,2.3,4.1,0.7,0,1,1,11.2,2026,18,0.557,0.265,0.488,1.2,9,5.1,25.6,1.4,0.1,9.3,19,6.3,0.5,6.8,0.16,3,-2,1,1.5
2004/2005,43870000,57429410.46,385277,Sacramento Kings,26,SAC,California,West,Pacific,50,32,0.61,103.7,101.6,2.56,Erik Daniels,SF,22,385277,520221,21,0,3.4,0.3,0.9,0.333,0,0.1,0.5,0.2,0.8,0.313,0.361,0,0,,0.3,0.5,0.9,0.2,0.1,0,0.3,0.3,0.6,72,4.6,0.361,0.111,0,10.9,17.1,14,7.7,1.4,0,25,14.8,-0.1,0.1,-0.1,-0.061,-6.7,-1.2,-7.9,-0.1
2004/2005,43870000,57429410.46,385277,Dallas Mavericks,7,DAL,Texas,West,Southwest,58,24,0.707,102.5,96.8,5.86,Marquis Daniels,SG,24,4903000,6620290,60,17,23.5,3.7,8.4,0.437,0.1,0.6,0.2,3.6,7.8,0.454,0.443,1.6,2.2,0.737,1.5,2.2,3.6,2.1,1.4,0.2,1.4,2.1,9.1,1412,14.6,0.484,0.069,0.264,7,10,8.6,14.6,3,0.7,13.3,20.6,0.7,1.9,2.5,0.086,-0.3,1.2,0.9,1
2004/2005,43870000,57429410.46,385277,Chicago Bulls,5,CHI,Illinois,East,Central,47,35,0.573,94.5,93.4,0.65,Antonio Davis,PF,36,12925000,17452020,72,62,25.6,2.7,5.8,0.461,0,0,,2.7,5.8,0.461,0.461,1.6,2.1,0.757,2.1,3.8,5.9,1.1,0.4,0.6,1.3,2,7,1843,11.1,0.516,0,0.363,9.3,16.6,13,7.1,0.8,1.7,16.5,14.1,0.9,3,3.9,0.101,-2.7,2.5,-0.2,0.9
2004/2005,43870000,57429410.46,385277,#N/A,#N/A,TOT,#N/A,#N/A,#N/A,#N/A,#N/A,#N/A,#N/A,#N/A,#N/A,Baron Davis,PG,25,12330000,16648619,46,32,34.4,6.3,16.3,0.387,2.6,7.7,0.333,3.8,8.7,0.435,0.465,4,5.3,0.761,0.7,3.1,3.8,7.9,1.8,0.3,2.8,2.7,19.2,1581,20.8,0.515,0.471,0.323,2.2,10.6,6.2,42,2.7,0.7,13.2,28.2,2.8,1.5,4.4,0.132,5.8,-1,4.7,2.7
2004/2005,43870000,57429410.46,385277,New Orleans Hornets,19,NOH,Louisiana,West,Southwest,18,64,0.22,88.4,95.5,-6.3,Baron Davis,PG,25,12330000,16648619,18,13,32.9,6.2,16.8,0.366,2.4,7.6,0.321,3.7,9.2,0.404,0.439,4.1,5.3,0.771,0.9,2.8,3.7,7.2,1.7,0.2,2.1,2.9,18.9,593,21.4,0.492,0.452,0.317,3.1,10.6,6.7,44,2.9,0.5,9.9,30,1.1,0.6,1.7,0.138,7.3,-0.9,6.4,1.2
2004/2005,43870000,57429410.46,385277,Golden State Warriors,10,GSW,California,West,Pacific,34,48,0.415,98.7,100.9,-1.74,Baron Davis,PG,25,12330000,16648619,28,19,35.3,6.4,16,0.401,2.6,7.8,0.341,3.8,8.3,0.457,0.483,4,5.3,0.755,0.6,3.3,3.9,8.3,1.8,0.4,3.3,2.6,19.5,988,20.4,0.53,0.483,0.327,1.7,10.6,5.9,40.8,2.6,0.7,15.3,27.1,1.7,0.9,2.6,0.129,4.9,-1.1,3.7,1.4
2004/2005,43870000,57429410.46,385277,#N/A,#N/A,TOT,#N/A,#N/A,#N/A,#N/A,#N/A,#N/A,#N/A,#N/A,#N/A,Dale Davis,C,35,10068750,13595360,61,28,21.4,1.8,3.8,0.479,0,0,,1.8,3.8,0.479,0.479,1,1.6,0.606,2.5,3.7,6.1,0.8,0.5,1.1,0.7,2.7,4.7,1307,13.4,0.512,0,0.423,13.3,19.8,16.5,5.8,1.3,3.7,13.4,11.3,1.6,1.8,3.4,0.126,-1.8,2.7,0.8,0.9
2004/2005,43870000,57429410.46,385277,Golden State Warriors,10,GSW,California,West,Pacific,34,48,0.415,98.7,100.9,-1.74,Dale Davis,C,35,10068750,13595360,36,3,16,1.3,3,0.413,0,0,,1.3,3,0.413,0.413,0.6,1.1,0.579,1.7,2.6,4.3,0.6,0.4,0.9,0.6,2.2,3.1,577,10.5,0.445,0,0.349,11,18.2,14.4,5.8,1.2,3.9,13.7,11.2,0.2,0.7,0.9,0.072,-4.1,2.2,-1.9,0
2004/2005,43870000,57429410.46,385277,Indiana Pacers,12,IND,Indiana,East,Central,44,38,0.537,93,92.2,0.49,Dale Davis,C,35,10068750,13595360,25,25,29.2,2.7,5,0.536,0,0,,2.7,5,0.536,0.536,1.5,2.4,0.623,3.6,5.2,8.9,1,0.8,1.3,0.9,3.3,6.9,730,15.7,0.566,0,0.488,15.1,21.1,18.1,5.7,1.4,3.5,13.2,11.5,1.4,1.2,2.6,0.168,0,3,3,0.9
2004/2005,43870000,57429410.46,385277,Philadelphia 76ers,23,PHI,Pennsylvania,East,Atlantic,43,39,0.524,99.1,99.9,-1.07,Josh Davis,PF,24,620046,837218,42,5,7.8,1,2.6,0.378,0.5,1.3,0.358,0.5,1.4,0.397,0.464,0.3,0.4,0.824,0.7,1.2,1.9,0.3,0.2,0.1,0.4,1.1,2.8,328,11.4,0.494,0.477,0.153,9.8,17.4,13.5,6,1.2,1,11.2,18,0.2,0.4,0.5,0.079,-1.9,-1.8,-3.7,-0.1
2004/2005,43870000,57429410.46,385277,Boston Celtics,2,BOS,Massachusetts,East,Atlantic,45,37,0.549,101.3,100.4,0.35,Ricky Davis,SG,25,5455200,7365900,82,11,32.9,5.9,12.7,0.462,0.7,2.2,0.339,5.1,10.5,0.488,0.491,3.5,4.3,0.815,0.8,2.2,3,3,1.1,0.3,2.5,2.1,16,2696,15,0.547,0.173,0.337,2.9,7.8,5.4,15.5,1.7,0.8,14.6,23.4,2.5,1.7,4.2,0.074,0.3,-1.4,-1.1,0.6
2004/2005,43870000,57429410.46,385277,Orlando Magic,22,ORL,Florida,East,Southeast,36,46,0.439,99.5,101.8,-2.52,Andrew DeClercq,C,31,2500000,3375632,8,0,6.1,0.5,1.1,0.444,0,0,,0.5,1.1,0.444,0.444,0.1,0.4,0.333,0.9,0.4,1.3,0,0.3,0,0.1,1.8,1.1,49,5.6,0.436,0,0.333,16.2,6.8,11.4,0,2.1,0,8.8,10.1,0,0,0.1,0.061,-2.7,-3.4,-6,0
2004/2005,43870000,57429410.46,385277,Detroit Pistons,9,DET,Michigan,East,Central,54,28,0.659,93.3,89.5,3.31,Carlos Delfino,SG,22,901920,1217820,30,4,15.3,1.4,3.9,0.359,0.3,1.2,0.257,1.1,2.7,0.402,0.397,0.8,1.3,0.575,0.4,1.4,1.8,1.3,0.7,0.2,0.8,1.5,3.9,459,8.6,0.431,0.299,0.342,3.3,10.6,7,13.3,2.6,1,14.6,16.1,-0.3,0.8,0.5,0.048,-3.5,1.2,-2.3,0
2004/2005,43870000,57429410.46,385277,Atlanta Hawks,1,ATL,Georgia,East,Southeast,13,69,0.159,92.7,102.5,-9.62,Tony Delk,SG,31,2700000,3645683,56,1,23.9,4.4,10.6,0.416,1.3,3.6,0.356,3.1,6.9,0.447,0.477,1.8,2.4,0.757,0.5,1.8,2.3,1.9,0.8,0.1,1,2.2,11.9,1340,15.1,0.512,0.342,0.23,2.3,9.3,5.6,13.9,1.8,0.2,7.7,23.6,1.8,0.3,2.1,0.074,1.2,-3.6,-2.3,-0.1
2004/2005,43870000,57429410.46,385277,Chicago Bulls,5,CHI,Illinois,East,Central,47,35,0.573,94.5,93.4,0.65,Luol Deng,SF,19,2273400,3069665,61,45,27.3,4.6,10.6,0.434,0.5,1.9,0.265,4.1,8.7,0.472,0.458,2,2.7,0.741,1.5,3.8,5.3,2.2,0.8,0.4,1.9,1.6,11.7,1663,14.2,0.496,0.181,0.251,6.2,15.4,10.8,14.8,1.5,1.2,14.1,22.4,0.1,2.9,3,0.086,-1.2,1.8,0.6,1.1
2004/2005,43870000,57429410.46,385277,Atlanta Hawks,1,ATL,Georgia,East,Southeast,13,69,0.159,92.7,102.5,-9.62,Boris Diaw,SG,22,1097640,1482091,66,25,18.2,1.9,4.5,0.422,0.1,0.8,0.18,1.7,3.7,0.471,0.437,0.9,1.2,0.74,0.8,1.8,2.6,2.3,0.6,0.3,1.3,1.9,4.8,1201,10,0.479,0.17,0.262,5,11.8,8.2,19.5,1.6,1.2,21,15.5,-0.3,0.4,0.1,0.005,-2.8,-1,-3.8,-0.5
2004/2005,43870000,57429410.46,385277,#N/A,#N/A,TOT,#N/A,#N/A,#N/A,#N/A,#N/A,#N/A,#N/A,#N/A,#N/A,Dan Dickau,PG,26,893400,1206316,71,46,29.4,4.3,10.6,0.405,1.2,3.5,0.347,3.1,7.2,0.432,0.461,2.7,3.2,0.833,0.5,2.1,2.5,4.9,1.1,0.1,2,2.8,12.5,2090,14.9,0.518,0.324,0.302,1.9,8.6,5.1,31,2,0.2,14.5,22.3,2.2,1.3,3.5,0.079,1.5,-1.8,-0.3,0.9
2004/2005,43870000,57429410.46,385277,Dallas Mavericks,7,DAL,Texas,West,Southwest,58,24,0.707,102.5,96.8,5.86,Dan Dickau,PG,26,893400,1206316,4,0,4,0.3,2,0.125,0.3,0.8,0.333,0,1.3,0,0.188,0.5,0.8,0.667,0,0.3,0.3,0.3,0,0,0.3,0.3,1.3,16,-4.6,0.268,0.375,0.375,0,6.8,3.5,8.8,0,0,9.7,28.9,-0.1,0,-0.1,-0.259,-11,-6.3,-17.3,-0.1
2004/2005,43870000,57429410.46,385277,New Orleans Hornets,19,NOH,Louisiana,West,Southwest,18,64,0.22,88.4,95.5,-6.3,Dan Dickau,PG,26,893400,1206316,67,46,31,4.6,11.2,0.408,1.3,3.6,0.347,3.3,7.6,0.437,0.464,2.8,3.4,0.836,0.5,2.2,2.7,5.2,1.1,0.1,2.1,3,13.2,2074,15,0.521,0.324,0.301,1.9,8.6,5.1,31.2,2,0.2,14.5,22.2,2.3,1.3,3.5,0.082,1.6,-1.8,-0.2,0.9
2004/2005,43870000,57429410.46,385277,New Jersey Nets,3,NJN,New Jersey,East,Atlantic,42,40,0.512,91.4,92.9,-1.82,Kaniel Dickens,SF,26,483938,653438,11,0,5.5,0.4,1.3,0.286,0.3,0.8,0.333,0.1,0.5,0.2,0.393,0.2,0.2,1,0.3,0.5,0.8,0.1,0.2,0.1,0.2,0.5,1.2,61,6.7,0.437,0.643,0.143,5.8,12,8.9,2.6,1.8,1.3,11.8,13,0,0.1,0,0.036,-4.5,-0.8,-5.3,-0.1
2004/2005,43870000,57429410.46,385277,Cleveland Cavaliers,6,CLE,Ohio,East,Central,42,40,0.512,96.5,95.7,0.27,DeSagana Diop,C,23,2695164,3639153,39,0,7.8,0.5,1.8,0.29,0,0.1,0,0.5,1.7,0.299,0.29,0,0.1,0,0.8,1,1.8,0.4,0.2,0.7,0.3,1.4,1,306,6.3,0.281,0.029,0.072,11.3,15.8,13.5,7.1,1.4,6.6,14.4,12.3,-0.5,0.4,0,-0.006,-6.4,3.3,-3,-0.1
2004/2005,43870000,57429410.46,385277,Los Angeles Lakers,14,LAL,California,West,Pacific,34,48,0.415,98.7,101.7,-2.32,Vlade Divac,C,36,4903000,6620290,15,0,8.7,0.9,2.1,0.419,0,0,,0.9,2.1,0.419,0.419,0.5,0.8,0.667,1.2,0.9,2.1,1.3,0.3,0.1,0.9,1.7,2.3,130,10.5,0.469,0,0.387,15.7,12.1,13.9,23.1,1.6,0.6,27.8,17.5,0,0,0,0.013,-2,-0.4,-2.4,0
2004/2005,43870000,57429410.46,385277,Washington Wizards,30,WAS,Washington DC,East,Southeast,45,37,0.549,100.5,100.8,-0.71,Juan Dixon,SG,26,1348200,1820411,63,4,16.7,3,7.1,0.416,0.8,2.3,0.327,2.2,4.8,0.46,0.47,1.4,1.5,0.897,0.5,1.4,1.9,1.8,0.7,0.1,1.1,1.6,8,1054,15.2,0.518,0.329,0.217,3.3,9.6,6.3,18.4,2.1,0.3,12.2,23.1,1.3,0.7,2,0.089,0.4,-2.6,-2.1,0
2004/2005,43870000,57429410.46,385277,Miami Heat,16,MIA,Florida,East,Southeast,59,23,0.72,101.5,95,5.77,Michael Doleac,C,27,2400000,3240607,80,8,14.7,1.9,4.1,0.447,0,0,0,1.9,4.1,0.45,0.447,0.3,0.5,0.61,0.9,2.3,3.2,0.6,0.3,0.3,0.5,2,4,1175,9.7,0.46,0.006,0.124,7.7,17.7,12.9,6.2,1,1.4,9.3,15.3,0.2,1.6,1.9,0.076,-3.5,0.1,-3.4,-0.4
2004/2005,43870000,57429410.46,385277,Miami Heat,16,MIA,Florida,East,Southeast,59,23,0.72,101.5,95,5.77,Keyon Dooling,PG,24,745046,1006000,74,0,16,1.9,4.7,0.403,0.3,1,0.253,1.6,3.6,0.444,0.43,1.1,1.5,0.78,0.1,1.1,1.2,1.8,0.5,0.1,0.9,1.6,5.2,1184,10.1,0.486,0.217,0.316,1.1,7.5,4.4,17,1.7,0.7,14.2,18,0.2,1.3,1.5,0.061,-2.6,-1.1,-3.7,-0.5
2004/2005,43870000,57429410.46,385277,Atlanta Hawks,1,ATL,Georgia,East,Southeast,13,69,0.159,92.7,102.5,-9.62,Predrag Drobnjak,C,29,2550000,3443145,71,1,20.2,3.4,7.6,0.438,0.4,1,0.352,3,6.6,0.451,0.461,1.4,1.7,0.8,1,2.3,3.4,0.7,0.6,0.3,1.1,1.9,8.4,1435,12.7,0.501,0.131,0.221,5.6,14.1,9.7,5.9,1.5,1.3,11.6,21,0.4,0.5,1,0.032,-2.6,-2.4,-5,-1.1
2004/2005,43870000,57429410.46,385277,Chicago Bulls,5,CHI,Illinois,East,Central,47,35,0.573,94.5,93.4,0.65,Chris Duhon,PG,22,385277,520221,82,73,26.5,2.1,6,0.352,1.1,3.2,0.355,1,2.7,0.35,0.449,0.6,0.8,0.731,0.3,2.3,2.6,4.9,1,0,1.5,2.5,5.9,2177,9.8,0.471,0.543,0.137,1.2,9.7,5.5,28.6,2,0.1,18.7,13.1,0.8,3.3,4.1,0.09,-1.2,0.8,-0.5,0.8
2004/2005,43870000,57429410.46,385277,San Antonio Spurs,27,SAS,Texas,West,Southwest,59,23,0.72,96.2,88.4,7.84,Tim Duncan,PF,28,14260641,19255473,66,66,33.4,7.8,15.8,0.496,0,0.1,0.333,7.8,15.7,0.498,0.498,4.6,6.9,0.67,3.1,8,11.1,2.7,0.7,2.6,1.9,2.2,20.3,2203,27,0.54,0.009,0.437,10.7,28.2,19.4,16.1,1.1,5.7,9.3,28.9,5.5,5.7,11.2,0.245,1.9,4.5,6.4,4.7
2004/2005,43870000,57429410.46,385277,Golden State Warriors,10,GSW,California,West,Pacific,34,48,0.415,98.7,100.9,-1.74,Mike Dunleavy,SF,24,3565080,4813760,79,79,32.5,5.2,11.5,0.451,1.4,3.5,0.388,3.8,8,0.479,0.51,1.7,2.2,0.779,1.2,4.3,5.5,2.6,1,0.3,1.7,2.5,13.4,2570,14.5,0.539,0.305,0.19,3.9,15,9.2,13.1,1.6,0.7,11.9,19.1,2.7,2.2,4.9,0.091,0.2,0.1,0.3,1.5
2004/2005,43870000,57429410.46,385277,Detroit Pistons,9,DET,Michigan,East,Central,54,28,0.659,93.3,89.5,3.31,Ronald Dupree,SF,24,620046,837218,47,0,10,1.3,2.7,0.48,0,0,0.5,1.3,2.7,0.48,0.484,0.6,1,0.617,0.7,1.3,2,0.5,0.1,0.2,0.5,1.3,3.2,472,11.8,0.515,0.016,0.37,8.5,15,11.8,8.7,0.8,1.6,13,16.9,0.4,0.7,1,0.104,-2.9,0,-2.9,-0.1
2004/2005,43870000,57429410.46,385277,Minnesota Timberwolves,18,MIN,Minnesota,West,Northwest,44,38,0.537,96.8,95.3,1.73,Ndudi Ebi,SG,20,901440,1217172,2,0,27,5.5,10.5,0.524,0,0.5,0,5.5,10,0.55,0.524,2.5,4.5,0.556,3,5,8,0.5,0.5,0.5,1.5,3.5,13.5,54,17.8,0.541,0.048,0.429,13.3,20.3,16.9,3.3,1,1.3,10.7,24,0.1,0.1,0.1,0.116,-1.7,-3.3,-5,0
2004/2005,43870000,57429410.46,385277,New Orleans Hornets,19,NOH,Louisiana,West,Southwest,18,64,0.22,88.4,95.5,-6.3,Corsley Edwards,C,25,319498,431403,10,0,11,1,3.1,0.323,0,0,,1,3.1,0.323,0.323,0.7,1.2,0.583,1.2,1.3,2.5,0.3,0.3,0.4,0.2,1.9,2.7,110,8.6,0.372,0,0.387,12.4,14.6,13.5,4.6,1.5,2.9,5.2,16.2,0,0.1,0.1,0.026,-5.1,-0.2,-5.2,-0.1
2004/2005,43870000,57429410.46,385277,Indiana Pacers,12,IND,Indiana,East,Central,44,38,0.537,93,92.2,0.49,John Edwards,C,23,385277,520221,25,1,5.6,0.4,1.2,0.367,0,0,,0.4,1.2,0.367,0.367,0.3,0.6,0.5,0.3,0.4,0.8,0.1,0.1,0.2,0.3,0.5,1.2,139,5.1,0.401,0,0.467,7,9.3,8.2,3.7,1.2,2.2,18.1,15.2,-0.2,0.1,-0.1,-0.035,-6.9,-0.1,-7,-0.2
2004/2005,43870000,57429410.46,385277,Utah Jazz,29,UTA,Utah,West,Northwest,26,56,0.317,93,97.3,-3.74,Howard Eisley,PG,32,6301923,8509190,74,1,19.3,2.2,5.5,0.398,0.4,1.4,0.262,1.8,4.1,0.444,0.431,0.9,1.1,0.795,0.2,1,1.2,3.4,0.6,0.1,1.5,2.1,5.6,1428,9.3,0.47,0.254,0.205,1.3,6.7,3.9,29.1,1.7,0.5,20.1,17.8,-0.4,0.4,0,0,-2.2,-3,-5.3,-1.2
2004/2005,43870000,57429410.46,385277,Atlanta Hawks,1,ATL,Georgia,East,Southeast,13,69,0.159,92.7,102.5,-9.62,0,C,29,#N/A,#N/A,42,31,17.4,1.9,4.3,0.434,0,0,0,1.9,4.3,0.436,0.434,1.7,2.2,0.774,1.6,2.6,4.3,0.3,0.5,0.3,1.1,3.1,5.5,732,10.4,0.516,0.005,0.511,10.4,18.4,14.2,2.4,1.6,1.3,16.8,16.4,0.3,0.4,0.7,0.043,-3.9,-2.1,-6,-0.7
2004/2005,43870000,57429410.46,385277,Denver Nuggets,8,DEN,Colorado,West,Northwest,49,33,0.598,99.5,97.5,2.23,Francisco Elson,C,28,620046,837218,67,11,14,1.5,3.2,0.468,0,0,0.333,1.5,3.2,0.469,0.47,0.7,1.2,0.57,0.9,2.1,3,0.5,0.5,0.6,0.6,1.9,3.7,939,10.7,0.494,0.014,0.366,7.5,17.1,12.3,5.5,1.9,3.3,13.8,13.8,0.2,1.4,1.6,0.081,-3.6,1.8,-1.7,0.1
2004/2005,43870000,57429410.46,385277,Charlotte Bobcats,4,CHA,North Carolina,East,Southeast,18,64,0.22,94.3,100.2,-6.15,Melvin Ely,PF,26,1742400,2352680,79,17,20.9,2.9,6.7,0.432,0,0,,2.9,6.7,0.432,0.432,1.5,2.7,0.575,1.8,2.3,4.1,1,0.4,0.9,1.5,2.5,7.3,1649,10.5,0.465,0,0.403,9.3,13.5,11.3,7.6,1,3.1,15.7,19.7,-1.1,1.2,0.1,0.004,-3.7,0.3,-3.3,-0.6
2004/2005,43870000,57429410.46,385277,Memphis Grizzlies,15,MEM,Tennessee,West,Southwest,45,37,0.549,93.4,91.1,2.64,Andre Emmett,SG,22,385277,520221,8,0,3.5,0.3,0.8,0.333,0,0,,0.3,0.8,0.333,0.333,0.4,0.6,0.6,0,0.3,0.3,0,0,0,0.1,0.5,0.9,28,0.9,0.427,0,0.833,0,8.5,4.3,0,0,0,10.9,15.5,0,0,0,-0.038,-8.8,-4.1,-12.9,-0.1
2004/2005,43870000,57429410.46,385277,Sacramento Kings,26,SAC,California,West,Pacific,50,32,0.61,103.7,101.6,2.56,Maurice Evans,SG,26,695046,938487,65,11,19,2.5,5.7,0.442,0.4,1.3,0.329,2.1,4.5,0.474,0.479,0.9,1.2,0.756,1.4,1.7,3.1,0.7,0.6,0.1,0.5,1.6,6.4,1233,12.1,0.511,0.22,0.209,8,10.2,9.1,5.4,1.5,0.5,7.7,15.9,1.5,0.6,2.1,0.081,-0.8,-1.8,-2.6,-0.2
2004/2005,43870000,57429410.46,385277,Seattle SuperSonics,21,SEA,Washington,West,Northwest,52,30,0.634,98.9,96.6,2.59,Reggie Evans,PF,24,880000,1188222,79,79,23.8,1.7,3.5,0.476,0,0,0,1.7,3.5,0.48,0.476,1.6,3,0.534,3.2,6.1,9.3,0.7,0.7,0.2,1.3,2.6,4.9,1881,13,0.512,0.007,0.851,16.6,31.2,23.9,4.7,1.7,0.6,21.6,11.8,1.5,2.3,3.8,0.096,-1.3,1.1,-0.2,0.9
2004/2005,43870000,57429410.46,385277,Dallas Mavericks,7,DAL,Texas,West,Southwest,58,24,0.707,102.5,96.8,5.86,Michael Finley,SG,31,14609375,19726352,64,64,36.8,6,14.2,0.427,1.8,4.5,0.407,4.2,9.7,0.436,0.491,1.8,2.1,0.831,0.7,3.4,4.1,2.6,0.8,0.3,0.9,1.9,15.7,2358,14.3,0.519,0.314,0.15,2.2,10.1,6.2,11.7,1.1,0.6,5.8,19.5,3.6,1.9,5.5,0.112,1.7,-0.7,1,1.8
2004/2005,43870000,57429410.46,385277,Golden State Warriors,10,GSW,California,West,Pacific,34,48,0.415,98.7,100.9,-1.74,Derek Fisher,PG,30,4903000,6620290,74,32,30,4,10.2,0.393,1.5,3.9,0.371,2.6,6.3,0.407,0.465,2.4,2.7,0.862,0.5,2.4,2.9,4.1,1,0.1,1.7,2.4,11.9,2222,13.4,0.519,0.385,0.269,1.8,9.2,5.3,21.6,1.8,0.1,13.3,19.4,2.3,1.4,3.7,0.08,0.3,-1.3,-1,0.6
2004/2005,43870000,57429410.46,385277,Milwaukee Bucks,17,MIL,Wisconsin,East,Central,30,52,0.366,97.2,100.2,-3.09,Marcus Fizer,PF,26,735960,993732,54,0,16.7,2.5,5.4,0.455,0,0.1,0,2.5,5.3,0.465,0.455,1.3,1.9,0.68,0.5,2.7,3.2,1.2,0.5,0.2,1.2,1.8,6.2,903,11.6,0.498,0.021,0.353,3.7,19.2,11.4,11.8,1.5,1.1,15.7,20.2,-0.2,0.7,0.4,0.023,-3.4,-0.2,-3.5,-0.3
2004/2005,43870000,57429410.46,385277,#N/A,#N/A,TOT,#N/A,#N/A,#N/A,#N/A,#N/A,#N/A,#N/A,#N/A,#N/A,Luis Flores,PG,23,385277,520221,16,0,4.8,0.9,1.8,0.483,0.3,0.6,0.5,0.6,1.2,0.474,0.569,0.1,0.1,1,0.1,0.1,0.2,0.7,0.1,0,0.7,0.6,2.2,77,10.1,0.586,0.345,0.069,1.5,3,2.2,24.5,1.3,0,26.9,23.5,-0.1,0,0,-0.02,-3.7,-5.8,-9.6,-0.1
2004/2005,43870000,57429410.46,385277,Golden State Warriors,10,GSW,California,West,Pacific,34,48,0.415,98.7,100.9,-1.74,Luis Flores,PG,23,385277,520221,15,0,4.9,0.9,1.8,0.481,0.3,0.6,0.444,0.6,1.2,0.5,0.556,0.1,0.1,1,0,0.1,0.1,0.7,0.1,0,0.7,0.6,2.1,73,8.8,0.574,0.333,0.074,0,3.1,1.5,25.9,1.4,0,28.3,23.5,-0.1,0,-0.1,-0.039,-4.6,-5.6,-10.2,-0.2
2004/2005,43870000,57429410.46,385277,Denver Nuggets,8,DEN,Colorado,West,Northwest,49,33,0.598,99.5,97.5,2.23,Luis Flores,PG,23,385277,520221,1,0,4,1,2,0.5,1,1,1,0,1,0,0.75,0,0,,1,0,1,0,0,0,0,0,3,4,33.7,0.75,0.5,0,29,0,14.4,0,0,0,0,22.3,0,0,0,0.324,12.7,-10.5,2.3,0
2004/2005,43870000,57429410.46,385277,Seattle SuperSonics,21,SEA,Washington,West,Northwest,52,30,0.634,98.9,96.6,2.59,Danny Fortson,C,28,5818136,7855955,62,0,16.9,1.9,3.6,0.522,0,0,,1.9,3.6,0.522,0.522,3.7,4.2,0.88,2.5,3.1,5.6,0.1,0.2,0.1,1.5,4.3,7.5,1047,17,0.682,0,1.142,18.4,22.2,20.3,1.2,0.8,0.5,21.1,19,3.6,0.7,4.3,0.197,0.7,-3.6,-2.9,-0.2
2004/2005,43870000,57429410.46,385277,Indiana Pacers,12,IND,Indiana,East,Central,44,38,0.537,93,92.2,0.49,Jeff Foster,C,28,4500000,6076138,61,43,26.1,2.8,5.3,0.519,0,0.1,0,2.8,5.2,0.527,0.519,1.5,2.3,0.634,3.4,5.7,9,0.7,0.8,0.2,0.9,3,7,1594,15.4,0.551,0.015,0.438,15.6,25.4,20.6,4.8,1.6,0.6,12.5,13.3,2.9,2.5,5.4,0.162,-0.4,0.9,0.6,1
2004/2005,43870000,57429410.46,385277,Indiana Pacers,12,IND,Indiana,East,Central,44,38,0.537,93,92.2,0.49,Tremaine Fowlkes,SF,28,79029,106709,8,0,7,1.1,2.1,0.529,0.1,0.4,0.333,1,1.8,0.571,0.559,0,0.3,0,0.4,0.6,1,0,0.3,0,0.6,0.9,2.4,56,7.5,0.531,0.176,0.118,6.5,10.5,8.5,0,2,0,21.9,19.6,-0.1,0.1,0,-0.028,-6.2,-3.7,-9.9,-0.1
2004/2005,43870000,57429410.46,385277,Golden State Warriors,10,GSW,California,West,Pacific,34,48,0.415,98.7,100.9,-1.74,Adonal Foyle,C,29,6500000,8776644,78,50,21.8,2,4,0.502,0,0,,2,4,0.502,0.502,0.5,0.9,0.556,2.1,3.4,5.5,0.7,0.3,2,0.7,2.6,4.5,1700,12.7,0.514,0,0.232,10.1,17.7,13.7,4.9,0.8,6.7,14.5,10.4,1.2,2.2,3.4,0.096,-3.4,3.8,0.4,1
2004/2005,43870000,57429410.46,385277,Portland Trail Blazers,25,POR,Oregon,West,Northwest,27,55,0.329,92.9,96.9,-3.45,Richie Frahm,SG,27,695046,938487,43,0,11.6,1.3,3.3,0.4,0.7,1.9,0.388,0.6,1.4,0.417,0.511,0.5,0.6,0.84,0.4,1,1.4,0.7,0.3,0.1,0.3,0.8,3.8,499,12.4,0.543,0.571,0.179,4.1,9.8,7.1,9.7,1.6,0.6,8.5,15.2,0.7,0.3,1,0.097,0.5,-2,-1.5,0.1
2004/2005,43870000,57429410.46,385277,Orlando Magic,22,ORL,Florida,East,Southeast,36,46,0.439,99.5,101.8,-2.52,Steve Francis,PG,27,12330000,16648619,78,78,38.2,7.2,17.1,0.423,0.5,1.6,0.299,6.7,15.4,0.436,0.438,6.4,7.8,0.823,1.6,4.2,5.8,7,1.4,0.4,4.1,3.5,21.3,2978,18.9,0.521,0.095,0.456,4.8,12,8.5,31.6,1.9,0.7,16.6,28,3.9,2.3,6.2,0.1,2.4,-0.2,2.2,3.2
2004/2005,43870000,57429410.46,385277,New Orleans Hornets,19,NOH,Louisiana,West,Southwest,18,64,0.22,88.4,95.5,-6.3,Matt Freije,PF,23,380579,513876,23,11,19.2,1.6,5.5,0.291,0.6,2.3,0.259,1,3.2,0.315,0.346,0.2,0.3,0.625,0.7,2,2.7,0.9,0.6,0.1,0.7,1.7,4,441,4.1,0.356,0.425,0.063,4.1,12.6,8.2,7.6,1.6,0.4,11.5,15.5,-0.8,0.3,-0.5,-0.052,-5.2,-0.7,-5.9,-0.4
2004/2005,43870000,57429410.46,385277,Chicago Bulls,5,CHI,Illinois,East,Central,47,35,0.573,94.5,93.4,0.65,0,PF,34,#N/A,#N/A,2,0,10.5,1.5,3,0.5,0,0,,1.5,3,0.5,0.5,1.5,2.5,0.6,0.5,1,1.5,0,0,0,0,1,4.5,21,13.1,0.549,0,0.833,5.4,10.6,8,0,0,0,0,17.5,0,0,0.1,0.161,-3.5,-4.7,-8.2,0
2004/2005,43870000,57429410.46,385277,Milwaukee Bucks,17,MIL,Wisconsin,East,Central,30,52,0.366,97.2,100.2,-3.09,Dan Gadzuric,C,26,695046,938487,81,81,22,3,5.6,0.539,0,0,,3,5.6,0.539,0.539,1.3,2.5,0.538,3.2,5.1,8.3,0.4,0.6,1.3,1,2.8,7.3,1783,18.1,0.551,0,0.441,17,27.4,22.2,2.7,1.4,4.4,13.1,15.8,2.8,2.4,5.2,0.14,-0.8,0.8,-0.1,0.9
2004/2005,43870000,57429410.46,385277,#N/A,#N/A,TOT,#N/A,#N/A,#N/A,#N/A,#N/A,#N/A,#N/A,#N/A,#N/A,Reece Gaines,PG,24,1454640,1964132,21,0,8.9,0.8,2.4,0.34,0.2,0.7,0.286,0.6,1.7,0.361,0.38,0.1,0.2,0.75,0,0.6,0.7,0.3,0.2,0,0.3,0.8,2,187,3.5,0.396,0.28,0.08,0.6,8,4.4,5.8,1.4,0.4,11.9,14.6,-0.3,0.1,-0.1,-0.034,-5.8,-1.2,-7,-0.2
2004/2005,43870000,57429410.46,385277,Houston Rockets,11,HOU,Texas,West,Southwest,51,31,0.622,95.1,91,4.27,Reece Gaines,PG,24,1454640,1964132,10,0,10.8,1,2.7,0.37,0.3,1.2,0.25,0.7,1.5,0.467,0.426,0.3,0.4,0.75,0,1.1,1.1,0.3,0.3,0,0.4,1.2,2.6,108,4.7,0.452,0.444,0.148,0,11.6,5.9,4.5,1.5,0,12.2,14.3,-0.1,0.1,0,0.017,-4.9,-0.4,-5.4,-0.1
2004/2005,43870000,57429410.46,385277,Milwaukee Bucks,17,MIL,Wisconsin,East,Central,30,52,0.366,97.2,100.2,-3.09,Reece Gaines,PG,24,1454640,1964132,11,0,7.2,0.6,2.1,0.304,0.1,0.2,0.5,0.5,1.9,0.286,0.326,0,0,,0.1,0.2,0.3,0.4,0.2,0.1,0.3,0.5,1.4,79,1.9,0.326,0.087,0,1.5,3,2.2,7.7,1.3,0.9,11.5,15,-0.2,0,-0.2,-0.104,-7,-2.2,-9.2,-0.1
2004/2005,43870000,57429410.46,385277,New Orleans Hornets,19,NOH,Louisiana,West,Southwest,18,64,0.22,88.4,95.5,-6.3,Alex Garcia,SG,24,620046,837218,8,3,18.3,2.3,6.5,0.346,0.6,2.3,0.278,1.6,4.3,0.382,0.394,0.4,0.5,0.75,0.9,1,1.9,2.3,0.5,0.1,1,1.9,5.5,146,8.4,0.409,0.346,0.077,5.5,6.8,6.1,22.1,1.5,0.6,13,19.7,-0.1,0.1,-0.1,-0.018,-2.5,-2.1,-4.5,-0.1
2004/2005,43870000,57429410.46,385277,Minnesota Timberwolves,18,MIN,Minnesota,West,Northwest,44,38,0.537,96.8,95.3,1.73,Kevin Garnett,PF,28,16000000,21604048,82,82,38.1,8.3,16.6,0.502,0.1,0.3,0.24,8.3,16.3,0.507,0.504,5.4,6.7,0.811,3,10.5,13.5,5.7,1.5,1.4,2.7,2.5,22.2,3121,28.2,0.567,0.018,0.404,9.5,30.2,20.3,27.1,2.1,2.6,12.2,27.1,10.1,6,16.1,0.248,5.3,4.4,9.7,9.3
2004/2005,43870000,57429410.46,385277,Orlando Magic,22,ORL,Florida,East,Southeast,36,46,0.439,99.5,101.8,-2.52,Pat Garrity,PF,28,2937500,3966368,71,0,13.5,1.7,4.3,0.402,0.7,2.1,0.333,1,2.2,0.465,0.482,0.4,0.5,0.879,0.3,1.5,1.7,0.4,0.3,0.1,0.4,1.5,4.6,955,9.1,0.505,0.48,0.108,2.5,11.9,7.3,4.9,1,0.7,8.6,16,0.5,0.5,1.1,0.054,-1.5,-2.4,-4,-0.5
2004/2005,43870000,57429410.46,385277,Memphis Grizzlies,15,MEM,Tennessee,West,Southwest,45,37,0.549,93.4,91.1,2.64,Pau Gasol,PF,24,4318481,5831042,56,53,32,6.4,12.4,0.514,0,0.1,0.167,6.4,12.3,0.517,0.514,5,6.6,0.768,2.3,5,7.3,2.4,0.7,1.7,2.4,2.6,17.8,1790,22.5,0.582,0.009,0.528,8.7,18.7,13.7,14.7,1.1,4.1,13.8,26.2,4.1,2.8,6.8,0.184,1.6,2.2,3.8,2.6
2004/2005,43870000,57429410.46,385277,Los Angeles Lakers,14,LAL,California,West,Pacific,34,48,0.415,98.7,101.7,-2.32,Devean George,SF,27,4546000,6138250,15,3,20.4,2.5,6.9,0.356,1.4,3.9,0.362,1.1,3.1,0.348,0.457,1,1.3,0.75,0.9,2.7,3.5,0.9,0.5,0.1,0.8,2.1,7.3,306,10.7,0.488,0.558,0.192,4.8,14.6,9.8,7.5,1.4,0.5,9.6,18.4,0.2,0.1,0.3,0.041,-0.7,-2.4,-3.2,-0.1
2004/2005,43870000,57429410.46,385277,Indiana Pacers,12,IND,Indiana,East,Central,44,38,0.537,93,92.2,0.49,Eddie Gill,PG,26,720046,972244,73,3,14,1.1,3.3,0.335,0.5,1.6,0.308,0.6,1.7,0.36,0.409,1,1.1,0.877,0.2,1.3,1.5,1.1,0.8,0.1,0.8,1.4,3.7,1021,9.5,0.484,0.483,0.335,1.9,11,6.5,13.8,3.2,0.4,17.8,15.8,-0.3,1.4,1.1,0.053,-2.2,0.9,-1.3,0.2
2004/2005,43870000,57429410.46,385277,Milwaukee Bucks,17,MIL,Wisconsin,East,Central,30,52,0.366,97.2,100.2,-3.09,Kendall Gill,SG,36,912195,1231694,14,0,20.3,2.3,5.7,0.4,0.2,0.6,0.333,2.1,5.1,0.408,0.419,1.3,1.4,0.9,0.8,1.9,2.6,1.9,1,0.3,0.6,2.6,6.1,284,12.2,0.479,0.113,0.25,4.5,10.8,7.6,14.9,2.6,1,9.2,15.7,0.3,0.2,0.5,0.079,-0.7,0.5,-0.2,0.1
2004/2005,43870000,57429410.46,385277,San Antonio Spurs,27,SAS,Texas,West,Southwest,59,23,0.72,96.2,88.4,7.84,Manu Ginobili,SG,27,6603500,8916395,74,74,29.6,5,10.5,0.471,1.3,3.5,0.376,3.6,7.1,0.517,0.533,4.8,6,0.803,1,3.4,4.4,3.9,1.6,0.4,2.3,2.6,16,2193,22.3,0.609,0.331,0.567,4,13.6,8.8,23,2.9,0.9,15,24.3,6.4,4.6,11,0.24,4.8,2.2,7,5
2004/2005,43870000,57429410.46,385277,Utah Jazz,29,UTA,Utah,West,Northwest,26,56,0.317,93,97.3,-3.74,Gordan Giricek,SG,27,4000000,5401012,81,44,20.5,3.5,7.8,0.448,0.5,1.3,0.362,3,6.5,0.465,0.478,1.4,1.7,0.81,0.3,1.9,2.2,1.7,0.6,0.1,1.1,1.9,8.8,1660,12.9,0.516,0.166,0.217,1.8,12.1,6.8,15.2,1.5,0.6,11.5,21.7,1.1,0.7,1.8,0.053,-0.8,-2,-2.8,-0.3
2004/2005,43870000,57429410.46,385277,San Antonio Spurs,27,SAS,Texas,West,Southwest,59,23,0.72,96.2,88.4,7.84,Dion Glover,SG,26,#N/A,#N/A,7,0,9.7,1.1,3.1,0.364,0.1,1.1,0.125,1,2,0.5,0.386,1.1,1.4,0.8,0.4,1.1,1.6,0.6,0.4,0.4,0.3,1.3,3.6,68,14,0.473,0.364,0.455,5.2,13.8,9.5,9.5,2.4,3.2,7,19.4,0.1,0.1,0.2,0.15,-1.4,1.8,0.5,0
2004/2005,43870000,57429410.46,385277,#N/A,#N/A,TOT,#N/A,#N/A,#N/A,#N/A,#N/A,#N/A,#N/A,#N/A,#N/A,Anthony Goldwire,PG,33,116713,157592,33,2,16.3,1.7,4.1,0.419,1,2.4,0.4,0.8,1.7,0.446,0.537,0.8,0.9,0.839,0.3,1.5,1.8,2.4,0.5,0,0.5,1,5.2,537,15.1,0.575,0.588,0.228,2.2,10.8,6.4,22.7,1.5,0,9.1,14,1.3,0.2,1.5,0.138,2.4,-2.4,0,0.3
2004/2005,43870000,57429410.46,385277,Detroit Pistons,9,DET,Michigan,East,Central,54,28,0.659,93.3,89.5,3.31,Anthony Goldwire,PG,33,116713,157592,9,0,6.1,0.4,1.7,0.267,0.3,1,0.333,0.1,0.7,0.167,0.367,0.8,0.9,0.875,0.1,0.8,0.9,0,0,0,0.1,0.6,2,55,7.4,0.486,0.6,0.533,2.2,14.8,8.5,0,0,0,5.1,16.7,0,0.1,0.1,0.093,-4.3,-5.7,-10,-0.1
2004/2005,43870000,57429410.46,385277,Milwaukee Bucks,17,MIL,Wisconsin,East,Central,30,52,0.366,97.2,100.2,-3.09,Anthony Goldwire,PG,33,116713,157592,24,2,20.1,2.2,5,0.438,1.2,3,0.408,1,2.1,0.48,0.558,0.8,1,0.826,0.4,1.8,2.1,3.3,0.6,0,0.6,1.1,6.4,482,15.9,0.587,0.587,0.19,2.2,10.3,6.2,25.3,1.6,0,9.6,13.7,1.3,0.2,1.4,0.143,3.2,-2,1.2,0.4
2004/2005,43870000,57429410.46,385277,Cleveland Cavaliers,6,CLE,Ohio,East,Central,42,40,0.512,96.5,95.7,0.27,Drew Gooden,PF,23,3214080,4339821,82,80,30.8,5.7,11.5,0.492,0.1,0.3,0.179,5.6,11.2,0.502,0.495,3.1,3.8,0.81,2.5,6.7,9.2,1.6,0.9,0.9,1.6,2.8,14.4,2523,19.7,0.548,0.03,0.329,9.5,26.1,17.6,9.1,1.6,2.2,11,21.7,4.7,3.8,8.5,0.163,0.2,0.7,0.9,1.8
2004/2005,43870000,57429410.46,385277,Chicago Bulls,5,CHI,Illinois,East,Central,47,35,0.573,94.5,93.4,0.65,Ben Gordon,SG,21,3358320,4534581,82,3,24.4,5.3,12.9,0.411,1.6,4,0.405,3.7,8.8,0.414,0.474,2.8,3.3,0.863,0.7,2,2.6,2,0.6,0.1,2.3,2.7,15.1,2002,14.9,0.526,0.313,0.256,3.1,8.9,6,16.3,1.4,0.4,13.7,30.4,0.8,2.7,3.5,0.084,0.7,-1.3,-0.6,0.7
2004/2005,43870000,57429410.46,385277,Los Angeles Lakers,14,LAL,California,West,Pacific,34,48,0.415,98.7,101.7,-2.32,Brian Grant,C,32,13233434,17868484,69,8,16.5,1.5,3,0.493,0,0,,1.5,3,0.493,0.493,0.8,1.1,0.722,1.5,2.3,3.7,0.5,0.3,0.3,0.6,2.5,3.8,1136,10,0.539,0,0.378,10.1,15.4,12.8,4.7,1.1,1.5,15,11.4,1.2,0.4,1.6,0.068,-2.2,-0.4,-2.6,-0.2
2004/2005,43870000,57429410.46,385277,Philadelphia 76ers,23,PHI,Pennsylvania,East,Atlantic,43,39,0.524,99.1,99.9,-1.07,Willie Green,SG,23,620046,837218,57,21,18.7,2.7,7.4,0.366,0.5,1.8,0.286,2.2,5.6,0.393,0.402,1.7,2.2,0.776,0.4,1.9,2.3,1.8,0.6,0.1,1.3,2.1,7.7,1066,9.6,0.457,0.248,0.296,2.3,11.9,7,15.7,1.6,0.4,13.6,23,-0.9,1.1,0.1,0.007,-3.8,-1.5,-5.3,-0.9
2004/2005,43870000,57429410.46,385277,Chicago Bulls,5,CHI,Illinois,East,Central,47,35,0.573,94.5,93.4,0.65,Adrian Griffin,SF,30,870046,1174782,69,1,9.7,0.8,2.3,0.36,0,0.1,0.222,0.8,2.2,0.368,0.366,0.5,0.6,0.75,0.8,1.4,2.1,0.8,0.6,0.1,0.4,1.1,2.2,667,10.7,0.419,0.056,0.273,8.8,15.7,12.2,12.6,3.3,0.4,14.3,14.1,-0.1,1.4,1.3,0.095,-3.2,3.6,0.3,0.4
2004/2005,43870000,57429410.46,385277,Minnesota Timberwolves,18,MIN,Minnesota,West,Northwest,44,38,0.537,96.8,95.3,1.73,Eddie Griffin,PF,22,695046,938487,70,0,21.3,2.9,7.5,0.387,1,2.9,0.328,1.9,4.5,0.425,0.451,0.8,1.1,0.718,1.8,4.6,6.5,0.8,0.3,1.7,0.8,1.7,7.5,1492,15.9,0.474,0.391,0.149,10.3,23.8,17.3,5.6,0.8,5.7,9,19,0.8,2.4,3.2,0.102,-1.4,1.3,-0.1,0.7
2004/2005,43870000,57429410.46,385277,#N/A,#N/A,TOT,#N/A,#N/A,#N/A,#N/A,#N/A,#N/A,#N/A,#N/A,#N/A,Tom Gugliotta,PF,35,2700000,3645683,47,9,20.6,2.1,5.1,0.411,0.2,0.6,0.308,1.9,4.6,0.423,0.427,0.7,0.9,0.767,1.2,2.9,4.1,1.4,0.9,0.4,1.2,2.2,5.1,966,9.9,0.46,0.108,0.178,6.6,16.9,11.5,11,2.2,1.3,18,14.7,-0.4,0.7,0.4,0.018,-3.1,0.8,-2.4,-0.1
2004/2005,43870000,57429410.46,385277,Boston Celtics,2,BOS,Massachusetts,East,Atlantic,45,37,0.549,101.3,100.4,0.35,Tom Gugliotta,PF,35,2700000,3645683,20,0,10.9,0.6,1.9,0.297,0,0,,0.6,1.9,0.297,0.297,0.2,0.3,0.667,0.8,1.4,2.2,0.6,0.5,0.2,0.5,1.2,1.3,218,5.7,0.328,0,0.162,8.2,14.7,11.5,7.7,2.1,1.4,18.5,10,-0.2,0.2,0,0.002,-4.9,1.6,-3.3,-0.1
2004/2005,43870000,57429410.46,385277,Atlanta Hawks,1,ATL,Georgia,East,Southeast,13,69,0.159,92.7,102.5,-9.62,Tom Gugliotta,PF,35,2700000,3645683,27,9,27.7,3.3,7.6,0.431,0.3,1,0.308,3,6.6,0.449,0.451,1.1,1.4,0.784,1.5,4,5.5,2.1,1.2,0.5,1.8,3,7.9,748,11.1,0.483,0.127,0.181,6.1,17.5,11.5,12,2.2,1.3,17.9,16.1,-0.2,0.5,0.3,0.022,-2.6,0.5,-2.1,0
2004/2005,43870000,57429410.46,385277,Indiana Pacers,12,IND,Indiana,East,Central,44,38,0.537,93,92.2,0.49,Marcus Haislip,PF,24,1976380,2668612,9,0,11.8,1.4,4.2,0.342,0,0.1,0,1.4,4.1,0.351,0.342,0.7,1.2,0.545,0.6,1.1,1.7,0.3,0.2,0.2,0.7,1.7,3.6,106,4,0.373,0.026,0.289,5.7,11.1,8.4,5.2,1,1.4,12.3,22.1,-0.3,0.1,-0.2,-0.081,-8.1,-1.9,-9.9,-0.2
2004/2005,43870000,57429410.46,385277,Detroit Pistons,9,DET,Michigan,East,Central,54,28,0.659,93.3,89.5,3.31,Darvin Ham,SF,31,932546,1259173,47,0,5.9,0.4,0.8,0.459,0,0,,0.4,0.8,0.459,0.459,0.3,0.7,0.387,0.4,0.3,0.7,0.1,0.1,0.1,0.2,0.8,1,275,5.6,0.454,0,0.838,8.2,6.8,7.5,2.8,1.2,1.9,13.6,10,0,0.3,0.3,0.055,-4.4,0.7,-3.8,-0.1
2004/2005,43870000,57429410.46,385277,Detroit Pistons,9,DET,Michigan,East,Central,54,28,0.659,93.3,89.5,3.31,Richard Hamilton,SG,26,7812500,10548851,76,76,38.5,6.7,15.3,0.44,0.5,1.6,0.305,6.2,13.7,0.455,0.455,4.8,5.6,0.858,1,2.9,3.9,4.9,1,0.2,2.9,3.1,18.7,2926,16,0.528,0.102,0.37,3,8.8,5.9,23.5,1.4,0.3,13.9,25.1,3.9,3.5,7.4,0.121,0.9,-0.5,0.4,1.8
2004/2005,43870000,57429410.46,385277,Milwaukee Bucks,17,MIL,Wisconsin,East,Central,30,52,0.366,97.2,100.2,-3.09,Zendon Hamilton,C,29,807546,1090391,16,0,9.9,0.7,2,0.344,0,0,,0.7,2,0.344,0.344,1.8,3,0.604,1.1,1.5,2.6,0.4,0.3,0.1,0.8,1.6,3.2,159,10.4,0.48,0,1.5,13.2,17.9,15.5,5.5,1.7,0.9,18.4,18.6,0,0.1,0.1,0.038,-3.4,-1,-4.4,-0.1
2004/2005,43870000,57429410.46,385277,Utah Jazz,29,UTA,Utah,West,Northwest,26,56,0.317,93,97.3,-3.74,Ben Handlogten,C,31,#N/A,#N/A,21,5,14.1,2,4,0.518,0,0,0,2,3.9,0.524,0.518,0.4,0.8,0.529,1.1,2,3.1,0.6,0.3,0.2,0.9,2.6,4.5,297,10.3,0.525,0.012,0.205,9.3,18,13.6,7.7,1.3,1.4,16.6,16.8,0.1,0.2,0.3,0.041,-2.4,-0.7,-3.1,-0.1
2004/2005,43870000,57429410.46,385277,New York Knicks,20,NYK,New York,East,Atlantic,33,49,0.402,97.3,99.7,-2.72,Anfernee Hardaway,SF,33,14625000,19747450,37,0,24.2,3,7,0.423,0.4,1.4,0.3,2.6,5.7,0.452,0.452,0.9,1.2,0.739,0.5,1.9,2.4,2,0.8,0.1,1.4,2.1,7.3,894,9,0.48,0.192,0.177,2.5,9.3,5.8,13.2,1.7,0.3,15.1,16.9,-0.2,0.4,0.2,0.009,-2.5,-0.8,-3.3,-0.3
2004/2005,43870000,57429410.46,385277,Utah Jazz,29,UTA,Utah,West,Northwest,26,56,0.317,93,97.3,-3.74,Matt Harpring,SF,28,4690000,6332686,78,55,33.1,5.4,11,0.489,0.1,0.6,0.209,5.2,10.4,0.504,0.494,3.1,4,0.778,2.5,3.6,6.2,1.8,0.9,0.2,1.7,3.2,14,2584,15.5,0.549,0.05,0.368,9.2,14,11.5,9.9,1.5,0.5,11.8,20.1,4.2,1.2,5.5,0.102,1.4,-0.7,0.7,1.8
2004/2005,43870000,57429410.46,385277,Atlanta Hawks,1,ATL,Georgia,East,Southeast,13,69,0.159,92.7,102.5,-9.62,Al Harrington,SF,24,6325000,8540350,66,66,38.6,6.9,14.9,0.459,0.2,1.1,0.216,6.6,13.8,0.479,0.468,3.6,5.3,0.672,2.2,4.8,7,3.2,1.3,0.2,3.1,3.8,17.5,2550,14.4,0.508,0.075,0.356,6.3,15.2,10.5,14.5,1.8,0.5,15.2,23.6,0.6,1,1.6,0.03,-0.5,-0.8,-1.3,0.4
2004/2005,43870000,57429410.46,385277,New Orleans Hornets,19,NOH,Louisiana,West,Southwest,18,64,0.22,88.4,95.5,-6.3,Junior Harrington,SG,24,695046,938487,29,7,19,2.2,6.1,0.36,0.2,0.7,0.316,2,5.5,0.365,0.376,1,1.2,0.829,0.4,1.7,2.2,2.1,0.9,0.2,1.4,2.5,5.6,550,7.7,0.421,0.107,0.197,2.7,11.2,6.8,19.9,2.5,0.7,17.5,19.8,-0.8,0.5,-0.3,-0.028,-4.8,0,-4.8,-0.4
2004/2005,43870000,57429410.46,385277,Chicago Bulls,5,CHI,Illinois,East,Central,47,35,0.573,94.5,93.4,0.65,Othella Harrington,PF,31,3150000,4253297,70,28,18.2,3.1,6.1,0.512,0,0,,3.1,6.1,0.512,0.512,1.8,2.5,0.718,1.5,2.7,4.2,0.8,0.3,0.3,1.2,2.7,8,1271,14.5,0.559,0,0.417,9.4,16.3,12.8,8,1,1.1,14.3,20.6,1.5,2.1,3.6,0.135,-1.5,0.7,-0.8,0.4
2004/2005,43870000,57429410.46,385277,Dallas Mavericks,7,DAL,Texas,West,Southwest,58,24,0.707,102.5,96.8,5.86,Devin Harris,PG,21,2741880,3702231,76,19,15.4,2.1,4.8,0.429,0.6,1.7,0.336,1.5,3.1,0.481,0.489,1,1.4,0.757,0.4,1,1.3,2.2,1,0.3,1.1,1.8,5.7,1173,14.7,0.53,0.358,0.281,2.7,6.9,4.9,22.5,3.4,1.2,16.6,18.8,1.1,1.6,2.7,0.111,0.9,0.3,1.1,0.9
2004/2005,43870000,57429410.46,385277,Cleveland Cavaliers,6,CLE,Ohio,East,Central,42,40,0.512,96.5,95.7,0.27,Lucious Harris,SG,34,2500000,3375632,73,4,15.5,1.6,4.1,0.395,0.3,0.9,0.323,1.3,3.2,0.415,0.43,0.8,0.9,0.812,0.5,1.1,1.7,0.7,0.4,0.1,0.4,0.9,4.3,1128,9,0.475,0.217,0.231,4,8.8,6.3,6.7,1.3,0.4,8.1,14.4,0.6,0.7,1.3,0.055,-2.5,-1.6,-4.1,-0.6
2004/2005,43870000,57429410.46,385277,Indiana Pacers,12,IND,Indiana,East,Central,44,38,0.537,93,92.2,0.49,David Harrison,C,22,835560,1128217,43,14,17.7,2.5,4.3,0.576,0,0,,2.5,4.3,0.576,0.576,1.2,2.1,0.571,1.1,2,3.1,0.3,0.4,1.3,1.2,3.1,6.1,760,12.9,0.589,0,0.495,7.7,13.4,10.6,3.2,1.2,5.5,19.1,17.5,0.3,1.1,1.4,0.09,-3.2,1.9,-1.3,0.1
2004/2005,43870000,57429410.46,385277,Charlotte Bobcats,4,CHA,North Carolina,East,Southeast,18,64,0.22,94.3,100.2,-6.15,Jason Hart,PG,26,1400000,1890354,74,27,25.5,3.5,7.7,0.449,0.5,1.3,0.368,3,6.5,0.464,0.479,2.1,2.7,0.785,0.2,2.5,2.7,5,1.3,0.2,1.4,2.3,9.5,1887,16.9,0.534,0.166,0.349,1,11.8,6.1,32,2.7,0.6,13.4,17.9,3.1,1.7,4.8,0.121,1.2,-0.4,0.8,1.3
2004/2005,43870000,57429410.46,385277,New Jersey Nets,3,NJN,New Jersey,East,Atlantic,42,40,0.512,91.4,92.9,-1.82,0,PF,24,#N/A,#N/A,3,0,5.3,0.7,0.7,1,0,0,,0.7,0.7,1,1,1.3,1.3,1,0.7,1.7,2.3,0.3,0.3,0.3,0.3,0.7,2.7,16,35.2,1.064,0,2,14.8,38.1,26.3,11,3.4,5.1,21,14,0.1,0,0.2,0.484,5.4,4.8,10.2,0
2004/2005,43870000,57429410.46,385277,Miami Heat,16,MIA,Florida,East,Southeast,59,23,0.72,101.5,95,5.77,Udonis Haslem,PF,24,620046,837218,80,80,33.4,4.3,8,0.54,0,0.1,0,4.3,8,0.543,0.54,2.2,2.8,0.791,3,6.1,9.1,1.4,0.8,0.5,1.4,3.3,10.9,2675,15.5,0.588,0.006,0.351,10.9,20.4,15.8,6.3,1.2,1.1,13.2,14.9,5.2,4,9.2,0.165,0.6,1.3,1.8,2.6
2004/2005,43870000,57429410.46,385277,Minnesota Timberwolves,18,MIN,Minnesota,West,Northwest,44,38,0.537,96.8,95.3,1.73,Trenton Hassell,SG,25,4350000,5873600,82,51,25.2,2.7,5.8,0.474,0,0.1,0.091,2.7,5.7,0.483,0.475,1.1,1.4,0.789,1,1.7,2.7,1.6,0.4,0.4,0.8,2.4,6.6,2068,9.3,0.515,0.023,0.24,4.6,7.4,6,9.4,0.8,1,10.9,13.2,1.7,1,2.7,0.063,-1.6,-0.2,-1.8,0.1
2004/2005,43870000,57429410.46,385277,Washington Wizards,30,WAS,Washington DC,East,Southeast,45,37,0.549,100.5,100.8,-0.71,Jarvis Hayes,SF,23,1879920,2538367,54,22,28.9,3.8,9.8,0.389,0.8,2.3,0.341,3,7.5,0.403,0.428,1.8,2.2,0.839,0.8,3.4,4.2,1.7,0.9,0.2,1.1,2,10.2,1560,11.1,0.475,0.232,0.223,2.9,13.9,8.2,9.3,1.6,0.4,9.6,18,0.6,1.1,1.7,0.051,-2.1,-1.2,-3.3,-0.5
2004/2005,43870000,57429410.46,385277,Washington Wizards,30,WAS,Washington DC,East,Southeast,45,37,0.549,100.5,100.8,-0.71,Brendan Haywood,C,25,1735305,2343100,68,68,27.4,3.5,6.3,0.56,0,0,,3.5,6.3,0.56,0.56,2.3,3.8,0.609,3,3.9,6.8,0.8,0.8,1.7,1.4,3.2,9.4,1865,16.5,0.588,0,0.611,11.8,16.4,14,4.9,1.4,4.5,15.1,14.9,3.2,2,5.2,0.134,-0.5,1.5,1,1.4
2004/2005,43870000,57429410.46,385277,Dallas Mavericks,7,DAL,Texas,West,Southwest,58,24,0.707,102.5,96.8,5.86,Alan Henderson,PF,32,8273125,11170812,78,10,15.4,1.5,2.8,0.527,0,0,0,1.5,2.8,0.532,0.527,0.5,1,0.539,2.1,2.4,4.5,0.3,0.4,0.5,0.6,1.9,3.5,1203,12.4,0.539,0.009,0.345,15.6,16.8,16.2,2.6,1.2,2.3,16.2,11.3,1.5,1.5,3.1,0.122,-0.9,0.6,-0.3,0.5
2004/2005,43870000,57429410.46,385277,Denver Nuggets,8,DEN,Colorado,West,Northwest,49,33,0.598,99.5,97.5,2.23,Nenê,C,22,2260280,3051949,55,18,23.9,3.5,7,0.503,0,0,0,3.5,7,0.505,0.503,2.5,3.9,0.66,1.9,4,5.9,1.5,0.9,0.9,1.7,3,9.6,1317,15.6,0.551,0.005,0.549,9.2,19.2,14.2,10.3,1.9,2.7,16.4,19.4,1.2,2.1,3.2,0.118,-1.2,1.8,0.6,0.9
2004/2005,43870000,57429410.46,385277,Orlando Magic,22,ORL,Florida,East,Southeast,36,46,0.439,99.5,101.8,-2.52,Grant Hill,SF,32,14487000,19561115,67,67,34.9,7.7,15.1,0.509,0,0.2,0.231,7.7,15,0.513,0.511,4.2,5.1,0.821,1.1,3.6,4.7,3.3,1.4,0.4,2.4,2.1,19.7,2338,20,0.565,0.013,0.336,3.7,11.4,7.6,17.1,2.1,0.9,12.1,24.8,4.7,1.9,6.6,0.136,2,-0.4,1.6,2.1
2004/2005,43870000,57429410.46,385277,Chicago Bulls,5,CHI,Illinois,East,Central,47,35,0.573,94.5,93.4,0.65,Kirk Hinrich,PG,24,2349840,3172878,77,77,36.4,5.8,14.6,0.397,1.9,5.3,0.355,3.9,9.3,0.42,0.461,2.2,2.8,0.792,0.4,3.5,3.9,6.4,1.6,0.3,2.3,3.2,15.7,2800,15.3,0.495,0.364,0.193,1.3,10.8,6.1,31.5,2.3,0.6,12.6,22.3,2.5,4.7,7.2,0.124,1.9,1.3,3.3,3.7
2004/2005,43870000,57429410.46,385277,Minnesota Timberwolves,18,MIN,Minnesota,West,Northwest,44,38,0.537,96.8,95.3,1.73,Fred Hoiberg,SG,32,1600000,2160404,76,0,16.7,1.8,3.7,0.489,0.9,1.9,0.483,0.9,1.8,0.496,0.613,1.2,1.3,0.873,0.4,2,2.4,1.1,0.7,0.2,0.3,1.4,5.8,1272,16.7,0.664,0.511,0.359,3,12.8,8.1,10.1,2.1,0.8,5.7,12.7,3.9,1.3,5.2,0.196,3,0.2,3.2,1.7
2004/2005,43870000,57429410.46,385277,San Antonio Spurs,27,SAS,Texas,West,Southwest,59,23,0.72,96.2,88.4,7.84,Robert Horry,PF,34,1100000,1485278,75,16,18.6,2.1,5,0.419,0.7,1.8,0.37,1.4,3.2,0.447,0.487,1.1,1.5,0.789,1.2,2.4,3.6,1.1,0.9,0.8,0.9,1.8,6,1396,14.9,0.533,0.368,0.291,7.6,14.8,11.2,9.2,2.6,3.1,14,16.4,1.4,3.1,4.6,0.157,-0.1,3.6,3.5,1.9
2004/2005,43870000,57429410.46,385277,#N/A,#N/A,TOT,#N/A,#N/A,#N/A,#N/A,#N/A,#N/A,#N/A,#N/A,#N/A,Eddie House,PG-SG,26,1388327,1874591,68,7,13.1,2.4,5.4,0.451,0.6,1.4,0.454,1.8,4,0.45,0.511,0.3,0.4,0.852,0.2,1,1.2,1.4,0.6,0.1,0.5,1,5.8,891,15.8,0.525,0.265,0.074,2,8.6,5.2,17.9,2.6,0.5,8.5,20.6,1.2,0.6,1.8,0.097,0.6,-1.9,-1.3,0.2
2004/2005,43870000,57429410.46,385277,Charlotte Bobcats,4,CHA,North Carolina,East,Southeast,18,64,0.22,94.3,100.2,-6.15,Eddie House,SG,26,1388327,1874591,13,5,23.1,4.7,10.4,0.452,0.9,2.2,0.414,3.8,8.2,0.462,0.496,0.8,1,0.769,0.2,1.3,1.5,1.8,1.8,0.2,1,1.8,11.1,300,16.3,0.512,0.215,0.096,0.7,6.8,3.6,14.8,4.2,0.8,8.5,22.7,0.2,0.3,0.5,0.081,0.5,-0.3,0.2,0.2
2004/2005,43870000,57429410.46,385277,Milwaukee Bucks,17,MIL,Wisconsin,East,Central,30,52,0.366,97.2,100.2,-3.09,Eddie House,SG,26,1388327,1874591,5,0,8.2,1.2,3.4,0.353,0.8,1.2,0.667,0.4,2.2,0.182,0.471,0,0,,0,0.6,0.6,1,0.4,0,0,0.6,3.2,41,14.3,0.471,0.353,0,0,8.7,4.3,20.2,2.6,0,0,18.9,0.1,0,0.1,0.104,0.9,-2.8,-1.9,0
2004/2005,43870000,57429410.46,385277,Sacramento Kings,26,SAC,California,West,Pacific,50,32,0.61,103.7,101.6,2.56,Eddie House,PG,26,1388327,1874591,50,2,11,2,4.3,0.458,0.6,1.2,0.452,1.4,3,0.461,0.523,0.3,0.3,0.929,0.3,0.9,1.2,1.3,0.4,0.1,0.4,0.8,4.7,550,15.7,0.538,0.29,0.065,2.8,9.5,6.2,19.4,1.7,0.4,9.1,19.6,0.9,0.3,1.2,0.105,0.6,-2.7,-2.1,0
2004/2005,43870000,57429410.46,385277,New York Knicks,20,NYK,New York,East,Atlantic,33,49,0.402,97.3,99.7,-2.72,Allan Houston,SG,33,17531250,23671623,20,11,26.6,4.3,10.3,0.415,1.6,4,0.388,2.7,6.3,0.432,0.49,1.8,2.2,0.837,0.2,1,1.2,2.1,0.4,0.1,1.1,2,11.9,532,12.5,0.529,0.39,0.21,0.9,4.2,2.5,13.4,0.8,0.3,8.6,21,0.7,0,0.7,0.064,0.5,-4,-3.5,-0.2
2004/2005,43870000,57429410.46,385277,Orlando Magic,22,ORL,Florida,East,Southeast,36,46,0.439,99.5,101.8,-2.52,Dwight Howard,PF,19,4179720,5643679,82,82,32.6,4.3,8.3,0.52,0,0,0,4.3,8.2,0.521,0.52,3.4,5,0.671,3.5,6.5,10,0.9,0.9,1.7,2,2.8,12,2670,17.2,0.571,0.003,0.61,12.2,22.2,17.3,4.4,1.5,3.6,16.1,16.7,3.8,3.5,7.3,0.131,-0.5,1.5,1,2
2004/2005,43870000,57429410.46,385277,Dallas Mavericks,7,DAL,Texas,West,Southwest,58,24,0.707,102.5,96.8,5.86,Josh Howard,SF,24,863640,1166132,76,76,32.2,5,10.4,0.475,0.4,1.5,0.296,4.5,8.9,0.506,0.497,2.2,3.1,0.733,2.2,4.1,6.4,1.4,1.5,0.6,1.6,2.8,12.6,2446,15.8,0.535,0.145,0.293,7.9,14.1,11.1,7.2,2.5,1.5,12,18.6,3,3.4,6.4,0.126,0.8,1.7,2.5,2.8
2004/2005,43870000,57429410.46,385277,Houston Rockets,11,HOU,Texas,West,Southwest,51,31,0.622,95.1,91,4.27,Juwan Howard,PF,31,5408700,7303113,61,47,26.6,4,8.9,0.451,0,0,0,4,8.9,0.452,0.451,1.6,1.9,0.843,2.1,3.6,5.7,1.5,0.5,0.1,1.3,2.3,9.6,1624,13,0.494,0.002,0.213,9.3,15.4,12.4,10.2,1.1,0.2,11.8,19.5,1,2.2,3.2,0.094,-1.8,0.6,-1.2,0.3
2004/2005,43870000,57429410.46,385277,Minnesota Timberwolves,18,MIN,Minnesota,West,Northwest,44,38,0.537,96.8,95.3,1.73,Troy Hudson,PG,28,4903000,6620290,79,32,21.9,3.4,8.4,0.401,1.1,3.3,0.345,2.2,5.1,0.436,0.468,0.9,1.1,0.778,0.2,1.1,1.3,3.6,0.3,0.1,1.4,1.5,8.7,1729,12.1,0.491,0.389,0.136,1.3,5.4,3.5,26.5,0.8,0.2,13.8,21.9,0.7,0.6,1.3,0.036,-0.2,-3.8,-4,-0.9
2004/2005,43870000,57429410.46,385277,Washington Wizards,30,WAS,Washington DC,East,Southeast,45,37,0.549,100.5,100.8,-0.71,Larry Hughes,SG,26,5455200,7365900,61,61,38.7,7.7,17.8,0.43,1,3.4,0.282,6.7,14.4,0.465,0.457,5.8,7.4,0.777,1.2,5,6.3,4.7,2.9,0.3,2.5,2.8,22,2358,21.6,0.523,0.192,0.417,3.4,15.2,9.1,21.9,3.8,0.6,10.6,26.6,4.6,3.1,7.7,0.157,3.1,1,4.1,3.6
2004/2005,43870000,57429410.46,385277,Memphis Grizzlies,15,MEM,Tennessee,West,Southwest,45,37,0.549,93.4,91.1,2.64,Ryan Humphrey,SF,25,1223160,1651575,35,0,9.1,1.2,2.9,0.408,0,0.1,0,1.2,2.9,0.416,0.408,0.5,1.1,0.486,1.4,1.1,2.5,0.2,0.3,0,0.7,1,2.9,317,10.2,0.428,0.019,0.359,19,13.9,16.5,3.3,1.7,0.2,16.2,21.2,-0.3,0.4,0.1,0.013,-4.3,-2.1,-6.4,-0.4
2004/2005,43870000,57429410.46,385277,Utah Jazz,29,UTA,Utah,West,Northwest,26,56,0.317,93,97.3,-3.74,Kris Humphries,PF,19,1481400,2000264,67,4,13,1.7,4.3,0.404,0,0.1,0.333,1.7,4.2,0.406,0.408,0.7,1.5,0.436,1.1,1.9,2.9,0.6,0.4,0.3,0.8,1.4,4.1,873,9.5,0.419,0.021,0.352,10.1,18.1,14,8.5,1.6,1.7,13.6,20.2,-1,0.7,-0.3,-0.019,-4.3,-0.7,-5,-0.7
2004/2005,43870000,57429410.46,385277,Orlando Magic,22,ORL,Florida,East,Southeast,36,46,0.439,99.5,101.8,-2.52,Brandon Hunter,PF,24,620046,837218,31,0,7.2,1.2,2.4,0.507,0,0,,1.2,2.4,0.507,0.507,0.7,1.3,0.538,0.8,1.4,2.2,0.1,0.1,0.2,0.7,1.4,3.1,224,12.2,0.527,0,0.534,12.7,21.7,17.3,2.2,0.9,2.2,19.6,21.9,-0.1,0.2,0.2,0.036,-5,-3.1,-8.1,-0.3
2004/2005,43870000,57429410.46,385277,Detroit Pistons,9,DET,Michigan,East,Central,54,28,0.659,93.3,89.5,3.31,Lindsey Hunter,SG,34,1600000,2160404,76,3,15.1,1.4,4,0.358,0.3,1.1,0.274,1.1,2.9,0.39,0.396,0.6,0.8,0.793,0.5,1.1,1.6,1.7,0.9,0.2,0.9,1.6,3.8,1144,9.6,0.435,0.278,0.192,3.9,8.6,6.3,18.3,3.3,0.9,17.2,16.2,-0.6,2,1.4,0.058,-2.8,1.6,-1.3,0.2
2004/2005,43870000,57429410.46,385277,Phoenix Suns,24,PHO,Arizona,West,Pacific,62,20,0.756,110.4,103.3,7.08,Steven Hunter,C,23,1720046,2322497,76,3,13.8,1.8,2.9,0.614,0,0,0,1.8,2.9,0.616,0.614,1,2.1,0.479,1.3,1.7,3,0.2,0.1,1.3,0.6,1.7,4.6,1046,14.7,0.596,0.005,0.741,10.5,12.6,11.6,1.7,0.2,6.4,13.1,14,1.7,1,2.6,0.121,-1.5,1,-0.5,0.4
2004/2005,43870000,57429410.46,385277,Philadelphia 76ers,23,PHI,Pennsylvania,East,Atlantic,43,39,0.524,99.1,99.9,-1.07,Andre Iguodala,SG,21,1914480,2585032,82,82,32.8,3.3,6.7,0.493,0.6,1.7,0.331,2.7,4.9,0.55,0.536,1.9,2.6,0.743,1.1,4.6,5.7,3,1.7,0.6,1.7,2.5,9,2686,13.5,0.58,0.26,0.385,3.7,15.9,9.7,14.3,2.6,1.4,17.9,12.8,2.7,4,6.6,0.118,-0.6,2.9,2.3,2.9
2004/2005,43870000,57429410.46,385277,Cleveland Cavaliers,6,CLE,Ohio,East,Central,42,40,0.512,96.5,95.7,0.27,Zydrunas Ilgauskas,C,29,14625000,19747450,78,78,33.5,5.9,12.6,0.468,0,0.1,0.286,5.8,12.5,0.469,0.469,5.2,6.4,0.799,3.8,4.8,8.6,1.3,0.7,2.1,2.4,4,16.9,2615,19.5,0.55,0.007,0.514,13.2,17.2,15.2,6.6,1.1,4.7,13.7,24.1,4.8,3.3,8.1,0.149,0.3,0.7,1,2
2004/2005,43870000,57429410.46,385277,Dallas Mavericks,7,DAL,Texas,West,Southwest,58,24,0.707,102.5,96.8,5.86,Didier Ilunga-Mbenga,C,24,800000,1080202,15,1,3.9,0.4,0.9,0.429,0,0,,0.4,0.9,0.429,0.429,0.2,0.3,0.75,0.2,0.3,0.5,0,0,0.3,0.3,0.9,1,58,3.8,0.476,0,0.286,5.9,9.4,7.7,0,0,6.4,24.1,16,-0.1,0.1,0,-0.029,-8.1,-0.7,-8.8,-0.1
2004/2005,43870000,57429410.46,385277,Philadelphia 76ers,23,PHI,Pennsylvania,East,Atlantic,43,39,0.524,99.1,99.9,-1.07,Allen Iverson,PG,29,14625000,19747450,75,75,42.3,10.3,24.2,0.424,1.4,4.5,0.308,8.9,19.7,0.451,0.453,8.7,10.5,0.835,0.7,3.3,4,7.9,2.4,0.1,4.6,1.9,30.7,3174,23.2,0.532,0.186,0.432,1.8,8.9,5.3,37.6,2.9,0.2,13.7,35,5.3,3.7,9,0.136,4.8,-0.5,4.3,5
2004/2005,43870000,57429410.46,385277,Atlanta Hawks,1,ATL,Georgia,East,Southeast,13,69,0.159,92.7,102.5,-9.62,Royal Ivey,PG,23,425000,573857,62,5,13,1.4,3.2,0.429,0,0.1,0.333,1.3,3,0.434,0.437,0.8,1.1,0.701,0.3,1,1.4,1.7,0.6,0.1,0.9,2.3,3.5,809,8.9,0.484,0.045,0.338,2.6,9.9,6,20,2.5,0.7,20.3,15.8,-0.2,0.4,0.2,0.009,-3.8,-1.3,-5,-0.6
2004/2005,43870000,57429410.46,385277,Sacramento Kings,26,SAC,California,West,Pacific,50,32,0.61,103.7,101.6,2.56,Bobby Jackson,SG,31,3150000,4253297,25,0,21.4,4.4,10.2,0.427,1.3,3.8,0.344,3,6.4,0.478,0.492,2,2.3,0.862,0.9,2.5,3.4,2.4,0.6,0.1,1.1,2.3,12,536,18,0.537,0.376,0.227,4.8,12.9,8.9,18.2,1.3,0.3,9.1,25.6,1.1,0.3,1.4,0.126,2.7,-2.9,-0.2,0.2
2004/2005,43870000,57429410.46,385277,New York Knicks,20,NYK,New York,East,Atlantic,33,49,0.402,97.3,99.7,-2.72,Jermaine Jackson,SG,28,#N/A,#N/A,21,0,11,0.8,1.6,0.515,0,0.1,0,0.8,1.5,0.548,0.515,0.4,0.6,0.615,0.1,1,1.1,1.1,0.3,0,0.5,1.2,2,230,8,0.542,0.061,0.394,1.5,10.3,5.9,15.5,1.6,0.3,20.5,9.7,0.1,0.1,0.2,0.046,-3.2,-0.5,-3.7,-0.1
2004/2005,43870000,57429410.46,385277,#N/A,#N/A,TOT,#N/A,#N/A,#N/A,#N/A,#N/A,#N/A,#N/A,#N/A,#N/A,Jim Jackson,SF,34,2420000,3267612,64,27,31,3.9,9.1,0.426,1.9,4.6,0.414,2,4.5,0.439,0.531,0.8,0.9,0.931,0.5,3.7,4.2,2.9,0.5,0.1,1.8,2.4,10.5,1987,10.9,0.553,0.507,0.1,1.9,12.7,7.5,14.1,0.9,0.2,15.9,16.5,1.4,1.8,3.2,0.077,0.3,0,0.3,1.1
2004/2005,43870000,57429410.46,385277,Houston Rockets,11,HOU,Texas,West,Southwest,51,31,0.622,95.1,91,4.27,Jim Jackson,SF,34,2420000,3267612,24,24,41.3,4.9,11.8,0.417,2.3,6.1,0.367,2.7,5.7,0.471,0.512,1.3,1.4,0.909,0.4,4.4,4.8,3.6,1,0,2.3,2.8,13.3,990,10.5,0.538,0.519,0.117,1.2,12.1,6.8,14.5,1.3,0.1,15.8,16.8,0.3,1.2,1.5,0.075,0,0.9,0.9,0.7
2004/2005,43870000,57429410.46,385277,Phoenix Suns,24,PHO,Arizona,West,Pacific,62,20,0.756,110.4,103.3,7.08,Jim Jackson,SF,34,2420000,3267612,40,3,24.9,3.3,7.5,0.435,1.7,3.7,0.459,1.6,3.8,0.411,0.548,0.6,0.6,0.96,0.6,3.3,3.9,2.4,0.3,0.1,1.5,2.2,8.8,997,11.4,0.568,0.495,0.084,2.6,13.4,8.3,13.6,0.6,0.3,16,16.2,1.1,0.6,1.6,0.079,0.5,-0.9,-0.3,0.4
2004/2005,43870000,57429410.46,385277,Cleveland Cavaliers,6,CLE,Ohio,East,Central,42,40,0.512,96.5,95.7,0.27,Luke Jackson,SF,23,1818720,2455732,10,0,4.3,1,2.7,0.37,0.4,0.6,0.667,0.6,2.1,0.286,0.444,0.5,0.6,0.833,0.2,0.4,0.6,0.3,0,0,0.2,0.4,2.9,43,16.3,0.489,0.222,0.222,5.4,11.2,8.2,13.4,0,0,6.3,33.3,0.1,0,0.1,0.085,0,-6.7,-6.7,-0.1
2004/2005,43870000,57429410.46,385277,Philadelphia 76ers,23,PHI,Pennsylvania,East,Atlantic,43,39,0.524,99.1,99.9,-1.07,Marc Jackson,C,30,4225000,5704819,81,23,24.4,4.2,9,0.465,0,0,0,4.2,9,0.466,0.465,3.6,4.3,0.828,2.3,2.7,5,1,0.4,0.2,1.6,2.1,12,1976,15.9,0.548,0.003,0.477,10.4,12.8,11.6,7.2,0.8,0.7,12.9,22.7,2.9,1.7,4.6,0.111,-1.4,-1.7,-3.1,-0.6
2004/2005,43870000,57429410.46,385277,Indiana Pacers,12,IND,Indiana,East,Central,44,38,0.537,93,92.2,0.49,Stephen Jackson,SF,26,5100000,6886290,51,49,35.4,6.5,16.1,0.403,2,5.6,0.36,4.5,10.5,0.426,0.466,3.7,4.5,0.83,0.9,4,4.9,2.3,1.3,0.3,2.4,3,18.7,1806,15.9,0.518,0.349,0.28,3,13.4,8.3,13.5,2,0.6,11.8,27.7,1,2.1,3.1,0.082,1,-0.6,0.4,1.1
2004/2005,43870000,57429410.46,385277,#N/A,#N/A,TOT,#N/A,#N/A,#N/A,#N/A,#N/A,#N/A,#N/A,#N/A,#N/A,Casey Jacobsen,SG-SF,23,1082160,1461189,84,1,21.4,2,4.9,0.404,0.8,2.1,0.373,1.2,2.8,0.429,0.485,1.8,2.3,0.786,0.4,1.6,2,1.3,0.4,0.1,0.8,1.2,6.5,1798,10.3,0.555,0.434,0.471,2.2,8.5,5.3,9.9,1,0.3,12.6,14.2,2,0.7,2.7,0.071,-0.7,-1.3,-2,0
2004/2005,43870000,57429410.46,385277,Phoenix Suns,24,PHO,Arizona,West,Pacific,62,20,0.756,110.4,103.3,7.08,Casey Jacobsen,SF,23,1082160,1461189,40,0,19.2,1.6,3.9,0.414,0.9,2.2,0.382,0.8,1.7,0.456,0.522,1.2,1.6,0.774,0.4,1.3,1.7,0.9,0.3,0,0.7,1.4,5.3,768,8.4,0.575,0.567,0.395,2.5,6.6,4.7,6.3,0.7,0.1,12.8,12,0.9,0.2,1.1,0.067,0,-1.4,-1.4,0.1
2004/2005,43870000,57429410.46,385277,New Orleans Hornets,19,NOH,Louisiana,West,Southwest,18,64,0.22,88.4,95.5,-6.3,Casey Jacobsen,SG,23,1082160,1461189,44,1,23.4,2.3,5.7,0.398,0.7,2,0.364,1.5,3.7,0.417,0.462,2.3,3,0.792,0.4,1.9,2.3,1.7,0.5,0.2,1,1.1,7.6,1030,11.7,0.543,0.351,0.518,2,9.8,5.7,12.6,1.2,0.5,12.5,15.9,1.1,0.5,1.6,0.074,-1.3,-1.2,-2.5,-0.1
2004/2005,43870000,57429410.46,385277,Seattle SuperSonics,21,SEA,Washington,West,Northwest,52,30,0.634,98.9,96.6,2.59,Jerome James,C,29,5455200,7365900,80,80,16.6,2.2,4.3,0.509,0,0,0,2.2,4.3,0.512,0.509,0.6,0.8,0.723,1,2,3,0.2,0.3,1.4,1.1,3.5,4.9,1330,10,0.533,0.006,0.19,7.5,14.7,11.1,2.4,0.9,6.5,19.2,15.9,0,1.3,1.2,0.044,-3.7,1.9,-1.8,0.1
2004/2005,43870000,57429410.46,385277,Cleveland Cavaliers,6,CLE,Ohio,East,Central,42,40,0.512,96.5,95.7,0.27,LeBron James,SF,20,4320360,5833579,80,80,42.4,9.9,21.1,0.472,1.4,3.9,0.351,8.6,17.2,0.499,0.504,6,8,0.75,1.4,6,7.4,7.2,2.2,0.7,3.3,1.8,27.2,3388,25.7,0.554,0.183,0.378,3.8,17,10.2,32.9,2.8,1.1,11.8,29.7,9.7,4.6,14.3,0.203,6.9,1.5,8.3,8.8
2004/2005,43870000,57429410.46,385277,#N/A,#N/A,TOT,#N/A,#N/A,#N/A,#N/A,#N/A,#N/A,#N/A,#N/A,#N/A,Mike James,PG,29,3100000,4185784,74,5,25.1,4.5,10.1,0.441,1.4,3.5,0.386,3.1,6.6,0.47,0.507,1.5,2,0.752,0.5,2.3,2.8,3.6,0.9,0.1,1.4,2.4,11.8,1859,16.6,0.534,0.345,0.193,2.2,10.8,6.6,25.2,1.9,0.2,11.5,22.8,2.8,1.5,4.3,0.11,2.6,-1.3,1.3,1.5
2004/2005,43870000,57429410.46,385277,Milwaukee Bucks,17,MIL,Wisconsin,East,Central,30,52,0.366,97.2,100.2,-3.09,Mike James,PG,29,3100000,4185784,47,0,24.8,4.4,9.8,0.446,1.2,3.2,0.382,3.1,6.6,0.477,0.509,1.4,1.9,0.744,0.5,2.1,2.6,3.9,0.9,0.1,1.7,2.4,11.4,1167,16,0.535,0.33,0.196,2.3,10,6.1,27.6,1.8,0.3,13.8,22.6,1.5,0.5,2,0.084,2.5,-1.9,0.6,0.8
2004/2005,43870000,57429410.46,385277,Houston Rockets,11,HOU,Texas,West,Southwest,51,31,0.622,95.1,91,4.27,Mike James,PG,29,3100000,4185784,27,5,25.6,4.7,10.8,0.433,1.6,4,0.393,3.1,6.8,0.457,0.505,1.6,2,0.764,0.4,2.7,3.2,2.9,0.9,0.1,1,2.2,12.4,692,17.4,0.533,0.368,0.189,2.1,12.2,7.2,21.1,2,0.2,7.6,23.2,1.2,1,2.2,0.155,2.6,-0.2,2.4,0.8
2004/2005,43870000,57429410.46,385277,Washington Wizards,30,WAS,Washington DC,East,Southeast,45,37,0.549,100.5,100.8,-0.71,Antawn Jamison,PF,28,12584688,16992513,68,68,38.3,7.6,17.5,0.437,1,3.1,0.341,6.6,14.4,0.457,0.466,3.3,4.4,0.76,2.4,5.3,7.6,2.3,0.8,0.2,1.7,2.2,19.6,2605,16.9,0.506,0.175,0.249,6.7,16.1,11.2,10.7,1.1,0.5,8.2,24.1,3.8,1.7,5.4,0.1,0.6,-1.8,-1.2,0.5
2004/2005,43870000,57429410.46,385277,Los Angeles Clippers,13,LAC,California,West,Pacific,37,45,0.451,95.7,96.5,-0.47,Marko Jaric,PG,26,2100000,2835531,50,41,33.1,3.8,9.1,0.414,1.1,3,0.371,2.7,6.1,0.435,0.475,1.2,1.6,0.72,0.4,2.8,3.2,6.1,1.7,0.3,2,2.1,9.9,1656,13.9,0.5,0.33,0.179,1.5,9.9,5.8,29.7,2.7,0.8,16.6,16.5,1.1,1.7,2.8,0.08,0.7,-0.1,0.6,1.1
2004/2005,43870000,57429410.46,385277,Boston Celtics,2,BOS,Massachusetts,East,Atlantic,45,37,0.549,101.3,100.4,0.35,Al Jefferson,PF,20,1407240,1900130,71,1,14.8,2.7,5.2,0.528,0,0,0,2.7,5.2,0.533,0.528,1.2,1.9,0.63,1.7,2.7,4.4,0.3,0.3,0.8,0.9,2.7,6.7,1051,16.6,0.554,0.008,0.366,13.5,21,17.3,3.9,1.1,3.9,13.3,21.2,1.3,1.4,2.7,0.123,-1.7,-0.9,-2.7,-0.2
2004/2005,43870000,57429410.46,385277,New Jersey Nets,3,NJN,New Jersey,East,Atlantic,42,40,0.512,91.4,92.9,-1.82,Richard Jefferson,SF,24,2266794,3060745,33,33,41.1,7.2,17.1,0.422,0.9,2.7,0.337,6.3,14.4,0.438,0.449,6.9,8.2,0.844,1.5,5.8,7.3,4,1,0.5,4,3.3,22.2,1355,16.6,0.537,0.158,0.477,4.3,17.2,10.7,19,1.3,1,16.2,28.2,0.6,1.8,2.4,0.086,-0.1,0.3,0.1,0.7
2004/2005,43870000,57429410.46,385277,Washington Wizards,30,WAS,Washington DC,East,Southeast,45,37,0.549,100.5,100.8,-0.71,Jared Jeffries,SF,23,1834080,2476472,77,71,26.1,2.6,5.6,0.468,0.2,0.7,0.314,2.4,5,0.488,0.486,1.3,2.2,0.584,2,2.9,4.9,2,0.9,0.5,1.5,2.7,6.8,2007,11.2,0.513,0.118,0.399,8.2,12.9,10.5,11.6,1.7,1.3,18.3,13.6,1.1,1.5,2.6,0.063,-1.4,0.7,-0.7,0.7
2004/2005,43870000,57429410.46,385277,Detroit Pistons,9,DET,Michigan,East,Central,54,28,0.659,93.3,89.5,3.31,Horace Jenkins,PG,30,385277,520221,15,0,6.9,1,3,0.333,0,0.6,0,1,2.4,0.417,0.333,0.8,0.9,0.923,0.2,0.4,0.6,0.6,0.3,0.1,0.5,0.4,2.8,104,10.2,0.414,0.2,0.289,3.4,6.7,5.1,15.2,2.6,0.7,12.1,26.1,-0.1,0.2,0,0.006,-4.5,-1.6,-6.1,-0.1
2004/2005,43870000,57429410.46,385277,Indiana Pacers,12,IND,Indiana,East,Central,44,38,0.537,93,92.2,0.49,Britton Johnsen,SF,25,45369,61259,6,1,14.5,1,3.7,0.273,0,0.7,0,1,3,0.333,0.273,0,0,,0.8,0.8,1.7,0.7,0.2,0,0.5,1.7,2,87,0.4,0.273,0.182,0,7,6.7,6.9,7.6,0.6,0,12,13.8,-0.2,0,-0.2,-0.087,-6.7,-1.4,-8,-0.1
2004/2005,43870000,57429410.46,385277,Indiana Pacers,12,IND,Indiana,East,Central,44,38,0.537,93,92.2,0.49,Anthony Johnson,PG,30,2200000,2970556,63,36,27.7,3.2,7.2,0.445,0.7,1.7,0.38,2.6,5.5,0.466,0.49,1.3,1.8,0.752,0.5,2.3,2.8,4.8,0.9,0.2,1.5,2.3,8.4,1747,14.3,0.526,0.237,0.248,2.2,9.9,6.1,31.2,1.9,0.7,16,16.5,2.2,1.8,4,0.11,0.4,-0.3,0.1,0.9
2004/2005,43870000,57429410.46,385277,Denver Nuggets,8,DEN,Colorado,West,Northwest,49,33,0.598,99.5,97.5,2.23,DerMarr Johnson,SG,24,745046,1006000,71,40,17.4,2.6,5.2,0.499,0.7,2.1,0.358,1.9,3.1,0.592,0.57,1.1,1.4,0.792,0.6,1.5,2.1,1.1,0.6,0.3,0.9,2,7.1,1232,14,0.605,0.399,0.272,4,10,7.1,9.8,1.8,1.1,13.5,17.4,1.9,1.3,3.2,0.123,1,-0.7,0.3,0.7
2004/2005,43870000,57429410.46,385277,Minnesota Timberwolves,18,MIN,Minnesota,West,Northwest,44,38,0.537,96.8,95.3,1.73,Ervin Johnson,C,37,4837633,6532028,46,23,8.9,0.6,1.2,0.519,0,0,1,0.6,1.2,0.509,0.528,0.3,0.5,0.64,0.9,1.5,2.5,0.1,0.2,0.3,0.4,1.9,1.6,410,8.3,0.562,0.019,0.463,12.5,18.7,15.7,2.1,0.9,2.3,21.7,9.4,0.3,0.5,0.8,0.091,-3.2,0.1,-3,-0.1
2004/2005,43870000,57429410.46,385277,Phoenix Suns,24,PHO,Arizona,West,Pacific,62,20,0.756,110.4,103.3,7.08,Joe Johnson,SF,23,2358954,3185184,82,82,39.5,6.6,14.4,0.461,2.2,4.5,0.478,4.5,9.9,0.454,0.536,1.6,2.2,0.75,1.5,3.7,5.1,3.5,1,0.3,1.8,2,17.1,3240,15.1,0.556,0.314,0.153,4.2,9.5,7,13.2,1.2,0.5,10.5,19,5.8,1.7,7.6,0.112,2.5,-0.2,2.3,3.5
2004/2005,43870000,57429410.46,385277,San Antonio Spurs,27,SAS,Texas,West,Southwest,59,23,0.72,96.2,88.4,7.84,Linton Johnson,SF,24,620046,837218,2,0,7.5,0,1,0,0,0.5,0,0,0.5,0,0,0,0,,0,1.5,1.5,0,0.5,0,0.5,0.5,0,15,-3.4,0,0.5,0,0,23.4,11.7,0,3.6,0,33.3,9.3,-0.1,0,0,-0.122,-13.4,1.9,-11.5,0
2004/2005,43870000,57429410.46,385277,Memphis Grizzlies,15,MEM,Tennessee,West,Southwest,45,37,0.549,93.4,91.1,2.64,Dahntay Jones,SG,24,1143360,1543825,52,7,12.5,1.6,3.7,0.437,0.4,1.2,0.383,1.2,2.5,0.462,0.497,0.8,1.2,0.688,0.2,1.1,1.3,0.4,0.3,0.2,0.6,1.6,4.5,649,9.6,0.534,0.316,0.337,2,10.7,6.4,5.5,1.1,1.3,11.7,18,0.2,0.6,0.9,0.066,-2.6,-1.2,-3.8,-0.3
2004/2005,43870000,57429410.46,385277,Miami Heat,16,MIA,Florida,East,Southeast,59,23,0.72,101.5,95,5.77,Damon Jones,PG,28,2503000,3379683,82,66,31.4,4,8.9,0.456,2.7,6.4,0.432,1.3,2.5,0.517,0.611,0.8,1,0.791,0.2,2.6,2.8,4.3,0.5,0.1,1.2,1.5,11.6,2576,15.5,0.625,0.718,0.118,0.7,9.5,5.2,21,0.9,0.1,11.4,15.6,6.5,2.3,8.7,0.162,4.1,-1.7,2.4,2.9
2004/2005,43870000,57429410.46,385277,Miami Heat,16,MIA,Florida,East,Southeast,59,23,0.72,101.5,95,5.77,Eddie Jones,SF,33,13455000,18167654,80,80,35.5,4.4,10.3,0.428,1.8,4.8,0.372,2.6,5.5,0.477,0.515,2.2,2.7,0.806,0.5,4.6,5.1,2.7,1.1,0.5,1.2,3.1,12.7,2839,13.6,0.556,0.466,0.263,1.6,14.5,8.3,11.5,1.6,1,9.8,16.6,4.2,3.8,8,0.135,1.5,0.9,2.4,3.1
2004/2005,43870000,57429410.46,385277,Indiana Pacers,12,IND,Indiana,East,Central,44,38,0.537,93,92.2,0.49,Fred Jones,SG,25,1572480,2123245,77,14,29.5,3.6,8.4,0.425,1.1,3,0.38,2.4,5.4,0.45,0.492,2.3,2.7,0.85,0.4,2.7,3.1,2.5,0.8,0.4,1.5,2.2,10.6,2268,13.3,0.551,0.354,0.32,1.8,10.8,6.4,15.7,1.5,1,13.4,18,2.6,2.2,4.8,0.102,0.3,0.1,0.5,1.4
2004/2005,43870000,57429410.46,385277,Indiana Pacers,12,IND,Indiana,East,Central,44,38,0.537,93,92.2,0.49,James Jones,SF,24,620046,837218,75,24,17.7,1.7,4.2,0.396,0.9,2.2,0.398,0.8,2,0.395,0.5,0.7,0.8,0.855,0.5,1.8,2.3,0.8,0.4,0.4,0.6,1.6,4.9,1330,10.5,0.537,0.522,0.195,3.6,11.9,7.8,7.4,1.3,1.6,11.1,14,1.1,1.4,2.5,0.09,-0.8,0.2,-0.6,0.5
2004/2005,43870000,57429410.46,385277,Los Angeles Lakers,14,LAL,California,West,Pacific,34,48,0.415,98.7,101.7,-2.32,Jumaine Jones,SF,25,1687500,2278551,76,23,24.1,2.8,6.4,0.432,1.3,3.4,0.391,1.4,3,0.48,0.537,0.7,1,0.733,1.4,3.8,5.2,0.9,0.6,0.3,0.6,2.2,7.6,1830,13.1,0.556,0.537,0.154,6.6,17.8,12.3,5.8,1.3,1,8.6,14,2.8,0.8,3.7,0.097,0.7,-1,-0.4,0.8
2004/2005,43870000,57429410.46,385277,Orlando Magic,22,ORL,Florida,East,Southeast,36,46,0.439,99.5,101.8,-2.52,0,SF,29,#N/A,#N/A,10,0,11.6,0.9,3.1,0.29,0,0.4,0,0.9,2.7,0.333,0.29,0.5,1,0.5,0.6,0.7,1.3,0.6,0.5,0.2,0.3,1.6,2.3,116,4.4,0.325,0.129,0.323,5.9,6.7,6.3,7.5,2.2,1.2,7.8,14.5,-0.2,0.1,-0.1,-0.033,-4.9,-0.5,-5.4,-0.1
2004/2005,43870000,57429410.46,385277,Los Angeles Clippers,13,LAC,California,West,Pacific,37,45,0.451,95.7,96.5,-0.47,Chris Kaman,C,22,2574240,3475875,63,50,25.9,3.9,7.9,0.497,0,0,0,3.9,7.8,0.498,0.497,1.3,1.9,0.661,2.1,4.6,6.7,1.2,0.4,1.1,1.8,2.9,9.1,1632,13.1,0.522,0.002,0.244,10.2,20.5,15.6,7.7,0.9,3.1,17.3,18.8,0.2,1.9,2.1,0.061,-2.3,0.8,-1.5,0.2
2004/2005,43870000,57429410.46,385277,Charlotte Bobcats,4,CHA,North Carolina,East,Southeast,18,64,0.22,94.3,100.2,-6.15,Jason Kapono,SF,23,620046,837218,81,14,18.4,3.3,8.3,0.401,1,2.4,0.412,2.3,5.9,0.396,0.461,0.9,1,0.824,0.4,1.6,2,0.8,0.5,0.1,0.6,1.6,8.5,1491,11.8,0.486,0.289,0.127,2.3,10.7,6.3,7.3,1.4,0.3,6.1,22.4,0.6,0.7,1.3,0.043,-1.1,-2.9,-3.9,-0.7
2004/2005,43870000,57429410.46,385277,Orlando Magic,22,ORL,Florida,East,Southeast,36,46,0.439,99.5,101.8,-2.52,Mario Kasun,C,24,385277,520221,45,0,7.9,1,2.2,0.48,0,0,0,1,2.2,0.485,0.48,0.5,1,0.558,1.2,1.7,2.8,0.2,0.2,0.3,0.6,1.9,2.6,356,12,0.505,0.01,0.439,16.6,23.6,20.1,3.5,1.1,2.6,18.2,17.5,0.1,0.4,0.6,0.076,-3.4,-1.3,-4.7,-0.2
2004/2005,43870000,57429410.46,385277,Portland Trail Blazers,25,POR,Oregon,West,Northwest,27,55,0.329,92.9,96.9,-3.45,Viktor Khryapa,SF,22,1019400,1376447,32,5,16.3,1.7,3.9,0.435,0.1,0.3,0.364,1.6,3.5,0.442,0.452,0.7,1.3,0.548,0.9,2.5,3.4,0.8,0.6,0.6,1,2.5,4.2,523,9,0.474,0.089,0.339,6.4,17,11.9,7.6,2,2.4,18.8,15.4,-0.3,0.6,0.3,0.024,-4.3,1,-3.3,-0.2
2004/2005,43870000,57429410.46,385277,New Jersey Nets,3,NJN,New Jersey,East,Atlantic,42,40,0.512,91.4,92.9,-1.82,Jason Kidd,PG,31,14796000,19978343,66,65,36.9,5.2,13,0.398,2,5.4,0.36,3.2,7.5,0.425,0.473,2.2,2.9,0.74,1.4,6,7.4,8.3,1.9,0.1,2.5,1.7,14.4,2435,19.5,0.506,0.419,0.225,4.6,19.8,12.1,40.6,2.7,0.3,15.1,21.3,3.1,4.2,7.2,0.143,3.6,2,5.6,4.6
2004/2005,43870000,57429410.46,385277,Utah Jazz,29,UTA,Utah,West,Northwest,26,56,0.317,93,97.3,-3.74,Andrei Kirilenko,PF,23,1671694,2257209,41,37,32.9,5,10.2,0.493,0.6,1.9,0.299,4.5,8.4,0.536,0.52,5,6.3,0.784,2.2,4,6.2,3.2,1.6,3.3,2.2,2.5,15.6,1349,24.4,0.599,0.183,0.617,8,15.7,11.7,17.4,2.7,8.5,14.4,21.3,3.5,2,5.5,0.197,3.8,5.3,9.1,3.8
2004/2005,43870000,57429410.46,385277,Los Angeles Clippers,13,LAC,California,West,Pacific,37,45,0.451,95.7,96.5,-0.47,Kerry Kittles,SG,30,9566667,12917421,11,0,22.1,2.5,6.6,0.384,0.6,1.9,0.333,1.9,4.7,0.404,0.432,0.5,0.9,0.6,0.1,2.8,2.9,1.8,0.7,0.3,0.6,1.1,6.3,243,10,0.446,0.288,0.137,0.5,14.9,7.9,13.4,1.8,0.9,8.3,16.1,0,0.2,0.2,0.04,-2.5,-0.4,-2.9,-0.1
2004/2005,43870000,57429410.46,385277,Houston Rockets,11,HOU,Texas,West,Southwest,51,31,0.622,95.1,91,4.27,0,PG,23,#N/A,#N/A,1,0,3,0,1,0,0,0,,0,1,0,0,0,0,,0,0,0,1,0,0,0,0,0,3,-1.2,0,0,0,0,0,0,46.5,0,0,0,15.7,0,0,0,-0.205,-14.4,-11.1,-25.5,0
2004/2005,43870000,57429410.46,385277,Charlotte Bobcats,4,CHA,North Carolina,East,Southeast,18,64,0.22,94.3,100.2,-6.15,Brevin Knight,PG,29,932546,1259173,66,61,29.5,3.8,8.9,0.422,0,0.3,0.15,3.7,8.6,0.432,0.425,2.5,3,0.852,0.3,2.3,2.6,9,2,0.1,2.2,2.9,10.1,1944,18,0.495,0.034,0.334,1.2,9.3,5,49.3,3.5,0.2,17.9,18.7,2.6,1.9,4.5,0.11,0.8,-1.4,-0.7,0.7
2004/2005,43870000,57429410.46,385277,Philadelphia 76ers,23,PHI,Pennsylvania,East,Atlantic,43,39,0.524,99.1,99.9,-1.07,Kyle Korver,SF,23,620046,837218,82,57,32.5,3.9,9.3,0.418,2.8,6.8,0.405,1.1,2.5,0.453,0.567,1,1.2,0.854,0.5,4.1,4.6,2.2,1.3,0.4,1.3,3.2,11.5,2667,12.8,0.588,0.735,0.126,1.7,14.5,8,11,2,1,11.7,15.1,3.3,3.3,6.6,0.119,1.5,0.8,2.3,2.9
2004/2005,43870000,57429410.46,385277,New Jersey Nets,3,NJN,New Jersey,East,Atlantic,42,40,0.512,91.4,92.9,-1.82,Nenad Krstic,PF,21,939480,1268535,75,57,26.2,3.7,7.6,0.493,0,0,0,3.7,7.6,0.495,0.493,2.5,3.4,0.725,2.1,3.2,5.3,1,0.4,0.8,1.5,3.7,10,1965,13.4,0.547,0.004,0.447,9.7,14.9,12.3,7.1,0.9,2.6,14.1,19,1.9,2.5,4.4,0.108,-2.1,0.5,-1.6,0.2
2004/2005,43870000,57429410.46,385277,Milwaukee Bucks,17,MIL,Wisconsin,East,Central,30,52,0.366,97.2,100.2,-3.09,Toni Kukoc,SF,36,3000000,4050759,53,6,20.7,2,4.8,0.41,0.8,2.2,0.362,1.2,2.6,0.45,0.492,0.8,1.2,0.721,0.6,2.4,3,3,0.7,0.2,1.2,1.3,5.6,1099,12.8,0.523,0.453,0.238,3.3,13.9,8.5,22.3,1.9,0.9,18.5,14.4,0.8,0.7,1.5,0.066,0.2,0.2,0.4,0.7
2004/2005,43870000,57429410.46,385277,Seattle SuperSonics,21,SEA,Washington,West,Northwest,52,30,0.634,98.9,96.6,2.59,Ibo Kutluay,SG,30,1600000,2160404,5,0,2.4,0,0.2,0,0,0,,0,0.2,0,0,0,0,,0,0.2,0.2,0,0,0,0.4,0.2,0,12,-12.9,0,0,0,0,10.2,5.1,0,0,0,66.7,11.6,-0.1,0,-0.1,-0.348,-15.8,-1.3,-17.1,0
2004/2005,43870000,57429410.46,385277,Miami Heat,16,MIA,Florida,East,Southeast,59,23,0.72,101.5,95,5.77,Christian Laettner,PF,35,6600000,8911669,49,0,15.1,2.2,3.8,0.582,0,0.1,0.143,2.2,3.6,0.599,0.584,0.9,1.2,0.763,0.7,1.9,2.7,0.8,0.7,0.3,0.6,1.6,5.3,739,16.3,0.619,0.038,0.321,5.9,14.4,10.3,8.8,2.3,1.5,12.1,15.1,1.5,1.2,2.7,0.174,0.3,1.3,1.6,0.7
2004/2005,43870000,57429410.46,385277,Boston Celtics,2,BOS,Massachusetts,East,Atlantic,45,37,0.549,101.3,100.4,0.35,Raef LaFrentz,PF,28,9714538,13117084,80,80,27.5,4.3,8.6,0.496,1,2.8,0.364,3.2,5.8,0.559,0.555,1.5,1.9,0.811,1.9,5,6.9,1.2,0.5,1.2,0.9,3.3,11.1,2196,17.3,0.587,0.327,0.215,8.4,20.8,14.7,7.3,1,3.4,8.5,16.9,4.9,2.6,7.5,0.165,1.9,0.6,2.5,2.5
2004/2005,43870000,57429410.46,385277,#N/A,#N/A,TOT,#N/A,#N/A,#N/A,#N/A,#N/A,#N/A,#N/A,#N/A,#N/A,Maciej Lampe,C,19,900000,1215227,37,0,10.3,1.3,3.6,0.371,0.1,0.1,0.5,1.3,3.5,0.367,0.379,0.4,0.6,0.682,0.6,1.8,2.4,0.3,0.1,0.2,0.5,1.4,3.1,380,7.3,0.406,0.03,0.167,7.2,19.8,13.4,5.1,0.7,1.4,10.7,18.9,-0.5,0.3,-0.1,-0.016,-6.9,-2,-8.9,-0.7
2004/2005,43870000,57429410.46,385277,Phoenix Suns,24,PHO,Arizona,West,Pacific,62,20,0.756,110.4,103.3,7.08,Maciej Lampe,C,19,900000,1215227,16,0,7.4,1.1,3.1,0.347,0.1,0.2,0.667,0.9,2.9,0.326,0.367,0.5,0.8,0.667,0.6,1.4,2,0.1,0.1,0.1,0.6,1.3,2.8,119,5,0.405,0.061,0.245,8.5,19.7,14.4,1.2,0.4,1.1,15.6,23.6,-0.3,0.1,-0.2,-0.07,-9.1,-4.3,-13.4,-0.3
2004/2005,43870000,57429410.46,385277,New Orleans Hornets,19,NOH,Louisiana,West,Southwest,18,64,0.22,88.4,95.5,-6.3,Maciej Lampe,C,19,900000,1215227,21,0,12.4,1.5,4,0.386,0,0,0,1.5,3.9,0.39,0.386,0.3,0.5,0.7,0.7,2,2.7,0.5,0.2,0.2,0.3,1.5,3.4,261,8.3,0.406,0.012,0.12,6.5,19.9,12.9,6.9,0.8,1.5,7.4,16.8,-0.2,0.2,0,0.009,-5.9,-0.9,-6.8,-0.3
2004/2005,43870000,57429410.46,385277,Denver Nuggets,8,DEN,Colorado,West,Northwest,49,33,0.598,99.5,97.5,2.23,Voshon Lenard,SG,31,3250000,4388322,3,1,18,3.3,8.7,0.385,1.3,4,0.333,2,4.7,0.429,0.462,1.7,2.7,0.625,0,2,2,2,0.3,0,0.7,0.7,9.7,54,15.1,0.491,0.462,0.308,0,12.7,6.4,19,1,0,6.3,26,0,0,0.1,0.082,0.6,-4.1,-3.5,0
2004/2005,43870000,57429410.46,385277,Seattle SuperSonics,21,SEA,Washington,West,Northwest,52,30,0.634,98.9,96.6,2.59,Rashard Lewis,SF,25,7792208,10521452,71,71,38,7.5,16.2,0.462,2.4,6.1,0.4,5.1,10.1,0.499,0.537,3.1,4,0.777,1.5,3.9,5.5,1.3,1.1,0.9,1.7,2.2,20.5,2697,19.4,0.571,0.375,0.246,5,12.6,8.8,6.5,1.5,1.8,8.8,24,6.9,1.5,8.4,0.15,3.8,-1,2.8,3.3
2004/2005,43870000,57429410.46,385277,Utah Jazz,29,UTA,Utah,West,Northwest,26,56,0.317,93,97.3,-3.74,0,PG,29,#N/A,#N/A,17,4,13.4,1.3,3.1,0.423,0.3,0.5,0.625,1,2.6,0.386,0.471,0.9,1,0.882,0.2,0.5,0.7,2.6,0.7,0.1,0.8,1.6,3.8,227,13.3,0.538,0.154,0.327,1.6,5.1,3.3,32.1,2.9,0.7,19.1,14.9,0.3,0.1,0.4,0.092,-0.9,-2.8,-3.7,-0.1
2004/2005,43870000,57429410.46,385277,Los Angeles Clippers,13,LAC,California,West,Pacific,37,45,0.451,95.7,96.5,-0.47,Shaun Livingston,PG,19,3027840,4088350,30,15,27.1,3,7.2,0.414,0,0.1,0,3,7.1,0.418,0.414,1.5,2,0.746,0.7,2.2,3,5,1.1,0.4,2.5,2.7,7.4,814,10.4,0.461,0.009,0.274,3.3,9.6,6.6,29.9,2.1,1,23.7,18,-0.6,0.7,0.1,0.008,-2.8,-0.3,-3.1,-0.2
2004/2005,43870000,57429410.46,385277,Utah Jazz,29,UTA,Utah,West,Northwest,26,56,0.317,93,97.3,-3.74,Raul Lopez,PG,24,997320,1346634,31,15,16.7,1.8,4.4,0.422,0.6,1.5,0.444,1.2,2.9,0.411,0.496,0.9,1.1,0.818,0.2,1,1.3,4,0.7,0.1,1.5,2.5,5.2,518,12.9,0.538,0.333,0.244,1.6,7.9,4.7,39.3,2.3,0.5,23.9,17.5,0.4,0.3,0.7,0.066,-0.2,-3.3,-3.5,-0.2
2004/2005,43870000,57429410.46,385277,#N/A,#N/A,TOT,#N/A,#N/A,#N/A,#N/A,#N/A,#N/A,#N/A,#N/A,#N/A,Tyronn Lue,PG,27,1600000,2160404,70,49,28.7,4.2,9.3,0.451,0.8,2.2,0.355,3.4,7.1,0.481,0.493,2,2.4,0.861,0.2,1.9,2.1,4.6,0.5,0,1.5,2.4,11.2,2007,14.1,0.542,0.237,0.252,0.8,8.1,4.3,27.4,0.9,0,12.6,18.7,3.4,0.3,3.7,0.088,0.6,-3.5,-2.8,-0.4
2004/2005,43870000,57429410.46,385277,Houston Rockets,11,HOU,Texas,West,Southwest,51,31,0.622,95.1,91,4.27,Tyronn Lue,PG,27,1600000,2160404,21,3,22.8,2.3,5.8,0.393,0.7,2.1,0.333,1.6,3.7,0.429,0.455,0.7,0.9,0.778,0,1.9,1.9,2.8,0.4,0,1.1,2.3,6,479,7.7,0.481,0.369,0.148,0,9.5,4.9,19.6,0.9,0,15.6,15.1,0,0.5,0.5,0.049,-2.8,-0.8,-3.6,-0.2
2004/2005,43870000,57429410.46,385277,Atlanta Hawks,1,ATL,Georgia,East,Southeast,13,69,0.159,92.7,102.5,-9.62,Tyronn Lue,PG,27,1600000,2160404,49,46,31.2,5,10.9,0.464,0.8,2.2,0.364,4.2,8.6,0.491,0.502,2.6,3,0.871,0.3,1.9,2.2,5.4,0.5,0,1.7,2.4,13.5,1528,16.2,0.555,0.207,0.276,1,7.6,4.2,29.8,0.9,0,12,19.9,3.4,-0.2,3.2,0.1,1.7,-4.3,-2.6,-0.2
2004/2005,43870000,57429410.46,385277,New Orleans Hornets,19,NOH,Louisiana,West,Southwest,18,64,0.22,88.4,95.5,-6.3,George Lynch,SF,34,3000000,4050759,44,27,21.2,1.5,4.3,0.36,0.3,0.8,0.297,1.3,3.5,0.375,0.389,0.4,0.5,0.739,1.3,2.7,4,2,0.7,0.3,1.3,1.9,3.7,933,7.9,0.412,0.196,0.122,6.7,15.7,11,15.5,1.9,1,22.3,12.8,-0.9,0.9,0,0,-4.3,1.6,-2.6,-0.1
2004/2005,43870000,57429410.46,385277,Minnesota Timberwolves,18,MIN,Minnesota,West,Northwest,44,38,0.537,96.8,95.3,1.73,Mark Madsen,C,29,745046,1006000,41,14,14.7,0.8,1.6,0.515,0,0,,0.8,1.6,0.515,0.515,0.5,1,0.5,1.5,1.6,3.1,0.4,0.2,0.3,0.6,2.5,2.1,601,6.9,0.526,0,0.606,12.5,11.8,12.2,4.2,0.6,1.7,22.3,8.3,0.4,0.4,0.8,0.065,-2.2,0.6,-1.6,0.1
2004/2005,43870000,57429410.46,385277,Los Angeles Clippers,13,LAC,California,West,Pacific,37,45,0.451,95.7,96.5,-0.47,Corey Maggette,SG,25,7000000,9451771,66,60,36.9,6.4,14.9,0.431,0.8,2.5,0.304,5.7,12.4,0.457,0.457,8.5,10,0.857,1.1,4.9,6,3.4,1.1,0.1,3,2.9,22.2,2436,19.9,0.574,0.17,0.666,3.6,15.5,9.7,16.6,1.5,0.2,13.3,27.9,6,2.2,8.1,0.16,2.9,-1.2,1.7,2.2
2004/2005,43870000,57429410.46,385277,New Orleans Hornets,19,NOH,Louisiana,West,Southwest,18,64,0.22,88.4,95.5,-6.3,Jamaal Magloire,C,26,8533333,11522158,23,22,30.6,4.3,9.9,0.432,0,0,,4.3,9.9,0.432,0.432,3.2,5.3,0.602,3.4,5.5,8.9,1.3,0.3,1,2.6,3.2,11.7,703,12.9,0.48,0,0.542,12.8,22.1,17.3,7.6,0.6,2.6,17.3,22.5,-0.4,0.7,0.3,0.019,-3.9,0,-3.9,-0.3
2004/2005,43870000,57429410.46,385277,New York Knicks,20,NYK,New York,East,Atlantic,33,49,0.402,97.3,99.7,-2.72,Stephon Marbury,PG,27,14625000,19747450,82,82,40,7.4,16,0.462,1.4,4,0.354,6,12,0.497,0.506,5.6,6.7,0.834,0.6,2.4,3,8.1,1.5,0.1,2.8,2.3,21.7,3281,21.9,0.575,0.248,0.42,1.8,7.1,4.4,36,2,0.1,13.1,24.8,10.4,1.3,11.7,0.171,5.6,-2.2,3.4,4.4
2004/2005,43870000,57429410.46,385277,Phoenix Suns,24,PHO,Arizona,West,Pacific,62,20,0.756,110.4,103.3,7.08,Shawn Marion,PF,26,12330000,16648619,81,81,38.8,7.6,15.9,0.476,1.4,4.2,0.334,6.2,11.7,0.526,0.52,2.8,3.4,0.833,2.9,8.4,11.3,1.9,2,1.5,1.5,2.5,19.4,3146,21.7,0.556,0.265,0.213,8.4,22,15.5,7.5,2.6,2.5,8.1,21.3,7.3,5.2,12.5,0.191,2.7,2.2,4.9,5.5
2004/2005,43870000,57429410.46,385277,San Antonio Spurs,27,SAS,Texas,West,Southwest,59,23,0.72,96.2,88.4,7.84,Sean Marks,PF,29,745046,1006000,23,0,10.6,1.2,3.5,0.338,0,0.1,0,1.2,3.3,0.351,0.338,1,1.2,0.786,0.8,1.7,2.4,0.3,0.1,0.5,0.6,1.3,3.3,244,8.7,0.412,0.038,0.35,8.6,18.2,13.4,5.2,0.7,3.3,13.2,20.3,-0.3,0.5,0.2,0.038,-6.6,0.7,-5.9,-0.2
2004/2005,43870000,57429410.46,385277,Toronto Raptors,28,TOR,Ontario,East,Atlantic,33,49,0.402,99.7,101.4,-1.81,Donyell Marshall,PF,31,5023850,6783468,65,2,25.3,4,9.1,0.443,2.3,5.6,0.416,1.7,3.5,0.485,0.57,1.1,1.4,0.791,1.5,5.1,6.6,1.2,0.9,0.7,0.6,2.1,11.5,1645,19.9,0.591,0.613,0.154,6.4,23.3,14.7,8.4,1.8,2,6.2,18.7,4.1,1.9,6,0.176,3.8,0.2,3.9,2.5
2004/2005,43870000,57429410.46,385277,Los Angeles Clippers,13,LAC,California,West,Pacific,37,45,0.451,95.7,96.5,-0.47,Darrick Martin,PG,33,#N/A,#N/A,11,0,17.3,1.5,4.5,0.32,0.5,1.6,0.278,1,2.9,0.344,0.37,0.5,0.7,0.625,0.3,0.6,0.9,2.5,0.5,0,0.5,1.7,3.8,190,7.2,0.392,0.36,0.16,2,4.3,3.2,22.8,1.7,0,10.1,14.5,0,0.1,0.1,0.015,-2.5,-3.1,-5.6,-0.2
2004/2005,43870000,57429410.46,385277,Denver Nuggets,8,DEN,Colorado,West,Northwest,49,33,0.598,99.5,97.5,2.23,Kenyon Martin,PF,27,9454546,12766029,70,67,32.5,6.3,13,0.49,0,0.2,0,6.3,12.8,0.496,0.49,2.8,4.4,0.646,2.1,5.2,7.3,2.4,1.4,1.1,2.1,3.3,15.5,2272,17.5,0.521,0.013,0.34,7.4,18.4,13,13,2.3,2.6,12.5,23.4,1.7,3.6,5.3,0.111,-0.5,2.1,1.6,2.1
2004/2005,43870000,57429410.46,385277,Sacramento Kings,26,SAC,California,West,Pacific,50,32,0.61,103.7,101.6,2.56,Kevin Martin,PG,21,872040,1177474,45,0,10.1,1,2.6,0.385,0.1,0.6,0.2,0.9,2,0.435,0.406,0.8,1.2,0.655,0.6,0.6,1.3,0.5,0.4,0.1,0.5,0.8,2.9,455,8.7,0.464,0.214,0.47,7.1,7.1,7.1,6.8,1.8,0.5,14.5,16.1,-0.1,0.2,0.1,0.016,-3.2,-1.7,-5,-0.3
2004/2005,43870000,57429410.46,385277,Milwaukee Bucks,17,MIL,Wisconsin,East,Central,30,52,0.366,97.2,100.2,-3.09,Desmond Mason,SF,27,6529630,8816652,80,71,36.2,6,13.5,0.443,0,0.1,0.125,6,13.4,0.445,0.443,5.3,6.6,0.802,1.1,2.8,3.9,2.7,0.7,0.3,2.1,2.5,17.2,2893,14.8,0.526,0.007,0.486,3.4,9.3,6.3,12.8,1.1,0.7,11.1,23.2,3.6,0.7,4.3,0.071,-0.1,-1.3,-1.4,0.4
2004/2005,43870000,57429410.46,385277,San Antonio Spurs,27,SAS,Texas,West,Southwest,59,23,0.72,96.2,88.4,7.84,Tony Massenburg,PF,37,1100000,1485278,61,6,11.5,1.2,3,0.407,0,0,,1.2,3,0.407,0.407,0.8,1,0.762,0.9,1.8,2.7,0.2,0.3,0.3,0.7,2,3.2,699,8.5,0.467,0,0.346,9,18.3,13.6,3.2,1.4,2.1,16,16.6,-0.3,1.4,1.1,0.078,-5.4,1.1,-4.3,-0.4
2004/2005,43870000,57429410.46,385277,#N/A,#N/A,TOT,#N/A,#N/A,#N/A,#N/A,#N/A,#N/A,#N/A,#N/A,#N/A,Walter McCarty,PF,30,1337500,1805963,72,0,12.6,1.3,3.3,0.404,0.8,2.2,0.355,0.6,1.1,0.5,0.521,0.2,0.4,0.517,0.4,1.5,1.9,0.5,0.3,0.2,0.5,2,3.6,906,8.2,0.525,0.66,0.123,3.8,13,8.6,6,1.4,1.2,12.7,13.9,0.3,0.8,1.1,0.058,-0.9,-0.9,-1.8,0
2004/2005,43870000,57429410.46,385277,Boston Celtics,2,BOS,Massachusetts,East,Atlantic,45,37,0.549,101.3,100.4,0.35,Walter McCarty,PF,30,1337500,1805963,44,0,12.6,1.4,3.4,0.413,0.7,2,0.333,0.7,1.4,0.533,0.513,0.2,0.3,0.533,0.5,1.3,1.8,0.6,0.3,0.2,0.4,1.9,3.7,553,9,0.517,0.6,0.1,4.5,11.6,8.1,7.2,1.4,1.2,9.8,14.1,0.4,0.4,0.8,0.068,-0.4,-1.2,-1.6,0.1
2004/2005,43870000,57429410.46,385277,Phoenix Suns,24,PHO,Arizona,West,Pacific,62,20,0.756,110.4,103.3,7.08,Walter McCarty,PF,30,1337500,1805963,28,0,12.6,1.2,3,0.388,0.9,2.3,0.385,0.3,0.7,0.4,0.535,0.3,0.5,0.5,0.3,1.9,2.2,0.4,0.4,0.2,0.7,2.1,3.5,353,6.9,0.538,0.765,0.165,2.5,15.3,9.2,4.1,1.4,1.1,17.2,13.6,0,0.3,0.3,0.042,-1.6,-0.5,-2.1,0
2004/2005,43870000,57429410.46,385277,Atlanta Hawks,1,ATL,Georgia,East,Southeast,13,69,0.159,92.7,102.5,-9.62,Jelani McCoy,C,27,167418,226056,10,0,8.8,0.7,1.3,0.538,0,0,,0.7,1.3,0.538,0.538,0.1,0.5,0.2,0.7,1.4,2.1,0,0.3,0.8,0.6,2.4,1.5,88,6.2,0.493,0,0.385,8.8,19.5,13.9,0,1.8,7,28.3,10.8,-0.1,0.1,0,-0.001,-7.9,0.2,-7.7,-0.1
2004/2005,43870000,57429410.46,385277,Detroit Pistons,9,DET,Michigan,East,Central,54,28,0.659,93.3,89.5,3.31,Antonio McDyess,PF,30,4903000,6620290,77,8,23.3,4,7.8,0.513,0,0,0,4,7.8,0.514,0.513,1.6,2.5,0.656,2.3,4,6.3,0.9,0.6,0.7,1.2,2.6,9.6,1797,17.2,0.542,0.002,0.321,11.6,19.7,15.7,7.3,1.4,2.2,12,20.3,2.5,3.3,5.7,0.154,-0.8,1,0.2,1
2004/2005,43870000,57429410.46,385277,Houston Rockets,11,HOU,Texas,West,Southwest,51,31,0.622,95.1,91,4.27,Tracy McGrady,SF,25,14487000,19561115,78,78,40.8,9.2,21.3,0.431,1.8,5.6,0.326,7.3,15.7,0.468,0.473,5.5,7.1,0.774,0.9,5.3,6.2,5.7,1.7,0.7,2.6,2.1,25.7,3182,22.9,0.526,0.262,0.336,2.7,14.8,8.9,28.6,2.3,1.3,9.5,31.2,6.5,5.4,12,0.18,4.9,1.9,6.8,7
2004/2005,43870000,57429410.46,385277,Cleveland Cavaliers,6,CLE,Ohio,East,Central,42,40,0.512,96.5,95.7,0.27,Jeff McInnis,PG,30,3600000,4860910,76,69,34.9,5,12,0.412,1.2,3.5,0.345,3.8,8.6,0.439,0.462,1.7,2.1,0.813,0.4,1.6,2.1,5.1,0.7,0,1.5,2.3,12.8,2651,12.4,0.495,0.289,0.175,1.4,5.7,3.5,24.1,1.1,0,10.6,18.8,3,1.1,4.1,0.074,0.4,-3,-2.5,-0.4
2004/2005,43870000,57429410.46,385277,Philadelphia 76ers,23,PHI,Pennsylvania,East,Atlantic,43,39,0.524,99.1,99.9,-1.07,Aaron McKie,SG,32,5500000,7426391,68,3,16.4,0.9,2.1,0.43,0.3,0.9,0.323,0.6,1.2,0.513,0.5,0.1,0.2,0.625,0.3,2.2,2.5,1.5,0.7,0.3,0.5,1.7,2.2,1118,8.4,0.51,0.437,0.113,2,15.5,8.7,13.4,2.2,1.2,17.2,7.1,0.5,1.5,2,0.085,-3.1,2.2,-0.9,0.3
2004/2005,43870000,57429410.46,385277,Utah Jazz,29,UTA,Utah,West,Northwest,26,56,0.317,93,97.3,-3.74,Keith McLeod,PG,25,750000,1012689,53,47,26.1,2.7,7.7,0.35,0.3,1.4,0.25,2.4,6.3,0.372,0.373,2.1,2.8,0.767,0.4,1.8,2.1,4.5,1.2,0.2,1.9,2.6,7.8,1382,10.4,0.44,0.176,0.358,1.7,8.6,5.1,27.9,2.5,0.7,17.3,19,-0.5,0.8,0.3,0.009,-1.9,-1.2,-3.1,-0.4
2004/2005,43870000,57429410.46,385277,Los Angeles Lakers,14,LAL,California,West,Pacific,34,48,0.415,98.7,101.7,-2.32,Stanislav Medvedenko,PF,25,3000000,4050759,43,4,9.8,1.7,3.6,0.455,0,0,0,1.7,3.6,0.458,0.455,0.5,0.7,0.821,0.7,1.1,1.8,0.3,0.2,0,0.3,1.5,3.8,423,11.9,0.49,0.006,0.179,8.3,12.7,10.5,5.4,1.1,0.3,7.2,19.4,0.4,0.1,0.5,0.053,-2.8,-3.4,-6.2,-0.4
2004/2005,43870000,57429410.46,385277,New Jersey Nets,3,NJN,New Jersey,East,Atlantic,42,40,0.512,91.4,92.9,-1.82,Ron Mercer,SF,28,1600000,2160404,18,3,21.7,3.6,8.8,0.411,0,0.2,0,3.6,8.6,0.419,0.411,0.4,0.6,0.7,0.5,1.7,2.2,1.1,0.9,0.1,0.8,1.1,7.6,390,9.4,0.422,0.019,0.063,2.7,9.7,6.2,9.8,2.2,0.4,7.9,21.2,-0.5,0.5,-0.1,-0.007,-5.3,-0.8,-6.2,-0.4
2004/2005,43870000,57429410.46,385277,Los Angeles Lakers,14,LAL,California,West,Pacific,34,48,0.415,98.7,101.7,-2.32,Chris Mihm,C,25,3371393,4552233,75,75,24.9,3.7,7.4,0.507,0,0,0,3.7,7.3,0.509,0.507,2.3,3.4,0.678,2.6,4.1,6.7,0.7,0.2,1.4,1.5,3.2,9.8,1870,15.7,0.552,0.004,0.467,12,18.3,15.1,4.6,0.4,4.2,14.2,18.8,2.5,1,3.6,0.092,-1.7,-0.5,-2.2,-0.1
2004/2005,43870000,57429410.46,385277,Portland Trail Blazers,25,POR,Oregon,West,Northwest,27,55,0.329,92.9,96.9,-3.45,Darius Miles,SF,23,6750000,9114207,63,22,27,5.3,11.1,0.482,0.1,0.4,0.348,5.2,10.7,0.487,0.488,2,3.4,0.6,1.1,3.6,4.7,2,1.2,1.2,2.5,3,12.8,1699,15.5,0.511,0.033,0.308,5,14.9,10.2,14.2,2.4,3.3,16.6,25.7,-0.7,2,1.3,0.036,-2.3,1.2,-1.1,0.4
2004/2005,43870000,57429410.46,385277,Detroit Pistons,9,DET,Michigan,East,Central,54,28,0.659,93.3,89.5,3.31,Darko Milicic,C,19,3865440,5219322,37,2,6.9,0.7,2.1,0.329,0,0,,0.7,2.1,0.329,0.329,0.5,0.6,0.708,0.1,1.1,1.2,0.2,0.1,0.5,0.4,0.8,1.8,254,4.7,0.387,0,0.316,1.4,18.3,9.9,4.5,0.4,5.1,15.6,19,-0.6,0.4,-0.2,-0.031,-10.1,0.9,-9.1,-0.5
2004/2005,43870000,57429410.46,385277,Denver Nuggets,8,DEN,Colorado,West,Northwest,49,33,0.598,99.5,97.5,2.23,Andre Miller,PG,28,7366667,9946864,82,82,34.8,5.2,10.9,0.477,0.1,0.5,0.154,5.1,10.4,0.492,0.48,3.1,3.7,0.838,1.2,2.9,4.1,6.9,1.5,0.1,2.7,2.5,13.6,2852,16.5,0.541,0.044,0.337,4.1,9.6,6.8,32.2,2.2,0.2,17.6,19.5,4.1,2.9,7,0.119,1.2,-0.2,1,2.2
2004/2005,43870000,57429410.46,385277,Atlanta Hawks,1,ATL,Georgia,East,Southeast,13,69,0.159,92.7,102.5,-9.62,Anthony Miller,PF,33,34118,46067,2,0,4.5,1,1.5,0.667,0,0,,1,1.5,0.667,0.667,0,0,,0,0.5,0.5,0.5,0.5,0,0.5,1,2,9,16.9,0.667,0,0,0,13.6,6.5,21.4,5.8,0,25,19.9,0,0,0,0.091,-1.3,0.4,-0.8,0
2004/2005,43870000,57429410.46,385277,Sacramento Kings,26,SAC,California,West,Pacific,50,32,0.61,103.7,101.6,2.56,Brad Miller,C,28,7875000,10633242,56,56,37.3,5.7,10.9,0.524,0.1,0.3,0.263,5.6,10.5,0.532,0.528,4.2,5.1,0.812,2.5,6.8,9.3,3.9,1.2,1.2,1.5,3.2,15.6,2089,20.7,0.596,0.031,0.471,7.4,20.4,13.9,16.1,1.7,2.3,10,17.4,6.3,2.3,8.6,0.198,2.5,2,4.5,3.4
2004/2005,43870000,57429410.46,385277,Memphis Grizzlies,15,MEM,Tennessee,West,Southwest,45,37,0.549,93.4,91.1,2.64,Mike Miller,SF,24,6000000,8101518,76,51,30,5.1,10.1,0.505,1.8,4.3,0.433,3.3,5.8,0.558,0.597,1.4,2,0.72,0.5,3.5,3.9,2.9,0.7,0.3,1.7,2.6,13.4,2278,16.7,0.614,0.422,0.196,1.9,13.8,7.9,17.8,1.3,0.8,13.2,19.8,4.5,2.6,7,0.148,3,0,3,2.9
2004/2005,43870000,57429410.46,385277,Indiana Pacers,12,IND,Indiana,East,Central,44,38,0.537,93,92.2,0.49,Reggie Miller,SG,39,5500000,7426391,66,66,31.9,4.8,10.9,0.437,1.5,4.5,0.322,3.3,6.4,0.518,0.503,3.8,4.1,0.933,0.3,2.1,2.4,2.2,0.8,0.1,1.2,1.7,14.8,2105,16.6,0.582,0.414,0.373,1,7.7,4.4,13.3,1.3,0.2,8.4,20.8,5.1,1.5,6.6,0.151,2.8,-1.8,1,1.6
2004/2005,43870000,57429410.46,385277,Houston Rockets,11,HOU,Texas,West,Southwest,51,31,0.622,95.1,91,4.27,Yao Ming,C,24,4436880,5990910,80,80,30.6,6.7,12.2,0.552,0,0,,6.7,12.2,0.552,0.552,4.9,6.2,0.783,2.6,5.8,8.4,0.8,0.4,2,2.5,3.7,18.3,2447,23.2,0.614,0,0.51,10.2,21.4,15.9,5,0.8,5.1,14.1,26.8,6,4.7,10.7,0.21,0.3,1.3,1.6,2.2
2004/2005,43870000,57429410.46,385277,#N/A,#N/A,TOT,#N/A,#N/A,#N/A,#N/A,#N/A,#N/A,#N/A,#N/A,#N/A,Cuttino Mobley,SG,29,5884500,7945563,66,64,36.2,6.2,14.1,0.438,2.3,5.2,0.439,3.9,8.9,0.437,0.518,2.5,3.1,0.82,0.7,2.8,3.5,2.8,1.1,0.5,2,2.3,17.2,2388,15,0.555,0.367,0.22,2.1,8.6,5.4,12.5,1.6,0.9,11.5,21.4,3.2,1.2,4.4,0.089,1.5,-1.6,-0.1,1.1
2004/2005,43870000,57429410.46,385277,Orlando Magic,22,ORL,Florida,East,Southeast,36,46,0.439,99.5,101.8,-2.52,Cuttino Mobley,SG,29,5884500,7945563,23,21,31.6,5.6,12.9,0.432,2.5,5.4,0.464,3,7.4,0.409,0.53,2.4,3,0.797,0.5,2.3,2.7,1.8,1,0.4,1.8,2.1,16,726,15.3,0.565,0.422,0.233,1.7,7.9,4.9,9.7,1.6,0.9,11.2,22.1,1.1,0.4,1.5,0.101,1.8,-2.2,-0.4,0.3
2004/2005,43870000,57429410.46,385277,Sacramento Kings,26,SAC,California,West,Pacific,50,32,0.61,103.7,101.6,2.56,Cuttino Mobley,SG,29,5884500,7945563,43,43,38.7,6.5,14.8,0.44,2.1,5,0.424,4.4,9.7,0.449,0.513,2.6,3.2,0.831,0.8,3.1,3.9,3.4,1.2,0.5,2.1,2.4,17.8,1662,14.9,0.55,0.341,0.214,2.3,8.9,5.6,13.8,1.6,0.9,11.7,21.1,2.1,0.8,2.9,0.084,1.3,-1.3,0,0.8
2004/2005,43870000,57429410.46,385277,#N/A,#N/A,TOT,#N/A,#N/A,#N/A,#N/A,#N/A,#N/A,#N/A,#N/A,#N/A,Nazr Mohammed,C,27,5250000,7088828,77,59,25.1,3.8,7.8,0.48,0,0,0,3.8,7.8,0.481,0.48,2,2.9,0.674,3.2,4.4,7.6,0.4,0.8,1.1,1.4,3.1,9.5,1933,16.4,0.521,0.002,0.377,14.9,20.7,17.8,2.9,1.6,3.3,13.3,19.2,2,2.6,4.6,0.115,-1.7,0.3,-1.4,0.3
2004/2005,43870000,57429410.46,385277,New York Knicks,20,NYK,New York,East,Atlantic,33,49,0.402,97.3,99.7,-2.72,Nazr Mohammed,C,27,5250000,7088828,54,54,28.1,4.3,8.5,0.509,0,0,0,4.3,8.5,0.51,0.509,2.2,3.2,0.708,3.1,5,8.1,0.5,1,1,1.5,3.2,10.9,1519,17,0.55,0.002,0.372,13,21,17,2.9,1.8,2.7,13.1,18.5,2.1,1.7,3.8,0.12,-1.1,0.1,-1,0.4
2004/2005,43870000,57429410.46,385277,San Antonio Spurs,27,SAS,Texas,West,Southwest,59,23,0.72,96.2,88.4,7.84,Nazr Mohammed,C,27,5250000,7088828,23,5,18,2.4,6.2,0.387,0,0,,2.4,6.2,0.387,0.387,1.4,2.4,0.571,3.4,3,6.4,0.3,0.2,1.4,1.2,2.8,6.2,414,14.2,0.426,0,0.394,22,19.5,20.8,3.2,0.7,5.8,13.9,21.8,-0.1,0.9,0.8,0.095,-4,1.2,-2.8,-0.1
2004/2005,43870000,57429410.46,385277,#N/A,#N/A,TOT,#N/A,#N/A,#N/A,#N/A,#N/A,#N/A,#N/A,#N/A,#N/A,Jerome Moiso,C-PF,26,1760000,2376445,20,1,6,0.5,0.9,0.5,0,0.1,0,0.5,0.9,0.529,0.5,0.5,0.7,0.769,0.5,1.4,1.9,0.1,0.2,0.3,0.4,0.7,1.4,120,12.3,0.59,0.056,0.722,9.5,26.4,17.8,1.3,1.3,3.7,22.8,11.7,0.1,0.2,0.2,0.098,-6,-1.3,-7.2,-0.2
2004/2005,43870000,57429410.46,385277,Toronto Raptors,28,TOR,Ontario,East,Atlantic,33,49,0.402,99.7,101.4,-1.81,Jerome Moiso,C,26,1760000,2376445,8,1,8.6,0.4,1.1,0.333,0,0.1,0,0.4,1,0.375,0.333,1,1.1,0.889,0.8,2.1,2.9,0,0.3,0.4,0.8,0.9,1.8,69,9.5,0.54,0.111,1,9.7,28.4,18.9,0,1.5,3.1,31.6,12.6,0,0.1,0.1,0.039,-8.1,-2,-10.1,-0.1
2004/2005,43870000,57429410.46,385277,New Jersey Nets,3,NJN,New Jersey,East,Atlantic,42,40,0.512,91.4,92.9,-1.82,Jerome Moiso,C,26,1760000,2376445,8,0,3,0.4,0.5,0.75,0,0,,0.4,0.5,0.75,0.75,0.3,0.5,0.5,0.4,0.5,0.9,0,0,0.1,0.1,0.3,1,24,17,0.694,0,1,14.8,20.3,17.5,0,0,3.4,14.8,13.2,0.1,0,0.1,0.174,-3.6,-4.1,-7.7,0
2004/2005,43870000,57429410.46,385277,Cleveland Cavaliers,6,CLE,Ohio,East,Central,42,40,0.512,96.5,95.7,0.27,Jerome Moiso,PF,26,1760000,2376445,4,0,6.8,0.8,1.3,0.6,0,0,,0.8,1.3,0.6,0.6,0,0,,0.3,1.5,1.8,0.3,0.3,0.5,0,1,1.5,27,15.3,0.6,0,0,4.3,26.8,15.3,5.8,2,5.5,0,8.4,0,0.1,0.1,0.181,-2.7,3.2,0.5,0
2004/2005,43870000,57429410.46,385277,Los Angeles Clippers,13,LAC,California,West,Pacific,37,45,0.451,95.7,96.5,-0.47,Mikki Moore,PF,29,870046,1174782,74,4,15.9,1.9,3.9,0.502,0,0.1,0.2,1.9,3.8,0.507,0.503,1.4,1.8,0.787,1.3,2,3.3,0.6,0.3,0.4,0.9,2.3,5.4,1178,12.7,0.571,0.017,0.474,10.2,14.7,12.5,6.6,0.9,2.1,15.4,16.1,1.6,1,2.6,0.106,-1.1,-0.4,-1.5,0.1
2004/2005,43870000,57429410.46,385277,#N/A,#N/A,TOT,#N/A,#N/A,#N/A,#N/A,#N/A,#N/A,#N/A,#N/A,#N/A,Alonzo Mourning,C-PF,34,5408700,7303113,37,17,19,2.7,5.7,0.472,0,0,,2.7,5.7,0.472,0.472,2.2,3.8,0.582,1.4,3.9,5.4,0.5,0.2,2,1.5,2.2,7.6,702,15.4,0.515,0,0.665,9,24.5,16.8,4.6,0.6,8.3,17.2,22.1,-0.3,1.5,1.2,0.08,-5.9,2.5,-3.4,-0.2
2004/2005,43870000,57429410.46,385277,New Jersey Nets,3,NJN,New Jersey,East,Atlantic,42,40,0.512,91.4,92.9,-1.82,Alonzo Mourning,PF,34,5408700,7303113,18,14,25.4,3.8,8.3,0.453,0,0,,3.8,8.3,0.453,0.453,2.8,4.8,0.593,1.7,5.3,7.1,0.8,0.3,2.3,2.5,2.8,10.4,457,13.5,0.498,0,0.573,8,25.6,16.7,5.6,0.6,7.4,19.3,23.9,-0.6,0.9,0.3,0.03,-7.1,2.3,-4.8,-0.3
2004/2005,43870000,57429410.46,385277,Miami Heat,16,MIA,Florida,East,Southeast,59,23,0.72,101.5,95,5.77,Alonzo Mourning,C,34,5408700,7303113,19,3,12.9,1.7,3.3,0.516,0,0,,1.7,3.3,0.516,0.516,1.6,2.9,0.564,1.2,2.6,3.7,0.2,0.2,1.7,0.6,1.7,5,245,18.9,0.551,0,0.887,10.9,22.4,16.9,2.5,0.6,9.9,12.2,18.7,0.3,0.5,0.9,0.173,-3.5,2.7,-0.8,0.1
2004/2005,43870000,57429410.46,385277,Golden State Warriors,10,GSW,California,West,Pacific,34,48,0.415,98.7,100.9,-1.74,Troy Murphy,PF,24,2231808,3013505,70,69,33.9,5.6,13.5,0.414,0.8,2.1,0.399,4.8,11.4,0.417,0.445,3.3,4.6,0.73,3.6,7.2,10.8,1.4,0.8,0.5,1.5,2.7,15.4,2375,16.8,0.495,0.156,0.337,11,24.2,17.3,6.9,1.1,1,9,22.2,2.6,2.7,5.3,0.107,-1,-0.7,-1.8,0.1
2004/2005,43870000,57429410.46,385277,Toronto Raptors,28,TOR,Ontario,East,Atlantic,33,49,0.402,99.7,101.4,-1.81,Lamond Murray,SF,31,4875000,6582483,62,1,14.8,2.1,5,0.426,0.7,1.7,0.438,1.4,3.3,0.42,0.5,1,1.3,0.763,0.7,1.9,2.6,0.8,0.5,0.3,0.9,1.4,6,918,13.7,0.537,0.339,0.258,5.3,15.1,10.1,8.5,1.8,1.3,13.5,19.9,0.5,0.7,1.3,0.067,-1,-0.8,-1.8,0
2004/2005,43870000,57429410.46,385277,Seattle SuperSonics,21,SEA,Washington,West,Northwest,52,30,0.634,98.9,96.6,2.59,Ronald Murray,SG,25,695046,938487,49,6,18,2.7,7.4,0.361,0.5,1.9,0.253,2.2,5.5,0.399,0.394,1.2,1.6,0.738,0.3,1.7,2,1.3,0.6,0.2,1.2,1.2,7,883,9.9,0.433,0.262,0.22,2.1,11.5,6.8,12.7,1.9,1,12.5,23.8,-0.8,0.5,-0.3,-0.016,-3.1,-1.3,-4.5,-0.6
2004/2005,43870000,57429410.46,385277,Houston Rockets,11,HOU,Texas,West,Southwest,51,31,0.622,95.1,91,4.27,Dikembe Mutombo,C,38,19485719,26310650,80,2,15.2,1.4,2.7,0.498,0,0,,1.4,2.7,0.498,0.498,1.3,1.8,0.741,1.9,3.5,5.3,0.1,0.2,1.3,0.6,1.7,4,1212,16.4,0.575,0,0.659,14.8,25.9,20.5,1.3,0.7,6.5,15.4,12.9,2,2.7,4.7,0.186,-3.3,2.3,-1,0.3
2004/2005,43870000,57429410.46,385277,Los Angeles Clippers,13,LAC,California,West,Pacific,37,45,0.451,95.7,96.5,-0.47,Mamadou N'diaye,C,29,750000,1012689,11,0,6.5,0.7,1.8,0.4,0,0.1,0,0.7,1.7,0.421,0.4,0.4,0.6,0.571,0.8,0.8,1.6,0.1,0.1,0.5,0,1.8,1.8,72,10.6,0.433,0.05,0.35,15.5,14.6,15,2.2,0.7,5.2,0,14.8,0.1,0.1,0.2,0.115,-2.3,-0.9,-3.2,0
2004/2005,43870000,57429410.46,385277,#N/A,#N/A,TOT,#N/A,#N/A,#N/A,#N/A,#N/A,#N/A,#N/A,#N/A,#N/A,Bostjan Nachbar,PF-SF,24,1493880,2017115,71,6,18.9,2.3,5.8,0.392,1.1,2.8,0.383,1.2,3,0.4,0.483,1.4,1.6,0.829,0.3,2.2,2.6,1,0.4,0.2,1,2.6,7,1341,10.1,0.534,0.477,0.285,2.1,14.4,8,9.8,1.2,1,13.6,18.6,0.6,1.1,1.7,0.061,-1.5,-1.1,-2.6,-0.2
2004/2005,43870000,57429410.46,385277,Houston Rockets,11,HOU,Texas,West,Southwest,51,31,0.622,95.1,91,4.27,Bostjan Nachbar,SF,24,1493880,2017115,16,2,12.8,0.9,2.7,0.349,0.6,1.3,0.476,0.3,1.4,0.227,0.465,0.6,0.8,0.75,0.3,1.6,1.9,0.6,0.1,0,0.3,1.9,3.1,204,6.1,0.507,0.488,0.279,2.3,14.5,8.6,6.9,0.3,0,9.4,12.3,0.1,0.2,0.3,0.08,-2.8,-0.7,-3.6,-0.1
2004/2005,43870000,57429410.46,385277,New Orleans Hornets,19,NOH,Louisiana,West,Southwest,18,64,0.22,88.4,95.5,-6.3,Bostjan Nachbar,PF,24,1493880,2017115,55,4,20.7,2.7,6.7,0.397,1.2,3.2,0.371,1.5,3.5,0.42,0.485,1.6,1.9,0.838,0.4,2.4,2.8,1.2,0.5,0.3,1.2,2.8,8.1,1137,10.9,0.537,0.476,0.285,2,14.3,7.9,10.3,1.3,1.1,14.1,19.7,0.5,0.9,1.4,0.057,-1.3,-1.2,-2.5,-0.1
2004/2005,43870000,57429410.46,385277,New Orleans Hornets,19,NOH,Louisiana,West,Southwest,18,64,0.22,88.4,95.5,-6.3,Lee Nailon,SF,29,745046,1006000,68,51,29.7,6.1,12.8,0.478,0,0,0,6.1,12.8,0.479,0.478,2,2.4,0.806,1.9,2.5,4.4,1.6,0.5,0.2,1.6,2.8,14.2,2017,14.5,0.511,0.002,0.19,7.2,10.4,8.7,11.3,1,0.6,10.5,24.2,1.3,0.9,2.2,0.053,-0.9,-1.6,-2.5,-0.2
2004/2005,43870000,57429410.46,385277,#N/A,#N/A,TOT,#N/A,#N/A,#N/A,#N/A,#N/A,#N/A,#N/A,#N/A,#N/A,Eduardo Najera,PF,28,3809524,5143821,68,4,17.4,2.1,4.7,0.45,0.1,0.3,0.286,2,4.4,0.462,0.46,0.9,1.3,0.637,1.5,2.1,3.6,1,0.6,0.4,0.9,2.2,5.2,1185,11.2,0.489,0.065,0.283,9.4,13.6,11.5,8.5,1.8,1.5,14.4,15.8,0.4,1.3,1.6,0.066,-2.5,0.6,-1.8,0
2004/2005,43870000,57429410.46,385277,Golden State Warriors,10,GSW,California,West,Pacific,34,48,0.415,98.7,100.9,-1.74,Eduardo Najera,PF,28,3809524,5143821,42,4,14.5,1.7,4.1,0.407,0.1,0.4,0.4,1.5,3.7,0.408,0.424,0.7,1.1,0.644,1.3,1.5,2.8,0.9,0.4,0.2,0.8,1.7,4.2,610,9.9,0.456,0.087,0.262,9,12.1,10.5,9.4,1.5,1.2,14.3,16.2,0,0.5,0.4,0.034,-3.5,0,-3.5,-0.2
2004/2005,43870000,57429410.46,385277,Denver Nuggets,8,DEN,Colorado,West,Northwest,49,33,0.598,99.5,97.5,2.23,Eduardo Najera,PF,28,3809524,5143821,26,0,22.1,2.9,5.8,0.5,0,0.2,0,2.9,5.5,0.521,0.5,1.1,1.8,0.63,1.9,2.9,4.8,1.1,0.9,0.5,1.1,3,6.9,575,12.5,0.526,0.04,0.307,9.9,15.1,12.5,7.6,2.1,1.8,14.6,15.5,0.4,0.8,1.2,0.099,-1.4,1.3,-0.1,0.3
2004/2005,43870000,57429410.46,385277,Phoenix Suns,24,PHO,Arizona,West,Pacific,62,20,0.756,110.4,103.3,7.08,Steve Nash,PG,30,8750000,11814714,75,75,34.3,5.7,11.4,0.502,1.3,2.9,0.431,4.5,8.5,0.526,0.557,2.8,3.2,0.887,0.8,2.6,3.3,11.5,1,0.1,3.3,1.8,15.5,2573,22,0.606,0.254,0.278,2.5,7.6,5.2,49.2,1.4,0.2,20.3,20.5,9.7,1.2,10.9,0.203,4.5,-2.9,1.7,2.4
2004/2005,43870000,57429410.46,385277,Orlando Magic,22,ORL,Florida,East,Southeast,36,46,0.439,99.5,101.8,-2.52,Jameer Nelson,PG,22,1106160,1493595,79,21,20.4,3.6,7.9,0.455,0.6,1.8,0.312,3.1,6.2,0.497,0.49,0.9,1.4,0.682,0.7,1.8,2.4,3,1,0,1.5,2.5,8.7,1612,14.5,0.51,0.225,0.17,3.7,9.7,6.7,24.8,2.5,0.1,14.8,21.4,1.2,1.3,2.5,0.074,0.7,-1.3,-0.5,0.6
2004/2005,43870000,57429410.46,385277,San Antonio Spurs,27,SAS,Texas,West,Southwest,59,23,0.72,96.2,88.4,7.84,Radoslav Nesterovic,C,28,6160000,8317558,70,70,25.5,2.8,6.1,0.46,0,0,,2.8,6.1,0.46,0.46,0.2,0.4,0.467,2.6,3.9,6.6,1,0.4,1.7,1,3,5.9,1785,12,0.463,0,0.07,12,18,15,6.3,0.9,4.7,14.1,13.5,0.5,3.8,4.2,0.114,-2.7,4.1,1.4,1.5
2004/2005,43870000,57429410.46,385277,Cleveland Cavaliers,6,CLE,Ohio,East,Central,42,40,0.512,96.5,95.7,0.27,Ira Newble,SG,30,2704350,3651556,74,69,24.8,2.5,5.7,0.429,0.3,0.7,0.358,2.2,5,0.439,0.452,0.7,0.9,0.797,1.1,1.9,3,1.2,0.7,0.2,0.8,1.9,5.9,1832,8.6,0.482,0.125,0.163,4.9,9.4,7.1,7.6,1.5,0.7,11.8,12.7,0.6,1.3,1.9,0.05,-2.3,0,-2.3,-0.1
2004/2005,43870000,57429410.46,385277,Chicago Bulls,5,CHI,Illinois,East,Central,47,35,0.573,94.5,93.4,0.65,Andres Nocioni,SF,25,2525000,3409388,81,38,23.4,3,7.4,0.401,0.3,1.2,0.258,2.7,6.2,0.429,0.422,2.1,2.7,0.766,0.9,3.9,4.8,1.5,0.5,0.4,1.7,2.6,8.4,1892,10.1,0.484,0.161,0.369,4.1,18.6,11.4,10.9,1,1.3,16.2,19.7,-0.9,3.3,2.5,0.062,-3.9,1.7,-2.1,-0.1
2004/2005,43870000,57429410.46,385277,#N/A,#N/A,TOT,#N/A,#N/A,#N/A,#N/A,#N/A,#N/A,#N/A,#N/A,#N/A,Moochie Norris,PG,31,3850000,5198474,38,0,9.5,0.9,2.9,0.321,0,0.3,0,0.9,2.6,0.361,0.321,0.5,0.6,0.833,0.3,0.9,1.2,1,0.5,0.1,0.7,1.2,2.4,360,6.1,0.376,0.11,0.22,3.2,11.8,7.5,16.7,2.7,0.4,18.4,18.7,-0.7,0.3,-0.4,-0.056,-5.9,-0.1,-6,-0.4
2004/2005,43870000,57429410.46,385277,New York Knicks,20,NYK,New York,East,Atlantic,33,49,0.402,97.3,99.7,-2.72,Moochie Norris,PG,31,3850000,5198474,32,0,10,1,2.9,0.344,0,0.4,0,1,2.5,0.395,0.344,0.6,0.7,0.818,0.3,1,1.3,1.1,0.5,0.1,0.8,1.3,2.6,321,6.8,0.399,0.129,0.237,3.3,12.2,7.7,16.3,2.8,0.5,19.6,18.2,-0.6,0.3,-0.3,-0.043,-5.3,0.1,-5.2,-0.3
2004/2005,43870000,57429410.46,385277,Houston Rockets,11,HOU,Texas,West,Southwest,51,31,0.622,95.1,91,4.27,Moochie Norris,PG,31,3850000,5198474,6,0,6.5,0.5,2.7,0.188,0,0,,0.5,2.7,0.188,0.188,0.3,0.3,1,0.2,0.5,0.7,0.8,0.2,0,0.3,0.3,1.3,39,0.6,0.237,0,0.125,3.1,8.7,6,20,1.4,0,10.6,22.8,-0.2,0,-0.1,-0.168,-10.5,-1.4,-11.9,-0.1
2004/2005,43870000,57429410.46,385277,Dallas Mavericks,7,DAL,Texas,West,Southwest,58,24,0.707,102.5,96.8,5.86,Dirk Nowitzki,PF,26,12584688,16992513,78,78,38.7,8.5,18.5,0.459,1.2,2.9,0.399,7.3,15.6,0.47,0.49,7.9,9.1,0.869,1.2,8.5,9.7,3.1,1.2,1.5,2.3,2.8,26.1,3020,26.1,0.578,0.158,0.49,3.6,24,14,14.3,1.7,2.9,9.1,28.7,10.3,5.2,15.6,0.248,4,1.7,5.7,5.9
2004/2005,43870000,57429410.46,385277,Indiana Pacers,12,IND,Indiana,East,Central,44,38,0.537,93,92.2,0.49,Jermaine O'Neal,PF,26,14796000,19978343,44,41,34.8,8.8,19.4,0.452,0,0.1,0.167,8.8,19.3,0.454,0.453,6.7,8.9,0.754,1.9,6.9,8.8,1.9,0.6,2,3,3.9,24.3,1530,22.9,0.52,0.007,0.458,6.7,23.3,15.1,12.8,0.9,4.4,11.3,36.2,1.3,2.5,3.8,0.118,-1.2,0.6,-0.6,0.5
2004/2005,43870000,57429410.46,385277,Miami Heat,16,MIA,Florida,East,Southeast,59,23,0.72,101.5,95,5.77,Shaquille O'Neal,C,32,27696430,37397188,73,73,34.1,9,15,0.601,0,0,,9,15,0.601,0.601,4.8,10.5,0.461,3.5,6.9,10.4,2.7,0.5,2.3,2.8,3.6,22.9,2492,27,0.583,0,0.699,12.4,22.8,17.8,15.7,0.8,5,12.4,30.5,6.4,4.6,11,0.211,3.3,2.3,5.6,4.7
2004/2005,43870000,57429410.46,385277,Los Angeles Lakers,14,LAL,California,West,Pacific,34,48,0.415,98.7,101.7,-2.32,Lamar Odom,PF,25,10548596,14243273,64,64,36.3,5.7,12.1,0.473,0.6,1.8,0.308,5.2,10.3,0.502,0.496,3.2,4.7,0.695,2.1,8.1,10.2,3.7,0.7,1,2.5,3.3,15.2,2320,17.3,0.539,0.151,0.385,6.6,25,15.9,17.9,1,2.1,15.1,20.8,3,1.8,4.7,0.098,0.4,1.2,1.6,2.1
2004/2005,43870000,57429410.46,385277,Charlotte Bobcats,4,CHA,North Carolina,East,Southeast,18,64,0.22,94.3,100.2,-6.15,Emeka Okafor,PF,22,3739680,5049514,73,73,35.6,6.1,13.7,0.447,0,0,0,6.1,13.7,0.447,0.447,2.9,4.7,0.609,3.8,7.1,10.9,0.9,0.8,1.7,1.7,2.9,15.1,2600,16.3,0.479,0.001,0.342,11.5,24.1,17.5,4.3,1.2,3.6,9.8,21.8,0.9,3.1,4,0.074,-2.3,0.5,-1.9,0.1
2004/2005,43870000,57429410.46,385277,Utah Jazz,29,UTA,Utah,West,Northwest,26,56,0.317,93,97.3,-3.74,Mehmet Okur,C,25,7500000,10126897,82,25,28.1,4.3,9.2,0.468,0.2,0.8,0.27,4.1,8.5,0.486,0.479,4,4.7,0.85,2.4,5.1,7.5,2,0.4,0.8,1.7,2.8,12.9,2304,18.9,0.569,0.083,0.512,10.2,23.4,16.6,12.8,0.8,2.5,13.2,21.3,5.3,1.8,7,0.147,1.6,0.3,1.9,2.3
2004/2005,43870000,57429410.46,385277,Philadelphia 76ers,23,PHI,Pennsylvania,East,Atlantic,43,39,0.524,99.1,99.9,-1.07,Kevin Ollie,PG,32,2704350,3651556,26,0,6.1,0.4,1.2,0.355,0,0,,0.4,1.2,0.355,0.355,0.2,0.3,0.667,0.1,0.6,0.7,0.7,0.2,0,0.2,0.6,1.1,158,6.7,0.4,0,0.29,2.1,11.5,6.8,17.9,1.6,0,14.6,11.5,-0.1,0.1,0.1,0.025,-5.8,-0.5,-6.3,-0.2
2004/2005,43870000,57429410.46,385277,Minnesota Timberwolves,18,MIN,Minnesota,West,Northwest,44,38,0.537,96.8,95.3,1.73,Michael Olowokandi,C,29,5408700,7303113,62,34,19.6,2.6,5.7,0.456,0,0,,2.6,5.7,0.456,0.456,0.7,1.1,0.667,1.7,3.5,5.2,0.5,0.2,0.9,1.1,3.1,5.9,1215,10.4,0.48,0,0.195,10.4,19.6,15.2,3.7,0.7,3.3,15.1,17.2,-0.3,1.5,1.2,0.048,-4.2,0.2,-4,-0.6
2004/2005,43870000,57429410.46,385277,Sacramento Kings,26,SAC,California,West,Pacific,50,32,0.61,103.7,101.6,2.56,Greg Ostertag,C,31,4000000,5401012,56,3,9.9,0.7,1.5,0.44,0,0,0,0.7,1.5,0.451,0.44,0.2,0.7,0.342,1,2,3,0.7,0.1,0.7,0.4,1.6,1.6,556,10,0.432,0.024,0.452,11,22.5,16.8,9,0.6,5.1,19.2,10,0.1,0.7,0.7,0.064,-4.2,2.5,-1.8,0
2004/2005,43870000,57429410.46,385277,Phoenix Suns,24,PHO,Arizona,West,Pacific,62,20,0.756,110.4,103.3,7.08,Bo Outlaw,PF,33,7632904,10306351,39,0,5.5,0.3,0.9,0.353,0,0,,0.3,0.9,0.353,0.353,0.1,0.2,0.556,0.4,0.9,1.4,0.3,0.2,0.3,0.2,0.7,0.7,214,8.1,0.382,0,0.265,8.4,17.6,13.2,7.7,1.4,3.7,17.4,9.4,0,0.3,0.2,0.053,-4.2,3,-1.2,0
2004/2005,43870000,57429410.46,385277,Portland Trail Blazers,25,POR,Oregon,West,Northwest,27,55,0.329,92.9,96.9,-3.45,Travis Outlaw,SF,20,1011600,1365915,59,2,13.4,2.3,4.5,0.498,0.1,0.2,0.4,2.2,4.4,0.502,0.506,0.8,1.3,0.653,0.7,1.4,2.1,0.6,0.5,0.7,0.7,1.3,5.4,793,15.4,0.532,0.037,0.281,6.1,11.3,8.8,7.8,2,3.6,11.5,19.6,0.6,0.8,1.4,0.085,-2,0.1,-1.9,0
2004/2005,43870000,57429410.46,385277,Milwaukee Bucks,17,MIL,Wisconsin,East,Central,30,52,0.366,97.2,100.2,-3.09,Zaza Pachulia,C,20,620046,837218,74,4,18.9,2.2,4.8,0.452,0,0,0,2.2,4.8,0.453,0.452,1.9,2.5,0.746,1.8,3.3,5.1,0.8,0.6,0.5,0.9,2.2,6.2,1397,14.4,0.526,0.003,0.523,10.9,20.9,15.9,6.8,1.7,1.8,13.9,16.5,1.6,1.3,2.9,0.099,-1.3,0.7,-0.6,0.5
2004/2005,43870000,57429410.46,385277,Houston Rockets,11,HOU,Texas,West,Southwest,51,31,0.622,95.1,91,4.27,Scott Padgett,PF,28,807546,1090391,66,0,14.3,1.5,3.5,0.421,0.8,1.9,0.397,0.7,1.6,0.449,0.528,0.4,0.6,0.725,0.7,2.1,2.8,0.8,0.5,0.2,0.5,1.8,4.2,942,12.3,0.549,0.541,0.172,6,16.7,11.5,9.5,1.9,0.8,10.7,14,1.2,1.6,2.8,0.141,0.1,1.4,1.5,0.8
2004/2005,43870000,57429410.46,385277,Toronto Raptors,28,TOR,Ontario,East,Atlantic,33,49,0.402,99.7,101.4,-1.81,Milt Palacio,PG,26,807546,1090391,80,4,19.2,2.2,4.9,0.446,0,0.2,0.167,2.2,4.8,0.455,0.449,1.4,1.9,0.742,0.3,1.4,1.7,3.5,0.6,0.2,1.3,1.6,5.8,1533,12.5,0.507,0.031,0.395,1.9,8.1,4.9,28.8,1.6,0.6,18.4,16.8,1,0.7,1.7,0.054,-2.2,-1.8,-4,-0.8
2004/2005,43870000,57429410.46,385277,Chicago Bulls,5,CHI,Illinois,East,Central,47,35,0.573,94.5,93.4,0.65,Jannero Pargo,PG,25,695046,938487,32,0,14.2,2.6,6.7,0.385,0.7,2.1,0.348,1.8,4.6,0.401,0.439,0.5,0.7,0.739,0.4,1.1,1.5,2.4,0.5,0,1.4,1.7,6.4,453,11.1,0.457,0.31,0.108,3,8.6,5.8,31.2,1.8,0.2,16.8,26.5,-0.4,0.7,0.2,0.023,-1.4,-1,-2.4,0
2004/2005,43870000,57429410.46,385277,#N/A,#N/A,TOT,#N/A,#N/A,#N/A,#N/A,#N/A,#N/A,#N/A,#N/A,#N/A,Smush Parker,PG,23,695046,938487,16,1,9,1.1,2.7,0.419,0.2,0.8,0.231,0.9,1.9,0.5,0.453,0.6,0.8,0.692,0.3,0.5,0.8,0.9,0.3,0,1.2,1,3,144,6,0.493,0.302,0.302,3.2,6.4,4.8,16.8,1.8,0,28.1,21.5,-0.3,0.1,-0.1,-0.045,-5.3,-1.7,-7,-0.2
2004/2005,43870000,57429410.46,385277,Detroit Pistons,9,DET,Michigan,East,Central,54,28,0.659,93.3,89.5,3.31,Smush Parker,PG,23,695046,938487,11,1,10,1,2.5,0.393,0.2,0.8,0.222,0.8,1.7,0.474,0.429,0.8,1.2,0.692,0.2,0.6,0.8,1,0.3,0,0.9,1.2,3,110,6.6,0.489,0.321,0.464,2.2,7.4,4.8,16.3,1.5,0,22.9,18.7,-0.1,0.1,0,0.009,-4.5,-1.6,-6.1,-0.1
2004/2005,43870000,57429410.46,385277,Phoenix Suns,24,PHO,Arizona,West,Pacific,62,20,0.756,110.4,103.3,7.08,Smush Parker,PG,23,695046,938487,5,0,6.8,1.4,3,0.467,0.2,0.8,0.25,1.2,2.2,0.545,0.5,0,0,,0.4,0.2,0.6,0.8,0.4,0,1.8,0.6,3,34,4.3,0.5,0.267,0,6.6,3,4.7,18.3,2.9,0,37.5,30.8,-0.2,0,-0.2,-0.218,-7.9,-2,-9.8,-0.1
2004/2005,43870000,57429410.46,385277,San Antonio Spurs,27,SAS,Texas,West,Southwest,59,23,0.72,96.2,88.4,7.84,Tony Parker,PG,22,1545441,2086736,80,80,34.2,6.7,14,0.482,0.5,2,0.276,6.2,12,0.516,0.501,2.6,4,0.65,0.6,3.1,3.7,6.1,1.2,0.1,2.7,2.1,16.6,2735,18,0.528,0.14,0.289,2,10.7,6.4,33.2,1.9,0.1,14.6,25.1,3.6,4.5,8.1,0.141,1.9,0.5,2.3,3
2004/2005,43870000,57429410.46,385277,Portland Trail Blazers,25,POR,Oregon,West,Northwest,27,55,0.329,92.9,96.9,-3.45,Ruben Patterson,SF,29,5899400,7965682,70,36,28,4.6,8.6,0.531,0,0.4,0.08,4.5,8.2,0.55,0.532,2.4,4,0.599,1.8,2.1,3.9,2,1.5,0.3,2,2.3,11.6,1957,15.8,0.558,0.042,0.469,7.7,8.3,8.1,12.4,2.9,0.8,16.5,20.4,1.8,1.6,3.4,0.083,0.4,0.3,0.6,1.3
2004/2005,43870000,57429410.46,385277,Cleveland Cavaliers,6,CLE,Ohio,East,Central,42,40,0.512,96.5,95.7,0.27,Aleksandar Pavlovic,SG,21,1191000,1608151,65,9,13.3,1.8,4.2,0.435,0.5,1.2,0.385,1.4,3,0.455,0.489,0.7,1,0.688,0.2,0.9,1.1,0.8,0.4,0.1,0.7,1.9,4.8,862,9,0.516,0.283,0.232,2,7.8,4.9,9.3,1.8,0.3,13.4,18.4,0.2,0.6,0.8,0.046,-2.2,-2.2,-4.4,-0.5
2004/2005,43870000,57429410.46,385277,Boston Celtics,2,BOS,Massachusetts,East,Atlantic,45,37,0.549,101.3,100.4,0.35,Gary Payton,PG,36,5408700,7303113,77,77,33,4.4,9.4,0.468,0.5,1.7,0.326,3.9,7.7,0.498,0.497,2,2.6,0.761,0.6,2.4,3.1,6.1,1.1,0.2,1.9,1.6,11.3,2541,15.1,0.537,0.178,0.277,2.3,8.5,5.4,29.2,1.8,0.4,15.4,17,3.8,1.6,5.4,0.102,1,-1.3,-0.3,1.1
2004/2005,43870000,57429410.46,385277,Washington Wizards,30,WAS,Washington DC,East,Southeast,45,37,0.549,100.5,100.8,-0.71,Anthony Peeler,SG,35,1600000,2160404,40,0,13.2,1.4,3.8,0.373,0.6,1.6,0.385,0.8,2.1,0.365,0.457,0.4,0.5,0.889,0.4,1.3,1.6,1.4,0.5,0.1,0.7,1,3.8,529,10.2,0.484,0.433,0.12,2.9,11.2,6.9,16.7,1.8,0.3,15.1,15.4,0.2,0.3,0.5,0.048,-1.9,-1.7,-3.6,-0.2
2004/2005,43870000,57429410.46,385277,Los Angeles Clippers,13,LAC,California,West,Pacific,37,45,0.451,95.7,96.5,-0.47,0,SG,24,#N/A,#N/A,4,0,3,0.3,0.8,0.333,0,0.3,0,0.3,0.5,0.5,0.333,0,0,,0,0.3,0.3,0.3,0,0,0.5,0,0.5,12,-4.3,0.333,0.333,0,0,9.7,5,12.9,0,0,40,19.3,-0.1,0,-0.1,-0.276,-12.3,-3.3,-15.6,0
2004/2005,43870000,57429410.46,385277,Boston Celtics,2,BOS,Massachusetts,East,Atlantic,45,37,0.549,101.3,100.4,0.35,Kendrick Perkins,C,20,875400,1182011,60,3,9.1,0.9,2,0.471,0,0,,0.9,2,0.471,0.471,0.6,1,0.638,0.9,2.1,2.9,0.4,0.2,0.6,0.7,1.6,2.5,548,11.2,0.515,0,0.487,11.5,25.7,18.7,5.8,0.8,5.1,22.9,15.4,-0.1,0.8,0.7,0.065,-4.7,1.5,-3.2,-0.2
2004/2005,43870000,57429410.46,385277,#N/A,#N/A,TOT,#N/A,#N/A,#N/A,#N/A,#N/A,#N/A,#N/A,#N/A,#N/A,Wesley Person,SF,33,1600000,2160404,41,3,16.3,2.6,5.5,0.473,1,2.2,0.461,1.6,3.3,0.482,0.564,0.2,0.3,0.692,0.1,2,2,1,0.5,0.1,0.4,0.7,6.4,667,14.1,0.57,0.394,0.058,0.5,13.7,7.2,9.6,1.5,0.5,6.8,16.8,0.9,0.7,1.6,0.115,0.1,-1.3,-1.2,0.1
2004/2005,43870000,57429410.46,385277,Miami Heat,16,MIA,Florida,East,Southeast,59,23,0.72,101.5,95,5.77,Wesley Person,SF,33,1600000,2160404,16,3,12.9,1.6,3.6,0.439,0.5,1.3,0.381,1.1,2.3,0.472,0.509,0.3,0.3,1,0.1,1.3,1.4,0.7,0.4,0,0.4,0.4,3.9,206,10.5,0.528,0.368,0.07,0.6,11.4,6.2,8.2,1.5,0,10.6,14.9,0.1,0.2,0.3,0.076,-2,-1.1,-3.1,-0.1
2004/2005,43870000,57429410.46,385277,Denver Nuggets,8,DEN,Colorado,West,Northwest,49,33,0.598,99.5,97.5,2.23,Wesley Person,SF,33,1600000,2160404,25,0,18.4,3.3,6.8,0.485,1.3,2.7,0.485,2,4,0.485,0.583,0.2,0.4,0.556,0.1,2.4,2.4,1.1,0.5,0.2,0.4,1,8.1,461,15.6,0.584,0.402,0.053,0.5,14.7,7.6,10.3,1.4,0.7,5.5,17.7,0.8,0.5,1.3,0.133,1,-1.4,-0.4,0.2
2004/2005,43870000,57429410.46,385277,Toronto Raptors,28,TOR,Ontario,East,Atlantic,33,49,0.402,99.7,101.4,-1.81,Morris Peterson,SG,27,4400000,5941113,82,61,30.6,4.3,10.3,0.42,1.6,4.1,0.385,2.8,6.3,0.442,0.496,2.3,2.8,0.832,0.9,3.3,4.1,2.1,1.1,0.2,1.1,2.7,12.5,2510,14.4,0.543,0.395,0.267,3.1,12.4,7.7,11.2,1.9,0.5,8.9,18.9,3.5,1.6,5.1,0.098,1.4,-0.5,1,1.9
2004/2005,43870000,57429410.46,385277,Chicago Bulls,5,CHI,Illinois,East,Central,47,35,0.573,94.5,93.4,0.65,Eric Piatkowski,SG,34,2750000,3713195,68,11,12.4,1.6,3.8,0.43,0.8,2,0.425,0.8,1.8,0.435,0.541,0.7,0.8,0.804,0.2,0.9,1.2,0.8,0.4,0,0.5,1,4.8,841,12.4,0.573,0.519,0.217,2,8.5,5.3,10.3,1.8,0.1,11.6,17,1.1,1.2,2.3,0.129,0.1,-0.2,-0.1,0.4
2004/2005,43870000,57429410.46,385277,Boston Celtics,2,BOS,Massachusetts,East,Atlantic,45,37,0.549,101.3,100.4,0.35,Paul Pierce,SF,27,12584688,16992513,82,82,36.1,6.8,14.9,0.455,1.3,3.6,0.37,5.5,11.4,0.481,0.499,6.7,8.1,0.822,1,5.6,6.6,4.2,1.6,0.5,2.8,3.1,21.6,2960,21.8,0.583,0.239,0.546,3.1,17.8,10.6,20.3,2.3,1,13.2,26.6,7.7,3.6,11.2,0.182,3.9,0.4,4.3,4.7
2004/2005,43870000,57429410.46,385277,Golden State Warriors,10,GSW,California,West,Pacific,34,48,0.415,98.7,100.9,-1.74,Mickael Pietrus,SF,22,1785960,2411497,67,3,20,3.2,7.5,0.427,1,2.9,0.344,2.2,4.6,0.48,0.494,2.1,3,0.698,1,1.9,2.8,1.2,0.7,0.3,1.4,2.1,9.5,1340,14.2,0.539,0.389,0.403,5,10.5,7.7,10.2,1.8,1,13.5,22.5,1.1,1,2.1,0.075,-0.1,-1.4,-1.5,0.2
2004/2005,43870000,57429410.46,385277,New Jersey Nets,3,NJN,New Jersey,East,Atlantic,42,40,0.512,91.4,92.9,-1.82,Zoran Planinic,PG,22,1053720,1422788,43,8,12,1.8,4,0.448,0.3,0.9,0.375,1.5,3.1,0.47,0.491,1.1,1.5,0.697,0.4,1.2,1.6,1,0.6,0,1,1.8,5,515,12.5,0.534,0.23,0.379,4.4,11.9,8.1,15.8,2.6,0,16.8,22.2,0.1,0.7,0.8,0.073,-1.9,-0.7,-2.6,-0.1
2004/2005,43870000,57429410.46,385277,Dallas Mavericks,7,DAL,Texas,West,Southwest,58,24,0.707,102.5,96.8,5.86,Pavel Podkolzin,C,20,1061880,1433806,5,0,2,0,0,,0,0,,0,0,,,0.2,0.4,0.5,0,0.4,0.4,0,0,0,0.4,0.8,0.2,10,-12.1,0.568,,,0,21.9,11.2,0,0,0,69.4,12.9,-0.1,0,0,-0.214,-14.3,-2.5,-16.8,0
2004/2005,43870000,57429410.46,385277,Indiana Pacers,12,IND,Indiana,East,Central,44,38,0.537,93,92.2,0.49,Scot Pollard,C,29,5792250,7821003,49,17,17.7,1.6,3.4,0.473,0,0,,1.6,3.4,0.473,0.473,0.7,1,0.673,1.7,2.4,4.2,0.4,0.6,0.5,0.6,2.5,3.9,865,11.2,0.506,0,0.293,11.9,16.3,14.1,3.6,1.9,2.1,14.1,12.2,0.6,1.2,1.9,0.104,-2.4,1.6,-0.8,0.3
2004/2005,43870000,57429410.46,385277,Denver Nuggets,8,DEN,Colorado,West,Northwest,49,33,0.598,99.5,97.5,2.23,Mark Pope,PF,32,870046,1174782,9,0,3,0.2,0.7,0.333,0,0,,0.2,0.7,0.333,0.333,0,0,,0.6,0.3,0.9,0.1,0.1,0.2,0.1,0.6,0.4,27,10,0.333,0,0,21.5,12.7,17.1,5.3,1.9,5.6,14.3,11.6,0,0,0,0.07,-3.1,2.8,-0.3,0
2004/2005,43870000,57429410.46,385277,Memphis Grizzlies,15,MEM,Tennessee,West,Southwest,45,37,0.549,93.4,91.1,2.64,James Posey,SF,28,5408700,7303113,50,18,27.6,2.5,7.1,0.357,1.1,3.6,0.309,1.4,3.6,0.404,0.434,1.9,2.2,0.865,0.9,3.5,4.4,1.8,1,0.5,1.4,2.7,8.1,1382,10.5,0.5,0.5,0.312,3.9,15,9.5,10.3,1.9,1.3,14.6,16.2,0.4,1.9,2.3,0.079,-0.9,1.4,0.5,0.9
2004/2005,43870000,57429410.46,385277,Seattle SuperSonics,21,SEA,Washington,West,Northwest,52,30,0.634,98.9,96.6,2.59,Vitaly Potapenko,C,29,6191250,8359754,33,1,10.2,1.4,2.6,0.517,0,0,0,1.4,2.6,0.523,0.517,0.8,0.9,0.871,0.9,1.5,2.4,0.3,0.2,0.1,0.4,1.6,3.5,335,14.5,0.581,0.011,0.356,11,17.5,14.2,4.5,1.1,0.7,10.7,15.5,0.8,0.2,1,0.142,-0.1,-1.5,-1.6,0
2004/2005,43870000,57429410.46,385277,Detroit Pistons,9,DET,Michigan,East,Central,54,28,0.659,93.3,89.5,3.31,Tayshaun Prince,SF,24,1038960,1402858,82,82,37.1,5.7,11.7,0.487,0.6,1.7,0.341,5.1,10.1,0.512,0.511,2.7,3.3,0.807,1.6,3.7,5.3,3,0.7,0.9,1.6,2,14.7,3039,16.2,0.556,0.143,0.285,5.2,11.5,8.4,14.5,1,1.8,11.1,18.8,5.4,4,9.4,0.149,1.2,1.2,2.4,3.4
2004/2005,43870000,57429410.46,385277,Washington Wizards,30,WAS,Washington DC,East,Southeast,45,37,0.549,100.5,100.8,-0.71,Laron Profit,SF,27,745046,1006000,42,4,10.2,1.3,3,0.438,0.2,0.7,0.286,1.1,2.4,0.48,0.469,0.4,0.6,0.64,0.6,1.2,1.8,0.9,0.4,0.1,0.6,1,3.2,428,11.5,0.489,0.219,0.195,6.1,14.2,10,14,1.9,0.9,16.3,16.9,0.1,0.4,0.4,0.049,-2.5,-0.8,-3.3,-0.1
2004/2005,43870000,57429410.46,385277,Portland Trail Blazers,25,POR,Oregon,West,Northwest,27,55,0.329,92.9,96.9,-3.45,Joel Przybilla,C,25,1500000,2025379,76,50,24.4,2.6,4.4,0.598,0,0,,2.6,4.4,0.598,0.598,1.2,2.3,0.517,2.3,5.4,7.7,1,0.3,2.1,1.3,3.1,6.4,1858,15.5,0.596,0,0.523,11.5,24.5,18.3,6.4,0.7,6.2,19.3,12.6,2,2.7,4.7,0.121,-1.8,3,1.2,1.5
2004/2005,43870000,57429410.46,385277,Seattle SuperSonics,21,SEA,Washington,West,Northwest,52,30,0.634,98.9,96.6,2.59,Vladimir Radmanovic,PF,24,2300984,3106910,63,0,29.5,4.2,10.3,0.409,2,5.2,0.389,2.2,5.1,0.43,0.508,1.3,1.6,0.786,0.8,3.8,4.6,1.4,0.9,0.5,1.3,2.7,11.8,1856,13.7,0.533,0.506,0.158,3.4,15.6,9.5,7.9,1.7,1.3,10.3,19.3,2.4,1.3,3.7,0.096,1.5,-0.3,1.3,1.5
2004/2005,43870000,57429410.46,385277,Utah Jazz,29,UTA,Utah,West,Northwest,26,56,0.317,93,97.3,-3.74,Aleksandar Radojevic,C,28,720046,972244,12,6,10.7,0.5,1.6,0.316,0,0,,0.5,1.6,0.316,0.316,0.6,0.8,0.7,0.8,1.6,2.3,0.5,0,0.2,1.3,2.7,1.6,128,-1.5,0.406,0,0.526,8.5,18.9,13.6,7,0,1.3,39.1,13.8,-0.4,0.1,-0.3,-0.117,-8.3,-0.7,-9,-0.2
2004/2005,43870000,57429410.46,385277,Washington Wizards,30,WAS,Washington DC,East,Southeast,45,37,0.549,100.5,100.8,-0.71,Peter John Ramos,C,19,600000,810151,6,0,3.3,0.8,1.7,0.5,0,0,,0.8,1.7,0.5,0.5,0.2,0.3,0.5,0.2,0.5,0.7,0,0,0.2,0.5,0.7,1.8,20,8.2,0.506,0,0.2,5.4,17.5,11.2,0,0,3.7,21.6,30.3,-0.1,0,0,-0.108,-11.3,-7,-18.3,-0.1
2004/2005,43870000,57429410.46,385277,Portland Trail Blazers,25,POR,Oregon,West,Northwest,27,55,0.329,92.9,96.9,-3.45,Zach Randolph,PF,23,1504272,2031147,46,37,34.8,7.2,16.1,0.448,0,0.1,0,7.2,16,0.452,0.448,4.5,5.5,0.815,3.1,6.5,9.6,1.9,0.7,0.4,2.4,2.4,18.9,1603,18.6,0.511,0.008,0.343,10.7,20.8,15.9,10.2,1.1,0.8,11.6,27.7,1.6,1.5,3.1,0.094,-0.6,-1.6,-2.2,-0.1
2004/2005,43870000,57429410.46,385277,Portland Trail Blazers,25,POR,Oregon,West,Northwest,27,55,0.329,92.9,96.9,-3.45,Theo Ratliff,C,31,10937500,14768392,63,45,27.5,1.8,4.1,0.447,0,0,,1.8,4.1,0.447,0.447,1.2,1.7,0.692,1.8,3.5,5.3,0.5,0.4,2.5,0.9,2.9,4.8,1731,10.1,0.5,0,0.416,7.7,14.1,11,2.9,0.7,6.5,15.6,9.6,0.5,1.7,2.3,0.063,-3.5,3,-0.5,0.7
2004/2005,43870000,57429410.46,385277,Los Angeles Clippers,13,LAC,California,West,Pacific,37,45,0.451,95.7,96.5,-0.47,Zeljko Rebraca,C,32,2500000,3375632,58,2,16,2.3,4,0.568,0,0,,2.3,4,0.568,0.568,1.3,1.5,0.859,0.8,2.3,3.2,0.4,0.2,0.7,0.8,2.2,5.8,928,14,0.625,0,0.363,6.5,16.9,11.9,4.8,0.8,3.3,15.3,16,1.4,0.9,2.4,0.122,-1.5,0,-1.6,0.1
2004/2005,43870000,57429410.46,385277,Milwaukee Bucks,17,MIL,Wisconsin,East,Central,30,52,0.366,97.2,100.2,-3.09,Michael Redd,SG,25,3000000,4050759,75,75,38,8.3,18.9,0.441,1.4,3.9,0.355,6.9,15,0.463,0.477,4.9,5.8,0.854,1,3.2,4.2,2.3,0.8,0.1,1.8,2,23,2848,18.3,0.536,0.207,0.305,2.9,10,6.4,11.4,1.2,0.2,7.6,27.8,5.5,0.7,6.2,0.105,2.7,-2.7,-0.1,1.4
2004/2005,43870000,57429410.46,385277,Boston Celtics,2,BOS,Massachusetts,East,Atlantic,45,37,0.549,101.3,100.4,0.35,Justin Reed,SF,23,385277,520221,23,0,5.3,0.7,1.3,0.517,0,0.1,0,0.7,1.1,0.577,0.517,0.5,0.7,0.733,0.3,0.3,0.7,0.4,0.1,0,0.2,0.5,1.8,121,13.7,0.576,0.103,0.517,7.9,7.6,7.7,12.9,1.3,0.6,12.3,15.1,0.2,0.1,0.3,0.121,0.1,-1.8,-1.8,0
2004/2005,43870000,57429410.46,385277,Chicago Bulls,5,CHI,Illinois,East,Central,47,35,0.573,94.5,93.4,0.65,Jared Reiner,C,22,385277,520221,19,2,6.9,0.5,1.6,0.333,0,0,,0.5,1.6,0.333,0.333,0.1,0.2,0.25,0.7,1.3,2,0.1,0.2,0.4,0.5,1.8,1.1,132,2.3,0.331,0,0.133,11.1,21,16.1,1.2,1.2,4,22.1,13.8,-0.3,0.3,0,-0.013,-9.3,2,-7.3,-0.2
2004/2005,43870000,57429410.46,385277,Golden State Warriors,10,GSW,California,West,Pacific,34,48,0.415,98.7,100.9,-1.74,Jason Richardson,SG,24,3534018,4771818,72,72,37.8,8.5,19,0.446,1.7,5.1,0.338,6.7,13.9,0.486,0.492,3,4.3,0.693,1.7,4.2,5.9,3.9,1.5,0.4,2.3,2.2,21.7,2724,19,0.518,0.27,0.226,4.8,12.5,8.5,19.2,2,0.8,10.1,27.1,3.3,2.4,5.7,0.1,2.7,-0.3,2.4,3
2004/2005,43870000,57429410.46,385277,Phoenix Suns,24,PHO,Arizona,West,Pacific,62,20,0.756,110.4,103.3,7.08,Quentin Richardson,SG,24,5800000,7831467,79,78,35.9,5.2,13.2,0.389,2.9,8,0.358,2.3,5.2,0.437,0.498,1.7,2.3,0.739,1.2,4.9,6.1,2,1.2,0.3,1.3,2.5,14.9,2839,13.6,0.522,0.604,0.176,3.6,13.9,9,7.9,1.7,0.6,8.3,18.9,3.3,2.5,5.8,0.098,2,-0.1,1.9,2.8
2004/2005,43870000,57429410.46,385277,Seattle SuperSonics,21,SEA,Washington,West,Northwest,52,30,0.634,98.9,96.6,2.59,Luke Ridnour,PG,23,1531200,2067507,82,82,31.4,3.6,9,0.405,0.8,2.2,0.376,2.8,6.8,0.414,0.45,1.9,2.2,0.883,0.7,1.8,2.5,5.9,1.1,0.3,1.8,2.3,10,2571,14.6,0.504,0.241,0.244,2.6,7.1,4.9,30.6,2,0.7,15.4,17.4,4.3,1,5.4,0.1,1.4,-1,0.4,1.5
2004/2005,43870000,57429410.46,385277,Charlotte Bobcats,4,CHA,North Carolina,East,Southeast,18,64,0.22,94.3,100.2,-6.15,Bernard Robinson,SG,24,385277,520221,31,1,10.6,1.2,2.6,0.444,0.1,0.3,0.375,1.1,2.4,0.452,0.463,0.6,0.8,0.692,0.5,1.1,1.5,1,0.4,0.1,0.6,1.4,3,328,9.8,0.503,0.099,0.321,4.6,12.5,8.4,14.4,1.7,0.9,17.8,15.2,0,0.2,0.3,0.037,-3,-0.1,-3.2,-0.1
2004/2005,43870000,57429410.46,385277,#N/A,#N/A,TOT,#N/A,#N/A,#N/A,#N/A,#N/A,#N/A,#N/A,#N/A,#N/A,Clifford Robinson,C-PF,38,5287500,7139462,71,29,23.8,2.8,7.4,0.386,0.9,2.7,0.347,1.9,4.6,0.409,0.45,0.9,1.4,0.639,0.8,2.2,2.9,1.5,0.9,0.7,0.9,2.5,7.5,1689,10.3,0.471,0.369,0.185,3.5,10.8,7,9.9,1.9,2.3,10.4,16.9,-0.1,1.8,1.7,0.049,-2.3,0.6,-1.6,0.2
2004/2005,43870000,57429410.46,385277,Golden State Warriors,10,GSW,California,West,Pacific,34,48,0.415,98.7,100.9,-1.74,Clifford Robinson,C,38,5287500,7139462,42,29,26,3.4,8.4,0.398,1,3,0.331,2.4,5.4,0.436,0.458,0.8,1.4,0.603,0.7,2,2.7,1.8,1,0.9,1,2.5,8.5,1090,11,0.473,0.359,0.164,2.9,8.7,5.7,10.8,2.1,2.5,9.7,17,0.1,1,1.1,0.046,-1.8,0.7,-1.1,0.3
2004/2005,43870000,57429410.46,385277,New Jersey Nets,3,NJN,New Jersey,East,Atlantic,42,40,0.512,91.4,92.9,-1.82,Clifford Robinson,PF,38,5287500,7139462,29,0,20.7,2.1,5.8,0.361,0.9,2.3,0.379,1.2,3.6,0.35,0.435,0.9,1.3,0.692,0.8,2.5,3.3,1,0.6,0.5,0.9,2.6,6,599,9,0.467,0.391,0.231,4.6,14.7,9.5,8.5,1.6,1.9,11.8,16.5,-0.2,0.8,0.7,0.052,-3.2,0.5,-2.7,-0.1
2004/2005,43870000,57429410.46,385277,San Antonio Spurs,27,SAS,Texas,West,Southwest,59,23,0.72,96.2,88.4,7.84,Glenn Robinson,SF,32,12071250,16299241,9,0,17.4,3.8,8.6,0.442,0.2,0.7,0.333,3.6,7.9,0.451,0.455,2.2,2.6,0.87,0.4,2.2,2.7,0.9,0.4,0.3,0.8,2.1,10,157,17.2,0.517,0.078,0.299,3,14.9,8.9,9.8,1.4,1.4,7.4,27.9,0.2,0.3,0.5,0.147,-1.8,-1,-2.9,0
2004/2005,43870000,57429410.46,385277,#N/A,#N/A,TOT,#N/A,#N/A,#N/A,#N/A,#N/A,#N/A,#N/A,#N/A,#N/A,Rodney Rogers,SF-PF,33,2700000,3645683,58,33,23.6,3,7.8,0.382,0.8,2.9,0.286,2.1,4.9,0.44,0.436,0.9,1.2,0.743,1.1,3.2,4.2,1.5,0.7,0.3,1.5,3,7.7,1367,8.9,0.462,0.373,0.156,5,16.2,10.4,11,1.6,1.2,15.2,19,-1.1,1.4,0.3,0.01,-3,0,-3,-0.3
2004/2005,43870000,57429410.46,385277,New Orleans Hornets,19,NOH,Louisiana,West,Southwest,18,64,0.22,88.4,95.5,-6.3,Rodney Rogers,SF,33,2700000,3645683,30,26,29.4,3.6,9.6,0.377,0.8,3.1,0.272,2.8,6.6,0.426,0.42,1.1,1.4,0.762,0.9,3.8,4.7,2,0.6,0.4,2.2,3.4,9.2,882,7.1,0.447,0.318,0.145,3.6,16,9.5,12.2,1.2,1.1,17.7,19.7,-1.3,0.7,-0.6,-0.035,-4.1,-0.1,-4.2,-0.5
2004/2005,43870000,57429410.46,385277,Philadelphia 76ers,23,PHI,Pennsylvania,East,Atlantic,43,39,0.524,99.1,99.9,-1.07,Rodney Rogers,PF,33,2700000,3645683,28,7,17.3,2.3,5.8,0.391,0.8,2.7,0.303,1.4,3,0.471,0.463,0.7,1,0.714,1.2,2.5,3.7,0.9,0.8,0.3,0.7,2.5,6,485,12.2,0.488,0.472,0.174,7.6,16.7,12.1,8.8,2.3,1.3,10.3,17.6,0.2,0.7,0.9,0.09,-1,0.3,-0.7,0.2
2004/2005,43870000,57429410.46,385277,Toronto Raptors,28,TOR,Ontario,East,Atlantic,33,49,0.402,99.7,101.4,-1.81,Jalen Rose,SF,32,14487000,19561115,81,65,33.5,6.5,14.3,0.455,1.3,3.4,0.394,5.2,10.9,0.473,0.501,4.1,4.8,0.854,0.5,2.9,3.4,2.6,0.8,0.1,2.2,2.3,18.5,2710,16.6,0.562,0.236,0.336,1.8,9.9,5.8,14,1.2,0.3,11.9,25.5,3.8,1,4.8,0.085,1.4,-2.2,-0.8,0.8
2004/2005,43870000,57429410.46,385277,#N/A,#N/A,TOT,#N/A,#N/A,#N/A,#N/A,#N/A,#N/A,#N/A,#N/A,#N/A,Malik Rose,PF,30,5462500,7375757,76,5,19.4,2.6,5.8,0.449,0,0.1,0.1,2.6,5.7,0.457,0.45,1.8,2.4,0.737,1.7,2.8,4.5,0.8,0.6,0.2,1.3,2.7,7,1475,12.2,0.511,0.023,0.422,10.2,16.9,13.5,6.6,1.7,0.8,16.3,19.6,0.5,2.1,2.6,0.085,-2.7,0.4,-2.3,-0.1
2004/2005,43870000,57429410.46,385277,San Antonio Spurs,27,SAS,Texas,West,Southwest,59,23,0.72,96.2,88.4,7.84,Malik Rose,PF,30,5462500,7375757,50,1,17.2,2.5,5.3,0.464,0,0.1,0,2.5,5.3,0.471,0.464,1.4,2,0.697,1.9,2.6,4.5,0.8,0.6,0.2,1.1,2.5,6.3,862,14,0.51,0.015,0.371,12.9,17.9,15.4,8,1.9,0.8,15.3,19.8,0.6,1.7,2.3,0.13,-1.8,1.4,-0.4,0.3
2004/2005,43870000,57429410.46,385277,New York Knicks,20,NYK,New York,East,Atlantic,33,49,0.402,97.3,99.7,-2.72,Malik Rose,PF,30,5462500,7375757,26,4,23.6,2.8,6.7,0.425,0,0.2,0.167,2.8,6.5,0.435,0.428,2.6,3.3,0.782,1.3,3.1,4.4,0.7,0.6,0.3,1.8,3.2,8.3,613,9.5,0.511,0.034,0.5,6.5,15.4,10.9,4.7,1.3,0.9,17.8,19.2,-0.1,0.4,0.3,0.021,-3.9,-1.1,-5,-0.5
2004/2005,43870000,57429410.46,385277,Los Angeles Clippers,13,LAC,California,West,Pacific,37,45,0.451,95.7,96.5,-0.47,Quinton Ross,SG,23,620046,837218,78,19,21.3,2.1,4.8,0.432,0,0.1,0.25,2.1,4.7,0.434,0.433,0.9,1.4,0.673,0.8,1.9,2.7,1.4,0.7,0.3,0.7,2.1,5.1,1659,8.9,0.471,0.011,0.295,4.4,10.6,7.6,10.4,1.7,1,11.4,13.3,0.4,1.3,1.7,0.05,-2.5,0.4,-2.1,0
2004/2005,43870000,57429410.46,385277,Washington Wizards,30,WAS,Washington DC,East,Southeast,45,37,0.549,100.5,100.8,-0.71,Michael Ruffin,C,28,745046,1006000,79,7,16,0.5,1.3,0.414,0,0,0,0.5,1.2,0.418,0.414,0.4,0.8,0.433,2,2.2,4.2,0.8,0.5,0.5,0.6,2.4,1.4,1262,8.6,0.432,0.01,0.677,13.5,16.2,14.8,7.1,1.8,2.4,25.5,6,0.7,1.3,1.9,0.074,-2.4,2.5,0.1,0.7
2004/2005,43870000,57429410.46,385277,#N/A,#N/A,TOT,#N/A,#N/A,#N/A,#N/A,#N/A,#N/A,#N/A,#N/A,#N/A,Kareem Rush,SG,24,1174200,1585467,48,22,20.2,3.3,8.5,0.387,1.1,2.9,0.372,2.2,5.6,0.394,0.45,0.8,1,0.771,0.4,1.4,1.9,1.4,0.4,0.1,1,1.5,8.4,968,10.1,0.471,0.337,0.118,2.3,8.5,5.2,12.2,1.1,0.5,9.9,21.7,-0.2,0.3,0.1,0.003,-1.2,-2.5,-3.8,-0.4
2004/2005,43870000,57429410.46,385277,Los Angeles Lakers,14,LAL,California,West,Pacific,34,48,0.415,98.7,101.7,-2.32,Kareem Rush,SG,24,1174200,1585467,14,0,6.5,0.3,1.4,0.2,0.1,0.7,0.2,0.1,0.7,0.2,0.25,0.1,0.1,1,0.2,0.5,0.7,0.2,0.1,0.1,0.2,0.5,0.9,91,1.3,0.287,0.5,0.1,3.7,8.6,6.2,4.8,1.2,0.8,12.6,11.9,-0.2,0,-0.2,-0.09,-6.3,-1.8,-8.1,-0.1
2004/2005,43870000,57429410.46,385277,Charlotte Bobcats,4,CHA,North Carolina,East,Southeast,18,64,0.22,94.3,100.2,-6.15,Kareem Rush,SG,24,1174200,1585467,34,22,25.8,4.5,11.4,0.396,1.4,3.7,0.386,3.1,7.6,0.402,0.46,1,1.4,0.761,0.5,1.8,2.3,1.9,0.5,0.2,1.3,2,11.5,877,11,0.48,0.329,0.119,2.1,8.5,5.1,13,1.1,0.5,9.8,22.7,-0.1,0.3,0.2,0.013,-0.7,-2.6,-3.3,-0.3
2004/2005,43870000,57429410.46,385277,Denver Nuggets,8,DEN,Colorado,West,Northwest,49,33,0.598,99.5,97.5,2.23,Bryon Russell,SF,34,1100000,1485278,70,2,14.7,1.4,3.6,0.377,0.8,2.1,0.376,0.6,1.5,0.379,0.488,0.9,1.1,0.792,0.7,1.7,2.5,1,0.6,0.2,0.5,1.9,4.4,1026,11.8,0.537,0.591,0.306,5.6,13.6,9.7,10.4,2.2,0.8,10.9,14,1.3,1.3,2.6,0.121,0.6,0.2,0.8,0.7
2004/2005,43870000,57429410.46,385277,Philadelphia 76ers,23,PHI,Pennsylvania,East,Atlantic,43,39,0.524,99.1,99.9,-1.07,John Salmons,SG,25,925680,1249902,58,8,17.1,1.5,3.6,0.405,0.5,1.6,0.341,0.9,2.1,0.454,0.479,0.6,0.8,0.729,0.2,1.9,2.1,2,0.7,0.2,0.9,1.6,4.1,993,9.7,0.511,0.433,0.229,1.3,12.5,6.9,17.5,2,1,18.1,12.6,0.2,1.2,1.4,0.066,-2.8,0.5,-2.3,-0.1
2004/2005,43870000,57429410.46,385277,Charlotte Bobcats,4,CHA,North Carolina,East,Southeast,18,64,0.22,94.3,100.2,-6.15,Jamal Sampson,PF,21,695046,938487,23,0,14.3,1.2,2.7,0.452,0,0,,1.2,2.7,0.452,0.452,1,1.7,0.59,1.6,3.7,5.3,0.3,0.2,0.7,0.7,2.3,3.4,329,11.6,0.499,0,0.629,11.9,31.6,21.2,3.7,0.6,3.9,17.7,13,0.1,0.4,0.5,0.077,-5,0.8,-4.2,-0.2
2004/2005,43870000,57429410.46,385277,Milwaukee Bucks,17,MIL,Wisconsin,East,Central,30,52,0.366,97.2,100.2,-3.09,Daniel Santiago,C,28,1320000,1782334,11,0,9.5,0.6,1.9,0.333,0,0,,0.6,1.9,0.333,0.333,0.7,1,0.727,0.5,1.2,1.7,0.1,0.3,0.4,0.4,2.5,2,105,4.3,0.426,0,0.524,6.7,14.7,10.6,1.4,1.5,2.8,13.4,12.9,-0.1,0.1,0,0.012,-5.6,-0.2,-5.8,-0.1
2004/2005,43870000,57429410.46,385277,New Jersey Nets,3,NJN,New Jersey,East,Atlantic,42,40,0.512,91.4,92.9,-1.82,Brian Scalabrine,PF,26,900000,1215227,54,14,21.6,2.4,6.1,0.398,0.4,1.3,0.324,2,4.9,0.417,0.431,1,1.3,0.768,1.5,3,4.5,1.6,0.6,0.3,1.2,2.1,6.3,1167,11,0.468,0.205,0.208,8.4,16.8,12.6,13,1.6,1.3,15.4,17.2,-0.2,1.6,1.4,0.058,-2.8,1.1,-1.7,0.1
2004/2005,43870000,57429410.46,385277,Golden State Warriors,10,GSW,California,West,Pacific,34,48,0.415,98.7,100.9,-1.74,Ansu Sesay,SF,28,745046,1006000,16,0,8,1.1,2.6,0.405,0.1,0.5,0.25,0.9,2.1,0.441,0.429,0.8,1.5,0.542,1.1,1.3,2.4,0.8,0.1,0.2,0.5,1,3.1,128,14.8,0.466,0.19,0.571,14.6,17.8,16.1,14.9,0.8,1.7,13.2,20.9,0.1,0.1,0.2,0.077,-1.3,-0.7,-2,0
2004/2005,43870000,57429410.46,385277,Portland Trail Blazers,25,POR,Oregon,West,Northwest,27,55,0.329,92.9,96.9,-3.45,Ha Seung-Jin,C,19,#N/A,#N/A,19,0,5.5,0.5,1.2,0.435,0,0,,0.5,1.2,0.435,0.435,0.3,0.6,0.545,0.3,0.6,0.9,0.1,0.1,0.3,0.6,1.1,1.4,104,2.5,0.467,0,0.478,6.9,12.8,10,3,0.5,3.4,30.1,17.6,-0.3,0.1,-0.2,-0.094,-8.8,-1.1,-9.9,-0.2
2004/2005,43870000,57429410.46,385277,Phoenix Suns,24,PHO,Arizona,West,Pacific,62,20,0.756,110.4,103.3,7.08,0,PF,27,#N/A,#N/A,9,0,3.3,0.6,1.2,0.455,0,0,,0.6,1.2,0.455,0.455,0.2,0.4,0.5,0.1,0.1,0.2,0.3,0,0,0.1,0.3,1.3,30,9.9,0.47,0,0.364,3.7,3.4,3.6,14.7,0,0,7.3,20,0,0,0,0.031,-3.2,-4.5,-7.8,0
2004/2005,43870000,57429410.46,385277,Los Angeles Clippers,13,LAC,California,West,Pacific,37,45,0.451,95.7,96.5,-0.47,Bobby Simmons,SF,24,825000,1113958,75,74,37.3,6.3,13.6,0.466,0.7,1.5,0.435,5.7,12,0.47,0.491,3.1,3.6,0.846,1.7,4.2,5.9,2.7,1.4,0.2,1.8,3,16.4,2799,16.1,0.54,0.113,0.268,5.7,13.2,9.6,13.1,2,0.4,10.6,21,4.2,2.6,6.8,0.117,1.6,0.1,1.7,2.6
2004/2005,43870000,57429410.46,385277,#N/A,#N/A,TOT,#N/A,#N/A,#N/A,#N/A,#N/A,#N/A,#N/A,#N/A,#N/A,Brian Skinner,C-PF,28,4500000,6076138,49,23,19.2,2.1,4.2,0.507,0,0,0,2.1,4.2,0.51,0.507,0.5,1.4,0.357,2.2,3.5,5.7,0.9,0.6,1,0.8,2.1,4.8,941,13.7,0.494,0.005,0.341,12.7,20.6,16.6,6.7,1.7,3.7,14.5,13,0.6,1.3,1.9,0.096,-2.2,2.2,0,0.5
2004/2005,43870000,57429410.46,385277,Philadelphia 76ers,23,PHI,Pennsylvania,East,Atlantic,43,39,0.524,99.1,99.9,-1.07,Brian Skinner,PF,28,4500000,6076138,24,0,10.3,0.9,2.4,0.386,0,0,0,0.9,2.3,0.393,0.386,0.2,0.7,0.294,1,1.6,2.6,0.2,0.2,0.3,0.5,1.2,2,246,5.9,0.38,0.018,0.298,10.4,18,14.2,3.1,1,1.9,16.8,13.9,-0.4,0.3,-0.1,-0.013,-7.2,-0.3,-7.6,-0.3
2004/2005,43870000,57429410.46,385277,Sacramento Kings,26,SAC,California,West,Pacific,50,32,0.61,103.7,101.6,2.56,Brian Skinner,C,28,4500000,6076138,25,23,27.8,3.3,5.9,0.554,0,0,,3.3,5.9,0.554,0.554,0.8,2.1,0.377,3.4,5.4,8.7,1.5,1,1.7,1.1,2.9,7.4,695,16.5,0.537,0,0.358,13.5,21.5,17.5,7.9,1.9,4.4,13.6,12.7,1,1,1.9,0.134,-0.5,3.1,2.7,0.8
2004/2005,43870000,57429410.46,385277,Charlotte Bobcats,4,CHA,North Carolina,East,Southeast,18,64,0.22,94.3,100.2,-6.15,Tamar Slay,SG,24,695046,938487,8,0,9.8,1.6,4.9,0.333,0.3,1.5,0.167,1.4,3.4,0.407,0.359,0,0.3,0,0.8,1,1.8,0.4,0.6,0,1,2.5,3.5,78,1.5,0.351,0.308,0.051,8.3,12.4,10.2,6.7,3.3,0,16.7,27.2,-0.4,0.1,-0.3,-0.166,-6.7,-2,-8.8,-0.1
2004/2005,43870000,57429410.46,385277,Atlanta Hawks,1,ATL,Georgia,East,Southeast,13,69,0.159,92.7,102.5,-9.62,Donta Smith,SG,21,425000,573857,38,0,11.4,1.2,3,0.389,0.2,0.6,0.273,1,2.4,0.418,0.416,0.9,1.3,0.688,0.5,0.9,1.4,1,0.6,0.1,0.7,1.3,3.3,433,10.6,0.473,0.195,0.425,4.9,9.3,7,14.1,2.8,0.9,15.7,16.5,0,0.2,0.2,0.026,-2.6,-1,-3.5,-0.2
2004/2005,43870000,57429410.46,385277,New Orleans Hornets,19,NOH,Louisiana,West,Southwest,18,64,0.22,88.4,95.5,-6.3,JR Smith,SG,19,1206600,1629215,76,56,24.5,3.9,9.8,0.394,1.1,3.7,0.288,2.8,6.1,0.458,0.449,1.5,2.1,0.689,0.5,1.5,2,1.9,0.7,0.1,1.4,1.8,10.3,1859,10.9,0.478,0.376,0.215,2.4,7.5,4.8,14.6,1.6,0.5,11.7,23.2,-0.7,0.9,0.2,0.006,-1.2,-2.3,-3.5,-0.7
2004/2005,43870000,57429410.46,385277,New Jersey Nets,3,NJN,New Jersey,East,Atlantic,42,40,0.512,91.4,92.9,-1.82,Jabari Smith,PF,27,720046,972244,45,2,14.4,1.4,3.3,0.419,0,0,0.5,1.4,3.2,0.418,0.422,0.9,1.2,0.745,0.6,1.8,2.5,0.8,0.6,0.3,0.9,2.3,3.7,648,8.4,0.482,0.014,0.372,5.3,15.4,10.3,9.8,2.1,1.8,18.5,15.3,-0.3,1,0.7,0.05,-5.2,1.6,-3.6,-0.3
2004/2005,43870000,57429410.46,385277,Milwaukee Bucks,17,MIL,Wisconsin,East,Central,30,52,0.366,97.2,100.2,-3.09,Joe Smith,PF,29,5899400,7965682,74,73,30.6,4.3,8.4,0.514,0,0,0,4.3,8.4,0.515,0.514,2.4,3.1,0.768,2.4,4.9,7.3,0.9,0.6,0.5,1.1,3,11,2265,15,0.564,0.002,0.367,9.2,18.9,14,4.9,1,1.2,9.9,16.1,4,1.4,5.5,0.116,0.1,-0.3,-0.2,1.1
2004/2005,43870000,57429410.46,385277,Atlanta Hawks,1,ATL,Georgia,East,Southeast,13,69,0.159,92.7,102.5,-9.62,Josh Smith,SF,19,1270080,1714929,74,59,27.7,3.7,8.1,0.455,0.1,0.3,0.174,3.6,7.8,0.466,0.458,2.2,3.2,0.688,2,4.2,6.2,1.7,0.8,1.9,1.8,2.1,9.7,2050,15.4,0.506,0.038,0.394,7.9,18.6,13,10.2,1.5,5.4,16,18.4,0.6,1.8,2.4,0.055,-2.4,2,-0.4,0.8
2004/2005,43870000,57429410.46,385277,#N/A,#N/A,TOT,#N/A,#N/A,#N/A,#N/A,#N/A,#N/A,#N/A,#N/A,#N/A,Steve Smith,SG,35,1100000,1485278,50,1,15,2,5,0.411,0.8,2.1,0.39,1.2,2.9,0.427,0.494,1.4,1.6,0.863,0.3,1,1.3,1.4,0.3,0.1,0.5,1.6,6.3,750,13.6,0.554,0.423,0.323,2.2,7.9,5,15.4,1,0.7,8.7,18.4,1.5,0.3,1.8,0.113,1.2,-2.6,-1.4,0.1
2004/2005,43870000,57429410.46,385277,Charlotte Bobcats,4,CHA,North Carolina,East,Southeast,18,64,0.22,94.3,100.2,-6.15,Steve Smith,SG,35,1100000,1485278,37,1,17.2,2.5,5.9,0.427,1,2.4,0.422,1.5,3.5,0.43,0.514,1.8,2.1,0.87,0.4,1,1.3,1.5,0.3,0.2,0.6,2,7.9,636,14.8,0.578,0.413,0.353,2.2,6.8,4.4,15,1,0.8,8.7,19.2,1.5,0.2,1.7,0.128,2.1,-2.9,-0.8,0.2
2004/2005,43870000,57429410.46,385277,Miami Heat,16,MIA,Florida,East,Southeast,59,23,0.72,101.5,95,5.77,Steve Smith,SG,35,1100000,1485278,13,0,8.8,0.7,2.3,0.3,0.2,1.2,0.2,0.5,1.2,0.4,0.35,0.2,0.2,0.667,0.2,1.1,1.2,1.1,0.2,0,0.2,0.6,1.8,114,7,0.367,0.5,0.1,2.1,13.8,8.2,17.6,0.9,0,8.7,14,-0.1,0.1,0.1,0.028,-3.3,-1.3,-4.6,-0.1
2004/2005,43870000,57429410.46,385277,Charlotte Bobcats,4,CHA,North Carolina,East,Southeast,18,64,0.22,94.3,100.2,-6.15,Theron Smith,SF,24,620046,837218,33,5,15.5,1.3,4.1,0.324,0.1,0.4,0.25,1.2,3.8,0.331,0.335,0.4,0.5,0.875,1.2,2.3,3.5,0.8,0.2,0.1,0.8,1.8,3.2,510,5.2,0.367,0.088,0.118,8.3,18.2,13,8.3,0.6,0.6,15.9,14.8,-0.7,0.3,-0.4,-0.04,-5.7,-0.6,-6.2,-0.5
2004/2005,43870000,57429410.46,385277,Cleveland Cavaliers,6,CLE,Ohio,East,Central,42,40,0.512,96.5,95.7,0.27,Eric Snow,SG,31,4875000,6582483,81,15,22.8,1.5,4,0.382,0.2,0.6,0.289,1.4,3.5,0.397,0.402,0.7,1,0.738,0.5,1.5,1.9,3.9,0.8,0.2,1.1,2.3,4,1844,9,0.445,0.138,0.245,2.3,7.7,5,25.1,1.9,0.6,19.7,11.1,0.5,1.4,1.9,0.05,-2.8,-0.8,-3.6,-0.7
2004/2005,43870000,57429410.46,385277,Utah Jazz,29,UTA,Utah,West,Northwest,26,56,0.317,93,97.3,-3.74,Kirk Snyder,SG,21,1336920,1805180,68,7,13.3,1.8,4.8,0.372,0.4,1.3,0.353,1.4,3.6,0.379,0.418,0.9,1.4,0.667,0.7,1,1.8,0.5,0.4,0.3,0.9,1.7,5,906,8.6,0.456,0.259,0.293,6.7,10,8.3,6.8,1.6,1.8,13.5,21.8,-0.7,0.4,-0.2,-0.012,-2.9,-2,-5,-0.7
2004/2005,43870000,57429410.46,385277,Sacramento Kings,26,SAC,California,West,Pacific,50,32,0.61,103.7,101.6,2.56,Darius Songaila,PF,26,1600000,2160404,81,21,20.6,3.2,6,0.527,0,0,0,3.2,6,0.53,0.527,1.2,1.4,0.847,1.5,2.7,4.2,1.4,0.6,0.2,0.9,2.5,7.5,1668,14.9,0.566,0.006,0.227,8.4,14.7,11.5,10.5,1.6,0.8,11.5,16.2,3.1,1.2,4.3,0.124,-0.1,-0.4,-0.5,0.6
2004/2005,43870000,57429410.46,385277,Toronto Raptors,28,TOR,Ontario,East,Atlantic,33,49,0.402,99.7,101.4,-1.81,Pape Sow,C,23,385277,520221,27,4,9.4,0.9,2.1,0.397,0,0,,0.9,2.1,0.397,0.397,0.6,1,0.593,0.7,1.4,2.1,0.1,0.4,0.1,0.4,1.7,2.3,255,7.8,0.444,0,0.466,7.8,17.6,12.7,1.2,2.4,1.1,12.5,14.3,-0.1,0.3,0.2,0.029,-5.6,-0.8,-6.3,-0.3
2004/2005,43870000,57429410.46,385277,Minnesota Timberwolves,18,MIN,Minnesota,West,Northwest,44,38,0.537,96.8,95.3,1.73,Latrell Sprewell,SF,34,14625000,19747450,80,79,30.6,5,12,0.414,0.9,2.6,0.327,4.1,9.4,0.439,0.45,2,2.4,0.83,0.8,2.4,3.2,2.2,0.7,0.3,1.6,1.6,12.8,2450,12.1,0.489,0.22,0.196,3.2,8.4,5.9,12,1.2,0.6,10.8,22.2,0.5,1.4,1.9,0.038,-1.1,-1.5,-2.5,-0.3
2004/2005,43870000,57429410.46,385277,Dallas Mavericks,7,DAL,Texas,West,Southwest,58,24,0.707,102.5,96.8,5.86,Jerry Stackhouse,SG,30,7437500,10042506,56,7,28.9,4.9,11.8,0.414,0.6,2.1,0.267,4.3,9.7,0.446,0.438,4.5,5.3,0.849,0.7,2.6,3.3,2.3,0.9,0.2,1.9,1.9,14.9,1617,15.9,0.525,0.181,0.45,2.7,9.8,6.3,13,1.7,0.5,11.8,24.9,1.9,1.5,3.5,0.103,0.2,-1.2,-1,0.4
2004/2005,43870000,57429410.46,385277,Orlando Magic,22,ORL,Florida,East,Southeast,36,46,0.439,99.5,101.8,-2.52,DeShawn Stevenson,SG,23,2500000,3375632,55,27,19.8,3.2,7.7,0.408,0.5,1.2,0.373,2.7,6.5,0.415,0.438,1,1.8,0.554,0.7,1.2,1.9,1.3,0.3,0.2,1,1.3,7.8,1089,9.3,0.456,0.157,0.237,4,6.5,5.2,10.4,0.7,0.6,10.8,21.1,-0.4,0.3,-0.1,-0.007,-2.9,-3.1,-5.9,-1.1
2004/2005,43870000,57429410.46,385277,Atlanta Hawks,1,ATL,Georgia,East,Southeast,13,69,0.159,92.7,102.5,-9.62,Michael Stewart,PF,29,4800000,6481214,12,1,12.1,0.9,1.8,0.524,0,0,,0.9,1.8,0.524,0.524,0.3,0.6,0.429,1.8,1.6,3.3,0.4,0.5,0.4,0.5,2.7,2.1,145,10.6,0.519,0,0.333,16.1,16.1,16.1,5.2,2.2,2.7,19.9,9.3,0.1,0.1,0.2,0.077,-1.8,1,-0.8,0
2004/2005,43870000,57429410.46,385277,Sacramento Kings,26,SAC,California,West,Pacific,50,32,0.61,103.7,101.6,2.56,Predrag Stojakovic,SF,27,6875000,9282989,66,66,38.4,6.8,15.4,0.444,2.6,6.6,0.402,4.2,8.8,0.475,0.53,3.8,4.2,0.92,0.9,3.4,4.3,2.1,1.2,0.2,1.5,2.4,20.1,2534,17.3,0.584,0.426,0.271,2.7,9.8,6.3,8.7,1.6,0.3,8.2,21.7,6,1.2,7.3,0.137,3.3,-2.1,1.3,2.1
2004/2005,43870000,57429410.46,385277,New Jersey Nets,3,NJN,New Jersey,East,Atlantic,42,40,0.512,91.4,92.9,-1.82,Awvee Storey,SG,27,84573,114194,9,0,3.6,0.3,1.1,0.3,0.1,0.2,0.5,0.2,0.9,0.25,0.35,0.1,0.2,0.5,0.4,0.1,0.6,0.1,0,0,0,0.3,0.9,32,6.9,0.368,0.2,0.2,14.8,3.8,9.4,5.2,0,0,0,16,0,0,0,0.026,-3.2,-3.9,-7.1,0
2004/2005,43870000,57429410.46,385277,Portland Trail Blazers,25,POR,Oregon,West,Northwest,27,55,0.329,92.9,96.9,-3.45,Damon Stoudamire,PG,31,12500000,16878162,81,70,34.1,5.6,14.4,0.392,2.2,6,0.369,3.4,8.3,0.409,0.47,2.2,2.5,0.915,0.7,3.1,3.8,5.7,1.1,0,2,2,15.8,2762,16.6,0.51,0.421,0.171,2.4,10.2,6.5,29.2,1.7,0.1,11.6,23.6,4.2,1.4,5.7,0.099,3.2,-2,1.1,2.2
2004/2005,43870000,57429410.46,385277,Phoenix Suns,24,PHO,Arizona,West,Pacific,62,20,0.756,110.4,103.3,7.08,Amare Stoudemire,C,22,2032200,2743984,80,80,36.1,9.3,16.7,0.559,0,0.2,0.188,9.3,16.5,0.564,0.56,7.3,9.9,0.733,2.7,6.2,8.9,1.6,1,1.6,2.4,3.5,26,2889,26.6,0.617,0.012,0.595,8.5,17.4,13.2,7.7,1.3,3,10.1,28.3,11.3,3.3,14.6,0.243,3.4,0,3.4,3.9
2004/2005,43870000,57429410.46,385277,Milwaukee Bucks,17,MIL,Wisconsin,East,Central,30,52,0.366,97.2,100.2,-3.09,Erick Strickland,SG,31,1650000,2227917,62,5,16.4,1.8,4.9,0.375,0.3,1.3,0.253,1.5,3.6,0.421,0.41,0.8,1,0.813,0.2,1.5,1.7,1.9,0.5,0,1,1.7,4.9,1014,8.1,0.453,0.273,0.211,1.3,10.7,6,17.8,1.6,0.1,16.2,17.8,-0.6,0.4,-0.3,-0.012,-2.8,-1.5,-4.4,-0.6
2004/2005,43870000,57429410.46,385277,Houston Rockets,11,HOU,Texas,West,Southwest,51,31,0.622,95.1,91,4.27,0,PG,38,#N/A,#N/A,16,2,12.3,0.6,2.7,0.209,0.1,0.1,0.5,0.5,2.6,0.195,0.221,0.6,0.6,0.9,0.2,1.5,1.7,2.4,0.2,0.1,1,0.9,1.8,196,4.6,0.295,0.047,0.233,1.8,13.9,8,29.7,0.8,0.8,25.2,15.2,-0.5,0.2,-0.2,-0.051,-8,0.2,-7.7,-0.3
2004/2005,43870000,57429410.46,385277,New York Knicks,20,NYK,New York,East,Atlantic,33,49,0.402,97.3,99.7,-2.72,Bruno Sundov,C,24,870046,1174782,21,0,3.5,0.5,1.8,0.297,0,0.1,0.333,0.5,1.6,0.294,0.311,0.1,0.1,1,0.3,0.3,0.6,0.1,0.1,0.1,0.3,0.8,1.2,73,1.2,0.33,0.081,0.054,9.6,11.3,10.5,4.6,1.5,2.1,13.7,27.4,-0.3,0,-0.3,-0.174,-9.7,-3.2,-12.9,-0.2
2004/2005,43870000,57429410.46,385277,Houston Rockets,11,HOU,Texas,West,Southwest,51,31,0.622,95.1,91,4.27,Bob Sura,PG,31,3200000,4320809,61,59,31.5,3.5,8.3,0.427,0.9,2.5,0.355,2.6,5.7,0.458,0.481,2.3,3.1,0.75,1.3,4.2,5.5,5.2,1.1,0.1,2.4,2.8,10.3,1922,14.4,0.533,0.308,0.373,4.9,15.3,10.2,27.3,1.8,0.3,20,18,1.8,2.9,4.8,0.119,0.6,1.8,2.5,2.2
2004/2005,43870000,57429410.46,385277,New York Knicks,20,NYK,New York,East,Atlantic,33,49,0.402,97.3,99.7,-2.72,Mike Sweetney,C,22,1978920,2672042,77,28,19.6,3.1,5.8,0.531,0,0,0,3.1,5.8,0.533,0.531,2.3,3.1,0.749,2.2,3.2,5.4,0.6,0.4,0.4,1.4,2.9,8.4,1509,16.4,0.592,0.002,0.527,13,19.5,16.3,4.9,0.9,1.4,16.4,19.9,2.7,1.1,3.8,0.122,-0.7,-1.5,-2.1,0
2004/2005,43870000,57429410.46,385277,Seattle SuperSonics,21,SEA,Washington,West,Northwest,52,30,0.634,98.9,96.6,2.59,Robert Swift,C,19,1641360,2216251,16,0,4.5,0.3,0.7,0.455,0,0,,0.3,0.7,0.455,0.455,0.3,0.6,0.556,0.1,0.3,0.3,0.1,0.1,0.4,0.3,1,0.9,72,5.2,0.501,0,0.818,1.7,6.8,4.2,4.2,0.8,7.6,21.1,12.2,0,0.1,0,0.004,-5.4,2.6,-2.8,0
2004/2005,43870000,57429410.46,385277,Memphis Grizzlies,15,MEM,Tennessee,West,Southwest,45,37,0.549,93.4,91.1,2.64,Stromile Swift,PF,25,5993105,8092208,60,14,21.3,3.7,8.1,0.449,0,0.1,0,3.7,8.1,0.452,0.449,2.8,3.7,0.758,1.5,3,4.6,0.7,0.7,1.5,1.5,3,10.1,1279,16.7,0.517,0.008,0.449,8.7,16.9,12.8,6.2,1.7,5.7,13.3,24.9,0.6,2.3,2.9,0.107,-3,1.9,-1.1,0.3
2004/2005,43870000,57429410.46,385277,Minnesota Timberwolves,18,MIN,Minnesota,West,Northwest,44,38,0.537,96.8,95.3,1.73,Wally Szczerbiak,SF,27,9000000,12152277,81,37,31.6,5.7,11.3,0.506,0.8,2.1,0.373,5,9.3,0.536,0.54,3.2,3.8,0.855,1,2.7,3.7,2.4,0.5,0.2,1.6,2.2,15.5,2558,17.1,0.595,0.184,0.331,3.8,9.5,6.8,12.7,0.8,0.5,11.1,21.5,5.9,1.3,7.3,0.136,2.4,-1.6,0.8,1.8
2004/2005,43870000,57429410.46,385277,Phoenix Suns,24,PHO,Arizona,West,Pacific,62,20,0.756,110.4,103.3,7.08,Yuta Tabuse,PG,24,108066,145916,4,0,4.3,0.3,1.5,0.167,0.3,0.3,1,0,1.3,0,0.25,1,1,1,0.5,0.5,1,0.8,0,0,0.3,0.3,1.8,17,15.6,0.451,0.167,0.667,13.2,12,12.6,22.4,0,0,11.4,22.5,0,0,0,0.129,0.1,-2.7,-2.6,0
2004/2005,43870000,57429410.46,385277,#N/A,#N/A,TOT,#N/A,#N/A,#N/A,#N/A,#N/A,#N/A,#N/A,#N/A,#N/A,Maurice Taylor,PF-C,28,8450000,11409638,65,16,20.6,3.1,6.9,0.455,0,0.1,0.333,3.1,6.7,0.458,0.459,1,1.6,0.612,1,2.9,4,1,0.4,0.3,1.4,2.8,7.3,1336,9.4,0.48,0.02,0.231,5.9,16.4,11.2,8.7,1.1,1.2,16.1,20.4,-1.1,1.6,0.5,0.02,-4.5,0.2,-4.3,-0.8
2004/2005,43870000,57429410.46,385277,Houston Rockets,11,HOU,Texas,West,Southwest,51,31,0.622,95.1,91,4.27,Maurice Taylor,PF,28,8450000,11409638,38,16,23.8,3.3,7.7,0.435,0.1,0.2,0.375,3.3,7.5,0.437,0.44,1,1.6,0.65,1.1,3.2,4.3,1.4,0.4,0.3,1.7,3.2,7.8,905,8.2,0.465,0.027,0.205,5.4,15.5,10.6,10.2,1,1,16.5,19.9,-0.9,1.3,0.3,0.018,-4.7,0.9,-3.8,-0.4
2004/2005,43870000,57429410.46,385277,New York Knicks,20,NYK,New York,East,Atlantic,33,49,0.402,97.3,99.7,-2.72,Maurice Taylor,C,28,8450000,11409638,27,0,16,2.8,5.7,0.494,0,0,0,2.8,5.7,0.497,0.494,0.9,1.6,0.558,1,2.5,3.4,0.5,0.4,0.3,1.1,2.1,6.5,431,12.1,0.509,0.006,0.279,7,18.4,12.7,5.7,1.4,1.4,15.2,21.6,-0.1,0.3,0.2,0.022,-4.1,-1.3,-5.4,-0.4
2004/2005,43870000,57429410.46,385277,Portland Trail Blazers,25,POR,Oregon,West,Northwest,27,55,0.329,92.9,96.9,-3.45,Sebastian Telfair,PG,19,1559280,2105422,68,26,19.6,2.5,6.3,0.393,0.3,1,0.246,2.2,5.3,0.421,0.413,1.5,2,0.789,0.1,1.4,1.5,3.3,0.5,0.1,1.8,1.8,6.8,1330,9.7,0.471,0.16,0.309,0.9,7.8,4.5,27.8,1.4,0.2,20.4,21.2,-0.9,0.5,-0.4,-0.013,-3.6,-3.1,-6.7,-1.6
2004/2005,43870000,57429410.46,385277,Dallas Mavericks,7,DAL,Texas,West,Southwest,58,24,0.707,102.5,96.8,5.86,Jason Terry,PG,27,7500000,10126897,80,57,30,4.7,9.3,0.501,1.3,3.1,0.42,3.4,6.2,0.54,0.57,1.8,2.2,0.844,0.5,1.9,2.4,5.4,1.4,0.2,1.8,2.2,12.4,2401,18.4,0.606,0.33,0.233,1.8,6.8,4.4,28.8,2.4,0.5,15.2,18,6.2,2.4,8.5,0.171,3.8,-0.9,3,3
2004/2005,43870000,57429410.46,385277,New Jersey Nets,3,NJN,New Jersey,East,Atlantic,42,40,0.512,91.4,92.9,-1.82,Billy Thomas,SF,29,#N/A,#N/A,25,0,14.2,1.4,3.8,0.362,0.7,2.2,0.304,0.7,1.5,0.447,0.452,0.3,0.4,0.778,0.3,1.2,1.4,0.7,0.6,0,0.4,1.2,3.7,356,8.2,0.47,0.596,0.096,2.3,9.9,6.1,8,2.1,0.2,8.4,14.1,0,0.4,0.4,0.055,-2.5,-0.7,-3.2,-0.1
2004/2005,43870000,57429410.46,385277,Washington Wizards,30,WAS,Washington DC,East,Southeast,45,37,0.549,100.5,100.8,-0.71,Etan Thomas,C,26,4903000,6620290,47,10,20.8,2.7,5.4,0.502,0,0,,2.7,5.4,0.502,0.502,1.6,3.1,0.528,1.8,3.4,5.2,0.4,0.4,1.1,1.1,2.8,7.1,976,13,0.521,0,0.565,9.5,19,14.1,3.3,0.9,3.9,13.6,16.5,0.6,1,1.6,0.079,-3.5,-0.3,-3.8,-0.4
2004/2005,43870000,57429410.46,385277,#N/A,#N/A,TOT,#N/A,#N/A,#N/A,#N/A,#N/A,#N/A,#N/A,#N/A,#N/A,James Thomas,PF,24,#N/A,#N/A,11,2,10.6,1.1,1.8,0.6,0,0,,1.1,1.8,0.6,0.6,0.2,0.5,0.333,1.5,1.8,3.4,0.4,0.4,0.4,0.6,1.2,2.4,117,14,0.574,0,0.3,17.3,19,18.3,5.4,1.8,2.4,23.6,11.6,0.1,0.1,0.2,0.094,-1.6,0.6,-1,0
2004/2005,43870000,57429410.46,385277,Portland Trail Blazers,25,POR,Oregon,West,Northwest,27,55,0.329,92.9,96.9,-3.45,James Thomas,PF,24,#N/A,#N/A,9,2,12.4,1.2,2,0.611,0,0,,1.2,2,0.611,0.611,0.2,0.7,0.333,1.7,2.2,3.9,0.4,0.4,0.4,0.8,1.3,2.7,112,13.6,0.581,0,0.333,16.1,19.8,18,5.6,1.9,2.5,25.3,11.3,0.1,0.1,0.2,0.09,-1.9,1.1,-0.8,0
2004/2005,43870000,57429410.46,385277,Atlanta Hawks,1,ATL,Georgia,East,Southeast,13,69,0.159,92.7,102.5,-9.62,James Thomas,PF,24,#N/A,#N/A,2,0,2.5,0.5,1,0.5,0,0,,0.5,1,0.5,0.5,0,0,,1,0,1,0,0,0,0,0.5,1,5,21.8,0.5,0,0,44.3,0,23.3,0,0,0,0,17.9,0,0,0,0.181,4.7,-11,-6.3,0
2004/2005,43870000,57429410.46,385277,Minnesota Timberwolves,18,MIN,Minnesota,West,Northwest,44,38,0.537,96.8,95.3,1.73,John Thomas,C,29,#N/A,#N/A,44,8,11.8,1,2,0.488,0,0,,1,2,0.488,0.488,0.6,1,0.587,0.9,1.3,2.2,0.4,0.3,0.3,0.4,1.9,2.5,521,9.1,0.522,0,0.535,8.9,12.2,10.6,4.7,1.6,1.8,14.5,11.1,0.4,0.5,0.9,0.083,-2.4,0.9,-1.5,0.1
2004/2005,43870000,57429410.46,385277,#N/A,#N/A,TOT,#N/A,#N/A,#N/A,#N/A,#N/A,#N/A,#N/A,#N/A,#N/A,Kenny Thomas,PF,27,6000000,8101518,73,58,29.7,5,10.7,0.47,0,0.1,0.2,5,10.6,0.472,0.471,2.4,3.1,0.762,2.5,4.8,7.3,2.1,0.9,0.2,1.8,3.1,12.4,2167,15.2,0.515,0.006,0.291,9.5,18.3,13.8,11.7,1.6,0.6,12.9,20.7,1.9,2.4,4.3,0.096,-1.3,0.2,-1.1,0.5
2004/2005,43870000,57429410.46,385277,Philadelphia 76ers,23,PHI,Pennsylvania,East,Atlantic,43,39,0.524,99.1,99.9,-1.07,Kenny Thomas,PF,27,6000000,8101518,47,43,28.6,4.6,10.1,0.456,0,0.1,0.25,4.6,10,0.458,0.457,2,2.5,0.798,2.3,4.3,6.6,1.6,0.9,0.1,1.8,3.2,11.3,1344,13,0.502,0.008,0.25,8.8,17.1,12.9,9.9,1.5,0.4,13.6,20.1,0.4,1.6,2,0.071,-2.5,0.1,-2.4,-0.1
2004/2005,43870000,57429410.46,385277,Sacramento Kings,26,SAC,California,West,Pacific,50,32,0.61,103.7,101.6,2.56,Kenny Thomas,PF,27,6000000,8101518,26,15,31.7,5.8,11.7,0.492,0,0,0,5.8,11.7,0.493,0.492,3,4.2,0.722,3,5.7,8.7,2.9,1,0.4,1.8,2.9,14.5,823,18.9,0.536,0.003,0.354,10.6,20.2,15.4,14.6,1.7,0.9,12,21.6,1.5,0.8,2.3,0.135,0.7,0.3,1,0.6
2004/2005,43870000,57429410.46,385277,New York Knicks,20,NYK,New York,East,Atlantic,33,49,0.402,97.3,99.7,-2.72,Kurt Thomas,PF,32,5884500,7945563,80,80,35.7,5.3,11.3,0.471,0,0.1,0.5,5.3,11.2,0.47,0.472,0.8,1.1,0.786,2.1,8.3,10.4,2,0.9,1,1.2,3.9,11.5,2855,14.1,0.488,0.004,0.093,6.9,27.4,17.1,9.3,1.3,2.1,9.5,16.6,1.8,3.3,5.2,0.087,-1.9,2,0,1.5
2004/2005,43870000,57429410.46,385277,New York Knicks,20,NYK,New York,East,Atlantic,33,49,0.402,97.3,99.7,-2.72,Tim Thomas,SF,27,12900000,17418264,71,68,27.3,4.4,10.1,0.439,1.2,2.9,0.409,3.2,7.2,0.451,0.498,1.9,2.4,0.786,0.6,2.7,3.3,1.5,0.6,0.2,1.6,3.1,12,1940,12.3,0.536,0.29,0.241,2.7,11.7,7.2,9.7,1.1,0.7,12.5,21.3,1.4,0.8,2.2,0.054,-0.5,-1.7,-2.2,-0.1
2004/2005,43870000,57429410.46,385277,Indiana Pacers,12,IND,Indiana,East,Central,44,38,0.537,93,92.2,0.49,Jamaal Tinsley,PG,26,1554326,2098733,40,40,32.5,5.5,13.1,0.418,1.5,3.9,0.372,4,9.2,0.437,0.473,3.1,4.1,0.744,0.7,3.4,4,6.4,2,0.3,3.4,2.8,15.4,1301,18.6,0.518,0.299,0.314,2.4,12.1,7.3,39.3,3.4,0.7,18.4,26.8,0.8,2,2.8,0.102,2.7,1,3.7,1.9
2004/2005,43870000,57429410.46,385277,Cleveland Cavaliers,6,CLE,Ohio,East,Central,42,40,0.512,96.5,95.7,0.27,Robert Traylor,C,27,1600000,2160404,74,6,17.9,2.4,5.4,0.444,0,0.1,0,2.4,5.3,0.453,0.444,0.7,1.4,0.539,1.8,2.6,4.5,0.8,0.7,0.7,1,2.9,5.5,1327,12,0.461,0.02,0.256,11.8,17.8,14.8,7.4,2.2,2.8,14.1,17.6,-0.1,1.9,1.8,0.066,-2.8,1.3,-1.5,0.2
2004/2005,43870000,57429410.46,385277,Memphis Grizzlies,15,MEM,Tennessee,West,Southwest,45,37,0.549,93.4,91.1,2.64,Jake Tsakalidis,C,25,2900000,3907460,31,1,9,1,2.1,0.5,0,0,,1,2.1,0.5,0.5,0.5,0.6,0.778,0.7,1.1,1.8,0.3,0.1,0.5,0.4,1.4,2.5,278,11.8,0.542,0,0.281,9.1,15,12.1,6,0.6,4.5,14.3,14.2,0.3,0.4,0.6,0.107,-3,1.5,-1.5,0
2004/2005,43870000,57429410.46,385277,#N/A,#N/A,TOT,#N/A,#N/A,#N/A,#N/A,#N/A,#N/A,#N/A,#N/A,#N/A,Nikoloz Tskitishvili,PF,21,2910600,3930046,35,0,6.3,0.6,2.1,0.297,0.1,0.5,0.118,0.6,1.6,0.351,0.311,0.1,0.2,0.571,0.3,0.8,1.2,0.3,0.2,0.3,0.5,0.9,1.4,220,2.7,0.324,0.23,0.095,6.3,15.1,10.6,6.9,1.9,3.7,19.8,19.4,-0.8,0.3,-0.5,-0.109,-8.9,0.6,-8.3,-0.3
2004/2005,43870000,57429410.46,385277,Denver Nuggets,8,DEN,Colorado,West,Northwest,49,33,0.598,99.5,97.5,2.23,Nikoloz Tskitishvili,PF,21,2910600,3930046,23,0,6.9,0.7,2.2,0.294,0,0.3,0,0.7,1.9,0.341,0.294,0.2,0.3,0.571,0.5,0.8,1.3,0.2,0.3,0.3,0.6,1,1.5,158,2.5,0.314,0.137,0.137,8.1,13.1,10.6,3.8,2.6,3.8,20.6,19.2,-0.6,0.3,-0.4,-0.109,-9.2,1.2,-8,-0.2
2004/2005,43870000,57429410.46,385277,Golden State Warriors,10,GSW,California,West,Pacific,34,48,0.415,98.7,100.9,-1.74,Nikoloz Tskitishvili,PF,21,2910600,3930046,12,0,5.2,0.6,1.9,0.304,0.2,0.8,0.2,0.4,1.1,0.385,0.348,0,0,,0.1,0.9,1,0.5,0,0.3,0.4,0.8,1.3,62,3.1,0.348,0.435,0,1.7,20.2,10.5,14.9,0,3.4,17.9,20,-0.2,0.1,-0.1,-0.108,-8.3,-0.8,-9,-0.1
2004/2005,43870000,57429410.46,385277,Orlando Magic,22,ORL,Florida,East,Southeast,36,46,0.439,99.5,101.8,-2.52,Hidayet Turkoglu,SF,25,4903000,6620290,67,11,26.2,4.9,11.7,0.419,1.4,3.7,0.38,3.5,8,0.438,0.479,2.8,3.4,0.836,0.9,2.6,3.5,2.3,0.6,0.3,1.8,2.1,14,1757,16,0.532,0.313,0.288,4,10.7,7.4,14.9,1.2,0.7,11.9,24.8,2.4,1,3.4,0.092,1.5,-2.3,-0.8,0.5
2004/2005,43870000,57429410.46,385277,San Antonio Spurs,27,SAS,Texas,West,Southwest,59,23,0.72,96.2,88.4,7.84,Beno Udrih,PG,22,841680,1136480,80,2,14.4,2.2,4.9,0.444,0.7,1.8,0.408,1.4,3.1,0.464,0.518,0.8,1.1,0.753,0.2,0.8,1,1.9,0.5,0.1,1,1.2,5.9,1149,14.3,0.549,0.364,0.228,1.6,6.8,4.2,22.2,1.9,0.6,15.2,20.5,1.3,1.8,3.1,0.128,0.1,-0.9,-0.7,0.4
2004/2005,43870000,57429410.46,385277,Portland Trail Blazers,25,POR,Oregon,West,Northwest,27,55,0.329,92.9,96.9,-3.45,Nick Van Exel,SG,33,11933252,16112909,53,34,30.5,4,10.6,0.381,1.9,4.8,0.389,2.2,5.7,0.375,0.471,1.1,1.4,0.784,0.4,2.7,3,4.3,0.8,0,1.7,1.3,11.1,1619,12.5,0.494,0.458,0.132,1.5,9.7,5.7,23.3,1.5,0,13.4,19.5,0.9,0.7,1.6,0.049,0.4,-2.2,-1.8,0.1
2004/2005,43870000,57429410.46,385277,#N/A,#N/A,TOT,#N/A,#N/A,#N/A,#N/A,#N/A,#N/A,#N/A,#N/A,#N/A,Keith Van Horn,SF-PF,29,14487000,19561115,62,16,24.2,4.1,9.1,0.456,0.9,2.3,0.38,3.3,6.8,0.481,0.504,2.1,2.5,0.815,1.4,3.3,4.7,1.2,0.6,0.3,1.3,2.7,11.2,1502,15.7,0.55,0.252,0.278,6.8,15.6,11.3,8.5,1.3,1,11.3,21.5,2.3,1.2,3.5,0.112,0.9,-1.1,-0.2,0.7
2004/2005,43870000,57429410.46,385277,Milwaukee Bucks,17,MIL,Wisconsin,East,Central,30,52,0.366,97.2,100.2,-3.09,Keith Van Horn,SF,29,14487000,19561115,33,13,24.8,3.9,8.6,0.449,0.9,2.4,0.385,3,6.3,0.473,0.502,1.7,2,0.862,1.7,3.3,5,1.2,0.6,0.3,1.4,2.5,10.4,818,14.7,0.545,0.274,0.228,7.8,15.9,11.8,8.5,1.4,1,13,20.1,1,0.5,1.4,0.084,0.8,-0.9,-0.1,0.4
2004/2005,43870000,57429410.46,385277,Dallas Mavericks,7,DAL,Texas,West,Southwest,58,24,0.707,102.5,96.8,5.86,Keith Van Horn,PF,29,14487000,19561115,29,3,23.6,4.4,9.6,0.462,0.8,2.2,0.375,3.6,7.4,0.488,0.505,2.5,3.2,0.783,1.2,3.3,4.4,1.2,0.5,0.3,1.2,3,12.2,684,16.9,0.554,0.229,0.33,5.7,15.2,10.5,8.5,1.1,1.1,9.6,23.1,1.3,0.8,2.1,0.145,1.1,-1.4,-0.3,0.3
2004/2005,43870000,57429410.46,385277,Cleveland Cavaliers,6,CLE,Ohio,East,Central,42,40,0.512,96.5,95.7,0.27,Anderson Varejao,PF,22,788000,1063999,54,0,16,1.8,3.6,0.513,0,0,0,1.8,3.5,0.518,0.513,1.3,2.4,0.535,2,2.7,4.8,0.5,0.8,0.7,0.5,2.3,4.9,863,17,0.534,0.01,0.658,14.6,20.7,17.6,4.9,2.5,3.3,9.5,14.4,1.5,1.4,3,0.164,-0.5,1.6,1.1,0.7
2004/2005,43870000,57429410.46,385277,New Jersey Nets,3,NJN,New Jersey,East,Atlantic,42,40,0.512,91.4,92.9,-1.82,Jacque Vaughn,SG,29,932546,1259173,71,34,19.9,2.1,4.6,0.449,0.1,0.2,0.333,2,4.4,0.455,0.457,1.1,1.3,0.835,0.2,1.3,1.5,1.9,0.6,0,0.9,1.9,5.3,1410,8.9,0.511,0.046,0.28,1.4,7.8,4.6,16.3,1.6,0.1,14.5,14.2,0.4,1.4,1.8,0.062,-3.7,-0.7,-4.5,-0.9
2004/2005,43870000,57429410.46,385277,Phoenix Suns,24,PHO,Arizona,West,Pacific,62,20,0.756,110.4,103.3,7.08,Jake Voskuhl,C,27,1687500,2278551,38,1,9.5,0.7,1.6,0.458,0,0,,0.7,1.6,0.458,0.458,0.7,1,0.684,0.8,1.6,2.4,0.4,0.1,0.3,0.5,1.6,2.1,360,8.7,0.528,0,0.644,9.4,17.5,13.7,6.1,0.6,2,20.9,11.6,0.2,0.3,0.6,0.075,-2.9,0.7,-2.2,0
2004/2005,43870000,57429410.46,385277,#N/A,#N/A,TOT,#N/A,#N/A,#N/A,#N/A,#N/A,#N/A,#N/A,#N/A,#N/A,Jackson Vroman,C-PF,23,385277,520221,46,18,15.3,1.8,4.3,0.412,0,0.1,0,1.8,4.3,0.418,0.412,1,1.6,0.64,1.4,2.4,3.8,0.9,0.5,0.4,1.4,2.3,4.6,705,9.6,0.457,0.015,0.377,10.3,19.2,14.6,9.6,1.9,2.1,21.6,19.4,-0.9,0.8,-0.1,-0.006,-5.1,1.2,-3.9,-0.3
2004/2005,43870000,57429410.46,385277,Phoenix Suns,24,PHO,Arizona,West,Pacific,62,20,0.756,110.4,103.3,7.08,Jackson Vroman,PF,23,385277,520221,10,1,5.7,0.6,1.6,0.375,0,0,,0.6,1.6,0.375,0.375,0.4,0.7,0.571,0.5,0.8,1.3,0.7,0.3,0.2,0.7,1.1,1.6,57,8.2,0.419,0,0.438,9.9,14.3,12.2,16.6,2.6,2.3,26.8,20,-0.1,0.1,0,-0.021,-5.3,2.1,-3.2,0
2004/2005,43870000,57429410.46,385277,New Orleans Hornets,19,NOH,Louisiana,West,Southwest,18,64,0.22,88.4,95.5,-6.3,Jackson Vroman,C,23,385277,520221,36,17,18,2.1,5.1,0.415,0,0.1,0,2.1,5,0.422,0.415,1.2,1.9,0.647,1.6,2.9,4.5,0.9,0.6,0.5,1.6,2.6,5.4,648,9.7,0.46,0.016,0.372,10.4,19.6,14.8,9,1.9,2.1,21.1,19.4,-0.8,0.8,-0.1,-0.005,-5.1,1.2,-4,-0.3
2004/2005,43870000,57429410.46,385277,Los Angeles Lakers,14,LAL,California,West,Pacific,34,48,0.415,98.7,101.7,-2.32,Sasha Vujacic,SG,20,846840,1143448,35,3,11.5,0.9,3.3,0.282,0.5,1.8,0.27,0.5,1.5,0.296,0.355,0.5,0.5,0.947,0.4,1.4,1.8,1.5,0.3,0.1,0.4,1.2,2.9,403,8.9,0.403,0.538,0.162,3.7,13.6,8.7,19.5,1.6,0.4,10.7,15.8,0,0.1,0.2,0.018,-1.9,-1.7,-3.6,-0.2
2004/2005,43870000,57429410.46,385277,Miami Heat,16,MIA,Florida,East,Southeast,59,23,0.72,101.5,95,5.77,Dwyane Wade,SG,23,2834160,3826833,77,77,38.6,8.2,17.1,0.478,0.2,0.6,0.289,8,16.5,0.485,0.483,7.5,9.9,0.762,1.4,3.7,5.2,6.8,1.6,1.1,4.2,3,24.1,2974,23.1,0.561,0.034,0.578,4.5,10.8,7.8,31,2.2,2,16.3,30.9,6.7,4.3,11,0.177,3.1,1.4,4.4,4.8
2004/2005,43870000,57429410.46,385277,Cleveland Cavaliers,6,CLE,Ohio,East,Central,42,40,0.512,96.5,95.7,0.27,Dajuan Wagner,SG,21,2643600,3569528,11,0,9.3,1.6,5,0.327,0.5,2.4,0.192,1.2,2.6,0.448,0.373,0.3,0.4,0.75,0,0.2,0.2,1.2,0.5,0,0.8,1.4,4,102,5,0.388,0.473,0.073,0,2.4,1.2,22.1,2.6,0,13.7,29.1,-0.3,0.1,-0.2,-0.099,-4.2,-5.8,-10.1,-0.2
2004/2005,43870000,57429410.46,385277,#N/A,#N/A,TOT,#N/A,#N/A,#N/A,#N/A,#N/A,#N/A,#N/A,#N/A,#N/A,Antoine Walker,PF,28,14625000,19747450,77,77,38.4,7.5,17.9,0.422,1.4,4.4,0.323,6.1,13.5,0.455,0.462,2.6,4.8,0.539,2.4,6.7,9,3.4,1.2,0.8,3.3,2.8,19.1,2955,15.5,0.478,0.248,0.271,7,20.9,13.7,16.3,1.6,1.5,14.1,27.2,-1.4,2.3,0.9,0.015,-0.1,-0.3,-0.4,1.2
2004/2005,43870000,57429410.46,385277,Atlanta Hawks,1,ATL,Georgia,East,Southeast,13,69,0.159,92.7,102.5,-9.62,Antoine Walker,PF,28,14625000,19747450,53,53,40.2,7.9,19.1,0.415,1.6,5.1,0.317,6.3,14.1,0.45,0.457,3,5.5,0.534,2.4,7,9.4,3.7,1.2,0.6,3.5,2.8,20.4,2128,15.5,0.474,0.265,0.29,6.6,21.4,13.6,16.8,1.6,1.2,13.8,27.9,-1.1,1.3,0.2,0.004,0.1,-0.7,-0.7,0.7
2004/2005,43870000,57429410.46,385277,Boston Celtics,2,BOS,Massachusetts,East,Atlantic,45,37,0.549,101.3,100.4,0.35,Antoine Walker,PF,28,14625000,19747450,24,24,34.5,6.7,15.2,0.442,1,3,0.342,5.7,12.1,0.467,0.477,1.8,3.3,0.557,2.3,5.9,8.3,3,1,1.1,2.9,2.9,16.3,827,15.4,0.49,0.201,0.217,8.1,19.6,14,15,1.6,2.4,14.9,25.5,-0.3,1,0.7,0.041,-0.6,0.7,0.1,0.4
2004/2005,43870000,57429410.46,385277,Washington Wizards,30,WAS,Washington DC,East,Southeast,45,37,0.549,100.5,100.8,-0.71,Samaki Walker,PF,28,995046,1343563,14,0,9.6,0.8,2.2,0.355,0,0,,0.8,2.2,0.355,0.355,0.1,0.2,0.667,0.6,0.7,1.3,0.3,0.2,0.5,0.6,1.8,1.7,134,3.1,0.371,0,0.097,6.5,8.7,7.6,4.5,1.2,3.9,19.8,13.1,-0.2,0.1,-0.1,-0.047,-7,0.5,-6.6,-0.2
2004/2005,43870000,57429410.46,385277,Detroit Pistons,9,DET,Michigan,East,Central,54,28,0.659,93.3,89.5,3.31,Ben Wallace,C,30,7000000,9451771,74,74,36.1,4,8.8,0.453,0,0.1,0.111,4,8.7,0.458,0.454,1.8,4.1,0.428,3.9,8.2,12.2,1.7,1.4,2.4,1.1,2.1,9.7,2671,17.4,0.459,0.014,0.467,12.9,26.5,19.8,7.6,2.2,5,9.5,15.2,1.8,6.7,8.5,0.153,-1.5,5.4,3.8,3.9
2004/2005,43870000,57429410.46,385277,Charlotte Bobcats,4,CHA,North Carolina,East,Southeast,18,64,0.22,94.3,100.2,-6.15,Gerald Wallace,SF,22,1652453,2231229,70,68,30.7,4.1,9.1,0.449,0.2,0.9,0.274,3.8,8.2,0.468,0.462,2.7,4.1,0.661,1.7,3.8,5.5,2,1.7,1.3,2.3,2.6,11.1,2147,14.1,0.51,0.097,0.454,6,15.1,10.3,10.4,2.8,3.2,17.2,19.1,-0.2,2.7,2.4,0.055,-1.6,2.9,1.3,1.8
2004/2005,43870000,57429410.46,385277,Detroit Pistons,9,DET,Michigan,East,Central,54,28,0.659,93.3,89.5,3.31,Rasheed Wallace,PF,30,9720000,13124459,79,79,34,5.9,13.4,0.44,0.9,3,0.318,5,10.5,0.475,0.475,1.7,2.5,0.697,2.2,5.9,8.2,1.8,0.8,1.5,1.6,3,14.5,2687,16.4,0.499,0.222,0.184,7.7,20.3,14,9.8,1.3,3.2,10,22.3,2,5.1,7.1,0.127,-0.4,1.9,1.4,2.3
2004/2005,43870000,57429410.46,385277,Los Angeles Lakers,14,LAL,California,West,Pacific,34,48,0.415,98.7,101.7,-2.32,Luke Walton,SF,24,620046,837218,61,5,12.6,1.2,3,0.411,0.3,1,0.262,1,2,0.487,0.456,0.6,0.8,0.708,0.9,1.4,2.3,1.5,0.4,0.2,1,1.1,3.2,768,11.4,0.492,0.339,0.267,8.1,12.7,10.4,19.1,1.8,1,22.4,15.3,0.2,0.3,0.5,0.031,-1.5,-0.4,-1.9,0
2004/2005,43870000,57429410.46,385277,Houston Rockets,11,HOU,Texas,West,Southwest,51,31,0.622,95.1,91,4.27,Charlie Ward,PG,34,1700000,2295430,14,13,25.7,1.7,5.5,0.312,1.1,3.6,0.314,0.6,1.9,0.308,0.416,0.8,0.9,0.846,0.4,2.4,2.8,3.1,1.1,0,1.3,1.6,5.4,360,8.7,0.453,0.662,0.169,2,10.4,6.3,18.4,2.3,0,17.9,13.2,-0.1,0.5,0.5,0.061,-1.7,1.1,-0.6,0.1
2004/2005,43870000,57429410.46,385277,Memphis Grizzlies,15,MEM,Tennessee,West,Southwest,45,37,0.549,93.4,91.1,2.64,Earl Watson,PG,25,1458000,1968668,80,14,22.6,3,6.9,0.426,0.7,2,0.319,2.3,4.9,0.471,0.473,1.1,1.7,0.659,0.4,1.6,2.1,4.5,1,0.2,2.1,2.3,7.7,1808,13.1,0.5,0.294,0.249,2.3,8.5,5.4,34.2,2.5,0.8,21.4,20.4,0.1,2.2,2.3,0.062,-0.8,-0.5,-1.3,0.3
2004/2005,43870000,57429410.46,385277,Houston Rockets,11,HOU,Texas,West,Southwest,51,31,0.622,95.1,91,4.27,Clarence Weatherspoon,PF,34,5899400,7965682,40,18,13.1,1.2,2.9,0.412,0,0,,1.2,2.9,0.412,0.412,0.7,0.9,0.829,0.9,2.2,3.1,0.4,0.2,0.2,0.4,1.9,3.1,525,9,0.475,0,0.307,8,18.8,13.5,5.2,0.9,0.9,10.4,13,0.3,0.8,1.1,0.098,-4,0.8,-3.3,-0.2
2004/2005,43870000,57429410.46,385277,#N/A,#N/A,TOT,#N/A,#N/A,#N/A,#N/A,#N/A,#N/A,#N/A,#N/A,#N/A,Chris Webber,PF,31,17531250,23671623,67,67,35.4,8.3,19.1,0.433,0.2,0.7,0.341,8.1,18.5,0.436,0.438,2.7,3.4,0.794,1.9,7.2,9.1,4.7,1.4,0.8,2.7,3.2,19.5,2370,18.6,0.472,0.034,0.178,6.1,22.8,14.4,24.2,2,1.6,11.6,29.3,0.2,3.2,3.4,0.07,-0.5,1.5,1,1.8
2004/2005,43870000,57429410.46,385277,Sacramento Kings,26,SAC,California,West,Pacific,50,32,0.61,103.7,101.6,2.56,Chris Webber,PF,31,17531250,23671623,46,46,36.3,9,19.9,0.449,0.2,0.6,0.379,8.7,19.3,0.452,0.455,3.1,3.9,0.799,2,7.7,9.7,5.5,1.5,0.7,2.9,3.1,21.3,1668,20.9,0.491,0.032,0.195,6.3,23.6,15,27,2.1,1.4,11.8,30.1,1.3,2.1,3.5,0.1,1,1.6,2.6,1.9
2004/2005,43870000,57429410.46,385277,Philadelphia 76ers,23,PHI,Pennsylvania,East,Atlantic,43,39,0.524,99.1,99.9,-1.07,Chris Webber,PF,31,17531250,23671623,21,21,33.4,6.8,17.4,0.391,0.2,0.7,0.267,6.6,16.7,0.396,0.396,1.8,2.3,0.776,1.7,6.1,7.9,3.1,1.2,0.9,2.3,3.3,15.6,702,13.1,0.423,0.041,0.134,5.7,20.9,13.2,17.5,1.9,2.1,11.2,27.5,-1.1,1.1,0,-0.002,-4.1,1.3,-2.8,-0.1
2004/2005,43870000,57429410.46,385277,Memphis Grizzlies,15,MEM,Tennessee,West,Southwest,45,37,0.549,93.4,91.1,2.64,Bonzi Wells,SG,28,7700000,10396948,69,19,21.6,3.9,8.9,0.441,0.5,1.5,0.346,3.4,7.4,0.46,0.47,2,2.7,0.75,0.7,2.6,3.3,1.2,1.2,0.4,1.3,2.4,10.4,1489,15.9,0.515,0.169,0.305,4,14.4,9.2,10.2,3.1,1.4,11.4,25,0.6,2.5,3.1,0.1,-1.1,0.8,-0.3,0.6
2004/2005,43870000,57429410.46,385277,#N/A,#N/A,TOT,#N/A,#N/A,#N/A,#N/A,#N/A,#N/A,#N/A,#N/A,#N/A,Jiri Welsch,SG-SF,25,1419240,1916333,71,32,18.5,2.1,5.2,0.402,0.5,1.5,0.309,1.6,3.7,0.441,0.447,1.8,2.4,0.763,0.4,2,2.4,1.5,0.6,0.1,1,1.7,6.5,1317,10.9,0.518,0.296,0.456,2.3,12.3,7.4,12,1.7,0.3,14.1,17.7,0.6,1,1.7,0.061,-1.5,-1.2,-2.7,-0.2
2004/2005,43870000,57429410.46,385277,Boston Celtics,2,BOS,Massachusetts,East,Atlantic,45,37,0.549,101.3,100.4,0.35,Jiri Welsch,SG,25,1419240,1916333,55,32,20.5,2.5,5.8,0.428,0.6,1.8,0.323,1.9,4,0.475,0.478,2,2.6,0.773,0.4,2.2,2.5,1.5,0.7,0.1,1.1,1.9,7.5,1125,12.1,0.543,0.309,0.441,2.1,12.1,7.2,11.6,1.8,0.3,13.2,17.6,1,0.9,1.9,0.083,-0.7,-1.1,-1.8,0.1
2004/2005,43870000,57429410.46,385277,Cleveland Cavaliers,6,CLE,Ohio,East,Central,42,40,0.512,96.5,95.7,0.27,Jiri Welsch,SF,25,1419240,1916333,16,0,12,0.8,3.2,0.235,0.1,0.7,0.182,0.6,2.5,0.25,0.255,1.3,1.8,0.714,0.4,1.4,1.8,1.2,0.3,0,0.9,1,2.9,192,4.3,0.363,0.216,0.549,3.6,13.8,8.6,14.3,1.4,0,19.2,18.4,-0.4,0.2,-0.3,-0.064,-6.5,-1.5,-8,-0.3
2004/2005,43870000,57429410.46,385277,#N/A,#N/A,TOT,#N/A,#N/A,#N/A,#N/A,#N/A,#N/A,#N/A,#N/A,#N/A,David Wesley,SG,34,4455000,6015377,80,79,34.7,4.2,10.5,0.398,1.5,3.9,0.375,2.7,6.6,0.411,0.468,2,2.4,0.857,0.5,2.4,2.9,3.3,1.2,0.1,1.4,2.7,11.9,2774,11.8,0.513,0.375,0.225,1.6,8,4.8,16.5,1.9,0.3,10.9,17.5,2.3,2.8,5.2,0.089,0.3,0.1,0.4,1.6
2004/2005,43870000,57429410.46,385277,New Orleans Hornets,19,NOH,Louisiana,West,Southwest,18,64,0.22,88.4,95.5,-6.3,David Wesley,SG,34,4455000,6015377,26,26,35.9,5.1,13.2,0.389,1.1,3.1,0.35,4,10.1,0.401,0.43,2.6,2.9,0.882,0.5,2.8,3.3,4.2,1.3,0,2.1,2.5,13.9,934,12.2,0.481,0.234,0.222,1.5,9.7,5.4,21.6,2.1,0.1,12.6,21.4,0.1,0.6,0.7,0.038,-0.8,-1,-1.8,0
2004/2005,43870000,57429410.46,385277,Houston Rockets,11,HOU,Texas,West,Southwest,51,31,0.622,95.1,91,4.27,David Wesley,SG,34,4455000,6015377,54,53,34.1,3.7,9.2,0.404,1.7,4.4,0.383,2.1,4.9,0.422,0.494,1.8,2.1,0.841,0.5,2.2,2.6,2.9,1.1,0.1,1.1,2.8,10.9,1840,11.6,0.536,0.472,0.227,1.7,7.2,4.5,14,1.8,0.3,9.7,15.5,2.2,2.2,4.4,0.115,0.9,0.6,1.5,1.6
2004/2005,43870000,57429410.46,385277,New Orleans Hornets,19,NOH,Louisiana,West,Southwest,18,64,0.22,88.4,95.5,-6.3,David West,SF,24,1247160,1683981,30,8,18.4,2.5,5.7,0.436,0.1,0.2,0.4,2.4,5.6,0.437,0.442,1.1,1.7,0.68,1.3,3,4.3,0.8,0.4,0.5,1.2,2.1,6.2,552,11.1,0.479,0.029,0.291,8.2,19.9,13.8,7.6,1.2,2.3,16,19.4,-0.3,0.6,0.2,0.022,-4.7,0.2,-4.6,-0.4
2004/2005,43870000,57429410.46,385277,Boston Celtics,2,BOS,Massachusetts,East,Atlantic,45,37,0.549,101.3,100.4,0.35,Delonte West,SG,21,939480,1268535,39,7,13,1.7,4,0.426,0.6,1.7,0.358,1.1,2.3,0.477,0.503,0.5,0.7,0.704,0.4,1.3,1.7,1.4,0.5,0.2,0.6,1.8,4.5,507,12.3,0.524,0.432,0.174,3.3,11.5,7.5,16.4,2.1,1.2,12.6,17,0.5,0.5,0.9,0.09,0.1,-0.7,-0.6,0.2
2004/2005,43870000,57429410.46,385277,Charlotte Bobcats,4,CHA,North Carolina,East,Southeast,18,64,0.22,94.3,100.2,-6.15,Jahidi White,C,28,6166466,8326289,17,0,7.9,0.8,1.8,0.452,0,0,,0.8,1.8,0.452,0.452,0.8,2.4,0.35,0.6,1.4,2,0.1,0.1,0.7,0.6,1.8,2.5,135,6.8,0.432,0,1.29,8.8,20.6,14.4,1.2,0.8,6.7,18.5,19.6,-0.3,0.2,-0.1,-0.046,-8.5,0,-8.5,-0.2
2004/2005,43870000,57429410.46,385277,#N/A,#N/A,TOT,#N/A,#N/A,#N/A,#N/A,#N/A,#N/A,#N/A,#N/A,#N/A,Rodney White,SF,24,1797845,2427545,58,2,11.7,2.1,5,0.419,0.4,1,0.4,1.7,3.9,0.424,0.46,0.5,0.8,0.614,0.4,1.1,1.5,0.8,0.6,0.2,0.6,1.1,5.1,677,12.3,0.475,0.208,0.152,4,11,7.5,11.1,2.4,1.2,10.7,22.7,-0.3,0.8,0.5,0.038,-2.5,-1,-3.5,-0.3
2004/2005,43870000,57429410.46,385277,Denver Nuggets,8,DEN,Colorado,West,Northwest,49,33,0.598,99.5,97.5,2.23,Rodney White,SF,24,1797845,2427545,42,2,12.6,2.3,5.4,0.432,0.5,1,0.432,1.9,4.4,0.432,0.474,0.5,0.8,0.618,0.5,1.3,1.8,0.9,0.7,0.2,0.6,1.2,5.6,531,14,0.488,0.194,0.15,4.4,11.7,8,11.6,2.9,1.4,10,22.6,0,0.7,0.7,0.068,-1.6,-0.3,-1.9,0
2004/2005,43870000,57429410.46,385277,Golden State Warriors,10,GSW,California,West,Pacific,34,48,0.415,98.7,100.9,-1.74,Rodney White,SF,24,1797845,2427545,16,0,9.1,1.4,3.9,0.371,0.3,1,0.313,1.1,2.9,0.391,0.411,0.4,0.6,0.6,0.3,0.7,0.9,0.5,0.1,0.1,0.6,0.8,3.6,146,6.2,0.429,0.258,0.161,2.8,8.6,5.6,9.1,0.7,0.5,13.1,23.1,-0.3,0.1,-0.2,-0.069,-5.8,-3.6,-9.4,-0.3
2004/2005,43870000,57429410.46,385277,Los Angeles Clippers,13,LAC,California,West,Pacific,37,45,0.451,95.7,96.5,-0.47,Chris Wilcox,C,22,2210880,2985247,54,25,18.6,3.1,6.1,0.514,0,0,,3.1,6.1,0.514,0.514,1.6,2.7,0.611,1.2,3.1,4.2,0.7,0.5,0.4,1.4,2.4,7.9,1005,13.6,0.543,0,0.438,7.8,19.1,13.6,6.7,1.4,1.8,16.4,21.6,0.2,1.1,1.3,0.064,-2.7,-0.7,-3.4,-0.4
2004/2005,43870000,57429410.46,385277,Seattle SuperSonics,21,SEA,Washington,West,Northwest,52,30,0.634,98.9,96.6,2.59,Damien Wilkins,SF,25,385277,520221,29,7,17.9,2.5,5.8,0.435,0.6,2,0.271,2,3.8,0.523,0.482,0.7,1.2,0.618,1,1.3,2.3,0.9,0.8,0.3,0.6,1.9,6.3,520,13.4,0.5,0.351,0.202,6.9,8.7,7.8,8.5,2.3,1.5,8,17.7,0.7,0.3,1,0.092,1.1,-0.2,0.9,0.4
2004/2005,43870000,57429410.46,385277,San Antonio Spurs,27,SAS,Texas,West,Southwest,59,23,0.72,96.2,88.4,7.84,Mike Wilks,PG,25,1440092,1944488,48,0,5.8,0.7,1.6,0.416,0.1,0.3,0.313,0.6,1.3,0.443,0.448,0.3,0.3,0.75,0.1,0.4,0.5,0.7,0.3,0,0.3,0.5,1.7,278,11,0.482,0.208,0.208,1.7,8.8,5.3,19.1,2.7,0.3,14.3,16.4,0.1,0.5,0.6,0.099,-2.7,0.5,-2.2,0
2004/2005,43870000,57429410.46,385277,#N/A,#N/A,TOT,#N/A,#N/A,#N/A,#N/A,#N/A,#N/A,#N/A,#N/A,#N/A,Aaron Williams,C,33,3790257,5117806,42,4,7.5,0.7,1.5,0.46,0,0,,0.7,1.5,0.46,0.46,0.4,0.4,0.882,0.4,1,1.4,0.2,0.1,0.2,0.4,1.7,1.7,315,5.9,0.518,0,0.27,6.2,16.3,11.1,4.2,0.8,2,19.4,12.9,-0.1,0.3,0.3,0.039,-5.7,-0.3,-6,-0.3
2004/2005,43870000,57429410.46,385277,New Jersey Nets,3,NJN,New Jersey,East,Atlantic,42,40,0.512,91.4,92.9,-1.82,Aaron Williams,C,33,3790257,5117806,19,0,7.9,0.7,1.4,0.519,0,0,,0.7,1.4,0.519,0.519,0.5,0.5,0.9,0.4,1.3,1.6,0.3,0.2,0.3,0.6,1.3,1.9,150,8.9,0.589,0,0.37,5.5,19.5,12.4,6.7,1.4,2.7,25.9,13.3,0,0.2,0.2,0.073,-5.8,1.5,-4.3,-0.1
2004/2005,43870000,57429410.46,385277,Toronto Raptors,28,TOR,Ontario,East,Atlantic,33,49,0.402,99.7,101.4,-1.81,Aaron Williams,C,33,3790257,5117806,23,4,7.2,0.7,1.6,0.417,0,0,,0.7,1.6,0.417,0.417,0.3,0.3,0.857,0.4,0.8,1.3,0.1,0,0.1,0.3,2,1.6,165,3.3,0.461,0,0.194,6.7,13.3,9.9,1.9,0.3,1.3,13.3,12.5,0,0.1,0,0.008,-5.6,-1.9,-7.5,-0.2
2004/2005,43870000,57429410.46,385277,#N/A,#N/A,TOT,#N/A,#N/A,#N/A,#N/A,#N/A,#N/A,#N/A,#N/A,#N/A,Eric Williams,SG,32,3580000,4833905,55,39,24,2.6,6,0.43,0.5,1.3,0.384,2.1,4.7,0.444,0.473,2,2.9,0.696,0.8,2.3,3.1,1.7,0.7,0.1,1.1,2.7,7.7,1322,10.7,0.529,0.221,0.488,3.9,11.5,7.6,11.3,1.5,0.2,13,16.2,0.9,1.1,2.1,0.075,-1.5,-0.3,-1.9,0
2004/2005,43870000,57429410.46,385277,New Jersey Nets,3,NJN,New Jersey,East,Atlantic,42,40,0.512,91.4,92.9,-1.82,Eric Williams,SG,32,3580000,4833905,21,21,35.2,4.1,8.8,0.47,0.8,1.9,0.425,3.3,6.9,0.483,0.516,3.5,5.1,0.685,1.3,3.2,4.5,2,0.8,0.1,1.6,3.8,12.6,739,11.9,0.57,0.216,0.584,4.5,11.1,7.7,9.9,1.2,0.2,12.8,16.9,0.9,0.7,1.7,0.107,-0.7,-0.4,-1.1,0.2
2004/2005,43870000,57429410.46,385277,Toronto Raptors,28,TOR,Ontario,East,Atlantic,33,49,0.402,99.7,101.4,-1.81,Eric Williams,SG,32,3580000,4833905,34,18,17.1,1.6,4.3,0.379,0.3,1,0.333,1.3,3.3,0.393,0.417,1.1,1.6,0.717,0.5,1.8,2.3,1.5,0.6,0.1,0.8,2,4.7,583,9.1,0.472,0.228,0.366,3.1,12.1,7.5,13.2,2,0.2,13.4,15.2,0,0.4,0.4,0.034,-2.5,-0.3,-2.8,-0.1
2004/2005,43870000,57429410.46,385277,Chicago Bulls,5,CHI,Illinois,East,Central,47,35,0.573,94.5,93.4,0.65,Frank Williams,SG,24,957480,1292840,9,0,7.9,0.3,2.2,0.15,0,0.4,0,0.3,1.8,0.188,0.15,0,0,,0.2,0.4,0.7,1.2,0.2,0.3,0.3,1,0.7,71,0.3,0.15,0.2,0,3.2,6.3,4.7,22.9,1.5,3.2,13,14.5,-0.3,0.1,-0.2,-0.102,-9.1,1.5,-7.6,-0.1
2004/2005,43870000,57429410.46,385277,Memphis Grizzlies,15,MEM,Tennessee,West,Southwest,45,37,0.549,93.4,91.1,2.64,Jason Williams,PG,29,6875000,9282989,71,68,27.5,3.7,9.1,0.413,1.5,4.6,0.324,2.2,4.4,0.506,0.496,1.1,1.4,0.792,0.3,1.5,1.7,5.6,1.1,0.1,1.8,1.3,10.1,1952,15.4,0.522,0.512,0.157,1.2,6.3,3.7,35.6,2.1,0.2,15.9,19.8,2.5,1.9,4.3,0.106,1.9,-2.4,-0.5,0.8
2004/2005,43870000,57429410.46,385277,New York Knicks,20,NYK,New York,East,Atlantic,33,49,0.402,97.3,99.7,-2.72,Jerome Williams,SF,31,6187500,8354690,79,4,15.3,1.5,3.1,0.502,0,0.1,0,1.5,3,0.513,0.502,1.5,2.2,0.669,1.5,2.1,3.6,0.5,0.7,0.1,0.8,2,4.5,1211,13.2,0.563,0.021,0.708,11.1,16.4,13.7,5.2,2.4,0.6,16.9,14.5,1.5,1.1,2.6,0.102,-1.2,0.3,-0.9,0.3
2004/2005,43870000,57429410.46,385277,Milwaukee Bucks,17,MIL,Wisconsin,East,Central,30,52,0.366,97.2,100.2,-3.09,Maurice Williams,PG,22,1600000,2160404,80,80,28.2,4,9.2,0.438,0.4,1.2,0.323,3.6,8,0.456,0.46,1.7,2,0.85,0.6,2.4,3.1,6.1,0.9,0.1,2.5,2.8,10.2,2254,14.1,0.504,0.134,0.217,2.6,10.2,6.4,35.4,1.7,0.4,19.5,20.3,1.2,1,2.2,0.046,0.2,-1.4,-1.2,0.4
2004/2005,43870000,57429410.46,385277,Cleveland Cavaliers,6,CLE,Ohio,East,Central,42,40,0.512,96.5,95.7,0.27,Scott Williams,C,36,1600000,2160404,19,0,8,0.6,2.2,0.293,0,0.1,0,0.6,2.1,0.3,0.293,0.5,0.6,0.818,0.8,0.8,1.6,0.4,0.2,0.3,0.3,1.6,1.7,152,6.8,0.36,0.024,0.268,11.4,11.9,11.6,7.8,1.4,2.9,9.8,15.1,-0.1,0.2,0.1,0.025,-4.5,0.2,-4.3,-0.1
2004/2005,43870000,57429410.46,385277,#N/A,#N/A,TOT,#N/A,#N/A,#N/A,#N/A,#N/A,#N/A,#N/A,#N/A,#N/A,Corliss Williamson,PF,31,5500000,7426391,72,9,21.2,3.8,8.1,0.467,0,0,0,3.8,8.1,0.469,0.467,2.7,3.4,0.799,1.4,2.2,3.6,1.1,0.5,0.2,1.2,3,10.3,1527,14.7,0.536,0.003,0.418,7.6,11.5,9.5,8.6,1.3,0.8,11.1,22.6,2,1.2,3.3,0.103,-1.7,-1.8,-3.4,-0.6
2004/2005,43870000,57429410.46,385277,Philadelphia 76ers,23,PHI,Pennsylvania,East,Atlantic,43,39,0.524,99.1,99.9,-1.07,Corliss Williamson,PF,31,5500000,7426391,48,5,22,4,8.7,0.465,0,0,0,4,8.6,0.467,0.465,2.7,3.4,0.788,1.5,2.2,3.7,0.9,0.5,0.3,1.3,3,10.8,1056,14.4,0.529,0.005,0.396,7.7,11.3,9.5,7.3,1.2,0.9,10.9,23,1.1,1,2.1,0.094,-2.2,-1.7,-3.8,-0.5
2004/2005,43870000,57429410.46,385277,Sacramento Kings,26,SAC,California,West,Pacific,50,32,0.61,103.7,101.6,2.56,Corliss Williamson,PF,31,5500000,7426391,24,4,19.6,3.3,7,0.473,0,0,,3.3,7,0.473,0.473,2.7,3.3,0.823,1.3,2.1,3.4,1.5,0.5,0.1,1.1,3.1,9.3,471,15.4,0.553,0,0.473,7.4,11.9,9.6,11.6,1.3,0.4,11.4,21.5,0.9,0.3,1.2,0.122,-0.5,-2.1,-2.6,-0.1
2004/2005,43870000,57429410.46,385277,Atlanta Hawks,1,ATL,Georgia,East,Southeast,13,69,0.159,92.7,102.5,-9.62,Kevin Willis,C,42,1300000,1755328,29,5,11.9,1.2,3.1,0.389,0,0.1,0,1.2,3,0.398,0.389,0.6,0.8,0.739,1,1.6,2.6,0.3,0.3,0.2,0.5,1.8,3,344,8,0.434,0.022,0.256,9.3,16.8,12.9,4.1,1.2,1.6,13,15,-0.1,0.1,0,0.004,-5,-1.8,-6.8,-0.4
2004/2005,43870000,57429410.46,385277,Toronto Raptors,28,TOR,Ontario,East,Atlantic,33,49,0.402,99.7,101.4,-1.81,Loren Woods,C,26,755000,1019441,45,30,15.8,1.6,3.6,0.433,0,0,0,1.6,3.6,0.436,0.433,0.8,1.3,0.576,1.8,3.1,4.9,0.4,0.2,0.9,0.8,1.7,3.9,712,11.3,0.463,0.006,0.36,12.6,22.5,17.5,3.7,0.6,4,16.3,14.6,0,0.7,0.7,0.048,-4.5,0.6,-3.9,-0.4
2004/2005,43870000,57429410.46,385277,Miami Heat,16,MIA,Florida,East,Southeast,59,23,0.72,101.5,95,5.77,Qyntel Woods,SF,23,1127280,1522113,3,0,13.3,1.7,4,0.417,0,0,,1.7,4,0.417,0.417,0,0,,0.7,1.3,2,0,1.3,0,0.7,2,3.3,40,7.7,0.417,0,0,6.1,11.2,8.8,0,5.3,0,14.3,16.3,-0.1,0.1,0,0.024,-6.2,0,-6.3,0
2004/2005,43870000,57429410.46,385277,Indiana Pacers,12,IND,Indiana,East,Central,44,38,0.537,93,92.2,0.49,Metta World Peace,SF,25,6157895,8314716,7,7,41.6,8.4,17,0.496,1,2.4,0.412,7.4,14.6,0.51,0.525,6.7,7.3,0.922,1.1,5.3,6.4,3.1,1.7,0.9,2.4,3.9,24.6,291,23.5,0.608,0.143,0.429,3.3,14.9,9.2,16.2,2.3,1.6,10.7,26.1,0.9,0.4,1.3,0.219,3.3,0.7,4,0.4
2004/2005,43870000,57429410.46,385277,Miami Heat,16,MIA,Florida,East,Southeast,59,23,0.72,101.5,95,5.77,Dorell Wright,SF,19,1152240,1555815,3,0,9,1,3.7,0.273,0,1.3,0,1,2.3,0.429,0.273,0.3,0.3,1,0,0.3,0.3,1,1.3,0,1,0.7,2.3,27,5.2,0.306,0.364,0.091,0,4.2,2.2,16.7,7.8,0,20.8,24.9,-0.1,0.1,-0.1,-0.134,-7.9,1.7,-6.3,0
2004/2005,43870000,57429410.46,385277,Memphis Grizzlies,15,MEM,Tennessee,West,Southwest,45,37,0.549,93.4,91.1,2.64,Lorenzen Wright,C,29,7150000,9654309,80,77,28.6,4,8.5,0.469,0,0,0,4,8.5,0.471,0.469,1.6,2.5,0.662,2.2,5.5,7.7,1.1,0.7,0.9,1.3,3.1,9.6,2287,13.9,0.501,0.004,0.29,9.3,22.8,16.1,6.7,1.4,2.4,11.5,17.9,1.3,3.8,5.2,0.108,-2.4,1.8,-0.6,0.8
2004/2005,43870000,57429410.46,385277,Miami Heat,16,MIA,Florida,East,Southeast,59,23,0.72,101.5,95,5.77,Wang Zhizhi,C,27,745046,1006000,20,0,4.6,0.9,1.8,0.472,0.1,0.2,0.667,0.8,1.7,0.455,0.5,0.4,0.6,0.583,0.3,0.6,0.9,0.3,0.2,0.1,0.3,0.5,2.2,92,16.3,0.521,0.083,0.333,7.9,14.6,11.4,9.2,1.7,1.6,10.8,23.4,0.1,0.1,0.2,0.114,-1.8,-1.2,-3,0
